% start	end	CellId	IMSI	RNTI	LCID	nTxPDUs	TxBytes	nRxPDUs	RxBytes	delay	stdDev	min	max	PduSize	stdDev	min	max
0.4	5.4	45	2	3	3	4	240	4	240	0.00475	0.0035	0.003	0.01	60	0	60	60	
0.4	5.4	34	3	8	3	2	120	2	120	0.003	0	0.003	0.003	60	0	60	60	
0.4	5.4	52	4	32	3	2	120	2	120	0.003	0	0.003	0.003	60	0	60	60	
0.4	5.4	37	6	14	3	3	180	3	180	0.003	0	0.003	0.003	60	0	60	60	
0.4	5.4	35	7	5	3	818	2271122	818	2271122	0.00313692	0.000969968	0.003	0.01	2776.43	1712.67	60	9422	
0.4	5.4	53	9	3	3	1	60	1	60	0.003	0	0.003	0.003	60	0	60	60	
0.4	5.4	39	13	13	3	2	120	2	120	0.003	0	0.003	0.003	60	0	60	60	
0.4	5.4	41	15	9	3	2	120	2	120	0.003	0	0.003	0.003	60	0	60	60	
0.4	5.4	6	16	1	3	549	1325744	549	1325744	0.00370127	0.00210362	0.003	0.01	2414.83	1367.68	60	9422	
0.4	5.4	45	17	11	3	252	1496740	252	1496740	0.003	0	0.003	0.003	5939.44	2884.63	45	9422	
0.4	5.4	57	18	7	3	37	108991	36	101301	0.003	0	0.003	0.003	2813.92	1764.54	60	7099	
0.4	5.4	41	19	19	3	1	60	1	60	0.003	0	0.003	0.003	60	0	60	60	
0.4	5.4	15	20	7	3	396	716135	394	712584	0.00470558	0.00300883	0.003	0.01	1808.59	843.586	60	6882	
0.4	5.4	45	21	1	3	6	360	6	360	0.00533333	0.00361478	0.003	0.01	60	0	60	60	
0.4	5.4	39	22	11	3	1	60	1	60	0.003	0	0.003	0.003	60	0	60	60	
0.4	5.4	30	23	6	3	2	120	2	120	0.0065	0.00494975	0.003	0.01	60	0	60	60	
0.4	5.4	39	24	9	3	1	60	1	60	0.003	0	0.003	0.003	60	0	60	60	
0.4	5.4	20	25	5	3	1	60	1	60	0.01	0	0.01	0.01	60	0	60	60	
0.4	5.4	10	26	6	3	892	3924176	892	3924176	0.00305493	0.000618013	0.003	0.01	4399.3	1710.31	56	8873	
0.4	5.4	43	29	8	3	3	180	3	180	0.00766667	0.00404145	0.003	0.01	60	0	60	60	
0.4	5.4	46	30	2	3	6	360	6	360	0.003	0	0.003	0.003	60	0	60	60	
0.4	5.4	57	33	9	3	330	698379	330	698379	0.00395454	0.00240587	0.003	0.01	2116.3	1240.24	60	9422	
0.4	5.4	37	34	2	3	2	120	2	120	0.003	0	0.003	0.003	60	0	60	60	
0.4	5.4	52	36	8	3	1	60	1	60	0.003	0	0.003	0.003	60	0	60	60	
0.4	5.4	19	40	2	3	2	120	2	120	0.003	0	0.003	0.003	60	0	60	60	
0.4	5.4	6	41	5	3	153	396845	153	396845	0.003	0	0.003	0.003	2593.76	1650.82	60	9422	
0.4	5.4	25	42	3	3	108	455190	108	455190	0.003	0	0.003	0.003	4214.72	2845.75	45	9422	
0.4	5.4	15	43	3	3	145	781660	145	781660	0.003	0	0.003	0.003	5390.76	3400.58	45	9422	
0.4	5.4	56	44	3	3	1	60	1	60	0.003	0	0.003	0.003	60	0	60	60	
0.4	5.4	18	46	3	3	1	60	1	60	0.003	0	0.003	0.003	60	0	60	60	
0.4	5.4	39	47	15	3	5	300	5	300	0.0044	0.0031305	0.003	0.01	60	0	60	60	
0.4	5.4	41	48	27	3	1	60	1	60	0.01	0	0.01	0.01	60	0	60	60	
0.4	5.4	37	49	27	3	1	60	1	60	0.003	0	0.003	0.003	60	0	60	60	
0.4	5.4	52	50	42	3	2	120	2	120	0.003	0	0.003	0.003	60	0	60	60	
0.4	5.4	36	51	4	3	7	420	7	420	0.005	0.00341565	0.003	0.01	60	0	60	60	
0.4	5.4	31	54	6	3	113	429794	112	423878	0.003	0	0.003	0.003	3784.62	3368.84	45	9422	
0.4	5.4	21	55	14	3	1	60	1	60	0.01	0	0.01	0.01	60	0	60	60	
0.4	5.4	35	56	10	3	3	712	3	712	0.003	0	0.003	0.003	237.333	307.15	60	592	
0.4	5.4	52	57	30	3	3	180	3	180	0.00533333	0.00404145	0.003	0.01	60	0	60	60	
0.4	5.4	41	58	22	3	1	60	1	60	0.003	0	0.003	0.003	60	0	60	60	
0.4	5.4	52	59	46	3	4	240	4	240	0.00475	0.0035	0.003	0.01	60	0	60	60	
0.4	5.4	28	63	7	3	3	180	3	180	0.00766667	0.00404145	0.003	0.01	60	0	60	60	
0.4	5.4	51	67	4	3	2	120	2	120	0.003	0	0.003	0.003	60	0	60	60	
0.4	5.4	45	69	10	3	3	180	3	180	0.00766667	0.00404145	0.003	0.01	60	0	60	60	
0.4	5.4	34	70	22	3	1	592	1	592	0.003	0	0.003	0.003	592	0	592	592	
0.4	5.4	8	73	10	3	1	60	1	60	0.003	0	0.003	0.003	60	0	60	60	
0.4	5.4	53	75	1	3	81	342091	81	342091	0.003	0	0.003	0.003	4223.35	2641.02	45	9422	
0.4	5.4	34	77	4	3	2	120	2	120	0.003	0	0.003	0.003	60	0	60	60	
0.4	5.4	50	78	16	3	3	180	3	180	0.00533333	0.00404145	0.003	0.01	60	0	60	60	
0.4	5.4	26	81	7	3	1	60	1	60	0.003	0	0.003	0.003	60	0	60	60	
0.4	5.4	41	88	31	3	6	360	6	360	0.003	0	0.003	0.003	60	0	60	60	
0.4	5.4	55	89	18	3	3	180	3	180	0.003	0	0.003	0.003	60	0	60	60	
0.4	5.4	50	93	1	3	5	300	5	300	0.0044	0.0031305	0.003	0.01	60	0	60	60	
0.4	5.4	39	94	19	3	1	60	1	60	0.003	0	0.003	0.003	60	0	60	60	
0.4	5.4	4	95	8	3	1	60	1	60	0.01	0	0.01	0.01	60	0	60	60	
0.4	5.4	32	97	4	3	218	714323	218	714323	0.00328899	0.00139584	0.003	0.01	3276.71	2779.48	60	9422	
0.4	5.4	6	101	15	3	1	60	1	60	0.01	0	0.01	0.01	60	0	60	60	
0.4	5.4	47	103	2	3	1	60	1	60	0.01	0	0.01	0.01	60	0	60	60	
0.4	5.4	26	104	6	3	2	120	2	120	0.0065	0.00494975	0.003	0.01	60	0	60	60	
0.4	5.4	37	105	3	3	1263	2314176	1263	2314176	0.00322724	0.00124106	0.003	0.01	1832.29	1235.62	60	9422	
0.4	5.4	55	106	1	3	225	474646	225	474646	0.00365333	0.00204083	0.003	0.01	2109.54	1297.13	60	9422	
0.4	5.4	54	108	1	3	1	60	1	60	0.003	0	0.003	0.003	60	0	60	60	
0.4	5.4	17	109	9	3	2	120	2	120	0.01	0	0.01	0.01	60	0	60	60	
0.4	5.4	39	111	20	3	2	120	2	120	0.003	0	0.003	0.003	60	0	60	60	
0.4	5.4	54	113	8	3	2	120	2	120	0.0065	0.00494975	0.003	0.01	60	0	60	60	
0.4	5.4	3	114	1	3	475	1533098	475	1533098	0.00329474	0.00140729	0.003	0.01	3227.57	1607.33	60	9422	
0.4	5.4	25	115	1	3	1	60	1	60	0.01	0	0.01	0.01	60	0	60	60	
0.4	5.4	52	116	21	3	581	897310	581	897310	0.00308434	0.000764365	0.003	0.01	1544.42	651.401	60	4395	
0.4	5.4	52	117	23	3	1	60	1	60	0.003	0	0.003	0.003	60	0	60	60	
0.4	5.4	43	118	5	3	2	120	2	120	0.003	0	0.003	0.003	60	0	60	60	
0.4	5.4	7	119	6	3	4	240	4	240	0.003	0	0.003	0.003	60	0	60	60	
0.4	5.4	28	120	11	3	98	448684	98	448684	0.003	0	0.003	0.003	4578.41	3410.05	45	9422	
0.4	5.4	52	121	2	3	721	1005669	721	1005669	0.00323301	0.00125657	0.003	0.01	1394.83	492.169	60	5324	
0.4	5.4	19	122	4	3	5	300	5	300	0.0044	0.0031305	0.003	0.01	60	0	60	60	
0.4	5.4	38	124	9	3	2	120	2	120	0.01	0	0.01	0.01	60	0	60	60	
0.4	5.4	15	126	8	3	2	120	2	120	0.0065	0.00494975	0.003	0.01	60	0	60	60	
0.4	5.4	37	127	26	3	2	120	2	120	0.003	0	0.003	0.003	60	0	60	60	
0.4	5.4	22	128	5	3	1	60	1	60	0.003	0	0.003	0.003	60	0	60	60	
0.4	5.4	39	129	8	3	1	60	1	60	0.01	0	0.01	0.01	60	0	60	60	
0.4	5.4	40	130	8	3	231	332293	231	332293	0.00639394	0.00350599	0.003	0.01	1438.5	1291.16	60	9422	
0.4	5.4	54	131	9	3	1	60	1	60	0.01	0	0.01	0.01	60	0	60	60	
0.4	5.4	39	132	23	3	1	60	1	60	0.003	0	0.003	0.003	60	0	60	60	
0.4	5.4	37	134	30	3	1	60	1	60	0.003	0	0.003	0.003	60	0	60	60	
0.4	5.4	50	136	6	3	2	120	2	120	0.0065	0.00494975	0.003	0.01	60	0	60	60	
0.4	5.4	33	139	8	3	1	60	1	60	0.01	0	0.01	0.01	60	0	60	60	
0.4	5.4	2	141	2	3	2	120	2	120	0.003	0	0.003	0.003	60	0	60	60	
0.4	5.4	1	142	12	3	2	120	2	120	0.0065	0.00494975	0.003	0.01	60	0	60	60	
0.4	5.4	22	143	2	3	2	120	2	120	0.0065	0.00494975	0.003	0.01	60	0	60	60	
0.4	5.4	37	144	20	3	2	120	2	120	0.003	0	0.003	0.003	60	0	60	60	
0.4	5.4	39	146	22	3	3	180	3	180	0.003	0	0.003	0.003	60	0	60	60	
0.4	5.4	37	148	23	3	1	60	1	60	0.003	0	0.003	0.003	60	0	60	60	
0.4	5.4	17	150	4	3	5	300	5	300	0.0058	0.00383406	0.003	0.01	60	0	60	60	
0.4	5.4	2	153	9	3	1	60	1	60	0.003	0	0.003	0.003	60	0	60	60	
0.4	5.4	16	154	2	3	263	584848	263	584848	0.00568821	0.00341105	0.003	0.01	2223.76	1538.08	60	9422	
0.4	5.4	41	156	8	3	4	240	4	240	0.003	0	0.003	0.003	60	0	60	60	
0.4	5.4	28	157	3	3	2	120	2	120	0.003	0	0.003	0.003	60	0	60	60	
0.4	5.4	38	158	2	3	2	120	2	120	0.0065	0.00494975	0.003	0.01	60	0	60	60	
0.4	5.4	57	160	5	3	2	120	2	120	0.0065	0.00494975	0.003	0.01	60	0	60	60	
0.4	5.4	27	162	2	3	50	210139	50	210139	0.003	0	0.003	0.003	4202.78	2996.16	45	9422	
0.4	5.4	52	163	9	3	1	60	1	60	0.003	0	0.003	0.003	60	0	60	60	
0.4	5.4	28	165	5	3	3	180	3	180	0.003	0	0.003	0.003	60	0	60	60	
0.4	5.4	44	166	8	3	2	120	2	120	0.0065	0.00494975	0.003	0.01	60	0	60	60	
0.4	5.4	6	168	7	3	812	1714642	812	1714642	0.00461207	0.00298967	0.003	0.017	2111.63	1379.42	60	9422	
0.4	5.4	52	169	15	3	2	120	2	120	0.0065	0.00494975	0.003	0.01	60	0	60	60	
0.4	5.4	8	170	4	3	528	762359	528	762359	0.003	0	0.003	0.003	1443.86	563.938	60	9422	
0.4	5.4	22	171	14	3	1028	1614656	1026	1612288	0.00491715	0.00312316	0.003	0.01	1571.43	657.341	60	9422	
0.4	5.4	39	172	2	3	4	240	4	240	0.0065	0.00404145	0.003	0.01	60	0	60	60	
0.4	5.4	55	175	12	3	1	60	1	60	0.01	0	0.01	0.01	60	0	60	60	
0.4	5.4	41	176	20	3	2	120	2	120	0.003	0	0.003	0.003	60	0	60	60	
0.4	5.4	24	178	6	3	2	120	2	120	0.003	0	0.003	0.003	60	0	60	60	
0.4	5.4	2	179	8	3	2	120	2	120	0.003	0	0.003	0.003	60	0	60	60	
0.4	5.4	6	180	2	3	212	396739	212	396739	0.00484906	0.00309346	0.003	0.01	1871.41	1371.26	60	9422	
0.4	5.4	23	181	6	3	449	898022	449	898022	0.00630512	0.00349847	0.003	0.01	2000.05	1777.61	60	9422	
0.4	5.4	22	183	1	3	2	120	2	120	0.003	0	0.003	0.003	60	0	60	60	
0.4	5.4	16	184	4	3	3	180	3	180	0.003	0	0.003	0.003	60	0	60	60	
0.4	5.4	6	185	3	3	78	116717	78	116717	0.003	0	0.003	0.003	1496.37	955.509	60	4395	
0.4	5.4	30	186	3	3	552	1208563	552	1208563	0.00364674	0.00202888	0.003	0.01	2189.43	1075.58	60	9422	
0.4	5.4	8	189	9	3	2	120	2	120	0.003	0	0.003	0.003	60	0	60	60	
0.4	5.4	2	191	12	3	3	180	3	180	0.00533333	0.00404145	0.003	0.01	60	0	60	60	
0.4	5.4	20	194	6	3	1	60	1	60	0.01	0	0.01	0.01	60	0	60	60	
0.4	5.4	13	196	5	3	204	1073550	204	1073550	0.003	0	0.003	0.003	5262.5	3349.23	45	9422	
0.4	5.4	34	198	19	3	1097	1485771	1096	1484587	0.00462226	0.00295501	0.003	0.01	1354.55	383.203	10	3550	
0.4	5.4	52	200	14	3	1	60	1	60	0.003	0	0.003	0.003	60	0	60	60	
0.4	5.4	53	202	7	3	255	1187779	254	1184229	0.003	0	0.003	0.003	4662.32	3441.83	45	9422	
0.4	5.4	49	204	5	3	2	120	2	120	0.01	0	0.01	0.01	60	0	60	60	
0.4	5.4	35	205	2	3	1	60	1	60	0.01	0	0.01	0.01	60	0	60	60	
0.4	5.4	38	206	11	3	1	60	1	60	0.003	0	0.003	0.003	60	0	60	60	
0.4	5.4	35	207	4	3	2	120	2	120	0.003	0	0.003	0.003	60	0	60	60	
0.4	5.4	17	208	5	3	6	360	6	360	0.0065	0.00383406	0.003	0.01	60	0	60	60	
0.4	5.4	12	210	2	3	257	673584	257	673584	0.00395331	0.00240559	0.003	0.01	2620.95	1330.75	60	9422	
0.4	5.4	39	211	26	3	1	60	1	60	0.01	0	0.01	0.01	60	0	60	60	
0.4	5.4	37	214	12	3	212	586580	212	586580	0.003	0	0.003	0.003	2766.89	1450.23	60	9422	
0.4	5.4	7	217	1	3	625	2706284	625	2706284	0.0030784	0.00073724	0.003	0.01	4330.05	2141.42	60	9422	
0.4	5.4	44	218	6	3	3	180	3	180	0.00533333	0.00404145	0.003	0.01	60	0	60	60	
0.4	5.4	13	219	1	3	2	120	2	120	0.003	0	0.003	0.003	60	0	60	60	
0.4	5.4	21	220	1	3	1	60	1	60	0.01	0	0.01	0.01	60	0	60	60	
0.4	5.4	12	224	10	3	4	240	4	240	0.0065	0.00404145	0.003	0.01	60	0	60	60	
0.4	5.4	25	225	4	3	2	120	2	120	0.01	0	0.01	0.01	60	0	60	60	
0.4	5.4	16	226	3	3	2	120	2	120	0.003	0	0.003	0.003	60	0	60	60	
0.4	5.4	21	227	12	3	127	568210	127	568210	0.00377165	0.00220097	0.003	0.01	4474.09	3229.56	45	9422	
0.4	5.4	8	228	2	3	3	180	3	180	0.003	0	0.003	0.003	60	0	60	60	
0.4	5.4	41	229	41	3	1	60	1	60	0.003	0	0.003	0.003	60	0	60	60	
0.4	5.4	41	230	24	3	3	180	3	180	0.003	0	0.003	0.003	60	0	60	60	
0.4	5.4	50	231	13	3	73	217850	71	210750	0.00438028	0.00280493	0.003	0.01	2968.31	1444.42	60	9338	
0.4	5.4	17	233	3	3	3	180	3	180	0.00766667	0.00404145	0.003	0.01	60	0	60	60	
0.4	5.4	8	234	11	3	2	120	2	120	0.003	0	0.003	0.003	60	0	60	60	
0.4	5.4	51	236	1	3	1	60	1	60	0.01	0	0.01	0.01	60	0	60	60	
0.4	5.4	39	237	5	3	1	60	1	60	0.003	0	0.003	0.003	60	0	60	60	
0.4	5.4	31	240	5	3	5	300	5	300	0.0044	0.0031305	0.003	0.01	60	0	60	60	
0.4	5.4	39	243	17	3	5	300	5	300	0.0044	0.0031305	0.003	0.01	60	0	60	60	
0.4	5.4	41	247	40	3	2	120	2	120	0.003	0	0.003	0.003	60	0	60	60	
0.4	5.4	21	249	10	3	2	120	2	120	0.003	0	0.003	0.003	60	0	60	60	
0.4	5.4	50	250	4	3	2	120	2	120	0.003	0	0.003	0.003	60	0	60	60	
0.4	5.4	52	251	28	3	1	60	1	60	0.003	0	0.003	0.003	60	0	60	60	
0.4	5.4	41	254	4	3	1	60	1	60	0.003	0	0.003	0.003	60	0	60	60	
0.4	5.4	8	256	16	3	3	180	3	180	0.003	0	0.003	0.003	60	0	60	60	
0.4	5.4	9	257	8	3	1	60	1	60	0.01	0	0.01	0.01	60	0	60	60	
0.4	5.4	39	259	29	3	1	60	1	60	0.003	0	0.003	0.003	60	0	60	60	
0.4	5.4	34	260	10	3	653	1373649	651	1371873	0.00373118	0.00214259	0.003	0.01	2107.33	973.684	60	9422	
0.4	5.4	37	263	10	3	2	120	2	120	0.003	0	0.003	0.003	60	0	60	60	
0.4	5.4	40	264	4	3	1	60	1	60	0.01	0	0.01	0.01	60	0	60	60	
0.4	5.4	48	268	6	3	96	507721	96	507721	0.00321875	0.00122434	0.003	0.01	5288.76	3222.75	45	9422	
0.4	5.4	41	269	5	3	2	120	2	120	0.0065	0.00494975	0.003	0.01	60	0	60	60	
0.4	5.4	39	270	25	3	1	60	1	60	0.01	0	0.01	0.01	60	0	60	60	
0.4	5.4	27	271	8	3	1	60	1	60	0.003	0	0.003	0.003	60	0	60	60	
0.4	5.4	20	272	7	3	257	997633	257	997633	0.00468871	0.00300071	0.003	0.01	3881.84	2169.48	45	9422	
0.4	5.4	39	275	14	3	6	360	6	360	0.003	0	0.003	0.003	60	0	60	60	
0.4	5.4	4	276	7	3	3	180	3	180	0.00766667	0.00404145	0.003	0.01	60	0	60	60	
0.4	5.4	53	277	6	3	371	1078235	371	1078235	0.00407547	0.00252762	0.003	0.01	2906.29	2741.71	60	9422	
0.4	5.4	1	279	8	3	2	708	1	60	0.003	0	0.003	0.003	60	0	60	60	
0.4	5.4	18	280	1	3	109	302474	109	302474	0.00877982	0.00266791	0.003	0.01	2774.99	1841.46	60	9422	
0.4	5.4	34	284	12	3	1	60	1	60	0.003	0	0.003	0.003	60	0	60	60	
0.4	5.4	46	286	5	3	4	240	4	240	0.01	0	0.01	0.01	60	0	60	60	
0.4	5.4	20	287	1	3	95	502409	95	502409	0.003	0	0.003	0.003	5288.52	3145.01	45	9422	
0.4	5.4	21	288	4	3	44	81774	39	72899	0.00802564	0.00319117	0.003	0.01	1869.21	716.801	60	4289	
0.4	5.4	42	289	2	3	334	1912339	334	1912339	0.003	0	0.003	0.003	5725.57	3400.94	45	9422	
0.4	5.4	52	290	5	3	2	120	2	120	0.003	0	0.003	0.003	60	0	60	60	
0.4	5.4	21	291	8	3	2	120	2	120	0.003	0	0.003	0.003	60	0	60	60	
0.4	5.4	1	293	25	3	1	60	1	60	0.003	0	0.003	0.003	60	0	60	60	
0.4	5.4	54	294	10	3	5	300	5	300	0.0072	0.00383406	0.003	0.01	60	0	60	60	
0.4	5.4	46	295	1	3	4	240	4	240	0.003	0	0.003	0.003	60	0	60	60	
0.4	5.4	53	296	8	3	2	120	2	120	0.003	0	0.003	0.003	60	0	60	60	
0.4	5.4	27	297	6	3	2	120	2	120	0.0065	0.00494975	0.003	0.01	60	0	60	60	
0.4	5.4	32	299	7	3	3	180	3	180	0.003	0	0.003	0.003	60	0	60	60	
0.4	5.4	12	301	6	3	4	240	4	240	0.00475	0.0035	0.003	0.01	60	0	60	60	
0.4	5.4	43	302	13	3	1	60	1	60	0.003	0	0.003	0.003	60	0	60	60	
0.4	5.4	52	305	40	3	1	60	1	60	0.01	0	0.01	0.01	60	0	60	60	
0.4	5.4	52	306	13	3	1	60	1	60	0.003	0	0.003	0.003	60	0	60	60	
0.4	5.4	9	308	3	3	5	300	5	300	0.0058	0.00383406	0.003	0.01	60	0	60	60	
0.4	5.4	33	309	4	3	315	1543877	315	1543877	0.003	0	0.003	0.003	4901.2	2884.75	45	9422	
0.4	5.4	10	310	1	3	3	180	3	180	0.00766667	0.00404145	0.003	0.01	60	0	60	60	
0.4	5.4	24	311	26	3	606	956647	605	955463	0.00321983	0.00122188	0.003	0.01	1579.28	718.37	60	9422	
0.4	5.4	42	312	6	3	2	120	2	120	0.003	0	0.003	0.003	60	0	60	60	
0.4	5.4	6	313	13	3	3	180	3	180	0.00766667	0.00404145	0.003	0.01	60	0	60	60	
0.4	5.4	9	315	9	3	177	540882	177	540882	0.00311864	0.00090613	0.003	0.01	3055.83	1796.01	60	9422	
0.4	5.4	5	316	6	3	1	60	1	60	0.003	0	0.003	0.003	60	0	60	60	
0.4	5.4	48	317	5	3	45	199018	45	199018	0.00393333	0.00240643	0.003	0.01	4422.62	2959.55	45	9422	
0.4	5.4	25	318	2	3	1	60	1	60	0.003	0	0.003	0.003	60	0	60	60	
0.4	5.4	37	319	16	3	1	60	1	60	0.003	0	0.003	0.003	60	0	60	60	
0.4	5.4	5	320	8	3	1	60	1	60	0.003	0	0.003	0.003	60	0	60	60	
0.4	5.4	34	322	15	3	2	120	2	120	0.003	0	0.003	0.003	60	0	60	60	
0.4	5.4	41	324	33	3	1	60	1	60	0.003	0	0.003	0.003	60	0	60	60	
0.4	5.4	12	327	3	3	621	1279503	621	1279503	0.00351852	0.00183472	0.003	0.01	2060.39	1183.36	60	9422	
0.4	5.4	22	328	13	3	2	120	2	120	0.003	0	0.003	0.003	60	0	60	60	
0.4	5.4	5	332	31	3	3	180	3	180	0.01	0	0.01	0.01	60	0	60	60	
0.4	5.4	19	334	6	3	1	60	1	60	0.01	0	0.01	0.01	60	0	60	60	
0.4	5.4	46	335	3	3	1	60	1	60	0.01	0	0.01	0.01	60	0	60	60	
0.4	5.4	24	339	17	3	155	241651	155	241651	0.003	0	0.003	0.003	1559.04	852.865	60	5270	
0.4	5.4	51	340	7	3	159	839105	159	839105	0.00322012	0.00122551	0.003	0.01	5277.39	3616.05	45	9422	
0.4	5.4	4	341	1	3	160	872173	160	872173	0.003	0	0.003	0.003	5451.08	3090.85	45	9422	
0.4	5.4	43	342	2	3	1	60	1	60	0.003	0	0.003	0.003	60	0	60	60	
0.4	5.4	34	345	9	3	1	60	1	60	0.003	0	0.003	0.003	60	0	60	60	
0.4	5.4	52	347	1	3	2	120	2	120	0.003	0	0.003	0.003	60	0	60	60	
0.4	5.4	32	349	5	3	1	60	1	60	0.003	0	0.003	0.003	60	0	60	60	
0.4	5.4	48	350	4	3	37	117857	37	117857	0.003	0	0.003	0.003	3185.32	2261.92	60	9422	
0.4	5.4	37	352	4	3	2	120	2	120	0.003	0	0.003	0.003	60	0	60	60	
0.4	5.4	24	354	25	3	3	180	3	180	0.00533333	0.00404145	0.003	0.01	60	0	60	60	
0.4	5.4	16	356	1	3	1	60	1	60	0.01	0	0.01	0.01	60	0	60	60	
0.4	5.4	50	358	5	3	4	240	4	240	0.00475	0.0035	0.003	0.01	60	0	60	60	
0.4	5.4	53	359	5	3	2	120	2	120	0.003	0	0.003	0.003	60	0	60	60	
0.4	5.4	37	360	11	3	309	674248	309	674248	0.003	0	0.003	0.003	2182.03	890.255	60	4731	
0.4	5.4	28	362	2	3	2	120	2	120	0.003	0	0.003	0.003	60	0	60	60	
0.4	5.4	51	364	3	3	3	180	3	180	0.01	0	0.01	0.01	60	0	60	60	
0.4	5.4	13	365	2	3	167	941971	167	941971	0.003	0	0.003	0.003	5640.54	3411.05	45	9422	
0.4	5.4	39	366	16	3	1	60	1	60	0.003	0	0.003	0.003	60	0	60	60	
0.4	5.4	55	367	14	3	3	180	3	180	0.003	0	0.003	0.003	60	0	60	60	
0.4	5.4	41	368	16	3	2	120	2	120	0.003	0	0.003	0.003	60	0	60	60	
0.4	5.4	3	369	6	3	1	60	1	60	0.003	0	0.003	0.003	60	0	60	60	
0.4	5.4	52	373	16	3	2	120	2	120	0.0065	0.00494975	0.003	0.01	60	0	60	60	
0.4	5.4	35	374	9	3	3	180	3	180	0.003	0	0.003	0.003	60	0	60	60	
0.4	5.4	32	376	10	3	1	60	1	60	0.003	0	0.003	0.003	60	0	60	60	
0.4	5.4	37	379	36	3	1	60	1	60	0.003	0	0.003	0.003	60	0	60	60	
0.4	5.4	24	380	10	3	856	1259096	856	1259096	0.00461916	0.00295341	0.003	0.01	1470.91	523.301	23	4395	
0.4	5.4	34	381	13	3	1	60	1	60	0.003	0	0.003	0.003	60	0	60	60	
0.4	5.4	7	382	4	3	1	60	1	60	0.003	0	0.003	0.003	60	0	60	60	
0.4	5.4	31	384	2	3	174	466937	174	466937	0.00376437	0.00218949	0.003	0.01	2683.55	2200.67	60	9422	
0.4	5.4	24	385	29	3	2	120	2	120	0.003	0	0.003	0.003	60	0	60	60	
0.4	5.4	20	386	10	3	3	180	3	180	0.00766667	0.00404145	0.003	0.01	60	0	60	60	
0.4	5.4	39	387	1	3	2	120	2	120	0.003	0	0.003	0.003	60	0	60	60	
0.4	5.4	10	388	2	3	1	60	1	60	0.01	0	0.01	0.01	60	0	60	60	
0.4	5.4	45	389	2	3	2	120	2	120	0.01	0	0.01	0.01	60	0	60	60	
0.4	5.4	17	390	7	3	5	300	5	300	0.0044	0.0031305	0.003	0.01	60	0	60	60	
0.4	5.4	12	391	1	3	3	180	3	180	0.01	0	0.01	0.01	60	0	60	60	
0.4	5.4	24	394	16	3	803	1250731	802	1249547	0.00358479	0.0019381	0.003	0.01	1558.04	819.376	60	6882	
0.4	5.4	33	395	7	3	225	874561	225	874561	0.00362222	0.00199652	0.003	0.01	3886.94	2191.54	45	9422	
0.4	5.4	56	396	4	3	65	127344	65	127344	0.00870769	0.00273703	0.003	0.01	1959.14	851.983	60	3550	
0.4	5.4	3	397	2	3	2	120	2	120	0.0065	0.00494975	0.003	0.01	60	0	60	60	
0.4	5.4	31	398	3	3	346	920807	346	920807	0.00496243	0.00314873	0.003	0.01	2661.29	1919.39	60	9422	
0.4	5.4	41	399	7	3	5	300	5	300	0.003	0	0.003	0.003	60	0	60	60	
0.4	5.4	44	400	5	3	5	300	5	300	0.0072	0.00383406	0.003	0.01	60	0	60	60	
0.4	5.4	20	402	13	3	1	60	1	60	0.003	0	0.003	0.003	60	0	60	60	
0.4	5.4	9	403	2	3	3	180	3	180	0.00533333	0.00404145	0.003	0.01	60	0	60	60	
0.4	5.4	6	404	19	3	2	120	2	120	0.0065	0.00494975	0.003	0.01	60	0	60	60	
0.4	5.4	37	405	1	3	2	120	2	120	0.003	0	0.003	0.003	60	0	60	60	
0.4	5.4	45	409	9	3	2	120	2	120	0.0065	0.00494975	0.003	0.01	60	0	60	60	
0.4	5.4	39	413	21	3	1081	1613510	1079	1611142	0.003	0	0.003	0.003	1493.18	483.921	60	9422	
0.4	5.4	33	414	9	3	1	60	1	60	0.003	0	0.003	0.003	60	0	60	60	
0.4	5.4	38	415	5	3	1	60	1	60	0.01	0	0.01	0.01	60	0	60	60	
0.4	5.4	55	416	11	3	1	60	1	60	0.003	0	0.003	0.003	60	0	60	60	
0.4	5.4	54	419	2	3	1	60	1	60	0.003	0	0.003	0.003	60	0	60	60	
0.4	5.4	24	421	21	3	338	478277	338	478277	0.00536095	0.00331437	0.003	0.01	1415.02	1279.59	60	9422	
0.4	5.4	20	422	2	3	1	60	1	60	0.01	0	0.01	0.01	60	0	60	60	
0.4	5.4	40	424	6	3	152	238713	151	238121	0.00545695	0.00335208	0.003	0.01	1576.96	1276.38	60	7708	
0.4	5.4	8	426	1	3	2	120	2	120	0.003	0	0.003	0.003	60	0	60	60	
0.4	5.4	29	427	3	3	3	180	3	180	0.00533333	0.00404145	0.003	0.01	60	0	60	60	
0.4	5.4	19	428	3	3	2	120	2	120	0.01	0	0.01	0.01	60	0	60	60	
0.4	5.4	40	430	10	3	1	60	1	60	0.003	0	0.003	0.003	60	0	60	60	
0.4	5.4	44	431	10	3	311	557041	311	557041	0.00417042	0.00261631	0.003	0.01	1791.13	1091.94	60	9422	
0.4	5.4	17	432	6	3	4	240	4	240	0.003	0	0.003	0.003	60	0	60	60	
0.4	5.4	2	433	13	3	1	60	1	60	0.003	0	0.003	0.003	60	0	60	60	
0.4	5.4	11	434	2	3	7	420	7	420	0.008	0.00341565	0.003	0.01	60	0	60	60	
0.4	5.4	39	437	3	3	3	180	3	180	0.00533333	0.00404145	0.003	0.01	60	0	60	60	
0.4	5.4	38	438	1	3	42	72892	42	72892	0.00416667	0.00264037	0.003	0.01	1735.52	431.837	60	3550	
0.4	5.4	24	439	9	3	1	60	1	60	0.01	0	0.01	0.01	60	0	60	60	
0.4	5.4	55	440	20	3	3	180	3	180	0.003	0	0.003	0.003	60	0	60	60	
0.4	5.4	22	441	11	3	2	120	2	120	0.0065	0.00494975	0.003	0.01	60	0	60	60	
0.4	5.4	36	442	5	3	14	32067	14	32067	0.005	0.00328165	0.003	0.01	2290.5	1232.38	60	3550	
0.4	5.4	55	443	10	3	644	2510534	644	2510534	0.00308696	0.000775931	0.003	0.01	3898.34	2147.51	60	9422	
0.4	5.4	38	445	7	3	1	60	1	60	0.01	0	0.01	0.01	60	0	60	60	
0.4	5.4	12	448	9	3	3	180	3	180	0.00766667	0.00404145	0.003	0.01	60	0	60	60	
0.4	5.4	50	449	10	3	1	60	1	60	0.003	0	0.003	0.003	60	0	60	60	
0.4	5.4	52	452	22	3	4	3020	4	3020	0.00825	0.0035	0.003	0.01	755	540.887	60	1184	
0.4	5.4	11	453	1	3	3	180	3	180	0.00766667	0.00404145	0.003	0.01	60	0	60	60	
0.4	5.4	44	454	7	3	319	1776705	319	1776705	0.003	0	0.003	0.003	5569.61	3108.17	45	9422	
0.4	5.4	20	455	4	3	3	180	3	180	0.00533333	0.00404145	0.003	0.01	60	0	60	60	
0.4	5.4	41	457	28	3	1	60	1	60	0.003	0	0.003	0.003	60	0	60	60	
0.4	5.4	16	458	5	3	186	571052	183	566317	0.00372677	0.00214109	0.003	0.01	3094.63	2059.93	60	9422	
0.4	5.4	15	459	6	3	2	120	2	120	0.0065	0.00494975	0.003	0.01	60	0	60	60	
0.4	5.4	44	460	11	3	135	501220	135	501220	0.003	0	0.003	0.003	3712.74	2178.93	60	9422	
0.4	5.4	7	463	3	3	1	60	1	60	0.01	0	0.01	0.01	60	0	60	60	
0.4	5.4	4	464	4	3	343	897851	343	897851	0.00336735	0.0015632	0.003	0.01	2617.64	1770.12	45	9422	
0.4	5.4	41	466	26	3	2	120	2	120	0.003	0	0.003	0.003	60	0	60	60	
0.4	5.4	40	467	3	3	5	300	5	300	0.003	0	0.003	0.003	60	0	60	60	
0.4	5.4	27	468	5	3	1	60	1	60	0.003	0	0.003	0.003	60	0	60	60	
0.4	5.4	39	469	7	3	6	360	6	360	0.003	0	0.003	0.003	60	0	60	60	
0.4	5.4	37	470	33	3	2	120	2	120	0.003	0	0.003	0.003	60	0	60	60	
0.4	5.4	4	471	11	3	182	866880	182	866880	0.0045	0.00297271	0.003	0.017	4763.08	3153.97	45	9422	
0.4	5.4	43	472	7	3	1	60	1	60	0.01	0	0.01	0.01	60	0	60	60	
0.4	5.4	40	473	2	3	1	60	1	60	0.003	0	0.003	0.003	60	0	60	60	
0.4	5.4	5	475	14	3	1	60	1	60	0.01	0	0.01	0.01	60	0	60	60	
0.4	5.4	52	477	3	3	1	60	1	60	0.003	0	0.003	0.003	60	0	60	60	
0.4	5.4	5	478	11	3	2	120	2	120	0.01	0	0.01	0.01	60	0	60	60	
0.4	5.4	9	479	4	3	133	500075	133	500075	0.00336842	0.00156899	0.003	0.01	3759.96	2430.44	60	9422	
0.4	5.4	57	480	10	3	2	120	2	120	0.0065	0.00494975	0.003	0.01	60	0	60	60	
0.4	5.4	41	481	1	3	1	60	1	60	0.003	0	0.003	0.003	60	0	60	60	
0.4	5.4	19	484	10	3	3	180	3	180	0.00533333	0.00404145	0.003	0.01	60	0	60	60	
0.4	5.4	14	485	2	3	50	263385	50	263385	0.003	0	0.003	0.003	5267.7	3265.34	45	9422	
0.4	5.4	22	486	9	3	1	60	1	60	0.003	0	0.003	0.003	60	0	60	60	
0.4	5.4	4	487	12	3	2	120	2	120	0.003	0	0.003	0.003	60	0	60	60	
0.4	5.4	41	489	36	3	1	60	1	60	0.003	0	0.003	0.003	60	0	60	60	
0.4	5.4	1	490	1	3	201	751841	200	750650	0.004015	0.00256861	0.003	0.017	3753.25	2588.85	16	9422	
0.4	5.4	41	491	2	3	3	180	3	180	0.003	0	0.003	0.003	60	0	60	60	
0.4	5.4	9	492	6	3	2	120	2	120	0.0065	0.00494975	0.003	0.01	60	0	60	60	
0.4	5.4	32	493	8	3	1	60	1	60	0.003	0	0.003	0.003	60	0	60	60	
0.4	5.4	27	496	9	3	4	240	4	240	0.00475	0.0035	0.003	0.01	60	0	60	60	
0.4	5.4	33	497	2	3	1	60	1	60	0.003	0	0.003	0.003	60	0	60	60	
0.4	5.4	37	500	19	3	1	60	1	60	0.003	0	0.003	0.003	60	0	60	60	
0.4	5.4	56	501	1	3	2	120	2	120	0.003	0	0.003	0.003	60	0	60	60	
0.4	5.4	39	502	4	3	2	120	2	120	0.003	0	0.003	0.003	60	0	60	60	
0.4	5.4	48	503	2	3	128	635528	127	634344	0.00514961	0.00324179	0.003	0.01	4994.83	3616.22	45	9422	
0.4	5.4	51	504	6	3	1	60	1	60	0.01	0	0.01	0.01	60	0	60	60	
0.4	5.4	52	506	31	3	1	60	1	60	0.003	0	0.003	0.003	60	0	60	60	
0.4	5.4	23	508	3	3	3	180	3	180	0.00766667	0.00404145	0.003	0.01	60	0	60	60	
0.4	5.4	13	509	3	3	1	60	1	60	0.003	0	0.003	0.003	60	0	60	60	
0.4	5.4	41	510	17	3	2	120	2	120	0.0065	0.00494975	0.003	0.01	60	0	60	60	
0.4	5.4	41	511	3	3	2	120	2	120	0.003	0	0.003	0.003	60	0	60	60	
0.4	5.4	30	512	2	3	175	662281	175	662281	0.0042	0.00264575	0.003	0.01	3784.46	2389.28	60	9422	
0.4	5.4	57	514	3	3	3	180	3	180	0.003	0	0.003	0.003	60	0	60	60	
0.4	5.4	39	515	27	3	2	120	2	120	0.003	0	0.003	0.003	60	0	60	60	
0.4	5.4	37	516	34	3	1	60	1	60	0.003	0	0.003	0.003	60	0	60	60	
0.4	5.4	47	519	1	3	4	240	4	240	0.0065	0.00404145	0.003	0.01	60	0	60	60	
0.4	5.4	50	520	14	3	245	1419496	245	1419496	0.003	0	0.003	0.003	5793.86	3181.08	45	9422	
0.4	5.4	29	523	4	3	136	704971	136	704971	0.00423529	0.00267841	0.003	0.01	5183.61	3462.82	45	9422	
0.4	5.4	32	524	2	3	3	180	3	180	0.003	0	0.003	0.003	60	0	60	60	
0.4	5.4	49	525	2	3	1	60	1	60	0.003	0	0.003	0.003	60	0	60	60	
0.4	5.4	2	526	3	3	752	1263086	747	1255983	0.00359973	0.00196051	0.003	0.01	1681.37	1051.39	60	9422	
0.4	5.4	26	527	4	3	201	727835	201	727835	0.00317413	0.00109294	0.003	0.01	3621.07	1805.07	60	9422	
0.4	5.4	54	528	3	3	2	120	2	120	0.0065	0.00494975	0.003	0.01	60	0	60	60	
0.4	5.4	41	529	30	3	1	60	1	60	0.003	0	0.003	0.003	60	0	60	60	
0.4	5.4	22	533	16	3	2	120	2	120	0.003	0	0.003	0.003	60	0	60	60	
0.4	5.4	34	534	16	3	5	300	5	300	0.003	0	0.003	0.003	60	0	60	60	
0.4	5.4	57	535	1	3	250	380160	250	380160	0.005968	0.00346627	0.003	0.01	1520.64	1272.24	60	9422	
0.4	5.4	18	536	2	3	1	60	1	60	0.01	0	0.01	0.01	60	0	60	60	
0.4	5.4	5	537	42	3	222	343398	222	343398	0.003	0	0.003	0.003	1546.84	1055.17	60	7099	
0.4	5.4	13	539	7	3	1	60	1	60	0.003	0	0.003	0.003	60	0	60	60	
0.4	5.4	21	540	3	3	1	60	1	60	0.003	0	0.003	0.003	60	0	60	60	
0.4	5.4	15	541	4	3	152	663463	153	665238	0.00519608	0.00325871	0.003	0.01	4347.96	3082.74	45	9422	
0.4	5.4	54	543	4	3	1	60	1	60	0.01	0	0.01	0.01	60	0	60	60	
0.4	5.4	34	544	2	3	2	120	2	120	0.003	0	0.003	0.003	60	0	60	60	
0.4	5.4	13	546	4	3	4	240	4	240	0.00475	0.0035	0.003	0.01	60	0	60	60	
0.4	5.4	2	547	11	3	1	60	1	60	0.003	0	0.003	0.003	60	0	60	60	
0.4	5.4	41	548	14	3	4	240	4	240	0.00475	0.0035	0.003	0.01	60	0	60	60	
0.4	5.4	20	550	9	3	283	905478	283	905478	0.00675972	0.00349653	0.003	0.01	3199.57	2306.21	60	9422	
0.4	5.4	49	551	7	3	328	899019	325	892510	0.00526154	0.00327861	0.003	0.01	2746.18	1541.24	60	9422	
0.4	5.4	21	552	11	3	1	60	1	60	0.003	0	0.003	0.003	60	0	60	60	
0.4	5.4	7	553	7	3	1	60	1	60	0.003	0	0.003	0.003	60	0	60	60	
0.4	5.4	50	556	15	3	2	120	2	120	0.01	0	0.01	0.01	60	0	60	60	
0.4	5.4	42	557	3	3	1	60	1	60	0.01	0	0.01	0.01	60	0	60	60	
0.4	5.4	52	559	6	3	1	60	1	60	0.003	0	0.003	0.003	60	0	60	60	
0.4	5.4	7	560	8	3	1	60	1	60	0.003	0	0.003	0.003	60	0	60	60	
0.4	5.4	51	562	8	3	5	300	5	300	0.0044	0.0031305	0.003	0.01	60	0	60	60	
0.4	5.4	51	563	9	3	2	120	2	120	0.0065	0.00494975	0.003	0.01	60	0	60	60	
0.4	5.4	52	564	33	3	1	60	1	60	0.003	0	0.003	0.003	60	0	60	60	
0.4	5.4	44	565	4	3	2	120	2	120	0.003	0	0.003	0.003	60	0	60	60	
0.4	5.4	41	566	34	3	2	120	2	120	0.003	0	0.003	0.003	60	0	60	60	
0.4	5.4	41	567	38	3	3	180	3	180	0.00766667	0.00404145	0.003	0.01	60	0	60	60	
0.4	5.4	15	568	1	3	89	378297	89	378297	0.00417977	0.00263526	0.003	0.01	4250.53	3382.87	45	9422	
0.4	5.4	34	570	21	3	1	60	1	60	0.003	0	0.003	0.003	60	0	60	60	
0.4	5.4	23	571	7	3	3	180	3	180	0.00766667	0.00404145	0.003	0.01	60	0	60	60	
0.4	5.4	22	572	15	3	2	120	2	120	0.0065	0.00494975	0.003	0.01	60	0	60	60	
0.4	5.4	36	576	1	3	4	240	4	240	0.00475	0.0035	0.003	0.01	60	0	60	60	
0.4	5.4	3	579	3	3	3	180	3	180	0.003	0	0.003	0.003	60	0	60	60	
0.4	5.4	31	580	7	3	1	60	1	60	0.003	0	0.003	0.003	60	0	60	60	
0.4	5.4	27	581	4	3	3	180	3	180	0.00766667	0.00404145	0.003	0.01	60	0	60	60	
0.4	5.4	50	583	7	3	168	472261	168	472261	0.003	0	0.003	0.003	2811.08	1688.06	60	9422	
0.4	5.4	8	587	15	3	1	60	1	60	0.003	0	0.003	0.003	60	0	60	60	
0.4	5.4	44	588	9	3	2	120	2	120	0.01	0	0.01	0.01	60	0	60	60	
0.4	5.4	52	589	12	3	3	180	3	180	0.003	0	0.003	0.003	60	0	60	60	
0.4	5.4	37	591	22	3	2	120	2	120	0.003	0	0.003	0.003	60	0	60	60	
0.4	5.4	37	593	13	3	2	120	2	120	0.003	0	0.003	0.003	60	0	60	60	
0.4	5.4	3	594	5	3	1	60	1	60	0.003	0	0.003	0.003	60	0	60	60	
0.4	5.4	8	596	5	3	440	607333	440	607333	0.003	0	0.003	0.003	1380.3	1375.08	60	9422	
0.4	5.4	23	597	4	3	5	300	5	300	0.0086	0.0031305	0.003	0.01	60	0	60	60	
0.4	5.4	14	598	1	3	1	60	1	60	0.003	0	0.003	0.003	60	0	60	60	
0.4	5.4	52	599	41	3	1	60	1	60	0.003	0	0.003	0.003	60	0	60	60	
0.4	5.4	53	600	4	3	1	60	1	60	0.003	0	0.003	0.003	60	0	60	60	
0.4	5.4	8	602	7	3	1	60	1	60	0.003	0	0.003	0.003	60	0	60	60	
0.4	5.4	42	603	4	3	2	120	2	120	0.0065	0.00494975	0.003	0.01	60	0	60	60	
0.4	5.4	4	604	2	3	193	336827	193	336827	0.0034715	0.00175904	0.003	0.01	1745.22	1477.13	60	9422	
0.4	5.4	26	605	3	3	4	240	4	240	0.00825	0.0035	0.003	0.01	60	0	60	60	
0.4	5.4	36	606	8	3	2	120	2	120	0.01	0	0.01	0.01	60	0	60	60	
0.4	5.4	45	608	4	3	482	2477286	482	2477286	0.00311618	0.000895233	0.003	0.01	5139.6	1640.58	60	9422	
0.4	5.4	56	610	5	3	5	4851	5	4851	0.0044	0.0031305	0.003	0.01	970.2	646.413	60	1775	
0.4	5.4	52	613	24	3	1	60	1	60	0.003	0	0.003	0.003	60	0	60	60	
0.4	5.4	1	614	5	3	3	180	3	180	0.00533333	0.00404145	0.003	0.01	60	0	60	60	
0.4	5.4	28	616	9	3	1	60	1	60	0.003	0	0.003	0.003	60	0	60	60	
0.4	5.4	15	618	10	3	1	60	1	60	0.003	0	0.003	0.003	60	0	60	60	
0.4	5.4	30	620	1	3	5	300	5	300	0.0086	0.0031305	0.003	0.01	60	0	60	60	
0.4	5.4	37	621	6	3	391	449396	391	449396	0.003	0	0.003	0.003	1149.35	332.353	60	2367	
0.4	5.4	6	623	14	3	4	240	4	240	0.003	0	0.003	0.003	60	0	60	60	
0.4	5.4	31	624	4	3	25	62244	25	62244	0.003	0	0.003	0.003	2489.76	1835.94	60	7099	
0.4	5.4	12	626	11	3	2	120	2	120	0.0065	0.00494975	0.003	0.01	60	0	60	60	
0.4	5.4	2	627	10	3	2	120	2	120	0.003	0	0.003	0.003	60	0	60	60	
0.4	5.4	40	629	7	3	4	240	4	240	0.0065	0.00404145	0.003	0.01	60	0	60	60	
0.4	5.4	39	630	18	3	2	120	2	120	0.003	0	0.003	0.003	60	0	60	60	
0.4	5.4	44	631	14	3	2	120	2	120	0.01	0	0.01	0.01	60	0	60	60	
0.4	5.4	57	633	6	3	136	441488	136	441488	0.00392647	0.00238089	0.003	0.01	3246.24	2145.44	60	9422	
0.4	5.4	49	634	1	3	1	60	1	60	0.01	0	0.01	0.01	60	0	60	60	
0.4	5.4	43	635	4	3	1	60	1	60	0.01	0	0.01	0.01	60	0	60	60	
0.4	5.4	8	636	12	3	1	60	1	60	0.003	0	0.003	0.003	60	0	60	60	
0.4	5.4	41	637	18	3	5	300	5	300	0.003	0	0.003	0.003	60	0	60	60	
0.4	5.4	22	638	4	3	24	75854	24	75854	0.00329167	0.00142887	0.003	0.01	3160.58	2710.59	60	9422	
0.4	5.4	26	639	1	3	1	60	1	60	0.003	0	0.003	0.003	60	0	60	60	
0.4	5.4	52	641	27	3	1	60	1	60	0.003	0	0.003	0.003	60	0	60	60	
0.4	5.4	15	642	5	3	30	64630	30	64630	0.00556667	0.00343093	0.003	0.01	2154.33	1777.36	20	7099	
0.4	5.4	44	643	3	3	3	180	3	180	0.01	0	0.01	0.01	60	0	60	60	
0.4	5.4	22	644	7	3	2	120	2	120	0.0065	0.00494975	0.003	0.01	60	0	60	60	
0.4	5.4	32	645	3	3	64	295388	64	295388	0.003	0	0.003	0.003	4615.44	2342.74	60	9422	
0.4	5.4	51	646	5	3	130	682956	129	682911	0.003	0	0.003	0.003	5293.88	3420.24	45	9422	
0.4	5.4	28	647	1	3	3	180	3	180	0.00766667	0.00404145	0.003	0.01	60	0	60	60	
0.4	5.4	32	648	6	3	18	59282	18	59282	0.003	0	0.003	0.003	3293.44	2940.49	60	9422	
0.4	5.4	49	649	3	3	83	383493	83	383493	0.003	0	0.003	0.003	4620.4	2947.77	45	9422	
0.4	5.4	8	650	14	3	3	180	3	180	0.003	0	0.003	0.003	60	0	60	60	
0.4	5.4	23	655	8	3	1	60	1	60	0.003	0	0.003	0.003	60	0	60	60	
0.4	5.4	23	656	1	3	60	111946	60	111946	0.00603333	0.00349802	0.003	0.01	1865.77	827.807	60	6882	
0.4	5.4	24	657	22	3	114	207336	114	207336	0.00367544	0.00207597	0.003	0.01	1818.74	1561.63	50	9422	
0.4	5.4	6	658	16	3	2	120	2	120	0.0065	0.00494975	0.003	0.01	60	0	60	60	
0.4	5.4	24	659	12	3	2	120	2	120	0.003	0	0.003	0.003	60	0	60	60	
0.4	5.4	6	661	8	3	4	240	4	240	0.00475	0.0035	0.003	0.01	60	0	60	60	
0.4	5.4	6	662	17	3	104	201937	104	201937	0.003	0	0.003	0.003	1941.7	1468.15	60	9422	
0.4	5.4	5	663	34	3	5	300	5	300	0.0072	0.00383406	0.003	0.01	60	0	60	60	
0.4	5.4	5	664	5	3	1	60	1	60	0.01	0	0.01	0.01	60	0	60	60	
0.4	5.4	24	666	2	3	2	120	2	120	0.003	0	0.003	0.003	60	0	60	60	
0.4	5.4	5	667	40	3	176	235167	176	235167	0.00614204	0.00349158	0.003	0.01	1336.18	845.818	60	9422	
0.4	5.4	5	668	25	3	1	60	1	60	0.003	0	0.003	0.003	60	0	60	60	
0.4	5.4	5	669	24	3	221	304863	221	304863	0.00654751	0.00350762	0.003	0.01	1379.47	647.817	60	4904	
0.4	5.4	1	670	28	3	511	734653	511	734653	0.00631507	0.00349854	0.003	0.01	1437.68	398.508	60	2958	
0.4	5.4	5	673	46	3	2	120	2	120	0.01	0	0.01	0.01	60	0	60	60	
0.4	5.4	24	677	15	3	553	763261	553	763261	0.00351899	0.00183566	0.003	0.01	1380.22	670.053	60	9422	
0.4	5.4	43	678	6	3	4	240	4	240	0.00825	0.0035	0.003	0.01	60	0	60	60	
0.4	5.4	1	679	10	3	149	577721	149	577721	0.003	0	0.003	0.003	3877.32	2723.85	45	9422	
0.4	5.4	5	680	16	3	13	13733	13	13733	0.00515385	0.00336269	0.003	0.01	1056.38	626.916	60	1775	
0.4	5.4	30	681	4	3	2	120	2	120	0.003	0	0.003	0.003	60	0	60	60	
0.4	5.4	5	682	30	3	1	60	1	60	0.01	0	0.01	0.01	60	0	60	60	
0.4	5.4	5	684	12	3	2	120	2	120	0.003	0	0.003	0.003	60	0	60	60	
0.4	5.4	24	686	14	3	4	240	4	240	0.00475	0.0035	0.003	0.01	60	0	60	60	
0.4	5.4	6	687	4	3	186	456343	186	456343	0.003	0	0.003	0.003	2453.46	970.925	60	4395	
0.4	5.4	23	689	2	3	1	60	1	60	0.01	0	0.01	0.01	60	0	60	60	
0.4	5.4	24	691	18	3	3	180	3	180	0.00533333	0.00404145	0.003	0.01	60	0	60	60	
0.4	5.4	1	693	27	3	30	45680	30	45680	0.0051	0.00326264	0.003	0.01	1522.67	525.619	60	1775	
0.4	5.4	5	694	15	3	1	60	1	60	0.003	0	0.003	0.003	60	0	60	60	
0.4	5.4	43	697	14	3	83	414846	83	414846	0.003	0	0.003	0.003	4998.14	3493.05	45	9422	
0.4	5.4	24	700	5	3	754	925042	753	924643	0.005417	0.00353912	0.003	0.017	1227.95	697.837	60	4395	
0.4	5.4	5	702	13	3	2	120	2	120	0.0065	0.00494975	0.003	0.01	60	0	60	60	
0.4	5.4	6	703	9	3	2	120	2	120	0.01	0	0.01	0.01	60	0	60	60	
0.4	5.4	6	704	6	3	245	312653	245	312653	0.00565714	0.00340395	0.003	0.01	1276.13	469.535	60	2961	
0.4	5.4	5	705	36	3	2	120	2	120	0.0065	0.00494975	0.003	0.01	60	0	60	60	
0.4	5.4	43	709	11	3	217	871001	217	871001	0.00751613	0.00335699	0.003	0.01	4013.83	2158.85	60	9422	
0.4	5.4	24	710	19	3	209	321679	207	316083	0.003	0	0.003	0.003	1526.97	796.638	60	5324	
0.4	5.4	5	711	22	3	458	686764	458	686764	0.003	0	0.003	0.003	1499.48	1447.02	60	9422	
0.4	5.4	5	713	3	3	1	60	1	60	0.003	0	0.003	0.003	60	0	60	60	
0.4	5.4	5	714	23	3	3	180	3	180	0.00766667	0.00404145	0.003	0.01	60	0	60	60	
0.4	5.4	1	719	24	3	3	180	3	180	0.00533333	0.00404145	0.003	0.01	60	0	60	60	
0.4	5.4	5	721	9	3	2	120	2	120	0.0065	0.00494975	0.003	0.01	60	0	60	60	
0.4	5.4	24	722	8	3	2	120	2	120	0.0065	0.00494975	0.003	0.01	60	0	60	60	
0.4	5.4	1	723	22	3	2	120	2	120	0.0065	0.00494975	0.003	0.01	60	0	60	60	
0.4	5.4	1	724	9	3	189	255161	189	255161	0.00333333	0.00149467	0.003	0.01	1350.06	961.102	60	9422	
0.4	5.4	1	725	18	3	2	120	2	120	0.0065	0.00494975	0.003	0.01	60	0	60	60	
0.4	5.4	5	726	29	3	4	240	4	240	0.00475	0.0035	0.003	0.01	60	0	60	60	
0.4	5.4	24	727	27	3	120	180077	120	180077	0.003	0	0.003	0.003	1500.64	1051.53	60	6255	
0.4	5.4	1	732	15	3	3	180	3	180	0.00533333	0.00404145	0.003	0.01	60	0	60	60	
0.4	5.4	5	733	28	3	2	120	2	120	0.0065	0.00494975	0.003	0.01	60	0	60	60	
0.4	5.4	1	735	4	3	264	472290	264	472290	0.00315909	0.00104521	0.003	0.01	1788.98	835.26	60	9422	
0.4	5.4	24	736	28	3	3	180	3	180	0.003	0	0.003	0.003	60	0	60	60	
0.4	5.4	5	739	43	3	58	63451	58	63451	0.00637931	0.00376422	0.003	0.017	1093.98	490.602	60	1775	
0.4	5.4	5	740	26	3	2	120	2	120	0.0065	0.00494975	0.003	0.01	60	0	60	60	
0.4	5.4	1	741	21	3	2	120	2	120	0.003	0	0.003	0.003	60	0	60	60	
0.4	5.4	5	742	39	3	2	120	2	120	0.0065	0.00494975	0.003	0.01	60	0	60	60	
0.4	5.4	1	745	14	3	2	120	2	120	0.0065	0.00494975	0.003	0.01	60	0	60	60	
0.4	5.4	1	746	23	3	61	115509	61	115509	0.003	0	0.003	0.003	1893.59	1127.78	60	5324	
0.4	5.4	24	747	3	3	4	240	4	240	0.00475	0.0035	0.003	0.01	60	0	60	60	
0.4	5.4	1	748	13	3	314	553612	314	553612	0.0052293	0.00326639	0.003	0.01	1763.1	889.768	60	9422	
0.4	5.4	5	749	37	3	259	447435	259	447435	0.00518919	0.00325155	0.003	0.01	1727.55	714.044	60	9422	
0.4	5.4	5	750	44	3	291	774603	291	774603	0.00367354	0.0020678	0.003	0.01	2661.87	2298.29	60	9422	
