% start	end	CellId	IMSI	RNTI	LCID	nTxPDUs	TxBytes	nRxPDUs	RxBytes	delay	stdDev	min	max	PduSize	stdDev	min	max
0.4	5.4	27	1	3	3	195	976283	195	976283	0.003	0	0.003	0.003	5006.58	2357.33	45	9422	
0.4	5.4	18	5	2	3	1	60	1	60	0.003	0	0.003	0.003	60	0	60	60	
0.4	5.4	1	6	14	3	586	988601	586	988601	0.003	0	0.003	0.003	1687.03	961.78	60	9422	
0.4	5.4	13	7	11	3	3	180	3	180	0.003	0	0.003	0.003	60	0	60	60	
0.4	5.4	30	8	2	3	1	60	1	60	0.003	0	0.003	0.003	60	0	60	60	
0.4	5.4	32	9	5	3	314	981207	312	973516	0.00423397	0.0026717	0.003	0.01	3120.24	1345.41	60	8117	
0.4	5.4	51	11	8	3	705	3051815	705	3051815	0.00300993	0.000263635	0.003	0.01	4328.82	1854.26	60	9422	
0.4	5.4	38	13	7	3	1	60	1	60	0.01	0	0.01	0.01	60	0	60	60	
0.4	5.4	53	14	4	3	412	1479320	412	1479320	0.00480097	0.00306367	0.003	0.01	3590.58	2374.2	45	9422	
0.4	5.4	52	17	2	3	2	120	2	120	0.003	0	0.003	0.003	60	0	60	60	
0.4	5.4	23	19	3	3	8	21415	8	21415	0.003875	0.00247487	0.003	0.01	2676.88	2453.7	60	7099	
0.4	5.4	38	20	1	3	1	60	1	60	0.003	0	0.003	0.003	60	0	60	60	
0.4	5.4	22	21	2	3	233	787208	233	787208	0.00612446	0.00348729	0.003	0.01	3378.58	1923.41	45	9422	
0.4	5.4	27	22	5	3	145	720751	144	720114	0.003	0	0.003	0.003	5000.79	3106.84	45	9422	
0.4	5.4	43	25	11	3	162	717328	162	717328	0.00567901	0.0034129	0.003	0.01	4427.95	3031.36	45	9422	
0.4	5.4	25	26	3	3	113	581197	113	581197	0.00306195	0.000658505	0.003	0.01	5143.34	3230.02	45	9422	
0.4	5.4	51	28	6	3	66	264118	66	264118	0.003	0	0.003	0.003	4001.79	2275.6	60	9422	
0.4	5.4	39	31	13	3	6	360	6	360	0.00416667	0.00285774	0.003	0.01	60	0	60	60	
0.4	5.4	37	32	3	3	345	371799	345	371799	0.00429855	0.00272491	0.003	0.01	1077.68	966.209	60	9422	
0.4	5.4	18	33	8	3	12	48035	12	48035	0.003	0	0.003	0.003	4002.92	3277.98	60	8873	
0.4	5.4	55	34	13	3	1	60	1	60	0.003	0	0.003	0.003	60	0	60	60	
0.4	5.4	8	37	13	3	2	120	2	120	0.003	0	0.003	0.003	60	0	60	60	
0.4	5.4	38	39	10	3	3	180	3	180	0.00533333	0.00404145	0.003	0.01	60	0	60	60	
0.4	5.4	6	41	6	3	1	60	1	60	0.003	0	0.003	0.003	60	0	60	60	
0.4	5.4	16	43	7	3	1	60	1	60	0.003	0	0.003	0.003	60	0	60	60	
0.4	5.4	32	44	10	3	3	180	3	180	0.003	0	0.003	0.003	60	0	60	60	
0.4	5.4	32	46	12	3	2	120	2	120	0.003	0	0.003	0.003	60	0	60	60	
0.4	5.4	43	47	2	3	106	219058	106	219058	0.00656604	0.003516	0.003	0.01	2066.58	1612.37	60	7708	
0.4	5.4	30	48	7	3	1	60	1	60	0.003	0	0.003	0.003	60	0	60	60	
0.4	5.4	52	49	14	3	376	583704	376	583704	0.00357713	0.00192788	0.003	0.01	1552.4	309.397	60	1775	
0.4	5.4	2	50	10	3	2	120	2	120	0.003	0	0.003	0.003	60	0	60	60	
0.4	5.4	2	52	9	3	2	120	2	120	0.01	0	0.01	0.01	60	0	60	60	
0.4	5.4	51	54	2	3	2	120	2	120	0.01	0	0.01	0.01	60	0	60	60	
0.4	5.4	13	56	3	3	3	180	3	180	0.00766667	0.00404145	0.003	0.01	60	0	60	60	
0.4	5.4	3	60	1	3	4	240	4	240	0.00475	0.0035	0.003	0.01	60	0	60	60	
0.4	5.4	11	62	7	3	8	480	8	480	0.005625	0.00362284	0.003	0.01	60	0	60	60	
0.4	5.4	19	63	3	3	206	939270	206	939270	0.00452913	0.00289939	0.003	0.01	4559.56	3550.61	45	9422	
0.4	5.4	57	64	5	3	2	120	2	120	0.003	0	0.003	0.003	60	0	60	60	
0.4	5.4	9	65	3	3	2	120	2	120	0.003	0	0.003	0.003	60	0	60	60	
0.4	5.4	17	66	13	3	299	575880	299	575880	0.00475585	0.00303955	0.003	0.01	1926.02	1091.47	60	9422	
0.4	5.4	42	67	7	3	1	60	1	60	0.003	0	0.003	0.003	60	0	60	60	
0.4	5.4	43	68	6	3	4	240	4	240	0.00825	0.0035	0.003	0.01	60	0	60	60	
0.4	5.4	37	69	15	3	1	60	1	60	0.003	0	0.003	0.003	60	0	60	60	
0.4	5.4	9	70	11	3	331	989509	331	989509	0.00367674	0.00207175	0.003	0.01	2989.45	1772.03	60	9422	
0.4	5.4	53	71	2	3	1	60	1	60	0.003	0	0.003	0.003	60	0	60	60	
0.4	5.4	30	72	9	3	2	708	2	708	0.003	0	0.003	0.003	354	415.779	60	648	
0.4	5.4	12	73	7	3	2	120	2	120	0.003	0	0.003	0.003	60	0	60	60	
0.4	5.4	9	75	1	3	1	60	1	60	0.003	0	0.003	0.003	60	0	60	60	
0.4	5.4	17	77	5	3	2	120	2	120	0.0065	0.00494975	0.003	0.01	60	0	60	60	
0.4	5.4	21	78	1	3	2	120	2	120	0.003	0	0.003	0.003	60	0	60	60	
0.4	5.4	37	85	4	3	2	120	2	120	0.003	0	0.003	0.003	60	0	60	60	
0.4	5.4	41	87	26	3	3	180	3	180	0.003	0	0.003	0.003	60	0	60	60	
0.4	5.4	11	88	6	3	1	60	1	60	0.01	0	0.01	0.01	60	0	60	60	
0.4	5.4	17	89	2	3	755	1587905	755	1587905	0.00411258	0.00256104	0.003	0.01	2103.19	1485.55	60	9422	
0.4	5.4	55	91	1	3	207	901346	207	901346	0.0052657	0.00362729	0.003	0.017	4354.33	3111.82	45	9422	
0.4	5.4	38	93	12	3	4	240	4	240	0.0065	0.00404145	0.003	0.01	60	0	60	60	
0.4	5.4	52	97	39	3	79	146287	78	143920	0.003	0	0.003	0.003	1845.13	987.272	60	5324	
0.4	5.4	52	98	16	3	1	60	1	60	0.003	0	0.003	0.003	60	0	60	60	
0.4	5.4	32	101	4	3	2	120	2	120	0.0065	0.00494975	0.003	0.01	60	0	60	60	
0.4	5.4	42	102	5	3	876	1980193	876	1980193	0.00300799	0.000236508	0.003	0.01	2260.49	1377.34	60	9422	
0.4	5.4	54	103	6	3	4	240	4	240	0.003	0	0.003	0.003	60	0	60	60	
0.4	5.4	1	104	13	3	1345	1838624	1343	1837440	0.00473045	0.00302084	0.003	0.01	1368.16	850.547	60	9422	
0.4	5.4	19	106	10	3	1	60	1	60	0.003	0	0.003	0.003	60	0	60	60	
0.4	5.4	45	107	8	3	4	240	4	240	0.0065	0.00404145	0.003	0.01	60	0	60	60	
0.4	5.4	30	108	6	3	4	240	4	240	0.00825	0.0035	0.003	0.01	60	0	60	60	
0.4	5.4	8	109	3	3	2	120	2	120	0.003	0	0.003	0.003	60	0	60	60	
0.4	5.4	41	111	22	3	3	180	3	180	0.003	0	0.003	0.003	60	0	60	60	
0.4	5.4	45	112	4	3	1106	2161417	1106	2161417	0.00603164	0.00347009	0.003	0.01	1954.26	1361.12	60	9422	
0.4	5.4	41	113	5	3	1	60	1	60	0.003	0	0.003	0.003	60	0	60	60	
0.4	5.4	40	116	5	3	325	1834908	325	1834908	0.003	0	0.003	0.003	5645.87	3474.8	45	9422	
0.4	5.4	51	117	5	3	222	667060	222	667060	0.00369369	0.00209629	0.003	0.01	3004.77	1268.31	60	7708	
0.4	5.4	10	118	4	3	64	168152	64	168152	0.00376562	0.00220204	0.003	0.01	2627.38	2462.74	60	8873	
0.4	5.4	37	120	12	3	2	120	2	120	0.003	0	0.003	0.003	60	0	60	60	
0.4	5.4	20	121	9	3	1	60	1	60	0.003	0	0.003	0.003	60	0	60	60	
0.4	5.4	13	122	6	3	2	120	2	120	0.0065	0.00494975	0.003	0.01	60	0	60	60	
0.4	5.4	12	123	8	3	3	180	3	180	0.003	0	0.003	0.003	60	0	60	60	
0.4	5.4	39	124	33	3	1	60	1	60	0.003	0	0.003	0.003	60	0	60	60	
0.4	5.4	26	126	6	3	2	120	2	120	0.003	0	0.003	0.003	60	0	60	60	
0.4	5.4	53	127	9	3	201	1030245	201	1030245	0.003	0	0.003	0.003	5125.6	2860.31	45	9422	
0.4	5.4	10	128	3	3	154	696683	153	693133	0.003	0	0.003	0.003	4530.28	2619.64	45	9422	
0.4	5.4	46	130	5	3	28	100101	28	100101	0.007	0.00352767	0.003	0.01	3575.04	2835.46	60	9422	
0.4	5.4	6	131	10	3	2	120	2	120	0.0065	0.00494975	0.003	0.01	60	0	60	60	
0.4	5.4	52	132	28	3	3	180	3	180	0.003	0	0.003	0.003	60	0	60	60	
0.4	5.4	56	133	2	3	1	60	1	60	0.003	0	0.003	0.003	60	0	60	60	
0.4	5.4	18	134	3	3	166	433836	166	433836	0.00426506	0.00270167	0.003	0.01	2613.47	1696.66	60	9422	
0.4	5.4	6	135	1	3	3	180	3	180	0.00766667	0.00404145	0.003	0.01	60	0	60	60	
0.4	5.4	18	138	5	3	2	120	2	120	0.003	0	0.003	0.003	60	0	60	60	
0.4	5.4	26	139	2	3	515	1191304	515	1191304	0.00575922	0.00342403	0.003	0.01	2313.21	916.875	60	7708	
0.4	5.4	48	141	1	3	2	120	2	120	0.01	0	0.01	0.01	60	0	60	60	
0.4	5.4	52	142	11	3	1	60	1	60	0.003	0	0.003	0.003	60	0	60	60	
0.4	5.4	29	143	6	3	465	867857	465	867857	0.00536344	0.00331389	0.003	0.01	1866.36	1654.3	57	9422	
0.4	5.4	2	144	6	3	1	60	1	60	0.01	0	0.01	0.01	60	0	60	60	
0.4	5.4	34	145	8	3	2	120	2	120	0.003	0	0.003	0.003	60	0	60	60	
0.4	5.4	39	146	10	3	2	120	2	120	0.003	0	0.003	0.003	60	0	60	60	
0.4	5.4	25	148	5	3	118	634447	118	634447	0.003	0	0.003	0.003	5376.67	3188.56	45	9422	
0.4	5.4	4	152	4	3	3	180	3	180	0.00766667	0.00404145	0.003	0.01	60	0	60	60	
0.4	5.4	52	153	12	3	3	180	3	180	0.003	0	0.003	0.003	60	0	60	60	
0.4	5.4	6	156	2	3	2	120	2	120	0.01	0	0.01	0.01	60	0	60	60	
0.4	5.4	31	158	3	3	366	1521297	366	1521297	0.00309563	0.000813673	0.003	0.01	4156.55	2258.53	60	9422	
0.4	5.4	4	161	5	3	2	120	2	120	0.003	0	0.003	0.003	60	0	60	60	
0.4	5.4	20	162	6	3	1	60	1	60	0.003	0	0.003	0.003	60	0	60	60	
0.4	5.4	12	164	1	3	297	668188	297	668188	0.00460269	0.00294609	0.003	0.01	2249.79	871.132	60	5324	
0.4	5.4	30	165	8	3	346	1345580	346	1345580	0.00409248	0.00254413	0.003	0.01	3888.96	2184.37	60	9422	
0.4	5.4	33	166	7	3	2	120	2	120	0.003	0	0.003	0.003	60	0	60	60	
0.4	5.4	37	168	21	3	1	60	1	60	0.003	0	0.003	0.003	60	0	60	60	
0.4	5.4	6	171	16	3	247	1007892	247	1007892	0.003	0	0.003	0.003	4080.53	2104.76	60	9422	
0.4	5.4	48	175	4	3	1	60	1	60	0.01	0	0.01	0.01	60	0	60	60	
0.4	5.4	31	177	7	3	4	240	4	240	0.00825	0.0035	0.003	0.01	60	0	60	60	
0.4	5.4	41	178	25	3	4	240	4	240	0.0065	0.00404145	0.003	0.01	60	0	60	60	
0.4	5.4	55	179	22	3	2	120	2	120	0.0065	0.00494975	0.003	0.01	60	0	60	60	
0.4	5.4	16	181	4	3	2	120	2	120	0.0065	0.00494975	0.003	0.01	60	0	60	60	
0.4	5.4	39	186	35	3	3	180	3	180	0.003	0	0.003	0.003	60	0	60	60	
0.4	5.4	55	187	16	3	2	120	2	120	0.0065	0.00494975	0.003	0.01	60	0	60	60	
0.4	5.4	43	190	13	3	1	60	1	60	0.003	0	0.003	0.003	60	0	60	60	
0.4	5.4	17	192	9	3	2	120	2	120	0.003	0	0.003	0.003	60	0	60	60	
0.4	5.4	32	193	6	3	376	1216698	376	1216698	0.003	0	0.003	0.003	3235.9	1576.47	60	9422	
0.4	5.4	39	194	3	3	143	406592	141	401267	0.003	0	0.003	0.003	2845.87	914.068	60	3550	
0.4	5.4	20	195	4	3	1	60	1	60	0.01	0	0.01	0.01	60	0	60	60	
0.4	5.4	16	196	9	3	2	120	2	120	0.003	0	0.003	0.003	60	0	60	60	
0.4	5.4	52	197	3	3	2	120	2	120	0.003	0	0.003	0.003	60	0	60	60	
0.4	5.4	21	198	3	3	1	60	1	60	0.003	0	0.003	0.003	60	0	60	60	
0.4	5.4	20	200	10	3	2	652	2	652	0.01	0	0.01	0.01	326	376.181	60	592	
0.4	5.4	7	203	4	3	2	120	2	120	0.003	0	0.003	0.003	60	0	60	60	
0.4	5.4	28	205	10	3	1	60	1	60	0.01	0	0.01	0.01	60	0	60	60	
0.4	5.4	15	207	5	3	126	688159	126	688159	0.003	0	0.003	0.003	5461.58	3286.72	45	9422	
0.4	5.4	44	211	4	3	2	120	2	120	0.003	0	0.003	0.003	60	0	60	60	
0.4	5.4	21	212	8	3	1	60	1	60	0.003	0	0.003	0.003	60	0	60	60	
0.4	5.4	56	213	7	3	4	240	4	240	0.003	0	0.003	0.003	60	0	60	60	
0.4	5.4	11	216	1	3	189	519015	189	519015	0.0062963	0.00350335	0.003	0.01	2746.11	2360.55	60	9422	
0.4	5.4	41	217	11	3	1	60	1	60	0.003	0	0.003	0.003	60	0	60	60	
0.4	5.4	19	218	11	3	55	286456	55	286456	0.00350909	0.00183457	0.003	0.01	5208.29	3302.82	45	9422	
0.4	5.4	45	222	7	3	1	60	1	60	0.003	0	0.003	0.003	60	0	60	60	
0.4	5.4	37	223	17	3	336	1113154	336	1113154	0.003	0	0.003	0.003	3312.96	1706.44	60	9422	
0.4	5.4	41	224	9	3	2	120	2	120	0.003	0	0.003	0.003	60	0	60	60	
0.4	5.4	4	230	11	3	2	120	2	120	0.003	0	0.003	0.003	60	0	60	60	
0.4	5.4	52	231	21	3	2	120	2	120	0.003	0	0.003	0.003	60	0	60	60	
0.4	5.4	31	232	4	3	4	240	4	240	0.003	0	0.003	0.003	60	0	60	60	
0.4	5.4	32	235	7	3	2	120	2	120	0.0065	0.00494975	0.003	0.01	60	0	60	60	
0.4	5.4	39	236	15	3	2	120	2	120	0.003	0	0.003	0.003	60	0	60	60	
0.4	5.4	11	237	3	3	5	5442	5	5442	0.0044	0.0031305	0.003	0.01	1088.4	742.216	60	1775	
0.4	5.4	17	238	17	3	329	984041	329	984041	0.00308511	0.000768307	0.003	0.01	2991.01	1537.52	340	9422	
0.4	5.4	20	239	3	3	2	120	2	120	0.0065	0.00494975	0.003	0.01	60	0	60	60	
0.4	5.4	31	240	8	3	2	120	2	120	0.01	0	0.01	0.01	60	0	60	60	
0.4	5.4	32	241	11	3	964	2208236	964	2208236	0.003	0	0.003	0.003	2290.7	936.948	56	5324	
0.4	5.4	39	242	27	3	1	60	1	60	0.003	0	0.003	0.003	60	0	60	60	
0.4	5.4	17	243	6	3	1	60	1	60	0.01	0	0.01	0.01	60	0	60	60	
0.4	5.4	51	244	11	3	1	60	1	60	0.003	0	0.003	0.003	60	0	60	60	
0.4	5.4	6	248	27	3	2	120	2	120	0.003	0	0.003	0.003	60	0	60	60	
0.4	5.4	38	249	4	3	114	400641	114	400641	0.003	0	0.003	0.003	3514.39	2014.97	60	9422	
0.4	5.4	13	250	1	3	121	650305	121	650305	0.003	0	0.003	0.003	5374.42	3293.36	45	9422	
0.4	5.4	34	252	18	3	1	60	1	60	0.003	0	0.003	0.003	60	0	60	60	
0.4	5.4	41	254	16	3	2	120	2	120	0.003	0	0.003	0.003	60	0	60	60	
0.4	5.4	28	258	7	3	311	1441520	310	1440336	0.003	0	0.003	0.003	4646.25	2338.86	45	9422	
0.4	5.4	25	260	2	3	1	60	1	60	0.01	0	0.01	0.01	60	0	60	60	
0.4	5.4	9	263	6	3	171	910644	171	910644	0.003	0	0.003	0.003	5325.4	3119.88	45	9422	
0.4	5.4	3	265	4	3	650	1456556	651	1457740	0.00584946	0.00344166	0.003	0.01	2239.23	1203.01	60	9422	
0.4	5.4	21	267	5	3	1	60	1	60	0.003	0	0.003	0.003	60	0	60	60	
0.4	5.4	56	268	1	3	164	705359	164	705359	0.00385366	0.00229762	0.003	0.01	4300.97	2131.52	60	9422	
0.4	5.4	14	269	2	3	1	60	1	60	0.003	0	0.003	0.003	60	0	60	60	
0.4	5.4	21	270	6	3	409	684205	409	684205	0.0039242	0.00237256	0.003	0.01	1672.87	900.519	60	9422	
0.4	5.4	39	272	14	3	2	120	2	120	0.003	0	0.003	0.003	60	0	60	60	
0.4	5.4	47	273	4	3	5	300	5	300	0.0072	0.00383406	0.003	0.01	60	0	60	60	
0.4	5.4	5	274	14	3	1	60	1	60	0.003	0	0.003	0.003	60	0	60	60	
0.4	5.4	52	275	31	3	142	509687	142	509687	0.00329577	0.00141315	0.003	0.01	3589.35	1671.78	60	8873	
0.4	5.4	5	279	28	3	1	60	1	60	0.01	0	0.01	0.01	60	0	60	60	
0.4	5.4	26	280	1	3	2	120	1	60	0.01	0	0.01	0.01	60	0	60	60	
0.4	5.4	39	281	20	3	1	60	1	60	0.003	0	0.003	0.003	60	0	60	60	
0.4	5.4	56	282	3	3	445	968261	445	968261	0.00428989	0.00271698	0.003	0.01	2175.87	1551.08	60	9422	
0.4	5.4	54	283	3	3	3	180	3	180	0.00766667	0.00404145	0.003	0.01	60	0	60	60	
0.4	5.4	34	284	5	3	813	1080307	812	1079715	0.00331034	0.00144176	0.003	0.01	1329.7	598.736	60	9422	
0.4	5.4	4	286	10	3	1	60	1	60	0.003	0	0.003	0.003	60	0	60	60	
0.4	5.4	7	289	2	3	195	1075210	195	1075210	0.003	0	0.003	0.003	5513.9	3490.7	45	9422	
0.4	5.4	19	290	2	3	1	60	1	60	0.003	0	0.003	0.003	60	0	60	60	
0.4	5.4	19	291	6	3	2	120	2	120	0.01	0	0.01	0.01	60	0	60	60	
0.4	5.4	49	292	2	3	210	1179844	210	1179844	0.003	0	0.003	0.003	5618.3	3231.4	45	9422	
0.4	5.4	21	293	11	3	1	60	1	60	0.003	0	0.003	0.003	60	0	60	60	
0.4	5.4	52	294	27	3	2	120	2	120	0.003	0	0.003	0.003	60	0	60	60	
0.4	5.4	55	296	9	3	1	60	1	60	0.003	0	0.003	0.003	60	0	60	60	
0.4	5.4	42	297	6	3	98	411910	98	411910	0.003	0	0.003	0.003	4203.16	2927.98	45	9422	
0.4	5.4	52	298	37	3	2	120	2	120	0.003	0	0.003	0.003	60	0	60	60	
0.4	5.4	42	299	4	3	3	180	3	180	0.00533333	0.00404145	0.003	0.01	60	0	60	60	
0.4	5.4	55	300	31	3	2	120	2	120	0.003	0	0.003	0.003	60	0	60	60	
0.4	5.4	38	301	9	3	129	651478	126	638462	0.00305555	0.00062361	0.003	0.01	5067.16	2484.87	60	9422	
0.4	5.4	9	302	5	3	3	180	3	180	0.00766667	0.00404145	0.003	0.01	60	0	60	60	
0.4	5.4	33	303	9	3	1078	4415626	1078	4415626	0.003	0	0.003	0.003	4096.13	1292.97	56	9422	
0.4	5.4	52	304	8	3	1	60	1	60	0.003	0	0.003	0.003	60	0	60	60	
0.4	5.4	15	305	3	3	3	180	3	180	0.00533333	0.00404145	0.003	0.01	60	0	60	60	
0.4	5.4	32	306	15	3	2	120	2	120	0.0065	0.00494975	0.003	0.01	60	0	60	60	
0.4	5.4	23	307	1	3	1	60	1	60	0.01	0	0.01	0.01	60	0	60	60	
0.4	5.4	27	310	4	3	2	120	2	120	0.01	0	0.01	0.01	60	0	60	60	
0.4	5.4	6	311	31	3	2	120	2	120	0.01	0	0.01	0.01	60	0	60	60	
0.4	5.4	20	312	5	3	6	360	6	360	0.0065	0.00383406	0.003	0.01	60	0	60	60	
0.4	5.4	40	316	7	3	1	60	1	60	0.003	0	0.003	0.003	60	0	60	60	
0.4	5.4	27	317	1	3	373	1803633	373	1803633	0.003	0	0.003	0.003	4835.48	2696.5	45	9422	
0.4	5.4	27	318	2	3	1	60	1	60	0.01	0	0.01	0.01	60	0	60	60	
0.4	5.4	17	319	4	3	1	60	1	60	0.003	0	0.003	0.003	60	0	60	60	
0.4	5.4	47	321	1	3	2	120	2	120	0.003	0	0.003	0.003	60	0	60	60	
0.4	5.4	20	322	8	3	7	420	7	420	0.009	0.00264575	0.003	0.01	60	0	60	60	
0.4	5.4	30	323	5	3	5	300	5	300	0.0044	0.0031305	0.003	0.01	60	0	60	60	
0.4	5.4	18	325	10	3	4	240	4	240	0.003	0	0.003	0.003	60	0	60	60	
0.4	5.4	37	326	18	3	2	120	2	120	0.003	0	0.003	0.003	60	0	60	60	
0.4	5.4	17	328	3	3	1	60	1	60	0.003	0	0.003	0.003	60	0	60	60	
0.4	5.4	32	329	3	3	2	120	2	120	0.003	0	0.003	0.003	60	0	60	60	
0.4	5.4	32	330	9	3	72	288974	72	288974	0.003	0	0.003	0.003	4013.53	3355.28	45	9422	
0.4	5.4	47	334	5	3	5	300	5	300	0.0058	0.00383406	0.003	0.01	60	0	60	60	
0.4	5.4	18	335	7	3	177	985647	178	986295	0.00362921	0.00200779	0.003	0.01	5540.98	3306	45	9422	
0.4	5.4	22	336	6	3	1	60	1	60	0.003	0	0.003	0.003	60	0	60	60	
0.4	5.4	24	338	14	3	36	57551	36	57551	0.003	0	0.003	0.003	1598.64	798.913	60	2961	
0.4	5.4	21	339	4	3	5	300	5	300	0.003	0	0.003	0.003	60	0	60	60	
0.4	5.4	8	341	16	3	2	120	2	120	0.0065	0.00494975	0.003	0.01	60	0	60	60	
0.4	5.4	2	342	12	3	6	360	6	360	0.0065	0.00383406	0.003	0.01	60	0	60	60	
0.4	5.4	39	344	26	3	4	240	4	240	0.003	0	0.003	0.003	60	0	60	60	
0.4	5.4	41	345	29	3	1128	1522489	1126	1520121	0.00534369	0.00330494	0.003	0.01	1350.02	416.045	60	3822	
0.4	5.4	53	346	3	3	3	180	3	180	0.003	0	0.003	0.003	60	0	60	60	
0.4	5.4	19	347	8	3	1	60	1	60	0.003	0	0.003	0.003	60	0	60	60	
0.4	5.4	19	348	5	3	2	120	2	120	0.003	0	0.003	0.003	60	0	60	60	
0.4	5.4	49	352	6	3	2	120	2	120	0.01	0	0.01	0.01	60	0	60	60	
0.4	5.4	13	353	5	3	1	60	1	60	0.01	0	0.01	0.01	60	0	60	60	
0.4	5.4	41	354	24	3	2	120	2	120	0.003	0	0.003	0.003	60	0	60	60	
0.4	5.4	54	355	1	3	224	521503	224	521503	0.00540625	0.00333216	0.003	0.01	2328.14	1732.57	60	9422	
0.4	5.4	28	357	3	3	1	60	1	60	0.003	0	0.003	0.003	60	0	60	60	
0.4	5.4	40	358	1	3	108	507832	108	507832	0.003	0	0.003	0.003	4702.15	2801.38	45	9422	
0.4	5.4	11	359	9	3	1	60	1	60	0.003	0	0.003	0.003	60	0	60	60	
0.4	5.4	34	362	13	3	51	149813	51	149813	0.003	0	0.003	0.003	2937.51	1833.31	60	9422	
0.4	5.4	2	363	15	3	2	120	2	120	0.0065	0.00494975	0.003	0.01	60	0	60	60	
0.4	5.4	39	364	34	3	1	60	1	60	0.003	0	0.003	0.003	60	0	60	60	
0.4	5.4	37	366	2	3	2	120	2	120	0.003	0	0.003	0.003	60	0	60	60	
0.4	5.4	39	367	32	3	4	240	4	240	0.0065	0.00404145	0.003	0.01	60	0	60	60	
0.4	5.4	4	368	2	3	601	988447	601	988447	0.00614476	0.00348483	0.003	0.01	1644.67	1259.41	60	9422	
0.4	5.4	2	370	5	3	8	480	8	480	0.005625	0.00362284	0.003	0.01	60	0	60	60	
0.4	5.4	29	373	5	3	2	652	2	652	0.003	0	0.003	0.003	326	376.181	60	592	
0.4	5.4	34	374	1	3	2	120	2	120	0.003	0	0.003	0.003	60	0	60	60	
0.4	5.4	8	375	15	3	173	311335	171	307785	0.00398246	0.0024386	0.003	0.01	1799.91	350.682	60	3550	
0.4	5.4	52	376	33	3	1128	1473594	1127	1472410	0.00321118	0.00119789	0.003	0.01	1306.49	253.343	60	1775	
0.4	5.4	21	378	7	3	2	120	2	120	0.003	0	0.003	0.003	60	0	60	60	
0.4	5.4	50	380	4	3	80	401828	80	401828	0.003	0	0.003	0.003	5022.85	3504.5	45	9422	
0.4	5.4	18	383	1	3	85	404798	85	404798	0.003	0	0.003	0.003	4762.33	3258.09	45	9422	
0.4	5.4	57	385	3	3	2	120	2	120	0.0065	0.00494975	0.003	0.01	60	0	60	60	
0.4	5.4	36	386	1	3	3	180	3	180	0.00533333	0.00404145	0.003	0.01	60	0	60	60	
0.4	5.4	39	387	16	3	3	180	3	180	0.003	0	0.003	0.003	60	0	60	60	
0.4	5.4	44	389	2	3	2	120	2	120	0.0065	0.00494975	0.003	0.01	60	0	60	60	
0.4	5.4	57	390	4	3	860	2532925	858	2527600	0.003	0	0.003	0.003	2945.92	1150.67	56	7099	
0.4	5.4	57	391	8	3	1	60	1	60	0.003	0	0.003	0.003	60	0	60	60	
0.4	5.4	4	392	7	3	2	120	2	120	0.003	0	0.003	0.003	60	0	60	60	
0.4	5.4	3	394	2	3	1	60	1	60	0.003	0	0.003	0.003	60	0	60	60	
0.4	5.4	29	396	1	3	1	60	1	60	0.01	0	0.01	0.01	60	0	60	60	
0.4	5.4	41	399	23	3	1	60	1	60	0.003	0	0.003	0.003	60	0	60	60	
0.4	5.4	49	400	7	3	2	120	2	120	0.01	0	0.01	0.01	60	0	60	60	
0.4	5.4	35	401	7	3	135	464554	135	464554	0.00538518	0.00333006	0.003	0.01	3441.14	2140.37	60	9422	
0.4	5.4	9	403	4	3	224	1099613	224	1099613	0.003	0	0.003	0.003	4908.99	3300.71	45	9422	
0.4	5.4	57	404	9	3	5	300	5	300	0.0058	0.00383406	0.003	0.01	60	0	60	60	
0.4	5.4	17	405	14	3	164	442165	164	442165	0.003	0	0.003	0.003	2696.13	1615.33	60	9422	
0.4	5.4	24	406	21	3	152	573012	152	573012	0.003	0	0.003	0.003	3769.82	2615.67	45	9422	
0.4	5.4	16	407	8	3	3	180	3	180	0.01	0	0.01	0.01	60	0	60	60	
0.4	5.4	39	408	29	3	2	120	2	120	0.003	0	0.003	0.003	60	0	60	60	
0.4	5.4	3	409	3	3	112	334399	112	334399	0.0030625	0.000661438	0.003	0.01	2985.71	2710.73	60	9422	
0.4	5.4	32	410	13	3	4	240	4	240	0.003	0	0.003	0.003	60	0	60	60	
0.4	5.4	13	411	7	3	1	60	1	60	0.003	0	0.003	0.003	60	0	60	60	
0.4	5.4	6	413	9	3	62	140943	62	140943	0.00672581	0.00352122	0.003	0.01	2273.27	2426.34	45	9422	
0.4	5.4	24	414	17	3	3	180	3	180	0.00533333	0.00404145	0.003	0.01	60	0	60	60	
0.4	5.4	52	415	29	3	1	60	1	60	0.003	0	0.003	0.003	60	0	60	60	
0.4	5.4	45	416	2	3	5	300	5	300	0.0058	0.00383406	0.003	0.01	60	0	60	60	
0.4	5.4	22	420	9	3	2	120	2	120	0.0065	0.00494975	0.003	0.01	60	0	60	60	
0.4	5.4	52	424	26	3	5	300	5	300	0.003	0	0.003	0.003	60	0	60	60	
0.4	5.4	35	425	2	3	3	180	3	180	0.00533333	0.00404145	0.003	0.01	60	0	60	60	
0.4	5.4	29	426	2	3	2	120	2	120	0.01	0	0.01	0.01	60	0	60	60	
0.4	5.4	8	427	14	3	868	1553030	868	1553030	0.00317742	0.00110084	0.003	0.01	1789.21	877.429	60	9422	
0.4	5.4	6	429	15	3	2	120	2	120	0.0065	0.00494975	0.003	0.01	60	0	60	60	
0.4	5.4	41	430	7	3	1	60	1	60	0.01	0	0.01	0.01	60	0	60	60	
0.4	5.4	41	431	3	3	2	120	2	120	0.003	0	0.003	0.003	60	0	60	60	
0.4	5.4	52	432	5	3	148	360477	148	360477	0.003	0	0.003	0.003	2435.66	1464.66	60	9422	
0.4	5.4	34	434	3	3	1	60	1	60	0.01	0	0.01	0.01	60	0	60	60	
0.4	5.4	39	441	1	3	2	120	2	120	0.003	0	0.003	0.003	60	0	60	60	
0.4	5.4	22	444	7	3	3	1892	3	1892	0.003	0	0.003	0.003	630.667	562.2	60	1184	
0.4	5.4	22	445	3	3	227	823116	227	823116	0.00361674	0.00198853	0.003	0.01	3626.06	2237.74	45	9422	
0.4	5.4	52	446	35	3	1	60	1	60	0.003	0	0.003	0.003	60	0	60	60	
0.4	5.4	43	447	7	3	47	140943	47	140943	0.00538298	0.00335283	0.003	0.01	2998.79	1917.59	60	9422	
0.4	5.4	16	448	6	3	3	180	3	180	0.00533333	0.00404145	0.003	0.01	60	0	60	60	
0.4	5.4	9	450	9	3	5	300	5	300	0.003	0	0.003	0.003	60	0	60	60	
0.4	5.4	3	456	9	3	4	240	4	240	0.003	0	0.003	0.003	60	0	60	60	
0.4	5.4	23	457	8	3	2	120	2	120	0.01	0	0.01	0.01	60	0	60	60	
0.4	5.4	17	458	11	3	157	482641	156	475542	0.00555769	0.00338162	0.003	0.01	3048.35	1943.87	45	9422	
0.4	5.4	42	459	10	3	311	1441417	309	1432543	0.003	0	0.003	0.003	4636.06	2067.67	45	9422	
0.4	5.4	54	461	4	3	1	60	1	60	0.01	0	0.01	0.01	60	0	60	60	
0.4	5.4	6	462	7	3	2	120	2	120	0.0065	0.00494975	0.003	0.01	60	0	60	60	
0.4	5.4	52	463	32	3	2	120	2	120	0.003	0	0.003	0.003	60	0	60	60	
0.4	5.4	12	464	5	3	3	180	3	180	0.00533333	0.00404145	0.003	0.01	60	0	60	60	
0.4	5.4	52	465	25	3	2	120	2	120	0.003	0	0.003	0.003	60	0	60	60	
0.4	5.4	43	466	4	3	2	120	2	120	0.0065	0.00494975	0.003	0.01	60	0	60	60	
0.4	5.4	39	467	11	3	5	300	5	300	0.003	0	0.003	0.003	60	0	60	60	
0.4	5.4	1	468	10	3	1	60	1	60	0.01	0	0.01	0.01	60	0	60	60	
0.4	5.4	50	472	2	3	188	1052728	188	1052728	0.003	0	0.003	0.003	5599.62	3596.01	45	9422	
0.4	5.4	15	474	8	3	3	180	3	180	0.00533333	0.00404145	0.003	0.01	60	0	60	60	
0.4	5.4	45	475	1	3	2	120	2	120	0.003	0	0.003	0.003	60	0	60	60	
0.4	5.4	38	476	11	3	4	240	4	240	0.0065	0.00404145	0.003	0.01	60	0	60	60	
0.4	5.4	41	479	20	3	1	60	1	60	0.003	0	0.003	0.003	60	0	60	60	
0.4	5.4	24	480	8	3	2	120	2	120	0.003	0	0.003	0.003	60	0	60	60	
0.4	5.4	18	481	4	3	2	120	2	120	0.0065	0.00494975	0.003	0.01	60	0	60	60	
0.4	5.4	15	482	9	3	2	120	2	120	0.0065	0.00494975	0.003	0.01	60	0	60	60	
0.4	5.4	6	483	14	3	2	120	2	120	0.0065	0.00494975	0.003	0.01	60	0	60	60	
0.4	5.4	36	484	2	3	1	60	1	60	0.003	0	0.003	0.003	60	0	60	60	
0.4	5.4	39	486	31	3	2	120	2	120	0.003	0	0.003	0.003	60	0	60	60	
0.4	5.4	37	488	9	3	4	240	4	240	0.003	0	0.003	0.003	60	0	60	60	
0.4	5.4	42	489	13	3	1	60	1	60	0.003	0	0.003	0.003	60	0	60	60	
0.4	5.4	56	490	8	3	162	807231	162	807231	0.003	0	0.003	0.003	4982.91	3270.04	45	9422	
0.4	5.4	31	491	6	3	1	60	1	60	0.003	0	0.003	0.003	60	0	60	60	
0.4	5.4	37	492	13	3	2	120	2	120	0.0065	0.00494975	0.003	0.01	60	0	60	60	
0.4	5.4	45	493	9	3	58	146274	58	146274	0.00517241	0.00326673	0.003	0.01	2521.97	1906.72	60	9422	
0.4	5.4	29	496	3	3	2	120	2	120	0.0065	0.00494975	0.003	0.01	60	0	60	60	
0.4	5.4	23	497	2	3	187	970025	187	970025	0.003	0	0.003	0.003	5187.3	3542.19	45	9422	
0.4	5.4	15	498	7	3	1	60	1	60	0.003	0	0.003	0.003	60	0	60	60	
0.4	5.4	34	501	17	3	1	60	1	60	0.003	0	0.003	0.003	60	0	60	60	
0.4	5.4	2	504	4	3	2	120	2	120	0.003	0	0.003	0.003	60	0	60	60	
0.4	5.4	2	505	13	3	1	60	1	60	0.003	0	0.003	0.003	60	0	60	60	
0.4	5.4	34	507	7	3	2	120	2	120	0.003	0	0.003	0.003	60	0	60	60	
0.4	5.4	10	508	8	3	1	60	1	60	0.003	0	0.003	0.003	60	0	60	60	
0.4	5.4	9	510	2	3	1	60	1	60	0.003	0	0.003	0.003	60	0	60	60	
0.4	5.4	55	512	24	3	1	60	1	60	0.003	0	0.003	0.003	60	0	60	60	
0.4	5.4	39	513	22	3	4	240	4	240	0.0065	0.00404145	0.003	0.01	60	0	60	60	
0.4	5.4	10	514	6	3	394	1130827	394	1130827	0.00538071	0.00332042	0.003	0.01	2870.12	1046.33	60	5324	
0.4	5.4	42	515	1	3	130	542796	130	542796	0.003	0	0.003	0.003	4175.35	2805.36	45	9422	
0.4	5.4	10	518	10	3	4	240	4	240	0.0065	0.00404145	0.003	0.01	60	0	60	60	
0.4	5.4	3	519	5	3	70	320178	70	320178	0.003	0	0.003	0.003	4573.97	3065.74	60	9422	
0.4	5.4	42	523	12	3	3	180	3	180	0.003	0	0.003	0.003	60	0	60	60	
0.4	5.4	28	524	6	3	1	60	1	60	0.003	0	0.003	0.003	60	0	60	60	
0.4	5.4	24	527	23	3	645	1331255	644	1327765	0.003	0	0.003	0.003	2061.75	1463.56	60	9422	
0.4	5.4	8	528	6	3	1	592	1	592	0.003	0	0.003	0.003	592	0	592	592	
0.4	5.4	41	529	14	3	218	335743	218	335743	0.003	0	0.003	0.003	1540.11	971.775	60	9422	
0.4	5.4	6	530	17	3	15	24494	15	24494	0.0072	0.00354965	0.003	0.01	1632.93	1211.77	60	4141	
0.4	5.4	36	531	5	3	2	120	2	120	0.0065	0.00494975	0.003	0.01	60	0	60	60	
0.4	5.4	1	532	12	3	2	120	2	120	0.0065	0.00494975	0.003	0.01	60	0	60	60	
0.4	5.4	34	533	14	3	1	60	1	60	0.003	0	0.003	0.003	60	0	60	60	
0.4	5.4	55	534	23	3	1	60	1	60	0.003	0	0.003	0.003	60	0	60	60	
0.4	5.4	33	535	4	3	1	60	1	60	0.003	0	0.003	0.003	60	0	60	60	
0.4	5.4	57	537	7	3	1	60	1	60	0.003	0	0.003	0.003	60	0	60	60	
0.4	5.4	35	540	1	3	168	840449	168	840449	0.003	0	0.003	0.003	5002.67	3041.7	45	9422	
0.4	5.4	4	541	3	3	1	60	1	60	0.003	0	0.003	0.003	60	0	60	60	
0.4	5.4	55	542	29	3	2	120	2	120	0.003	0	0.003	0.003	60	0	60	60	
0.4	5.4	55	543	15	3	1040	1392842	1038	1390474	0.00408574	0.00253526	0.003	0.01	1339.57	350.236	60	5324	
0.4	5.4	7	544	5	3	133	366938	133	366938	0.00810526	0.00312192	0.003	0.01	2758.93	2644.19	60	9422	
0.4	5.4	11	547	4	3	28	116074	28	116074	0.003	0	0.003	0.003	4145.5	3027.04	60	9422	
0.4	5.4	52	548	15	3	6	360	6	360	0.003	0	0.003	0.003	60	0	60	60	
0.4	5.4	39	549	36	3	1	60	1	60	0.003	0	0.003	0.003	60	0	60	60	
0.4	5.4	34	550	16	3	1	60	1	60	0.003	0	0.003	0.003	60	0	60	60	
0.4	5.4	16	551	2	3	1	60	1	60	0.003	0	0.003	0.003	60	0	60	60	
0.4	5.4	41	552	1	3	2	120	2	120	0.003	0	0.003	0.003	60	0	60	60	
0.4	5.4	31	553	1	3	88	266955	88	266955	0.003	0	0.003	0.003	3033.58	2832.14	60	9422	
0.4	5.4	55	554	2	3	2	120	2	120	0.003	0	0.003	0.003	60	0	60	60	
0.4	5.4	55	555	7	3	1	60	1	60	0.003	0	0.003	0.003	60	0	60	60	
0.4	5.4	53	559	5	3	154	645594	154	645594	0.00318182	0.00111704	0.003	0.01	4192.17	2577.61	45	9422	
0.4	5.4	33	561	1	3	1	60	1	60	0.003	0	0.003	0.003	60	0	60	60	
0.4	5.4	46	562	2	3	45	229074	45	229074	0.003	0	0.003	0.003	5090.53	3392.89	45	9422	
0.4	5.4	22	563	1	3	110	510227	110	510227	0.003	0	0.003	0.003	4638.43	3306.79	45	9422	
0.4	5.4	55	565	28	3	1	60	1	60	0.003	0	0.003	0.003	60	0	60	60	
0.4	5.4	6	566	20	3	46	95387	46	95387	0.00726087	0.00345405	0.003	0.01	2073.63	1499.12	60	7708	
0.4	5.4	52	568	30	3	2	120	2	120	0.0065	0.00494975	0.003	0.01	60	0	60	60	
0.4	5.4	20	570	13	3	3	180	3	180	0.00766667	0.00404145	0.003	0.01	60	0	60	60	
0.4	5.4	2	571	2	3	5	300	5	300	0.003	0	0.003	0.003	60	0	60	60	
0.4	5.4	37	578	7	3	3	180	3	180	0.00766667	0.00404145	0.003	0.01	60	0	60	60	
0.4	5.4	55	579	3	3	157	649162	157	649162	0.00514013	0.00323534	0.003	0.01	4134.79	2934.49	45	9422	
0.4	5.4	42	580	3	3	1	60	1	60	0.01	0	0.01	0.01	60	0	60	60	
0.4	5.4	41	581	6	3	4	240	4	240	0.003	0	0.003	0.003	60	0	60	60	
0.4	5.4	19	582	7	3	2	120	2	120	0.0065	0.00494975	0.003	0.01	60	0	60	60	
0.4	5.4	11	583	2	3	2	652	2	652	0.01	0	0.01	0.01	326	376.181	60	592	
0.4	5.4	13	584	10	3	1	60	1	60	0.01	0	0.01	0.01	60	0	60	60	
0.4	5.4	56	587	5	3	2	120	2	120	0.01	0	0.01	0.01	60	0	60	60	
0.4	5.4	13	588	2	3	1	60	1	60	0.003	0	0.003	0.003	60	0	60	60	
0.4	5.4	4	589	1	3	1	60	1	60	0.003	0	0.003	0.003	60	0	60	60	
0.4	5.4	55	590	6	3	1	60	1	60	0.003	0	0.003	0.003	60	0	60	60	
0.4	5.4	19	591	4	3	1	60	1	60	0.003	0	0.003	0.003	60	0	60	60	
0.4	5.4	41	592	4	3	1	60	1	60	0.003	0	0.003	0.003	60	0	60	60	
0.4	5.4	17	593	8	3	145	416214	145	416214	0.00328965	0.00139899	0.003	0.01	2870.44	2282.21	6	8873	
0.4	5.4	28	594	4	3	3	180	3	180	0.00533333	0.00404145	0.003	0.01	60	0	60	60	
0.4	5.4	39	597	12	3	1	60	1	60	0.003	0	0.003	0.003	60	0	60	60	
0.4	5.4	48	598	5	3	224	1076864	224	1076864	0.0033125	0.00144887	0.003	0.01	4807.43	2738.8	45	9422	
0.4	5.4	24	599	19	3	4	240	4	240	0.00475	0.0035	0.003	0.01	60	0	60	60	
0.4	5.4	9	600	8	3	2	120	2	120	0.003	0	0.003	0.003	60	0	60	60	
0.4	5.4	1	601	19	3	2	120	2	120	0.003	0	0.003	0.003	60	0	60	60	
0.4	5.4	54	602	5	3	458	1575878	458	1575878	0.00422271	0.00266071	0.003	0.01	3440.78	2612.05	60	9422	
0.4	5.4	55	604	19	3	2	120	2	120	0.003	0	0.003	0.003	60	0	60	60	
0.4	5.4	25	605	4	3	172	997578	172	997578	0.003	0	0.003	0.003	5799.87	3348.46	45	9422	
0.4	5.4	34	606	9	3	3	180	3	180	0.00533333	0.00404145	0.003	0.01	60	0	60	60	
0.4	5.4	39	608	25	3	1	60	1	60	0.003	0	0.003	0.003	60	0	60	60	
0.4	5.4	20	609	1	3	1	60	1	60	0.01	0	0.01	0.01	60	0	60	60	
0.4	5.4	15	610	4	3	1	60	1	60	0.01	0	0.01	0.01	60	0	60	60	
0.4	5.4	15	612	1	3	2	120	2	120	0.0065	0.00494975	0.003	0.01	60	0	60	60	
0.4	5.4	52	613	34	3	1	60	1	60	0.003	0	0.003	0.003	60	0	60	60	
0.4	5.4	8	614	9	3	2	120	2	120	0.003	0	0.003	0.003	60	0	60	60	
0.4	5.4	29	615	8	3	3	180	3	180	0.003	0	0.003	0.003	60	0	60	60	
0.4	5.4	55	616	17	3	2	120	2	120	0.003	0	0.003	0.003	60	0	60	60	
0.4	5.4	33	618	6	3	4	240	4	240	0.003	0	0.003	0.003	60	0	60	60	
0.4	5.4	52	619	13	3	3	180	3	180	0.003	0	0.003	0.003	60	0	60	60	
0.4	5.4	51	621	4	3	2	120	2	120	0.0065	0.00494975	0.003	0.01	60	0	60	60	
0.4	5.4	52	624	4	3	1	60	1	60	0.003	0	0.003	0.003	60	0	60	60	
0.4	5.4	40	626	3	3	2	120	2	120	0.01	0	0.01	0.01	60	0	60	60	
0.4	5.4	52	627	24	3	2	120	2	120	0.003	0	0.003	0.003	60	0	60	60	
0.4	5.4	41	628	27	3	1	60	1	60	0.003	0	0.003	0.003	60	0	60	60	
0.4	5.4	39	630	7	3	1	60	1	60	0.003	0	0.003	0.003	60	0	60	60	
0.4	5.4	56	631	4	3	1	60	1	60	0.01	0	0.01	0.01	60	0	60	60	
0.4	5.4	39	633	4	3	2	120	2	120	0.0065	0.00494975	0.003	0.01	60	0	60	60	
0.4	5.4	2	635	1	3	2	120	2	120	0.01	0	0.01	0.01	60	0	60	60	
0.4	5.4	8	636	2	3	5	300	5	300	0.003	0	0.003	0.003	60	0	60	60	
0.4	5.4	33	637	3	3	3	180	3	180	0.003	0	0.003	0.003	60	0	60	60	
0.4	5.4	44	638	3	3	48	248596	48	248596	0.003	0	0.003	0.003	5179.08	3303.32	45	9422	
0.4	5.4	33	639	2	3	3	180	3	180	0.003	0	0.003	0.003	60	0	60	60	
0.4	5.4	41	641	13	3	1	60	1	60	0.003	0	0.003	0.003	60	0	60	60	
0.4	5.4	2	642	8	3	4	240	4	240	0.003	0	0.003	0.003	60	0	60	60	
0.4	5.4	37	643	20	3	1	60	1	60	0.003	0	0.003	0.003	60	0	60	60	
0.4	5.4	1	644	33	3	2	120	2	120	0.0065	0.00494975	0.003	0.01	60	0	60	60	
0.4	5.4	13	645	9	3	1	60	1	60	0.01	0	0.01	0.01	60	0	60	60	
0.4	5.4	57	646	6	3	2	120	2	120	0.0065	0.00494975	0.003	0.01	60	0	60	60	
0.4	5.4	37	647	5	3	4	240	4	240	0.00475	0.0035	0.003	0.01	60	0	60	60	
0.4	5.4	28	648	2	3	2	120	2	120	0.003	0	0.003	0.003	60	0	60	60	
0.4	5.4	55	649	11	3	1	60	1	60	0.01	0	0.01	0.01	60	0	60	60	
0.4	5.4	26	651	5	3	1	60	1	60	0.01	0	0.01	0.01	60	0	60	60	
0.4	5.4	30	653	1	3	1	60	1	60	0.003	0	0.003	0.003	60	0	60	60	
0.4	5.4	55	654	14	3	2	120	2	120	0.003	0	0.003	0.003	60	0	60	60	
0.4	5.4	21	655	9	3	4	240	4	240	0.003	0	0.003	0.003	60	0	60	60	
0.4	5.4	32	657	17	3	4	240	4	240	0.00475	0.0035	0.003	0.01	60	0	60	60	
0.4	5.4	35	659	4	3	96	476969	96	476969	0.003	0	0.003	0.003	4968.43	3261.58	45	9422	
0.4	5.4	5	661	46	3	5	300	5	300	0.0072	0.00383406	0.003	0.01	60	0	60	60	
0.4	5.4	5	662	39	3	2	120	2	120	0.0065	0.00494975	0.003	0.01	60	0	60	60	
0.4	5.4	5	663	10	3	1	60	1	60	0.003	0	0.003	0.003	60	0	60	60	
0.4	5.4	6	664	18	3	247	424401	247	424401	0.00549393	0.00335909	0.003	0.01	1718.22	1565.76	60	9422	
0.4	5.4	24	665	24	3	210	394289	210	394289	0.00596667	0.00346739	0.003	0.01	1877.57	1687.01	60	9422	
0.4	5.4	5	666	32	3	1286	1821992	1286	1821992	0.00412675	0.00257349	0.003	0.01	1416.79	658.075	41	9422	
0.4	5.4	5	667	30	3	549	777773	549	777773	0.00469581	0.00300189	0.003	0.01	1416.71	497.067	23	6882	
0.4	5.4	5	668	16	3	4	3667	4	3667	0.003	0	0.003	0.003	916.75	733.545	60	1775	
0.4	5.4	43	670	3	3	145	713054	145	713054	0.003	0	0.003	0.003	4917.61	2831.79	45	9422	
0.4	5.4	43	671	8	3	24	70534	24	70534	0.003	0	0.003	0.003	2938.92	1588.71	60	5916	
0.4	5.4	24	672	7	3	3	180	3	180	0.01	0.007	0.003	0.017	60	0	60	60	
0.4	5.4	43	673	9	3	103	447394	103	447394	0.003	0	0.003	0.003	4343.63	2721.18	45	9422	
0.4	5.4	1	674	18	3	195	412043	195	412043	0.003	0	0.003	0.003	2113.04	1343.52	60	9422	
0.4	5.4	5	675	36	3	1	60	1	60	0.003	0	0.003	0.003	60	0	60	60	
0.4	5.4	5	676	40	3	4	240	4	240	0.00825	0.0035	0.003	0.01	60	0	60	60	
0.4	5.4	6	677	22	3	1	60	1	60	0.01	0	0.01	0.01	60	0	60	60	
0.4	5.4	24	678	6	3	451	661207	451	661207	0.00563858	0.00339611	0.003	0.01	1466.09	656.694	13	9422	
0.4	5.4	24	679	9	3	1	60	1	60	0.003	0	0.003	0.003	60	0	60	60	
0.4	5.4	5	680	24	3	6	360	6	360	0.0065	0.00383406	0.003	0.01	60	0	60	60	
0.4	5.4	5	681	3	3	1	60	1	60	0.003	0	0.003	0.003	60	0	60	60	
0.4	5.4	6	684	3	3	2	120	2	120	0.003	0	0.003	0.003	60	0	60	60	
0.4	5.4	24	687	20	3	2	120	2	120	0.0065	0.00494975	0.003	0.01	60	0	60	60	
0.4	5.4	5	689	8	3	2	120	2	120	0.01	0	0.01	0.01	60	0	60	60	
0.4	5.4	5	692	33	3	1	60	1	60	0.003	0	0.003	0.003	60	0	60	60	
0.4	5.4	1	693	8	3	982	1328149	981	1326965	0.00412028	0.00256782	0.003	0.01	1352.67	717.257	43	9422	
0.4	5.4	6	695	12	3	4	240	4	240	0.0065	0.00404145	0.003	0.01	60	0	60	60	
0.4	5.4	1	696	15	3	1	60	1	60	0.003	0	0.003	0.003	60	0	60	60	
0.4	5.4	1	697	3	3	2	120	2	120	0.003	0	0.003	0.003	60	0	60	60	
0.4	5.4	5	699	31	3	2	120	2	120	0.003	0	0.003	0.003	60	0	60	60	
0.4	5.4	24	700	12	3	1	60	1	60	0.01	0	0.01	0.01	60	0	60	60	
0.4	5.4	5	701	27	3	2	120	2	120	0.0065	0.00494975	0.003	0.01	60	0	60	60	
0.4	5.4	1	702	11	3	2	120	2	120	0.003	0	0.003	0.003	60	0	60	60	
0.4	5.4	1	703	7	3	190	205518	190	205518	0.00403158	0.00248787	0.003	0.01	1081.67	455.132	60	1932	
0.4	5.4	1	704	29	3	51	79415	51	79415	0.003	0	0.003	0.003	1557.16	429.68	60	1775	
0.4	5.4	24	708	4	3	3	180	3	180	0.01	0	0.01	0.01	60	0	60	60	
0.4	5.4	6	709	30	3	3	180	3	180	0.00766667	0.00404145	0.003	0.01	60	0	60	60	
0.4	5.4	1	710	16	3	3	180	3	180	0.003	0	0.003	0.003	60	0	60	60	
0.4	5.4	24	711	13	3	6	360	6	360	0.00766667	0.00361478	0.003	0.01	60	0	60	60	
0.4	5.4	5	712	37	3	1	60	1	60	0.003	0	0.003	0.003	60	0	60	60	
0.4	5.4	5	713	4	3	75	112568	75	112568	0.003	0	0.003	0.003	1500.91	790.008	60	3550	
0.4	5.4	5	714	45	3	3	180	3	180	0.00533333	0.00404145	0.003	0.01	60	0	60	60	
0.4	5.4	5	716	48	3	2	120	2	120	0.01	0	0.01	0.01	60	0	60	60	
0.4	5.4	5	717	7	3	507	758435	507	758435	0.00482248	0.00307483	0.003	0.01	1495.93	435.721	60	2769	
0.4	5.4	6	718	4	3	45	88994	45	88994	0.00797778	0.00320857	0.003	0.01	1977.64	1312.21	60	8282	
0.4	5.4	1	720	23	3	3	180	3	180	0.00533333	0.00404145	0.003	0.01	60	0	60	60	
0.4	5.4	1	721	21	3	2	120	2	120	0.0065	0.00494975	0.003	0.01	60	0	60	60	
0.4	5.4	1	724	1	3	1	60	1	60	0.003	0	0.003	0.003	60	0	60	60	
0.4	5.4	5	725	47	3	5	300	5	300	0.0044	0.0031305	0.003	0.01	60	0	60	60	
0.4	5.4	24	727	1	3	194	241580	194	241580	0.00527319	0.00328643	0.003	0.01	1245.26	669.109	60	3550	
0.4	5.4	24	728	10	3	135	530298	135	530298	0.003	0	0.003	0.003	3928.13	2881.65	45	9422	
0.4	5.4	43	729	1	3	342	1246086	341	1244902	0.00328739	0.00139097	0.003	0.01	3650.74	1764.06	340	9422	
0.4	5.4	5	730	20	3	231	550655	231	550655	0.003	0	0.003	0.003	2383.79	1711.76	60	9422	
0.4	5.4	6	731	21	3	2	120	2	120	0.01	0	0.01	0.01	60	0	60	60	
0.4	5.4	5	732	43	3	5	300	5	300	0.0044	0.0031305	0.003	0.01	60	0	60	60	
0.4	5.4	5	733	25	3	5	300	5	300	0.0058	0.00383406	0.003	0.01	60	0	60	60	
0.4	5.4	1	734	2	3	508	811773	507	809998	0.0038284	0.00226333	0.003	0.01	1597.63	413.55	60	3550	
0.4	5.4	24	735	11	3	176	641681	176	641681	0.003	0	0.003	0.003	3645.91	2613.28	44	9422	
0.4	5.4	1	736	31	3	2	120	2	120	0.0065	0.00494975	0.003	0.01	60	0	60	60	
0.4	5.4	24	737	2	3	76	222634	76	222634	0.003	0	0.003	0.003	2929.39	1551.72	60	9422	
0.4	5.4	24	738	22	3	39	94224	39	94224	0.003	0	0.003	0.003	2416	1449.3	60	7099	
0.4	5.4	5	739	6	3	1	60	1	60	0.003	0	0.003	0.003	60	0	60	60	
0.4	5.4	1	740	4	3	149	334009	149	334009	0.003	0	0.003	0.003	2241.67	1595.65	60	9422	
0.4	5.4	5	741	23	3	251	236395	251	236395	0.00514741	0.00352451	0.003	0.017	941.813	407.632	43	1836	
0.4	5.4	5	742	35	3	2	120	2	120	0.003	0	0.003	0.003	60	0	60	60	
0.4	5.4	6	743	8	3	1	60	1	60	0.01	0	0.01	0.01	60	0	60	60	
0.4	5.4	1	745	26	3	497	721008	497	721008	0.00366197	0.00205038	0.003	0.01	1450.72	415.76	60	4139	
0.4	5.4	24	748	15	3	158	581880	158	581880	0.003	0	0.003	0.003	3682.78	2617.59	45	9422	
