% start	end	CellId	IMSI	RNTI	LCID	nTxPDUs	TxBytes	nRxPDUs	RxBytes	delay	stdDev	min	max	PduSize	stdDev	min	max
0.4	5.4	19	1	2	3	123	304246	123	304246	0.00658536	0.00351327	0.003	0.01	2473.54	1673.4	60	7708	
0.4	5.4	34	2	18	3	260	1391831	260	1391831	0.003	0	0.003	0.003	5353.2	3249.52	45	9422	
0.4	5.4	24	3	6	3	2	120	2	120	0.0065	0.00494975	0.003	0.01	60	0	60	60	
0.4	5.4	55	5	2	3	1	60	1	60	0.01	0	0.01	0.01	60	0	60	60	
0.4	5.4	45	6	7	3	150	377625	150	377625	0.00416667	0.00261749	0.003	0.01	2517.5	2011.04	60	9422	
0.4	5.4	7	7	7	3	167	918308	167	918308	0.00333533	0.00149944	0.003	0.01	5498.85	3264.4	45	9422	
0.4	5.4	46	9	5	3	370	752428	367	748285	0.0053842	0.0033219	0.003	0.01	2038.92	1610.88	60	9422	
0.4	5.4	23	10	8	3	1	60	1	60	0.01	0	0.01	0.01	60	0	60	60	
0.4	5.4	10	11	5	3	1	60	1	60	0.01	0	0.01	0.01	60	0	60	60	
0.4	5.4	20	12	2	3	3	180	3	180	0.01	0	0.01	0.01	60	0	60	60	
0.4	5.4	26	13	6	3	173	968004	173	968004	0.00340462	0.00163834	0.003	0.01	5595.4	3141	45	9422	
0.4	5.4	6	17	13	3	859	1452541	859	1452541	0.005078	0.00319997	0.003	0.01	1690.97	1047.85	15	9422	
0.4	5.4	41	18	31	3	1	60	1	60	0.003	0	0.003	0.003	60	0	60	60	
0.4	5.4	53	19	7	3	1	60	1	60	0.003	0	0.003	0.003	60	0	60	60	
0.4	5.4	31	21	4	3	1	60	1	60	0.003	0	0.003	0.003	60	0	60	60	
0.4	5.4	16	23	6	3	124	217291	124	217291	0.00435484	0.00277677	0.003	0.01	1752.35	2068.42	60	9422	
0.4	5.4	56	26	7	3	1	60	1	60	0.003	0	0.003	0.003	60	0	60	60	
0.4	5.4	21	27	24	3	3	180	3	180	0.00766667	0.00404145	0.003	0.01	60	0	60	60	
0.4	5.4	39	29	7	3	2	120	2	120	0.003	0	0.003	0.003	60	0	60	60	
0.4	5.4	2	34	6	3	4	240	4	240	0.003	0	0.003	0.003	60	0	60	60	
0.4	5.4	52	36	25	3	2	120	2	120	0.003	0	0.003	0.003	60	0	60	60	
0.4	5.4	35	37	2	3	4	240	4	240	0.00475	0.0035	0.003	0.01	60	0	60	60	
0.4	5.4	15	38	5	3	2	120	2	120	0.003	0	0.003	0.003	60	0	60	60	
0.4	5.4	16	39	7	3	521	818590	521	818590	0.0052572	0.00327506	0.003	0.01	1571.19	583.618	60	5324	
0.4	5.4	1	43	7	3	1	60	1	60	0.003	0	0.003	0.003	60	0	60	60	
0.4	5.4	15	45	6	3	1	60	1	60	0.003	0	0.003	0.003	60	0	60	60	
0.4	5.4	39	46	36	3	1	60	1	60	0.01	0	0.01	0.01	60	0	60	60	
0.4	5.4	39	47	29	3	2	120	2	120	0.003	0	0.003	0.003	60	0	60	60	
0.4	5.4	29	48	7	3	1	60	1	60	0.01	0	0.01	0.01	60	0	60	60	
0.4	5.4	45	49	8	3	2	120	2	120	0.01	0	0.01	0.01	60	0	60	60	
0.4	5.4	40	52	10	3	1	60	1	60	0.01	0	0.01	0.01	60	0	60	60	
0.4	5.4	22	54	8	3	5	300	5	300	0.0044	0.0031305	0.003	0.01	60	0	60	60	
0.4	5.4	41	56	38	3	3	180	3	180	0.003	0	0.003	0.003	60	0	60	60	
0.4	5.4	30	58	7	3	145	631616	144	625109	0.003	0	0.003	0.003	4341.03	2369.99	60	9422	
0.4	5.4	56	59	3	3	1	60	1	60	0.01	0	0.01	0.01	60	0	60	60	
0.4	5.4	52	60	1	3	7	420	7	420	0.003	0	0.003	0.003	60	0	60	60	
0.4	5.4	23	61	11	3	180	628523	180	628523	0.00478889	0.00306173	0.003	0.01	3491.79	2772.15	60	9422	
0.4	5.4	10	63	1	3	149	674675	149	674675	0.00595973	0.00346971	0.003	0.01	4528.02	2411.95	60	9422	
0.4	5.4	3	64	3	3	170	261673	170	261673	0.00612941	0.00349061	0.003	0.01	1539.25	1229.21	60	5972	
0.4	5.4	1	65	4	3	534	748238	528	740543	0.00647348	0.00350322	0.003	0.01	1402.54	867.707	60	6882	
0.4	5.4	51	67	10	3	6	360	6	360	0.00533333	0.00361478	0.003	0.01	60	0	60	60	
0.4	5.4	30	69	10	3	576	893217	576	893217	0.0076059	0.00332358	0.003	0.01	1550.72	1166.07	57	7708	
0.4	5.4	21	70	5	3	234	490639	234	490639	0.00458547	0.00293623	0.003	0.01	2096.75	1466.93	60	9422	
0.4	5.4	33	71	5	3	5	300	5	300	0.0072	0.00383406	0.003	0.01	60	0	60	60	
0.4	5.4	40	72	7	3	1	60	1	60	0.003	0	0.003	0.003	60	0	60	60	
0.4	5.4	21	73	8	3	1	60	1	60	0.003	0	0.003	0.003	60	0	60	60	
0.4	5.4	51	74	5	3	1	60	1	60	0.01	0	0.01	0.01	60	0	60	60	
0.4	5.4	52	75	21	3	2	120	2	120	0.003	0	0.003	0.003	60	0	60	60	
0.4	5.4	35	77	6	3	1	60	1	60	0.003	0	0.003	0.003	60	0	60	60	
0.4	5.4	22	81	2	3	1	60	1	60	0.01	0	0.01	0.01	60	0	60	60	
0.4	5.4	22	82	5	3	1	60	1	60	0.003	0	0.003	0.003	60	0	60	60	
0.4	5.4	39	83	13	3	3	180	3	180	0.003	0	0.003	0.003	60	0	60	60	
0.4	5.4	13	86	3	3	1	60	1	60	0.01	0	0.01	0.01	60	0	60	60	
0.4	5.4	11	88	5	3	129	502185	129	502185	0.003	0	0.003	0.003	3892.91	2980.95	45	9422	
0.4	5.4	9	91	7	3	1	60	1	60	0.003	0	0.003	0.003	60	0	60	60	
0.4	5.4	27	93	2	3	4	240	4	240	0.00475	0.0035	0.003	0.01	60	0	60	60	
0.4	5.4	23	96	4	3	2	120	2	120	0.003	0	0.003	0.003	60	0	60	60	
0.4	5.4	55	97	9	3	1	60	1	60	0.01	0	0.01	0.01	60	0	60	60	
0.4	5.4	21	100	20	3	137	567533	137	567533	0.0049416	0.00314541	0.003	0.01	4142.58	2718	45	9422	
0.4	5.4	37	101	27	3	2	120	2	120	0.003	0	0.003	0.003	60	0	60	60	
0.4	5.4	13	103	6	3	1	60	1	60	0.003	0	0.003	0.003	60	0	60	60	
0.4	5.4	57	104	5	3	1	60	1	60	0.003	0	0.003	0.003	60	0	60	60	
0.4	5.4	16	105	3	3	1	60	1	60	0.003	0	0.003	0.003	60	0	60	60	
0.4	5.4	42	106	1	3	3	180	3	180	0.003	0	0.003	0.003	60	0	60	60	
0.4	5.4	9	107	9	3	199	851751	199	851751	0.003	0	0.003	0.003	4280.16	2657.96	45	9422	
0.4	5.4	13	109	7	3	4	240	4	240	0.00475	0.0035	0.003	0.01	60	0	60	60	
0.4	5.4	37	111	6	3	1	60	1	60	0.003	0	0.003	0.003	60	0	60	60	
0.4	5.4	45	117	6	3	2	116	2	116	0.003	0	0.003	0.003	58	2.82843	56	60	
0.4	5.4	30	120	8	3	5	300	5	300	0.0086	0.0031305	0.003	0.01	60	0	60	60	
0.4	5.4	27	121	8	3	3	180	3	180	0.003	0	0.003	0.003	60	0	60	60	
0.4	5.4	24	122	2	3	2	120	2	120	0.01	0	0.01	0.01	60	0	60	60	
0.4	5.4	36	126	4	3	1	60	1	60	0.01	0	0.01	0.01	60	0	60	60	
0.4	5.4	21	127	14	3	2	120	2	120	0.0065	0.00494975	0.003	0.01	60	0	60	60	
0.4	5.4	44	128	8	3	4	240	4	240	0.00475	0.0035	0.003	0.01	60	0	60	60	
0.4	5.4	57	129	11	3	219	596547	219	596547	0.00303196	0.000473016	0.003	0.01	2723.96	1007.85	60	5324	
0.4	5.4	42	134	6	3	84	268848	82	258789	0.00479268	0.00307414	0.003	0.01	3155.96	2299.94	60	9422	
0.4	5.4	17	136	3	3	3	180	3	180	0.00533333	0.00404145	0.003	0.01	60	0	60	60	
0.4	5.4	55	137	12	3	4	240	4	240	0.0065	0.00404145	0.003	0.01	60	0	60	60	
0.4	5.4	57	138	1	3	2	120	2	120	0.003	0	0.003	0.003	60	0	60	60	
0.4	5.4	11	139	1	3	1	60	1	60	0.01	0	0.01	0.01	60	0	60	60	
0.4	5.4	38	140	6	3	924	1280404	923	1279220	0.00463814	0.0029653	0.003	0.01	1385.94	704.513	60	9422	
0.4	5.4	52	141	32	3	3	180	3	180	0.003	0	0.003	0.003	60	0	60	60	
0.4	5.4	55	142	13	3	2	120	2	120	0.003	0	0.003	0.003	60	0	60	60	
0.4	5.4	52	144	31	3	2	120	2	120	0.003	0	0.003	0.003	60	0	60	60	
0.4	5.4	52	145	9	3	3	180	3	180	0.003	0	0.003	0.003	60	0	60	60	
0.4	5.4	52	146	14	3	5	300	5	300	0.0072	0.00383406	0.003	0.01	60	0	60	60	
0.4	5.4	12	147	5	3	2	120	2	120	0.0065	0.00494975	0.003	0.01	60	0	60	60	
0.4	5.4	14	148	7	3	2	120	2	120	0.003	0	0.003	0.003	60	0	60	60	
0.4	5.4	2	149	19	3	1	60	1	60	0.003	0	0.003	0.003	60	0	60	60	
0.4	5.4	37	150	33	3	2	120	2	120	0.003	0	0.003	0.003	60	0	60	60	
0.4	5.4	23	151	7	3	2	120	2	120	0.0065	0.00494975	0.003	0.01	60	0	60	60	
0.4	5.4	41	153	20	3	2	120	2	120	0.003	0	0.003	0.003	60	0	60	60	
0.4	5.4	57	155	6	3	2	120	2	120	0.0065	0.00494975	0.003	0.01	60	0	60	60	
0.4	5.4	52	158	37	3	1	60	1	60	0.01	0	0.01	0.01	60	0	60	60	
0.4	5.4	3	159	7	3	126	204868	126	204868	0.006	0.00347793	0.003	0.01	1625.94	1288.35	60	9422	
0.4	5.4	14	160	6	3	1	60	1	60	0.01	0	0.01	0.01	60	0	60	60	
0.4	5.4	45	161	2	3	94	439944	94	439944	0.00374468	0.00216986	0.003	0.01	4680.26	3735.77	45	9422	
0.4	5.4	6	162	14	3	3	180	3	180	0.00533333	0.00404145	0.003	0.01	60	0	60	60	
0.4	5.4	42	163	15	3	5	300	5	300	0.0058	0.00383406	0.003	0.01	60	0	60	60	
0.4	5.4	38	164	9	3	5	300	5	300	0.0072	0.00383406	0.003	0.01	60	0	60	60	
0.4	5.4	26	165	5	3	290	864302	290	864302	0.00452069	0.00289157	0.003	0.01	2980.35	1505.94	60	9422	
0.4	5.4	35	166	4	3	1	60	1	60	0.01	0	0.01	0.01	60	0	60	60	
0.4	5.4	27	167	10	3	2	120	2	120	0.0065	0.00494975	0.003	0.01	60	0	60	60	
0.4	5.4	3	168	4	3	2	120	2	120	0.003	0	0.003	0.003	60	0	60	60	
0.4	5.4	12	169	3	3	2	120	2	120	0.0065	0.00494975	0.003	0.01	60	0	60	60	
0.4	5.4	41	170	8	3	2	120	2	120	0.003	0	0.003	0.003	60	0	60	60	
0.4	5.4	52	171	38	3	2	120	2	120	0.003	0	0.003	0.003	60	0	60	60	
0.4	5.4	52	172	23	3	1	60	1	60	0.003	0	0.003	0.003	60	0	60	60	
0.4	5.4	18	173	8	3	2	120	2	120	0.003	0	0.003	0.003	60	0	60	60	
0.4	5.4	42	174	8	3	5	300	5	300	0.003	0	0.003	0.003	60	0	60	60	
0.4	5.4	16	177	1	3	2	120	2	120	0.01	0	0.01	0.01	60	0	60	60	
0.4	5.4	37	178	24	3	2	120	2	120	0.003	0	0.003	0.003	60	0	60	60	
0.4	5.4	23	179	2	3	143	300114	143	300114	0.00407692	0.00253449	0.003	0.01	2098.7	1374.81	60	9422	
0.4	5.4	14	180	3	3	671	1606301	671	1606301	0.0051386	0.00322678	0.003	0.01	2393.89	2017.03	60	9422	
0.4	5.4	55	181	10	3	1	60	1	60	0.01	0	0.01	0.01	60	0	60	60	
0.4	5.4	2	182	8	3	1	60	1	60	0.003	0	0.003	0.003	60	0	60	60	
0.4	5.4	53	184	1	3	2	120	2	120	0.003	0	0.003	0.003	60	0	60	60	
0.4	5.4	18	186	9	3	3	180	3	180	0.003	0	0.003	0.003	60	0	60	60	
0.4	5.4	29	187	2	3	177	899507	177	899507	0.003	0	0.003	0.003	5081.96	3092.47	45	9422	
0.4	5.4	29	188	4	3	1	60	1	60	0.003	0	0.003	0.003	60	0	60	60	
0.4	5.4	40	190	8	3	1	60	1	60	0.003	0	0.003	0.003	60	0	60	60	
0.4	5.4	49	191	3	3	1	60	1	60	0.01	0	0.01	0.01	60	0	60	60	
0.4	5.4	54	193	5	3	3	180	3	180	0.01	0	0.01	0.01	60	0	60	60	
0.4	5.4	21	194	17	3	1	60	1	60	0.003	0	0.003	0.003	60	0	60	60	
0.4	5.4	39	195	11	3	3	180	3	180	0.003	0	0.003	0.003	60	0	60	60	
0.4	5.4	21	196	2	3	2	120	2	120	0.0065	0.00494975	0.003	0.01	60	0	60	60	
0.4	5.4	34	197	12	3	2	120	2	120	0.0065	0.00494975	0.003	0.01	60	0	60	60	
0.4	5.4	57	199	7	3	1	60	1	60	0.003	0	0.003	0.003	60	0	60	60	
0.4	5.4	50	200	2	3	4	240	4	240	0.0065	0.00404145	0.003	0.01	60	0	60	60	
0.4	5.4	47	201	11	3	3	180	3	180	0.00533333	0.00404145	0.003	0.01	60	0	60	60	
0.4	5.4	40	204	12	3	1	60	1	60	0.01	0	0.01	0.01	60	0	60	60	
0.4	5.4	56	205	1	3	2	120	2	120	0.003	0	0.003	0.003	60	0	60	60	
0.4	5.4	47	206	10	3	2	120	2	120	0.0065	0.00494975	0.003	0.01	60	0	60	60	
0.4	5.4	39	207	21	3	1	60	1	60	0.003	0	0.003	0.003	60	0	60	60	
0.4	5.4	11	208	3	3	2	120	2	120	0.003	0	0.003	0.003	60	0	60	60	
0.4	5.4	40	209	9	3	266	833325	266	833325	0.00486842	0.00310228	0.003	0.01	3132.8	2366.05	45	9422	
0.4	5.4	47	210	5	3	2320	3758609	2320	3758609	0.00426121	0.0026909	0.003	0.01	1620.09	863.621	56	9422	
0.4	5.4	12	211	9	3	2	120	2	120	0.01	0	0.01	0.01	60	0	60	60	
0.4	5.4	16	212	9	3	339	825451	339	825451	0.00384661	0.00228581	0.003	0.01	2434.96	1556.55	592	9422	
0.4	5.4	5	213	34	3	90	83645	90	83645	0.00455555	0.00292648	0.003	0.01	929.389	569.688	6	1775	
0.4	5.4	44	214	1	3	5	300	5	300	0.0086	0.0031305	0.003	0.01	60	0	60	60	
0.4	5.4	8	215	9	3	3	180	3	180	0.003	0	0.003	0.003	60	0	60	60	
0.4	5.4	27	217	6	3	1	60	1	60	0.003	0	0.003	0.003	60	0	60	60	
0.4	5.4	52	220	13	3	1	60	1	60	0.003	0	0.003	0.003	60	0	60	60	
0.4	5.4	48	222	4	3	4	240	4	240	0.003	0	0.003	0.003	60	0	60	60	
0.4	5.4	42	223	14	3	6	360	6	360	0.00416667	0.00285774	0.003	0.01	60	0	60	60	
0.4	5.4	41	224	29	3	1	60	1	60	0.003	0	0.003	0.003	60	0	60	60	
0.4	5.4	20	225	3	3	91	169949	91	169949	0.00761538	0.0033359	0.003	0.01	1867.57	1316.92	60	5916	
0.4	5.4	41	226	32	3	5	300	5	300	0.003	0	0.003	0.003	60	0	60	60	
0.4	5.4	25	228	7	3	1	60	1	60	0.01	0	0.01	0.01	60	0	60	60	
0.4	5.4	52	229	3	3	1	60	1	60	0.01	0	0.01	0.01	60	0	60	60	
0.4	5.4	19	230	6	3	164	768182	162	759308	0.003	0	0.003	0.003	4687.09	2937.06	45	9422	
0.4	5.4	31	231	6	3	46	137690	46	137690	0.00315217	0.00103209	0.003	0.01	2993.26	2037.95	60	9383	
0.4	5.4	5	233	41	3	3	180	3	180	0.00533333	0.00404145	0.003	0.01	60	0	60	60	
0.4	5.4	17	234	6	3	1	60	1	60	0.01	0	0.01	0.01	60	0	60	60	
0.4	5.4	41	237	19	3	1	60	1	60	0.003	0	0.003	0.003	60	0	60	60	
0.4	5.4	36	238	7	3	1	60	1	60	0.01	0	0.01	0.01	60	0	60	60	
0.4	5.4	51	240	4	3	4	240	4	240	0.00825	0.0035	0.003	0.01	60	0	60	60	
0.4	5.4	39	241	27	3	6	360	6	360	0.00533333	0.00361478	0.003	0.01	60	0	60	60	
0.4	5.4	26	242	4	3	205	1076984	205	1076984	0.003	0	0.003	0.003	5253.58	3273.29	45	9422	
0.4	5.4	47	243	3	3	2	120	2	120	0.0065	0.00494975	0.003	0.01	60	0	60	60	
0.4	5.4	56	244	2	3	4	240	4	240	0.00475	0.0035	0.003	0.01	60	0	60	60	
0.4	5.4	14	245	5	3	2	120	2	120	0.0065	0.00494975	0.003	0.01	60	0	60	60	
0.4	5.4	39	247	23	3	1	60	1	60	0.003	0	0.003	0.003	60	0	60	60	
0.4	5.4	21	251	7	3	25	78813	25	78813	0.003	0	0.003	0.003	3152.52	2265.8	60	9422	
0.4	5.4	56	252	5	3	1	60	1	60	0.003	0	0.003	0.003	60	0	60	60	
0.4	5.4	50	253	3	3	114	585938	114	585938	0.003	0	0.003	0.003	5139.81	3350.05	45	9422	
0.4	5.4	22	255	6	3	23	77032	23	77032	0.003	0	0.003	0.003	3349.22	2766.86	60	9422	
0.4	5.4	20	257	6	3	2	120	2	120	0.003	0	0.003	0.003	60	0	60	60	
0.4	5.4	2	259	7	3	1	60	1	60	0.003	0	0.003	0.003	60	0	60	60	
0.4	5.4	32	260	1	3	29	116082	29	116082	0.003	0	0.003	0.003	4002.83	2647.13	60	9422	
0.4	5.4	37	261	2	3	1	60	1	60	0.003	0	0.003	0.003	60	0	60	60	
0.4	5.4	25	262	10	3	4	240	4	240	0.01	0	0.01	0.01	60	0	60	60	
0.4	5.4	25	263	6	3	3	180	3	180	0.01	0	0.01	0.01	60	0	60	60	
0.4	5.4	12	264	10	3	1	60	1	60	0.01	0	0.01	0.01	60	0	60	60	
0.4	5.4	22	265	10	3	1	60	1	60	0.01	0	0.01	0.01	60	0	60	60	
0.4	5.4	39	266	8	3	4	240	4	240	0.00475	0.0035	0.003	0.01	60	0	60	60	
0.4	5.4	4	267	4	3	2	120	2	120	0.01	0	0.01	0.01	60	0	60	60	
0.4	5.4	40	268	1	3	1	60	1	60	0.01	0	0.01	0.01	60	0	60	60	
0.4	5.4	30	269	2	3	2	120	2	120	0.01	0	0.01	0.01	60	0	60	60	
0.4	5.4	23	270	12	3	2	120	2	120	0.003	0	0.003	0.003	60	0	60	60	
0.4	5.4	20	271	4	3	1	60	1	60	0.003	0	0.003	0.003	60	0	60	60	
0.4	5.4	2	275	9	3	1	60	1	60	0.003	0	0.003	0.003	60	0	60	60	
0.4	5.4	45	276	4	3	1	60	1	60	0.003	0	0.003	0.003	60	0	60	60	
0.4	5.4	55	277	14	3	3	180	3	180	0.003	0	0.003	0.003	60	0	60	60	
0.4	5.4	13	278	1	3	5	300	5	300	0.003	0	0.003	0.003	60	0	60	60	
0.4	5.4	41	280	39	3	7	420	7	420	0.005	0.00341565	0.003	0.01	60	0	60	60	
0.4	5.4	37	281	26	3	3	180	3	180	0.003	0	0.003	0.003	60	0	60	60	
0.4	5.4	16	282	4	3	1	60	1	60	0.003	0	0.003	0.003	60	0	60	60	
0.4	5.4	37	283	12	3	1475	3819436	1475	3819436	0.003	0	0.003	0.003	2589.45	1040.75	56	9422	
0.4	5.4	42	284	4	3	551	892822	551	892822	0.00529945	0.00329065	0.003	0.01	1620.37	666.361	60	5324	
0.4	5.4	3	286	2	3	4	240	4	240	0.00475	0.0035	0.003	0.01	60	0	60	60	
0.4	5.4	40	287	6	3	1	60	1	60	0.01	0	0.01	0.01	60	0	60	60	
0.4	5.4	3	288	10	3	107	272886	107	272886	0.00411215	0.00257098	0.003	0.01	2550.34	1853.44	60	9422	
0.4	5.4	53	290	3	3	173	597685	173	597685	0.00320231	0.00117612	0.003	0.01	3454.83	2209.33	45	9422	
0.4	5.4	32	292	4	3	91	239153	90	229731	0.0058	0.0034485	0.003	0.01	2552.57	1940.67	60	6882	
0.4	5.4	52	293	15	3	5	300	5	300	0.0044	0.0031305	0.003	0.01	60	0	60	60	
0.4	5.4	15	294	2	3	3	180	3	180	0.00533333	0.00404145	0.003	0.01	60	0	60	60	
0.4	5.4	37	295	10	3	2	120	2	120	0.003	0	0.003	0.003	60	0	60	60	
0.4	5.4	36	296	2	3	151	630223	151	630223	0.003	0	0.003	0.003	4173.66	2222.78	45	9422	
0.4	5.4	39	297	5	3	2	120	2	120	0.003	0	0.003	0.003	60	0	60	60	
0.4	5.4	15	298	8	3	1	60	1	60	0.003	0	0.003	0.003	60	0	60	60	
0.4	5.4	25	299	9	3	2	120	2	120	0.01	0	0.01	0.01	60	0	60	60	
0.4	5.4	3	301	9	3	3	180	3	180	0.00533333	0.00404145	0.003	0.01	60	0	60	60	
0.4	5.4	55	302	5	3	3	180	3	180	0.00766667	0.00404145	0.003	0.01	60	0	60	60	
0.4	5.4	6	303	4	3	2	120	2	120	0.01	0	0.01	0.01	60	0	60	60	
0.4	5.4	41	305	40	3	1	60	1	60	0.003	0	0.003	0.003	60	0	60	60	
0.4	5.4	15	306	3	3	1	60	1	60	0.003	0	0.003	0.003	60	0	60	60	
0.4	5.4	48	307	10	3	2	120	2	120	0.0065	0.00494975	0.003	0.01	60	0	60	60	
0.4	5.4	34	308	17	3	1	60	1	60	0.01	0	0.01	0.01	60	0	60	60	
0.4	5.4	8	309	4	3	1	60	1	60	0.003	0	0.003	0.003	60	0	60	60	
0.4	5.4	23	311	9	3	59	117266	58	113716	0.00758621	0.00335624	0.003	0.01	1960.62	928.465	60	5861	
0.4	5.4	39	312	24	3	1	60	1	60	0.003	0	0.003	0.003	60	0	60	60	
0.4	5.4	48	313	6	3	4	240	4	240	0.0065	0.00404145	0.003	0.01	60	0	60	60	
0.4	5.4	36	315	6	3	1	60	1	60	0.003	0	0.003	0.003	60	0	60	60	
0.4	5.4	37	316	32	3	2	120	2	120	0.003	0	0.003	0.003	60	0	60	60	
0.4	5.4	13	317	8	3	1	60	1	60	0.003	0	0.003	0.003	60	0	60	60	
0.4	5.4	39	318	15	3	351	998875	351	998875	0.003	0	0.003	0.003	2845.8	1366.24	60	9422	
0.4	5.4	8	319	12	3	2	120	2	120	0.0065	0.00494975	0.003	0.01	60	0	60	60	
0.4	5.4	16	320	8	3	2	120	2	120	0.003	0	0.003	0.003	60	0	60	60	
0.4	5.4	21	324	12	3	1	60	1	60	0.01	0	0.01	0.01	60	0	60	60	
0.4	5.4	25	325	3	3	1	60	1	60	0.01	0	0.01	0.01	60	0	60	60	
0.4	5.4	7	326	1	3	2	120	2	120	0.0065	0.00494975	0.003	0.01	60	0	60	60	
0.4	5.4	52	328	33	3	1	60	1	60	0.01	0	0.01	0.01	60	0	60	60	
0.4	5.4	15	330	7	3	219	591464	219	591464	0.00421461	0.00265692	0.003	0.01	2700.75	1443.03	60	9422	
0.4	5.4	22	331	3	3	317	1123190	317	1123190	0.00313249	0.00095539	0.003	0.01	3543.19	2316.83	45	9422	
0.4	5.4	7	333	5	3	2	120	2	120	0.003	0	0.003	0.003	60	0	60	60	
0.4	5.4	52	334	2	3	2	120	2	120	0.0065	0.00494975	0.003	0.01	60	0	60	60	
0.4	5.4	34	335	4	3	1	60	1	60	0.003	0	0.003	0.003	60	0	60	60	
0.4	5.4	49	338	6	3	1	60	0	0	0	0	0	0	0	0	0	0	
0.4	5.4	49	341	9	3	166	938537	166	938537	0.003	0	0.003	0.003	5653.84	3498.59	45	9422	
0.4	5.4	6	342	9	3	2	120	2	120	0.0065	0.00494975	0.003	0.01	60	0	60	60	
0.4	5.4	26	345	1	3	2	120	2	120	0.0065	0.00494975	0.003	0.01	60	0	60	60	
0.4	5.4	31	346	7	3	21	48166	21	48166	0.003	0	0.003	0.003	2293.62	1357.24	60	4395	
0.4	5.4	52	347	5	3	1	60	1	60	0.003	0	0.003	0.003	60	0	60	60	
0.4	5.4	18	348	2	3	3	180	3	180	0.003	0	0.003	0.003	60	0	60	60	
0.4	5.4	10	351	4	3	3	180	3	180	0.003	0	0.003	0.003	60	0	60	60	
0.4	5.4	34	352	2	3	2	120	2	120	0.003	0	0.003	0.003	60	0	60	60	
0.4	5.4	22	353	11	3	94	334395	94	334395	0.0046383	0.00297968	0.003	0.01	3557.39	2098.21	60	7708	
0.4	5.4	28	354	7	3	2	120	2	120	0.0065	0.00494975	0.003	0.01	60	0	60	60	
0.4	5.4	28	355	9	3	1	60	1	60	0.003	0	0.003	0.003	60	0	60	60	
0.4	5.4	53	356	6	3	297	935556	297	935556	0.00554545	0.003373	0.003	0.01	3150.02	1947.21	60	9422	
0.4	5.4	52	357	34	3	434	716171	434	716171	0.00335484	0.00153734	0.003	0.01	1650.16	916.077	60	9422	
0.4	5.4	48	359	3	3	650	1087409	649	1086225	0.00624653	0.0034935	0.003	0.01	1673.69	1080.2	60	9422	
0.4	5.4	2	360	5	3	195	910316	195	910316	0.003	0	0.003	0.003	4668.29	3156.02	45	9422	
0.4	5.4	11	361	11	3	1	60	1	60	0.003	0	0.003	0.003	60	0	60	60	
0.4	5.4	46	362	8	3	228	410979	228	410979	0.00591667	0.00345864	0.003	0.01	1802.54	1462.78	60	9422	
0.4	5.4	41	363	23	3	2	120	2	120	0.003	0	0.003	0.003	60	0	60	60	
0.4	5.4	32	364	2	3	290	1117718	289	1116534	0.00312111	0.000914318	0.003	0.01	3863.44	1601.71	60	9422	
0.4	5.4	36	365	5	3	246	694165	246	694165	0.00484959	0.00309274	0.003	0.01	2821.81	1785.74	60	9422	
0.4	5.4	39	366	1	3	2	120	2	120	0.003	0	0.003	0.003	60	0	60	60	
0.4	5.4	31	368	1	3	693	2013732	691	2011956	0.00384081	0.00227733	0.003	0.01	2911.66	2414.79	60	9422	
0.4	5.4	51	369	1	3	384	1643759	384	1643759	0.00310937	0.00086927	0.003	0.01	4280.62	2144.58	60	9422	
0.4	5.4	28	370	8	3	4	240	4	240	0.00475	0.0035	0.003	0.01	60	0	60	60	
0.4	5.4	40	371	2	3	370	525676	370	525676	0.0065	0.00350474	0.003	0.01	1420.75	1220.13	60	9422	
0.4	5.4	6	374	7	3	1	60	1	60	0.003	0	0.003	0.003	60	0	60	60	
0.4	5.4	2	376	10	3	1	60	1	60	0.003	0	0.003	0.003	60	0	60	60	
0.4	5.4	9	377	4	3	257	625630	255	622080	0.0042902	0.00271952	0.003	0.01	2439.53	2513.83	60	9422	
0.4	5.4	11	379	4	3	1	60	1	60	0.003	0	0.003	0.003	60	0	60	60	
0.4	5.4	29	380	8	3	130	663453	130	663453	0.003	0	0.003	0.003	5103.48	3344.58	45	9422	
0.4	5.4	38	381	7	3	2	120	2	120	0.0065	0.00494975	0.003	0.01	60	0	60	60	
0.4	5.4	5	382	27	3	378	566700	378	566700	0.003	0	0.003	0.003	1499.21	646.438	60	5983	
0.4	5.4	52	384	4	3	1	60	1	60	0.003	0	0.003	0.003	60	0	60	60	
0.4	5.4	15	386	4	3	608	941104	608	941104	0.00453125	0.00289617	0.003	0.01	1547.87	639.446	60	5916	
0.4	5.4	10	387	3	3	1	60	1	60	0.003	0	0.003	0.003	60	0	60	60	
0.4	5.4	8	388	7	3	1	60	1	60	0.003	0	0.003	0.003	60	0	60	60	
0.4	5.4	35	392	1	3	3	180	3	180	0.00533333	0.00404145	0.003	0.01	60	0	60	60	
0.4	5.4	34	393	11	3	1	60	1	60	0.003	0	0.003	0.003	60	0	60	60	
0.4	5.4	41	394	22	3	3	180	3	180	0.003	0	0.003	0.003	60	0	60	60	
0.4	5.4	43	395	10	3	1	60	1	60	0.003	0	0.003	0.003	60	0	60	60	
0.4	5.4	52	396	11	3	1	60	1	60	0.003	0	0.003	0.003	60	0	60	60	
0.4	5.4	19	398	5	3	586	1808584	586	1808584	0.00359727	0.00195722	0.003	0.01	3086.32	1764.83	52	9422	
0.4	5.4	8	399	14	3	4	240	4	240	0.00825	0.0035	0.003	0.01	60	0	60	60	
0.4	5.4	39	401	16	3	5	300	5	300	0.003	0	0.003	0.003	60	0	60	60	
0.4	5.4	41	403	15	3	3	180	3	180	0.00766667	0.00404145	0.003	0.01	60	0	60	60	
0.4	5.4	34	404	9	3	3	180	3	180	0.00533333	0.00404145	0.003	0.01	60	0	60	60	
0.4	5.4	35	405	3	3	2	120	2	120	0.003	0	0.003	0.003	60	0	60	60	
0.4	5.4	21	407	22	3	1	60	1	60	0.01	0	0.01	0.01	60	0	60	60	
0.4	5.4	48	408	9	3	2	120	2	120	0.0065	0.00494975	0.003	0.01	60	0	60	60	
0.4	5.4	38	409	1	3	3	180	3	180	0.003	0	0.003	0.003	60	0	60	60	
0.4	5.4	17	410	5	3	2	120	2	120	0.0065	0.00494975	0.003	0.01	60	0	60	60	
0.4	5.4	8	414	2	3	3	180	3	180	0.003	0	0.003	0.003	60	0	60	60	
0.4	5.4	41	416	28	3	2	120	2	120	0.003	0	0.003	0.003	60	0	60	60	
0.4	5.4	39	418	22	3	3	180	3	180	0.003	0	0.003	0.003	60	0	60	60	
0.4	5.4	33	420	7	3	176	380608	176	380608	0.00534659	0.00331392	0.003	0.01	2162.55	1700.73	60	9422	
0.4	5.4	38	421	2	3	3	180	3	180	0.01	0	0.01	0.01	60	0	60	60	
0.4	5.4	46	423	6	3	172	412526	172	412526	0.00393605	0.00238942	0.003	0.01	2398.41	1989.58	60	9422	
0.4	5.4	37	425	8	3	307	792394	307	792394	0.003	0	0.003	0.003	2581.09	1436.75	60	9422	
0.4	5.4	33	426	3	3	7	14316	7	14316	0.003	0	0.003	0.003	2045.14	1816.4	60	5324	
0.4	5.4	47	428	1	3	2	120	2	120	0.003	0	0.003	0.003	60	0	60	60	
0.4	5.4	10	429	6	3	4	240	4	240	0.00825	0.0035	0.003	0.01	60	0	60	60	
0.4	5.4	37	430	16	3	3	180	3	180	0.00766667	0.00404145	0.003	0.01	60	0	60	60	
0.4	5.4	55	431	7	3	2	120	2	120	0.003	0	0.003	0.003	60	0	60	60	
0.4	5.4	2	432	3	3	405	1511888	405	1511888	0.00452099	0.00289035	0.003	0.01	3733.06	1841.29	60	9422	
0.4	5.4	14	434	1	3	3	180	3	180	0.003	0	0.003	0.003	60	0	60	60	
0.4	5.4	43	436	7	3	110	204515	110	204515	0.00739091	0.0034002	0.003	0.01	1859.23	1454.96	57	6882	
0.4	5.4	16	437	10	3	2	120	2	120	0.01	0	0.01	0.01	60	0	60	60	
0.4	5.4	46	438	3	3	4	240	4	240	0.00475	0.0035	0.003	0.01	60	0	60	60	
0.4	5.4	31	439	2	3	185	769489	185	769489	0.00307567	0.000725845	0.003	0.01	4159.4	3223.01	45	9422	
0.4	5.4	41	440	35	3	1	60	1	60	0.003	0	0.003	0.003	60	0	60	60	
0.4	5.4	23	442	3	3	1	60	1	60	0.01	0	0.01	0.01	60	0	60	60	
0.4	5.4	48	443	8	3	1	60	1	60	0.003	0	0.003	0.003	60	0	60	60	
0.4	5.4	24	444	15	3	239	630301	239	630301	0.00349791	0.00180307	0.003	0.01	2637.24	1497.46	60	9422	
0.4	5.4	35	445	5	3	5	832	5	832	0.0058	0.00383406	0.003	0.01	166.4	237.918	60	592	
0.4	5.4	9	446	6	3	2	120	2	120	0.003	0	0.003	0.003	60	0	60	60	
0.4	5.4	10	449	2	3	6	8992	6	8992	0.003	0	0.003	0.003	1498.67	1204.42	60	3550	
0.4	5.4	52	450	26	3	1	60	1	60	0.003	0	0.003	0.003	60	0	60	60	
0.4	5.4	36	451	9	3	350	1123222	350	1123222	0.00526	0.00327767	0.003	0.01	3209.21	1929.29	60	9422	
0.4	5.4	28	452	1	3	2	120	2	120	0.01	0	0.01	0.01	60	0	60	60	
0.4	5.4	8	456	10	3	4	240	4	240	0.003	0	0.003	0.003	60	0	60	60	
0.4	5.4	29	457	3	3	3	180	3	180	0.00533333	0.00404145	0.003	0.01	60	0	60	60	
0.4	5.4	39	459	28	3	2	120	2	120	0.003	0	0.003	0.003	60	0	60	60	
0.4	5.4	30	460	4	3	2	120	2	120	0.0065	0.00494975	0.003	0.01	60	0	60	60	
0.4	5.4	28	461	4	3	3	180	3	180	0.00533333	0.00404145	0.003	0.01	60	0	60	60	
0.4	5.4	17	463	4	3	1	60	1	60	0.01	0	0.01	0.01	60	0	60	60	
0.4	5.4	47	465	6	3	2	120	2	120	0.003	0	0.003	0.003	60	0	60	60	
0.4	5.4	5	466	2	3	1	60	1	60	0.003	0	0.003	0.003	60	0	60	60	
0.4	5.4	42	467	7	3	6	360	6	360	0.00533333	0.00361478	0.003	0.01	60	0	60	60	
0.4	5.4	55	470	3	3	3	180	3	180	0.003	0	0.003	0.003	60	0	60	60	
0.4	5.4	52	472	20	3	1	60	1	60	0.003	0	0.003	0.003	60	0	60	60	
0.4	5.4	57	473	9	3	2	120	2	120	0.0065	0.00494975	0.003	0.01	60	0	60	60	
0.4	5.4	5	474	3	3	3	180	3	180	0.00766667	0.00404145	0.003	0.01	60	0	60	60	
0.4	5.4	4	475	3	3	298	818074	298	818074	0.00800335	0.003166	0.003	0.01	2745.21	1643.74	60	9422	
0.4	5.4	37	476	11	3	2	120	2	120	0.003	0	0.003	0.003	60	0	60	60	
0.4	5.4	21	477	3	3	2	120	2	120	0.003	0	0.003	0.003	60	0	60	60	
0.4	5.4	25	479	5	3	777	1231758	776	1230574	0.00747423	0.00336385	0.003	0.01	1585.79	906.477	60	9422	
0.4	5.4	26	481	2	3	4	240	4	240	0.0065	0.00404145	0.003	0.01	60	0	60	60	
0.4	5.4	39	486	9	3	1	60	1	60	0.003	0	0.003	0.003	60	0	60	60	
0.4	5.4	16	490	5	3	2	120	2	120	0.0065	0.00494975	0.003	0.01	60	0	60	60	
0.4	5.4	52	491	12	3	7	420	7	420	0.005	0.00341565	0.003	0.01	60	0	60	60	
0.4	5.4	9	492	3	3	1	60	1	60	0.003	0	0.003	0.003	60	0	60	60	
0.4	5.4	51	494	3	3	5	5442	5	5442	0.003	0	0.003	0.003	1088.4	742.216	60	1775	
0.4	5.4	57	495	4	3	198	480549	198	480549	0.00483838	0.00308824	0.003	0.01	2427.02	2380.25	60	9422	
0.4	5.4	30	496	11	3	3	180	3	180	0.00766667	0.00404145	0.003	0.01	60	0	60	60	
0.4	5.4	18	498	1	3	5	300	5	300	0.0058	0.00383406	0.003	0.01	60	0	60	60	
0.4	5.4	16	503	2	3	1	60	1	60	0.01	0	0.01	0.01	60	0	60	60	
0.4	5.4	8	504	6	3	1	60	1	60	0.003	0	0.003	0.003	60	0	60	60	
0.4	5.4	27	505	4	3	1	60	1	60	0.003	0	0.003	0.003	60	0	60	60	
0.4	5.4	29	508	1	3	62	261026	62	261026	0.003	0	0.003	0.003	4210.1	2999.63	45	9422	
0.4	5.4	41	509	3	3	1	60	1	60	0.003	0	0.003	0.003	60	0	60	60	
0.4	5.4	15	510	1	3	1	60	1	60	0.003	0	0.003	0.003	60	0	60	60	
0.4	5.4	34	511	13	3	2	120	2	120	0.0065	0.00494975	0.003	0.01	60	0	60	60	
0.4	5.4	41	512	33	3	1	60	1	60	0.003	0	0.003	0.003	60	0	60	60	
0.4	5.4	34	513	14	3	1	60	1	60	0.01	0	0.01	0.01	60	0	60	60	
0.4	5.4	2	515	15	3	173	319034	173	319034	0.00417341	0.00262235	0.003	0.01	1844.13	446.097	60	3550	
0.4	5.4	38	517	11	3	3	180	3	180	0.00533333	0.00404145	0.003	0.01	60	0	60	60	
0.4	5.4	11	519	2	3	125	623090	125	623090	0.005912	0.00346414	0.003	0.01	4984.72	3145.44	45	9422	
0.4	5.4	47	520	7	3	2	120	2	120	0.0065	0.00494975	0.003	0.01	60	0	60	60	
0.4	5.4	43	521	5	3	1	60	1	60	0.01	0	0.01	0.01	60	0	60	60	
0.4	5.4	9	522	1	3	2	120	2	120	0.01	0	0.01	0.01	60	0	60	60	
0.4	5.4	39	523	10	3	2	120	2	120	0.0065	0.00494975	0.003	0.01	60	0	60	60	
0.4	5.4	18	524	6	3	2	120	2	120	0.0065	0.00494975	0.003	0.01	60	0	60	60	
0.4	5.4	31	527	3	3	1	60	1	60	0.003	0	0.003	0.003	60	0	60	60	
0.4	5.4	21	528	15	3	2	120	2	120	0.003	0	0.003	0.003	60	0	60	60	
0.4	5.4	48	529	1	3	143	545602	143	545602	0.003	0	0.003	0.003	3815.4	2394.32	60	9422	
0.4	5.4	34	530	7	3	6	360	6	360	0.00533333	0.00361478	0.003	0.01	60	0	60	60	
0.4	5.4	4	532	8	3	108	377706	108	377706	0.003	0	0.003	0.003	3497.28	2545.95	60	9422	
0.4	5.4	21	535	23	3	1	60	1	60	0.01	0	0.01	0.01	60	0	60	60	
0.4	5.4	11	536	7	3	2	120	2	120	0.0065	0.00494975	0.003	0.01	60	0	60	60	
0.4	5.4	2	537	14	3	3	180	3	180	0.003	0	0.003	0.003	60	0	60	60	
0.4	5.4	21	538	1	3	415	511476	415	511476	0.00542891	0.00333611	0.003	0.01	1232.47	707.641	60	9422	
0.4	5.4	12	539	11	3	1	60	1	60	0.01	0	0.01	0.01	60	0	60	60	
0.4	5.4	19	541	1	3	3	180	3	180	0.003	0	0.003	0.003	60	0	60	60	
0.4	5.4	43	544	1	3	1	60	1	60	0.01	0	0.01	0.01	60	0	60	60	
0.4	5.4	9	545	2	3	1	60	1	60	0.003	0	0.003	0.003	60	0	60	60	
0.4	5.4	4	548	7	3	2	120	2	120	0.0065	0.00494975	0.003	0.01	60	0	60	60	
0.4	5.4	38	549	4	3	3	180	3	180	0.00533333	0.00404145	0.003	0.01	60	0	60	60	
0.4	5.4	55	550	6	3	2	652	2	652	0.003	0	0.003	0.003	326	376.181	60	592	
0.4	5.4	29	551	6	3	195	664643	195	664643	0.00332308	0.00147251	0.003	0.01	3408.43	2538.21	60	9422	
0.4	5.4	9	554	10	3	199	404274	199	404274	0.003	0	0.003	0.003	2031.53	2239.88	45	9422	
0.4	5.4	42	555	12	3	4	240	4	240	0.003	0	0.003	0.003	60	0	60	60	
0.4	5.4	57	556	10	3	172	499474	172	499474	0.00324419	0.00128815	0.003	0.01	2903.92	2864.76	60	9422	
0.4	5.4	54	557	4	3	1	60	1	60	0.003	0	0.003	0.003	60	0	60	60	
0.4	5.4	13	558	4	3	1	60	1	60	0.01	0	0.01	0.01	60	0	60	60	
0.4	5.4	37	559	15	3	1	60	1	60	0.003	0	0.003	0.003	60	0	60	60	
0.4	5.4	12	560	1	3	1	60	1	60	0.01	0	0.01	0.01	60	0	60	60	
0.4	5.4	2	562	13	3	330	799654	328	794532	0.00492073	0.00312822	0.003	0.01	2422.35	1898.14	10	9422	
0.4	5.4	42	563	10	3	2	120	2	120	0.0065	0.00494975	0.003	0.01	60	0	60	60	
0.4	5.4	41	564	30	3	3	180	3	180	0.00533333	0.00404145	0.003	0.01	60	0	60	60	
0.4	5.4	27	565	9	3	4	240	4	240	0.003	0	0.003	0.003	60	0	60	60	
0.4	5.4	41	566	4	3	3	180	3	180	0.003	0	0.003	0.003	60	0	60	60	
0.4	5.4	10	567	8	3	4	240	4	240	0.0065	0.00404145	0.003	0.01	60	0	60	60	
0.4	5.4	8	568	8	3	1	60	1	60	0.003	0	0.003	0.003	60	0	60	60	
0.4	5.4	39	569	25	3	2	120	2	120	0.003	0	0.003	0.003	60	0	60	60	
0.4	5.4	1	571	3	3	3	180	3	180	0.01	0	0.01	0.01	60	0	60	60	
0.4	5.4	11	572	10	3	3	180	3	180	0.00533333	0.00404145	0.003	0.01	60	0	60	60	
0.4	5.4	6	573	3	3	139	545029	139	545029	0.003	0	0.003	0.003	3921.07	2871.68	45	9422	
0.4	5.4	28	575	3	3	2	120	2	120	0.003	0	0.003	0.003	60	0	60	60	
0.4	5.4	13	577	9	3	2	120	2	120	0.003	0	0.003	0.003	60	0	60	60	
0.4	5.4	37	580	23	3	1	60	1	60	0.003	0	0.003	0.003	60	0	60	60	
0.4	5.4	57	582	2	3	5	300	5	300	0.0058	0.00383406	0.003	0.01	60	0	60	60	
0.4	5.4	39	583	14	3	4	240	4	240	0.01	0	0.01	0.01	60	0	60	60	
0.4	5.4	37	585	4	3	1	60	1	60	0.01	0	0.01	0.01	60	0	60	60	
0.4	5.4	37	586	13	3	9	8995	9	8995	0.003	0	0.003	0.003	999.444	492.934	60	1775	
0.4	5.4	41	587	14	3	1	60	1	60	0.003	0	0.003	0.003	60	0	60	60	
0.4	5.4	45	588	5	3	1	60	1	60	0.003	0	0.003	0.003	60	0	60	60	
0.4	5.4	52	589	8	3	3	180	3	180	0.003	0	0.003	0.003	60	0	60	60	
0.4	5.4	55	590	11	3	3	180	3	180	0.00533333	0.00404145	0.003	0.01	60	0	60	60	
0.4	5.4	54	591	3	3	150	730173	150	730173	0.00421333	0.00265862	0.003	0.01	4867.82	3155.56	45	9422	
0.4	5.4	53	592	2	3	130	642626	130	642626	0.003	0	0.003	0.003	4943.28	3275.83	45	9422	
0.4	5.4	46	593	2	3	1	60	1	60	0.003	0	0.003	0.003	60	0	60	60	
0.4	5.4	37	596	31	3	223	612512	223	612512	0.003	0	0.003	0.003	2746.69	1369.29	60	9422	
0.4	5.4	5	597	8	3	3	180	3	180	0.003	0	0.003	0.003	60	0	60	60	
0.4	5.4	51	598	11	3	4	240	4	240	0.00825	0.0035	0.003	0.01	60	0	60	60	
0.4	5.4	44	599	4	3	438	778940	438	778940	0.00688356	0.0034829	0.003	0.01	1778.4	977.732	60	9422	
0.4	5.4	38	600	8	3	2	120	2	120	0.003	0	0.003	0.003	60	0	60	60	
0.4	5.4	51	601	2	3	372	1653817	372	1653817	0.003	0	0.003	0.003	4445.74	1795.48	60	9422	
0.4	5.4	9	602	8	3	265	581296	265	581296	0.00329057	0.0013989	0.003	0.01	2193.57	1233.07	60	7099	
0.4	5.4	4	607	1	3	62	187693	62	187693	0.00401613	0.00248597	0.003	0.01	3027.31	2156.31	45	9422	
0.4	5.4	32	609	6	3	2	120	2	120	0.003	0	0.003	0.003	60	0	60	60	
0.4	5.4	38	612	10	3	2	120	2	120	0.0065	0.00494975	0.003	0.01	60	0	60	60	
0.4	5.4	34	618	1	3	3	180	3	180	0.003	0	0.003	0.003	60	0	60	60	
0.4	5.4	8	619	3	3	2	120	2	120	0.003	0	0.003	0.003	60	0	60	60	
0.4	5.4	5	621	46	3	477	537134	476	536542	0.00329412	0.00140587	0.003	0.01	1127.19	770.831	6	9422	
0.4	5.4	34	623	3	3	114	332042	112	326717	0.003	0	0.003	0.003	2917.12	908.473	60	3550	
0.4	5.4	2	624	2	3	3	180	3	180	0.00533333	0.00404145	0.003	0.01	60	0	60	60	
0.4	5.4	39	625	4	3	2	120	2	120	0.003	0	0.003	0.003	60	0	60	60	
0.4	5.4	22	626	1	3	105	518493	105	518493	0.003	0	0.003	0.003	4938.03	3100.42	45	9422	
0.4	5.4	21	632	10	3	4	3667	4	3667	0.003	0	0.003	0.003	916.75	733.545	60	1775	
0.4	5.4	57	633	3	3	2	120	2	120	0.003	0	0.003	0.003	60	0	60	60	
0.4	5.4	37	635	30	3	1	60	1	60	0.003	0	0.003	0.003	60	0	60	60	
0.4	5.4	10	636	7	3	18	41534	18	41534	0.003	0	0.003	0.003	2307.44	2707.96	60	9422	
0.4	5.4	41	637	37	3	6	360	6	360	0.003	0	0.003	0.003	60	0	60	60	
0.4	5.4	34	638	8	3	2	120	2	120	0.0065	0.00494975	0.003	0.01	60	0	60	60	
0.4	5.4	45	639	1	3	4	240	4	240	0.00825	0.0035	0.003	0.01	60	0	60	60	
0.4	5.4	5	640	14	3	3	180	3	180	0.003	0	0.003	0.003	60	0	60	60	
0.4	5.4	41	641	13	3	3	180	3	180	0.00533333	0.00404145	0.003	0.01	60	0	60	60	
0.4	5.4	44	643	5	3	3	180	3	180	0.01	0	0.01	0.01	60	0	60	60	
0.4	5.4	21	644	19	3	68	262205	68	262205	0.003	0	0.003	0.003	3855.96	3053.34	60	8873	
0.4	5.4	33	645	4	3	3	180	3	180	0.00533333	0.00404145	0.003	0.01	60	0	60	60	
0.4	5.4	21	646	4	3	4	240	4	240	0.00475	0.0035	0.003	0.01	60	0	60	60	
0.4	5.4	47	648	8	3	1	60	1	60	0.003	0	0.003	0.003	60	0	60	60	
0.4	5.4	7	650	3	3	439	2207721	439	2207721	0.00319134	0.0011427	0.003	0.01	5028.98	1722.33	56	8873	
0.4	5.4	20	651	5	3	45	181751	45	181751	0.00315555	0.0010435	0.003	0.01	4038.91	2805.15	60	9422	
0.4	5.4	52	652	7	3	1	60	1	60	0.003	0	0.003	0.003	60	0	60	60	
0.4	5.4	8	653	11	3	2	120	2	120	0.003	0	0.003	0.003	60	0	60	60	
0.4	5.4	55	657	4	3	1	60	1	60	0.003	0	0.003	0.003	60	0	60	60	
0.4	5.4	41	658	24	3	3	180	3	180	0.003	0	0.003	0.003	60	0	60	60	
0.4	5.4	6	659	6	3	122	420492	122	420492	0.0044918	0.00287838	0.003	0.01	3446.66	2579.11	45	9422	
0.4	5.4	29	660	5	3	2	120	2	120	0.0065	0.00494975	0.003	0.01	60	0	60	60	
0.4	5.4	5	662	51	3	2	120	2	120	0.01	0	0.01	0.01	60	0	60	60	
0.4	5.4	5	663	4	3	807	1226703	807	1226703	0.00483023	0.00307793	0.003	0.01	1520.08	939.194	43	7099	
0.4	5.4	5	664	26	3	5	300	5	300	0.003	0	0.003	0.003	60	0	60	60	
0.4	5.4	5	665	28	3	9	6099	9	6099	0.00611111	0.00368932	0.003	0.01	677.667	471.669	60	1383	
0.4	5.4	24	666	16	3	4	240	4	240	0.0065	0.00404145	0.003	0.01	60	0	60	60	
0.4	5.4	6	667	5	3	386	517664	385	517072	0.00598182	0.00346593	0.003	0.01	1343.04	1048.17	60	5861	
0.4	5.4	5	669	21	3	2	120	2	120	0.003	0	0.003	0.003	60	0	60	60	
0.4	5.4	1	670	1	3	2	120	2	120	0.0065	0.00494975	0.003	0.01	60	0	60	60	
0.4	5.4	25	671	4	3	2	120	2	120	0.01	0	0.01	0.01	60	0	60	60	
0.4	5.4	24	673	26	3	482	1458810	482	1458810	0.00345021	0.00171898	0.003	0.01	3026.58	1439.88	60	9422	
0.4	5.4	24	674	7	3	1	60	1	60	0.01	0	0.01	0.01	60	0	60	60	
0.4	5.4	5	675	43	3	238	270126	236	266576	0.00433474	0.00275569	0.003	0.01	1129.56	594.212	60	3182	
0.4	5.4	43	677	11	3	126	319643	126	319643	0.008	0.0031749	0.003	0.01	2536.85	1915.23	60	9422	
0.4	5.4	5	679	31	3	1	60	1	60	0.003	0	0.003	0.003	60	0	60	60	
0.4	5.4	5	682	33	3	1	60	1	60	0.01	0	0.01	0.01	60	0	60	60	
0.4	5.4	5	683	32	3	2	120	2	120	0.0065	0.00494975	0.003	0.01	60	0	60	60	
0.4	5.4	5	684	30	3	3	180	3	180	0.00766667	0.00404145	0.003	0.01	60	0	60	60	
0.4	5.4	5	685	13	3	438	550108	438	550108	0.0046621	0.00298202	0.003	0.01	1255.95	557.655	7	1775	
0.4	5.4	5	686	47	3	342	329565	340	326787	0.00444118	0.00283459	0.003	0.01	961.138	574.369	60	2961	
0.4	5.4	6	687	1	3	144	370508	145	371100	0.00406207	0.00251998	0.003	0.01	2559.31	3064.28	60	9422	
0.4	5.4	5	690	29	3	2	120	2	120	0.003	0	0.003	0.003	60	0	60	60	
0.4	5.4	5	691	12	3	1	60	1	60	0.003	0	0.003	0.003	60	0	60	60	
0.4	5.4	1	692	6	3	2	120	2	120	0.01	0	0.01	0.01	60	0	60	60	
0.4	5.4	24	695	28	3	183	309134	184	312684	0.00600543	0.00347434	0.003	0.01	1699.37	1667.02	60	5861	
0.4	5.4	5	696	38	3	398	599596	398	599596	0.00523367	0.00326699	0.003	0.01	1506.52	393.138	60	3550	
0.4	5.4	1	698	9	3	1	60	1	60	0.003	0	0.003	0.003	60	0	60	60	
0.4	5.4	5	699	50	3	854	1168211	853	1166436	0.00359085	0.00194713	0.003	0.01	1367.45	613.518	60	4395	
0.4	5.4	5	701	5	3	481	872249	481	872249	0.003	0	0.003	0.003	1813.41	1351.27	60	9422	
0.4	5.4	5	703	22	3	1	60	1	60	0.003	0	0.003	0.003	60	0	60	60	
0.4	5.4	1	704	5	3	38	101311	38	101311	0.003	0	0.003	0.003	2666.08	1291.17	60	4395	
0.4	5.4	5	705	53	3	3	180	3	180	0.00533333	0.00404145	0.003	0.01	60	0	60	60	
0.4	5.4	24	707	24	3	247	412138	247	412138	0.00353846	0.00186907	0.003	0.01	1668.57	1251.39	19	9422	
0.4	5.4	1	708	10	3	2	120	2	120	0.0065	0.00494975	0.003	0.01	60	0	60	60	
0.4	5.4	5	709	44	3	1128	1565605	1128	1565605	0.003	0	0.003	0.003	1387.95	1015.57	60	8873	
0.4	5.4	24	711	23	3	237	363448	237	363448	0.00329536	0.0014102	0.003	0.01	1533.54	907.78	60	9422	
0.4	5.4	24	713	21	3	3	180	3	180	0.01	0	0.01	0.01	60	0	60	60	
0.4	5.4	24	715	1	3	5	300	5	300	0.0072	0.00383406	0.003	0.01	60	0	60	60	
0.4	5.4	24	716	27	3	196	333947	194	330397	0.0062835	0.00350234	0.003	0.01	1703.08	334.9	23	3182	
0.4	5.4	5	719	10	3	2	120	2	120	0.0065	0.00494975	0.003	0.01	60	0	60	60	
0.4	5.4	5	720	42	3	2	120	2	120	0.003	0	0.003	0.003	60	0	60	60	
0.4	5.4	1	722	2	3	264	984628	264	984628	0.003	0	0.003	0.003	3729.65	2177.55	60	9422	
0.4	5.4	24	723	10	3	5	300	5	300	0.0072	0.00383406	0.003	0.01	60	0	60	60	
0.4	5.4	5	726	25	3	532	1021702	532	1021702	0.003	0	0.003	0.003	1920.49	1292.77	21	7099	
0.4	5.4	5	727	20	3	268	436495	268	436495	0.003	0	0.003	0.003	1628.71	1013.7	36	5324	
0.4	5.4	5	730	63	3	1	60	1	60	0.01	0	0.01	0.01	60	0	60	60	
0.4	5.4	5	731	45	3	4	240	4	240	0.00825	0.0035	0.003	0.01	60	0	60	60	
0.4	5.4	24	733	5	3	2	120	2	120	0.0065	0.00494975	0.003	0.01	60	0	60	60	
0.4	5.4	25	735	8	3	1	60	1	60	0.003	0	0.003	0.003	60	0	60	60	
0.4	5.4	5	738	16	3	433	728050	433	728050	0.003	0	0.003	0.003	1681.41	1232.96	21	9422	
0.4	5.4	5	741	11	3	1	60	1	60	0.003	0	0.003	0.003	60	0	60	60	
0.4	5.4	5	743	56	3	214	172048	214	172048	0.00450467	0.00288227	0.003	0.01	803.963	545.927	48	3550	
0.4	5.4	1	744	13	3	25	77636	25	77636	0.003	0	0.003	0.003	3105.44	2314.41	60	9422	
0.4	5.4	5	745	23	3	8	480	8	480	0.00475	0.00324037	0.003	0.01	60	0	60	60	
0.4	5.4	6	746	2	3	1	60	1	60	0.003	0	0.003	0.003	60	0	60	60	
0.4	5.4	24	747	4	3	3	180	3	180	0.00766667	0.00404145	0.003	0.01	60	0	60	60	
0.4	5.4	1	748	14	3	2	120	2	120	0.0065	0.00494975	0.003	0.01	60	0	60	60	
0.4	5.4	1	749	16	3	3	180	3	180	0.00766667	0.00404145	0.003	0.01	60	0	60	60	
0.4	5.4	5	750	49	3	4	240	4	240	0.00475	0.0035	0.003	0.01	60	0	60	60	
