% start	end	CellId	IMSI	RNTI	LCID	nTxPDUs	TxBytes	nRxPDUs	RxBytes	delay	stdDev	min	max	PduSize	stdDev	min	max
0.4	5.4	6	2	5	3	94	422667	94	422667	0.003	0	0.003	0.003	4496.46	3262.18	45	9422	
0.4	5.4	9	3	1	3	1	60	1	60	0.01	0	0.01	0.01	60	0	60	60	
0.4	5.4	6	6	6	3	2	120	2	120	0.01	0	0.01	0.01	60	0	60	60	
0.4	5.4	36	7	3	3	342	1894127	342	1894127	0.00308187	0.000753696	0.003	0.01	5538.38	3400.74	45	9422	
0.4	5.4	52	8	12	3	377	588374	377	588374	0.003	0	0.003	0.003	1560.67	1369.18	60	9422	
0.4	5.4	28	9	5	3	4	240	4	240	0.00475	0.0035	0.003	0.01	60	0	60	60	
0.4	5.4	34	15	9	3	1	60	1	60	0.003	0	0.003	0.003	60	0	60	60	
0.4	5.4	32	16	15	3	1	60	1	60	0.003	0	0.003	0.003	60	0	60	60	
0.4	5.4	42	17	14	3	1	60	1	60	0.003	0	0.003	0.003	60	0	60	60	
0.4	5.4	37	20	32	3	2	120	2	120	0.003	0	0.003	0.003	60	0	60	60	
0.4	5.4	10	21	7	3	1	60	1	60	0.003	0	0.003	0.003	60	0	60	60	
0.4	5.4	55	22	10	3	1	60	1	60	0.003	0	0.003	0.003	60	0	60	60	
0.4	5.4	24	23	7	3	119	225719	119	225719	0.00564706	0.00340883	0.003	0.01	1896.8	1430.91	60	9422	
0.4	5.4	8	24	9	3	2	120	2	120	0.003	0	0.003	0.003	60	0	60	60	
0.4	5.4	1	25	21	3	119	207201	117	203651	0.00539316	0.00333466	0.003	0.01	1740.61	202.815	60	1775	
0.4	5.4	21	26	3	3	852	3687749	852	3687749	0.003	0	0.003	0.003	4328.34	1819.06	56	9422	
0.4	5.4	54	27	11	3	2	120	2	120	0.003	0	0.003	0.003	60	0	60	60	
0.4	5.4	18	28	8	3	2	120	2	120	0.0065	0.00494975	0.003	0.01	60	0	60	60	
0.4	5.4	3	29	2	3	1	60	1	60	0.01	0	0.01	0.01	60	0	60	60	
0.4	5.4	32	30	3	3	830	1512222	829	1511038	0.00332931	0.00148304	0.003	0.01	1822.72	1542.6	45	9422	
0.4	5.4	10	31	12	3	6	360	6	360	0.0065	0.00383406	0.003	0.01	60	0	60	60	
0.4	5.4	50	32	8	3	2	120	2	120	0.003	0	0.003	0.003	60	0	60	60	
0.4	5.4	52	33	2	3	237	1198219	237	1198219	0.003	0	0.003	0.003	5055.78	2587.61	60	9422	
0.4	5.4	39	34	21	3	6	360	6	360	0.00416667	0.00285774	0.003	0.01	60	0	60	60	
0.4	5.4	39	35	34	3	1	60	1	60	0.003	0	0.003	0.003	60	0	60	60	
0.4	5.4	39	36	24	3	3	180	3	180	0.003	0	0.003	0.003	60	0	60	60	
0.4	5.4	10	37	11	3	588	920050	588	920050	0.00557143	0.00337745	0.003	0.01	1564.71	1084.1	60	9422	
0.4	5.4	50	38	6	3	1	60	1	60	0.003	0	0.003	0.003	60	0	60	60	
0.4	5.4	49	40	10	3	3	180	3	180	0.00533333	0.00404145	0.003	0.01	60	0	60	60	
0.4	5.4	37	41	24	3	1	60	1	60	0.003	0	0.003	0.003	60	0	60	60	
0.4	5.4	11	42	8	3	16	50408	16	50408	0.003	0	0.003	0.003	3150.5	3097.02	60	9422	
0.4	5.4	1	43	28	3	69	120820	66	115495	0.00533333	0.00332512	0.003	0.01	1749.92	393.649	60	3182	
0.4	5.4	41	45	34	3	3	180	3	180	0.003	0	0.003	0.003	60	0	60	60	
0.4	5.4	52	46	1	3	2	120	2	120	0.003	0	0.003	0.003	60	0	60	60	
0.4	5.4	11	47	1	3	99	440276	99	440276	0.00462626	0.00297124	0.003	0.01	4447.23	3077.16	60	9422	
0.4	5.4	28	48	7	3	276	690611	276	690611	0.00426811	0.00270095	0.003	0.01	2502.21	1882.02	60	9422	
0.4	5.4	17	49	4	3	53	280053	53	280053	0.00511321	0.00324429	0.003	0.01	5284.02	2958.59	60	9422	
0.4	5.4	35	51	2	3	147	187718	147	187718	0.00590476	0.0034608	0.003	0.01	1276.99	1172.7	60	8429	
0.4	5.4	37	52	18	3	4	240	4	240	0.003	0	0.003	0.003	60	0	60	60	
0.4	5.4	18	53	2	3	103	536854	103	536854	0.003	0	0.003	0.003	5212.17	3696.32	45	9422	
0.4	5.4	55	54	25	3	1	60	1	60	0.003	0	0.003	0.003	60	0	60	60	
0.4	5.4	37	58	11	3	1	60	1	60	0.01	0	0.01	0.01	60	0	60	60	
0.4	5.4	52	59	5	3	4	240	4	240	0.003	0	0.003	0.003	60	0	60	60	
0.4	5.4	34	61	15	3	2	120	2	120	0.003	0	0.003	0.003	60	0	60	60	
0.4	5.4	5	64	16	3	145	253418	145	253418	0.00497931	0.00316331	0.003	0.01	1747.71	533.471	60	5664	
0.4	5.4	1	65	13	3	1	60	1	60	0.01	0	0.01	0.01	60	0	60	60	
0.4	5.4	8	68	10	3	4	240	4	240	0.003	0	0.003	0.003	60	0	60	60	
0.4	5.4	35	69	10	3	3	180	3	180	0.00766667	0.00404145	0.003	0.01	60	0	60	60	
0.4	5.4	42	70	2	3	226	1125053	226	1125053	0.00402212	0.00247735	0.003	0.01	4978.11	3540.98	45	9422	
0.4	5.4	43	71	1	3	3	180	3	180	0.00766667	0.00404145	0.003	0.01	60	0	60	60	
0.4	5.4	56	72	7	3	2	120	2	120	0.01	0	0.01	0.01	60	0	60	60	
0.4	5.4	54	73	9	3	424	961729	423	961137	0.00490307	0.00311814	0.003	0.01	2272.19	2479.89	60	9422	
0.4	5.4	52	74	15	3	1	60	1	60	0.01	0	0.01	0.01	60	0	60	60	
0.4	5.4	12	76	4	3	2	120	2	120	0.0065	0.00494975	0.003	0.01	60	0	60	60	
0.4	5.4	27	77	2	3	5	300	5	300	0.0058	0.00383406	0.003	0.01	60	0	60	60	
0.4	5.4	32	78	6	3	1	60	1	60	0.01	0	0.01	0.01	60	0	60	60	
0.4	5.4	8	79	3	3	2	120	2	120	0.003	0	0.003	0.003	60	0	60	60	
0.4	5.4	49	80	3	3	3	180	3	180	0.00533333	0.00404145	0.003	0.01	60	0	60	60	
0.4	5.4	4	81	5	3	2	120	2	120	0.003	0	0.003	0.003	60	0	60	60	
0.4	5.4	18	82	4	3	349	1867008	349	1867008	0.003	0	0.003	0.003	5349.59	2912.92	45	9422	
0.4	5.4	14	83	10	3	124	521952	124	521952	0.003	0	0.003	0.003	4209.29	2551.16	45	9422	
0.4	5.4	55	84	7	3	1	60	1	60	0.003	0	0.003	0.003	60	0	60	60	
0.4	5.4	4	86	2	3	135	196714	135	196714	0.00631852	0.00350831	0.003	0.01	1457.14	1212.17	60	6882	
0.4	5.4	41	87	3	3	1	60	1	60	0.003	0	0.003	0.003	60	0	60	60	
0.4	5.4	21	88	4	3	3	180	3	180	0.003	0	0.003	0.003	60	0	60	60	
0.4	5.4	48	89	1	3	5	300	5	300	0.0044	0.0031305	0.003	0.01	60	0	60	60	
0.4	5.4	29	90	5	3	1	60	1	60	0.003	0	0.003	0.003	60	0	60	60	
0.4	5.4	20	91	5	3	5	300	5	300	0.0072	0.00383406	0.003	0.01	60	0	60	60	
0.4	5.4	39	93	33	3	1	60	1	60	0.003	0	0.003	0.003	60	0	60	60	
0.4	5.4	57	94	12	3	2	120	2	120	0.003	0	0.003	0.003	60	0	60	60	
0.4	5.4	23	95	1	3	3	180	3	180	0.00533333	0.00404145	0.003	0.01	60	0	60	60	
0.4	5.4	34	96	1	3	4	240	4	240	0.003	0	0.003	0.003	60	0	60	60	
0.4	5.4	1	97	3	3	2	120	2	120	0.0065	0.00494975	0.003	0.01	60	0	60	60	
0.4	5.4	34	100	16	3	2	120	2	120	0.003	0	0.003	0.003	60	0	60	60	
0.4	5.4	55	102	9	3	781	1100391	779	1098023	0.00384467	0.00228165	0.003	0.01	1409.53	389.537	60	3550	
0.4	5.4	29	104	6	3	1	60	1	60	0.01	0	0.01	0.01	60	0	60	60	
0.4	5.4	35	105	7	3	1	60	1	60	0.003	0	0.003	0.003	60	0	60	60	
0.4	5.4	10	106	3	3	2	120	2	120	0.003	0	0.003	0.003	60	0	60	60	
0.4	5.4	52	108	28	3	2	120	2	120	0.003	0	0.003	0.003	60	0	60	60	
0.4	5.4	55	109	5	3	693	1036467	693	1036467	0.00427273	0.00270181	0.003	0.01	1495.62	880.574	60	9422	
0.4	5.4	9	110	5	3	1	60	1	60	0.01	0	0.01	0.01	60	0	60	60	
0.4	5.4	19	112	11	3	3	712	3	712	0.00766667	0.00404145	0.003	0.01	237.333	307.15	60	592	
0.4	5.4	21	113	14	3	3	180	3	180	0.003	0	0.003	0.003	60	0	60	60	
0.4	5.4	21	114	18	3	3	180	3	180	0.003	0	0.003	0.003	60	0	60	60	
0.4	5.4	19	115	2	3	239	413713	239	413713	0.00472803	0.00302463	0.003	0.01	1731.02	844.612	60	9422	
0.4	5.4	5	116	44	3	20	32067	20	32067	0.003	0	0.003	0.003	1603.35	457.186	60	1775	
0.4	5.4	41	117	8	3	1003	1343710	1003	1343710	0.003	0	0.003	0.003	1339.69	411.687	60	9422	
0.4	5.4	6	118	18	3	428	694968	428	694968	0.00378505	0.00221144	0.003	0.01	1623.76	1413.03	60	9422	
0.4	5.4	49	119	5	3	16	32069	16	32069	0.007375	0.0035	0.003	0.01	2004.31	997.565	60	3550	
0.4	5.4	25	120	2	3	37	141642	37	141642	0.00489189	0.00315158	0.003	0.01	3828.16	2840.7	60	9422	
0.4	5.4	25	121	8	3	2	120	2	120	0.0065	0.00494975	0.003	0.01	60	0	60	60	
0.4	5.4	31	122	2	3	1	60	1	60	0.01	0	0.01	0.01	60	0	60	60	
0.4	5.4	56	124	2	3	2	120	2	120	0.003	0	0.003	0.003	60	0	60	60	
0.4	5.4	7	125	4	3	3	180	3	180	0.00533333	0.00404145	0.003	0.01	60	0	60	60	
0.4	5.4	51	126	2	3	1	60	1	60	0.01	0	0.01	0.01	60	0	60	60	
0.4	5.4	54	127	1	3	1	60	1	60	0.003	0	0.003	0.003	60	0	60	60	
0.4	5.4	45	128	4	3	158	671143	157	664862	0.00357962	0.00193526	0.003	0.01	4234.79	2363.18	60	9422	
0.4	5.4	39	129	28	3	1	60	1	60	0.003	0	0.003	0.003	60	0	60	60	
0.4	5.4	47	133	4	3	2	120	2	120	0.01	0	0.01	0.01	60	0	60	60	
0.4	5.4	7	134	7	3	415	1417846	415	1417846	0.00321928	0.00122084	0.003	0.01	3416.5	2068.58	45	9422	
0.4	5.4	28	136	8	3	3	180	3	180	0.00533333	0.00404145	0.003	0.01	60	0	60	60	
0.4	5.4	2	137	12	3	64	445558	64	445558	0.003	0	0.003	0.003	6961.84	2961.09	60	9422	
0.4	5.4	37	138	26	3	1	60	1	60	0.003	0	0.003	0.003	60	0	60	60	
0.4	5.4	44	141	3	3	1	60	1	60	0.003	0	0.003	0.003	60	0	60	60	
0.4	5.4	30	142	7	3	126	271132	126	271132	0.0065	0.00351397	0.003	0.01	2151.84	1110.92	60	5324	
0.4	5.4	31	143	3	3	2	120	2	120	0.01	0	0.01	0.01	60	0	60	60	
0.4	5.4	4	145	3	3	273	1026064	273	1026064	0.00302564	0.000423659	0.003	0.01	3758.48	2413.69	45	9422	
0.4	5.4	57	146	5	3	716	1400378	716	1400378	0.00305866	0.000638548	0.003	0.01	1955.84	1031.36	60	9422	
0.4	5.4	42	147	12	3	5	300	5	300	0.003	0	0.003	0.003	60	0	60	60	
0.4	5.4	54	148	3	3	1	60	1	60	0.003	0	0.003	0.003	60	0	60	60	
0.4	5.4	48	151	7	3	1415	5109955	1415	5109955	0.00363321	0.00200858	0.003	0.01	3611.28	2480.32	60	9422	
0.4	5.4	6	152	4	3	2	120	2	120	0.01	0	0.01	0.01	60	0	60	60	
0.4	5.4	2	153	18	3	3	180	3	180	0.003	0	0.003	0.003	60	0	60	60	
0.4	5.4	2	154	4	3	5	300	5	300	0.003	0	0.003	0.003	60	0	60	60	
0.4	5.4	39	155	32	3	1	60	1	60	0.003	0	0.003	0.003	60	0	60	60	
0.4	5.4	49	157	8	3	2	120	2	120	0.003	0	0.003	0.003	60	0	60	60	
0.4	5.4	24	158	2	3	25	62303	25	62303	0.00328	0.0014	0.003	0.01	2492.12	1983.95	60	7099	
0.4	5.4	42	159	7	3	2	120	2	120	0.0065	0.00494975	0.003	0.01	60	0	60	60	
0.4	5.4	42	163	1	3	1	60	1	60	0.003	0	0.003	0.003	60	0	60	60	
0.4	5.4	55	164	16	3	197	299518	196	298926	0.00414286	0.00259388	0.003	0.01	1525.13	512.28	60	2769	
0.4	5.4	3	165	1	3	3	180	3	180	0.00533333	0.00404145	0.003	0.01	60	0	60	60	
0.4	5.4	39	168	35	3	2	120	2	120	0.003	0	0.003	0.003	60	0	60	60	
0.4	5.4	49	171	2	3	92	429074	92	429074	0.003	0	0.003	0.003	4663.85	2971.79	45	9422	
0.4	5.4	21	172	16	3	5	300	5	300	0.003	0	0.003	0.003	60	0	60	60	
0.4	5.4	4	174	4	3	2	120	2	120	0.003	0	0.003	0.003	60	0	60	60	
0.4	5.4	46	176	3	3	4	240	4	240	0.0065	0.00404145	0.003	0.01	60	0	60	60	
0.4	5.4	26	180	4	3	1	60	1	60	0.01	0	0.01	0.01	60	0	60	60	
0.4	5.4	14	181	1	3	201	584706	201	584706	0.00331343	0.0014513	0.003	0.01	2908.99	1616.86	60	9422	
0.4	5.4	41	182	9	3	4	240	4	240	0.003	0	0.003	0.003	60	0	60	60	
0.4	5.4	31	184	6	3	2	120	2	120	0.0065	0.00494975	0.003	0.01	60	0	60	60	
0.4	5.4	31	185	9	3	2	120	2	120	0.0065	0.00494975	0.003	0.01	60	0	60	60	
0.4	5.4	31	188	5	3	2	120	2	120	0.0065	0.00494975	0.003	0.01	60	0	60	60	
0.4	5.4	39	189	29	3	3	180	3	180	0.003	0	0.003	0.003	60	0	60	60	
0.4	5.4	10	190	9	3	4	240	4	240	0.0065	0.00404145	0.003	0.01	60	0	60	60	
0.4	5.4	32	192	14	3	95	401387	95	401387	0.003	0	0.003	0.003	4225.13	2754.89	45	9422	
0.4	5.4	42	193	6	3	1	60	1	60	0.01	0	0.01	0.01	60	0	60	60	
0.4	5.4	2	194	17	3	2	120	2	120	0.003	0	0.003	0.003	60	0	60	60	
0.4	5.4	44	195	6	3	6	8992	6	8992	0.003	0	0.003	0.003	1498.67	1204.42	60	3550	
0.4	5.4	31	196	1	3	131	375836	131	375836	0.0031603	0.00105113	0.003	0.01	2868.98	1344.59	60	8030	
0.4	5.4	52	199	24	3	1	60	1	60	0.003	0	0.003	0.003	60	0	60	60	
0.4	5.4	34	200	13	3	3	180	3	180	0.003	0	0.003	0.003	60	0	60	60	
0.4	5.4	30	201	4	3	170	583498	170	583498	0.00390588	0.00235653	0.003	0.01	3432.34	1736.53	60	8873	
0.4	5.4	34	202	12	3	2	120	2	120	0.0065	0.00494975	0.003	0.01	60	0	60	60	
0.4	5.4	5	203	47	3	4	240	4	240	0.003	0	0.003	0.003	60	0	60	60	
0.4	5.4	42	206	8	3	1	60	1	60	0.003	0	0.003	0.003	60	0	60	60	
0.4	5.4	5	207	60	3	4	240	4	240	0.00475	0.0035	0.003	0.01	60	0	60	60	
0.4	5.4	29	208	7	3	136	212551	136	212551	0.00655147	0.00351256	0.003	0.01	1562.87	1367.71	60	9422	
0.4	5.4	41	209	16	3	3	180	3	180	0.003	0	0.003	0.003	60	0	60	60	
0.4	5.4	47	211	3	3	1	60	1	60	0.01	0	0.01	0.01	60	0	60	60	
0.4	5.4	34	213	11	3	4	240	4	240	0.003	0	0.003	0.003	60	0	60	60	
0.4	5.4	7	215	9	3	197	712715	197	712715	0.00388832	0.00233599	0.003	0.01	3617.84	2199.65	45	9422	
0.4	5.4	20	216	7	3	3	180	3	180	0.00533333	0.00404145	0.003	0.01	60	0	60	60	
0.4	5.4	34	217	10	3	4	3667	4	3667	0.0065	0.00404145	0.003	0.01	916.75	733.545	60	1775	
0.4	5.4	2	218	5	3	4	240	4	240	0.00475	0.0035	0.003	0.01	60	0	60	60	
0.4	5.4	14	219	6	3	67	223759	67	223759	0.003	0	0.003	0.003	3339.69	2695.8	60	9422	
0.4	5.4	34	222	2	3	2	120	2	120	0.003	0	0.003	0.003	60	0	60	60	
0.4	5.4	14	223	12	3	436	1239261	435	1236894	0.00388506	0.00232907	0.003	0.01	2843.43	1888.4	45	9422	
0.4	5.4	46	224	7	3	337	1535358	337	1535358	0.003	0	0.003	0.003	4555.96	2247.13	60	9422	
0.4	5.4	9	225	7	3	2	120	2	120	0.0065	0.00494975	0.003	0.01	60	0	60	60	
0.4	5.4	24	228	16	3	4	240	4	240	0.0065	0.00404145	0.003	0.01	60	0	60	60	
0.4	5.4	57	230	7	3	2	120	2	120	0.003	0	0.003	0.003	60	0	60	60	
0.4	5.4	18	231	5	3	772	2663285	772	2663285	0.00324482	0.00128683	0.003	0.01	3449.85	1700.69	45	9422	
0.4	5.4	20	232	4	3	463	1077068	463	1077068	0.00488985	0.003111	0.003	0.01	2326.28	1453.73	60	9422	
0.4	5.4	14	233	7	3	195	385919	195	385919	0.00554872	0.00337691	0.003	0.01	1979.07	1111.8	60	6063	
0.4	5.4	22	235	8	3	2	120	2	120	0.003	0	0.003	0.003	60	0	60	60	
0.4	5.4	40	236	1	3	4	240	4	240	0.0065	0.00404145	0.003	0.01	60	0	60	60	
0.4	5.4	37	238	1	3	1	60	1	60	0.003	0	0.003	0.003	60	0	60	60	
0.4	5.4	5	240	33	3	1	60	1	60	0.01	0	0.01	0.01	60	0	60	60	
0.4	5.4	42	241	10	3	1	60	1	60	0.003	0	0.003	0.003	60	0	60	60	
0.4	5.4	50	243	11	3	1	60	1	60	0.003	0	0.003	0.003	60	0	60	60	
0.4	5.4	39	244	14	3	3	180	3	180	0.003	0	0.003	0.003	60	0	60	60	
0.4	5.4	46	248	6	3	1	60	1	60	0.003	0	0.003	0.003	60	0	60	60	
0.4	5.4	38	249	3	3	1	60	1	60	0.003	0	0.003	0.003	60	0	60	60	
0.4	5.4	41	250	6	3	1	60	1	60	0.003	0	0.003	0.003	60	0	60	60	
0.4	5.4	44	251	5	3	192	630907	192	630907	0.00336458	0.00155943	0.003	0.01	3285.97	2692.72	60	9422	
0.4	5.4	55	252	3	3	2	120	2	120	0.003	0	0.003	0.003	60	0	60	60	
0.4	5.4	12	256	6	3	4	240	4	240	0.00475	0.0035	0.003	0.01	60	0	60	60	
0.4	5.4	26	257	5	3	2	120	2	120	0.003	0	0.003	0.003	60	0	60	60	
0.4	5.4	19	258	4	3	3	180	3	180	0.003	0	0.003	0.003	60	0	60	60	
0.4	5.4	17	259	3	3	2	120	2	120	0.0065	0.00494975	0.003	0.01	60	0	60	60	
0.4	5.4	7	260	8	3	102	433813	102	433813	0.003	0	0.003	0.003	4253.07	3147.2	45	9422	
0.4	5.4	10	261	5	3	133	233906	133	233906	0.00621053	0.0035012	0.003	0.01	1758.69	1096.04	60	5324	
0.4	5.4	39	264	1	3	3	180	3	180	0.00533333	0.00404145	0.003	0.01	60	0	60	60	
0.4	5.4	44	265	2	3	193	831362	193	831362	0.003	0	0.003	0.003	4307.58	2946.89	45	9422	
0.4	5.4	41	267	27	3	3	180	3	180	0.003	0	0.003	0.003	60	0	60	60	
0.4	5.4	1	268	19	3	291	1303475	291	1303475	0.00408247	0.00253528	0.003	0.01	4479.3	1895.87	60	9422	
0.4	5.4	26	269	3	3	157	405433	157	405433	0.00456051	0.00292281	0.003	0.01	2582.38	1807.87	60	9422	
0.4	5.4	21	270	8	3	2	120	2	120	0.0065	0.00494975	0.003	0.01	60	0	60	60	
0.4	5.4	45	271	2	3	2	120	2	120	0.01	0	0.01	0.01	60	0	60	60	
0.4	5.4	39	272	31	3	1	60	1	60	0.003	0	0.003	0.003	60	0	60	60	
0.4	5.4	30	273	8	3	2	120	2	120	0.0065	0.00494975	0.003	0.01	60	0	60	60	
0.4	5.4	5	274	54	3	5	300	5	300	0.0072	0.00383406	0.003	0.01	60	0	60	60	
0.4	5.4	6	275	10	3	3	180	3	180	0.00533333	0.00404145	0.003	0.01	60	0	60	60	
0.4	5.4	57	276	2	3	2	120	2	120	0.003	0	0.003	0.003	60	0	60	60	
0.4	5.4	41	278	26	3	1	60	1	60	0.01	0	0.01	0.01	60	0	60	60	
0.4	5.4	27	281	7	3	2	120	2	120	0.0065	0.00494975	0.003	0.01	60	0	60	60	
0.4	5.4	26	282	6	3	2	120	2	120	0.0065	0.00494975	0.003	0.01	60	0	60	60	
0.4	5.4	8	283	6	3	2	120	2	120	0.003	0	0.003	0.003	60	0	60	60	
0.4	5.4	6	284	15	3	2	120	2	120	0.0065	0.00494975	0.003	0.01	60	0	60	60	
0.4	5.4	22	286	3	3	3	180	3	180	0.00533333	0.00404145	0.003	0.01	60	0	60	60	
0.4	5.4	13	288	2	3	3	180	3	180	0.00533333	0.00404145	0.003	0.01	60	0	60	60	
0.4	5.4	34	290	3	3	1	60	1	60	0.003	0	0.003	0.003	60	0	60	60	
0.4	5.4	39	291	12	3	1	60	1	60	0.01	0	0.01	0.01	60	0	60	60	
0.4	5.4	2	293	16	3	2	120	2	120	0.003	0	0.003	0.003	60	0	60	60	
0.4	5.4	40	294	6	3	204	1056844	204	1056844	0.003	0	0.003	0.003	5180.61	3158.34	45	9422	
0.4	5.4	14	295	3	3	3	180	3	180	0.00533333	0.00404145	0.003	0.01	60	0	60	60	
0.4	5.4	37	298	4	3	3	180	3	180	0.003	0	0.003	0.003	60	0	60	60	
0.4	5.4	8	299	5	3	2	120	2	120	0.003	0	0.003	0.003	60	0	60	60	
0.4	5.4	26	301	7	3	146	537934	146	537934	0.00400685	0.00246492	0.003	0.01	3684.48	1469.65	60	9422	
0.4	5.4	5	303	15	3	277	357698	277	357698	0.00449097	0.00287116	0.003	0.01	1291.33	757.939	43	9422	
0.4	5.4	57	305	1	3	2	120	2	120	0.0065	0.00494975	0.003	0.01	60	0	60	60	
0.4	5.4	34	306	4	3	1	60	1	60	0.01	0	0.01	0.01	60	0	60	60	
0.4	5.4	49	308	4	3	313	1188308	313	1188308	0.00384984	0.00228985	0.003	0.01	3796.51	2414.38	45	9422	
0.4	5.4	38	309	6	3	77	352728	77	352728	0.00463636	0.002982	0.003	0.01	4580.88	3097.2	45	9422	
0.4	5.4	30	311	3	3	150	738579	150	738579	0.003	0	0.003	0.003	4923.86	3159.64	45	9422	
0.4	5.4	18	313	9	3	1	60	1	60	0.01	0	0.01	0.01	60	0	60	60	
0.4	5.4	57	314	9	3	2	120	2	120	0.01	0	0.01	0.01	60	0	60	60	
0.4	5.4	19	315	1	3	5	5442	5	5442	0.003	0	0.003	0.003	1088.4	742.216	60	1775	
0.4	5.4	2	316	13	3	2	120	2	120	0.003	0	0.003	0.003	60	0	60	60	
0.4	5.4	2	318	14	3	435	1568696	435	1568696	0.003	0	0.003	0.003	3606.2	1453.8	60	9422	
0.4	5.4	25	322	9	3	4	240	4	240	0.00825	0.0035	0.003	0.01	60	0	60	60	
0.4	5.4	44	324	1	3	2	120	2	120	0.01	0	0.01	0.01	60	0	60	60	
0.4	5.4	52	325	18	3	2	120	2	120	0.0065	0.00494975	0.003	0.01	60	0	60	60	
0.4	5.4	46	327	9	3	1	60	1	60	0.003	0	0.003	0.003	60	0	60	60	
0.4	5.4	37	329	6	3	3	180	3	180	0.003	0	0.003	0.003	60	0	60	60	
0.4	5.4	44	330	8	3	83	382311	83	382311	0.00510843	0.00323099	0.003	0.01	4606.16	2732.61	45	9422	
0.4	5.4	37	331	5	3	1	60	1	60	0.003	0	0.003	0.003	60	0	60	60	
0.4	5.4	35	333	4	3	2	120	2	120	0.003	0	0.003	0.003	60	0	60	60	
0.4	5.4	35	334	9	3	1	60	1	60	0.003	0	0.003	0.003	60	0	60	60	
0.4	5.4	41	335	21	3	1	60	1	60	0.003	0	0.003	0.003	60	0	60	60	
0.4	5.4	37	336	9	3	4	240	4	240	0.003	0	0.003	0.003	60	0	60	60	
0.4	5.4	53	337	6	3	448	1261124	448	1261124	0.00601562	0.0034702	0.003	0.01	2815.01	2131.45	57	9422	
0.4	5.4	41	339	23	3	2	120	2	120	0.003	0	0.003	0.003	60	0	60	60	
0.4	5.4	4	340	1	3	29	34983	29	34983	0.00637931	0.00355983	0.003	0.01	1206.31	363.332	60	1775	
0.4	5.4	55	341	15	3	2	120	2	120	0.003	0	0.003	0.003	60	0	60	60	
0.4	5.4	38	343	8	3	426	2207686	426	2207686	0.00303286	0.000479067	0.003	0.01	5182.36	2102.38	56	9422	
0.4	5.4	46	348	8	3	2	120	2	120	0.003	0	0.003	0.003	60	0	60	60	
0.4	5.4	8	350	2	3	1	60	1	60	0.003	0	0.003	0.003	60	0	60	60	
0.4	5.4	28	353	1	3	2	120	2	120	0.0065	0.00494975	0.003	0.01	60	0	60	60	
0.4	5.4	55	356	4	3	1	60	1	60	0.003	0	0.003	0.003	60	0	60	60	
0.4	5.4	57	357	14	3	1	60	1	60	0.003	0	0.003	0.003	60	0	60	60	
0.4	5.4	52	359	31	3	2	120	2	120	0.003	0	0.003	0.003	60	0	60	60	
0.4	5.4	35	360	3	3	1	60	1	60	0.01	0	0.01	0.01	60	0	60	60	
0.4	5.4	32	362	13	3	2	120	2	120	0.003	0	0.003	0.003	60	0	60	60	
0.4	5.4	2	364	3	3	3	180	3	180	0.00533333	0.00404145	0.003	0.01	60	0	60	60	
0.4	5.4	37	366	40	3	4	240	4	240	0.003	0	0.003	0.003	60	0	60	60	
0.4	5.4	24	369	17	3	2	120	2	120	0.0065	0.00494975	0.003	0.01	60	0	60	60	
0.4	5.4	29	371	10	3	95	304813	95	304813	0.00336842	0.00157137	0.003	0.01	3208.56	1727.25	60	8873	
0.4	5.4	2	372	9	3	2	120	2	120	0.0065	0.00494975	0.003	0.01	60	0	60	60	
0.4	5.4	39	373	23	3	2	120	2	120	0.0065	0.00494975	0.003	0.01	60	0	60	60	
0.4	5.4	32	374	2	3	73	329075	73	329075	0.003	0	0.003	0.003	4507.88	2479.42	60	9422	
0.4	5.4	55	377	1	3	3	180	3	180	0.00533333	0.00404145	0.003	0.01	60	0	60	60	
0.4	5.4	9	379	4	3	110	615978	110	615978	0.003	0	0.003	0.003	5599.8	3101.92	45	9422	
0.4	5.4	41	381	32	3	2	120	2	120	0.003	0	0.003	0.003	60	0	60	60	
0.4	5.4	21	383	13	3	1	592	1	592	0.003	0	0.003	0.003	592	0	592	592	
0.4	5.4	21	384	12	3	1	60	1	60	0.003	0	0.003	0.003	60	0	60	60	
0.4	5.4	50	385	5	3	94	414859	94	414859	0.003	0	0.003	0.003	4413.39	3340.39	45	9422	
0.4	5.4	54	387	5	3	3	180	3	180	0.00533333	0.00404145	0.003	0.01	60	0	60	60	
0.4	5.4	13	388	1	3	1	60	1	60	0.003	0	0.003	0.003	60	0	60	60	
0.4	5.4	45	389	5	3	273	684795	273	684795	0.00430769	0.00273334	0.003	0.01	2508.41	2043.61	60	9422	
0.4	5.4	52	390	21	3	2	120	2	120	0.003	0	0.003	0.003	60	0	60	60	
0.4	5.4	52	391	32	3	4	240	4	240	0.003	0	0.003	0.003	60	0	60	60	
0.4	5.4	35	392	5	3	136	687578	136	687578	0.00305147	0.000600245	0.003	0.01	5055.72	3136.94	45	9422	
0.4	5.4	18	393	1	3	1	60	1	60	0.003	0	0.003	0.003	60	0	60	60	
0.4	5.4	49	394	14	3	191	371724	191	371724	0.00369633	0.00210061	0.003	0.01	1946.2	1686.51	60	8873	
0.4	5.4	9	395	6	3	178	713026	177	708293	0.003	0	0.003	0.003	4001.66	2151.69	45	9422	
0.4	5.4	15	396	4	3	6	8992	6	8992	0.003	0	0.003	0.003	1498.67	1204.42	60	3550	
0.4	5.4	39	397	4	3	2	120	2	120	0.0065	0.00494975	0.003	0.01	60	0	60	60	
0.4	5.4	47	398	2	3	4	240	4	240	0.01	0	0.01	0.01	60	0	60	60	
0.4	5.4	10	399	4	3	88	409531	88	409531	0.003	0	0.003	0.003	4653.76	3011.72	45	9422	
0.4	5.4	42	400	17	3	1	60	1	60	0.003	0	0.003	0.003	60	0	60	60	
0.4	5.4	53	402	7	3	144	487310	144	487310	0.003	0	0.003	0.003	3384.1	2196.97	60	9422	
0.4	5.4	41	404	19	3	1	60	1	60	0.003	0	0.003	0.003	60	0	60	60	
0.4	5.4	56	405	1	3	2	120	2	120	0.003	0	0.003	0.003	60	0	60	60	
0.4	5.4	27	407	5	3	2	120	2	120	0.0065	0.00494975	0.003	0.01	60	0	60	60	
0.4	5.4	42	408	3	3	4	240	4	240	0.003	0	0.003	0.003	60	0	60	60	
0.4	5.4	23	410	5	3	2	120	2	120	0.01	0	0.01	0.01	60	0	60	60	
0.4	5.4	48	412	4	3	309	1179948	309	1179948	0.00315858	0.00104327	0.003	0.01	3818.6	1787.89	60	9422	
0.4	5.4	19	413	10	3	1	60	1	60	0.003	0	0.003	0.003	60	0	60	60	
0.4	5.4	27	414	1	3	5	832	5	832	0.0044	0.0031305	0.003	0.01	166.4	237.918	60	592	
0.4	5.4	37	415	27	3	2	120	2	120	0.01	0	0.01	0.01	60	0	60	60	
0.4	5.4	23	417	3	3	199	697636	198	697044	0.00462626	0.00296369	0.003	0.01	3520.42	2381.42	60	9422	
0.4	5.4	28	419	6	3	4	240	4	240	0.0065	0.00404145	0.003	0.01	60	0	60	60	
0.4	5.4	19	421	5	3	128	695373	128	695373	0.003	0	0.003	0.003	5432.6	3055.24	45	9422	
0.4	5.4	29	423	9	3	1	60	1	60	0.01	0	0.01	0.01	60	0	60	60	
0.4	5.4	37	425	37	3	1	60	1	60	0.003	0	0.003	0.003	60	0	60	60	
0.4	5.4	48	427	9	3	2	120	2	120	0.003	0	0.003	0.003	60	0	60	60	
0.4	5.4	40	428	8	3	1	60	1	60	0.01	0	0.01	0.01	60	0	60	60	
0.4	5.4	6	430	17	3	2	120	2	120	0.0065	0.00494975	0.003	0.01	60	0	60	60	
0.4	5.4	5	431	66	3	1	60	1	60	0.003	0	0.003	0.003	60	0	60	60	
0.4	5.4	49	432	1	3	5	300	5	300	0.0058	0.00383406	0.003	0.01	60	0	60	60	
0.4	5.4	46	433	4	3	5	300	5	300	0.003	0	0.003	0.003	60	0	60	60	
0.4	5.4	32	434	4	3	294	522601	294	522601	0.00364286	0.00202501	0.003	0.01	1777.55	1162.8	60	5861	
0.4	5.4	7	435	2	3	342	945537	342	945537	0.004269	0.0028559	0.003	0.017	2764.73	1928.75	45	9422	
0.4	5.4	52	437	16	3	1	60	1	60	0.003	0	0.003	0.003	60	0	60	60	
0.4	5.4	56	439	11	3	2	120	2	120	0.0065	0.00494975	0.003	0.01	60	0	60	60	
0.4	5.4	38	440	5	3	2	120	2	120	0.01	0	0.01	0.01	60	0	60	60	
0.4	5.4	38	443	1	3	439	546426	439	546426	0.00483371	0.00308141	0.003	0.01	1244.71	575.1	60	4733	
0.4	5.4	5	444	25	3	569	802777	569	802777	0.003	0	0.003	0.003	1410.86	817.556	60	9422	
0.4	5.4	18	447	7	3	1	60	1	60	0.01	0	0.01	0.01	60	0	60	60	
0.4	5.4	32	449	11	3	1	60	1	60	0.003	0	0.003	0.003	60	0	60	60	
0.4	5.4	21	450	10	3	1	60	1	60	0.003	0	0.003	0.003	60	0	60	60	
0.4	5.4	14	451	5	3	3	180	3	180	0.01	0	0.01	0.01	60	0	60	60	
0.4	5.4	4	452	10	3	1	60	1	60	0.003	0	0.003	0.003	60	0	60	60	
0.4	5.4	14	453	9	3	109	495927	109	495927	0.003	0	0.003	0.003	4549.79	2930.77	45	9422	
0.4	5.4	55	455	8	3	4	240	4	240	0.00475	0.0035	0.003	0.01	60	0	60	60	
0.4	5.4	52	456	20	3	3	180	3	180	0.003	0	0.003	0.003	60	0	60	60	
0.4	5.4	52	458	8	3	2	120	2	120	0.003	0	0.003	0.003	60	0	60	60	
0.4	5.4	1	460	6	3	1	60	1	60	0.01	0	0.01	0.01	60	0	60	60	
0.4	5.4	37	462	31	3	2	120	2	120	0.003	0	0.003	0.003	60	0	60	60	
0.4	5.4	16	463	6	3	4	240	4	240	0.00825	0.0035	0.003	0.01	60	0	60	60	
0.4	5.4	56	465	8	3	2	120	2	120	0.003	0	0.003	0.003	60	0	60	60	
0.4	5.4	52	466	10	3	2	120	2	120	0.003	0	0.003	0.003	60	0	60	60	
0.4	5.4	10	467	2	3	2	120	2	120	0.0065	0.00494975	0.003	0.01	60	0	60	60	
0.4	5.4	32	468	12	3	116	488208	116	488208	0.003	0	0.003	0.003	4208.69	2880.4	60	9422	
0.4	5.4	30	469	5	3	88	367521	88	367521	0.003	0	0.003	0.003	4176.38	2440.68	45	9422	
0.4	5.4	43	470	5	3	70	345005	70	345005	0.0038	0.00224319	0.003	0.01	4928.64	3385.39	60	8873	
0.4	5.4	46	471	1	3	21	70523	21	70523	0.007	0.00354965	0.003	0.01	3358.24	2779.57	60	9422	
0.4	5.4	52	472	19	3	1	60	1	60	0.003	0	0.003	0.003	60	0	60	60	
0.4	5.4	53	473	3	3	119	489431	119	489431	0.003	0	0.003	0.003	4112.87	2678.77	45	9422	
0.4	5.4	48	476	3	3	1	60	1	60	0.01	0	0.01	0.01	60	0	60	60	
0.4	5.4	57	477	8	3	2	120	2	120	0.0065	0.00494975	0.003	0.01	60	0	60	60	
0.4	5.4	11	478	9	3	3	180	3	180	0.00533333	0.00404145	0.003	0.01	60	0	60	60	
0.4	5.4	5	479	46	3	535	722784	535	722784	0.00368037	0.00207551	0.003	0.01	1351	833.639	60	9422	
0.4	5.4	25	481	1	3	125	285321	125	285321	0.004568	0.0029302	0.003	0.01	2282.57	1822.84	60	9422	
0.4	5.4	57	482	10	3	4	240	4	240	0.00475	0.0035	0.003	0.01	60	0	60	60	
0.4	5.4	22	487	1	3	2	120	2	120	0.0065	0.00494975	0.003	0.01	60	0	60	60	
0.4	5.4	22	489	6	3	1	60	1	60	0.01	0	0.01	0.01	60	0	60	60	
0.4	5.4	52	491	3	3	1	592	1	592	0.003	0	0.003	0.003	592	0	592	592	
0.4	5.4	39	494	15	3	1	60	1	60	0.01	0	0.01	0.01	60	0	60	60	
0.4	5.4	28	497	9	3	442	1143422	442	1143422	0.00554977	0.00337236	0.003	0.01	2586.93	1721.29	45	9422	
0.4	5.4	45	499	3	3	202	790652	202	790652	0.00331188	0.00144785	0.003	0.01	3914.12	2640.68	60	9422	
0.4	5.4	11	500	4	3	4	240	4	240	0.00825	0.0035	0.003	0.01	60	0	60	60	
0.4	5.4	46	501	2	3	2	120	2	120	0.003	0	0.003	0.003	60	0	60	60	
0.4	5.4	31	502	11	3	1	60	1	60	0.003	0	0.003	0.003	60	0	60	60	
0.4	5.4	53	504	9	3	177	807249	177	807249	0.003	0	0.003	0.003	4560.73	2977.78	45	9422	
0.4	5.4	31	507	10	3	3	180	3	180	0.00766667	0.00404145	0.003	0.01	60	0	60	60	
0.4	5.4	12	509	5	3	1	60	1	60	0.003	0	0.003	0.003	60	0	60	60	
0.4	5.4	41	511	33	3	1	60	1	60	0.003	0	0.003	0.003	60	0	60	60	
0.4	5.4	52	513	4	3	2	120	2	120	0.003	0	0.003	0.003	60	0	60	60	
0.4	5.4	39	514	2	3	3	180	3	180	0.01	0	0.01	0.01	60	0	60	60	
0.4	5.4	39	517	7	3	3	180	3	180	0.00533333	0.00404145	0.003	0.01	60	0	60	60	
0.4	5.4	40	518	2	3	133	652066	133	652066	0.00352631	0.00185284	0.003	0.01	4902.75	2740.27	60	9422	
0.4	5.4	38	519	4	3	1	60	1	60	0.01	0	0.01	0.01	60	0	60	60	
0.4	5.4	34	520	7	3	1	60	1	60	0.003	0	0.003	0.003	60	0	60	60	
0.4	5.4	39	523	10	3	1	60	1	60	0.003	0	0.003	0.003	60	0	60	60	
0.4	5.4	42	524	13	3	1	60	1	60	0.003	0	0.003	0.003	60	0	60	60	
0.4	5.4	29	525	3	3	4	772	4	772	0.00825	0.0035	0.003	0.01	193	266	60	592	
0.4	5.4	53	526	1	3	154	561829	154	561829	0.00304545	0.000564076	0.003	0.01	3648.24	2249.61	45	9422	
0.4	5.4	38	527	7	3	6	360	6	360	0.00766667	0.00361478	0.003	0.01	60	0	60	60	
0.4	5.4	2	528	7	3	1	60	1	60	0.003	0	0.003	0.003	60	0	60	60	
0.4	5.4	22	530	7	3	1	60	1	60	0.01	0	0.01	0.01	60	0	60	60	
0.4	5.4	24	531	5	3	2	120	2	120	0.0065	0.00494975	0.003	0.01	60	0	60	60	
0.4	5.4	29	532	1	3	1	60	1	60	0.01	0	0.01	0.01	60	0	60	60	
0.4	5.4	50	533	4	3	279	432213	279	432213	0.00666308	0.00350248	0.003	0.01	1549.15	1173.17	60	6882	
0.4	5.4	6	534	16	3	103	128657	103	128657	0.00435922	0.00278249	0.003	0.01	1249.1	626.434	60	3550	
0.4	5.4	57	536	11	3	3	180	3	180	0.003	0	0.003	0.003	60	0	60	60	
0.4	5.4	48	537	6	3	4	240	4	240	0.00825	0.0035	0.003	0.01	60	0	60	60	
0.4	5.4	30	539	10	3	1	60	1	60	0.01	0	0.01	0.01	60	0	60	60	
0.4	5.4	57	540	6	3	2	120	2	120	0.003	0	0.003	0.003	60	0	60	60	
0.4	5.4	52	541	22	3	2	120	2	120	0.003	0	0.003	0.003	60	0	60	60	
0.4	5.4	17	542	7	3	55	177029	55	177029	0.003	0	0.003	0.003	3218.71	2044.35	60	9422	
0.4	5.4	32	543	5	3	4	240	4	240	0.00475	0.0035	0.003	0.01	60	0	60	60	
0.4	5.4	41	544	7	3	6	360	6	360	0.003	0	0.003	0.003	60	0	60	60	
0.4	5.4	39	546	27	3	5	300	5	300	0.003	0	0.003	0.003	60	0	60	60	
0.4	5.4	1	547	31	3	3	180	3	180	0.00533333	0.00404145	0.003	0.01	60	0	60	60	
0.4	5.4	4	549	7	3	631	1071278	631	1071278	0.00511886	0.00321852	0.003	0.01	1697.75	1049.04	60	9422	
0.4	5.4	54	550	12	3	3	180	3	180	0.003	0	0.003	0.003	60	0	60	60	
0.4	5.4	37	551	35	3	4	240	4	240	0.003	0	0.003	0.003	60	0	60	60	
0.4	5.4	37	552	30	3	2	120	2	120	0.003	0	0.003	0.003	60	0	60	60	
0.4	5.4	42	553	15	3	1	60	1	60	0.01	0	0.01	0.01	60	0	60	60	
0.4	5.4	48	554	2	3	166	455235	166	455235	0.00308434	0.000766018	0.003	0.01	2742.38	2252.27	60	9422	
0.4	5.4	35	556	12	3	354	1764103	354	1764103	0.003	0	0.003	0.003	4983.34	3211.77	45	9422	
0.4	5.4	25	557	11	3	1	60	1	60	0.003	0	0.003	0.003	60	0	60	60	
0.4	5.4	37	558	16	3	1	60	1	60	0.003	0	0.003	0.003	60	0	60	60	
0.4	5.4	35	559	8	3	3	180	3	180	0.00766667	0.00404145	0.003	0.01	60	0	60	60	
0.4	5.4	55	560	13	3	26	37405	26	37405	0.003	0	0.003	0.003	1438.65	977.237	60	3550	
0.4	5.4	41	561	22	3	2	120	2	120	0.003	0	0.003	0.003	60	0	60	60	
0.4	5.4	52	562	25	3	2	120	2	120	0.003	0	0.003	0.003	60	0	60	60	
0.4	5.4	33	563	1	3	207	1031545	207	1031545	0.003	0	0.003	0.003	4983.31	3337.57	45	9422	
0.4	5.4	25	564	10	3	1	60	1	60	0.003	0	0.003	0.003	60	0	60	60	
0.4	5.4	55	565	20	3	2	120	2	120	0.003	0	0.003	0.003	60	0	60	60	
0.4	5.4	54	566	2	3	257	587220	257	587220	0.00561478	0.00339281	0.003	0.01	2284.9	1676.66	60	9422	
0.4	5.4	40	568	3	3	1	60	1	60	0.01	0	0.01	0.01	60	0	60	60	
0.4	5.4	8	569	8	3	1203	1786308	1200	1781573	0.00518167	0.00324357	0.003	0.01	1484.64	891.639	592	9422	
0.4	5.4	53	571	2	3	1	60	1	60	0.003	0	0.003	0.003	60	0	60	60	
0.4	5.4	39	575	30	3	1	60	1	60	0.003	0	0.003	0.003	60	0	60	60	
0.4	5.4	16	576	3	3	3	180	3	180	0.01	0	0.01	0.01	60	0	60	60	
0.4	5.4	48	578	8	3	2	120	2	120	0.0065	0.00494975	0.003	0.01	60	0	60	60	
0.4	5.4	18	581	12	3	2	120	2	120	0.01	0	0.01	0.01	60	0	60	60	
0.4	5.4	33	582	4	3	1	60	1	60	0.01	0	0.01	0.01	60	0	60	60	
0.4	5.4	47	585	5	3	2	120	2	120	0.003	0	0.003	0.003	60	0	60	60	
0.4	5.4	42	587	9	3	3	180	3	180	0.003	0	0.003	0.003	60	0	60	60	
0.4	5.4	52	588	11	3	3	180	3	180	0.003	0	0.003	0.003	60	0	60	60	
0.4	5.4	50	589	10	3	11	14377	11	14377	0.00554545	0.00353167	0.003	0.01	1307	713.624	60	1775	
0.4	5.4	57	590	13	3	3	180	3	180	0.00533333	0.00404145	0.003	0.01	60	0	60	60	
0.4	5.4	5	591	4	3	2	120	2	120	0.0065	0.00494975	0.003	0.01	60	0	60	60	
0.4	5.4	39	592	8	3	1	60	1	60	0.003	0	0.003	0.003	60	0	60	60	
0.4	5.4	20	593	6	3	1	60	1	60	0.003	0	0.003	0.003	60	0	60	60	
0.4	5.4	37	594	21	3	1	60	1	60	0.01	0	0.01	0.01	60	0	60	60	
0.4	5.4	34	595	6	3	1	60	1	60	0.003	0	0.003	0.003	60	0	60	60	
0.4	5.4	49	596	6	3	1	60	1	60	0.003	0	0.003	0.003	60	0	60	60	
0.4	5.4	19	597	8	3	1	60	1	60	0.003	0	0.003	0.003	60	0	60	60	
0.4	5.4	41	599	12	3	1	60	1	60	0.003	0	0.003	0.003	60	0	60	60	
0.4	5.4	16	601	2	3	2	120	2	120	0.0065	0.00494975	0.003	0.01	60	0	60	60	
0.4	5.4	7	603	5	3	1	60	1	60	0.003	0	0.003	0.003	60	0	60	60	
0.4	5.4	52	605	13	3	1	60	1	60	0.003	0	0.003	0.003	60	0	60	60	
0.4	5.4	39	606	5	3	330	963925	330	963925	0.00350909	0.00182058	0.003	0.01	2920.98	2240.9	60	9422	
0.4	5.4	42	607	5	3	1	60	1	60	0.003	0	0.003	0.003	60	0	60	60	
0.4	5.4	38	608	2	3	1	60	1	60	0.003	0	0.003	0.003	60	0	60	60	
0.4	5.4	39	610	22	3	8	480	8	480	0.003875	0.00247487	0.003	0.01	60	0	60	60	
0.4	5.4	28	612	4	3	178	552835	178	552835	0.00339326	0.00161643	0.003	0.01	3105.81	2032.94	60	9422	
0.4	5.4	23	613	4	3	312	771198	312	771198	0.00634295	0.00350209	0.003	0.01	2471.79	2030.92	60	9422	
0.4	5.4	41	614	18	3	2	120	2	120	0.003	0	0.003	0.003	60	0	60	60	
0.4	5.4	30	617	1	3	3	180	3	180	0.01	0	0.01	0.01	60	0	60	60	
0.4	5.4	55	618	23	3	1	60	1	60	0.003	0	0.003	0.003	60	0	60	60	
0.4	5.4	49	619	7	3	415	675413	415	675413	0.00500723	0.00316952	0.003	0.01	1627.5	922.406	60	9422	
0.4	5.4	46	620	5	3	1	60	1	60	0.003	0	0.003	0.003	60	0	60	60	
0.4	5.4	55	621	12	3	2	120	2	120	0.003	0	0.003	0.003	60	0	60	60	
0.4	5.4	2	622	10	3	2	120	2	120	0.003	0	0.003	0.003	60	0	60	60	
0.4	5.4	32	623	9	3	3	180	3	180	0.003	0	0.003	0.003	60	0	60	60	
0.4	5.4	3	626	4	3	1	60	1	60	0.003	0	0.003	0.003	60	0	60	60	
0.4	5.4	54	627	10	3	4	240	4	240	0.0065	0.00404145	0.003	0.01	60	0	60	60	
0.4	5.4	35	628	11	3	1	60	1	60	0.003	0	0.003	0.003	60	0	60	60	
0.4	5.4	49	629	11	3	245	383581	245	383581	0.00514286	0.00323277	0.003	0.01	1565.64	1566.1	60	9422	
0.4	5.4	45	631	6	3	3	180	3	180	0.00533333	0.00404145	0.003	0.01	60	0	60	60	
0.4	5.4	21	632	6	3	61	88883	60	87699	0.003	0	0.003	0.003	1461.65	905.302	60	3550	
0.4	5.4	50	633	7	3	3	180	3	180	0.00533333	0.00404145	0.003	0.01	60	0	60	60	
0.4	5.4	32	635	10	3	2	120	2	120	0.003	0	0.003	0.003	60	0	60	60	
0.4	5.4	11	636	5	3	4	240	4	240	0.00475	0.0035	0.003	0.01	60	0	60	60	
0.4	5.4	55	637	24	3	2	120	2	120	0.003	0	0.003	0.003	60	0	60	60	
0.4	5.4	18	638	6	3	2	120	2	120	0.0065	0.00494975	0.003	0.01	60	0	60	60	
0.4	5.4	26	645	1	3	2	120	2	120	0.003	0	0.003	0.003	60	0	60	60	
0.4	5.4	56	646	4	3	2	120	2	120	0.003	0	0.003	0.003	60	0	60	60	
0.4	5.4	8	647	11	3	1	60	1	60	0.003	0	0.003	0.003	60	0	60	60	
0.4	5.4	39	648	6	3	2	120	2	120	0.003	0	0.003	0.003	60	0	60	60	
0.4	5.4	1	649	18	3	486	723889	486	723889	0.00308642	0.000773758	0.003	0.01	1489.48	389.609	60	3550	
0.4	5.4	4	650	9	3	60	188986	60	188986	0.00405	0.00252059	0.003	0.01	3149.77	2800.49	60	9422	
0.4	5.4	52	652	7	3	1	60	1	60	0.003	0	0.003	0.003	60	0	60	60	
0.4	5.4	19	654	6	3	4	240	4	240	0.00475	0.0035	0.003	0.01	60	0	60	60	
0.4	5.4	36	658	2	3	2	120	2	120	0.0065	0.00494975	0.003	0.01	60	0	60	60	
0.4	5.4	19	659	9	3	1	60	1	60	0.01	0	0.01	0.01	60	0	60	60	
0.4	5.4	5	661	50	3	1	60	1	60	0.003	0	0.003	0.003	60	0	60	60	
0.4	5.4	5	664	32	3	1	60	1	60	0.003	0	0.003	0.003	60	0	60	60	
0.4	5.4	1	665	11	3	4	240	4	240	0.0065	0.00404145	0.003	0.01	60	0	60	60	
0.4	5.4	1	666	12	3	4	240	4	240	0.00825	0.0035	0.003	0.01	60	0	60	60	
0.4	5.4	24	669	4	3	14	20828	14	20828	0.007	0.00452344	0.003	0.017	1487.71	770.021	60	3182	
0.4	5.4	5	670	40	3	6	360	6	360	0.003	0	0.003	0.003	60	0	60	60	
0.4	5.4	5	671	30	3	3	180	3	180	0.00533333	0.00404145	0.003	0.01	60	0	60	60	
0.4	5.4	25	672	7	3	226	427481	226	427481	0.00733628	0.00340617	0.003	0.01	1891.51	1447.63	60	9422	
0.4	5.4	5	673	29	3	2	120	2	120	0.0065	0.00494975	0.003	0.01	60	0	60	60	
0.4	5.4	5	676	49	3	438	676120	438	676120	0.00386301	0.002304	0.003	0.01	1543.65	539.24	60	3550	
0.4	5.4	5	681	57	3	1	60	1	60	0.003	0	0.003	0.003	60	0	60	60	
0.4	5.4	5	684	48	3	2	120	2	120	0.003	0	0.003	0.003	60	0	60	60	
0.4	5.4	5	685	11	3	1	60	1	60	0.003	0	0.003	0.003	60	0	60	60	
0.4	5.4	24	686	10	3	142	560455	143	562230	0.0053007	0.00329967	0.003	0.01	3931.68	2932.56	45	9422	
0.4	5.4	5	688	68	3	241	509778	241	509778	0.003	0	0.003	0.003	2115.26	1218.54	51	9422	
0.4	5.4	5	691	63	3	135	238070	135	238070	0.003	0	0.003	0.003	1763.48	1307.25	60	9422	
0.4	5.4	5	692	24	3	3	180	3	180	0.00533333	0.00404145	0.003	0.01	60	0	60	60	
0.4	5.4	5	697	7	3	10	14317	10	14317	0.003	0	0.003	0.003	1431.7	613.015	60	1775	
0.4	5.4	6	698	3	3	2	120	2	120	0.01	0	0.01	0.01	60	0	60	60	
0.4	5.4	5	699	2	3	1	60	1	60	0.01	0	0.01	0.01	60	0	60	60	
0.4	5.4	5	703	51	3	6	4319	6	4319	0.00533333	0.00361478	0.003	0.01	719.833	666.497	60	1775	
0.4	5.4	1	704	23	3	2	120	2	120	0.01	0	0.01	0.01	60	0	60	60	
0.4	5.4	1	705	27	3	1	60	1	60	0.01	0	0.01	0.01	60	0	60	60	
0.4	5.4	5	706	55	3	596	848849	596	848849	0.00343456	0.00169053	0.003	0.01	1424.24	784.927	60	9422	
0.4	5.4	1	707	34	3	3	180	3	180	0.00766667	0.00404145	0.003	0.01	60	0	60	60	
0.4	5.4	24	708	6	3	2	652	2	652	0.003	0	0.003	0.003	326	376.181	60	592	
0.4	5.4	5	710	5	3	3	180	3	180	0.00766667	0.00404145	0.003	0.01	60	0	60	60	
0.4	5.4	5	711	52	3	4	240	4	240	0.01	0	0.01	0.01	60	0	60	60	
0.4	5.4	5	714	45	3	3	180	3	180	0.00766667	0.00404145	0.003	0.01	60	0	60	60	
0.4	5.4	5	719	56	3	4	240	4	240	0.0065	0.00404145	0.003	0.01	60	0	60	60	
0.4	5.4	1	720	25	3	2	120	2	120	0.0065	0.00494975	0.003	0.01	60	0	60	60	
0.4	5.4	5	721	36	3	109	168274	109	168274	0.00312844	0.0009438	0.003	0.01	1543.8	854.316	59	4395	
0.4	5.4	1	723	29	3	1	60	1	60	0.003	0	0.003	0.003	60	0	60	60	
0.4	5.4	5	726	41	3	2	120	2	120	0.003	0	0.003	0.003	60	0	60	60	
0.4	5.4	24	727	8	3	1	60	1	60	0.01	0	0.01	0.01	60	0	60	60	
0.4	5.4	1	728	1	3	2	120	2	120	0.01	0	0.01	0.01	60	0	60	60	
0.4	5.4	1	729	9	3	1	60	1	60	0.01	0	0.01	0.01	60	0	60	60	
0.4	5.4	24	730	11	3	201	294223	201	294223	0.0059602	0.00346676	0.003	0.01	1463.8	783.698	60	3550	
0.4	5.4	43	733	4	3	3	1892	3	1892	0.01	0	0.01	0.01	630.667	562.2	60	1184	
0.4	5.4	5	735	64	3	2	120	2	120	0.003	0	0.003	0.003	60	0	60	60	
0.4	5.4	24	736	3	3	928	1675056	928	1675056	0.00502155	0.00317412	0.003	0.01	1805.02	1117.08	60	9422	
0.4	5.4	25	737	4	3	2	120	2	120	0.01	0	0.01	0.01	60	0	60	60	
0.4	5.4	6	740	12	3	6	360	6	360	0.00883333	0.00285774	0.003	0.01	60	0	60	60	
0.4	5.4	5	741	26	3	606	1276829	605	1275054	0.003	0	0.003	0.003	2107.53	1104.4	60	9211	
0.4	5.4	6	742	1	3	410	891348	410	891348	0.00574878	0.00342261	0.003	0.01	2174.02	1791.9	60	9422	
0.4	5.4	5	745	61	3	11	13194	11	13194	0.00618182	0.00365563	0.003	0.01	1199.45	725.091	60	1775	
0.4	5.4	1	746	32	3	2	120	2	120	0.0065	0.00494975	0.003	0.01	60	0	60	60	
0.4	5.4	5	748	27	3	250	487400	250	487400	0.003028	0.000442719	0.003	0.01	1949.6	1073.2	60	9422	
0.4	5.4	1	749	14	3	3	180	3	180	0.00533333	0.00404145	0.003	0.01	60	0	60	60	
0.4	5.4	24	750	9	3	152	207972	152	207972	0.00323026	0.00125265	0.003	0.01	1368.24	1225.59	60	9422	
