% start	end	CellId	IMSI	RNTI	LCID	nTxPDUs	TxBytes	nRxPDUs	RxBytes	delay	stdDev	min	max	PduSize	stdDev	min	max
0.4	5.4	37	1	23	3	3	180	3	180	0.003	0	0.003	0.003	60	0	60	60	
0.4	5.4	50	2	5	3	2	120	2	120	0.003	0	0.003	0.003	60	0	60	60	
0.4	5.4	2	4	5	3	3	180	3	180	0.00533333	0.00404145	0.003	0.01	60	0	60	60	
0.4	5.4	17	7	13	3	124	655165	124	655165	0.003	0	0.003	0.003	5283.59	3165.51	45	9422	
0.4	5.4	30	8	9	3	137	473511	137	473511	0.003	0	0.003	0.003	3456.28	2191.27	45	9422	
0.4	5.4	12	9	9	3	2	120	2	120	0.0065	0.00494975	0.003	0.01	60	0	60	60	
0.4	5.4	49	10	6	3	273	1024841	273	1024841	0.003	0	0.003	0.003	3754	1970.54	45	9422	
0.4	5.4	10	11	4	3	4	240	4	240	0.01	0	0.01	0.01	60	0	60	60	
0.4	5.4	39	12	12	3	2	120	2	120	0.003	0	0.003	0.003	60	0	60	60	
0.4	5.4	38	14	10	3	540	1333275	540	1333275	0.003	0	0.003	0.003	2469.03	1201.62	60	9422	
0.4	5.4	45	16	3	3	2	120	2	120	0.003	0	0.003	0.003	60	0	60	60	
0.4	5.4	53	18	3	3	68	287899	68	287899	0.00320588	0.0011915	0.003	0.01	4233.81	3256.13	45	9422	
0.4	5.4	4	19	2	3	117	271234	117	271234	0.00748718	0.00337234	0.003	0.01	2318.24	1775.45	60	9422	
0.4	5.4	28	21	8	3	1	60	1	60	0.01	0	0.01	0.01	60	0	60	60	
0.4	5.4	9	23	12	3	1	60	1	60	0.01	0	0.01	0.01	60	0	60	60	
0.4	5.4	47	25	6	3	1	60	1	60	0.01	0	0.01	0.01	60	0	60	60	
0.4	5.4	24	26	11	3	275	814430	275	814430	0.00361091	0.00197924	0.003	0.01	2961.56	1556.13	60	9422	
0.4	5.4	27	27	1	3	6	360	6	360	0.00533333	0.00361478	0.003	0.01	60	0	60	60	
0.4	5.4	24	31	14	3	96	124553	96	124553	0.00416667	0.00262244	0.003	0.01	1297.43	680.743	43	2961	
0.4	5.4	20	32	8	3	2	120	2	120	0.01	0	0.01	0.01	60	0	60	60	
0.4	5.4	15	33	13	3	2	120	2	120	0.003	0	0.003	0.003	60	0	60	60	
0.4	5.4	38	35	12	3	81	236816	81	236816	0.003	0	0.003	0.003	2923.65	1172.46	60	5324	
0.4	5.4	2	37	7	3	3	180	3	180	0.003	0	0.003	0.003	60	0	60	60	
0.4	5.4	48	38	9	3	2	120	2	120	0.01	0	0.01	0.01	60	0	60	60	
0.4	5.4	9	39	8	3	1	60	1	60	0.003	0	0.003	0.003	60	0	60	60	
0.4	5.4	10	40	7	3	184	410753	184	410753	0.00520652	0.00326109	0.003	0.01	2232.35	1643	60	9422	
0.4	5.4	55	41	19	3	7	8994	7	8994	0.003	0	0.003	0.003	1284.86	899.171	60	2769	
0.4	5.4	33	42	11	3	493	1518412	493	1518412	0.0030142	0.000315264	0.003	0.01	3079.94	1870.07	60	9422	
0.4	5.4	53	44	8	3	1	60	1	60	0.01	0	0.01	0.01	60	0	60	60	
0.4	5.4	5	45	27	3	246	352273	246	352273	0.003	0	0.003	0.003	1432	993.785	60	9422	
0.4	5.4	11	47	5	3	1	60	1	60	0.003	0	0.003	0.003	60	0	60	60	
0.4	5.4	17	48	4	3	34	100818	34	100818	0.003	0	0.003	0.003	2965.24	2084.9	60	8873	
0.4	5.4	41	49	25	3	504	1214980	504	1214980	0.00419444	0.00263594	0.003	0.01	2410.67	1797.98	60	9422	
0.4	5.4	8	52	2	3	4	240	4	240	0.00825	0.0035	0.003	0.01	60	0	60	60	
0.4	5.4	55	54	9	3	4	240	4	240	0.003	0	0.003	0.003	60	0	60	60	
0.4	5.4	30	56	10	3	288	665216	288	665216	0.0052118	0.00325998	0.003	0.01	2309.78	1405.53	60	9422	
0.4	5.4	30	59	8	3	205	409002	205	409002	0.00600488	0.00347328	0.003	0.01	1995.13	1955.24	60	9422	
0.4	5.4	15	61	7	3	140	739181	140	739181	0.003	0	0.003	0.003	5279.86	3339.74	45	9422	
0.4	5.4	20	62	7	3	2	120	2	120	0.01	0	0.01	0.01	60	0	60	60	
0.4	5.4	31	63	5	3	1	60	1	60	0.01	0	0.01	0.01	60	0	60	60	
0.4	5.4	37	67	5	3	3	180	3	180	0.003	0	0.003	0.003	60	0	60	60	
0.4	5.4	56	68	4	3	3	180	3	180	0.003	0	0.003	0.003	60	0	60	60	
0.4	5.4	54	70	7	3	285	1280455	285	1280455	0.00378596	0.00221387	0.003	0.01	4492.82	2869.11	45	9422	
0.4	5.4	38	72	2	3	1018	1250275	1018	1250275	0.003722	0.00213007	0.003	0.01	1228.17	520.196	60	6882	
0.4	5.4	44	73	9	3	2	708	2	708	0.003	0	0.003	0.003	354	415.779	60	648	
0.4	5.4	5	74	28	3	9	8996	9	8996	0.00688889	0.00368932	0.003	0.01	999.556	652.849	60	1775	
0.4	5.4	45	77	10	3	5	300	5	300	0.0044	0.0031305	0.003	0.01	60	0	60	60	
0.4	5.4	22	78	4	3	83	320191	83	320191	0.00308434	0.00076835	0.003	0.01	3857.72	2517.72	60	9422	
0.4	5.4	39	79	1	3	1	60	1	60	0.003	0	0.003	0.003	60	0	60	60	
0.4	5.4	34	82	15	3	1	60	1	60	0.01	0	0.01	0.01	60	0	60	60	
0.4	5.4	55	84	22	3	1	60	1	60	0.003	0	0.003	0.003	60	0	60	60	
0.4	5.4	41	85	20	3	2	120	2	120	0.003	0	0.003	0.003	60	0	60	60	
0.4	5.4	8	86	13	3	3	180	3	180	0.00766667	0.00404145	0.003	0.01	60	0	60	60	
0.4	5.4	41	88	8	3	48	164609	48	164609	0.00329167	0.00141359	0.003	0.01	3429.35	1577.51	60	8873	
0.4	5.4	56	90	7	3	54	240896	54	240896	0.00416667	0.00263324	0.003	0.01	4461.04	1823.37	60	8873	
0.4	5.4	17	91	5	3	2	120	2	120	0.003	0	0.003	0.003	60	0	60	60	
0.4	5.4	30	93	6	3	7	8992	7	8992	0.003	0	0.003	0.003	1284.57	692.459	60	1775	
0.4	5.4	34	95	14	3	1	60	1	60	0.003	0	0.003	0.003	60	0	60	60	
0.4	5.4	33	96	10	3	5	300	5	300	0.0044	0.0031305	0.003	0.01	60	0	60	60	
0.4	5.4	21	97	8	3	2	120	2	120	0.003	0	0.003	0.003	60	0	60	60	
0.4	5.4	34	98	17	3	145	773488	145	773488	0.00444827	0.00284539	0.003	0.01	5334.4	3289.52	45	9422	
0.4	5.4	1	99	1	3	2	120	2	120	0.0065	0.00494975	0.003	0.01	60	0	60	60	
0.4	5.4	19	100	5	3	1	60	1	60	0.003	0	0.003	0.003	60	0	60	60	
0.4	5.4	56	102	6	3	172	748004	172	748004	0.00356977	0.00191968	0.003	0.01	4348.86	3409.33	60	9422	
0.4	5.4	22	103	5	3	154	514272	154	514272	0.00413636	0.00258974	0.003	0.01	3339.43	1543.38	60	9422	
0.4	5.4	43	104	12	3	118	519839	118	519839	0.003	0	0.003	0.003	4405.42	3231.14	45	9422	
0.4	5.4	26	105	7	3	135	698826	135	698826	0.00305185	0.000602464	0.003	0.01	5176.49	2667.1	45	9422	
0.4	5.4	9	106	9	3	67	350952	67	350952	0.003	0	0.003	0.003	5238.09	3393.41	45	9422	
0.4	5.4	30	107	11	3	517	1139350	517	1139350	0.00623598	0.00349341	0.003	0.01	2203.77	1394.78	57	9422	
0.4	5.4	45	108	1	3	5	300	5	300	0.0058	0.00383406	0.003	0.01	60	0	60	60	
0.4	5.4	31	109	1	3	2	120	2	120	0.003	0	0.003	0.003	60	0	60	60	
0.4	5.4	5	110	36	3	1	60	1	60	0.003	0	0.003	0.003	60	0	60	60	
0.4	5.4	8	111	11	3	3	180	3	180	0.00533333	0.00404145	0.003	0.01	60	0	60	60	
0.4	5.4	41	115	26	3	2	120	2	120	0.003	0	0.003	0.003	60	0	60	60	
0.4	5.4	40	117	1	3	4	240	4	240	0.0065	0.00404145	0.003	0.01	60	0	60	60	
0.4	5.4	35	119	2	3	146	681798	145	679431	0.003	0	0.003	0.003	4685.73	3160.3	45	9422	
0.4	5.4	39	120	19	3	275	465302	275	465302	0.00821818	0.0030548	0.003	0.01	1692.01	246.566	60	1775	
0.4	5.4	33	121	8	3	2	120	2	120	0.003	0	0.003	0.003	60	0	60	60	
0.4	5.4	2	122	16	3	1	60	1	60	0.003	0	0.003	0.003	60	0	60	60	
0.4	5.4	54	123	4	3	3	180	3	180	0.00533333	0.00404145	0.003	0.01	60	0	60	60	
0.4	5.4	38	126	7	3	2	120	2	120	0.0065	0.00494975	0.003	0.01	60	0	60	60	
0.4	5.4	10	127	5	3	2	120	2	120	0.0065	0.00494975	0.003	0.01	60	0	60	60	
0.4	5.4	27	128	10	3	2	120	2	120	0.003	0	0.003	0.003	60	0	60	60	
0.4	5.4	1	132	3	3	1403	2099721	1403	2099721	0.00315467	0.00102933	0.003	0.01	1496.59	593.926	60	9422	
0.4	5.4	15	136	12	3	3	180	3	180	0.003	0	0.003	0.003	60	0	60	60	
0.4	5.4	41	138	7	3	2	120	2	120	0.003	0	0.003	0.003	60	0	60	60	
0.4	5.4	41	139	1	3	1	60	1	60	0.003	0	0.003	0.003	60	0	60	60	
0.4	5.4	37	140	6	3	2	120	2	120	0.0065	0.00494975	0.003	0.01	60	0	60	60	
0.4	5.4	2	143	2	3	2	120	2	120	0.003	0	0.003	0.003	60	0	60	60	
0.4	5.4	24	146	3	3	1	60	1	60	0.003	0	0.003	0.003	60	0	60	60	
0.4	5.4	7	147	10	3	128	439715	128	439715	0.00354687	0.00188596	0.003	0.01	3435.27	1305.24	60	8500	
0.4	5.4	57	148	5	3	3	180	3	180	0.003	0	0.003	0.003	60	0	60	60	
0.4	5.4	28	149	2	3	1	60	1	60	0.003	0	0.003	0.003	60	0	60	60	
0.4	5.4	52	150	21	3	2	120	2	120	0.003	0	0.003	0.003	60	0	60	60	
0.4	5.4	14	151	4	3	130	230317	130	230317	0.00865385	0.00276947	0.003	0.01	1771.67	1473	60	9422	
0.4	5.4	55	152	7	3	2	120	2	120	0.003	0	0.003	0.003	60	0	60	60	
0.4	5.4	41	153	23	3	2	120	2	120	0.003	0	0.003	0.003	60	0	60	60	
0.4	5.4	21	154	4	3	307	1278678	307	1278678	0.003	0	0.003	0.003	4165.07	3196.71	45	9422	
0.4	5.4	38	155	15	3	383	793020	383	793020	0.00449869	0.00287513	0.003	0.01	2070.55	1866.73	60	9422	
0.4	5.4	51	156	3	3	2	120	2	120	0.003	0	0.003	0.003	60	0	60	60	
0.4	5.4	15	157	1	3	2	120	2	120	0.003	0	0.003	0.003	60	0	60	60	
0.4	5.4	1	158	13	3	2	120	2	120	0.003	0	0.003	0.003	60	0	60	60	
0.4	5.4	25	161	5	3	41	194165	41	194165	0.00402439	0.00250487	0.003	0.01	4735.73	3101.62	60	9422	
0.4	5.4	45	165	5	3	5	832	5	832	0.003	0	0.003	0.003	166.4	237.918	60	592	
0.4	5.4	33	166	5	3	2	120	2	120	0.0065	0.00494975	0.003	0.01	60	0	60	60	
0.4	5.4	2	167	8	3	1	60	1	60	0.003	0	0.003	0.003	60	0	60	60	
0.4	5.4	34	168	13	3	2	120	2	120	0.0065	0.00494975	0.003	0.01	60	0	60	60	
0.4	5.4	18	171	3	3	1	60	1	60	0.01	0	0.01	0.01	60	0	60	60	
0.4	5.4	39	173	33	3	2	120	2	120	0.003	0	0.003	0.003	60	0	60	60	
0.4	5.4	22	175	7	3	2	120	2	120	0.003	0	0.003	0.003	60	0	60	60	
0.4	5.4	19	176	11	3	1	60	1	60	0.003	0	0.003	0.003	60	0	60	60	
0.4	5.4	28	178	9	3	3	180	3	180	0.00766667	0.00404145	0.003	0.01	60	0	60	60	
0.4	5.4	24	179	2	3	3	180	3	180	0.00533333	0.00404145	0.003	0.01	60	0	60	60	
0.4	5.4	52	180	16	3	4	240	4	240	0.003	0	0.003	0.003	60	0	60	60	
0.4	5.4	40	181	7	3	529	1801223	528	1799448	0.00327841	0.00136927	0.003	0.01	3408.05	1675.62	60	9422	
0.4	5.4	54	183	2	3	402	1471635	401	1471043	0.00324439	0.00128652	0.003	0.01	3668.44	2397.03	45	9422	
0.4	5.4	42	184	12	3	5	300	5	300	0.0058	0.00383406	0.003	0.01	60	0	60	60	
0.4	5.4	55	185	5	3	1	60	1	60	0.01	0	0.01	0.01	60	0	60	60	
0.4	5.4	37	186	16	3	1	60	1	60	0.003	0	0.003	0.003	60	0	60	60	
0.4	5.4	13	187	6	3	199	774010	199	774010	0.0041608	0.00261006	0.003	0.01	3889.5	2520.13	45	9422	
0.4	5.4	42	188	16	3	1274	1637440	1272	1635072	0.0045684	0.00291986	0.003	0.01	1285.43	536.322	60	9422	
0.4	5.4	37	189	22	3	2	120	2	120	0.003	0	0.003	0.003	60	0	60	60	
0.4	5.4	23	190	4	3	225	1001280	223	994180	0.00504036	0.00318826	0.003	0.01	4458.21	2821.49	36	9422	
0.4	5.4	52	192	34	3	1	60	1	60	0.003	0	0.003	0.003	60	0	60	60	
0.4	5.4	46	194	3	3	2	120	2	120	0.01	0	0.01	0.01	60	0	60	60	
0.4	5.4	39	195	8	3	3	180	3	180	0.003	0	0.003	0.003	60	0	60	60	
0.4	5.4	15	196	8	3	969	2208251	969	2208251	0.003	0	0.003	0.003	2278.9	756.817	56	5324	
0.4	5.4	20	199	3	3	2	120	2	120	0.003	0	0.003	0.003	60	0	60	60	
0.4	5.4	31	204	7	3	1	60	1	60	0.01	0	0.01	0.01	60	0	60	60	
0.4	5.4	49	206	3	3	3	180	3	180	0.003	0	0.003	0.003	60	0	60	60	
0.4	5.4	7	207	5	3	1	60	1	60	0.003	0	0.003	0.003	60	0	60	60	
0.4	5.4	2	208	10	3	301	930231	301	930231	0.00325581	0.00131568	0.003	0.01	3090.47	1267.56	60	9422	
0.4	5.4	3	209	1	3	2	120	2	120	0.0065	0.00494975	0.003	0.01	60	0	60	60	
0.4	5.4	27	210	9	3	1	60	1	60	0.01	0	0.01	0.01	60	0	60	60	
0.4	5.4	33	211	12	3	189	225601	189	225601	0.0057037	0.00341726	0.003	0.01	1193.66	1183.86	60	9422	
0.4	5.4	3	212	5	3	2	120	2	120	0.003	0	0.003	0.003	60	0	60	60	
0.4	5.4	48	213	3	3	1	60	1	60	0.01	0	0.01	0.01	60	0	60	60	
0.4	5.4	32	214	6	3	3	180	3	180	0.003	0	0.003	0.003	60	0	60	60	
0.4	5.4	13	215	7	3	186	865833	186	865833	0.003	0	0.003	0.003	4655.02	3246.79	45	9422	
0.4	5.4	37	216	21	3	1	60	1	60	0.003	0	0.003	0.003	60	0	60	60	
0.4	5.4	52	217	26	3	362	510786	362	510786	0.00408287	0.00253481	0.003	0.01	1411.01	937.493	60	9422	
0.4	5.4	35	218	5	3	1	60	1	60	0.003	0	0.003	0.003	60	0	60	60	
0.4	5.4	39	219	3	3	4	240	4	240	0.00475	0.0035	0.003	0.01	60	0	60	60	
0.4	5.4	29	220	4	3	252	1172208	252	1172208	0.00305555	0.000622366	0.003	0.01	4651.62	2384.94	45	9422	
0.4	5.4	39	223	30	3	2	120	2	120	0.003	0	0.003	0.003	60	0	60	60	
0.4	5.4	37	224	20	3	756	2216694	756	2216694	0.003	0	0.003	0.003	2932.13	1346.34	60	9422	
0.4	5.4	42	226	11	3	2	120	2	120	0.003	0	0.003	0.003	60	0	60	60	
0.4	5.4	33	228	4	3	114	239863	114	239863	0.00330702	0.00143981	0.003	0.01	2104.06	2281.85	60	9422	
0.4	5.4	52	229	28	3	4	240	4	240	0.0065	0.00404145	0.003	0.01	60	0	60	60	
0.4	5.4	24	234	15	3	2	120	2	120	0.003	0	0.003	0.003	60	0	60	60	
0.4	5.4	43	237	9	3	3	180	3	180	0.00533333	0.00404145	0.003	0.01	60	0	60	60	
0.4	5.4	11	238	2	3	1	60	1	60	0.003	0	0.003	0.003	60	0	60	60	
0.4	5.4	39	239	6	3	2	120	2	120	0.0065	0.00494975	0.003	0.01	60	0	60	60	
0.4	5.4	15	240	5	3	2	120	2	120	0.0065	0.00494975	0.003	0.01	60	0	60	60	
0.4	5.4	13	242	1	3	88	290033	88	290033	0.00459091	0.0029503	0.003	0.01	3295.83	1820.04	45	9422	
0.4	5.4	45	243	7	3	1	60	1	60	0.01	0	0.01	0.01	60	0	60	60	
0.4	5.4	55	244	13	3	1	60	1	60	0.01	0	0.01	0.01	60	0	60	60	
0.4	5.4	27	245	5	3	58	251796	58	251796	0.003	0	0.003	0.003	4341.31	3119.07	60	9422	
0.4	5.4	48	246	7	3	420	793655	420	793655	0.00475	0.0030347	0.003	0.01	1889.65	1168.22	60	9422	
0.4	5.4	31	248	2	3	2	120	2	120	0.0065	0.00494975	0.003	0.01	60	0	60	60	
0.4	5.4	52	249	24	3	1	60	1	60	0.003	0	0.003	0.003	60	0	60	60	
0.4	5.4	26	250	6	3	3	180	3	180	0.003	0	0.003	0.003	60	0	60	60	
0.4	5.4	19	251	4	3	4	240	4	240	0.00475	0.0035	0.003	0.01	60	0	60	60	
0.4	5.4	30	254	5	3	109	427922	109	427922	0.003	0	0.003	0.003	3925.89	2120.11	60	9422	
0.4	5.4	28	255	4	3	104	546175	104	546175	0.00394231	0.00240076	0.003	0.01	5251.68	3266.1	45	9422	
0.4	5.4	46	256	1	3	286	869840	286	869840	0.003	0	0.003	0.003	3041.4	2326.86	60	9422	
0.4	5.4	38	257	9	3	56	225659	56	225659	0.003	0	0.003	0.003	4029.62	3342.49	45	9422	
0.4	5.4	52	258	3	3	2	120	2	120	0.003	0	0.003	0.003	60	0	60	60	
0.4	5.4	49	260	2	3	189	448034	189	448034	0.00366667	0.00206026	0.003	0.01	2370.55	2159.08	60	9422	
0.4	5.4	18	261	9	3	1	60	1	60	0.01	0	0.01	0.01	60	0	60	60	
0.4	5.4	40	264	4	3	2	120	2	120	0.01	0	0.01	0.01	60	0	60	60	
0.4	5.4	50	265	2	3	3	1892	3	1892	0.003	0	0.003	0.003	630.667	562.2	60	1184	
0.4	5.4	38	266	1	3	2	120	2	120	0.003	0	0.003	0.003	60	0	60	60	
0.4	5.4	55	267	2	3	6	360	6	360	0.0065	0.00383406	0.003	0.01	60	0	60	60	
0.4	5.4	21	269	1	3	1	60	1	60	0.003	0	0.003	0.003	60	0	60	60	
0.4	5.4	39	271	2	3	2	120	2	120	0.003	0	0.003	0.003	60	0	60	60	
0.4	5.4	33	274	1	3	1	60	1	60	0.01	0	0.01	0.01	60	0	60	60	
0.4	5.4	42	275	7	3	5	300	5	300	0.0058	0.00383406	0.003	0.01	60	0	60	60	
0.4	5.4	39	276	7	3	1	60	1	60	0.003	0	0.003	0.003	60	0	60	60	
0.4	5.4	35	278	3	3	132	322015	132	322015	0.00782576	0.00325153	0.003	0.01	2439.51	1760.03	60	9422	
0.4	5.4	52	279	37	3	1	60	1	60	0.003	0	0.003	0.003	60	0	60	60	
0.4	5.4	42	280	15	3	3	180	3	180	0.00533333	0.00404145	0.003	0.01	60	0	60	60	
0.4	5.4	39	281	27	3	1	60	1	60	0.003	0	0.003	0.003	60	0	60	60	
0.4	5.4	1	283	29	3	234	537988	234	537988	0.00326923	0.00134904	0.003	0.01	2299.09	1388.4	60	9422	
0.4	5.4	36	285	10	3	2	120	2	120	0.0065	0.00494975	0.003	0.01	60	0	60	60	
0.4	5.4	23	286	7	3	4	240	4	240	0.00825	0.0035	0.003	0.01	60	0	60	60	
0.4	5.4	41	288	15	3	3	180	3	180	0.003	0	0.003	0.003	60	0	60	60	
0.4	5.4	5	289	17	3	1	60	1	60	0.01	0	0.01	0.01	60	0	60	60	
0.4	5.4	5	290	41	3	1	60	1	60	0.003	0	0.003	0.003	60	0	60	60	
0.4	5.4	10	292	3	3	1	60	1	60	0.01	0	0.01	0.01	60	0	60	60	
0.4	5.4	21	297	12	3	2	120	2	120	0.003	0	0.003	0.003	60	0	60	60	
0.4	5.4	41	298	16	3	3	180	3	180	0.003	0	0.003	0.003	60	0	60	60	
0.4	5.4	6	299	8	3	4	240	4	240	0.00825	0.0035	0.003	0.01	60	0	60	60	
0.4	5.4	54	300	5	3	1	60	1	60	0.003	0	0.003	0.003	60	0	60	60	
0.4	5.4	36	302	4	3	140	436177	140	436177	0.0038	0.0022351	0.003	0.01	3115.55	1694.79	60	9422	
0.4	5.4	41	303	29	3	4	240	4	240	0.003	0	0.003	0.003	60	0	60	60	
0.4	5.4	41	304	32	3	1	60	1	60	0.003	0	0.003	0.003	60	0	60	60	
0.4	5.4	45	305	8	3	2	120	2	120	0.0065	0.00494975	0.003	0.01	60	0	60	60	
0.4	5.4	39	306	23	3	3	180	3	180	0.00766667	0.00404145	0.003	0.01	60	0	60	60	
0.4	5.4	57	307	2	3	953	3281014	953	3281014	0.0031469	0.0010039	0.003	0.01	3442.83	2399.33	60	9422	
0.4	5.4	25	308	8	3	3	180	3	180	0.003	0	0.003	0.003	60	0	60	60	
0.4	5.4	17	309	12	3	16	32067	16	32067	0.0034375	0.00175	0.003	0.01	2004.19	1043.16	60	3550	
0.4	5.4	57	310	1	3	2	120	2	120	0.003	0	0.003	0.003	60	0	60	60	
0.4	5.4	39	311	25	3	2	120	2	120	0.003	0	0.003	0.003	60	0	60	60	
0.4	5.4	32	312	1	3	2	708	2	708	0.003	0	0.003	0.003	354	415.779	60	648	
0.4	5.4	42	313	13	3	1	60	1	60	0.003	0	0.003	0.003	60	0	60	60	
0.4	5.4	21	316	5	3	1	60	1	60	0.003	0	0.003	0.003	60	0	60	60	
0.4	5.4	56	317	1	3	1	60	1	60	0.003	0	0.003	0.003	60	0	60	60	
0.4	5.4	5	318	32	3	1	60	1	60	0.01	0	0.01	0.01	60	0	60	60	
0.4	5.4	49	321	4	3	1	60	1	60	0.003	0	0.003	0.003	60	0	60	60	
0.4	5.4	8	323	17	3	1	60	1	60	0.003	0	0.003	0.003	60	0	60	60	
0.4	5.4	12	325	8	3	2	120	2	120	0.003	0	0.003	0.003	60	0	60	60	
0.4	5.4	38	329	16	3	84	359842	84	359842	0.00308333	0.000763763	0.003	0.01	4283.83	2439.18	45	9422	
0.4	5.4	49	330	1	3	2	120	2	120	0.0065	0.00494975	0.003	0.01	60	0	60	60	
0.4	5.4	10	332	11	3	2	120	2	120	0.01	0	0.01	0.01	60	0	60	60	
0.4	5.4	12	333	6	3	3	180	3	180	0.00533333	0.00404145	0.003	0.01	60	0	60	60	
0.4	5.4	2	334	17	3	1	60	1	60	0.003	0	0.003	0.003	60	0	60	60	
0.4	5.4	45	336	2	3	2	120	2	120	0.0065	0.00494975	0.003	0.01	60	0	60	60	
0.4	5.4	35	338	4	3	312	1520753	312	1520753	0.00383013	0.00226677	0.003	0.01	4874.21	2956.21	45	9422	
0.4	5.4	35	340	1	3	3	180	3	180	0.003	0	0.003	0.003	60	0	60	60	
0.4	5.4	4	343	10	3	1	60	1	60	0.003	0	0.003	0.003	60	0	60	60	
0.4	5.4	37	344	14	3	1	60	1	60	0.003	0	0.003	0.003	60	0	60	60	
0.4	5.4	37	346	7	3	3	180	3	180	0.003	0	0.003	0.003	60	0	60	60	
0.4	5.4	55	347	15	3	1	60	1	60	0.003	0	0.003	0.003	60	0	60	60	
0.4	5.4	22	348	6	3	2	708	2	708	0.003	0	0.003	0.003	354	415.779	60	648	
0.4	5.4	7	349	1	3	140	511859	140	511859	0.00325	0.0013037	0.003	0.01	3656.14	2700.75	60	9422	
0.4	5.4	21	351	6	3	211	927312	209	916664	0.00356938	0.00191809	0.003	0.01	4385.95	2864.4	45	9422	
0.4	5.4	36	353	7	3	271	1180550	271	1180550	0.003	0	0.003	0.003	4356.27	1979.54	60	9422	
0.4	5.4	37	354	2	3	2	120	2	120	0.003	0	0.003	0.003	60	0	60	60	
0.4	5.4	41	356	12	3	4	240	4	240	0.00475	0.0035	0.003	0.01	60	0	60	60	
0.4	5.4	39	357	28	3	261	743821	261	743821	0.003	0	0.003	0.003	2849.89	2459.65	60	9422	
0.4	5.4	48	361	11	3	3	180	3	180	0.00766667	0.00404145	0.003	0.01	60	0	60	60	
0.4	5.4	31	362	3	3	3	1892	3	1892	0.003	0	0.003	0.003	630.667	562.2	60	1184	
0.4	5.4	8	363	1	3	3	180	3	180	0.003	0	0.003	0.003	60	0	60	60	
0.4	5.4	37	364	11	3	255	1230241	255	1230241	0.003	0	0.003	0.003	4824.47	2823.36	45	9422	
0.4	5.4	25	366	1	3	154	794189	154	794189	0.00422727	0.0026704	0.003	0.01	5157.07	3392.23	45	9422	
0.4	5.4	52	367	35	3	2	120	2	120	0.003	0	0.003	0.003	60	0	60	60	
0.4	5.4	20	368	5	3	1	60	1	60	0.003	0	0.003	0.003	60	0	60	60	
0.4	5.4	37	370	9	3	1	60	1	60	0.003	0	0.003	0.003	60	0	60	60	
0.4	5.4	43	373	15	3	94	417248	94	417248	0.003	0	0.003	0.003	4438.81	2952.07	45	9422	
0.4	5.4	52	375	20	3	1	60	1	60	0.003	0	0.003	0.003	60	0	60	60	
0.4	5.4	12	376	7	3	1	60	1	60	0.003	0	0.003	0.003	60	0	60	60	
0.4	5.4	26	380	8	3	32	189426	32	189426	0.00409375	0.00258231	0.003	0.01	5919.56	3096.92	60	9422	
0.4	5.4	41	381	2	3	2	120	2	120	0.003	0	0.003	0.003	60	0	60	60	
0.4	5.4	55	383	8	3	1	60	1	60	0.003	0	0.003	0.003	60	0	60	60	
0.4	5.4	15	384	3	3	2	120	2	120	0.003	0	0.003	0.003	60	0	60	60	
0.4	5.4	15	385	4	3	2	120	2	120	0.0065	0.00494975	0.003	0.01	60	0	60	60	
0.4	5.4	45	386	6	3	138	689939	138	689939	0.003	0	0.003	0.003	4999.56	3013.69	45	9422	
0.4	5.4	41	387	27	3	1	60	1	60	0.003	0	0.003	0.003	60	0	60	60	
0.4	5.4	53	389	2	3	5	300	5	300	0.0044	0.0031305	0.003	0.01	60	0	60	60	
0.4	5.4	8	394	12	3	2	120	2	120	0.003	0	0.003	0.003	60	0	60	60	
0.4	5.4	2	395	15	3	4	3667	4	3667	0.003	0	0.003	0.003	916.75	733.545	60	1775	
0.4	5.4	18	396	7	3	2	120	2	120	0.003	0	0.003	0.003	60	0	60	60	
0.4	5.4	38	397	13	3	1	60	1	60	0.003	0	0.003	0.003	60	0	60	60	
0.4	5.4	19	398	8	3	1	60	1	60	0.003	0	0.003	0.003	60	0	60	60	
0.4	5.4	52	400	29	3	4	240	4	240	0.003	0	0.003	0.003	60	0	60	60	
0.4	5.4	46	402	11	3	133	690537	133	690537	0.00357895	0.00193536	0.003	0.01	5192.01	3000.44	45	9422	
0.4	5.4	7	403	3	3	1	60	1	60	0.003	0	0.003	0.003	60	0	60	60	
0.4	5.4	41	404	31	3	904	1225891	904	1225891	0.00350332	0.00180929	0.003	0.01	1356.07	535.189	60	9422	
0.4	5.4	8	405	8	3	2	120	2	120	0.0065	0.00494975	0.003	0.01	60	0	60	60	
0.4	5.4	37	406	24	3	1	60	1	60	0.003	0	0.003	0.003	60	0	60	60	
0.4	5.4	22	407	2	3	2	120	2	120	0.0065	0.00494975	0.003	0.01	60	0	60	60	
0.4	5.4	25	408	7	3	5	300	5	300	0.0086	0.0031305	0.003	0.01	60	0	60	60	
0.4	5.4	42	409	8	3	4	240	4	240	0.003	0	0.003	0.003	60	0	60	60	
0.4	5.4	43	410	6	3	168	498915	168	498915	0.00329167	0.00140297	0.003	0.01	2969.73	1302.98	60	7099	
0.4	5.4	36	411	6	3	205	530257	205	530257	0.00317073	0.00108245	0.003	0.01	2586.62	2260.41	60	9422	
0.4	5.4	53	413	6	3	1	60	1	60	0.01	0	0.01	0.01	60	0	60	60	
0.4	5.4	37	414	1	3	1	60	1	60	0.003	0	0.003	0.003	60	0	60	60	
0.4	5.4	13	416	3	3	138	739642	138	739642	0.003	0	0.003	0.003	5359.72	3121.72	45	9422	
0.4	5.4	17	417	10	3	314	1128391	314	1128391	0.003	0	0.003	0.003	3593.6	1668.9	60	9422	
0.4	5.4	43	420	13	3	2	120	2	120	0.0065	0.00494975	0.003	0.01	60	0	60	60	
0.4	5.4	17	421	1	3	196	831470	196	831470	0.00389286	0.0023411	0.003	0.01	4242.19	2422.51	60	9422	
0.4	5.4	48	422	5	3	1	60	1	60	0.003	0	0.003	0.003	60	0	60	60	
0.4	5.4	57	423	4	3	1	60	1	60	0.003	0	0.003	0.003	60	0	60	60	
0.4	5.4	29	425	5	3	1	60	1	60	0.003	0	0.003	0.003	60	0	60	60	
0.4	5.4	21	428	13	3	1	60	1	60	0.003	0	0.003	0.003	60	0	60	60	
0.4	5.4	30	429	4	3	2	120	2	120	0.0065	0.00494975	0.003	0.01	60	0	60	60	
0.4	5.4	57	430	6	3	136	348025	136	348025	0.00536765	0.00332401	0.003	0.01	2559.01	2298.23	60	9422	
0.4	5.4	19	431	1	3	5	300	5	300	0.003	0	0.003	0.003	60	0	60	60	
0.4	5.4	47	432	5	3	241	873397	241	873397	0.00358091	0.00193506	0.003	0.01	3624.05	2225.39	45	9422	
0.4	5.4	26	434	2	3	82	392367	82	392367	0.00428049	0.0027229	0.003	0.01	4784.96	2525.5	60	9422	
0.4	5.4	9	437	2	3	1	60	1	60	0.01	0	0.01	0.01	60	0	60	60	
0.4	5.4	11	438	3	3	1	60	1	60	0.01	0	0.01	0.01	60	0	60	60	
0.4	5.4	8	439	6	3	1	60	1	60	0.003	0	0.003	0.003	60	0	60	60	
0.4	5.4	3	444	2	3	3	180	3	180	0.00533333	0.00404145	0.003	0.01	60	0	60	60	
0.4	5.4	14	446	7	3	3	180	3	180	0.003	0	0.003	0.003	60	0	60	60	
0.4	5.4	39	448	32	3	2	120	2	120	0.003	0	0.003	0.003	60	0	60	60	
0.4	5.4	52	451	38	3	1	60	1	60	0.01	0	0.01	0.01	60	0	60	60	
0.4	5.4	17	454	6	3	46	146850	46	146850	0.003	0	0.003	0.003	3192.39	1875.46	60	8873	
0.4	5.4	52	455	25	3	1	60	1	60	0.003	0	0.003	0.003	60	0	60	60	
0.4	5.4	44	456	2	3	1	60	1	60	0.01	0	0.01	0.01	60	0	60	60	
0.4	5.4	1	457	15	3	1	60	1	60	0.003	0	0.003	0.003	60	0	60	60	
0.4	5.4	36	459	3	3	3	180	3	180	0.01	0	0.01	0.01	60	0	60	60	
0.4	5.4	48	461	13	3	2	120	2	120	0.003	0	0.003	0.003	60	0	60	60	
0.4	5.4	38	462	14	3	2	120	2	120	0.003	0	0.003	0.003	60	0	60	60	
0.4	5.4	9	463	6	3	9	1072	9	1072	0.00611111	0.00368932	0.003	0.01	119.111	177.333	60	592	
0.4	5.4	23	465	9	3	2	120	2	120	0.0065	0.00494975	0.003	0.01	60	0	60	60	
0.4	5.4	55	466	16	3	2	120	2	120	0.003	0	0.003	0.003	60	0	60	60	
0.4	5.4	15	467	10	3	252	829156	252	829156	0.003	0	0.003	0.003	3290.3	1440.18	60	7158	
0.4	5.4	41	468	3	3	3	180	3	180	0.003	0	0.003	0.003	60	0	60	60	
0.4	5.4	12	469	10	3	2	120	2	120	0.003	0	0.003	0.003	60	0	60	60	
0.4	5.4	39	470	20	3	2	120	2	120	0.003	0	0.003	0.003	60	0	60	60	
0.4	5.4	18	471	5	3	4	240	4	240	0.0065	0.00404145	0.003	0.01	60	0	60	60	
0.4	5.4	52	472	13	3	3	180	3	180	0.003	0	0.003	0.003	60	0	60	60	
0.4	5.4	36	474	9	3	3	712	3	712	0.00533333	0.00404145	0.003	0.01	237.333	307.15	60	592	
0.4	5.4	52	475	23	3	1	60	1	60	0.003	0	0.003	0.003	60	0	60	60	
0.4	5.4	40	478	3	3	1	60	1	60	0.01	0	0.01	0.01	60	0	60	60	
0.4	5.4	53	480	9	3	507	1232849	503	1230481	0.00525447	0.00327414	0.003	0.01	2446.28	1737.49	57	9422	
0.4	5.4	50	481	6	3	2	120	2	120	0.0065	0.00494975	0.003	0.01	60	0	60	60	
0.4	5.4	24	482	6	3	511	815701	511	815701	0.00421918	0.00265738	0.003	0.01	1596.28	806.55	60	9422	
0.4	5.4	39	484	11	3	2	120	2	120	0.003	0	0.003	0.003	60	0	60	60	
0.4	5.4	38	485	11	3	58	69962	58	69962	0.00553448	0.00339357	0.003	0.01	1206.24	402.256	60	2367	
0.4	5.4	40	486	6	3	80	204848	80	204848	0.003	0	0.003	0.003	2560.6	2519.52	60	9422	
0.4	5.4	11	489	4	3	3	180	3	180	0.00533333	0.00404145	0.003	0.01	60	0	60	60	
0.4	5.4	46	491	9	3	3	180	3	180	0.00533333	0.00404145	0.003	0.01	60	0	60	60	
0.4	5.4	9	492	7	3	237	749135	237	749135	0.00311814	0.000903599	0.003	0.01	3160.91	2748.65	60	9422	
0.4	5.4	10	494	10	3	364	1494686	364	1494686	0.00428846	0.0027165	0.003	0.01	4106.28	2052.74	45	9422	
0.4	5.4	2	496	12	3	1	60	1	60	0.003	0	0.003	0.003	60	0	60	60	
0.4	5.4	50	498	3	3	1	60	1	60	0.003	0	0.003	0.003	60	0	60	60	
0.4	5.4	47	499	8	3	125	269360	125	269360	0.005408	0.00333867	0.003	0.01	2154.88	1505.09	60	7708	
0.4	5.4	8	502	15	3	3	180	3	180	0.003	0	0.003	0.003	60	0	60	60	
0.4	5.4	46	503	2	3	1	60	1	60	0.003	0	0.003	0.003	60	0	60	60	
0.4	5.4	39	504	26	3	2	120	2	120	0.003	0	0.003	0.003	60	0	60	60	
0.4	5.4	1	505	26	3	1	60	1	60	0.01	0	0.01	0.01	60	0	60	60	
0.4	5.4	7	506	4	3	481	1892389	481	1892389	0.00336382	0.00155545	0.003	0.01	3934.28	3038.61	60	9422	
0.4	5.4	52	507	7	3	1	60	1	60	0.003	0	0.003	0.003	60	0	60	60	
0.4	5.4	12	509	1	3	3	180	3	180	0.00533333	0.00404145	0.003	0.01	60	0	60	60	
0.4	5.4	23	511	11	3	419	1354097	419	1354097	0.00538902	0.00332296	0.003	0.01	3231.74	1635.68	60	9422	
0.4	5.4	2	512	9	3	1	60	1	60	0.003	0	0.003	0.003	60	0	60	60	
0.4	5.4	41	513	21	3	3	180	3	180	0.003	0	0.003	0.003	60	0	60	60	
0.4	5.4	52	514	8	3	1	60	1	60	0.003	0	0.003	0.003	60	0	60	60	
0.4	5.4	34	515	3	3	163	397727	163	397727	0.00600613	0.00347566	0.003	0.01	2440.04	1906.1	60	9422	
0.4	5.4	48	517	4	3	3	180	3	180	0.00766667	0.00404145	0.003	0.01	60	0	60	60	
0.4	5.4	9	519	5	3	2	120	2	120	0.0065	0.00494975	0.003	0.01	60	0	60	60	
0.4	5.4	38	520	6	3	3	180	3	180	0.00766667	0.00404145	0.003	0.01	60	0	60	60	
0.4	5.4	46	521	6	3	250	609580	250	609580	0.003308	0.00143855	0.003	0.01	2438.32	1350.81	60	7099	
0.4	5.4	44	522	7	3	4	240	4	240	0.00475	0.0035	0.003	0.01	60	0	60	60	
0.4	5.4	29	523	7	3	2	120	2	120	0.0065	0.00494975	0.003	0.01	60	0	60	60	
0.4	5.4	44	524	4	3	2	120	2	120	0.003	0	0.003	0.003	60	0	60	60	
0.4	5.4	46	525	4	3	4	240	4	240	0.003	0	0.003	0.003	60	0	60	60	
0.4	5.4	52	526	9	3	1	60	1	60	0.003	0	0.003	0.003	60	0	60	60	
0.4	5.4	10	528	8	3	1	60	1	60	0.01	0	0.01	0.01	60	0	60	60	
0.4	5.4	34	529	12	3	1	60	1	60	0.003	0	0.003	0.003	60	0	60	60	
0.4	5.4	47	535	10	3	1	60	1	60	0.01	0	0.01	0.01	60	0	60	60	
0.4	5.4	55	536	21	3	865	1425910	863	1423542	0.00408691	0.00253662	0.003	0.01	1649.53	1069.35	60	9422	
0.4	5.4	14	537	3	3	118	511874	118	511874	0.003	0	0.003	0.003	4337.92	2832.39	60	9422	
0.4	5.4	37	538	10	3	4	240	4	240	0.003	0	0.003	0.003	60	0	60	60	
0.4	5.4	24	539	5	3	4	240	4	240	0.00475	0.0035	0.003	0.01	60	0	60	60	
0.4	5.4	40	540	2	3	4	240	4	240	0.00475	0.0035	0.003	0.01	60	0	60	60	
0.4	5.4	36	541	5	3	1	60	1	60	0.01	0	0.01	0.01	60	0	60	60	
0.4	5.4	51	543	2	3	3	712	3	712	0.003	0	0.003	0.003	237.333	307.15	60	592	
0.4	5.4	43	544	14	3	229	933854	229	933854	0.003	0	0.003	0.003	4077.97	2572.52	45	9422	
0.4	5.4	14	546	9	3	248	1033213	248	1033213	0.00305645	0.000627345	0.003	0.01	4166.18	2407.4	60	9422	
0.4	5.4	4	547	3	3	263	790099	263	790099	0.00595437	0.0034638	0.003	0.01	3004.18	1774.31	60	9422	
0.4	5.4	2	550	11	3	7	420	7	420	0.003	0	0.003	0.003	60	0	60	60	
0.4	5.4	34	551	8	3	4	240	4	240	0.003	0	0.003	0.003	60	0	60	60	
0.4	5.4	20	554	6	3	2	120	2	120	0.0065	0.00494975	0.003	0.01	60	0	60	60	
0.4	5.4	54	555	6	3	109	262238	109	262238	0.00344954	0.00172394	0.003	0.01	2405.85	1309.04	60	7099	
0.4	5.4	34	556	11	3	3	180	3	180	0.003	0	0.003	0.003	60	0	60	60	
0.4	5.4	39	557	21	3	2	120	2	120	0.003	0	0.003	0.003	60	0	60	60	
0.4	5.4	7	558	11	3	1	60	1	60	0.01	0	0.01	0.01	60	0	60	60	
0.4	5.4	38	559	4	3	3	180	3	180	0.00533333	0.00404145	0.003	0.01	60	0	60	60	
0.4	5.4	47	560	2	3	49	179386	49	179386	0.00385714	0.0023184	0.003	0.01	3660.94	2771.1	60	9422	
0.4	5.4	3	562	4	3	169	797133	169	797133	0.00345562	0.00173191	0.003	0.01	4716.76	3044.18	45	9422	
0.4	5.4	17	563	7	3	1	60	1	60	0.01	0	0.01	0.01	60	0	60	60	
0.4	5.4	19	564	9	3	2	652	2	652	0.003	0	0.003	0.003	326	376.181	60	592	
0.4	5.4	42	565	3	3	3	180	3	180	0.003	0	0.003	0.003	60	0	60	60	
0.4	5.4	55	566	20	3	1	60	1	60	0.003	0	0.003	0.003	60	0	60	60	
0.4	5.4	8	568	16	3	1	60	1	60	0.01	0	0.01	0.01	60	0	60	60	
0.4	5.4	23	569	2	3	1	60	1	60	0.01	0	0.01	0.01	60	0	60	60	
0.4	5.4	16	571	8	3	3	180	2	120	0.0065	0.00494975	0.003	0.01	60	0	60	60	
0.4	5.4	34	574	4	3	3	180	3	180	0.00766667	0.00404145	0.003	0.01	60	0	60	60	
0.4	5.4	17	575	3	3	1	60	1	60	0.01	0	0.01	0.01	60	0	60	60	
0.4	5.4	23	577	8	3	3	180	3	180	0.00533333	0.00404145	0.003	0.01	60	0	60	60	
0.4	5.4	43	578	7	3	4	240	4	240	0.0065	0.00404145	0.003	0.01	60	0	60	60	
0.4	5.4	34	580	6	3	4	240	4	240	0.00475	0.0035	0.003	0.01	60	0	60	60	
0.4	5.4	50	581	4	3	1	60	1	60	0.01	0	0.01	0.01	60	0	60	60	
0.4	5.4	44	582	6	3	206	327458	204	323908	0.00516176	0.00324201	0.003	0.01	1587.78	1271.78	60	9422	
0.4	5.4	43	584	11	3	1	60	1	60	0.01	0	0.01	0.01	60	0	60	60	
0.4	5.4	37	586	18	3	2	120	2	120	0.003	0	0.003	0.003	60	0	60	60	
0.4	5.4	50	587	7	3	419	1376340	419	1376340	0.00356802	0.00191369	0.003	0.01	3284.82	1342.35	60	9422	
0.4	5.4	10	588	2	3	2	120	2	120	0.0065	0.00494975	0.003	0.01	60	0	60	60	
0.4	5.4	18	589	4	3	1	60	1	60	0.003	0	0.003	0.003	60	0	60	60	
0.4	5.4	39	590	15	3	1	60	1	60	0.003	0	0.003	0.003	60	0	60	60	
0.4	5.4	55	592	17	3	1	60	1	60	0.003	0	0.003	0.003	60	0	60	60	
0.4	5.4	39	593	16	3	3	180	3	180	0.003	0	0.003	0.003	60	0	60	60	
0.4	5.4	8	594	9	3	5	300	5	300	0.003	0	0.003	0.003	60	0	60	60	
0.4	5.4	39	595	10	3	2	120	2	120	0.003	0	0.003	0.003	60	0	60	60	
0.4	5.4	26	597	3	3	31	120219	31	120219	0.003	0	0.003	0.003	3878.03	2920.51	60	9422	
0.4	5.4	34	598	1	3	5	300	5	300	0.003	0	0.003	0.003	60	0	60	60	
0.4	5.4	51	599	1	3	201	1127266	201	1127266	0.003	0	0.003	0.003	5608.29	3452.5	45	9422	
0.4	5.4	44	601	1	3	655	1957456	655	1957456	0.0031603	0.00104791	0.003	0.01	2988.48	1960.99	60	9422	
0.4	5.4	44	603	3	3	1	60	1	60	0.01	0	0.01	0.01	60	0	60	60	
0.4	5.4	38	605	8	3	1	60	1	60	0.003	0	0.003	0.003	60	0	60	60	
0.4	5.4	55	607	1	3	3	180	3	180	0.00533333	0.00404145	0.003	0.01	60	0	60	60	
0.4	5.4	39	609	5	3	1	60	1	60	0.003	0	0.003	0.003	60	0	60	60	
0.4	5.4	27	610	11	3	378	1331516	378	1331516	0.00359259	0.00195117	0.003	0.01	3522.53	2640.76	60	9422	
0.4	5.4	8	611	3	3	2	120	2	120	0.003	0	0.003	0.003	60	0	60	60	
0.4	5.4	42	612	1	3	2	120	2	120	0.003	0	0.003	0.003	60	0	60	60	
0.4	5.4	48	613	2	3	797	1857726	797	1857726	0.00346549	0.00174517	0.003	0.01	2330.9	1050.24	60	9422	
0.4	5.4	39	615	18	3	4	772	4	772	0.00475	0.0035	0.003	0.01	193	266	60	592	
0.4	5.4	48	616	12	3	2	120	2	120	0.01	0	0.01	0.01	60	0	60	60	
0.4	5.4	9	617	4	3	2	120	2	120	0.003	0	0.003	0.003	60	0	60	60	
0.4	5.4	49	619	5	3	3	180	3	180	0.00766667	0.00404145	0.003	0.01	60	0	60	60	
0.4	5.4	1	620	8	3	185	228060	185	228060	0.00534594	0.00331323	0.003	0.01	1232.76	836.983	60	9422	
0.4	5.4	16	623	2	3	2	120	2	120	0.01	0	0.01	0.01	60	0	60	60	
0.4	5.4	54	625	1	3	1	60	1	60	0.01	0	0.01	0.01	60	0	60	60	
0.4	5.4	4	626	8	3	1	60	1	60	0.003	0	0.003	0.003	60	0	60	60	
0.4	5.4	7	628	2	3	1	60	1	60	0.003	0	0.003	0.003	60	0	60	60	
0.4	5.4	17	629	9	3	5	300	5	300	0.0072	0.00383406	0.003	0.01	60	0	60	60	
0.4	5.4	14	633	1	3	3	180	3	180	0.00766667	0.00404145	0.003	0.01	60	0	60	60	
0.4	5.4	18	634	1	3	2	120	2	120	0.0065	0.00494975	0.003	0.01	60	0	60	60	
0.4	5.4	48	636	6	3	2	120	2	120	0.0065	0.00494975	0.003	0.01	60	0	60	60	
0.4	5.4	39	637	13	3	3	180	3	180	0.003	0	0.003	0.003	60	0	60	60	
0.4	5.4	47	638	3	3	4	240	4	240	0.0065	0.00404145	0.003	0.01	60	0	60	60	
0.4	5.4	29	640	3	3	3	180	3	180	0.00766667	0.00404145	0.003	0.01	60	0	60	60	
0.4	5.4	47	643	9	3	1	60	1	60	0.01	0	0.01	0.01	60	0	60	60	
0.4	5.4	39	644	9	3	1	60	1	60	0.003	0	0.003	0.003	60	0	60	60	
0.4	5.4	21	646	7	3	260	769900	260	769900	0.003	0	0.003	0.003	2961.15	1207.07	60	9422	
0.4	5.4	33	647	2	3	34	133246	34	133246	0.00691176	0.00352796	0.003	0.01	3919	1876.9	60	8961	
0.4	5.4	42	648	10	3	2	120	2	120	0.003	0	0.003	0.003	60	0	60	60	
0.4	5.4	24	650	10	3	531	817464	530	816280	0.00496792	0.00314984	0.003	0.01	1540.15	532.524	10	3550	
0.4	5.4	39	651	22	3	1	60	1	60	0.003	0	0.003	0.003	60	0	60	60	
0.4	5.4	55	652	3	3	7	420	7	420	0.003	0	0.003	0.003	60	0	60	60	
0.4	5.4	41	655	5	3	1	60	1	60	0.003	0	0.003	0.003	60	0	60	60	
0.4	5.4	22	657	1	3	2	120	2	120	0.0065	0.00494975	0.003	0.01	60	0	60	60	
0.4	5.4	41	659	19	3	2	120	2	120	0.003	0	0.003	0.003	60	0	60	60	
0.4	5.4	6	661	11	3	2	120	2	120	0.0065	0.00494975	0.003	0.01	60	0	60	60	
0.4	5.4	5	662	5	3	133	255188	133	255188	0.00468421	0.00300345	0.003	0.01	1918.71	1403.51	60	6882	
0.4	5.4	5	665	39	3	2	120	2	120	0.0065	0.00494975	0.003	0.01	60	0	60	60	
0.4	5.4	5	666	26	3	2	120	2	120	0.0065	0.00494975	0.003	0.01	60	0	60	60	
0.4	5.4	5	670	31	3	2	120	2	120	0.0065	0.00494975	0.003	0.01	60	0	60	60	
0.4	5.4	1	671	2	3	2	120	2	120	0.0065	0.00494975	0.003	0.01	60	0	60	60	
0.4	5.4	5	672	18	3	140	403688	141	406055	0.00379433	0.00222812	0.003	0.01	2879.82	2341.51	45	9422	
0.4	5.4	1	674	14	3	175	367600	175	367600	0.003	0	0.003	0.003	2100.57	1554.49	60	9422	
0.4	5.4	5	676	3	3	209	393074	209	393074	0.003	0	0.003	0.003	1880.74	1364.02	60	9422	
0.4	5.4	5	677	21	3	4	240	4	240	0.0065	0.00404145	0.003	0.01	60	0	60	60	
0.4	5.4	5	679	4	3	91	171766	91	171766	0.00530769	0.00330888	0.003	0.01	1887.54	1349.1	28	6882	
0.4	5.4	5	681	34	3	2	120	2	120	0.0065	0.00494975	0.003	0.01	60	0	60	60	
0.4	5.4	5	682	13	3	5	300	5	300	0.0058	0.00383406	0.003	0.01	60	0	60	60	
0.4	5.4	24	683	17	3	1	60	1	60	0.003	0	0.003	0.003	60	0	60	60	
0.4	5.4	24	684	9	3	1	60	1	60	0.003	0	0.003	0.003	60	0	60	60	
0.4	5.4	30	685	3	3	1	60	1	60	0.01	0	0.01	0.01	60	0	60	60	
0.4	5.4	5	688	48	3	2	120	2	120	0.0065	0.00494975	0.003	0.01	60	0	60	60	
0.4	5.4	5	689	22	3	3	180	3	180	0.003	0	0.003	0.003	60	0	60	60	
0.4	5.4	6	690	10	3	1	60	1	60	0.01	0	0.01	0.01	60	0	60	60	
0.4	5.4	1	691	10	3	1	60	1	60	0.003	0	0.003	0.003	60	0	60	60	
0.4	5.4	24	692	13	3	1	60	1	60	0.003	0	0.003	0.003	60	0	60	60	
0.4	5.4	1	693	23	3	7	420	7	420	0.005	0.00341565	0.003	0.01	60	0	60	60	
0.4	5.4	5	694	12	3	1	60	1	60	0.003	0	0.003	0.003	60	0	60	60	
0.4	5.4	1	696	17	3	3	180	3	180	0.00533333	0.00404145	0.003	0.01	60	0	60	60	
0.4	5.4	1	697	24	3	2	120	2	120	0.003	0	0.003	0.003	60	0	60	60	
0.4	5.4	5	699	10	3	2	120	2	120	0.003	0	0.003	0.003	60	0	60	60	
0.4	5.4	1	700	5	3	4	240	4	240	0.0065	0.00404145	0.003	0.01	60	0	60	60	
0.4	5.4	5	701	47	3	3	180	3	180	0.00533333	0.00404145	0.003	0.01	60	0	60	60	
0.4	5.4	6	702	5	3	2	120	2	120	0.0065	0.00494975	0.003	0.01	60	0	60	60	
0.4	5.4	6	704	1	3	198	357058	198	357058	0.00611111	0.00348715	0.003	0.01	1803.32	1460.11	60	9422	
0.4	5.4	5	705	40	3	2	120	2	120	0.0065	0.00494975	0.003	0.01	60	0	60	60	
0.4	5.4	6	706	3	3	1	60	1	60	0.003	0	0.003	0.003	60	0	60	60	
0.4	5.4	5	708	25	3	133	146906	133	146906	0.00442105	0.00282631	0.003	0.01	1104.56	460.588	43	1775	
0.4	5.4	6	709	2	3	2	120	2	120	0.003	0	0.003	0.003	60	0	60	60	
0.4	5.4	1	710	12	3	1	60	1	60	0.003	0	0.003	0.003	60	0	60	60	
0.4	5.4	5	714	46	3	263	359421	263	359421	0.00640684	0.00350543	0.003	0.01	1366.62	599.966	60	4395	
0.4	5.4	43	717	2	3	320	976499	320	976499	0.00628125	0.00349863	0.003	0.01	3051.56	1773.86	60	9422	
0.4	5.4	1	718	20	3	3	180	3	180	0.00766667	0.00404145	0.003	0.01	60	0	60	60	
0.4	5.4	43	719	1	3	49	185313	49	185313	0.00642857	0.00353553	0.003	0.01	3781.9	2419.08	60	9422	
0.4	5.4	1	720	22	3	545	758345	544	757697	0.00455698	0.00291381	0.003	0.01	1392.83	660.284	60	4904	
0.4	5.4	5	722	11	3	1	60	1	60	0.003	0	0.003	0.003	60	0	60	60	
0.4	5.4	24	724	1	3	814	1095199	814	1095199	0.00517567	0.00324177	0.003	0.01	1345.45	675.79	60	5861	
0.4	5.4	5	726	45	3	1	60	1	60	0.01	0	0.01	0.01	60	0	60	60	
0.4	5.4	5	731	14	3	191	266989	189	265805	0.00511111	0.00322116	0.003	0.01	1406.38	573.959	60	3182	
0.4	5.4	24	732	12	3	3	180	3	180	0.00766667	0.00404145	0.003	0.01	60	0	60	60	
0.4	5.4	1	734	9	3	1	60	1	60	0.003	0	0.003	0.003	60	0	60	60	
0.4	5.4	1	736	6	3	1	60	1	60	0.01	0	0.01	0.01	60	0	60	60	
0.4	5.4	5	737	6	3	2	120	2	120	0.0065	0.00494975	0.003	0.01	60	0	60	60	
0.4	5.4	5	738	38	3	1	60	1	60	0.01	0	0.01	0.01	60	0	60	60	
0.4	5.4	6	739	6	3	3	180	3	180	0.00766667	0.00404145	0.003	0.01	60	0	60	60	
0.4	5.4	43	741	3	3	63	199515	63	199515	0.003	0	0.003	0.003	3166.9	2136.75	60	9422	
0.4	5.4	24	742	16	3	4	240	4	240	0.00825	0.0035	0.003	0.01	60	0	60	60	
0.4	5.4	1	745	16	3	2	120	2	120	0.0065	0.00494975	0.003	0.01	60	0	60	60	
0.4	5.4	1	747	28	3	430	574264	429	572489	0.00406061	0.00251278	0.003	0.01	1334.47	803.031	60	5861	
0.4	5.4	5	749	35	3	470	550506	470	550506	0.00639574	0.00356134	0.003	0.017	1171.29	1022.12	60	9422	
0.4	5.4	1	750	19	3	1	60	1	60	0.003	0	0.003	0.003	60	0	60	60	
