% start	end	CellId	IMSI	RNTI	LCID	nTxPDUs	TxBytes	nRxPDUs	RxBytes	delay	stdDev	min	max	PduSize	stdDev	min	max
0.4	5.4	29	1	12	3	40	147561	40	147561	0.00335	0.00154505	0.003	0.01	3689.02	3013.32	45	9422	
0.4	5.4	42	2	10	3	7	420	7	420	0.005	0.00341565	0.003	0.01	60	0	60	60	
0.4	5.4	34	4	23	3	1	60	1	60	0.003	0	0.003	0.003	60	0	60	60	
0.4	5.4	56	5	4	3	1	60	1	60	0.003	0	0.003	0.003	60	0	60	60	
0.4	5.4	49	6	1	3	3	180	3	180	0.00766667	0.00404145	0.003	0.01	60	0	60	60	
0.4	5.4	34	7	16	3	1	60	1	60	0.003	0	0.003	0.003	60	0	60	60	
0.4	5.4	52	8	6	3	2	120	2	120	0.003	0	0.003	0.003	60	0	60	60	
0.4	5.4	6	10	8	3	182	674790	182	674790	0.003	0	0.003	0.003	3707.64	2344.79	45	9422	
0.4	5.4	2	11	11	3	3	180	3	180	0.003	0	0.003	0.003	60	0	60	60	
0.4	5.4	41	13	36	3	2	120	2	120	0.003	0	0.003	0.003	60	0	60	60	
0.4	5.4	55	14	19	3	3	180	3	180	0.003	0	0.003	0.003	60	0	60	60	
0.4	5.4	23	15	5	3	961	3349639	961	3349639	0.003	0	0.003	0.003	3485.58	1612.99	45	9422	
0.4	5.4	5	18	25	3	2	120	2	120	0.0065	0.00494975	0.003	0.01	60	0	60	60	
0.4	5.4	37	19	1	3	2	120	2	120	0.003	0	0.003	0.003	60	0	60	60	
0.4	5.4	17	20	21	3	1575	2252226	1573	2249858	0.00473999	0.00302625	0.003	0.01	1430.3	713.76	60	9422	
0.4	5.4	43	23	5	3	2	120	2	120	0.01	0	0.01	0.01	60	0	60	60	
0.4	5.4	41	24	34	3	4	240	4	240	0.00475	0.0035	0.003	0.01	60	0	60	60	
0.4	5.4	1	26	3	3	2	120	2	120	0.0065	0.00494975	0.003	0.01	60	0	60	60	
0.4	5.4	20	27	8	3	2	120	2	120	0.0065	0.00494975	0.003	0.01	60	0	60	60	
0.4	5.4	40	29	5	3	1	60	1	60	0.003	0	0.003	0.003	60	0	60	60	
0.4	5.4	52	30	31	3	1	60	1	60	0.003	0	0.003	0.003	60	0	60	60	
0.4	5.4	18	31	6	3	1	60	1	60	0.01	0	0.01	0.01	60	0	60	60	
0.4	5.4	41	34	25	3	1	60	1	60	0.003	0	0.003	0.003	60	0	60	60	
0.4	5.4	55	36	17	3	998	1333053	997	1331869	0.00457974	0.00292766	0.003	0.01	1335.88	378.173	60	9422	
0.4	5.4	55	39	3	3	2	652	2	652	0.003	0	0.003	0.003	326	376.181	60	592	
0.4	5.4	37	40	22	3	1	60	1	60	0.003	0	0.003	0.003	60	0	60	60	
0.4	5.4	17	41	10	3	1	60	1	60	0.003	0	0.003	0.003	60	0	60	60	
0.4	5.4	19	42	5	3	1	60	1	60	0.003	0	0.003	0.003	60	0	60	60	
0.4	5.4	21	44	14	3	669	1256527	669	1256527	0.00304185	0.000540054	0.003	0.01	1878.22	1269.28	60	9422	
0.4	5.4	23	45	10	3	1	60	1	60	0.003	0	0.003	0.003	60	0	60	60	
0.4	5.4	9	46	10	3	1	60	1	60	0.003	0	0.003	0.003	60	0	60	60	
0.4	5.4	39	48	34	3	1	60	1	60	0.003	0	0.003	0.003	60	0	60	60	
0.4	5.4	55	50	25	3	3	180	3	180	0.003	0	0.003	0.003	60	0	60	60	
0.4	5.4	40	52	2	3	4	240	4	240	0.00475	0.0035	0.003	0.01	60	0	60	60	
0.4	5.4	31	53	5	3	3	180	3	180	0.00766667	0.00404145	0.003	0.01	60	0	60	60	
0.4	5.4	20	54	4	3	1	60	1	60	0.003	0	0.003	0.003	60	0	60	60	
0.4	5.4	42	55	9	3	1	60	1	60	0.003	0	0.003	0.003	60	0	60	60	
0.4	5.4	5	56	42	3	1	60	1	60	0.01	0	0.01	0.01	60	0	60	60	
0.4	5.4	57	57	3	3	77	236793	77	236793	0.00363636	0.00202555	0.003	0.01	3075.23	2399.1	60	8873	
0.4	5.4	21	58	1	3	42	72892	42	72892	0.00316667	0.00108012	0.003	0.01	1735.52	431.837	60	3550	
0.4	5.4	55	62	10	3	3	180	3	180	0.003	0	0.003	0.003	60	0	60	60	
0.4	5.4	52	66	26	3	1	60	1	60	0.003	0	0.003	0.003	60	0	60	60	
0.4	5.4	41	69	18	3	2	120	2	120	0.003	0	0.003	0.003	60	0	60	60	
0.4	5.4	26	70	7	3	2	120	2	120	0.003	0	0.003	0.003	60	0	60	60	
0.4	5.4	42	71	17	3	112	174075	112	174075	0.005375	0.00332916	0.003	0.01	1554.24	915.191	60	9422	
0.4	5.4	37	72	8	3	2	120	2	120	0.003	0	0.003	0.003	60	0	60	60	
0.4	5.4	14	73	5	3	107	579902	107	579902	0.003	0	0.003	0.003	5419.64	3199.11	45	9422	
0.4	5.4	37	75	2	3	2	120	2	120	0.003	0	0.003	0.003	60	0	60	60	
0.4	5.4	49	77	4	3	241	1287593	241	1287593	0.00302904	0.00045091	0.003	0.01	5342.71	2711.21	60	9422	
0.4	5.4	7	78	6	3	29	84144	29	84144	0.003	0	0.003	0.003	2901.52	2087.24	60	9422	
0.4	5.4	52	79	11	3	4	240	4	240	0.003	0	0.003	0.003	60	0	60	60	
0.4	5.4	19	81	7	3	182	750974	182	750974	0.003	0	0.003	0.003	4126.23	3242.85	60	9422	
0.4	5.4	41	82	15	3	2	120	2	120	0.003	0	0.003	0.003	60	0	60	60	
0.4	5.4	37	83	23	3	3	180	3	180	0.003	0	0.003	0.003	60	0	60	60	
0.4	5.4	12	84	5	3	18	51117	18	51117	0.003	0	0.003	0.003	2839.83	2585.06	60	9422	
0.4	5.4	39	85	13	3	1	60	1	60	0.003	0	0.003	0.003	60	0	60	60	
0.4	5.4	55	86	7	3	1	60	1	60	0.003	0	0.003	0.003	60	0	60	60	
0.4	5.4	1	87	25	3	4	240	4	240	0.01	0	0.01	0.01	60	0	60	60	
0.4	5.4	41	88	2	3	2	120	2	120	0.003	0	0.003	0.003	60	0	60	60	
0.4	5.4	27	89	10	3	7	420	7	420	0.008	0.00341565	0.003	0.01	60	0	60	60	
0.4	5.4	34	92	10	3	2	120	2	120	0.003	0	0.003	0.003	60	0	60	60	
0.4	5.4	5	93	23	3	7	420	7	420	0.006	0.00374166	0.003	0.01	60	0	60	60	
0.4	5.4	34	94	20	3	1	60	1	60	0.003	0	0.003	0.003	60	0	60	60	
0.4	5.4	42	95	5	3	3	180	3	180	0.00533333	0.00404145	0.003	0.01	60	0	60	60	
0.4	5.4	40	97	11	3	220	1072708	218	1062059	0.003	0	0.003	0.003	4871.83	1769.03	60	9422	
0.4	5.4	26	100	5	3	68	183537	68	183537	0.003	0	0.003	0.003	2699.07	1958.42	60	9422	
0.4	5.4	19	101	9	3	2	120	2	120	0.003	0	0.003	0.003	60	0	60	60	
0.4	5.4	9	102	4	3	1	60	1	60	0.003	0	0.003	0.003	60	0	60	60	
0.4	5.4	21	103	13	3	2	120	2	120	0.003	0	0.003	0.003	60	0	60	60	
0.4	5.4	39	104	30	3	3	180	3	180	0.00766667	0.00404145	0.003	0.01	60	0	60	60	
0.4	5.4	10	105	6	3	1	60	1	60	0.01	0	0.01	0.01	60	0	60	60	
0.4	5.4	52	106	36	3	3	180	3	180	0.003	0	0.003	0.003	60	0	60	60	
0.4	5.4	1	107	10	3	1	60	1	60	0.01	0	0.01	0.01	60	0	60	60	
0.4	5.4	50	108	8	3	2	120	2	120	0.003	0	0.003	0.003	60	0	60	60	
0.4	5.4	48	111	1	3	3	180	3	180	0.00533333	0.00404145	0.003	0.01	60	0	60	60	
0.4	5.4	37	115	27	3	1	60	1	60	0.003	0	0.003	0.003	60	0	60	60	
0.4	5.4	21	116	4	3	4	240	4	240	0.003	0	0.003	0.003	60	0	60	60	
0.4	5.4	8	118	10	3	599	1316212	599	1316212	0.003	0	0.003	0.003	2197.35	1478.08	60	9422	
0.4	5.4	46	119	3	3	226	470070	226	470070	0.00578761	0.00343434	0.003	0.01	2079.96	1658.27	60	9422	
0.4	5.4	39	121	32	3	2	120	2	120	0.0065	0.00494975	0.003	0.01	60	0	60	60	
0.4	5.4	33	122	2	3	1	60	1	60	0.01	0	0.01	0.01	60	0	60	60	
0.4	5.4	22	123	3	3	67	372212	67	372212	0.00425373	0.00270434	0.003	0.01	5555.4	3403.8	60	8873	
0.4	5.4	24	124	1	3	1	60	1	60	0.003	0	0.003	0.003	60	0	60	60	
0.4	5.4	27	125	1	3	1	60	1	60	0.01	0	0.01	0.01	60	0	60	60	
0.4	5.4	8	128	9	3	117	473589	117	473589	0.003	0	0.003	0.003	4047.77	2909.2	45	9422	
0.4	5.4	26	131	3	3	1	60	1	60	0.003	0	0.003	0.003	60	0	60	60	
0.4	5.4	37	132	18	3	2	120	2	120	0.0065	0.00494975	0.003	0.01	60	0	60	60	
0.4	5.4	33	133	1	3	2	120	2	120	0.003	0	0.003	0.003	60	0	60	60	
0.4	5.4	45	134	4	3	1	60	1	60	0.01	0	0.01	0.01	60	0	60	60	
0.4	5.4	39	135	12	3	3	180	3	180	0.00766667	0.00404145	0.003	0.01	60	0	60	60	
0.4	5.4	19	136	12	3	3	180	3	180	0.00766667	0.00404145	0.003	0.01	60	0	60	60	
0.4	5.4	47	139	6	3	2	120	2	120	0.0065	0.00494975	0.003	0.01	60	0	60	60	
0.4	5.4	49	140	3	3	563	1006464	563	1006464	0.00608348	0.00347822	0.003	0.01	1787.68	1415.85	60	9422	
0.4	5.4	30	141	11	3	3	180	3	180	0.00766667	0.00404145	0.003	0.01	60	0	60	60	
0.4	5.4	26	146	2	3	168	470479	168	470479	0.004	0.00245681	0.003	0.01	2800.47	2931.35	60	9422	
0.4	5.4	24	148	4	3	3	180	3	180	0.0123333	0.00404145	0.01	0.017	60	0	60	60	
0.4	5.4	56	149	5	3	81	377551	81	377551	0.00541975	0.00334987	0.003	0.01	4661.12	2035.56	60	8500	
0.4	5.4	6	150	7	3	6	360	6	360	0.00766667	0.00361478	0.003	0.01	60	0	60	60	
0.4	5.4	57	152	1	3	444	1710581	444	1710581	0.00352027	0.00183816	0.003	0.01	3852.66	2737.29	45	9422	
0.4	5.4	13	153	1	3	1	60	1	60	0.003	0	0.003	0.003	60	0	60	60	
0.4	5.4	2	154	15	3	3	180	3	180	0.00766667	0.00404145	0.003	0.01	60	0	60	60	
0.4	5.4	29	155	4	3	4	240	4	240	0.0065	0.00404145	0.003	0.01	60	0	60	60	
0.4	5.4	25	156	3	3	98	453317	98	453317	0.003	0	0.003	0.003	4625.68	3317.21	45	9422	
0.4	5.4	40	157	8	3	2	120	2	120	0.003	0	0.003	0.003	60	0	60	60	
0.4	5.4	12	159	2	3	3	180	3	180	0.00766667	0.00404145	0.003	0.01	60	0	60	60	
0.4	5.4	49	160	7	3	77	186516	77	186516	0.00563636	0.00341402	0.003	0.01	2422.29	1532.86	60	5861	
0.4	5.4	29	162	2	3	389	1248033	389	1248033	0.00398972	0.00244209	0.003	0.01	3208.31	2037.3	60	9422	
0.4	5.4	29	163	8	3	3	180	3	180	0.00766667	0.00404145	0.003	0.01	60	0	60	60	
0.4	5.4	39	167	35	3	1	60	1	60	0.003	0	0.003	0.003	60	0	60	60	
0.4	5.4	20	169	1	3	2	120	2	120	0.003	0	0.003	0.003	60	0	60	60	
0.4	5.4	52	170	3	3	1	60	1	60	0.003	0	0.003	0.003	60	0	60	60	
0.4	5.4	43	171	1	3	1	60	1	60	0.01	0	0.01	0.01	60	0	60	60	
0.4	5.4	31	172	3	3	389	1699384	389	1699384	0.00357583	0.00192582	0.003	0.01	4368.6	2439	60	9422	
0.4	5.4	35	173	1	3	627	1626701	627	1626701	0.00537799	0.00331793	0.003	0.01	2594.42	1285.69	60	9422	
0.4	5.4	2	174	10	3	3	180	3	180	0.003	0	0.003	0.003	60	0	60	60	
0.4	5.4	52	175	32	3	1	60	1	60	0.003	0	0.003	0.003	60	0	60	60	
0.4	5.4	27	176	2	3	630	1701406	630	1701406	0.00333333	0.0014919	0.003	0.01	2700.64	1749.99	60	9422	
0.4	5.4	34	177	3	3	3	180	3	180	0.00766667	0.00404145	0.003	0.01	60	0	60	60	
0.4	5.4	27	179	11	3	248	475982	248	475982	0.00359274	0.00195275	0.003	0.01	1919.28	1696.94	60	9422	
0.4	5.4	22	180	1	3	1	60	1	60	0.003	0	0.003	0.003	60	0	60	60	
0.4	5.4	12	181	4	3	207	506023	207	506023	0.00523188	0.0032701	0.003	0.01	2444.56	1536.1	60	9422	
0.4	5.4	6	182	1	3	1	60	1	60	0.003	0	0.003	0.003	60	0	60	60	
0.4	5.4	6	183	10	3	1	60	1	60	0.003	0	0.003	0.003	60	0	60	60	
0.4	5.4	21	185	6	3	2	120	2	120	0.003	0	0.003	0.003	60	0	60	60	
0.4	5.4	43	188	2	3	1	60	1	60	0.01	0	0.01	0.01	60	0	60	60	
0.4	5.4	50	190	5	3	8	480	8	480	0.00475	0.00324037	0.003	0.01	60	0	60	60	
0.4	5.4	36	192	7	3	127	590703	127	590703	0.0057559	0.00343353	0.003	0.01	4651.2	3260.65	45	9422	
0.4	5.4	52	193	10	3	2	120	2	120	0.003	0	0.003	0.003	60	0	60	60	
0.4	5.4	51	195	4	3	370	1097622	370	1097622	0.00371892	0.00212787	0.003	0.01	2966.55	1209.51	60	9422	
0.4	5.4	24	196	14	3	3	180	3	180	0.00533333	0.00404145	0.003	0.01	60	0	60	60	
0.4	5.4	23	197	13	3	60	230863	60	230863	0.003	0	0.003	0.003	3847.72	2347.57	60	9422	
0.4	5.4	15	198	7	3	4	240	4	240	0.003	0	0.003	0.003	60	0	60	60	
0.4	5.4	13	199	9	3	237	1198992	237	1198992	0.003	0	0.003	0.003	5059.04	3526.13	45	9422	
0.4	5.4	37	200	5	3	2	120	2	120	0.003	0	0.003	0.003	60	0	60	60	
0.4	5.4	17	202	7	3	3	180	3	180	0.003	0	0.003	0.003	60	0	60	60	
0.4	5.4	6	204	15	3	1	60	1	60	0.01	0	0.01	0.01	60	0	60	60	
0.4	5.4	42	205	14	3	3	180	3	180	0.00766667	0.00404145	0.003	0.01	60	0	60	60	
0.4	5.4	4	207	1	3	101	468801	101	468801	0.003	0	0.003	0.003	4641.59	3306.49	45	9422	
0.4	5.4	19	209	11	3	98	331437	98	331437	0.003	0	0.003	0.003	3382.01	1743.68	60	9422	
0.4	5.4	41	210	21	3	2	120	2	120	0.003	0	0.003	0.003	60	0	60	60	
0.4	5.4	3	211	16	3	226	1072125	226	1072125	0.003	0	0.003	0.003	4743.92	1983.25	45	9422	
0.4	5.4	36	212	2	3	3	180	3	180	0.003	0	0.003	0.003	60	0	60	60	
0.4	5.4	55	213	9	3	1	60	1	60	0.003	0	0.003	0.003	60	0	60	60	
0.4	5.4	52	214	8	3	1	60	1	60	0.003	0	0.003	0.003	60	0	60	60	
0.4	5.4	13	216	4	3	128	401258	128	401258	0.00376562	0.00219335	0.003	0.01	3134.83	2387.65	60	9422	
0.4	5.4	28	219	1	3	2	120	2	120	0.003	0	0.003	0.003	60	0	60	60	
0.4	5.4	5	220	17	3	305	359442	305	359442	0.00552459	0.00368678	0.003	0.024	1178.5	632.908	13	5861	
0.4	5.4	37	221	3	3	2	120	2	120	0.003	0	0.003	0.003	60	0	60	60	
0.4	5.4	4	222	4	3	1	60	1	60	0.01	0	0.01	0.01	60	0	60	60	
0.4	5.4	40	223	4	3	3	180	3	180	0.01	0	0.01	0.01	60	0	60	60	
0.4	5.4	28	224	6	3	1	60	1	60	0.003	0	0.003	0.003	60	0	60	60	
0.4	5.4	12	226	3	3	3	180	3	180	0.00533333	0.00404145	0.003	0.01	60	0	60	60	
0.4	5.4	17	227	20	3	159	463537	159	463537	0.00326415	0.00133811	0.003	0.01	2915.33	1944.62	60	9422	
0.4	5.4	10	228	3	3	3	180	3	180	0.00533333	0.00404145	0.003	0.01	60	0	60	60	
0.4	5.4	55	232	2	3	5	300	5	300	0.0044	0.0031305	0.003	0.01	60	0	60	60	
0.4	5.4	7	233	2	3	244	1151522	240	1141463	0.00585833	0.00344787	0.003	0.01	4756.1	2341.88	60	9422	
0.4	5.4	38	237	3	3	4	240	4	240	0.0065	0.00404145	0.003	0.01	60	0	60	60	
0.4	5.4	17	238	16	3	1	60	1	60	0.003	0	0.003	0.003	60	0	60	60	
0.4	5.4	18	240	4	3	4	240	4	240	0.01	0	0.01	0.01	60	0	60	60	
0.4	5.4	17	242	4	3	1	60	1	60	0.01	0	0.01	0.01	60	0	60	60	
0.4	5.4	29	243	10	3	4	240	4	240	0.003	0	0.003	0.003	60	0	60	60	
0.4	5.4	13	247	8	3	4	240	4	240	0.0065	0.00404145	0.003	0.01	60	0	60	60	
0.4	5.4	34	249	6	3	2	120	2	120	0.0065	0.00494975	0.003	0.01	60	0	60	60	
0.4	5.4	29	250	6	3	2	120	2	120	0.003	0	0.003	0.003	60	0	60	60	
0.4	5.4	34	251	14	3	3	180	3	180	0.003	0	0.003	0.003	60	0	60	60	
0.4	5.4	54	252	8	3	8	14319	8	14319	0.003	0	0.003	0.003	1789.88	1477.67	60	4395	
0.4	5.4	41	255	1	3	3	180	3	180	0.003	0	0.003	0.003	60	0	60	60	
0.4	5.4	6	256	3	3	101	397721	101	397721	0.0040396	0.00250168	0.003	0.01	3937.83	2462.32	60	9422	
0.4	5.4	38	257	6	3	111	549730	111	549730	0.003	0	0.003	0.003	4952.52	3126.37	45	9422	
0.4	5.4	3	259	10	3	47	211333	47	211333	0.003	0	0.003	0.003	4496.45	3528.92	45	9422	
0.4	5.4	25	260	1	3	3	180	3	180	0.00766667	0.00404145	0.003	0.01	60	0	60	60	
0.4	5.4	45	261	9	3	1	60	1	60	0.01	0	0.01	0.01	60	0	60	60	
0.4	5.4	19	262	10	3	2	120	2	120	0.0065	0.00494975	0.003	0.01	60	0	60	60	
0.4	5.4	1	265	19	3	2	120	2	120	0.0065	0.00494975	0.003	0.01	60	0	60	60	
0.4	5.4	37	266	26	3	2	120	2	120	0.01	0	0.01	0.01	60	0	60	60	
0.4	5.4	47	269	7	3	216	830773	216	830773	0.00397222	0.00242644	0.003	0.01	3846.17	2580.03	60	9422	
0.4	5.4	52	270	19	3	2	120	2	120	0.003	0	0.003	0.003	60	0	60	60	
0.4	5.4	55	274	18	3	2	120	2	120	0.003	0	0.003	0.003	60	0	60	60	
0.4	5.4	41	275	5	3	2	120	2	120	0.0065	0.00494975	0.003	0.01	60	0	60	60	
0.4	5.4	37	277	17	3	3	180	3	180	0.003	0	0.003	0.003	60	0	60	60	
0.4	5.4	22	278	7	3	1	60	1	60	0.003	0	0.003	0.003	60	0	60	60	
0.4	5.4	41	280	39	3	6	360	6	360	0.003	0	0.003	0.003	60	0	60	60	
0.4	5.4	27	281	6	3	146	552719	146	552719	0.003	0	0.003	0.003	3785.75	2163.9	60	9422	
0.4	5.4	2	282	12	3	2	120	2	120	0.003	0	0.003	0.003	60	0	60	60	
0.4	5.4	41	284	30	3	4	240	4	240	0.003	0	0.003	0.003	60	0	60	60	
0.4	5.4	21	286	8	3	1	60	1	60	0.003	0	0.003	0.003	60	0	60	60	
0.4	5.4	6	287	4	3	1	60	1	60	0.01	0	0.01	0.01	60	0	60	60	
0.4	5.4	8	289	11	3	5	300	5	300	0.0044	0.0031305	0.003	0.01	60	0	60	60	
0.4	5.4	24	290	13	3	1	60	1	60	0.01	0	0.01	0.01	60	0	60	60	
0.4	5.4	37	291	11	3	2	120	2	120	0.003	0	0.003	0.003	60	0	60	60	
0.4	5.4	48	292	8	3	1	60	1	60	0.003	0	0.003	0.003	60	0	60	60	
0.4	5.4	52	294	16	3	6	360	6	360	0.003	0	0.003	0.003	60	0	60	60	
0.4	5.4	39	296	7	3	4	240	4	240	0.003	0	0.003	0.003	60	0	60	60	
0.4	5.4	55	298	14	3	2	120	2	120	0.0065	0.00494975	0.003	0.01	60	0	60	60	
0.4	5.4	55	299	12	3	5	300	5	300	0.0044	0.0031305	0.003	0.01	60	0	60	60	
0.4	5.4	21	301	2	3	2	120	2	120	0.003	0	0.003	0.003	60	0	60	60	
0.4	5.4	57	302	4	3	2	120	2	120	0.01	0	0.01	0.01	60	0	60	60	
0.4	5.4	55	303	13	3	550	839891	550	839891	0.00555818	0.00337397	0.003	0.01	1527.07	791.325	57	9422	
0.4	5.4	39	304	15	3	3	180	3	180	0.003	0	0.003	0.003	60	0	60	60	
0.4	5.4	39	305	29	3	3	180	3	180	0.003	0	0.003	0.003	60	0	60	60	
0.4	5.4	37	306	16	3	2	120	2	120	0.003	0	0.003	0.003	60	0	60	60	
0.4	5.4	39	307	23	3	1	60	1	60	0.003	0	0.003	0.003	60	0	60	60	
0.4	5.4	10	308	4	3	66	264577	66	264577	0.003	0	0.003	0.003	4008.74	2024.9	60	9422	
0.4	5.4	24	309	9	3	2	120	2	120	0.0065	0.00494975	0.003	0.01	60	0	60	60	
0.4	5.4	8	310	6	3	267	459475	263	457107	0.00574144	0.00358347	0.003	0.017	1738.05	1469.86	60	9422	
0.4	5.4	10	312	8	3	1	60	1	60	0.01	0	0.01	0.01	60	0	60	60	
0.4	5.4	47	313	3	3	2	120	2	120	0.01	0	0.01	0.01	60	0	60	60	
0.4	5.4	52	315	13	3	2	120	2	120	0.003	0	0.003	0.003	60	0	60	60	
0.4	5.4	55	316	26	3	1	60	1	60	0.003	0	0.003	0.003	60	0	60	60	
0.4	5.4	57	317	5	3	165	854058	165	854058	0.003	0	0.003	0.003	5176.11	3273.01	45	9422	
0.4	5.4	39	320	24	3	2	120	2	120	0.003	0	0.003	0.003	60	0	60	60	
0.4	5.4	39	321	2	3	2	120	2	120	0.003	0	0.003	0.003	60	0	60	60	
0.4	5.4	39	323	22	3	792	1367172	792	1367172	0.00392803	0.00237531	0.003	0.01	1726.23	1084.26	60	9422	
0.4	5.4	6	325	16	3	1	60	1	60	0.01	0	0.01	0.01	60	0	60	60	
0.4	5.4	48	326	4	3	269	687667	269	687667	0.00482156	0.00307702	0.003	0.01	2556.38	1453.15	60	9422	
0.4	5.4	34	327	8	3	2	120	2	120	0.003	0	0.003	0.003	60	0	60	60	
0.4	5.4	1	328	1	3	1	60	1	60	0.01	0	0.01	0.01	60	0	60	60	
0.4	5.4	12	329	6	3	2	120	2	120	0.01	0	0.01	0.01	60	0	60	60	
0.4	5.4	37	330	21	3	1	60	1	60	0.003	0	0.003	0.003	60	0	60	60	
0.4	5.4	13	331	5	3	1	60	1	60	0.003	0	0.003	0.003	60	0	60	60	
0.4	5.4	46	332	4	3	162	789927	162	789927	0.00442592	0.002828	0.003	0.01	4876.09	2771.39	45	9422	
0.4	5.4	41	333	38	3	2	120	2	120	0.003	0	0.003	0.003	60	0	60	60	
0.4	5.4	18	335	12	3	136	693495	134	683436	0.003	0	0.003	0.003	5100.27	3307.03	45	9422	
0.4	5.4	35	336	4	3	2	120	2	120	0.0065	0.00494975	0.003	0.01	60	0	60	60	
0.4	5.4	46	337	2	3	2	120	2	120	0.003	0	0.003	0.003	60	0	60	60	
0.4	5.4	40	339	10	3	435	1795221	435	1795221	0.003	0	0.003	0.003	4126.94	2062.66	45	9422	
0.4	5.4	21	340	10	3	1	60	1	60	0.003	0	0.003	0.003	60	0	60	60	
0.4	5.4	41	341	27	3	1	60	1	60	0.003	0	0.003	0.003	60	0	60	60	
0.4	5.4	17	342	6	3	3	180	3	180	0.00766667	0.00404145	0.003	0.01	60	0	60	60	
0.4	5.4	27	344	9	3	4	240	4	240	0.003	0	0.003	0.003	60	0	60	60	
0.4	5.4	48	345	9	3	1	60	1	60	0.01	0	0.01	0.01	60	0	60	60	
0.4	5.4	48	346	6	3	218	364650	218	364650	0.00357798	0.00193104	0.003	0.01	1672.71	1565.57	60	9422	
0.4	5.4	30	347	8	3	3	180	3	180	0.00766667	0.00404145	0.003	0.01	60	0	60	60	
0.4	5.4	52	348	12	3	3	180	3	180	0.003	0	0.003	0.003	60	0	60	60	
0.4	5.4	46	350	5	3	2	120	2	120	0.003	0	0.003	0.003	60	0	60	60	
0.4	5.4	37	351	7	3	1	60	1	60	0.01	0	0.01	0.01	60	0	60	60	
0.4	5.4	26	352	6	3	165	578849	165	578849	0.00406061	0.00251749	0.003	0.01	3508.18	2179.66	60	9422	
0.4	5.4	54	353	1	3	153	852052	153	852052	0.003	0	0.003	0.003	5568.97	3215.47	45	9422	
0.4	5.4	1	355	14	3	424	1155325	424	1155325	0.003	0	0.003	0.003	2724.82	1624.32	60	9422	
0.4	5.4	36	357	3	3	62	271202	62	271202	0.003	0	0.003	0.003	4374.23	3201.99	45	9422	
0.4	5.4	30	358	10	3	15	16096	15	16096	0.0044	0.00289828	0.003	0.01	1073.07	545.439	60	1775	
0.4	5.4	49	360	2	3	4	240	4	240	0.0065	0.00404145	0.003	0.01	60	0	60	60	
0.4	5.4	14	363	1	3	4	240	4	240	0.0065	0.00404145	0.003	0.01	60	0	60	60	
0.4	5.4	16	364	9	3	19	100689	19	100689	0.00336842	0.00160591	0.003	0.01	5299.42	3478.25	60	9422	
0.4	5.4	47	365	1	3	5	300	5	300	0.0058	0.00383406	0.003	0.01	60	0	60	60	
0.4	5.4	11	366	3	3	3	180	3	180	0.00533333	0.00404145	0.003	0.01	60	0	60	60	
0.4	5.4	29	367	11	3	79	181188	79	181188	0.00707595	0.00347435	0.003	0.01	2293.52	1602.75	60	7099	
0.4	5.4	31	368	2	3	1	60	1	60	0.003	0	0.003	0.003	60	0	60	60	
0.4	5.4	16	369	8	3	2	120	2	120	0.003	0	0.003	0.003	60	0	60	60	
0.4	5.4	26	371	10	3	1	60	1	60	0.01	0	0.01	0.01	60	0	60	60	
0.4	5.4	52	372	21	3	2	120	2	120	0.003	0	0.003	0.003	60	0	60	60	
0.4	5.4	28	373	2	3	74	358636	74	358636	0.003	0	0.003	0.003	4846.43	3208.65	45	9422	
0.4	5.4	24	376	8	3	2	120	2	120	0.003	0	0.003	0.003	60	0	60	60	
0.4	5.4	37	377	30	3	1	60	1	60	0.003	0	0.003	0.003	60	0	60	60	
0.4	5.4	11	378	1	3	77	349173	77	349173	0.003	0	0.003	0.003	4534.71	3048.39	45	9422	
0.4	5.4	14	379	3	3	1	60	1	60	0.01	0	0.01	0.01	60	0	60	60	
0.4	5.4	37	381	24	3	2	120	2	120	0.003	0	0.003	0.003	60	0	60	60	
0.4	5.4	18	383	9	3	3	180	3	180	0.00533333	0.00404145	0.003	0.01	60	0	60	60	
0.4	5.4	32	385	1	3	3	180	3	180	0.00766667	0.00404145	0.003	0.01	60	0	60	60	
0.4	5.4	7	386	8	3	5	5442	5	5442	0.003	0	0.003	0.003	1088.4	742.216	60	1775	
0.4	5.4	43	388	7	3	450	2263506	450	2263506	0.00611111	0.0034822	0.003	0.01	5030.01	2124.55	50	9422	
0.4	5.4	21	389	9	3	1	60	1	60	0.003	0	0.003	0.003	60	0	60	60	
0.4	5.4	54	391	3	3	122	518515	122	518515	0.00586885	0.00345682	0.003	0.01	4250.12	3289.88	45	9422	
0.4	5.4	36	392	6	3	146	716591	145	711858	0.00324138	0.00128169	0.003	0.01	4909.37	3123.64	45	9422	
0.4	5.4	41	393	23	3	848	1147168	848	1147168	0.00330542	0.00143077	0.003	0.01	1352.79	280.13	60	2367	
0.4	5.4	17	394	22	3	213	326762	213	326762	0.00385446	0.00229693	0.003	0.01	1534.09	950.185	60	5647	
0.4	5.4	12	395	8	3	177	888667	177	888667	0.00375141	0.002173	0.003	0.01	5020.72	3002.14	45	9422	
0.4	5.4	56	396	3	3	1	60	1	60	0.003	0	0.003	0.003	60	0	60	60	
0.4	5.4	2	398	9	3	1	60	1	60	0.003	0	0.003	0.003	60	0	60	60	
0.4	5.4	42	399	12	3	2	120	2	120	0.003	0	0.003	0.003	60	0	60	60	
0.4	5.4	31	403	6	3	4	240	4	240	0.00825	0.0035	0.003	0.01	60	0	60	60	
0.4	5.4	17	404	8	3	7	420	7	420	0.005	0.00341565	0.003	0.01	60	0	60	60	
0.4	5.4	41	405	3	3	2	120	2	120	0.0065	0.00494975	0.003	0.01	60	0	60	60	
0.4	5.4	50	407	9	3	2	120	2	120	0.0065	0.00494975	0.003	0.01	60	0	60	60	
0.4	5.4	33	408	3	3	2	120	2	120	0.003	0	0.003	0.003	60	0	60	60	
0.4	5.4	57	409	2	3	53	213707	53	213707	0.003	0	0.003	0.003	4032.21	2757	45	9422	
0.4	5.4	15	410	6	3	2	120	2	120	0.0065	0.00494975	0.003	0.01	60	0	60	60	
0.4	5.4	25	411	5	3	297	778302	295	776526	0.00731864	0.0034087	0.003	0.01	2632.29	1955.72	60	9422	
0.4	5.4	39	412	31	3	5	300	5	300	0.003	0	0.003	0.003	60	0	60	60	
0.4	5.4	42	415	11	3	1	60	1	60	0.01	0	0.01	0.01	60	0	60	60	
0.4	5.4	24	417	19	3	1	60	1	60	0.01	0	0.01	0.01	60	0	60	60	
0.4	5.4	37	419	6	3	1	60	1	60	0.01	0	0.01	0.01	60	0	60	60	
0.4	5.4	55	420	8	3	2	120	2	120	0.003	0	0.003	0.003	60	0	60	60	
0.4	5.4	41	421	20	3	1	60	1	60	0.003	0	0.003	0.003	60	0	60	60	
0.4	5.4	30	423	7	3	2	120	2	120	0.0065	0.00494975	0.003	0.01	60	0	60	60	
0.4	5.4	53	424	3	3	5	300	5	300	0.0044	0.0031305	0.003	0.01	60	0	60	60	
0.4	5.4	19	425	4	3	100	418442	100	418442	0.003	0	0.003	0.003	4184.42	2631.56	45	9422	
0.4	5.4	32	426	2	3	3	180	3	180	0.00766667	0.00404145	0.003	0.01	60	0	60	60	
0.4	5.4	41	427	11	3	1	60	1	60	0.003	0	0.003	0.003	60	0	60	60	
0.4	5.4	9	428	7	3	687	1640437	686	1639253	0.0042449	0.00267861	0.003	0.01	2389.58	1547.4	45	9422	
0.4	5.4	50	432	10	3	130	579569	130	579569	0.00450769	0.00288875	0.003	0.01	4458.22	3459.46	45	9422	
0.4	5.4	2	433	18	3	2	120	2	120	0.003	0	0.003	0.003	60	0	60	60	
0.4	5.4	41	435	33	3	7	420	7	420	0.004	0.00264575	0.003	0.01	60	0	60	60	
0.4	5.4	2	436	17	3	1	592	1	592	0.01	0	0.01	0.01	592	0	592	592	
0.4	5.4	41	437	8	3	1	60	1	60	0.003	0	0.003	0.003	60	0	60	60	
0.4	5.4	39	438	25	3	5	300	5	300	0.003	0	0.003	0.003	60	0	60	60	
0.4	5.4	39	439	5	3	4	240	4	240	0.00475	0.0035	0.003	0.01	60	0	60	60	
0.4	5.4	48	440	5	3	1	60	1	60	0.003	0	0.003	0.003	60	0	60	60	
0.4	5.4	15	441	3	3	118	664496	118	664496	0.00519491	0.00326143	0.003	0.01	5631.32	3240.05	45	9422	
0.4	5.4	52	442	5	3	2	120	2	120	0.003	0	0.003	0.003	60	0	60	60	
0.4	5.4	20	443	5	3	2	120	2	120	0.01	0	0.01	0.01	60	0	60	60	
0.4	5.4	40	444	3	3	1	60	1	60	0.01	0	0.01	0.01	60	0	60	60	
0.4	5.4	52	445	35	3	2	120	2	120	0.003	0	0.003	0.003	60	0	60	60	
0.4	5.4	8	446	7	3	191	258781	191	258781	0.0054555	0.00334929	0.003	0.01	1354.87	515.061	60	3963	
0.4	5.4	3	447	9	3	163	920682	163	920682	0.00304294	0.000548282	0.003	0.01	5648.36	3372.9	45	9422	
0.4	5.4	46	448	7	3	1	60	1	60	0.003	0	0.003	0.003	60	0	60	60	
0.4	5.4	52	449	33	3	1	60	1	60	0.003	0	0.003	0.003	60	0	60	60	
0.4	5.4	17	452	1	3	2	120	2	120	0.0065	0.00494975	0.003	0.01	60	0	60	60	
0.4	5.4	48	453	12	3	2	120	2	120	0.003	0	0.003	0.003	60	0	60	60	
0.4	5.4	31	454	4	3	3	180	3	180	0.00533333	0.00404145	0.003	0.01	60	0	60	60	
0.4	5.4	3	456	14	3	2	120	2	120	0.0065	0.00494975	0.003	0.01	60	0	60	60	
0.4	5.4	45	458	8	3	3	180	3	180	0.003	0	0.003	0.003	60	0	60	60	
0.4	5.4	41	459	28	3	2	120	2	120	0.003	0	0.003	0.003	60	0	60	60	
0.4	5.4	42	460	6	3	6	360	6	360	0.00533333	0.00361478	0.003	0.01	60	0	60	60	
0.4	5.4	41	461	16	3	1	60	1	60	0.003	0	0.003	0.003	60	0	60	60	
0.4	5.4	52	464	1	3	2	120	2	120	0.003	0	0.003	0.003	60	0	60	60	
0.4	5.4	3	465	1	3	2	120	2	120	0.0065	0.00494975	0.003	0.01	60	0	60	60	
0.4	5.4	52	468	22	3	2	120	2	120	0.003	0	0.003	0.003	60	0	60	60	
0.4	5.4	52	471	7	3	1	60	1	60	0.003	0	0.003	0.003	60	0	60	60	
0.4	5.4	26	472	1	3	163	477600	163	477600	0.00334356	0.0015169	0.003	0.01	2930.06	1844.24	60	9422	
0.4	5.4	39	474	28	3	1	60	1	60	0.003	0	0.003	0.003	60	0	60	60	
0.4	5.4	52	475	20	3	2	120	2	120	0.003	0	0.003	0.003	60	0	60	60	
0.4	5.4	10	476	1	3	1	60	1	60	0.01	0	0.01	0.01	60	0	60	60	
0.4	5.4	13	478	6	3	1	60	1	60	0.003	0	0.003	0.003	60	0	60	60	
0.4	5.4	34	480	21	3	1409	2220197	1409	2220197	0.00395884	0.00240761	0.003	0.01	1575.73	1062.53	60	9422	
0.4	5.4	35	481	5	3	3	180	3	180	0.00766667	0.00404145	0.003	0.01	60	0	60	60	
0.4	5.4	52	483	27	3	3	180	3	180	0.003	0	0.003	0.003	60	0	60	60	
0.4	5.4	8	484	8	3	1	60	1	60	0.003	0	0.003	0.003	60	0	60	60	
0.4	5.4	37	488	32	3	2	120	2	120	0.003	0	0.003	0.003	60	0	60	60	
0.4	5.4	39	489	21	3	3	180	3	180	0.00533333	0.00404145	0.003	0.01	60	0	60	60	
0.4	5.4	1	490	32	3	230	425594	230	425594	0.00385217	0.00229388	0.003	0.01	1850.41	2238.64	60	9422	
0.4	5.4	7	491	1	3	25	70525	25	70525	0.0072	0.0035	0.003	0.01	2821	2639.51	60	9422	
0.4	5.4	12	500	7	3	1	60	1	60	0.003	0	0.003	0.003	60	0	60	60	
0.4	5.4	45	503	5	3	1	60	1	60	0.01	0	0.01	0.01	60	0	60	60	
0.4	5.4	46	505	1	3	4	240	4	240	0.003	0	0.003	0.003	60	0	60	60	
0.4	5.4	30	506	1	3	50	165185	50	165185	0.00342	0.00167929	0.003	0.01	3303.7	1313.83	60	5324	
0.4	5.4	48	507	2	3	99	117889	99	117889	0.00653535	0.00351763	0.003	0.01	1190.8	663.976	60	3550	
0.4	5.4	51	508	9	3	1	60	1	60	0.01	0	0.01	0.01	60	0	60	60	
0.4	5.4	32	511	3	3	1	60	1	60	0.01	0	0.01	0.01	60	0	60	60	
0.4	5.4	8	512	5	3	4	240	4	240	0.00475	0.0035	0.003	0.01	60	0	60	60	
0.4	5.4	2	513	13	3	4	240	4	240	0.003	0	0.003	0.003	60	0	60	60	
0.4	5.4	2	514	14	3	1	60	1	60	0.003	0	0.003	0.003	60	0	60	60	
0.4	5.4	9	515	9	3	1	60	1	60	0.003	0	0.003	0.003	60	0	60	60	
0.4	5.4	24	516	20	3	4	240	4	240	0.0065	0.00404145	0.003	0.01	60	0	60	60	
0.4	5.4	55	517	24	3	3	180	3	180	0.003	0	0.003	0.003	60	0	60	60	
0.4	5.4	37	518	14	3	3	180	3	180	0.00533333	0.00404145	0.003	0.01	60	0	60	60	
0.4	5.4	19	519	2	3	1	60	1	60	0.01	0	0.01	0.01	60	0	60	60	
0.4	5.4	50	520	2	3	3	180	3	180	0.003	0	0.003	0.003	60	0	60	60	
0.4	5.4	19	522	1	3	128	312048	128	312048	0.00496875	0.00315963	0.003	0.01	2437.87	2367.7	60	9422	
0.4	5.4	41	524	22	3	2	120	2	120	0.003	0	0.003	0.003	60	0	60	60	
0.4	5.4	14	526	12	3	1	60	1	60	0.003	0	0.003	0.003	60	0	60	60	
0.4	5.4	47	527	8	3	3	180	3	180	0.00766667	0.00404145	0.003	0.01	60	0	60	60	
0.4	5.4	17	528	11	3	2	120	2	120	0.003	0	0.003	0.003	60	0	60	60	
0.4	5.4	9	530	2	3	103	526880	103	526880	0.003	0	0.003	0.003	5115.34	3066.39	45	9422	
0.4	5.4	15	531	4	3	70	153954	68	149812	0.00691176	0.00350154	0.003	0.01	2203.12	1259.87	60	6882	
0.4	5.4	42	532	1	3	1	60	1	60	0.003	0	0.003	0.003	60	0	60	60	
0.4	5.4	35	533	3	3	2	120	2	120	0.003	0	0.003	0.003	60	0	60	60	
0.4	5.4	39	534	9	3	2	120	2	120	0.003	0	0.003	0.003	60	0	60	60	
0.4	5.4	10	535	5	3	146	800573	146	800573	0.003	0	0.003	0.003	5483.38	3418.83	45	9422	
0.4	5.4	51	536	8	3	247	687177	247	687177	0.00436032	0.00277542	0.003	0.01	2782.09	1408.22	60	7099	
0.4	5.4	51	538	1	3	2	120	2	120	0.003	0	0.003	0.003	60	0	60	60	
0.4	5.4	30	539	4	3	3	180	3	180	0.00766667	0.00404145	0.003	0.01	60	0	60	60	
0.4	5.4	55	540	15	3	4	240	4	240	0.003	0	0.003	0.003	60	0	60	60	
0.4	5.4	45	541	1	3	2	120	2	120	0.0065	0.00494975	0.003	0.01	60	0	60	60	
0.4	5.4	41	544	9	3	1	60	1	60	0.003	0	0.003	0.003	60	0	60	60	
0.4	5.4	45	545	10	3	2	120	2	120	0.01	0	0.01	0.01	60	0	60	60	
0.4	5.4	30	546	6	3	575	1005575	575	1005575	0.00555652	0.00337337	0.003	0.01	1748.83	964.653	60	9422	
0.4	5.4	55	550	22	3	2	120	2	120	0.003	0	0.003	0.003	60	0	60	60	
0.4	5.4	4	553	2	3	146	577792	146	577792	0.00573288	0.00342665	0.003	0.01	3957.48	3154.41	45	9422	
0.4	5.4	11	554	2	3	3	180	3	180	0.00766667	0.00404145	0.003	0.01	60	0	60	60	
0.4	5.4	20	555	3	3	2	120	2	120	0.01	0	0.01	0.01	60	0	60	60	
0.4	5.4	46	556	6	3	267	942610	267	942610	0.003	0	0.003	0.003	3530.37	1818.99	60	9422	
0.4	5.4	51	559	3	3	2	120	2	120	0.003	0	0.003	0.003	60	0	60	60	
0.4	5.4	20	560	7	3	2	120	2	120	0.0065	0.00494975	0.003	0.01	60	0	60	60	
0.4	5.4	18	561	10	3	1	592	1	592	0.01	0	0.01	0.01	592	0	592	592	
0.4	5.4	8	563	2	3	3	712	3	712	0.00533333	0.00404145	0.003	0.01	237.333	307.15	60	592	
0.4	5.4	14	566	2	3	268	865833	268	865833	0.00357463	0.0019251	0.003	0.01	3230.72	1960.39	60	9422	
0.4	5.4	30	568	9	3	5	300	5	300	0.01	0	0.01	0.01	60	0	60	60	
0.4	5.4	1	569	27	3	2	120	2	120	0.003	0	0.003	0.003	60	0	60	60	
0.4	5.4	23	571	3	3	1	60	1	60	0.003	0	0.003	0.003	60	0	60	60	
0.4	5.4	17	575	5	3	1	60	1	60	0.01	0	0.01	0.01	60	0	60	60	
0.4	5.4	30	576	3	3	2	120	2	120	0.0065	0.00494975	0.003	0.01	60	0	60	60	
0.4	5.4	55	577	23	3	3	180	3	180	0.00533333	0.00404145	0.003	0.01	60	0	60	60	
0.4	5.4	15	578	5	3	2	120	2	120	0.003	0	0.003	0.003	60	0	60	60	
0.4	5.4	41	579	35	3	1	60	1	60	0.003	0	0.003	0.003	60	0	60	60	
0.4	5.4	45	580	3	3	2	120	2	120	0.003	0	0.003	0.003	60	0	60	60	
0.4	5.4	42	583	19	3	2	120	2	120	0.01	0	0.01	0.01	60	0	60	60	
0.4	5.4	34	584	12	3	2	120	2	120	0.003	0	0.003	0.003	60	0	60	60	
0.4	5.4	16	585	6	3	261	1601040	259	1586842	0.00337838	0.00158593	0.003	0.01	6126.8	2797.91	45	9422	
0.4	5.4	27	586	5	3	2	120	2	120	0.0065	0.00494975	0.003	0.01	60	0	60	60	
0.4	5.4	50	587	11	3	234	1375678	234	1375678	0.003	0	0.003	0.003	5878.97	2756.72	60	9422	
0.4	5.4	51	594	2	3	1	60	1	60	0.003	0	0.003	0.003	60	0	60	60	
0.4	5.4	55	596	4	3	2	120	2	120	0.003	0	0.003	0.003	60	0	60	60	
0.4	5.4	9	597	3	3	2	120	2	120	0.003	0	0.003	0.003	60	0	60	60	
0.4	5.4	16	599	7	3	2	120	2	120	0.01	0	0.01	0.01	60	0	60	60	
0.4	5.4	42	600	13	3	3	180	3	180	0.003	0	0.003	0.003	60	0	60	60	
0.4	5.4	38	601	1	3	2	120	2	120	0.01	0	0.01	0.01	60	0	60	60	
0.4	5.4	31	602	1	3	4	240	4	240	0.0065	0.00404145	0.003	0.01	60	0	60	60	
0.4	5.4	41	603	24	3	3	180	3	180	0.003	0	0.003	0.003	60	0	60	60	
0.4	5.4	47	604	4	3	1	60	1	60	0.01	0	0.01	0.01	60	0	60	60	
0.4	5.4	39	606	26	3	4	240	4	240	0.00475	0.0035	0.003	0.01	60	0	60	60	
0.4	5.4	42	607	3	3	2	120	2	120	0.0065	0.00494975	0.003	0.01	60	0	60	60	
0.4	5.4	3	609	13	3	1	60	1	60	0.01	0	0.01	0.01	60	0	60	60	
0.4	5.4	37	613	25	3	2	120	2	120	0.003	0	0.003	0.003	60	0	60	60	
0.4	5.4	5	614	50	3	139	190667	139	190667	0.00627338	0.00350529	0.003	0.01	1371.71	604.681	60	3550	
0.4	5.4	55	616	11	3	85	365174	85	365174	0.003	0	0.003	0.003	4296.16	2941.2	45	9422	
0.4	5.4	2	619	1	3	1	60	1	60	0.003	0	0.003	0.003	60	0	60	60	
0.4	5.4	16	622	1	3	2	120	2	120	0.01	0	0.01	0.01	60	0	60	60	
0.4	5.4	3	623	8	3	1	60	1	60	0.003	0	0.003	0.003	60	0	60	60	
0.4	5.4	2	624	3	3	4	240	4	240	0.00475	0.0035	0.003	0.01	60	0	60	60	
0.4	5.4	39	627	18	3	2	120	2	120	0.003	0	0.003	0.003	60	0	60	60	
0.4	5.4	37	628	19	3	924	1240704	924	1240704	0.003	0	0.003	0.003	1342.75	383.653	60	9422	
0.4	5.4	14	630	11	3	3	180	3	180	0.00766667	0.00404145	0.003	0.01	60	0	60	60	
0.4	5.4	44	632	4	3	1	60	1	60	0.003	0	0.003	0.003	60	0	60	60	
0.4	5.4	40	634	7	3	1	60	1	60	0.01	0	0.01	0.01	60	0	60	60	
0.4	5.4	17	635	12	3	1	60	1	60	0.01	0	0.01	0.01	60	0	60	60	
0.4	5.4	54	638	9	3	126	630790	126	630790	0.00305555	0.00062361	0.003	0.01	5006.27	3083.65	45	9422	
0.4	5.4	37	641	13	3	1223	2878511	1221	2876143	0.00301147	0.000283189	0.003	0.01	2355.56	1233.69	60	9422	
0.4	5.4	42	643	8	3	3	180	3	180	0.00533333	0.00404145	0.003	0.01	60	0	60	60	
0.4	5.4	41	644	37	3	2	120	2	120	0.003	0	0.003	0.003	60	0	60	60	
0.4	5.4	43	645	8	3	3	712	3	712	0.01	0	0.01	0.01	237.333	307.15	60	592	
0.4	5.4	2	646	8	3	949	1579152	949	1579152	0.00469652	0.00300116	0.003	0.01	1664.02	764.174	60	7708	
0.4	5.4	25	647	2	3	2	120	2	120	0.01	0	0.01	0.01	60	0	60	60	
0.4	5.4	36	648	5	3	1	60	1	60	0.003	0	0.003	0.003	60	0	60	60	
0.4	5.4	14	649	9	3	248	1294572	248	1294572	0.003	0	0.003	0.003	5220.05	2793.02	45	9422	
0.4	5.4	26	650	4	3	2	120	2	120	0.0065	0.00494975	0.003	0.01	60	0	60	60	
0.4	5.4	42	651	18	3	2	120	2	120	0.003	0	0.003	0.003	60	0	60	60	
0.4	5.4	55	653	5	3	3	180	3	180	0.00533333	0.00404145	0.003	0.01	60	0	60	60	
0.4	5.4	55	654	1	3	1	60	1	60	0.003	0	0.003	0.003	60	0	60	60	
0.4	5.4	54	655	4	3	57	266478	57	266478	0.0048421	0.00310983	0.003	0.01	4675.05	3623.92	45	9422	
0.4	5.4	44	658	2	3	4	240	4	240	0.0065	0.00404145	0.003	0.01	60	0	60	60	
0.4	5.4	10	659	7	3	2	120	2	120	0.0065	0.00494975	0.003	0.01	60	0	60	60	
0.4	5.4	29	660	9	3	20	32067	20	32067	0.00755	0.00342552	0.003	0.01	1603.35	457.186	60	1775	
0.4	5.4	23	661	8	3	1	60	1	60	0.003	0	0.003	0.003	60	0	60	60	
0.4	5.4	6	662	5	3	101	277048	101	277048	0.003	0	0.003	0.003	2743.05	1677.66	60	9422	
0.4	5.4	24	664	16	3	4	240	4	240	0.01	0	0.01	0.01	60	0	60	60	
0.4	5.4	5	665	49	3	6	360	6	360	0.0065	0.00383406	0.003	0.01	60	0	60	60	
0.4	5.4	1	666	30	3	2	120	2	120	0.01	0	0.01	0.01	60	0	60	60	
0.4	5.4	5	669	52	3	2	120	2	120	0.003	0	0.003	0.003	60	0	60	60	
0.4	5.4	23	670	14	3	2	120	2	120	0.0065	0.00494975	0.003	0.01	60	0	60	60	
0.4	5.4	5	674	37	3	2	120	2	120	0.003	0	0.003	0.003	60	0	60	60	
0.4	5.4	5	676	40	3	1	60	1	60	0.01	0	0.01	0.01	60	0	60	60	
0.4	5.4	5	677	3	3	1	60	1	60	0.003	0	0.003	0.003	60	0	60	60	
0.4	5.4	5	678	5	3	1	60	1	60	0.003	0	0.003	0.003	60	0	60	60	
0.4	5.4	5	679	19	3	1	60	1	60	0.01	0	0.01	0.01	60	0	60	60	
0.4	5.4	5	680	47	3	361	645823	361	645823	0.00406648	0.00251904	0.003	0.01	1788.98	1053.06	60	6882	
0.4	5.4	5	681	30	3	3	180	3	180	0.00533333	0.00404145	0.003	0.01	60	0	60	60	
0.4	5.4	1	682	13	3	3	180	3	180	0.00766667	0.00404145	0.003	0.01	60	0	60	60	
0.4	5.4	1	683	7	3	1	60	1	60	0.01	0	0.01	0.01	60	0	60	60	
0.4	5.4	5	684	2	3	11	16092	11	16092	0.00427273	0.00283164	0.003	0.01	1462.91	590.697	60	1775	
0.4	5.4	1	685	20	3	1	60	1	60	0.003	0	0.003	0.003	60	0	60	60	
0.4	5.4	6	686	6	3	585	850100	585	850100	0.00599145	0.00346582	0.003	0.01	1453.16	997.43	60	9422	
0.4	5.4	1	687	24	3	314	361704	314	361704	0.0058535	0.00344526	0.003	0.01	1151.92	772.336	60	5324	
0.4	5.4	6	688	20	3	1	60	1	60	0.003	0	0.003	0.003	60	0	60	60	
0.4	5.4	1	693	18	3	2	120	2	120	0.0065	0.00494975	0.003	0.01	60	0	60	60	
0.4	5.4	6	694	11	3	1	60	1	60	0.003	0	0.003	0.003	60	0	60	60	
0.4	5.4	5	695	9	3	3	180	3	180	0.00766667	0.00404145	0.003	0.01	60	0	60	60	
0.4	5.4	43	698	4	3	3	180	3	180	0.00533333	0.00404145	0.003	0.01	60	0	60	60	
0.4	5.4	24	701	6	3	169	322088	169	322088	0.00552663	0.00337192	0.003	0.01	1905.85	1265.21	60	9422	
0.4	5.4	24	702	12	3	2	120	2	120	0.01	0	0.01	0.01	60	0	60	60	
0.4	5.4	1	703	4	3	1	60	1	60	0.003	0	0.003	0.003	60	0	60	60	
0.4	5.4	5	704	20	3	1	60	1	60	0.01	0	0.01	0.01	60	0	60	60	
0.4	5.4	1	705	21	3	276	481173	276	481173	0.00373551	0.00215043	0.003	0.01	1743.38	644.049	60	7708	
0.4	5.4	24	707	5	3	1	60	1	60	0.003	0	0.003	0.003	60	0	60	60	
0.4	5.4	1	708	15	3	1	60	1	60	0.003	0	0.003	0.003	60	0	60	60	
0.4	5.4	6	709	12	3	3	712	3	712	0.00766667	0.00404145	0.003	0.01	237.333	307.15	60	592	
0.4	5.4	24	710	22	3	4	240	4	240	0.00475	0.0035	0.003	0.01	60	0	60	60	
0.4	5.4	5	711	27	3	3	180	3	180	0.00766667	0.00404145	0.003	0.01	60	0	60	60	
0.4	5.4	1	712	16	3	2	120	2	120	0.0135	0.00494975	0.01	0.017	60	0	60	60	
0.4	5.4	5	713	14	3	257	340385	257	340385	0.00457977	0.00293192	0.003	0.01	1324.46	611.449	60	4395	
0.4	5.4	5	715	34	3	5	300	5	300	0.003	0	0.003	0.003	60	0	60	60	
0.4	5.4	24	716	3	3	434	484449	434	484449	0.00522581	0.00326358	0.003	0.01	1116.24	651.589	60	4344	
0.4	5.4	6	717	9	3	3	180	3	180	0.003	0	0.003	0.003	60	0	60	60	
0.4	5.4	5	718	41	3	451	799744	451	799744	0.00349667	0.00179923	0.003	0.01	1773.27	983.067	60	9422	
0.4	5.4	30	719	12	3	1	60	1	60	0.003	0	0.003	0.003	60	0	60	60	
0.4	5.4	5	720	15	3	285	378959	285	378959	0.00464561	0.0029736	0.003	0.01	1329.68	672.8	60	4395	
0.4	5.4	5	724	10	3	2	120	2	120	0.0065	0.00494975	0.003	0.01	60	0	60	60	
0.4	5.4	1	726	17	3	3	180	3	180	0.00533333	0.00404145	0.003	0.01	60	0	60	60	
0.4	5.4	1	730	22	3	1	60	1	60	0.01	0	0.01	0.01	60	0	60	60	
0.4	5.4	5	731	4	3	1	60	1	60	0.01	0	0.01	0.01	60	0	60	60	
0.4	5.4	1	732	28	3	1	60	1	60	0.01	0	0.01	0.01	60	0	60	60	
0.4	5.4	1	733	31	3	858	1765916	857	1765324	0.00306534	0.00067355	0.003	0.01	2059.89	1187.9	60	9422	
0.4	5.4	23	734	2	3	1	60	1	60	0.003	0	0.003	0.003	60	0	60	60	
0.4	5.4	24	736	18	3	657	790921	654	786778	0.00530122	0.00329082	0.003	0.01	1203.02	542.147	60	7690	
0.4	5.4	43	737	3	3	136	655043	136	655043	0.003	0	0.003	0.003	4816.49	3079.91	45	9422	
0.4	5.4	25	738	4	3	1	60	1	60	0.01	0	0.01	0.01	60	0	60	60	
0.4	5.4	5	739	39	3	1	60	1	60	0.003	0	0.003	0.003	60	0	60	60	
0.4	5.4	1	740	33	3	1	60	1	60	0.01	0	0.01	0.01	60	0	60	60	
0.4	5.4	5	741	33	3	113	196555	112	194780	0.0035625	0.00191147	0.003	0.01	1739.11	290.306	60	3179	
0.4	5.4	5	742	6	3	7	420	7	420	0.007	0.00374166	0.003	0.01	60	0	60	60	
0.4	5.4	5	743	8	3	2	120	2	120	0.003	0	0.003	0.003	60	0	60	60	
0.4	5.4	1	744	6	3	2	120	2	120	0.01	0	0.01	0.01	60	0	60	60	
0.4	5.4	24	745	7	3	4	240	4	240	0.003	0	0.003	0.003	60	0	60	60	
0.4	5.4	5	746	12	3	114	344505	114	344505	0.003	0	0.003	0.003	3021.97	1636.44	60	9422	
0.4	5.4	5	747	38	3	1	60	1	60	0.003	0	0.003	0.003	60	0	60	60	
0.4	5.4	5	748	22	3	3	180	3	180	0.00533333	0.00404145	0.003	0.01	60	0	60	60	
0.4	5.4	5	749	11	3	1028	1412401	1028	1412401	0.0032928	0.00140207	0.003	0.01	1373.93	482.653	60	9422	
0.4	5.4	24	750	2	3	3	180	3	180	0.00766667	0.00404145	0.003	0.01	60	0	60	60	
