% start	end	CellId	IMSI	RNTI	LCID	nTxPDUs	TxBytes	nRxPDUs	RxBytes	delay	stdDev	min	max	PduSize	stdDev	min	max
0.4	5.4	34	2	12	3	2	120	2	120	0.003	0	0.003	0.003	60	0	60	60	
0.4	5.4	4	3	8	3	4	240	4	240	0.003	0	0.003	0.003	60	0	60	60	
0.4	5.4	19	4	8	3	3	180	3	180	0.003	0	0.003	0.003	60	0	60	60	
0.4	5.4	55	5	17	3	1	60	1	60	0.003	0	0.003	0.003	60	0	60	60	
0.4	5.4	14	6	9	3	1	60	1	60	0.01	0	0.01	0.01	60	0	60	60	
0.4	5.4	47	8	8	3	2	120	2	120	0.003	0	0.003	0.003	60	0	60	60	
0.4	5.4	41	9	42	3	2	120	2	120	0.003	0	0.003	0.003	60	0	60	60	
0.4	5.4	2	16	7	3	5	300	5	300	0.0058	0.00383406	0.003	0.01	60	0	60	60	
0.4	5.4	26	17	2	3	68	321364	68	321364	0.003	0	0.003	0.003	4725.94	3207.31	45	9422	
0.4	5.4	39	20	43	3	3	180	3	180	0.003	0	0.003	0.003	60	0	60	60	
0.4	5.4	22	21	11	3	84	291943	84	291943	0.003	0	0.003	0.003	3475.51	2601.76	45	9422	
0.4	5.4	14	23	6	3	157	372308	157	372308	0.00464968	0.00298042	0.003	0.01	2371.39	1746.4	60	9422	
0.4	5.4	31	25	4	3	615	1382468	613	1380100	0.00434747	0.00276208	0.003	0.01	2251.39	1831.83	60	9422	
0.4	5.4	41	26	30	3	5	300	5	300	0.003	0	0.003	0.003	60	0	60	60	
0.4	5.4	41	27	27	3	2	120	2	120	0.0065	0.00494975	0.003	0.01	60	0	60	60	
0.4	5.4	37	28	2	3	2	120	2	120	0.003	0	0.003	0.003	60	0	60	60	
0.4	5.4	10	29	9	3	2	120	2	120	0.003	0	0.003	0.003	60	0	60	60	
0.4	5.4	10	31	10	3	2	120	2	120	0.01	0	0.01	0.01	60	0	60	60	
0.4	5.4	4	32	9	3	109	208998	109	208998	0.00678899	0.00350416	0.003	0.01	1917.41	1519.46	60	9422	
0.4	5.4	23	33	1	3	1	60	1	60	0.01	0	0.01	0.01	60	0	60	60	
0.4	5.4	49	34	7	3	2	120	2	120	0.003	0	0.003	0.003	60	0	60	60	
0.4	5.4	41	35	34	3	2	120	2	120	0.003	0	0.003	0.003	60	0	60	60	
0.4	5.4	41	36	23	3	767	1152468	766	1151876	0.00459008	0.00293487	0.003	0.01	1503.75	587.526	60	9422	
0.4	5.4	11	37	3	3	164	915351	164	915351	0.003	0	0.003	0.003	5581.41	3366.52	45	9422	
0.4	5.4	33	38	2	3	1	60	1	60	0.003	0	0.003	0.003	60	0	60	60	
0.4	5.4	8	40	4	3	2	120	2	120	0.003	0	0.003	0.003	60	0	60	60	
0.4	5.4	22	41	1	3	416	668852	416	668852	0.00490144	0.00311737	0.003	0.01	1607.82	532.546	60	4395	
0.4	5.4	34	43	16	3	6	360	6	360	0.00416667	0.00285774	0.003	0.01	60	0	60	60	
0.4	5.4	6	44	1	3	3	180	3	180	0.00533333	0.00404145	0.003	0.01	60	0	60	60	
0.4	5.4	55	45	14	3	1	60	1	60	0.003	0	0.003	0.003	60	0	60	60	
0.4	5.4	39	46	42	3	342	814981	342	814981	0.003	0	0.003	0.003	2382.99	1031.3	60	5664	
0.4	5.4	41	48	10	3	1	60	1	60	0.003	0	0.003	0.003	60	0	60	60	
0.4	5.4	13	49	4	3	3	180	3	180	0.00533333	0.00404145	0.003	0.01	60	0	60	60	
0.4	5.4	21	50	9	3	2	120	2	120	0.003	0	0.003	0.003	60	0	60	60	
0.4	5.4	34	51	7	3	2	120	2	120	0.003	0	0.003	0.003	60	0	60	60	
0.4	5.4	45	52	9	3	4	772	4	772	0.0065	0.00404145	0.003	0.01	193	266	60	592	
0.4	5.4	18	53	7	3	644	1613844	643	1613252	0.00386003	0.00229974	0.003	0.01	2508.95	1293.1	60	9422	
0.4	5.4	47	54	12	3	1	60	1	60	0.01	0	0.01	0.01	60	0	60	60	
0.4	5.4	9	56	12	3	608	1138790	607	1137015	0.00362273	0.00199447	0.003	0.01	1873.17	1228.88	60	9422	
0.4	5.4	49	58	11	3	3	180	3	180	0.003	0	0.003	0.003	60	0	60	60	
0.4	5.4	13	59	12	3	2	120	2	120	0.003	0	0.003	0.003	60	0	60	60	
0.4	5.4	39	60	32	3	1	60	1	60	0.003	0	0.003	0.003	60	0	60	60	
0.4	5.4	26	61	7	3	97	455202	97	455202	0.003	0	0.003	0.003	4692.8	3458.39	45	9422	
0.4	5.4	38	63	1	3	1	60	1	60	0.003	0	0.003	0.003	60	0	60	60	
0.4	5.4	31	64	8	3	2	120	2	120	0.003	0	0.003	0.003	60	0	60	60	
0.4	5.4	17	65	6	3	1	60	1	60	0.01	0	0.01	0.01	60	0	60	60	
0.4	5.4	54	66	5	3	1	60	1	60	0.003	0	0.003	0.003	60	0	60	60	
0.4	5.4	28	69	2	3	3	180	3	180	0.00533333	0.00404145	0.003	0.01	60	0	60	60	
0.4	5.4	2	71	13	3	7	420	7	420	0.004	0.00264575	0.003	0.01	60	0	60	60	
0.4	5.4	22	72	9	3	156	721366	156	721366	0.003	0	0.003	0.003	4624.14	3149.11	45	9422	
0.4	5.4	49	73	13	3	1	60	1	60	0.003	0	0.003	0.003	60	0	60	60	
0.4	5.4	13	74	10	3	716	1401490	712	1394388	0.00354073	0.0018702	0.003	0.01	1958.41	973.179	60	6882	
0.4	5.4	39	75	3	3	1	60	1	60	0.003	0	0.003	0.003	60	0	60	60	
0.4	5.4	55	77	4	3	3	180	3	180	0.003	0	0.003	0.003	60	0	60	60	
0.4	5.4	39	78	5	3	2	120	2	120	0.003	0	0.003	0.003	60	0	60	60	
0.4	5.4	55	80	18	3	953	1394534	953	1394534	0.00464533	0.00296976	0.003	0.01	1463.31	625.445	60	9422	
0.4	5.4	39	81	11	3	122	397729	122	397729	0.003	0	0.003	0.003	3260.07	2064.89	60	9422	
0.4	5.4	26	83	4	3	3	180	3	180	0.00766667	0.00404145	0.003	0.01	60	0	60	60	
0.4	5.4	32	84	1	3	2	120	2	120	0.003	0	0.003	0.003	60	0	60	60	
0.4	5.4	43	85	11	3	2	120	2	120	0.003	0	0.003	0.003	60	0	60	60	
0.4	5.4	48	86	6	3	1	60	1	60	0.01	0	0.01	0.01	60	0	60	60	
0.4	5.4	30	87	4	3	548	2114712	548	2114712	0.003	0	0.003	0.003	3858.96	1770.72	60	9422	
0.4	5.4	50	88	7	3	207	303122	201	298978	0.00822388	0.00305363	0.003	0.01	1487.45	1410.58	60	9422	
0.4	5.4	41	89	20	3	2	120	2	120	0.003	0	0.003	0.003	60	0	60	60	
0.4	5.4	39	91	38	3	450	775843	450	775843	0.00374667	0.00216323	0.003	0.01	1724.1	1646.36	60	9422	
0.4	5.4	57	93	3	3	372	2323073	372	2323073	0.00324462	0.00128724	0.003	0.01	6244.82	3174.76	45	9422	
0.4	5.4	50	94	5	3	1	60	1	60	0.01	0	0.01	0.01	60	0	60	60	
0.4	5.4	9	96	5	3	101	391189	100	387639	0.00307	0.0007	0.003	0.01	3876.39	2331.67	45	9422	
0.4	5.4	20	97	4	3	1	60	1	60	0.01	0	0.01	0.01	60	0	60	60	
0.4	5.4	56	98	2	3	142	690179	142	690179	0.003	0	0.003	0.003	4860.42	3378.45	45	9422	
0.4	5.4	55	99	1	3	129	588558	129	588558	0.003	0	0.003	0.003	4562.47	3066.99	45	9422	
0.4	5.4	23	101	7	3	5	300	5	300	0.0072	0.00383406	0.003	0.01	60	0	60	60	
0.4	5.4	4	102	11	3	205	876913	205	876913	0.003	0	0.003	0.003	4277.62	2283.86	45	9422	
0.4	5.4	39	103	14	3	2	120	2	120	0.003	0	0.003	0.003	60	0	60	60	
0.4	5.4	55	106	7	3	3	180	3	180	0.003	0	0.003	0.003	60	0	60	60	
0.4	5.4	23	108	3	3	108	589954	108	589954	0.00312963	0.000948118	0.003	0.01	5462.54	3215.99	45	9422	
0.4	5.4	37	109	17	3	196	545049	196	545049	0.003	0	0.003	0.003	2780.86	1594.06	60	9422	
0.4	5.4	42	110	11	3	3	180	3	180	0.003	0	0.003	0.003	60	0	60	60	
0.4	5.4	43	112	5	3	1	60	1	60	0.01	0	0.01	0.01	60	0	60	60	
0.4	5.4	1	115	26	3	270	439177	270	439177	0.00554074	0.00337223	0.003	0.01	1626.58	367.782	60	1775	
0.4	5.4	18	117	2	3	170	564564	170	564564	0.003	0	0.003	0.003	3320.96	1718.86	60	9422	
0.4	5.4	42	118	5	3	2	120	2	120	0.003	0	0.003	0.003	60	0	60	60	
0.4	5.4	2	120	4	3	1	60	1	60	0.003	0	0.003	0.003	60	0	60	60	
0.4	5.4	10	121	13	3	149	772775	149	772775	0.0032349	0.00126485	0.003	0.01	5186.41	3320.7	45	9422	
0.4	5.4	47	122	13	3	1	60	1	60	0.01	0	0.01	0.01	60	0	60	60	
0.4	5.4	52	124	28	3	1	60	1	60	0.003	0	0.003	0.003	60	0	60	60	
0.4	5.4	43	125	3	3	213	352250	213	352250	0.00681221	0.00349426	0.003	0.01	1653.76	1127.17	60	6882	
0.4	5.4	45	126	1	3	2	120	2	120	0.0065	0.00494975	0.003	0.01	60	0	60	60	
0.4	5.4	10	128	3	3	309	1395374	309	1395374	0.003	0	0.003	0.003	4515.77	2412.46	45	9422	
0.4	5.4	53	130	1	3	3	180	3	180	0.00766667	0.00404145	0.003	0.01	60	0	60	60	
0.4	5.4	55	132	2	3	2	120	2	120	0.003	0	0.003	0.003	60	0	60	60	
0.4	5.4	53	134	7	3	4	240	4	240	0.00475	0.0035	0.003	0.01	60	0	60	60	
0.4	5.4	30	135	10	3	4	240	4	240	0.0065	0.00404145	0.003	0.01	60	0	60	60	
0.4	5.4	40	138	2	3	197	303704	197	303704	0.00388832	0.00233599	0.003	0.01	1541.64	1183.2	60	9422	
0.4	5.4	34	139	1	3	1	60	1	60	0.01	0	0.01	0.01	60	0	60	60	
0.4	5.4	50	141	2	3	3	180	3	180	0.00533333	0.00404145	0.003	0.01	60	0	60	60	
0.4	5.4	30	142	5	3	1	60	1	60	0.01	0	0.01	0.01	60	0	60	60	
0.4	5.4	42	145	6	3	4	240	4	240	0.003	0	0.003	0.003	60	0	60	60	
0.4	5.4	54	146	11	3	248	496712	248	496712	0.00336693	0.00156325	0.003	0.01	2002.87	1451.86	60	9422	
0.4	5.4	49	149	8	3	3	180	3	180	0.00766667	0.00404145	0.003	0.01	60	0	60	60	
0.4	5.4	7	150	2	3	265	845611	265	845611	0.00521887	0.00326326	0.003	0.01	3190.98	1470.04	60	9422	
0.4	5.4	4	152	1	3	751	1415093	751	1415093	0.0030466	0.000569642	0.003	0.01	1884.28	1042.88	60	9422	
0.4	5.4	8	154	1	3	4	240	4	240	0.003	0	0.003	0.003	60	0	60	60	
0.4	5.4	21	158	14	3	3	180	3	180	0.00533333	0.00404145	0.003	0.01	60	0	60	60	
0.4	5.4	29	159	2	3	3	180	3	180	0.00533333	0.00404145	0.003	0.01	60	0	60	60	
0.4	5.4	50	161	9	3	1	60	1	60	0.01	0	0.01	0.01	60	0	60	60	
0.4	5.4	19	162	9	3	215	1083477	215	1083477	0.003	0	0.003	0.003	5039.43	3001.22	45	9422	
0.4	5.4	13	163	14	3	1	60	1	60	0.01	0	0.01	0.01	60	0	60	60	
0.4	5.4	41	164	28	3	1	60	1	60	0.003	0	0.003	0.003	60	0	60	60	
0.4	5.4	23	167	6	3	1	60	1	60	0.01	0	0.01	0.01	60	0	60	60	
0.4	5.4	14	168	8	3	2	120	2	120	0.003	0	0.003	0.003	60	0	60	60	
0.4	5.4	56	169	3	3	1	60	1	60	0.01	0	0.01	0.01	60	0	60	60	
0.4	5.4	21	170	4	3	5	300	5	300	0.003	0	0.003	0.003	60	0	60	60	
0.4	5.4	1	172	27	3	2	120	2	120	0.01	0	0.01	0.01	60	0	60	60	
0.4	5.4	17	173	2	3	1	60	1	60	0.01	0	0.01	0.01	60	0	60	60	
0.4	5.4	47	174	1	3	5	300	5	300	0.0058	0.00383406	0.003	0.01	60	0	60	60	
0.4	5.4	42	175	15	3	1	60	1	60	0.01	0	0.01	0.01	60	0	60	60	
0.4	5.4	51	177	5	3	95	391790	95	391790	0.00683158	0.00350274	0.003	0.01	4124.11	3057.74	45	9422	
0.4	5.4	14	178	10	3	2	120	2	120	0.0065	0.00494975	0.003	0.01	60	0	60	60	
0.4	5.4	54	179	1	3	2	120	2	120	0.01	0	0.01	0.01	60	0	60	60	
0.4	5.4	11	180	10	3	7	14316	7	14316	0.004	0.00264575	0.003	0.01	2045.14	1816.4	60	5324	
0.4	5.4	23	186	9	3	2	120	2	120	0.01	0	0.01	0.01	60	0	60	60	
0.4	5.4	41	187	7	3	2	120	2	120	0.003	0	0.003	0.003	60	0	60	60	
0.4	5.4	1	188	2	3	1	60	1	60	0.003	0	0.003	0.003	60	0	60	60	
0.4	5.4	29	189	4	3	1	60	1	60	0.01	0	0.01	0.01	60	0	60	60	
0.4	5.4	37	190	4	3	185	945587	185	945587	0.003	0	0.003	0.003	5111.28	3168.56	45	9422	
0.4	5.4	19	191	10	3	27	133227	27	133227	0.003	0	0.003	0.003	4934.33	3074.74	60	9422	
0.4	5.4	48	192	9	3	3	180	3	180	0.00766667	0.00404145	0.003	0.01	60	0	60	60	
0.4	5.4	34	193	18	3	1	60	1	60	0.003	0	0.003	0.003	60	0	60	60	
0.4	5.4	54	194	6	3	1	60	1	60	0.01	0	0.01	0.01	60	0	60	60	
0.4	5.4	22	196	13	3	503	1144624	503	1144624	0.00473956	0.00302805	0.003	0.01	2275.59	1539.44	60	9422	
0.4	5.4	27	198	1	3	2	120	2	120	0.0065	0.00494975	0.003	0.01	60	0	60	60	
0.4	5.4	10	199	6	3	2	120	2	120	0.0065	0.00494975	0.003	0.01	60	0	60	60	
0.4	5.4	42	202	14	3	1	60	1	60	0.003	0	0.003	0.003	60	0	60	60	
0.4	5.4	18	203	1	3	2	120	2	120	0.01	0	0.01	0.01	60	0	60	60	
0.4	5.4	39	205	39	3	3	180	3	180	0.003	0	0.003	0.003	60	0	60	60	
0.4	5.4	25	206	3	3	9	540	10	600	0.0079	0.00338132	0.003	0.01	60	0	60	60	
0.4	5.4	48	207	5	3	2	652	2	652	0.0065	0.00494975	0.003	0.01	326	376.181	60	592	
0.4	5.4	1	210	15	3	3	180	3	180	0.003	0	0.003	0.003	60	0	60	60	
0.4	5.4	39	211	4	3	1	60	1	60	0.003	0	0.003	0.003	60	0	60	60	
0.4	5.4	55	213	9	3	235	359290	235	359290	0.003	0	0.003	0.003	1528.89	992.098	60	9422	
0.4	5.4	14	215	1	3	3	180	3	180	0.003	0	0.003	0.003	60	0	60	60	
0.4	5.4	43	216	1	3	1	60	1	60	0.01	0	0.01	0.01	60	0	60	60	
0.4	5.4	37	217	30	3	2	120	2	120	0.003	0	0.003	0.003	60	0	60	60	
0.4	5.4	21	220	8	3	105	336301	105	336301	0.003	0	0.003	0.003	3202.87	1916.78	60	9422	
0.4	5.4	52	222	18	3	2	120	2	120	0.003	0	0.003	0.003	60	0	60	60	
0.4	5.4	22	223	6	3	1	60	1	60	0.003	0	0.003	0.003	60	0	60	60	
0.4	5.4	22	227	12	3	315	468967	315	468967	0.00444444	0.0028373	0.003	0.01	1488.78	939.364	60	4736	
0.4	5.4	45	228	6	3	1	60	1	60	0.003	0	0.003	0.003	60	0	60	60	
0.4	5.4	42	230	10	3	2	652	2	652	0.003	0	0.003	0.003	326	376.181	60	592	
0.4	5.4	52	231	25	3	7	420	7	420	0.003	0	0.003	0.003	60	0	60	60	
0.4	5.4	11	232	6	3	4	240	4	240	0.01	0	0.01	0.01	60	0	60	60	
0.4	5.4	41	233	5	3	7	420	7	420	0.008	0.00341565	0.003	0.01	60	0	60	60	
0.4	5.4	7	235	6	3	296	1039080	296	1039080	0.00394594	0.00239713	0.003	0.01	3510.41	1952.82	60	9422	
0.4	5.4	54	236	3	3	133	742659	133	742659	0.003	0	0.003	0.003	5583.9	3502.43	45	9422	
0.4	5.4	10	237	7	3	1	60	1	60	0.003	0	0.003	0.003	60	0	60	60	
0.4	5.4	18	241	15	3	4	240	4	240	0.01	0	0.01	0.01	60	0	60	60	
0.4	5.4	6	242	8	3	26	71176	26	71176	0.003	0	0.003	0.003	2737.54	1315.57	60	5324	
0.4	5.4	3	245	3	3	176	407840	176	407840	0.00622159	0.00349886	0.003	0.01	2317.27	1868.95	60	9422	
0.4	5.4	30	247	6	3	3	180	3	180	0.00533333	0.00404145	0.003	0.01	60	0	60	60	
0.4	5.4	55	252	16	3	1	60	1	60	0.003	0	0.003	0.003	60	0	60	60	
0.4	5.4	16	254	6	3	268	609220	267	607445	0.00606741	0.00347969	0.003	0.01	2275.07	1586.08	60	9422	
0.4	5.4	52	255	4	3	5	300	5	300	0.003	0	0.003	0.003	60	0	60	60	
0.4	5.4	2	256	12	3	2	120	2	120	0.003	0	0.003	0.003	60	0	60	60	
0.4	5.4	1	259	45	3	2	120	2	120	0.003	0	0.003	0.003	60	0	60	60	
0.4	5.4	52	260	15	3	1	60	1	60	0.003	0	0.003	0.003	60	0	60	60	
0.4	5.4	53	261	5	3	824	1463158	822	1459607	0.00405596	0.00250685	0.003	0.01	1775.68	1069.86	60	9422	
0.4	5.4	42	262	2	3	1	60	1	60	0.01	0	0.01	0.01	60	0	60	60	
0.4	5.4	51	263	2	3	2	120	2	120	0.0065	0.00494975	0.003	0.01	60	0	60	60	
0.4	5.4	12	264	2	3	100	509488	100	509488	0.003	0	0.003	0.003	5094.88	2621.49	45	9422	
0.4	5.4	21	265	15	3	2	120	2	120	0.003	0	0.003	0.003	60	0	60	60	
0.4	5.4	1	268	39	3	1143	1441999	1143	1441999	0.00514961	0.00323041	0.003	0.01	1261.59	572.488	157	7708	
0.4	5.4	34	269	19	3	1414	1827490	1412	1825122	0.00447734	0.00285738	0.003	0.01	1292.58	288.6	60	3550	
0.4	5.4	9	272	3	3	133	613176	133	613176	0.003	0	0.003	0.003	4610.35	3103.73	45	9422	
0.4	5.4	10	275	2	3	1	60	1	60	0.003	0	0.003	0.003	60	0	60	60	
0.4	5.4	34	277	11	3	2	120	2	120	0.003	0	0.003	0.003	60	0	60	60	
0.4	5.4	2	278	16	3	1263	2549849	1263	2549849	0.003	0	0.003	0.003	2018.88	1358	56	9422	
0.4	5.4	52	279	11	3	41	154530	41	154530	0.003	0	0.003	0.003	3769.02	2680.24	60	9422	
0.4	5.4	39	280	40	3	1	60	1	60	0.003	0	0.003	0.003	60	0	60	60	
0.4	5.4	16	282	1	3	16	48045	16	48045	0.0060625	0.00358643	0.003	0.01	3002.81	2188.17	60	8030	
0.4	5.4	8	289	9	3	3	180	3	180	0.003	0	0.003	0.003	60	0	60	60	
0.4	5.4	55	291	13	3	1	60	1	60	0.003	0	0.003	0.003	60	0	60	60	
0.4	5.4	1	292	46	3	2	120	2	120	0.0065	0.00494975	0.003	0.01	60	0	60	60	
0.4	5.4	15	295	6	3	204	316884	204	316884	0.00780392	0.00325603	0.003	0.01	1553.35	914.607	60	7099	
0.4	5.4	22	297	2	3	2	120	2	120	0.003	0	0.003	0.003	60	0	60	60	
0.4	5.4	40	298	3	3	3	180	3	180	0.00766667	0.00404145	0.003	0.01	60	0	60	60	
0.4	5.4	40	299	5	3	116	594113	116	594113	0.003	0	0.003	0.003	5121.66	3174.41	45	9422	
0.4	5.4	16	300	4	3	4	772	4	772	0.0065	0.00404145	0.003	0.01	193	266	60	592	
0.4	5.4	1	302	24	3	50	56341	50	56341	0.00314	0.000989949	0.003	0.01	1126.82	506.776	60	1775	
0.4	5.4	22	304	10	3	7	420	7	420	0.005	0.00341565	0.003	0.01	60	0	60	60	
0.4	5.4	20	307	2	3	3	180	3	180	0.003	0	0.003	0.003	60	0	60	60	
0.4	5.4	16	310	3	3	349	1423329	349	1423329	0.0034212	0.00166703	0.003	0.01	4078.31	2139.3	45	9422	
0.4	5.4	4	313	5	3	2	120	2	120	0.003	0	0.003	0.003	60	0	60	60	
0.4	5.4	55	314	15	3	2	120	2	120	0.003	0	0.003	0.003	60	0	60	60	
0.4	5.4	15	315	4	3	2	120	2	120	0.003	0	0.003	0.003	60	0	60	60	
0.4	5.4	3	316	5	3	3	180	3	180	0.00533333	0.00404145	0.003	0.01	60	0	60	60	
0.4	5.4	11	319	7	3	2	120	2	120	0.0065	0.00494975	0.003	0.01	60	0	60	60	
0.4	5.4	1	320	16	3	1	60	1	60	0.01	0	0.01	0.01	60	0	60	60	
0.4	5.4	27	321	2	3	67	177013	67	177013	0.00310448	0.000855186	0.003	0.01	2641.99	1992.54	60	9422	
0.4	5.4	11	322	11	3	4	240	4	240	0.0065	0.00404145	0.003	0.01	60	0	60	60	
0.4	5.4	27	325	5	3	2	120	2	120	0.0065	0.00494975	0.003	0.01	60	0	60	60	
0.4	5.4	18	326	11	3	3	180	3	180	0.00766667	0.00404145	0.003	0.01	60	0	60	60	
0.4	5.4	26	327	9	3	1	60	1	60	0.003	0	0.003	0.003	60	0	60	60	
0.4	5.4	34	330	17	3	3	180	3	180	0.003	0	0.003	0.003	60	0	60	60	
0.4	5.4	5	331	50	3	6	360	6	360	0.00766667	0.00361478	0.003	0.01	60	0	60	60	
0.4	5.4	34	332	14	3	2	120	2	120	0.003	0	0.003	0.003	60	0	60	60	
0.4	5.4	29	334	7	3	501	2469040	501	2469040	0.00403393	0.00248613	0.003	0.01	4928.22	2686.28	45	9422	
0.4	5.4	52	335	20	3	2	120	2	120	0.003	0	0.003	0.003	60	0	60	60	
0.4	5.4	22	336	4	3	3	1892	3	1892	0.003	0	0.003	0.003	630.667	562.2	60	1184	
0.4	5.4	7	339	1	3	183	566951	183	566951	0.00410929	0.00256328	0.003	0.01	3098.09	1769.26	60	9422	
0.4	5.4	30	340	13	3	133	504841	133	504841	0.003	0	0.003	0.003	3795.8	2820.93	45	9422	
0.4	5.4	15	341	5	3	2	120	2	120	0.003	0	0.003	0.003	60	0	60	60	
0.4	5.4	21	344	1	3	1	60	1	60	0.003	0	0.003	0.003	60	0	60	60	
0.4	5.4	17	345	5	3	1	60	1	60	0.01	0	0.01	0.01	60	0	60	60	
0.4	5.4	54	346	4	3	3	180	3	180	0.00766667	0.00404145	0.003	0.01	60	0	60	60	
0.4	5.4	19	347	5	3	1	60	1	60	0.003	0	0.003	0.003	60	0	60	60	
0.4	5.4	4	348	3	3	2	120	2	120	0.003	0	0.003	0.003	60	0	60	60	
0.4	5.4	31	349	1	3	3	180	3	180	0.00533333	0.00404145	0.003	0.01	60	0	60	60	
0.4	5.4	15	350	8	3	2	120	2	120	0.003	0	0.003	0.003	60	0	60	60	
0.4	5.4	35	351	1	3	2	120	2	120	0.0065	0.00494975	0.003	0.01	60	0	60	60	
0.4	5.4	52	353	14	3	1	60	1	60	0.003	0	0.003	0.003	60	0	60	60	
0.4	5.4	51	354	4	3	234	1165123	234	1165123	0.003	0	0.003	0.003	4979.16	2671.14	45	9422	
0.4	5.4	27	357	6	3	273	1320108	271	1311234	0.003	0	0.003	0.003	4838.5	2329.6	60	9422	
0.4	5.4	14	358	2	3	181	907789	181	907789	0.003	0	0.003	0.003	5015.41	3246.19	45	9422	
0.4	5.4	2	363	17	3	3	180	3	180	0.00533333	0.00404145	0.003	0.01	60	0	60	60	
0.4	5.4	27	364	9	3	572	1474171	572	1474171	0.00308566	0.000770292	0.003	0.01	2577.22	1143.44	60	9422	
0.4	5.4	34	365	10	3	2	120	2	120	0.003	0	0.003	0.003	60	0	60	60	
0.4	5.4	4	366	2	3	3	180	3	180	0.00766667	0.00404145	0.003	0.01	60	0	60	60	
0.4	5.4	37	368	32	3	3	180	3	180	0.00766667	0.00404145	0.003	0.01	60	0	60	60	
0.4	5.4	17	369	8	3	3	180	3	180	0.00766667	0.00404145	0.003	0.01	60	0	60	60	
0.4	5.4	32	370	2	3	2	120	2	120	0.003	0	0.003	0.003	60	0	60	60	
0.4	5.4	21	371	2	3	155	268158	153	266382	0.003	0	0.003	0.003	1741.06	927.39	60	3550	
0.4	5.4	3	373	4	3	1	60	1	60	0.01	0	0.01	0.01	60	0	60	60	
0.4	5.4	3	375	7	3	3	180	3	180	0.00533333	0.00404145	0.003	0.01	60	0	60	60	
0.4	5.4	22	376	15	3	2	120	2	120	0.003	0	0.003	0.003	60	0	60	60	
0.4	5.4	2	379	6	3	3	180	3	180	0.003	0	0.003	0.003	60	0	60	60	
0.4	5.4	47	380	3	3	2	120	2	120	0.003	0	0.003	0.003	60	0	60	60	
0.4	5.4	37	381	8	3	4	240	4	240	0.003	0	0.003	0.003	60	0	60	60	
0.4	5.4	20	382	5	3	1	60	1	60	0.003	0	0.003	0.003	60	0	60	60	
0.4	5.4	53	383	11	3	106	291819	106	291819	0.00333019	0.00149106	0.003	0.01	2753.01	1368.76	60	9422	
0.4	5.4	21	386	11	3	1	60	1	60	0.003	0	0.003	0.003	60	0	60	60	
0.4	5.4	49	387	12	3	926	4149968	926	4149968	0.003	0	0.003	0.003	4481.61	1586.19	60	9422	
0.4	5.4	29	388	8	3	1	60	1	60	0.01	0	0.01	0.01	60	0	60	60	
0.4	5.4	18	389	16	3	1	60	1	60	0.003	0	0.003	0.003	60	0	60	60	
0.4	5.4	26	391	1	3	215	1060526	213	1051059	0.003	0	0.003	0.003	4934.55	3102.18	45	9422	
0.4	5.4	11	392	1	3	210	351585	210	351585	0.00526667	0.00328333	0.003	0.01	1674.21	970.743	60	5861	
0.4	5.4	25	393	5	3	338	1516538	338	1516538	0.003	0	0.003	0.003	4486.8	2254.91	60	9422	
0.4	5.4	38	394	10	3	108	346819	108	346819	0.00351852	0.00184179	0.003	0.01	3211.29	2559.81	60	9422	
0.4	5.4	52	397	13	3	2	120	2	120	0.003	0	0.003	0.003	60	0	60	60	
0.4	5.4	16	398	7	3	3	180	3	180	0.003	0	0.003	0.003	60	0	60	60	
0.4	5.4	5	399	40	3	1	60	1	60	0.003	0	0.003	0.003	60	0	60	60	
0.4	5.4	8	401	5	3	1	60	1	60	0.003	0	0.003	0.003	60	0	60	60	
0.4	5.4	52	402	29	3	3	180	3	180	0.003	0	0.003	0.003	60	0	60	60	
0.4	5.4	39	404	12	3	3	180	3	180	0.003	0	0.003	0.003	60	0	60	60	
0.4	5.4	2	405	15	3	1	60	1	60	0.003	0	0.003	0.003	60	0	60	60	
0.4	5.4	36	406	4	3	192	847298	192	847298	0.00318229	0.00111773	0.003	0.01	4413.01	2496.35	60	9422	
0.4	5.4	42	409	16	3	5	300	5	300	0.0072	0.00383406	0.003	0.01	60	0	60	60	
0.4	5.4	10	410	11	3	137	269978	136	268203	0.00552206	0.00337302	0.003	0.01	1972.08	683.62	60	5324	
0.4	5.4	22	411	8	3	2	120	2	120	0.0065	0.00494975	0.003	0.01	60	0	60	60	
0.4	5.4	53	412	2	3	138	561707	138	561707	0.003	0	0.003	0.003	4070.34	3015.81	45	9422	
0.4	5.4	52	413	17	3	2	120	2	120	0.003	0	0.003	0.003	60	0	60	60	
0.4	5.4	18	414	3	3	4	240	4	240	0.0065	0.00404145	0.003	0.01	60	0	60	60	
0.4	5.4	36	415	8	3	3	180	3	180	0.01	0	0.01	0.01	60	0	60	60	
0.4	5.4	31	416	2	3	2	120	2	120	0.003	0	0.003	0.003	60	0	60	60	
0.4	5.4	40	419	6	3	284	1204768	284	1204768	0.0036162	0.00198685	0.003	0.01	4242.14	2362.84	60	9422	
0.4	5.4	8	420	8	3	2	120	2	120	0.003	0	0.003	0.003	60	0	60	60	
0.4	5.4	39	421	33	3	1	60	1	60	0.003	0	0.003	0.003	60	0	60	60	
0.4	5.4	11	422	8	3	2	120	2	120	0.0065	0.00494975	0.003	0.01	60	0	60	60	
0.4	5.4	50	423	6	3	1	60	1	60	0.003	0	0.003	0.003	60	0	60	60	
0.4	5.4	55	425	12	3	1	60	1	60	0.003	0	0.003	0.003	60	0	60	60	
0.4	5.4	41	426	16	3	107	243433	107	243433	0.0033271	0.00148436	0.003	0.01	2275.07	1866.26	60	9422	
0.4	5.4	9	430	1	3	75	385864	75	385864	0.003	0	0.003	0.003	5144.85	3458.83	45	9422	
0.4	5.4	9	435	13	3	3	180	3	180	0.003	0	0.003	0.003	60	0	60	60	
0.4	5.4	45	436	3	3	138	473559	138	473559	0.00624638	0.00350352	0.003	0.01	3431.59	2025.08	60	9422	
0.4	5.4	24	438	15	3	1	60	1	60	0.01	0	0.01	0.01	60	0	60	60	
0.4	5.4	36	439	3	3	1	60	1	60	0.01	0	0.01	0.01	60	0	60	60	
0.4	5.4	19	443	12	3	5	300	5	300	0.003	0	0.003	0.003	60	0	60	60	
0.4	5.4	1	444	43	3	565	896744	565	896744	0.003	0	0.003	0.003	1587.16	668.644	60	4395	
0.4	5.4	48	447	3	3	1	60	1	60	0.003	0	0.003	0.003	60	0	60	60	
0.4	5.4	39	449	27	3	458	681859	458	681859	0.00304585	0.000565293	0.003	0.01	1488.78	309.887	60	1775	
0.4	5.4	52	450	12	3	2	120	2	120	0.003	0	0.003	0.003	60	0	60	60	
0.4	5.4	2	452	10	3	2	120	2	120	0.003	0	0.003	0.003	60	0	60	60	
0.4	5.4	39	453	35	3	1	60	1	60	0.003	0	0.003	0.003	60	0	60	60	
0.4	5.4	29	454	5	3	5	300	5	300	0.0072	0.00383406	0.003	0.01	60	0	60	60	
0.4	5.4	3	456	2	3	3	180	3	180	0.00533333	0.00404145	0.003	0.01	60	0	60	60	
0.4	5.4	5	457	34	3	3	180	3	180	0.003	0	0.003	0.003	60	0	60	60	
0.4	5.4	47	459	5	3	2	120	2	120	0.003	0	0.003	0.003	60	0	60	60	
0.4	5.4	33	460	4	3	166	1065590	166	1065590	0.00321084	0.00120005	0.003	0.01	6419.22	2983.85	45	9422	
0.4	5.4	34	461	2	3	2	120	2	120	0.003	0	0.003	0.003	60	0	60	60	
0.4	5.4	47	463	11	3	1	60	1	60	0.01	0	0.01	0.01	60	0	60	60	
0.4	5.4	13	465	13	3	4	240	4	240	0.003	0	0.003	0.003	60	0	60	60	
0.4	5.4	13	466	11	3	2	120	2	120	0.003	0	0.003	0.003	60	0	60	60	
0.4	5.4	37	468	16	3	1	60	1	60	0.003	0	0.003	0.003	60	0	60	60	
0.4	5.4	52	469	1	3	2	120	2	120	0.003	0	0.003	0.003	60	0	60	60	
0.4	5.4	37	472	18	3	1	60	1	60	0.003	0	0.003	0.003	60	0	60	60	
0.4	5.4	34	473	4	3	7	420	7	420	0.003	0	0.003	0.003	60	0	60	60	
0.4	5.4	31	474	7	3	4	240	4	240	0.003	0	0.003	0.003	60	0	60	60	
0.4	5.4	13	476	5	3	109	536141	109	536141	0.003	0	0.003	0.003	4918.72	2836.05	45	9422	
0.4	5.4	43	477	10	3	2	120	2	120	0.0065	0.00494975	0.003	0.01	60	0	60	60	
0.4	5.4	18	478	13	3	2	120	2	120	0.0065	0.00494975	0.003	0.01	60	0	60	60	
0.4	5.4	42	479	1	3	1	60	1	60	0.01	0	0.01	0.01	60	0	60	60	
0.4	5.4	17	483	7	3	284	753442	284	753442	0.00457746	0.00292986	0.003	0.01	2652.96	1840.44	60	9422	
0.4	5.4	39	485	13	3	1	60	1	60	0.01	0	0.01	0.01	60	0	60	60	
0.4	5.4	45	489	11	3	20	52193	20	52193	0.003	0	0.003	0.003	2609.65	2261.12	60	9422	
0.4	5.4	39	490	16	3	2	120	2	120	0.003	0	0.003	0.003	60	0	60	60	
0.4	5.4	54	491	7	3	2	120	2	120	0.0065	0.00494975	0.003	0.01	60	0	60	60	
0.4	5.4	30	493	14	3	3	712	3	712	0.00766667	0.00404145	0.003	0.01	237.333	307.15	60	592	
0.4	5.4	15	494	1	3	112	488337	112	488337	0.006875	0.00349549	0.003	0.01	4360.15	2412.76	45	9422	
0.4	5.4	30	495	7	3	413	512677	413	512677	0.00747458	0.00336565	0.003	0.01	1241.35	850.065	60	9422	
0.4	5.4	41	498	9	3	1	60	1	60	0.003	0	0.003	0.003	60	0	60	60	
0.4	5.4	52	499	19	3	2	120	2	120	0.003	0	0.003	0.003	60	0	60	60	
0.4	5.4	41	500	12	3	1	60	1	60	0.003	0	0.003	0.003	60	0	60	60	
0.4	5.4	37	501	15	3	2	120	2	120	0.003	0	0.003	0.003	60	0	60	60	
0.4	5.4	37	505	1	3	999	1923289	999	1923289	0.0031051	0.000851713	0.003	0.01	1925.21	1019.2	592	9422	
0.4	5.4	39	506	2	3	2	120	2	120	0.003	0	0.003	0.003	60	0	60	60	
0.4	5.4	25	507	10	3	1	60	1	60	0.01	0	0.01	0.01	60	0	60	60	
0.4	5.4	28	509	1	3	2	120	2	120	0.003	0	0.003	0.003	60	0	60	60	
0.4	5.4	53	510	10	3	3	180	3	180	0.00766667	0.00404145	0.003	0.01	60	0	60	60	
0.4	5.4	8	511	11	3	2	120	2	120	0.0065	0.00494975	0.003	0.01	60	0	60	60	
0.4	5.4	53	513	3	3	153	741590	153	741590	0.003	0	0.003	0.003	4846.99	3643.39	45	9422	
0.4	5.4	31	515	6	3	2	120	2	120	0.0065	0.00494975	0.003	0.01	60	0	60	60	
0.4	5.4	2	516	11	3	4	240	4	240	0.00475	0.0035	0.003	0.01	60	0	60	60	
0.4	5.4	38	518	13	3	4	240	4	240	0.00825	0.0035	0.003	0.01	60	0	60	60	
0.4	5.4	43	520	7	3	86	172314	86	172314	0.00609302	0.00396048	0.003	0.017	2003.65	1541.32	60	9422	
0.4	5.4	17	521	4	3	5	300	5	300	0.0058	0.00383406	0.003	0.01	60	0	60	60	
0.4	5.4	41	523	25	3	1	60	1	60	0.003	0	0.003	0.003	60	0	60	60	
0.4	5.4	30	524	3	3	1	60	1	60	0.01	0	0.01	0.01	60	0	60	60	
0.4	5.4	31	525	9	3	1	60	1	60	0.003	0	0.003	0.003	60	0	60	60	
0.4	5.4	52	528	7	3	6	360	6	360	0.003	0	0.003	0.003	60	0	60	60	
0.4	5.4	55	529	11	3	1	60	1	60	0.003	0	0.003	0.003	60	0	60	60	
0.4	5.4	12	531	4	3	2	120	2	120	0.01	0	0.01	0.01	60	0	60	60	
0.4	5.4	22	532	14	3	24	52790	24	52790	0.005625	0.00497658	0.003	0.017	2199.58	1192.49	60	3550	
0.4	5.4	39	534	10	3	5	300	5	300	0.003	0	0.003	0.003	60	0	60	60	
0.4	5.4	41	535	21	3	1	60	1	60	0.003	0	0.003	0.003	60	0	60	60	
0.4	5.4	4	538	7	3	5	5442	5	5442	0.003	0	0.003	0.003	1088.4	742.216	60	1775	
0.4	5.4	34	540	6	3	5	300	5	300	0.003	0	0.003	0.003	60	0	60	60	
0.4	5.4	17	543	3	3	2	120	2	120	0.01	0	0.01	0.01	60	0	60	60	
0.4	5.4	39	544	31	3	3	180	3	180	0.003	0	0.003	0.003	60	0	60	60	
0.4	5.4	41	545	8	3	4	240	4	240	0.003	0	0.003	0.003	60	0	60	60	
0.4	5.4	38	546	6	3	1	60	1	60	0.01	0	0.01	0.01	60	0	60	60	
0.4	5.4	39	553	26	3	5	300	5	300	0.003	0	0.003	0.003	60	0	60	60	
0.4	5.4	8	554	6	3	4	240	4	240	0.00825	0.0035	0.003	0.01	60	0	60	60	
0.4	5.4	25	555	7	3	2	120	2	120	0.0065	0.00494975	0.003	0.01	60	0	60	60	
0.4	5.4	48	556	2	3	1	60	1	60	0.003	0	0.003	0.003	60	0	60	60	
0.4	5.4	41	557	39	3	3	180	3	180	0.003	0	0.003	0.003	60	0	60	60	
0.4	5.4	38	558	7	3	571	2789295	571	2789295	0.003	0	0.003	0.003	4884.93	2439.69	60	9422	
0.4	5.4	38	559	5	3	1	60	1	60	0.003	0	0.003	0.003	60	0	60	60	
0.4	5.4	44	560	1	3	1	60	1	60	0.003	0	0.003	0.003	60	0	60	60	
0.4	5.4	6	561	3	3	1	60	1	60	0.01	0	0.01	0.01	60	0	60	60	
0.4	5.4	53	562	8	3	3	180	3	180	0.003	0	0.003	0.003	60	0	60	60	
0.4	5.4	25	563	6	3	1	60	1	60	0.01	0	0.01	0.01	60	0	60	60	
0.4	5.4	39	564	36	3	5	300	5	300	0.003	0	0.003	0.003	60	0	60	60	
0.4	5.4	42	565	17	3	1	60	1	60	0.003	0	0.003	0.003	60	0	60	60	
0.4	5.4	38	566	12	3	2	120	2	120	0.0065	0.00494975	0.003	0.01	60	0	60	60	
0.4	5.4	37	569	31	3	2	120	2	120	0.003	0	0.003	0.003	60	0	60	60	
0.4	5.4	11	570	4	3	4	240	4	240	0.0065	0.00404145	0.003	0.01	60	0	60	60	
0.4	5.4	55	571	3	3	3	180	3	180	0.003	0	0.003	0.003	60	0	60	60	
0.4	5.4	35	572	2	3	5	300	5	300	0.0086	0.0031305	0.003	0.01	60	0	60	60	
0.4	5.4	37	573	25	3	2	120	2	120	0.0065	0.00494975	0.003	0.01	60	0	60	60	
0.4	5.4	40	574	4	3	2	120	2	120	0.01	0	0.01	0.01	60	0	60	60	
0.4	5.4	45	577	12	3	274	1342195	274	1342195	0.00376642	0.00227025	0.003	0.017	4898.52	3058.99	45	9422	
0.4	5.4	52	579	30	3	2	120	2	120	0.0065	0.00494975	0.003	0.01	60	0	60	60	
0.4	5.4	52	580	26	3	2	120	2	120	0.003	0	0.003	0.003	60	0	60	60	
0.4	5.4	44	584	2	3	256	1430755	256	1430755	0.003	0	0.003	0.003	5588.89	3346.36	45	9422	
0.4	5.4	2	586	14	3	2	120	2	120	0.003	0	0.003	0.003	60	0	60	60	
0.4	5.4	39	591	37	3	1	60	1	60	0.003	0	0.003	0.003	60	0	60	60	
0.4	5.4	45	592	5	3	200	550489	200	550489	0.00384	0.00228044	0.003	0.01	2752.45	1714.93	60	9422	
0.4	5.4	33	593	5	3	1	60	1	60	0.01	0	0.01	0.01	60	0	60	60	
0.4	5.4	15	595	12	3	2	120	2	120	0.003	0	0.003	0.003	60	0	60	60	
0.4	5.4	48	597	4	3	2	120	2	120	0.003	0	0.003	0.003	60	0	60	60	
0.4	5.4	42	598	3	3	2	120	2	120	0.01	0	0.01	0.01	60	0	60	60	
0.4	5.4	19	600	7	3	1	60	1	60	0.01	0	0.01	0.01	60	0	60	60	
0.4	5.4	43	603	9	3	2	120	2	120	0.01	0	0.01	0.01	60	0	60	60	
0.4	5.4	28	605	4	3	3	180	3	180	0.01	0	0.01	0.01	60	0	60	60	
0.4	5.4	41	606	22	3	216	628372	216	628372	0.003	0	0.003	0.003	2909.13	1487.71	592	9422	
0.4	5.4	37	607	22	3	4	240	4	240	0.0065	0.00404145	0.003	0.01	60	0	60	60	
0.4	5.4	34	610	9	3	2	120	2	120	0.0065	0.00494975	0.003	0.01	60	0	60	60	
0.4	5.4	35	611	3	3	2	120	2	120	0.01	0	0.01	0.01	60	0	60	60	
0.4	5.4	52	613	6	3	1	60	1	60	0.003	0	0.003	0.003	60	0	60	60	
0.4	5.4	43	615	12	3	157	294848	157	294848	0.00799363	0.00317542	0.003	0.01	1878.01	1566.39	45	9422	
0.4	5.4	5	618	46	3	4	240	4	240	0.00825	0.0035	0.003	0.01	60	0	60	60	
0.4	5.4	37	619	7	3	1	60	1	60	0.01	0	0.01	0.01	60	0	60	60	
0.4	5.4	41	620	38	3	2	120	2	120	0.003	0	0.003	0.003	60	0	60	60	
0.4	5.4	2	621	18	3	2	120	2	120	0.0065	0.00494975	0.003	0.01	60	0	60	60	
0.4	5.4	8	622	2	3	5	300	5	300	0.003	0	0.003	0.003	60	0	60	60	
0.4	5.4	54	624	9	3	3	180	3	180	0.00766667	0.00404145	0.003	0.01	60	0	60	60	
0.4	5.4	19	625	1	3	4	240	4	240	0.0065	0.00404145	0.003	0.01	60	0	60	60	
0.4	5.4	41	626	2	3	3	180	3	180	0.003	0	0.003	0.003	60	0	60	60	
0.4	5.4	41	627	32	3	2	120	2	120	0.003	0	0.003	0.003	60	0	60	60	
0.4	5.4	39	629	8	3	1	60	1	60	0.003	0	0.003	0.003	60	0	60	60	
0.4	5.4	10	630	8	3	65	310722	65	310722	0.003	0	0.003	0.003	4780.34	2943.77	45	9422	
0.4	5.4	49	632	6	3	4	240	4	240	0.00475	0.0035	0.003	0.01	60	0	60	60	
0.4	5.4	24	633	14	3	277	355845	277	355845	0.00575451	0.00347731	0.003	0.017	1284.64	1377.35	60	9422	
0.4	5.4	47	634	7	3	1	60	1	60	0.01	0	0.01	0.01	60	0	60	60	
0.4	5.4	9	635	8	3	2	120	2	120	0.003	0	0.003	0.003	60	0	60	60	
0.4	5.4	47	638	9	3	1	60	1	60	0.01	0	0.01	0.01	60	0	60	60	
0.4	5.4	15	639	3	3	3	180	3	180	0.00766667	0.00404145	0.003	0.01	60	0	60	60	
0.4	5.4	57	641	4	3	2	120	2	120	0.0065	0.00494975	0.003	0.01	60	0	60	60	
0.4	5.4	4	642	10	3	1	60	1	60	0.003	0	0.003	0.003	60	0	60	60	
0.4	5.4	47	643	6	3	1347	3177431	1345	3175063	0.00418141	0.00262284	0.003	0.01	2360.64	909.121	56	9422	
0.4	5.4	37	646	27	3	2	120	2	120	0.003	0	0.003	0.003	60	0	60	60	
0.4	5.4	18	648	14	3	230	640878	229	640286	0.00465065	0.00297803	0.003	0.01	2796.01	2399.04	60	9422	
0.4	5.4	30	649	1	3	2	120	2	120	0.0065	0.00494975	0.003	0.01	60	0	60	60	
0.4	5.4	37	650	3	3	5	300	5	300	0.0044	0.0031305	0.003	0.01	60	0	60	60	
0.4	5.4	13	651	3	3	741	1353639	738	1343578	0.00472629	0.00301932	0.003	0.01	1820.57	1118.39	60	9422	
0.4	5.4	27	652	4	3	3	180	3	180	0.00766667	0.00404145	0.003	0.01	60	0	60	60	
0.4	5.4	39	653	9	3	1	60	1	60	0.003	0	0.003	0.003	60	0	60	60	
0.4	5.4	18	654	4	3	1	60	1	60	0.003	0	0.003	0.003	60	0	60	60	
0.4	5.4	41	655	43	3	1	60	1	60	0.003	0	0.003	0.003	60	0	60	60	
0.4	5.4	18	656	12	3	3	180	3	180	0.00766667	0.00404145	0.003	0.01	60	0	60	60	
0.4	5.4	25	658	1	3	5	300	5	300	0.0058	0.00383406	0.003	0.01	60	0	60	60	
0.4	5.4	52	659	21	3	2	120	2	120	0.003	0	0.003	0.003	60	0	60	60	
0.4	5.4	1	662	29	3	2	120	2	120	0.003	0	0.003	0.003	60	0	60	60	
0.4	5.4	1	663	7	3	2	120	2	120	0.01	0	0.01	0.01	60	0	60	60	
0.4	5.4	5	665	45	3	1	60	1	60	0.003	0	0.003	0.003	60	0	60	60	
0.4	5.4	5	666	14	3	1	60	1	60	0.01	0	0.01	0.01	60	0	60	60	
0.4	5.4	24	667	7	3	1	60	1	60	0.01	0	0.01	0.01	60	0	60	60	
0.4	5.4	24	670	2	3	1	60	1	60	0.003	0	0.003	0.003	60	0	60	60	
0.4	5.4	5	671	12	3	2	120	2	120	0.01	0	0.01	0.01	60	0	60	60	
0.4	5.4	43	672	8	3	266	987142	266	987142	0.00626316	0.00349856	0.003	0.01	3711.06	2337.81	45	9422	
0.4	5.4	24	673	13	3	139	220302	139	220302	0.00481295	0.00307766	0.003	0.01	1584.91	1056.22	60	5324	
0.4	5.4	1	675	14	3	1	60	1	60	0.003	0	0.003	0.003	60	0	60	60	
0.4	5.4	5	677	13	3	647	884423	647	884423	0.00501236	0.00317056	0.003	0.01	1366.96	519.199	60	9422	
0.4	5.4	1	678	36	3	3	180	3	180	0.00533333	0.00404145	0.003	0.01	60	0	60	60	
0.4	5.4	5	679	24	3	3	180	3	180	0.00533333	0.00404145	0.003	0.01	60	0	60	60	
0.4	5.4	1	680	9	3	1	60	1	60	0.01	0	0.01	0.01	60	0	60	60	
0.4	5.4	5	682	15	3	270	247607	270	247607	0.00554074	0.00401348	0.003	0.017	917.063	628.776	60	4395	
0.4	5.4	1	684	33	3	2	120	2	120	0.003	0	0.003	0.003	60	0	60	60	
0.4	5.4	5	685	30	3	2	120	2	120	0.003	0	0.003	0.003	60	0	60	60	
0.4	5.4	1	686	3	3	5	300	5	300	0.0072	0.00383406	0.003	0.01	60	0	60	60	
0.4	5.4	5	687	26	3	169	360505	169	360505	0.003	0	0.003	0.003	2133.17	1464.01	60	9422	
0.4	5.4	5	689	42	3	2	120	2	120	0.0065	0.00494975	0.003	0.01	60	0	60	60	
0.4	5.4	5	690	6	3	2	120	2	120	0.003	0	0.003	0.003	60	0	60	60	
0.4	5.4	1	692	1	3	2	120	2	120	0.0065	0.00494975	0.003	0.01	60	0	60	60	
0.4	5.4	43	693	6	3	114	322831	114	322831	0.00631579	0.00351058	0.003	0.01	2831.85	2278.78	60	9422	
0.4	5.4	5	694	31	3	126	337424	126	337424	0.003	0	0.003	0.003	2677.97	1743.28	60	9422	
0.4	5.4	1	696	5	3	6	360	6	360	0.00533333	0.00361478	0.003	0.01	60	0	60	60	
0.4	5.4	5	699	28	3	1	60	1	60	0.01	0	0.01	0.01	60	0	60	60	
0.4	5.4	1	700	34	3	88	104882	88	104882	0.00451136	0.00289667	0.003	0.01	1191.84	382.653	60	1775	
0.4	5.4	5	701	7	3	2	120	2	120	0.0065	0.00494975	0.003	0.01	60	0	60	60	
0.4	5.4	24	702	3	3	5	300	5	300	0.0058	0.00383406	0.003	0.01	60	0	60	60	
0.4	5.4	1	705	35	3	272	424433	272	424433	0.00464706	0.00297475	0.003	0.01	1560.42	516.329	60	4395	
0.4	5.4	5	706	4	3	2	120	2	120	0.003	0	0.003	0.003	60	0	60	60	
0.4	5.4	1	707	11	3	2	120	2	120	0.0065	0.00494975	0.003	0.01	60	0	60	60	
0.4	5.4	6	708	9	3	2	120	2	120	0.01	0	0.01	0.01	60	0	60	60	
0.4	5.4	5	709	23	3	305	377690	305	377690	0.00488197	0.00310864	0.003	0.01	1238.33	612.783	60	3550	
0.4	5.4	1	710	38	3	383	423984	382	422800	0.003	0	0.003	0.003	1106.81	1088.11	45	9422	
0.4	5.4	30	711	11	3	3	180	3	180	0.00533333	0.00404145	0.003	0.01	60	0	60	60	
0.4	5.4	6	714	6	3	1	60	1	60	0.003	0	0.003	0.003	60	0	60	60	
0.4	5.4	1	715	10	3	1	60	1	60	0.01	0	0.01	0.01	60	0	60	60	
0.4	5.4	1	717	41	3	169	198957	169	198957	0.003	0	0.003	0.003	1177.26	679.904	60	4736	
0.4	5.4	6	718	5	3	8	480	8	480	0.00825	0.00324037	0.003	0.01	60	0	60	60	
0.4	5.4	1	719	42	3	2	120	2	120	0.003	0	0.003	0.003	60	0	60	60	
0.4	5.4	24	722	9	3	120	479513	120	479513	0.003	0	0.003	0.003	3995.94	3074.86	45	9422	
0.4	5.4	6	724	4	3	1	60	1	60	0.01	0	0.01	0.01	60	0	60	60	
0.4	5.4	5	725	39	3	81	102036	81	102036	0.00403704	0.00250222	0.003	0.01	1259.7	603.908	23	2958	
0.4	5.4	1	726	44	3	7	420	7	420	0.007	0.00374166	0.003	0.01	60	0	60	60	
0.4	5.4	5	727	21	3	574	902049	574	902049	0.00619512	0.00348974	0.003	0.01	1571.51	547.477	43	5324	
0.4	5.4	24	728	8	3	126	405432	126	405432	0.00611111	0.00349221	0.003	0.01	3217.71	2627.27	45	9422	
0.4	5.4	25	729	9	3	1	592	1	592	0.01	0	0.01	0.01	592	0	592	592	
0.4	5.4	5	730	27	3	2	120	2	120	0.003	0	0.003	0.003	60	0	60	60	
0.4	5.4	24	731	12	3	422	636439	422	636439	0.00577014	0.00342712	0.003	0.01	1508.15	469.403	60	5324	
0.4	5.4	5	733	35	3	2	120	2	120	0.0065	0.00494975	0.003	0.01	60	0	60	60	
0.4	5.4	24	734	5	3	60	59424	60	59424	0.00731667	0.00343211	0.003	0.01	990.4	531.851	60	1775	
0.4	5.4	24	735	19	3	217	303868	217	303868	0.00577419	0.00343183	0.003	0.01	1400.31	1197.75	60	9422	
0.4	5.4	5	736	22	3	5	300	5	300	0.0058	0.00383406	0.003	0.01	60	0	60	60	
0.4	5.4	5	737	20	3	335	498402	335	498402	0.00460895	0.00294956	0.003	0.01	1487.77	584.36	60	4395	
0.4	5.4	1	739	28	3	3	180	3	180	0.00533333	0.00404145	0.003	0.01	60	0	60	60	
0.4	5.4	24	741	6	3	157	231667	157	231667	0.00634395	0.00350771	0.003	0.01	1475.59	1070.04	60	5916	
0.4	5.4	24	742	16	3	1	60	1	60	0.003	0	0.003	0.003	60	0	60	60	
0.4	5.4	5	743	16	3	2	120	2	120	0.01	0	0.01	0.01	60	0	60	60	
0.4	5.4	1	745	12	3	1	60	1	60	0.01	0	0.01	0.01	60	0	60	60	
0.4	5.4	1	746	6	3	1	60	1	60	0.003	0	0.003	0.003	60	0	60	60	
0.4	5.4	5	747	9	3	555	767200	555	767200	0.00423604	0.00267158	0.003	0.01	1382.34	536.562	60	9422	
0.4	5.4	5	749	2	3	1	60	1	60	0.003	0	0.003	0.003	60	0	60	60	
