% start	end	CellId	IMSI	RNTI	LCID	nTxPDUs	TxBytes	nRxPDUs	RxBytes	delay	stdDev	min	max	PduSize	stdDev	min	max
0.4	5.4	35	1	1	3	164	765675	164	765675	0.003	0	0.003	0.003	4668.75	2082.28	60	9422	
0.4	5.4	2	2	2	3	1	60	1	60	0.003	0	0.003	0.003	60	0	60	60	
0.4	5.4	2	3	4	3	1	60	1	60	0.003	0	0.003	0.003	60	0	60	60	
0.4	5.4	27	4	4	3	167	771719	167	771719	0.00434132	0.0027633	0.003	0.01	4621.07	2295.44	60	9422	
0.4	5.4	33	5	6	3	318	748648	318	748648	0.00484906	0.00309102	0.003	0.01	2354.24	1318.17	60	7317	
0.4	5.4	3	6	4	3	2	120	2	120	0.0065	0.00494975	0.003	0.01	60	0	60	60	
0.4	5.4	41	7	26	3	2	120	2	120	0.003	0	0.003	0.003	60	0	60	60	
0.4	5.4	37	8	19	3	1	60	1	60	0.003	0	0.003	0.003	60	0	60	60	
0.4	5.4	2	9	9	3	2	120	2	120	0.003	0	0.003	0.003	60	0	60	60	
0.4	5.4	49	11	1	3	2	120	2	120	0.0065	0.00494975	0.003	0.01	60	0	60	60	
0.4	5.4	8	13	8	3	121	587719	121	587719	0.003	0	0.003	0.003	4857.18	3124.12	45	9422	
0.4	5.4	55	18	28	3	4	240	4	240	0.00475	0.0035	0.003	0.01	60	0	60	60	
0.4	5.4	48	19	2	3	3	180	3	180	0.00533333	0.00404145	0.003	0.01	60	0	60	60	
0.4	5.4	49	22	3	3	1367	2800711	1365	2798343	0.00398974	0.00243987	0.003	0.01	2050.07	1139.72	60	9422	
0.4	5.4	18	23	12	3	206	407202	206	407202	0.00500485	0.00317228	0.003	0.01	1976.71	885.759	60	7708	
0.4	5.4	52	25	10	3	3	180	3	180	0.00533333	0.00404145	0.003	0.01	60	0	60	60	
0.4	5.4	47	27	1	3	6	360	6	360	0.00766667	0.00361478	0.003	0.01	60	0	60	60	
0.4	5.4	7	29	3	3	5	300	5	300	0.0072	0.00383406	0.003	0.01	60	0	60	60	
0.4	5.4	5	30	1	3	1	60	1	60	0.01	0	0.01	0.01	60	0	60	60	
0.4	5.4	17	32	5	3	1	60	1	60	0.01	0	0.01	0.01	60	0	60	60	
0.4	5.4	14	33	11	3	2	120	2	120	0.003	0	0.003	0.003	60	0	60	60	
0.4	5.4	41	34	38	3	3	180	3	180	0.003	0	0.003	0.003	60	0	60	60	
0.4	5.4	18	36	2	3	259	972848	259	972848	0.00364865	0.00203366	0.003	0.01	3756.17	2255.54	45	9422	
0.4	5.4	18	37	10	3	52	132098	52	132098	0.003	0	0.003	0.003	2540.35	1559.05	60	7099	
0.4	5.4	1	38	13	3	3	180	3	180	0.003	0	0.003	0.003	60	0	60	60	
0.4	5.4	14	39	4	3	1	60	1	60	0.01	0	0.01	0.01	60	0	60	60	
0.4	5.4	57	40	3	3	2	120	2	120	0.0065	0.00494975	0.003	0.01	60	0	60	60	
0.4	5.4	12	41	2	3	2	120	2	120	0.0065	0.00494975	0.003	0.01	60	0	60	60	
0.4	5.4	42	42	4	3	1	60	1	60	0.003	0	0.003	0.003	60	0	60	60	
0.4	5.4	41	45	12	3	1	60	1	60	0.003	0	0.003	0.003	60	0	60	60	
0.4	5.4	7	46	6	3	2	120	2	120	0.003	0	0.003	0.003	60	0	60	60	
0.4	5.4	18	48	5	3	2	120	2	120	0.003	0	0.003	0.003	60	0	60	60	
0.4	5.4	11	49	1	3	1	60	1	60	0.01	0	0.01	0.01	60	0	60	60	
0.4	5.4	37	50	25	3	2	120	2	120	0.003	0	0.003	0.003	60	0	60	60	
0.4	5.4	33	51	8	3	396	1520701	396	1520701	0.00315909	0.00104455	0.003	0.01	3840.15	2044.01	60	9422	
0.4	5.4	39	53	53	3	2	120	2	120	0.003	0	0.003	0.003	60	0	60	60	
0.4	5.4	41	54	7	3	2	120	2	120	0.003	0	0.003	0.003	60	0	60	60	
0.4	5.4	39	56	16	3	1	60	1	60	0.01	0	0.01	0.01	60	0	60	60	
0.4	5.4	41	57	18	3	150	262817	150	262817	0.00435333	0.00277365	0.003	0.01	1752.11	173.439	60	1775	
0.4	5.4	21	58	2	3	2	120	2	120	0.003	0	0.003	0.003	60	0	60	60	
0.4	5.4	44	62	4	3	4	240	4	240	0.0065	0.00404145	0.003	0.01	60	0	60	60	
0.4	5.4	53	64	6	3	2	120	2	120	0.01	0	0.01	0.01	60	0	60	60	
0.4	5.4	39	65	24	3	1	60	1	60	0.003	0	0.003	0.003	60	0	60	60	
0.4	5.4	43	66	1	3	2	120	2	120	0.0065	0.00494975	0.003	0.01	60	0	60	60	
0.4	5.4	44	67	7	3	1	60	1	60	0.003	0	0.003	0.003	60	0	60	60	
0.4	5.4	18	68	1	3	599	1017439	599	1017439	0.00358431	0.00193778	0.003	0.01	1698.56	823.116	60	7099	
0.4	5.4	30	69	5	3	3	180	3	180	0.00533333	0.00404145	0.003	0.01	60	0	60	60	
0.4	5.4	52	70	1	3	1	60	1	60	0.01	0	0.01	0.01	60	0	60	60	
0.4	5.4	57	72	2	3	53	112546	53	112546	0.00577358	0.00345655	0.003	0.01	2123.51	1036.56	60	5324	
0.4	5.4	31	73	3	3	1	60	1	60	0.01	0	0.01	0.01	60	0	60	60	
0.4	5.4	41	75	25	3	1	60	1	60	0.003	0	0.003	0.003	60	0	60	60	
0.4	5.4	8	76	10	3	1	60	1	60	0.003	0	0.003	0.003	60	0	60	60	
0.4	5.4	11	77	12	3	56	258660	56	258660	0.003	0	0.003	0.003	4618.93	3082.43	45	9422	
0.4	5.4	55	79	20	3	2	120	2	120	0.003	0	0.003	0.003	60	0	60	60	
0.4	5.4	4	82	11	3	74	347998	74	347998	0.003	0	0.003	0.003	4702.68	2672.08	45	9422	
0.4	5.4	8	84	7	3	348	1361462	348	1361462	0.003	0	0.003	0.003	3912.25	2384.14	60	9422	
0.4	5.4	42	85	8	3	2	120	2	120	0.003	0	0.003	0.003	60	0	60	60	
0.4	5.4	55	87	17	3	62	110171	62	110171	0.003	0	0.003	0.003	1776.95	390.973	60	3550	
0.4	5.4	55	89	18	3	1	60	1	60	0.003	0	0.003	0.003	60	0	60	60	
0.4	5.4	11	90	14	3	1	60	1	60	0.01	0	0.01	0.01	60	0	60	60	
0.4	5.4	19	91	7	3	1	592	1	592	0.003	0	0.003	0.003	592	0	592	592	
0.4	5.4	52	92	23	3	2	120	2	120	0.003	0	0.003	0.003	60	0	60	60	
0.4	5.4	47	93	4	3	716	3487405	716	3487405	0.00315642	0.00103537	0.003	0.01	4870.68	2082.24	60	9422	
0.4	5.4	52	94	26	3	1	60	1	60	0.003	0	0.003	0.003	60	0	60	60	
0.4	5.4	51	95	8	3	1	592	1	592	0.003	0	0.003	0.003	592	0	592	592	
0.4	5.4	14	97	6	3	1	60	1	60	0.003	0	0.003	0.003	60	0	60	60	
0.4	5.4	3	98	7	3	1	60	1	60	0.003	0	0.003	0.003	60	0	60	60	
0.4	5.4	41	99	37	3	2	120	2	120	0.003	0	0.003	0.003	60	0	60	60	
0.4	5.4	41	101	44	3	909	1088151	908	1086967	0.0064152	0.0035009	0.003	0.01	1197.1	228.169	60	3550	
0.4	5.4	39	102	48	3	3	180	3	180	0.003	0	0.003	0.003	60	0	60	60	
0.4	5.4	24	103	31	3	1	60	1	60	0.01	0	0.01	0.01	60	0	60	60	
0.4	5.4	38	104	4	3	72	395313	72	395313	0.003	0	0.003	0.003	5490.46	3287.95	45	9422	
0.4	5.4	8	105	3	3	270	964606	269	963422	0.003	0	0.003	0.003	3581.49	2097.39	60	9422	
0.4	5.4	16	106	12	3	1	60	1	60	0.01	0	0.01	0.01	60	0	60	60	
0.4	5.4	15	107	6	3	31	146254	31	146254	0.00458064	0.00297517	0.003	0.01	4717.87	3052.3	60	9422	
0.4	5.4	5	108	42	3	799	1145026	798	1143842	0.00448246	0.00286178	0.003	0.01	1433.39	1289.89	60	9422	
0.4	5.4	52	114	8	3	2	120	2	120	0.0065	0.00494975	0.003	0.01	60	0	60	60	
0.4	5.4	14	115	9	3	1	60	1	60	0.003	0	0.003	0.003	60	0	60	60	
0.4	5.4	22	116	6	3	55	169326	55	169326	0.00325454	0.00132243	0.003	0.01	3078.65	2566.86	60	9422	
0.4	5.4	37	117	8	3	5	832	5	832	0.003	0	0.003	0.003	166.4	237.918	60	592	
0.4	5.4	6	118	2	3	1	60	1	60	0.01	0	0.01	0.01	60	0	60	60	
0.4	5.4	12	119	3	3	1	60	1	60	0.003	0	0.003	0.003	60	0	60	60	
0.4	5.4	42	121	10	3	2	120	2	120	0.0065	0.00494975	0.003	0.01	60	0	60	60	
0.4	5.4	10	124	3	3	2	120	2	120	0.003	0	0.003	0.003	60	0	60	60	
0.4	5.4	48	126	3	3	2	652	2	652	0.0065	0.00494975	0.003	0.01	326	376.181	60	592	
0.4	5.4	4	132	2	3	47	156319	47	156319	0.00389362	0.00236123	0.003	0.01	3325.94	1388.17	60	5324	
0.4	5.4	37	134	21	3	2	120	2	120	0.003	0	0.003	0.003	60	0	60	60	
0.4	5.4	22	135	5	3	61	244469	61	244469	0.003	0	0.003	0.003	4007.69	2618.47	60	9422	
0.4	5.4	34	137	5	3	1	60	1	60	0.003	0	0.003	0.003	60	0	60	60	
0.4	5.4	1	138	18	3	2	120	2	120	0.003	0	0.003	0.003	60	0	60	60	
0.4	5.4	16	139	9	3	2	120	2	120	0.003	0	0.003	0.003	60	0	60	60	
0.4	5.4	27	140	6	3	1	60	1	60	0.01	0	0.01	0.01	60	0	60	60	
0.4	5.4	39	141	46	3	1	60	1	60	0.003	0	0.003	0.003	60	0	60	60	
0.4	5.4	1	146	28	3	1	60	1	60	0.01	0	0.01	0.01	60	0	60	60	
0.4	5.4	45	147	4	3	142	427282	142	427282	0.00354225	0.00187792	0.003	0.01	3009.03	2150.85	60	9422	
0.4	5.4	29	150	2	3	5	300	5	300	0.0044	0.0031305	0.003	0.01	60	0	60	60	
0.4	5.4	5	151	33	3	358	501644	356	499276	0.00301966	0.000370999	0.003	0.01	1402.46	1068.87	60	9422	
0.4	5.4	18	152	9	3	25	59295	25	59295	0.00468	0.00305123	0.003	0.01	2371.8	2290.46	60	9422	
0.4	5.4	15	153	1	3	1	60	1	60	0.003	0	0.003	0.003	60	0	60	60	
0.4	5.4	14	156	8	3	147	735507	147	735507	0.00314286	0.000993127	0.003	0.01	5003.45	3103.06	45	9422	
0.4	5.4	2	157	11	3	3	180	3	180	0.003	0	0.003	0.003	60	0	60	60	
0.4	5.4	54	158	4	3	1	60	1	60	0.01	0	0.01	0.01	60	0	60	60	
0.4	5.4	17	159	7	3	1	60	1	60	0.01	0	0.01	0.01	60	0	60	60	
0.4	5.4	36	160	4	3	2	120	2	120	0.0065	0.00494975	0.003	0.01	60	0	60	60	
0.4	5.4	44	161	1	3	104	477564	104	477564	0.003	0	0.003	0.003	4591.96	2866.64	45	9422	
0.4	5.4	28	162	9	3	207	811272	207	811272	0.00310145	0.0008386	0.003	0.01	3919.19	2553.63	45	9422	
0.4	5.4	55	165	25	3	3	180	3	180	0.00533333	0.00404145	0.003	0.01	60	0	60	60	
0.4	5.4	40	166	1	3	2	120	2	120	0.003	0	0.003	0.003	60	0	60	60	
0.4	5.4	34	170	9	3	16	20827	16	20827	0.0069375	0.00440407	0.003	0.017	1301.69	963.359	60	4141	
0.4	5.4	37	171	12	3	1	60	1	60	0.003	0	0.003	0.003	60	0	60	60	
0.4	5.4	11	173	2	3	337	1197728	337	1197728	0.00403857	0.00249195	0.003	0.01	3554.09	2381.11	60	9422	
0.4	5.4	40	174	7	3	3	180	3	180	0.00766667	0.00404145	0.003	0.01	60	0	60	60	
0.4	5.4	47	175	6	3	4	240	4	240	0.00825	0.0035	0.003	0.01	60	0	60	60	
0.4	5.4	41	177	31	3	1	60	1	60	0.003	0	0.003	0.003	60	0	60	60	
0.4	5.4	16	178	13	3	3	180	3	180	0.00533333	0.00404145	0.003	0.01	60	0	60	60	
0.4	5.4	21	181	1	3	3	180	3	180	0.003	0	0.003	0.003	60	0	60	60	
0.4	5.4	35	182	4	3	80	278199	80	278199	0.003525	0.00185537	0.003	0.01	3477.49	1995.93	60	8873	
0.4	5.4	3	183	3	3	259	642848	259	642848	0.00483784	0.0030861	0.003	0.01	2482.04	1481.5	60	9422	
0.4	5.4	35	185	6	3	98	297843	98	297843	0.006	0.00348191	0.003	0.01	3039.21	2687.8	60	7317	
0.4	5.4	41	186	47	3	1	60	1	60	0.003	0	0.003	0.003	60	0	60	60	
0.4	5.4	18	187	11	3	2	120	2	120	0.003	0	0.003	0.003	60	0	60	60	
0.4	5.4	27	190	3	3	134	723073	134	723073	0.003	0	0.003	0.003	5396.07	3083.28	45	9422	
0.4	5.4	34	191	13	3	2	120	2	120	0.003	0	0.003	0.003	60	0	60	60	
0.4	5.4	49	192	2	3	27	43978	27	43978	0.00455555	0.00296561	0.003	0.01	1628.81	972.728	60	3957	
0.4	5.4	2	193	1	3	404	1499340	404	1499340	0.003	0	0.003	0.003	3711.24	1678.31	60	9422	
0.4	5.4	24	199	34	3	2	120	2	120	0.0065	0.00494975	0.003	0.01	60	0	60	60	
0.4	5.4	5	200	39	3	214	279530	214	279530	0.00470093	0.00300927	0.003	0.01	1306.21	1087.49	6	6924	
0.4	5.4	34	201	28	3	1	60	1	60	0.003	0	0.003	0.003	60	0	60	60	
0.4	5.4	16	202	6	3	606	900897	604	898529	0.0039851	0.00243621	0.003	0.01	1487.63	459.539	60	3550	
0.4	5.4	26	203	6	3	96	388477	96	388477	0.00321875	0.00122434	0.003	0.01	4046.64	3378.76	45	9422	
0.4	5.4	34	205	30	3	2	120	2	120	0.003	0	0.003	0.003	60	0	60	60	
0.4	5.4	42	207	7	3	122	421360	122	421360	0.003	0	0.003	0.003	3453.77	1747.12	60	9422	
0.4	5.4	41	211	5	3	2	120	2	120	0.003	0	0.003	0.003	60	0	60	60	
0.4	5.4	34	213	2	3	2	120	2	120	0.003	0	0.003	0.003	60	0	60	60	
0.4	5.4	14	214	5	3	54	122008	54	122008	0.00611111	0.00351099	0.003	0.01	2259.41	1417.55	60	5916	
0.4	5.4	11	215	7	3	66	223863	66	223863	0.00321212	0.00120913	0.003	0.01	3391.86	3113.42	60	9422	
0.4	5.4	16	216	8	3	713	1085721	713	1085721	0.00361851	0.00198811	0.003	0.01	1522.75	819.731	60	7099	
0.4	5.4	48	217	4	3	1112	4726314	1112	4726314	0.00305036	0.000591859	0.003	0.01	4250.28	1878.91	60	9422	
0.4	5.4	1	220	10	3	2	120	2	120	0.003	0	0.003	0.003	60	0	60	60	
0.4	5.4	2	221	10	3	1	60	1	60	0.01	0	0.01	0.01	60	0	60	60	
0.4	5.4	39	223	28	3	7	420	7	420	0.005	0.00341565	0.003	0.01	60	0	60	60	
0.4	5.4	4	225	3	3	1	60	1	60	0.01	0	0.01	0.01	60	0	60	60	
0.4	5.4	37	226	9	3	1	60	1	60	0.003	0	0.003	0.003	60	0	60	60	
0.4	5.4	38	228	5	3	1	60	1	60	0.003	0	0.003	0.003	60	0	60	60	
0.4	5.4	23	230	1	3	2	120	2	120	0.01	0	0.01	0.01	60	0	60	60	
0.4	5.4	52	231	7	3	2	120	2	120	0.003	0	0.003	0.003	60	0	60	60	
0.4	5.4	5	233	32	3	1	60	1	60	0.003	0	0.003	0.003	60	0	60	60	
0.4	5.4	55	235	8	3	1	60	1	60	0.003	0	0.003	0.003	60	0	60	60	
0.4	5.4	55	237	7	3	475	1055298	473	1051747	0.00335518	0.00153789	0.003	0.01	2223.57	1164.75	60	9422	
0.4	5.4	45	239	3	3	2	120	2	120	0.003	0	0.003	0.003	60	0	60	60	
0.4	5.4	16	241	1	3	1	60	1	60	0.003	0	0.003	0.003	60	0	60	60	
0.4	5.4	18	243	3	3	4	240	4	240	0.003	0	0.003	0.003	60	0	60	60	
0.4	5.4	38	245	1	3	221	855031	220	851481	0.003	0	0.003	0.003	3870.37	1453.44	60	7099	
0.4	5.4	55	247	22	3	4	240	4	240	0.0065	0.00404145	0.003	0.01	60	0	60	60	
0.4	5.4	6	250	11	3	398	655934	398	655934	0.00588442	0.00344978	0.003	0.01	1648.08	1597.29	60	9422	
0.4	5.4	7	252	1	3	1	60	1	60	0.003	0	0.003	0.003	60	0	60	60	
0.4	5.4	2	253	3	3	2	120	2	120	0.0065	0.00494975	0.003	0.01	60	0	60	60	
0.4	5.4	8	256	13	3	1	60	1	60	0.003	0	0.003	0.003	60	0	60	60	
0.4	5.4	44	258	9	3	1	60	1	60	0.003	0	0.003	0.003	60	0	60	60	
0.4	5.4	29	259	4	3	3	180	3	180	0.00766667	0.00404145	0.003	0.01	60	0	60	60	
0.4	5.4	5	260	51	3	189	310227	189	310227	0.00533333	0.0033086	0.003	0.01	1641.41	890.422	60	9422	
0.4	5.4	6	262	7	3	2	120	2	120	0.0065	0.00494975	0.003	0.01	60	0	60	60	
0.4	5.4	6	263	1	3	3	180	3	180	0.00766667	0.00404145	0.003	0.01	60	0	60	60	
0.4	5.4	39	265	30	3	1	60	1	60	0.003	0	0.003	0.003	60	0	60	60	
0.4	5.4	9	271	1	3	206	1052046	206	1052046	0.003	0	0.003	0.003	5107.02	3138.51	45	9422	
0.4	5.4	24	272	32	3	2	120	2	120	0.003	0	0.003	0.003	60	0	60	60	
0.4	5.4	35	273	10	3	2	120	2	120	0.01	0	0.01	0.01	60	0	60	60	
0.4	5.4	23	274	2	3	3	180	3	180	0.01	0	0.01	0.01	60	0	60	60	
0.4	5.4	14	275	1	3	10	14317	10	14317	0.0079	0.00338132	0.003	0.01	1431.7	613.015	60	1775	
0.4	5.4	4	277	4	3	103	559783	103	559783	0.003	0	0.003	0.003	5434.79	3023.78	45	9422	
0.4	5.4	23	278	5	3	1	60	1	60	0.01	0	0.01	0.01	60	0	60	60	
0.4	5.4	13	279	3	3	1	60	1	60	0.01	0	0.01	0.01	60	0	60	60	
0.4	5.4	16	282	4	3	1	60	1	60	0.003	0	0.003	0.003	60	0	60	60	
0.4	5.4	16	285	11	3	1	60	1	60	0.01	0	0.01	0.01	60	0	60	60	
0.4	5.4	13	286	5	3	2	120	2	120	0.003	0	0.003	0.003	60	0	60	60	
0.4	5.4	39	288	34	3	1	60	1	60	0.003	0	0.003	0.003	60	0	60	60	
0.4	5.4	39	292	49	3	1	60	1	60	0.003	0	0.003	0.003	60	0	60	60	
0.4	5.4	42	293	16	3	3	180	3	180	0.003	0	0.003	0.003	60	0	60	60	
0.4	5.4	21	295	5	3	2	120	2	120	0.0065	0.00494975	0.003	0.01	60	0	60	60	
0.4	5.4	4	297	12	3	4	240	4	240	0.0065	0.00404145	0.003	0.01	60	0	60	60	
0.4	5.4	30	300	4	3	253	341573	253	341573	0.00687352	0.00348691	0.003	0.01	1350.09	1202.3	60	9422	
0.4	5.4	20	301	7	3	1	60	1	60	0.003	0	0.003	0.003	60	0	60	60	
0.4	5.4	45	302	8	3	3	180	3	180	0.01	0	0.01	0.01	60	0	60	60	
0.4	5.4	41	303	29	3	3	180	3	180	0.00533333	0.00404145	0.003	0.01	60	0	60	60	
0.4	5.4	45	305	10	3	1	60	1	60	0.003	0	0.003	0.003	60	0	60	60	
0.4	5.4	34	307	24	3	1	60	1	60	0.003	0	0.003	0.003	60	0	60	60	
0.4	5.4	55	310	10	3	1	60	1	60	0.01	0	0.01	0.01	60	0	60	60	
0.4	5.4	52	311	22	3	2	120	2	120	0.003	0	0.003	0.003	60	0	60	60	
0.4	5.4	33	312	7	3	2	120	2	120	0.0065	0.00494975	0.003	0.01	60	0	60	60	
0.4	5.4	37	313	27	3	2	120	2	120	0.003	0	0.003	0.003	60	0	60	60	
0.4	5.4	7	315	7	3	133	656817	133	656817	0.00326316	0.00133652	0.003	0.01	4938.47	3294.01	45	9422	
0.4	5.4	38	316	6	3	2	120	2	120	0.0065	0.00494975	0.003	0.01	60	0	60	60	
0.4	5.4	52	318	24	3	4	240	4	240	0.00475	0.0035	0.003	0.01	60	0	60	60	
0.4	5.4	27	319	9	3	2	120	2	120	0.0065	0.00494975	0.003	0.01	60	0	60	60	
0.4	5.4	52	320	11	3	1	60	1	60	0.003	0	0.003	0.003	60	0	60	60	
0.4	5.4	43	321	2	3	140	682957	140	682957	0.003	0	0.003	0.003	4878.26	3081.51	45	9422	
0.4	5.4	57	322	1	3	2	120	2	120	0.003	0	0.003	0.003	60	0	60	60	
0.4	5.4	16	327	10	3	2	120	2	120	0.003	0	0.003	0.003	60	0	60	60	
0.4	5.4	10	329	5	3	2	120	2	120	0.0065	0.00494975	0.003	0.01	60	0	60	60	
0.4	5.4	55	330	3	3	2	120	2	120	0.0065	0.00494975	0.003	0.01	60	0	60	60	
0.4	5.4	50	332	1	3	95	465125	95	465125	0.003	0	0.003	0.003	4896.05	3107.59	45	9422	
0.4	5.4	7	333	4	3	2	120	2	120	0.003	0	0.003	0.003	60	0	60	60	
0.4	5.4	11	334	10	3	1	60	1	60	0.003	0	0.003	0.003	60	0	60	60	
0.4	5.4	55	335	15	3	3	180	3	180	0.00533333	0.00404145	0.003	0.01	60	0	60	60	
0.4	5.4	25	336	8	3	1	60	1	60	0.01	0	0.01	0.01	60	0	60	60	
0.4	5.4	16	338	14	3	25	72311	25	72311	0.003	0	0.003	0.003	2892.44	1656.74	60	7099	
0.4	5.4	5	339	23	3	2	120	2	120	0.003	0	0.003	0.003	60	0	60	60	
0.4	5.4	40	344	4	3	3	180	3	180	0.01	0	0.01	0.01	60	0	60	60	
0.4	5.4	19	346	1	3	1	60	1	60	0.003	0	0.003	0.003	60	0	60	60	
0.4	5.4	15	348	8	3	2	120	2	120	0.003	0	0.003	0.003	60	0	60	60	
0.4	5.4	41	349	15	3	3	180	3	180	0.003	0	0.003	0.003	60	0	60	60	
0.4	5.4	6	352	4	3	2	120	2	120	0.003	0	0.003	0.003	60	0	60	60	
0.4	5.4	37	353	20	3	2	120	2	120	0.003	0	0.003	0.003	60	0	60	60	
0.4	5.4	26	354	3	3	2	120	2	120	0.003	0	0.003	0.003	60	0	60	60	
0.4	5.4	53	355	5	3	348	1486341	347	1485749	0.00427089	0.00270224	0.003	0.01	4281.7	3202.96	45	9422	
0.4	5.4	41	356	16	3	1	60	1	60	0.003	0	0.003	0.003	60	0	60	60	
0.4	5.4	1	357	1	3	4	240	4	240	0.00475	0.0035	0.003	0.01	60	0	60	60	
0.4	5.4	52	358	29	3	3	180	3	180	0.003	0	0.003	0.003	60	0	60	60	
0.4	5.4	26	359	5	3	4	240	4	240	0.0065	0.00404145	0.003	0.01	60	0	60	60	
0.4	5.4	39	360	1	3	2	120	2	120	0.003	0	0.003	0.003	60	0	60	60	
0.4	5.4	24	362	12	3	221	409040	221	409040	0.00338009	0.00158984	0.003	0.01	1850.86	632.969	60	4395	
0.4	5.4	37	363	23	3	4	240	4	240	0.003	0	0.003	0.003	60	0	60	60	
0.4	5.4	32	364	5	3	1	60	1	60	0.01	0	0.01	0.01	60	0	60	60	
0.4	5.4	32	365	1	3	4	240	4	240	0.0065	0.00404145	0.003	0.01	60	0	60	60	
0.4	5.4	41	366	41	3	4	240	4	240	0.003	0	0.003	0.003	60	0	60	60	
0.4	5.4	8	367	9	3	3	180	3	180	0.00533333	0.00404145	0.003	0.01	60	0	60	60	
0.4	5.4	31	368	1	3	92	449167	92	449167	0.00307609	0.0007298	0.003	0.01	4882.25	3036.41	45	9422	
0.4	5.4	46	370	5	3	3	180	3	180	0.003	0	0.003	0.003	60	0	60	60	
0.4	5.4	44	371	8	3	112	288993	112	288993	0.0054375	0.00334982	0.003	0.01	2580.29	1752.6	60	7577	
0.4	5.4	15	374	15	3	2	120	2	120	0.003	0	0.003	0.003	60	0	60	60	
0.4	5.4	16	375	7	3	442	906711	442	906711	0.00382353	0.00225788	0.003	0.01	2051.38	1497.21	60	9422	
0.4	5.4	20	376	5	3	249	1356347	249	1356347	0.003	0	0.003	0.003	5447.18	3493.08	45	9422	
0.4	5.4	34	377	4	3	3	180	3	180	0.00533333	0.00404145	0.003	0.01	60	0	60	60	
0.4	5.4	37	379	26	3	2	120	2	120	0.003	0	0.003	0.003	60	0	60	60	
0.4	5.4	54	381	8	3	1	60	1	60	0.01	0	0.01	0.01	60	0	60	60	
0.4	5.4	41	382	42	3	4	240	4	240	0.003	0	0.003	0.003	60	0	60	60	
0.4	5.4	27	383	8	3	212	750325	212	750325	0.00303302	0.000480762	0.003	0.01	3539.27	1921.3	60	9422	
0.4	5.4	49	385	4	3	2	120	2	120	0.003	0	0.003	0.003	60	0	60	60	
0.4	5.4	47	386	5	3	2	120	2	120	0.0065	0.00494975	0.003	0.01	60	0	60	60	
0.4	5.4	16	392	3	3	114	430850	114	430850	0.00330702	0.00143981	0.003	0.01	3779.39	2453.17	60	9422	
0.4	5.4	28	396	12	3	1	60	1	60	0.003	0	0.003	0.003	60	0	60	60	
0.4	5.4	42	399	9	3	388	999570	388	999570	0.003	0	0.003	0.003	2576.21	1873.24	60	9422	
0.4	5.4	54	400	5	3	6	892	6	892	0.0065	0.00383406	0.003	0.01	148.667	217.188	60	592	
0.4	5.4	30	403	8	3	93	452123	93	452123	0.003	0	0.003	0.003	4861.54	3240.74	45	9422	
0.4	5.4	18	406	8	3	65	229113	65	229113	0.003	0	0.003	0.003	3524.82	2781.16	45	9422	
0.4	5.4	39	407	35	3	2	120	2	120	0.003	0	0.003	0.003	60	0	60	60	
0.4	5.4	37	408	7	3	3	180	3	180	0.003	0	0.003	0.003	60	0	60	60	
0.4	5.4	19	409	3	3	979	2518699	979	2518699	0.00333606	0.00149725	0.003	0.01	2572.73	1102.29	60	9422	
0.4	5.4	42	410	5	3	2	120	2	120	0.003	0	0.003	0.003	60	0	60	60	
0.4	5.4	47	412	2	3	135	209733	135	209733	0.00678518	0.00350135	0.003	0.01	1553.58	1510.35	45	9422	
0.4	5.4	34	413	8	3	163	833129	163	833129	0.003	0	0.003	0.003	5111.22	3330.71	45	9422	
0.4	5.4	6	415	3	3	558	982606	558	982606	0.00593548	0.00345727	0.003	0.01	1760.94	1440.49	60	9422	
0.4	5.4	39	416	2	3	1	60	1	60	0.01	0	0.01	0.01	60	0	60	60	
0.4	5.4	2	417	12	3	1	60	1	60	0.003	0	0.003	0.003	60	0	60	60	
0.4	5.4	39	418	40	3	2	120	2	120	0.003	0	0.003	0.003	60	0	60	60	
0.4	5.4	2	419	5	3	2	120	2	120	0.003	0	0.003	0.003	60	0	60	60	
0.4	5.4	52	421	18	3	5	300	5	300	0.0044	0.0031305	0.003	0.01	60	0	60	60	
0.4	5.4	44	422	3	3	325	759306	325	759306	0.00698461	0.00347163	0.003	0.01	2336.33	1471.68	57	6944	
0.4	5.4	15	423	4	3	116	567019	116	567019	0.003	0	0.003	0.003	4888.09	3175.54	45	9422	
0.4	5.4	54	424	11	3	1	60	1	60	0.01	0	0.01	0.01	60	0	60	60	
0.4	5.4	30	426	3	3	2	120	2	120	0.01	0	0.01	0.01	60	0	60	60	
0.4	5.4	1	427	30	3	1	60	1	60	0.003	0	0.003	0.003	60	0	60	60	
0.4	5.4	53	428	4	3	1	60	1	60	0.003	0	0.003	0.003	60	0	60	60	
0.4	5.4	20	430	8	3	5	300	5	300	0.0058	0.00383406	0.003	0.01	60	0	60	60	
0.4	5.4	41	431	6	3	6	8992	6	8992	0.00416667	0.00285774	0.003	0.01	1498.67	1204.42	60	3550	
0.4	5.4	56	432	2	3	174	629128	174	629128	0.00316092	0.00105209	0.003	0.01	3615.68	1848.86	60	9422	
0.4	5.4	37	433	6	3	1	60	1	60	0.003	0	0.003	0.003	60	0	60	60	
0.4	5.4	38	434	3	3	2	120	2	120	0.003	0	0.003	0.003	60	0	60	60	
0.4	5.4	19	436	4	3	2	120	2	120	0.0065	0.00494975	0.003	0.01	60	0	60	60	
0.4	5.4	22	437	3	3	564	1555211	564	1555211	0.00612766	0.00348323	0.003	0.01	2757.47	1410.89	57	9422	
0.4	5.4	1	438	3	3	742	1037006	742	1037006	0.00418868	0.00263004	0.003	0.01	1397.58	687.349	60	9422	
0.4	5.4	30	441	6	3	4	240	4	240	0.003	0	0.003	0.003	60	0	60	60	
0.4	5.4	2	442	6	3	2	120	2	120	0.003	0	0.003	0.003	60	0	60	60	
0.4	5.4	52	443	31	3	1	60	1	60	0.003	0	0.003	0.003	60	0	60	60	
0.4	5.4	25	444	2	3	323	557006	323	557006	0.0083096	0.00300054	0.003	0.01	1724.48	1211.14	60	9422	
0.4	5.4	3	445	8	3	383	753019	383	753019	0.00597911	0.00346555	0.003	0.01	1966.11	1534.9	60	9422	
0.4	5.4	17	446	4	3	1	60	1	60	0.01	0	0.01	0.01	60	0	60	60	
0.4	5.4	33	448	1	3	1	60	1	60	0.01	0	0.01	0.01	60	0	60	60	
0.4	5.4	42	449	11	3	2	120	2	120	0.003	0	0.003	0.003	60	0	60	60	
0.4	5.4	42	451	15	3	2	120	2	120	0.0065	0.00494975	0.003	0.01	60	0	60	60	
0.4	5.4	55	452	6	3	3	180	3	180	0.003	0	0.003	0.003	60	0	60	60	
0.4	5.4	52	453	15	3	1	60	1	60	0.003	0	0.003	0.003	60	0	60	60	
0.4	5.4	46	455	6	3	270	1405926	270	1405926	0.00354444	0.00187823	0.003	0.01	5207.13	3375.74	45	9422	
0.4	5.4	54	458	7	3	122	500160	121	492470	0.003	0	0.003	0.003	4070	2853.22	45	9422	
0.4	5.4	34	459	23	3	1	60	1	60	0.003	0	0.003	0.003	60	0	60	60	
0.4	5.4	28	460	2	3	1	60	1	60	0.01	0	0.01	0.01	60	0	60	60	
0.4	5.4	45	461	6	3	1	60	1	60	0.01	0	0.01	0.01	60	0	60	60	
0.4	5.4	12	462	4	3	44	215463	44	215463	0.003	0	0.003	0.003	4896.89	3122.66	45	9422	
0.4	5.4	19	464	9	3	473	1872760	473	1872760	0.003	0	0.003	0.003	3959.32	1594.6	60	9422	
0.4	5.4	42	465	12	3	182	1000048	182	1000048	0.003	0	0.003	0.003	5494.77	2984.44	45	9422	
0.4	5.4	34	467	18	3	2	120	2	120	0.003	0	0.003	0.003	60	0	60	60	
0.4	5.4	7	468	5	3	3	180	3	180	0.00533333	0.00404145	0.003	0.01	60	0	60	60	
0.4	5.4	8	469	5	3	83	214312	83	214312	0.00468675	0.00301188	0.003	0.01	2582.07	1893.61	60	9422	
0.4	5.4	27	470	2	3	4	240	4	240	0.0065	0.00404145	0.003	0.01	60	0	60	60	
0.4	5.4	33	472	2	3	2	120	2	120	0.003	0	0.003	0.003	60	0	60	60	
0.4	5.4	22	473	4	3	2	120	2	120	0.003	0	0.003	0.003	60	0	60	60	
0.4	5.4	19	476	12	3	4	240	4	240	0.00475	0.0035	0.003	0.01	60	0	60	60	
0.4	5.4	5	478	6	3	1	60	1	60	0.003	0	0.003	0.003	60	0	60	60	
0.4	5.4	41	481	28	3	2	120	2	120	0.003	0	0.003	0.003	60	0	60	60	
0.4	5.4	37	483	5	3	2	120	2	120	0.003	0	0.003	0.003	60	0	60	60	
0.4	5.4	37	484	18	3	1	60	1	60	0.003	0	0.003	0.003	60	0	60	60	
0.4	5.4	39	485	25	3	3	180	3	180	0.003	0	0.003	0.003	60	0	60	60	
0.4	5.4	14	486	3	3	1	60	1	60	0.003	0	0.003	0.003	60	0	60	60	
0.4	5.4	34	487	22	3	1	60	1	60	0.01	0	0.01	0.01	60	0	60	60	
0.4	5.4	46	488	3	3	1	60	1	60	0.003	0	0.003	0.003	60	0	60	60	
0.4	5.4	37	490	2	3	568	822157	568	822157	0.00304929	0.000585871	0.003	0.01	1447.46	449.517	60	9422	
0.4	5.4	54	491	10	3	140	769223	140	769223	0.00315	0.0010173	0.003	0.01	5494.45	3472.08	45	9422	
0.4	5.4	45	492	9	3	1	60	1	60	0.01	0	0.01	0.01	60	0	60	60	
0.4	5.4	30	493	2	3	2	120	2	120	0.0065	0.00494975	0.003	0.01	60	0	60	60	
0.4	5.4	13	494	6	3	1	60	1	60	0.003	0	0.003	0.003	60	0	60	60	
0.4	5.4	26	495	9	3	2	120	2	120	0.003	0	0.003	0.003	60	0	60	60	
0.4	5.4	55	496	12	3	1	60	1	60	0.01	0	0.01	0.01	60	0	60	60	
0.4	5.4	32	497	2	3	180	1065494	180	1065494	0.00303889	0.000521749	0.003	0.01	5919.41	3321.56	45	9422	
0.4	5.4	39	498	51	3	1	60	1	60	0.003	0	0.003	0.003	60	0	60	60	
0.4	5.4	55	502	24	3	1	60	1	60	0.003	0	0.003	0.003	60	0	60	60	
0.4	5.4	41	503	4	3	1	60	1	60	0.003	0	0.003	0.003	60	0	60	60	
0.4	5.4	17	505	8	3	2	120	2	120	0.0065	0.00494975	0.003	0.01	60	0	60	60	
0.4	5.4	32	506	6	3	3	180	3	180	0.003	0	0.003	0.003	60	0	60	60	
0.4	5.4	15	507	12	3	247	451626	247	451626	0.00416194	0.0026098	0.003	0.01	1828.45	1552.51	60	9422	
0.4	5.4	45	508	1	3	108	496494	108	496494	0.003	0	0.003	0.003	4597.17	3229.99	45	9422	
0.4	5.4	52	509	17	3	3	180	3	180	0.00533333	0.00404145	0.003	0.01	60	0	60	60	
0.4	5.4	24	510	19	3	2	120	2	120	0.003	0	0.003	0.003	60	0	60	60	
0.4	5.4	39	511	14	3	1	60	1	60	0.003	0	0.003	0.003	60	0	60	60	
0.4	5.4	35	515	5	3	2	120	2	120	0.0065	0.00494975	0.003	0.01	60	0	60	60	
0.4	5.4	40	516	5	3	2	652	2	652	0.003	0	0.003	0.003	326	376.181	60	592	
0.4	5.4	39	517	31	3	2	120	2	120	0.003	0	0.003	0.003	60	0	60	60	
0.4	5.4	46	518	1	3	2	120	2	120	0.01	0	0.01	0.01	60	0	60	60	
0.4	5.4	8	520	1	3	1	60	1	60	0.003	0	0.003	0.003	60	0	60	60	
0.4	5.4	15	522	16	3	137	561707	137	561707	0.003	0	0.003	0.003	4100.05	2573.32	45	9422	
0.4	5.4	21	523	7	3	1	60	1	60	0.003	0	0.003	0.003	60	0	60	60	
0.4	5.4	29	525	1	3	1	60	1	60	0.003	0	0.003	0.003	60	0	60	60	
0.4	5.4	54	527	3	3	2	120	2	120	0.003	0	0.003	0.003	60	0	60	60	
0.4	5.4	39	528	33	3	2	120	2	120	0.003	0	0.003	0.003	60	0	60	60	
0.4	5.4	52	529	2	3	4	240	4	240	0.00475	0.0035	0.003	0.01	60	0	60	60	
0.4	5.4	21	530	8	3	4	240	4	240	0.003	0	0.003	0.003	60	0	60	60	
0.4	5.4	53	532	8	3	1	60	1	60	0.003	0	0.003	0.003	60	0	60	60	
0.4	5.4	18	533	7	3	136	429346	136	429346	0.003	0	0.003	0.003	3156.96	2023.77	60	9422	
0.4	5.4	23	534	10	3	3	180	3	180	0.00766667	0.00404145	0.003	0.01	60	0	60	60	
0.4	5.4	4	536	6	3	168	546303	168	546303	0.00575	0.00342892	0.003	0.01	3251.8	2237.51	60	9422	
0.4	5.4	19	538	10	3	3	180	3	180	0.003	0	0.003	0.003	60	0	60	60	
0.4	5.4	23	539	3	3	1	60	1	60	0.01	0	0.01	0.01	60	0	60	60	
0.4	5.4	11	540	6	3	2	120	2	120	0.003	0	0.003	0.003	60	0	60	60	
0.4	5.4	17	542	2	3	2	120	2	120	0.003	0	0.003	0.003	60	0	60	60	
0.4	5.4	51	543	7	3	1	592	1	592	0.003	0	0.003	0.003	592	0	592	592	
0.4	5.4	24	544	17	3	1135	1452131	1135	1452131	0.00520176	0.00325175	0.003	0.01	1279.41	632.081	43	5861	
0.4	5.4	45	547	2	3	2	120	2	120	0.01	0	0.01	0.01	60	0	60	60	
0.4	5.4	51	548	4	3	4	240	4	240	0.00475	0.0035	0.003	0.01	60	0	60	60	
0.4	5.4	51	549	6	3	239	312615	239	312615	0.00493305	0.00313621	0.003	0.01	1308.01	626.417	60	3550	
0.4	5.4	41	550	20	3	2	120	2	120	0.003	0	0.003	0.003	60	0	60	60	
0.4	5.4	19	551	5	3	5	300	5	300	0.003	0	0.003	0.003	60	0	60	60	
0.4	5.4	3	552	5	3	1	60	1	60	0.01	0	0.01	0.01	60	0	60	60	
0.4	5.4	51	553	3	3	4	240	4	240	0.0065	0.00404145	0.003	0.01	60	0	60	60	
0.4	5.4	52	554	4	3	2	120	2	120	0.003	0	0.003	0.003	60	0	60	60	
0.4	5.4	41	555	30	3	2	120	2	120	0.003	0	0.003	0.003	60	0	60	60	
0.4	5.4	48	556	5	3	6	360	6	360	0.00533333	0.00361478	0.003	0.01	60	0	60	60	
0.4	5.4	37	558	15	3	4	240	4	240	0.00475	0.0035	0.003	0.01	60	0	60	60	
0.4	5.4	39	560	55	3	1	60	1	60	0.003	0	0.003	0.003	60	0	60	60	
0.4	5.4	46	561	4	3	2	120	2	120	0.003	0	0.003	0.003	60	0	60	60	
0.4	5.4	5	562	36	3	205	305457	205	305457	0.0053561	0.00331589	0.003	0.01	1490.03	560.746	60	3182	
0.4	5.4	36	563	2	3	148	802946	148	802946	0.003	0	0.003	0.003	5425.31	3422.02	45	9422	
0.4	5.4	35	564	8	3	3	180	3	180	0.003	0	0.003	0.003	60	0	60	60	
0.4	5.4	34	565	6	3	1	60	1	60	0.003	0	0.003	0.003	60	0	60	60	
0.4	5.4	15	566	9	3	635	961353	633	958985	0.00348657	0.00178165	0.003	0.01	1514.98	1280	60	9422	
0.4	5.4	48	567	6	3	98	184386	98	184386	0.00492857	0.00314348	0.003	0.01	1881.49	1250.83	60	6882	
0.4	5.4	28	569	11	3	2	120	2	120	0.003	0	0.003	0.003	60	0	60	60	
0.4	5.4	55	570	26	3	2	120	2	120	0.003	0	0.003	0.003	60	0	60	60	
0.4	5.4	28	571	1	3	32	110161	32	110161	0.00409375	0.00258231	0.003	0.01	3442.53	1321.83	60	5324	
0.4	5.4	34	572	26	3	3	180	3	180	0.00766667	0.00404145	0.003	0.01	60	0	60	60	
0.4	5.4	41	573	8	3	1	60	1	60	0.003	0	0.003	0.003	60	0	60	60	
0.4	5.4	39	575	15	3	2	120	2	120	0.003	0	0.003	0.003	60	0	60	60	
0.4	5.4	41	576	3	3	1	60	1	60	0.003	0	0.003	0.003	60	0	60	60	
0.4	5.4	39	577	11	3	3	180	3	180	0.003	0	0.003	0.003	60	0	60	60	
0.4	5.4	50	578	3	3	118	630314	118	630314	0.003	0	0.003	0.003	5341.64	3482.93	45	9422	
0.4	5.4	22	580	8	3	187	417375	187	417375	0.00577005	0.00343223	0.003	0.01	2231.95	1948.52	60	9422	
0.4	5.4	34	582	27	3	369	581277	367	577727	0.00620436	0.00349225	0.003	0.01	1574.19	612.611	60	9422	
0.4	5.4	39	583	10	3	3	180	3	180	0.003	0	0.003	0.003	60	0	60	60	
0.4	5.4	15	584	5	3	1	60	1	60	0.003	0	0.003	0.003	60	0	60	60	
0.4	5.4	1	585	27	3	3	180	3	180	0.00533333	0.00404145	0.003	0.01	60	0	60	60	
0.4	5.4	16	588	2	3	2	120	2	120	0.003	0	0.003	0.003	60	0	60	60	
0.4	5.4	39	591	36	3	1	60	1	60	0.003	0	0.003	0.003	60	0	60	60	
0.4	5.4	4	593	10	3	107	235622	107	235622	0.00692523	0.00349042	0.003	0.01	2202.07	1821.7	60	7099	
0.4	5.4	49	594	7	3	1	60	1	60	0.01	0	0.01	0.01	60	0	60	60	
0.4	5.4	57	597	4	3	2	120	2	120	0.01	0	0.01	0.01	60	0	60	60	
0.4	5.4	34	599	11	3	3	180	3	180	0.003	0	0.003	0.003	60	0	60	60	
0.4	5.4	25	600	9	3	2	120	2	120	0.0065	0.00494975	0.003	0.01	60	0	60	60	
0.4	5.4	40	601	6	3	163	936055	163	936055	0.003	0	0.003	0.003	5742.67	3427.84	45	9422	
0.4	5.4	8	604	6	3	3	180	3	180	0.00533333	0.00404145	0.003	0.01	60	0	60	60	
0.4	5.4	32	605	3	3	146	763543	146	763543	0.003	0	0.003	0.003	5229.75	3454.25	45	9422	
0.4	5.4	37	607	3	3	1	60	1	60	0.003	0	0.003	0.003	60	0	60	60	
0.4	5.4	55	608	11	3	2	120	2	120	0.003	0	0.003	0.003	60	0	60	60	
0.4	5.4	11	609	13	3	69	286472	69	286472	0.00381159	0.00225751	0.003	0.01	4151.77	2628.92	60	9422	
0.4	5.4	23	610	6	3	5	300	5	300	0.0072	0.00383406	0.003	0.01	60	0	60	60	
0.4	5.4	53	612	9	3	1	592	1	592	0.003	0	0.003	0.003	592	0	592	592	
0.4	5.4	2	613	7	3	3	180	3	180	0.003	0	0.003	0.003	60	0	60	60	
0.4	5.4	56	615	4	3	2	120	2	120	0.003	0	0.003	0.003	60	0	60	60	
0.4	5.4	41	616	2	3	3	180	3	180	0.003	0	0.003	0.003	60	0	60	60	
0.4	5.4	4	617	1	3	1	60	1	60	0.003	0	0.003	0.003	60	0	60	60	
0.4	5.4	39	619	44	3	2	120	2	120	0.003	0	0.003	0.003	60	0	60	60	
0.4	5.4	41	620	43	3	1	60	1	60	0.003	0	0.003	0.003	60	0	60	60	
0.4	5.4	39	625	47	3	2	120	2	120	0.003	0	0.003	0.003	60	0	60	60	
0.4	5.4	19	626	11	3	3	180	3	180	0.003	0	0.003	0.003	60	0	60	60	
0.4	5.4	39	628	9	3	504	1590756	502	1586022	0.003	0	0.003	0.003	3159.41	1341.13	60	9422	
0.4	5.4	26	629	2	3	468	2024648	468	2024648	0.00311966	0.000908324	0.003	0.01	4326.17	1880.3	60	9422	
0.4	5.4	34	630	3	3	1	592	1	592	0.003	0	0.003	0.003	592	0	592	592	
0.4	5.4	39	631	12	3	1	60	1	60	0.003	0	0.003	0.003	60	0	60	60	
0.4	5.4	9	632	6	3	430	1350846	430	1350846	0.00410698	0.00255708	0.003	0.01	3141.5	1704.39	592	9422	
0.4	5.4	55	634	5	3	2	120	2	120	0.003	0	0.003	0.003	60	0	60	60	
0.4	5.4	13	635	7	3	3	180	3	180	0.003	0	0.003	0.003	60	0	60	60	
0.4	5.4	31	637	7	3	1	60	1	60	0.003	0	0.003	0.003	60	0	60	60	
0.4	5.4	39	639	7	3	2	120	2	120	0.003	0	0.003	0.003	60	0	60	60	
0.4	5.4	54	640	1	3	1	60	1	60	0.01	0	0.01	0.01	60	0	60	60	
0.4	5.4	55	643	23	3	20	32067	20	32067	0.003	0	0.003	0.003	1603.35	457.186	60	1775	
0.4	5.4	11	644	3	3	2	120	2	120	0.0065	0.00494975	0.003	0.01	60	0	60	60	
0.4	5.4	14	645	2	3	192	799427	192	799427	0.00394792	0.00240144	0.003	0.01	4163.68	2370.85	45	9422	
0.4	5.4	27	647	5	3	171	773364	171	773364	0.003	0	0.003	0.003	4522.6	2597.07	60	9422	
0.4	5.4	9	651	3	3	5	300	5	300	0.0044	0.0031305	0.003	0.01	60	0	60	60	
0.4	5.4	10	652	2	3	228	1276209	228	1276209	0.003	0	0.003	0.003	5597.41	3140.58	45	9422	
0.4	5.4	34	653	19	3	1	60	1	60	0.003	0	0.003	0.003	60	0	60	60	
0.4	5.4	28	654	10	3	138	750410	138	750410	0.003	0	0.003	0.003	5437.75	3478.3	45	9422	
0.4	5.4	41	657	24	3	4	240	4	240	0.003	0	0.003	0.003	60	0	60	60	
0.4	5.4	25	659	4	3	2	120	2	120	0.003	0	0.003	0.003	60	0	60	60	
0.4	5.4	55	660	13	3	2	120	2	120	0.003	0	0.003	0.003	60	0	60	60	
0.4	5.4	1	661	26	3	1	60	1	60	0.003	0	0.003	0.003	60	0	60	60	
0.4	5.4	5	662	37	3	2	120	2	120	0.0065	0.00494975	0.003	0.01	60	0	60	60	
0.4	5.4	23	664	7	3	2	120	2	120	0.0065	0.00494975	0.003	0.01	60	0	60	60	
0.4	5.4	6	665	10	3	4	240	4	240	0.0065	0.00404145	0.003	0.01	60	0	60	60	
0.4	5.4	24	666	4	3	46	45226	46	45226	0.00528261	0.00331772	0.003	0.01	983.174	508.645	60	1775	
0.4	5.4	1	670	25	3	2	120	2	120	0.0065	0.00494975	0.003	0.01	60	0	60	60	
0.4	5.4	24	673	6	3	2	120	2	120	0.003	0	0.003	0.003	60	0	60	60	
0.4	5.4	1	675	12	3	1	60	1	60	0.003	0	0.003	0.003	60	0	60	60	
0.4	5.4	5	677	35	3	1	60	1	60	0.01	0	0.01	0.01	60	0	60	60	
0.4	5.4	1	678	31	3	1025	1386325	1025	1386325	0.00500097	0.00316428	0.003	0.01	1352.51	370.354	60	3550	
0.4	5.4	5	679	28	3	3	180	3	180	0.00766667	0.00404145	0.003	0.01	60	0	60	60	
0.4	5.4	5	680	13	3	3	180	3	180	0.00533333	0.00404145	0.003	0.01	60	0	60	60	
0.4	5.4	24	681	24	3	2	120	2	120	0.003	0	0.003	0.003	60	0	60	60	
0.4	5.4	1	683	6	3	3	180	3	180	0.003	0	0.003	0.003	60	0	60	60	
0.4	5.4	5	684	30	3	2	120	2	120	0.0065	0.00494975	0.003	0.01	60	0	60	60	
0.4	5.4	5	685	34	3	216	273609	214	271241	0.00476635	0.0030476	0.003	0.01	1267.48	827.636	53	9422	
0.4	5.4	5	686	12	3	2	120	2	120	0.0065	0.00494975	0.003	0.01	60	0	60	60	
0.4	5.4	24	688	22	3	286	427519	286	427519	0.00486014	0.00309748	0.003	0.01	1494.82	643.738	60	4395	
0.4	5.4	5	689	26	3	3	180	3	180	0.00533333	0.00404145	0.003	0.01	60	0	60	60	
0.4	5.4	24	690	27	3	24	21499	24	21499	0.00445833	0.00290396	0.003	0.01	895.792	592.482	5	1775	
0.4	5.4	5	692	31	3	1	60	1	60	0.01	0	0.01	0.01	60	0	60	60	
0.4	5.4	24	693	33	3	3	180	3	180	0.00766667	0.00404145	0.003	0.01	60	0	60	60	
0.4	5.4	5	695	50	3	1	60	1	60	0.003	0	0.003	0.003	60	0	60	60	
0.4	5.4	24	700	2	3	1	60	1	60	0.01	0	0.01	0.01	60	0	60	60	
0.4	5.4	24	702	1	3	1	60	1	60	0.003	0	0.003	0.003	60	0	60	60	
0.4	5.4	5	703	38	3	36	42089	36	42089	0.00533333	0.00334664	0.003	0.01	1169.14	369.625	60	1775	
0.4	5.4	1	704	21	3	4	3667	4	3667	0.0065	0.00404145	0.003	0.01	916.75	733.545	60	1775	
0.4	5.4	1	706	5	3	2	120	2	120	0.0065	0.00494975	0.003	0.01	60	0	60	60	
0.4	5.4	5	707	10	3	2	120	2	120	0.01	0	0.01	0.01	60	0	60	60	
0.4	5.4	5	708	4	3	269	478335	269	478335	0.003	0	0.003	0.003	1778.2	1199.39	60	9422	
0.4	5.4	5	709	49	3	1	60	1	60	0.003	0	0.003	0.003	60	0	60	60	
0.4	5.4	24	710	11	3	227	313806	227	313806	0.00506608	0.00319984	0.003	0.01	1382.41	570.462	6	1932	
0.4	5.4	1	711	29	3	1	60	1	60	0.01	0	0.01	0.01	60	0	60	60	
0.4	5.4	5	712	41	3	1	60	1	60	0.003	0	0.003	0.003	60	0	60	60	
0.4	5.4	24	714	7	3	226	281272	226	281272	0.00541593	0.00333527	0.003	0.01	1244.57	1215.78	60	6828	
0.4	5.4	25	715	3	3	1	592	1	592	0.01	0	0.01	0.01	592	0	592	592	
0.4	5.4	5	718	45	3	5	300	5	300	0.0044	0.0031305	0.003	0.01	60	0	60	60	
0.4	5.4	5	719	43	3	2	120	2	120	0.003	0	0.003	0.003	60	0	60	60	
0.4	5.4	5	720	47	3	2	120	2	120	0.0065	0.00494975	0.003	0.01	60	0	60	60	
0.4	5.4	1	721	2	3	2	120	2	120	0.003	0	0.003	0.003	60	0	60	60	
0.4	5.4	1	723	9	3	2	120	2	120	0.003	0	0.003	0.003	60	0	60	60	
0.4	5.4	6	724	8	3	3	180	3	180	0.003	0	0.003	0.003	60	0	60	60	
0.4	5.4	1	726	7	3	2	652	2	652	0.0065	0.00494975	0.003	0.01	326	376.181	60	592	
0.4	5.4	24	727	23	3	640	1165617	640	1165617	0.003	0	0.003	0.003	1821.28	1483.93	60	9422	
0.4	5.4	1	728	11	3	7	8992	7	8992	0.006	0.00374166	0.003	0.01	1284.57	692.459	60	1775	
0.4	5.4	24	730	5	3	118	247640	118	247640	0.00584746	0.0045057	0.003	0.017	2098.64	1821.91	60	9422	
0.4	5.4	5	731	46	3	586	776729	584	774361	0.00538527	0.00332058	0.003	0.01	1325.96	523.613	60	4395	
0.4	5.4	24	732	18	3	147	231540	148	232132	0.00493919	0.00314335	0.003	0.01	1568.46	1291.27	60	6882	
0.4	5.4	5	733	29	3	422	672379	422	672379	0.00412796	0.00257666	0.003	0.01	1593.32	581.852	60	5324	
0.4	5.4	5	734	3	3	3	180	3	180	0.00766667	0.00404145	0.003	0.01	60	0	60	60	
0.4	5.4	1	735	17	3	2	120	2	120	0.0065	0.00494975	0.003	0.01	60	0	60	60	
0.4	5.4	5	736	2	3	1	60	1	60	0.01	0	0.01	0.01	60	0	60	60	
0.4	5.4	24	737	8	3	6	360	6	360	0.00533333	0.00361478	0.003	0.01	60	0	60	60	
0.4	5.4	5	739	25	3	1	60	1	60	0.003	0	0.003	0.003	60	0	60	60	
0.4	5.4	5	741	7	3	4	240	4	240	0.00475	0.0035	0.003	0.01	60	0	60	60	
0.4	5.4	6	742	12	3	3	180	3	180	0.00533333	0.00404145	0.003	0.01	60	0	60	60	
0.4	5.4	5	743	15	3	7	420	7	420	0.004	0.00264575	0.003	0.01	60	0	60	60	
0.4	5.4	24	744	10	3	87	183109	87	183109	0.003	0	0.003	0.003	2104.7	1337.44	60	8282	
0.4	5.4	24	745	26	3	3	180	3	180	0.00533333	0.00404145	0.003	0.01	60	0	60	60	
0.4	5.4	24	746	15	3	3	180	3	180	0.00533333	0.00404145	0.003	0.01	60	0	60	60	
0.4	5.4	5	747	52	3	1	60	1	60	0.003	0	0.003	0.003	60	0	60	60	
0.4	5.4	1	748	20	3	2	120	2	120	0.0065	0.00494975	0.003	0.01	60	0	60	60	
0.4	5.4	20	749	3	3	1	592	1	592	0.01	0	0.01	0.01	592	0	592	592	
0.4	5.4	5	750	11	3	1	60	1	60	0.01	0	0.01	0.01	60	0	60	60	
