% start	end	CellId	IMSI	RNTI	LCID	nTxPDUs	TxBytes	nRxPDUs	RxBytes	delay	stdDev	min	max	PduSize	stdDev	min	max
0.4	5.4	39	1	31	3	880	1220563	878	1218195	0.00301594	0.000333901	0.003	0.01	1387.47	402.429	60	3550	
0.4	5.4	37	2	16	3	4	240	4	240	0.003	0	0.003	0.003	60	0	60	60	
0.4	5.4	28	3	6	3	3	180	3	180	0.003	0	0.003	0.003	60	0	60	60	
0.4	5.4	5	6	52	3	2	120	2	120	0.003	0	0.003	0.003	60	0	60	60	
0.4	5.4	41	8	37	3	1	60	1	60	0.003	0	0.003	0.003	60	0	60	60	
0.4	5.4	18	9	1	3	1	60	1	60	0.003	0	0.003	0.003	60	0	60	60	
0.4	5.4	34	11	6	3	2	120	2	120	0.003	0	0.003	0.003	60	0	60	60	
0.4	5.4	1	12	23	3	2	120	2	120	0.01	0	0.01	0.01	60	0	60	60	
0.4	5.4	55	13	9	3	1	60	1	60	0.003	0	0.003	0.003	60	0	60	60	
0.4	5.4	27	15	4	3	2	120	2	120	0.01	0	0.01	0.01	60	0	60	60	
0.4	5.4	26	16	3	3	5	300	5	300	0.0044	0.0031305	0.003	0.01	60	0	60	60	
0.4	5.4	2	18	12	3	2	120	2	120	0.0065	0.00494975	0.003	0.01	60	0	60	60	
0.4	5.4	21	20	6	3	1	60	1	60	0.01	0	0.01	0.01	60	0	60	60	
0.4	5.4	39	22	3	3	2	120	2	120	0.003	0	0.003	0.003	60	0	60	60	
0.4	5.4	53	24	8	3	337	1225528	337	1225528	0.00435015	0.00276602	0.003	0.01	3636.58	2343.03	45	9422	
0.4	5.4	7	25	11	3	4	240	4	240	0.00825	0.0035	0.003	0.01	60	0	60	60	
0.4	5.4	22	26	9	3	240	466995	235	463443	0.00523404	0.00326999	0.003	0.01	1972.1	1556.12	60	6882	
0.4	5.4	52	27	13	3	2	120	2	120	0.003	0	0.003	0.003	60	0	60	60	
0.4	5.4	47	29	5	3	1	60	1	60	0.01	0	0.01	0.01	60	0	60	60	
0.4	5.4	39	30	6	3	1	60	1	60	0.003	0	0.003	0.003	60	0	60	60	
0.4	5.4	15	31	4	3	2	120	2	120	0.01	0	0.01	0.01	60	0	60	60	
0.4	5.4	35	32	2	3	1	592	1	592	0.01	0	0.01	0.01	592	0	592	592	
0.4	5.4	21	33	2	3	261	1408732	261	1408732	0.003	0	0.003	0.003	5397.44	2950.52	45	9422	
0.4	5.4	55	35	21	3	4	240	4	240	0.00475	0.0035	0.003	0.01	60	0	60	60	
0.4	5.4	53	36	3	3	1	60	1	60	0.003	0	0.003	0.003	60	0	60	60	
0.4	5.4	7	37	3	3	6	360	6	360	0.00533333	0.00361478	0.003	0.01	60	0	60	60	
0.4	5.4	16	38	2	3	17	57507	17	57507	0.003	0	0.003	0.003	3382.76	3052.33	60	9422	
0.4	5.4	37	39	20	3	2	120	2	120	0.0065	0.00494975	0.003	0.01	60	0	60	60	
0.4	5.4	37	41	22	3	2	120	2	120	0.003	0	0.003	0.003	60	0	60	60	
0.4	5.4	5	42	7	3	5	300	5	300	0.003	0	0.003	0.003	60	0	60	60	
0.4	5.4	24	43	19	3	1	60	1	60	0.01	0	0.01	0.01	60	0	60	60	
0.4	5.4	37	44	18	3	3	180	3	180	0.003	0	0.003	0.003	60	0	60	60	
0.4	5.4	15	45	1	3	67	150989	67	150989	0.003	0	0.003	0.003	2253.57	2378.17	60	9422	
0.4	5.4	25	46	11	3	214	646269	214	646269	0.00303271	0.00047851	0.003	0.01	3019.95	2514.32	60	9422	
0.4	5.4	26	48	2	3	932	1629528	928	1623610	0.00475	0.00303272	0.003	0.01	1749.58	1318.96	60	9422	
0.4	5.4	45	50	5	3	1	60	1	60	0.01	0	0.01	0.01	60	0	60	60	
0.4	5.4	22	52	1	3	239	395430	239	395430	0.00595816	0.00346506	0.003	0.01	1654.52	1544.09	60	9422	
0.4	5.4	22	54	4	3	212	960444	212	960444	0.003	0	0.003	0.003	4530.4	2559.79	60	9422	
0.4	5.4	41	55	6	3	3	180	3	180	0.003	0	0.003	0.003	60	0	60	60	
0.4	5.4	53	56	5	3	2	120	2	120	0.003	0	0.003	0.003	60	0	60	60	
0.4	5.4	13	59	1	3	2	120	2	120	0.0065	0.00494975	0.003	0.01	60	0	60	60	
0.4	5.4	33	62	2	3	137	742719	137	742719	0.003	0	0.003	0.003	5421.31	3562.76	45	9422	
0.4	5.4	37	63	25	3	2	120	2	120	0.003	0	0.003	0.003	60	0	60	60	
0.4	5.4	37	64	31	3	1	60	1	60	0.003	0	0.003	0.003	60	0	60	60	
0.4	5.4	42	67	4	3	1	60	1	60	0.01	0	0.01	0.01	60	0	60	60	
0.4	5.4	39	68	16	3	400	610349	400	610349	0.00454	0.00290336	0.003	0.01	1525.87	579.654	60	9422	
0.4	5.4	37	69	3	3	2	120	2	120	0.01	0	0.01	0.01	60	0	60	60	
0.4	5.4	25	70	3	3	143	709015	143	709015	0.0030979	0.000824917	0.003	0.01	4958.15	3425.33	45	9422	
0.4	5.4	41	73	4	3	1	592	1	592	0.01	0	0.01	0.01	592	0	592	592	
0.4	5.4	46	74	6	3	1	60	1	60	0.01	0	0.01	0.01	60	0	60	60	
0.4	5.4	17	75	4	3	2	120	2	120	0.0065	0.00494975	0.003	0.01	60	0	60	60	
0.4	5.4	55	76	18	3	2	120	2	120	0.003	0	0.003	0.003	60	0	60	60	
0.4	5.4	37	78	6	3	2	120	2	120	0.003	0	0.003	0.003	60	0	60	60	
0.4	5.4	38	79	7	3	449	1025623	449	1025623	0.00304677	0.000570905	0.003	0.01	2284.24	1146.61	60	7688	
0.4	5.4	2	81	8	3	1	60	1	60	0.003	0	0.003	0.003	60	0	60	60	
0.4	5.4	28	82	4	3	7	952	7	952	0.005	0.00341565	0.003	0.01	136	201.077	60	592	
0.4	5.4	27	84	3	3	144	659183	144	659183	0.003	0	0.003	0.003	4577.66	2892.46	45	9422	
0.4	5.4	31	86	10	3	2	120	2	120	0.003	0	0.003	0.003	60	0	60	60	
0.4	5.4	37	91	33	3	2	120	2	120	0.003	0	0.003	0.003	60	0	60	60	
0.4	5.4	42	94	10	3	2	120	2	120	0.01	0	0.01	0.01	60	0	60	60	
0.4	5.4	34	95	19	3	2	120	2	120	0.003	0	0.003	0.003	60	0	60	60	
0.4	5.4	57	96	8	3	147	407183	147	407183	0.003	0	0.003	0.003	2769.95	1790.93	60	9422	
0.4	5.4	4	97	1	3	1	60	1	60	0.01	0	0.01	0.01	60	0	60	60	
0.4	5.4	10	98	8	3	4	240	4	240	0.0065	0.00404145	0.003	0.01	60	0	60	60	
0.4	5.4	26	101	6	3	264	520892	264	520892	0.00554545	0.00337372	0.003	0.01	1973.08	1392.46	60	9422	
0.4	5.4	37	103	40	3	2	120	2	120	0.003	0	0.003	0.003	60	0	60	60	
0.4	5.4	17	104	2	3	2	120	2	120	0.0065	0.00494975	0.003	0.01	60	0	60	60	
0.4	5.4	38	105	8	3	1	60	1	60	0.003	0	0.003	0.003	60	0	60	60	
0.4	5.4	52	106	29	3	3	180	3	180	0.003	0	0.003	0.003	60	0	60	60	
0.4	5.4	7	108	4	3	110	611245	110	611245	0.003	0	0.003	0.003	5556.77	2973.66	45	9422	
0.4	5.4	46	109	2	3	291	824934	289	819017	0.003	0	0.003	0.003	2833.97	1212.54	60	9422	
0.4	5.4	30	111	3	3	108	601793	108	601793	0.003	0	0.003	0.003	5572.16	3281.51	45	9422	
0.4	5.4	56	113	7	3	278	802566	278	802566	0.00448561	0.00286737	0.003	0.01	2886.93	1932.69	45	9422	
0.4	5.4	39	114	29	3	2	120	2	120	0.003	0	0.003	0.003	60	0	60	60	
0.4	5.4	31	115	9	3	2	120	2	120	0.003	0	0.003	0.003	60	0	60	60	
0.4	5.4	41	117	3	3	1	60	1	60	0.003	0	0.003	0.003	60	0	60	60	
0.4	5.4	34	118	11	3	1	60	1	60	0.003	0	0.003	0.003	60	0	60	60	
0.4	5.4	31	119	3	3	2	652	2	652	0.0065	0.00494975	0.003	0.01	326	376.181	60	592	
0.4	5.4	1	120	7	3	265	362266	265	362266	0.00643396	0.003506	0.003	0.01	1367.04	673.197	14	6507	
0.4	5.4	9	124	1	3	219	1195747	219	1195747	0.003	0	0.003	0.003	5460.03	3027.11	45	9422	
0.4	5.4	56	126	5	3	77	385269	77	385269	0.00309091	0.000797724	0.003	0.01	5003.49	3288.68	45	9422	
0.4	5.4	57	127	9	3	1	60	1	60	0.003	0	0.003	0.003	60	0	60	60	
0.4	5.4	7	128	9	3	4	240	4	240	0.0065	0.00404145	0.003	0.01	60	0	60	60	
0.4	5.4	55	129	4	3	2	120	2	120	0.003	0	0.003	0.003	60	0	60	60	
0.4	5.4	21	131	3	3	1	60	1	60	0.003	0	0.003	0.003	60	0	60	60	
0.4	5.4	21	132	12	3	4	240	4	240	0.0065	0.00404145	0.003	0.01	60	0	60	60	
0.4	5.4	18	136	2	3	241	759222	241	759222	0.00596265	0.0034657	0.003	0.01	3150.3	1608.18	60	9422	
0.4	5.4	31	138	5	3	2	120	2	120	0.003	0	0.003	0.003	60	0	60	60	
0.4	5.4	41	139	44	3	2	120	2	120	0.003	0	0.003	0.003	60	0	60	60	
0.4	5.4	20	142	2	3	15	46858	15	46858	0.003	0	0.003	0.003	3123.87	3203.82	60	9422	
0.4	5.4	18	143	3	3	2	120	2	120	0.003	0	0.003	0.003	60	0	60	60	
0.4	5.4	55	144	23	3	3	180	3	180	0.003	0	0.003	0.003	60	0	60	60	
0.4	5.4	37	145	9	3	547	837047	547	837047	0.00427971	0.00270808	0.003	0.01	1530.25	795.694	60	9422	
0.4	5.4	39	146	23	3	2	120	2	120	0.003	0	0.003	0.003	60	0	60	60	
0.4	5.4	13	147	11	3	3	180	3	180	0.00533333	0.00404145	0.003	0.01	60	0	60	60	
0.4	5.4	39	148	14	3	2	120	2	120	0.003	0	0.003	0.003	60	0	60	60	
0.4	5.4	13	150	10	3	1	60	1	60	0.003	0	0.003	0.003	60	0	60	60	
0.4	5.4	44	151	5	3	2	120	2	120	0.003	0	0.003	0.003	60	0	60	60	
0.4	5.4	48	152	6	3	2	120	2	120	0.01	0	0.01	0.01	60	0	60	60	
0.4	5.4	52	153	14	3	1328	3262720	1324	3257984	0.00325378	0.00130894	0.003	0.01	2460.71	1231.21	56	8873	
0.4	5.4	9	154	2	3	1	60	1	60	0.003	0	0.003	0.003	60	0	60	60	
0.4	5.4	42	155	1	3	201	663917	201	663917	0.003	0	0.003	0.003	3303.07	2479.22	60	9422	
0.4	5.4	16	157	4	3	1	60	1	60	0.003	0	0.003	0.003	60	0	60	60	
0.4	5.4	37	159	26	3	1	60	1	60	0.003	0	0.003	0.003	60	0	60	60	
0.4	5.4	39	161	8	3	1	60	1	60	0.003	0	0.003	0.003	60	0	60	60	
0.4	5.4	47	162	1	3	2	120	2	120	0.01	0	0.01	0.01	60	0	60	60	
0.4	5.4	45	163	7	3	368	1652796	366	1648062	0.00521858	0.00326145	0.003	0.01	4502.9	2916.49	60	9422	
0.4	5.4	49	164	10	3	1106	3458675	1106	3458675	0.003	0	0.003	0.003	3127.19	2054.68	60	9422	
0.4	5.4	2	165	15	3	3	180	3	180	0.00533333	0.00404145	0.003	0.01	60	0	60	60	
0.4	5.4	34	167	1	3	2	120	2	120	0.003	0	0.003	0.003	60	0	60	60	
0.4	5.4	14	168	5	3	174	934353	174	934353	0.00304023	0.000530669	0.003	0.01	5369.84	3080.54	45	9422	
0.4	5.4	50	169	9	3	264	1282884	264	1282884	0.00310606	0.000856712	0.003	0.01	4859.41	2518.32	45	9422	
0.4	5.4	24	170	1	3	1195	3129122	1195	3129122	0.00364435	0.00202452	0.003	0.01	2618.51	1237.58	60	9422	
0.4	5.4	13	172	4	3	2	120	2	120	0.0065	0.00494975	0.003	0.01	60	0	60	60	
0.4	5.4	3	174	7	3	921	1429971	921	1429971	0.0047329	0.00302279	0.003	0.01	1552.63	1002.53	592	9422	
0.4	5.4	45	175	8	3	1	60	1	60	0.01	0	0.01	0.01	60	0	60	60	
0.4	5.4	13	178	6	3	110	180008	110	180008	0.0058	0.00344498	0.003	0.01	1636.44	1187.12	60	6882	
0.4	5.4	10	179	6	3	81	346922	81	346922	0.003	0	0.003	0.003	4282.99	2951.59	45	9422	
0.4	5.4	49	180	5	3	1	60	1	60	0.01	0	0.01	0.01	60	0	60	60	
0.4	5.4	6	181	16	3	387	760692	387	760692	0.0049354	0.00336909	0.003	0.017	1965.61	1483.95	60	9422	
0.4	5.4	4	182	8	3	565	1055982	563	1053614	0.00746359	0.00336774	0.003	0.01	1871.43	1336.04	60	9422	
0.4	5.4	25	184	9	3	190	327920	188	326736	0.00508511	0.00320981	0.003	0.01	1737.96	1139.52	60	7708	
0.4	5.4	39	185	20	3	4	240	4	240	0.003	0	0.003	0.003	60	0	60	60	
0.4	5.4	24	187	16	3	1	60	1	60	0.003	0	0.003	0.003	60	0	60	60	
0.4	5.4	21	189	10	3	2	120	2	120	0.0065	0.00494975	0.003	0.01	60	0	60	60	
0.4	5.4	47	192	4	3	1	60	1	60	0.01	0	0.01	0.01	60	0	60	60	
0.4	5.4	32	193	4	3	104	524301	104	524301	0.003	0	0.003	0.003	5041.36	3355.85	45	9422	
0.4	5.4	49	194	8	3	1	60	1	60	0.01	0	0.01	0.01	60	0	60	60	
0.4	5.4	19	196	3	3	2	120	2	120	0.003	0	0.003	0.003	60	0	60	60	
0.4	5.4	28	197	7	3	1	60	1	60	0.01	0	0.01	0.01	60	0	60	60	
0.4	5.4	21	198	15	3	4	240	4	240	0.003	0	0.003	0.003	60	0	60	60	
0.4	5.4	8	200	6	3	3	180	3	180	0.003	0	0.003	0.003	60	0	60	60	
0.4	5.4	37	201	34	3	1	60	1	60	0.003	0	0.003	0.003	60	0	60	60	
0.4	5.4	34	202	10	3	5	300	5	300	0.003	0	0.003	0.003	60	0	60	60	
0.4	5.4	13	203	8	3	4	3667	4	3667	0.003	0	0.003	0.003	916.75	733.545	60	1775	
0.4	5.4	30	205	10	3	186	672794	186	672794	0.00326344	0.00133577	0.003	0.01	3617.17	1993.74	60	9422	
0.4	5.4	52	207	33	3	397	613174	397	613174	0.00386398	0.00230538	0.003	0.01	1544.52	722.776	60	9422	
0.4	5.4	30	208	5	3	3	180	3	180	0.00533333	0.00404145	0.003	0.01	60	0	60	60	
0.4	5.4	54	210	9	3	9	17867	8	14317	0.003875	0.00247487	0.003	0.01	1789.62	1245.57	60	3550	
0.4	5.4	21	213	17	3	6	360	6	360	0.003	0	0.003	0.003	60	0	60	60	
0.4	5.4	39	214	27	3	1	60	1	60	0.003	0	0.003	0.003	60	0	60	60	
0.4	5.4	41	217	11	3	1	60	1	60	0.01	0	0.01	0.01	60	0	60	60	
0.4	5.4	44	218	6	3	40	143410	39	138677	0.003	0	0.003	0.003	3555.82	2924.64	60	9422	
0.4	5.4	13	220	7	3	199	675182	199	675182	0.003	0	0.003	0.003	3392.87	1670.57	60	9422	
0.4	5.4	6	221	18	3	6	360	6	360	0.0065	0.00383406	0.003	0.01	60	0	60	60	
0.4	5.4	51	223	4	3	101	411897	101	411897	0.00466337	0.00299425	0.003	0.01	4078.19	3014.05	60	9422	
0.4	5.4	20	224	1	3	1	60	1	60	0.01	0	0.01	0.01	60	0	60	60	
0.4	5.4	55	226	12	3	2	120	2	120	0.003	0	0.003	0.003	60	0	60	60	
0.4	5.4	39	227	18	3	3	180	3	180	0.003	0	0.003	0.003	60	0	60	60	
0.4	5.4	27	228	6	3	273	1427673	273	1427673	0.00307692	0.000731097	0.003	0.01	5229.57	2817.11	45	9422	
0.4	5.4	37	230	8	3	654	987997	654	987997	0.0030107	0.000273722	0.003	0.01	1510.7	793.739	60	9422	
0.4	5.4	42	232	2	3	1	60	1	60	0.01	0	0.01	0.01	60	0	60	60	
0.4	5.4	41	233	38	3	2	120	2	120	0.01	0	0.01	0.01	60	0	60	60	
0.4	5.4	9	234	4	3	1	60	1	60	0.003	0	0.003	0.003	60	0	60	60	
0.4	5.4	35	235	6	3	3	180	3	180	0.00766667	0.00404145	0.003	0.01	60	0	60	60	
0.4	5.4	52	236	35	3	2	120	2	120	0.003	0	0.003	0.003	60	0	60	60	
0.4	5.4	28	239	8	3	3	180	3	180	0.003	0	0.003	0.003	60	0	60	60	
0.4	5.4	39	240	19	3	5	300	5	300	0.0058	0.00383406	0.003	0.01	60	0	60	60	
0.4	5.4	26	242	1	3	123	485269	123	485269	0.003	0	0.003	0.003	3945.28	2687.48	45	9422	
0.4	5.4	10	248	10	3	447	867735	447	867735	0.00525503	0.00327476	0.003	0.01	1941.24	1595.3	60	9422	
0.4	5.4	15	249	6	3	3	180	3	180	0.01	0	0.01	0.01	60	0	60	60	
0.4	5.4	52	250	27	3	1	60	1	60	0.003	0	0.003	0.003	60	0	60	60	
0.4	5.4	17	252	5	3	174	740333	174	740333	0.003	0	0.003	0.003	4254.79	2611.17	60	9422	
0.4	5.4	21	253	13	3	1	60	1	60	0.003	0	0.003	0.003	60	0	60	60	
0.4	5.4	51	254	3	3	2	120	2	120	0.003	0	0.003	0.003	60	0	60	60	
0.4	5.4	26	255	9	3	2	120	2	120	0.01	0	0.01	0.01	60	0	60	60	
0.4	5.4	27	256	2	3	1	60	1	60	0.01	0	0.01	0.01	60	0	60	60	
0.4	5.4	3	257	9	3	2	120	2	120	0.0065	0.00494975	0.003	0.01	60	0	60	60	
0.4	5.4	40	258	6	3	6	360	6	360	0.00883333	0.00285774	0.003	0.01	60	0	60	60	
0.4	5.4	56	260	2	3	2	120	2	120	0.003	0	0.003	0.003	60	0	60	60	
0.4	5.4	28	261	9	3	125	700001	125	700001	0.003	0	0.003	0.003	5600.01	3375.98	45	9422	
0.4	5.4	37	263	35	3	1	60	1	60	0.003	0	0.003	0.003	60	0	60	60	
0.4	5.4	33	264	3	3	2	120	2	120	0.003	0	0.003	0.003	60	0	60	60	
0.4	5.4	31	267	1	3	6	360	6	360	0.003	0	0.003	0.003	60	0	60	60	
0.4	5.4	36	268	8	3	3	180	3	180	0.00533333	0.00404145	0.003	0.01	60	0	60	60	
0.4	5.4	21	272	14	3	1	60	1	60	0.01	0	0.01	0.01	60	0	60	60	
0.4	5.4	35	273	4	3	3	180	3	180	0.00533333	0.00404145	0.003	0.01	60	0	60	60	
0.4	5.4	4	274	4	3	3	180	3	180	0.00766667	0.00404145	0.003	0.01	60	0	60	60	
0.4	5.4	3	275	8	3	2	120	2	120	0.0065	0.00494975	0.003	0.01	60	0	60	60	
0.4	5.4	52	276	9	3	4	240	4	240	0.003	0	0.003	0.003	60	0	60	60	
0.4	5.4	19	277	6	3	5	300	5	300	0.003	0	0.003	0.003	60	0	60	60	
0.4	5.4	49	279	3	3	2	120	2	120	0.003	0	0.003	0.003	60	0	60	60	
0.4	5.4	33	280	5	3	1	60	1	60	0.003	0	0.003	0.003	60	0	60	60	
0.4	5.4	26	285	8	3	1	60	1	60	0.003	0	0.003	0.003	60	0	60	60	
0.4	5.4	56	286	8	3	176	479373	176	479373	0.00383523	0.00227561	0.003	0.01	2723.71	1184.12	60	6882	
0.4	5.4	55	287	16	3	549	821644	548	821052	0.00398358	0.00243484	0.003	0.01	1498.27	752.782	60	9422	
0.4	5.4	13	290	14	3	534	1131531	534	1131531	0.00442884	0.00282404	0.003	0.01	2118.97	1369.66	60	9422	
0.4	5.4	25	291	13	3	1	60	1	60	0.003	0	0.003	0.003	60	0	60	60	
0.4	5.4	34	292	14	3	3	180	3	180	0.003	0	0.003	0.003	60	0	60	60	
0.4	5.4	20	295	4	3	6	8992	6	8992	0.00533333	0.00361478	0.003	0.01	1498.67	1204.42	60	3550	
0.4	5.4	27	298	7	3	25	117847	25	117847	0.003	0	0.003	0.003	4713.88	3343.46	60	9422	
0.4	5.4	25	299	6	3	2	120	2	120	0.003	0	0.003	0.003	60	0	60	60	
0.4	5.4	3	301	6	3	2	120	2	120	0.003	0	0.003	0.003	60	0	60	60	
0.4	5.4	41	302	17	3	2	120	2	120	0.003	0	0.003	0.003	60	0	60	60	
0.4	5.4	55	305	10	3	3	180	3	180	0.003	0	0.003	0.003	60	0	60	60	
0.4	5.4	50	306	7	3	2	120	2	120	0.01	0	0.01	0.01	60	0	60	60	
0.4	5.4	22	307	5	3	3	180	3	180	0.00533333	0.00404145	0.003	0.01	60	0	60	60	
0.4	5.4	36	309	7	3	2	708	2	708	0.003	0	0.003	0.003	354	415.779	60	648	
0.4	5.4	56	310	3	3	1	60	1	60	0.003	0	0.003	0.003	60	0	60	60	
0.4	5.4	57	311	5	3	3	180	3	180	0.01	0	0.01	0.01	60	0	60	60	
0.4	5.4	8	312	13	3	234	707162	234	707162	0.003	0	0.003	0.003	3022.06	1669.99	60	9422	
0.4	5.4	6	313	4	3	1	60	1	60	0.01	0	0.01	0.01	60	0	60	60	
0.4	5.4	23	314	5	3	1	60	1	60	0.01	0	0.01	0.01	60	0	60	60	
0.4	5.4	2	316	6	3	1	60	1	60	0.003	0	0.003	0.003	60	0	60	60	
0.4	5.4	50	318	2	3	221	1027453	221	1027453	0.00319004	0.00114021	0.003	0.01	4649.11	2971.78	45	9422	
0.4	5.4	26	319	7	3	1	60	1	60	0.01	0	0.01	0.01	60	0	60	60	
0.4	5.4	41	320	21	3	2	120	2	120	0.0065	0.00494975	0.003	0.01	60	0	60	60	
0.4	5.4	26	321	4	3	1	60	1	60	0.003	0	0.003	0.003	60	0	60	60	
0.4	5.4	7	322	2	3	533	2207803	533	2207803	0.00314446	0.000996117	0.003	0.01	4142.22	1604.81	56	9422	
0.4	5.4	32	323	5	3	188	911372	188	911372	0.003	0	0.003	0.003	4847.72	3146.55	45	9422	
0.4	5.4	52	324	15	3	6	360	6	360	0.003	0	0.003	0.003	60	0	60	60	
0.4	5.4	56	326	4	3	1	60	1	60	0.01	0	0.01	0.01	60	0	60	60	
0.4	5.4	55	330	20	3	2	120	2	120	0.0065	0.00494975	0.003	0.01	60	0	60	60	
0.4	5.4	29	331	3	3	2	120	2	120	0.003	0	0.003	0.003	60	0	60	60	
0.4	5.4	41	332	2	3	5	300	5	300	0.0044	0.0031305	0.003	0.01	60	0	60	60	
0.4	5.4	52	333	12	3	2	120	2	120	0.003	0	0.003	0.003	60	0	60	60	
0.4	5.4	49	336	2	3	6	360	6	360	0.003	0	0.003	0.003	60	0	60	60	
0.4	5.4	8	337	12	3	3	180	3	180	0.003	0	0.003	0.003	60	0	60	60	
0.4	5.4	24	338	6	3	798	1166812	796	1163262	0.00483794	0.00308212	0.003	0.01	1461.38	497.147	60	3919	
0.4	5.4	37	339	5	3	2	120	2	120	0.003	0	0.003	0.003	60	0	60	60	
0.4	5.4	41	340	15	3	3	712	3	712	0.003	0	0.003	0.003	237.333	307.15	60	592	
0.4	5.4	46	342	7	3	1	60	1	60	0.01	0	0.01	0.01	60	0	60	60	
0.4	5.4	54	343	6	3	3	180	3	180	0.00533333	0.00404145	0.003	0.01	60	0	60	60	
0.4	5.4	29	344	4	3	4	240	4	240	0.00475	0.0035	0.003	0.01	60	0	60	60	
0.4	5.4	7	345	1	3	3	180	3	180	0.003	0	0.003	0.003	60	0	60	60	
0.4	5.4	55	346	22	3	1	60	1	60	0.003	0	0.003	0.003	60	0	60	60	
0.4	5.4	5	347	43	3	1	60	1	60	0.003	0	0.003	0.003	60	0	60	60	
0.4	5.4	41	349	20	3	1	60	1	60	0.003	0	0.003	0.003	60	0	60	60	
0.4	5.4	42	350	5	3	2	120	2	120	0.01	0	0.01	0.01	60	0	60	60	
0.4	5.4	52	351	2	3	1	60	1	60	0.003	0	0.003	0.003	60	0	60	60	
0.4	5.4	37	352	1	3	4	240	4	240	0.00475	0.0035	0.003	0.01	60	0	60	60	
0.4	5.4	39	353	24	3	2	120	2	120	0.003	0	0.003	0.003	60	0	60	60	
0.4	5.4	17	354	6	3	3	180	3	180	0.01	0	0.01	0.01	60	0	60	60	
0.4	5.4	30	355	4	3	2	120	2	120	0.01	0	0.01	0.01	60	0	60	60	
0.4	5.4	1	357	2	3	484	773031	484	773031	0.00485124	0.00309052	0.003	0.01	1597.17	694.043	60	5664	
0.4	5.4	20	358	3	3	478	1864485	478	1864485	0.0063682	0.00350118	0.003	0.01	3900.6	1779.99	45	9422	
0.4	5.4	24	360	18	3	115	297201	115	297201	0.003	0	0.003	0.003	2584.36	1474.83	60	9422	
0.4	5.4	50	361	3	3	1	60	1	60	0.01	0	0.01	0.01	60	0	60	60	
0.4	5.4	38	365	3	3	30	90822	30	90822	0.003	0	0.003	0.003	3027.4	2430.09	60	9422	
0.4	5.4	39	368	21	3	1	60	1	60	0.003	0	0.003	0.003	60	0	60	60	
0.4	5.4	11	370	9	3	1	60	1	60	0.003	0	0.003	0.003	60	0	60	60	
0.4	5.4	8	372	5	3	2	120	2	120	0.01	0	0.01	0.01	60	0	60	60	
0.4	5.4	12	374	5	3	1	60	1	60	0.003	0	0.003	0.003	60	0	60	60	
0.4	5.4	37	375	27	3	1	60	1	60	0.003	0	0.003	0.003	60	0	60	60	
0.4	5.4	38	376	2	3	96	296541	96	296541	0.00394792	0.00240775	0.003	0.01	3088.97	1728.72	60	9422	
0.4	5.4	55	378	2	3	2	120	2	120	0.003	0	0.003	0.003	60	0	60	60	
0.4	5.4	3	380	3	3	37	152174	37	152174	0.003	0	0.003	0.003	4112.81	2403.71	60	9422	
0.4	5.4	34	382	16	3	3	180	3	180	0.003	0	0.003	0.003	60	0	60	60	
0.4	5.4	1	383	10	3	105	305454	105	305454	0.003	0	0.003	0.003	2909.09	1875.81	60	9422	
0.4	5.4	31	384	8	3	4	240	4	240	0.00475	0.0035	0.003	0.01	60	0	60	60	
0.4	5.4	52	385	34	3	554	811614	554	811614	0.003	0	0.003	0.003	1465.01	409.002	60	4395	
0.4	5.4	51	387	2	3	3	180	3	180	0.00766667	0.00404145	0.003	0.01	60	0	60	60	
0.4	5.4	6	388	19	3	2	120	2	120	0.01	0	0.01	0.01	60	0	60	60	
0.4	5.4	50	389	1	3	75	361025	75	361025	0.00309333	0.00080829	0.003	0.01	4813.67	3360.08	45	9422	
0.4	5.4	39	390	33	3	2132	3844306	2132	3844306	0.0030985	0.000824688	0.003	0.01	1803.15	879.946	60	9422	
0.4	5.4	3	391	10	3	1	60	1	60	0.003	0	0.003	0.003	60	0	60	60	
0.4	5.4	21	392	11	3	1	60	1	60	0.003	0	0.003	0.003	60	0	60	60	
0.4	5.4	44	394	2	3	2	120	2	120	0.01	0	0.01	0.01	60	0	60	60	
0.4	5.4	34	395	23	3	1	60	1	60	0.003	0	0.003	0.003	60	0	60	60	
0.4	5.4	39	398	5	3	265	432779	265	432779	0.00543019	0.0033388	0.003	0.01	1633.13	384.712	60	1775	
0.4	5.4	55	399	1	3	469	1166420	469	1166420	0.00341791	0.0016603	0.003	0.01	2487.04	1015.55	60	7708	
0.4	5.4	23	401	9	3	3	180	3	180	0.00766667	0.00404145	0.003	0.01	60	0	60	60	
0.4	5.4	37	402	28	3	1	60	1	60	0.003	0	0.003	0.003	60	0	60	60	
0.4	5.4	37	404	13	3	2	120	2	120	0.003	0	0.003	0.003	60	0	60	60	
0.4	5.4	44	406	4	3	1	60	1	60	0.01	0	0.01	0.01	60	0	60	60	
0.4	5.4	16	407	1	3	2	120	2	120	0.003	0	0.003	0.003	60	0	60	60	
0.4	5.4	25	413	16	3	1	60	1	60	0.003	0	0.003	0.003	60	0	60	60	
0.4	5.4	53	415	6	3	10	21420	10	21420	0.003	0	0.003	0.003	2142	1551.72	60	4395	
0.4	5.4	19	416	7	3	5	300	5	300	0.0058	0.00383406	0.003	0.01	60	0	60	60	
0.4	5.4	55	417	14	3	1	60	1	60	0.003	0	0.003	0.003	60	0	60	60	
0.4	5.4	55	418	19	3	192	440935	192	440935	0.00303646	0.000505181	0.003	0.01	2296.54	1622.36	60	9422	
0.4	5.4	37	421	21	3	3	180	3	180	0.003	0	0.003	0.003	60	0	60	60	
0.4	5.4	17	422	7	3	2	120	2	120	0.003	0	0.003	0.003	60	0	60	60	
0.4	5.4	46	424	8	3	163	928354	163	928354	0.00321472	0.00121077	0.003	0.01	5695.42	3217.33	45	9422	
0.4	5.4	10	425	3	3	3	180	3	180	0.00533333	0.00404145	0.003	0.01	60	0	60	60	
0.4	5.4	57	430	3	3	5	300	5	300	0.003	0	0.003	0.003	60	0	60	60	
0.4	5.4	46	431	1	3	1	60	1	60	0.003	0	0.003	0.003	60	0	60	60	
0.4	5.4	46	433	5	3	1	60	1	60	0.003	0	0.003	0.003	60	0	60	60	
0.4	5.4	45	434	3	3	5	300	5	300	0.0072	0.00383406	0.003	0.01	60	0	60	60	
0.4	5.4	6	438	20	3	3	180	3	180	0.00766667	0.00404145	0.003	0.01	60	0	60	60	
0.4	5.4	39	440	12	3	144	204302	143	202527	0.00456643	0.00292767	0.003	0.01	1416.27	574.513	60	2361	
0.4	5.4	42	445	7	3	6	360	6	360	0.00883333	0.00285774	0.003	0.01	60	0	60	60	
0.4	5.4	2	446	9	3	77	385858	77	385858	0.003	0	0.003	0.003	5011.14	3582.76	45	9422	
0.4	5.4	14	447	8	3	116	520287	116	520287	0.003	0	0.003	0.003	4485.23	3174.33	45	9422	
0.4	5.4	53	449	1	3	153	676353	153	676353	0.003	0	0.003	0.003	4420.61	2565.81	45	9422	
0.4	5.4	39	450	25	3	5	300	5	300	0.0058	0.00383406	0.003	0.01	60	0	60	60	
0.4	5.4	29	453	1	3	2	120	2	120	0.003	0	0.003	0.003	60	0	60	60	
0.4	5.4	37	455	14	3	5	300	5	300	0.003	0	0.003	0.003	60	0	60	60	
0.4	5.4	21	456	16	3	4	240	4	240	0.01	0	0.01	0.01	60	0	60	60	
0.4	5.4	5	457	11	3	927	1224825	926	1224569	0.00363499	0.00201149	0.003	0.01	1322.43	444.498	60	4481	
0.4	5.4	37	458	12	3	1	60	1	60	0.003	0	0.003	0.003	60	0	60	60	
0.4	5.4	13	459	3	3	55	166374	55	166374	0.003	0	0.003	0.003	3024.98	2141.91	60	8282	
0.4	5.4	40	460	7	3	189	1016648	189	1016648	0.00311111	0.000877214	0.003	0.01	5379.09	3654.58	45	9422	
0.4	5.4	8	461	1	3	2	120	2	120	0.003	0	0.003	0.003	60	0	60	60	
0.4	5.4	40	463	5	3	1	60	1	60	0.01	0	0.01	0.01	60	0	60	60	
0.4	5.4	4	464	3	3	2	120	2	120	0.01	0	0.01	0.01	60	0	60	60	
0.4	5.4	4	465	6	3	1	60	1	60	0.003	0	0.003	0.003	60	0	60	60	
0.4	5.4	34	467	18	3	2	120	2	120	0.003	0	0.003	0.003	60	0	60	60	
0.4	5.4	41	468	18	3	1	60	1	60	0.003	0	0.003	0.003	60	0	60	60	
0.4	5.4	46	470	4	3	1	60	1	60	0.01	0	0.01	0.01	60	0	60	60	
0.4	5.4	37	472	32	3	4	240	4	240	0.003	0	0.003	0.003	60	0	60	60	
0.4	5.4	20	474	5	3	5	300	5	300	0.0072	0.00383406	0.003	0.01	60	0	60	60	
0.4	5.4	6	476	13	3	195	326151	193	322601	0.00557513	0.00338437	0.003	0.01	1671.51	339.98	60	1980	
0.4	5.4	35	477	3	3	2	120	2	120	0.01	0	0.01	0.01	60	0	60	60	
0.4	5.4	23	478	4	3	132	211368	132	211368	0.00634091	0.0035097	0.003	0.01	1601.27	862.775	60	4904	
0.4	5.4	31	480	2	3	172	549675	172	549675	0.00336628	0.00156333	0.003	0.01	3195.78	755.082	592	5746	
0.4	5.4	33	481	8	3	2	120	2	120	0.01	0	0.01	0.01	60	0	60	60	
0.4	5.4	28	482	5	3	298	730878	298	730878	0.00302349	0.000405499	0.003	0.01	2452.61	1270.41	60	5664	
0.4	5.4	40	483	3	3	3	180	3	180	0.00533333	0.00404145	0.003	0.01	60	0	60	60	
0.4	5.4	55	485	13	3	1	60	1	60	0.01	0	0.01	0.01	60	0	60	60	
0.4	5.4	49	486	7	3	3	180	3	180	0.003	0	0.003	0.003	60	0	60	60	
0.4	5.4	23	487	1	3	3	180	4	240	0.00825	0.0035	0.003	0.01	60	0	60	60	
0.4	5.4	15	488	2	3	1	60	1	60	0.003	0	0.003	0.003	60	0	60	60	
0.4	5.4	57	489	11	3	2	120	2	120	0.0065	0.00494975	0.003	0.01	60	0	60	60	
0.4	5.4	1	490	16	3	5	300	5	300	0.0072	0.00383406	0.003	0.01	60	0	60	60	
0.4	5.4	39	493	7	3	3	180	3	180	0.003	0	0.003	0.003	60	0	60	60	
0.4	5.4	26	494	5	3	183	427961	183	427961	0.00445355	0.00284716	0.003	0.01	2338.58	1598.56	60	9422	
0.4	5.4	3	496	12	3	1	60	1	60	0.003	0	0.003	0.003	60	0	60	60	
0.4	5.4	32	499	1	3	130	617197	130	617197	0.00316154	0.0010551	0.003	0.01	4747.67	3125.17	45	9422	
0.4	5.4	31	500	7	3	205	939262	205	939262	0.00303415	0.000488901	0.003	0.01	4581.77	3434.93	45	9422	
0.4	5.4	12	501	2	3	1	60	1	60	0.01	0	0.01	0.01	60	0	60	60	
0.4	5.4	14	502	4	3	178	573442	178	573442	0.00500562	0.00317386	0.003	0.01	3221.58	2282.67	45	9422	
0.4	5.4	7	504	6	3	2	120	2	120	0.0065	0.00494975	0.003	0.01	60	0	60	60	
0.4	5.4	52	505	1	3	3	180	3	180	0.003	0	0.003	0.003	60	0	60	60	
0.4	5.4	19	507	1	3	1	60	1	60	0.003	0	0.003	0.003	60	0	60	60	
0.4	5.4	34	508	17	3	1	60	1	60	0.01	0	0.01	0.01	60	0	60	60	
0.4	5.4	37	510	24	3	1	60	1	60	0.003	0	0.003	0.003	60	0	60	60	
0.4	5.4	48	511	4	3	2	120	2	120	0.003	0	0.003	0.003	60	0	60	60	
0.4	5.4	37	512	36	3	2	120	2	120	0.003	0	0.003	0.003	60	0	60	60	
0.4	5.4	7	513	7	3	1	60	1	60	0.003	0	0.003	0.003	60	0	60	60	
0.4	5.4	52	514	8	3	1	60	1	60	0.003	0	0.003	0.003	60	0	60	60	
0.4	5.4	54	515	5	3	3	180	3	180	0.01	0	0.01	0.01	60	0	60	60	
0.4	5.4	43	516	2	3	2	120	2	120	0.0065	0.00494975	0.003	0.01	60	0	60	60	
0.4	5.4	23	517	7	3	2	120	2	120	0.01	0	0.01	0.01	60	0	60	60	
0.4	5.4	44	519	3	3	2	120	2	120	0.01	0	0.01	0.01	60	0	60	60	
0.4	5.4	17	521	3	3	2	120	2	120	0.0065	0.00494975	0.003	0.01	60	0	60	60	
0.4	5.4	34	523	13	3	5	300	5	300	0.003	0	0.003	0.003	60	0	60	60	
0.4	5.4	8	524	3	3	165	455089	165	455089	0.00321212	0.00120359	0.003	0.01	2758.12	2340.42	60	9422	
0.4	5.4	19	525	5	3	2	120	2	120	0.003	0	0.003	0.003	60	0	60	60	
0.4	5.4	23	526	3	3	171	630816	171	630816	0.00328655	0.00139106	0.003	0.01	3688.98	1804.74	60	9422	
0.4	5.4	25	527	1	3	201	654496	201	654496	0.00554229	0.00337483	0.003	0.01	3256.2	1751.92	60	9422	
0.4	5.4	25	528	2	3	2	120	2	120	0.01	0	0.01	0.01	60	0	60	60	
0.4	5.4	31	529	6	3	2	120	2	120	0.003	0	0.003	0.003	60	0	60	60	
0.4	5.4	14	531	6	3	1	60	1	60	0.01	0	0.01	0.01	60	0	60	60	
0.4	5.4	33	533	4	3	4	240	4	240	0.003	0	0.003	0.003	60	0	60	60	
0.4	5.4	39	535	34	3	3	180	3	180	0.003	0	0.003	0.003	60	0	60	60	
0.4	5.4	36	538	3	3	566	1888801	566	1888801	0.00464488	0.00297054	0.003	0.01	3337.1	1289.63	60	9422	
0.4	5.4	11	539	2	3	1	60	1	60	0.01	0	0.01	0.01	60	0	60	60	
0.4	5.4	7	540	8	3	2	120	2	120	0.01	0	0.01	0.01	60	0	60	60	
0.4	5.4	38	541	1	3	96	414398	96	414398	0.003	0	0.003	0.003	4316.65	3158.14	45	9422	
0.4	5.4	11	544	6	3	1	60	1	60	0.01	0	0.01	0.01	60	0	60	60	
0.4	5.4	27	545	8	3	4	240	4	240	0.00825	0.0035	0.003	0.01	60	0	60	60	
0.4	5.4	14	546	7	3	3	240	3	240	0.01	0	0.01	0.01	80	34.641	60	120	
0.4	5.4	53	547	2	3	2	120	2	120	0.003	0	0.003	0.003	60	0	60	60	
0.4	5.4	22	548	7	3	3	180	3	180	0.00533333	0.00404145	0.003	0.01	60	0	60	60	
0.4	5.4	37	549	23	3	2	120	2	120	0.0065	0.00494975	0.003	0.01	60	0	60	60	
0.4	5.4	27	550	1	3	1	60	1	60	0.01	0	0.01	0.01	60	0	60	60	
0.4	5.4	34	551	5	3	2	120	2	120	0.003	0	0.003	0.003	60	0	60	60	
0.4	5.4	30	552	9	3	75	316641	75	316641	0.003	0	0.003	0.003	4221.88	3255.5	45	9422	
0.4	5.4	2	553	1	3	1	60	1	60	0.003	0	0.003	0.003	60	0	60	60	
0.4	5.4	29	555	6	3	1	60	1	60	0.01	0	0.01	0.01	60	0	60	60	
0.4	5.4	54	557	10	3	178	1050706	178	1050706	0.003	0	0.003	0.003	5902.84	3338.81	45	9422	
0.4	5.4	12	558	4	3	4	240	4	240	0.00475	0.0035	0.003	0.01	60	0	60	60	
0.4	5.4	53	559	4	3	1	60	1	60	0.003	0	0.003	0.003	60	0	60	60	
0.4	5.4	35	563	1	3	2	120	2	120	0.0065	0.00494975	0.003	0.01	60	0	60	60	
0.4	5.4	37	564	39	3	1	60	1	60	0.003	0	0.003	0.003	60	0	60	60	
0.4	5.4	1	566	22	3	9	540	9	540	0.00844444	0.00308671	0.003	0.01	60	0	60	60	
0.4	5.4	50	567	8	3	350	819679	350	819679	0.00562	0.00339242	0.003	0.01	2341.94	1451.69	60	9422	
0.4	5.4	9	568	3	3	2	120	2	120	0.0065	0.00494975	0.003	0.01	60	0	60	60	
0.4	5.4	49	570	9	3	3	180	3	180	0.00533333	0.00404145	0.003	0.01	60	0	60	60	
0.4	5.4	30	571	7	3	2	120	2	120	0.01	0	0.01	0.01	60	0	60	60	
0.4	5.4	23	573	10	3	186	798222	186	798222	0.00533333	0.00330874	0.003	0.01	4291.52	2039.49	60	9422	
0.4	5.4	8	574	14	3	1	60	1	60	0.003	0	0.003	0.003	60	0	60	60	
0.4	5.4	25	577	15	3	146	704947	146	704947	0.003	0	0.003	0.003	4828.4	2794.48	60	9422	
0.4	5.4	39	580	26	3	1	60	1	60	0.003	0	0.003	0.003	60	0	60	60	
0.4	5.4	35	582	11	3	180	985272	180	985272	0.003	0	0.003	0.003	5473.73	3371.1	45	9422	
0.4	5.4	52	583	7	3	122	253972	122	253972	0.003	0	0.003	0.003	2081.74	1581.7	60	9422	
0.4	5.4	25	584	12	3	3	180	3	180	0.00766667	0.00404145	0.003	0.01	60	0	60	60	
0.4	5.4	8	586	9	3	5	5442	5	5442	0.0058	0.00383406	0.003	0.01	1088.4	742.216	60	1775	
0.4	5.4	40	588	8	3	49	69949	49	69949	0.00471428	0.00304138	0.003	0.01	1427.53	759.368	60	3550	
0.4	5.4	3	590	14	3	2	120	2	120	0.0065	0.00494975	0.003	0.01	60	0	60	60	
0.4	5.4	42	591	8	3	2	652	2	652	0.01	0	0.01	0.01	326	376.181	60	592	
0.4	5.4	41	592	9	3	2	120	2	120	0.003	0	0.003	0.003	60	0	60	60	
0.4	5.4	8	594	2	3	213	1047496	211	1043354	0.0031327	0.000956891	0.003	0.01	4944.81	2186.49	60	9422	
0.4	5.4	50	595	5	3	16	41542	16	41542	0.003	0	0.003	0.003	2596.38	1636.84	60	4395	
0.4	5.4	41	596	30	3	212	372867	212	372867	0.00435377	0.00277127	0.003	0.01	1758.81	146.12	60	1775	
0.4	5.4	57	599	7	3	1	60	1	60	0.003	0	0.003	0.003	60	0	60	60	
0.4	5.4	10	601	9	3	2	120	2	120	0.0065	0.00494975	0.003	0.01	60	0	60	60	
0.4	5.4	21	602	5	3	1	60	1	60	0.003	0	0.003	0.003	60	0	60	60	
0.4	5.4	39	604	17	3	2	120	2	120	0.003	0	0.003	0.003	60	0	60	60	
0.4	5.4	40	606	4	3	4	240	4	240	0.0065	0.00404145	0.003	0.01	60	0	60	60	
0.4	5.4	41	608	31	3	1	60	1	60	0.003	0	0.003	0.003	60	0	60	60	
0.4	5.4	52	609	28	3	4	240	4	240	0.003	0	0.003	0.003	60	0	60	60	
0.4	5.4	34	610	3	3	3	180	3	180	0.003	0	0.003	0.003	60	0	60	60	
0.4	5.4	1	611	27	3	74	174090	74	174090	0.00489189	0.00312992	0.003	0.01	2352.57	1044.39	60	6272	
0.4	5.4	39	612	1	3	6	360	6	360	0.003	0	0.003	0.003	60	0	60	60	
0.4	5.4	52	615	5	3	2	120	2	120	0.003	0	0.003	0.003	60	0	60	60	
0.4	5.4	14	618	9	3	155	455696	155	455696	0.003	0	0.003	0.003	2939.97	2264.53	60	9422	
0.4	5.4	51	619	1	3	2	120	2	120	0.003	0	0.003	0.003	60	0	60	60	
0.4	5.4	41	620	29	3	675	2207934	675	2207934	0.003	0	0.003	0.003	3271.01	1084.42	56	7099	
0.4	5.4	37	621	29	3	1	60	1	60	0.003	0	0.003	0.003	60	0	60	60	
0.4	5.4	6	622	7	3	3	180	3	180	0.00766667	0.00404145	0.003	0.01	60	0	60	60	
0.4	5.4	42	626	3	3	2	120	2	120	0.0065	0.00494975	0.003	0.01	60	0	60	60	
0.4	5.4	22	627	2	3	3	180	3	180	0.003	0	0.003	0.003	60	0	60	60	
0.4	5.4	28	629	1	3	1	60	1	60	0.003	0	0.003	0.003	60	0	60	60	
0.4	5.4	41	630	28	3	5	300	5	300	0.003	0	0.003	0.003	60	0	60	60	
0.4	5.4	21	631	1	3	1	60	1	60	0.003	0	0.003	0.003	60	0	60	60	
0.4	5.4	14	633	3	3	4	240	4	240	0.00475	0.0035	0.003	0.01	60	0	60	60	
0.4	5.4	41	635	10	3	2	120	2	120	0.003	0	0.003	0.003	60	0	60	60	
0.4	5.4	29	637	2	3	54	274153	54	274153	0.003	0	0.003	0.003	5076.91	3341.66	45	9422	
0.4	5.4	27	641	10	3	1	60	1	60	0.003	0	0.003	0.003	60	0	60	60	
0.4	5.4	38	642	4	3	1	60	1	60	0.01	0	0.01	0.01	60	0	60	60	
0.4	5.4	49	643	6	3	1	60	1	60	0.003	0	0.003	0.003	60	0	60	60	
0.4	5.4	9	644	5	3	145	708859	145	708859	0.003	0	0.003	0.003	4888.68	2570.09	60	9422	
0.4	5.4	4	645	7	3	350	1008476	350	1008476	0.00344	0.00170137	0.003	0.01	2881.36	1180.9	60	9422	
0.4	5.4	9	646	6	3	164	674088	164	674088	0.003	0	0.003	0.003	4110.29	2061.33	60	9422	
0.4	5.4	41	647	13	3	3	180	3	180	0.003	0	0.003	0.003	60	0	60	60	
0.4	5.4	41	648	14	3	3	180	3	180	0.00533333	0.00404145	0.003	0.01	60	0	60	60	
0.4	5.4	11	651	7	3	209	736674	209	736674	0.00554545	0.0033754	0.003	0.01	3524.76	2880.98	60	9422	
0.4	5.4	34	652	9	3	1	60	1	60	0.01	0	0.01	0.01	60	0	60	60	
0.4	5.4	30	654	2	3	2	120	2	120	0.0065	0.00494975	0.003	0.01	60	0	60	60	
0.4	5.4	38	655	9	3	212	1002477	212	1002477	0.003	0	0.003	0.003	4728.67	3235.75	45	9422	
0.4	5.4	52	658	16	3	1	60	1	60	0.003	0	0.003	0.003	60	0	60	60	
0.4	5.4	5	661	32	3	178	201419	178	201419	0.003	0	0.003	0.003	1131.57	912.633	60	9422	
0.4	5.4	5	662	13	3	2	120	2	120	0.003	0	0.003	0.003	60	0	60	60	
0.4	5.4	1	663	15	3	1	60	1	60	0.003	0	0.003	0.003	60	0	60	60	
0.4	5.4	6	664	11	3	340	476639	340	476639	0.00586176	0.00344639	0.003	0.01	1401.88	897.987	60	9422	
0.4	5.4	1	665	21	3	4	240	4	240	0.0065	0.00404145	0.003	0.01	60	0	60	60	
0.4	5.4	5	666	29	3	1478	1819450	1476	1817739	0.003	0	0.003	0.003	1231.53	661.278	12	7099	
0.4	5.4	6	667	17	3	2	120	2	120	0.0065	0.00494975	0.003	0.01	60	0	60	60	
0.4	5.4	5	669	33	3	223	169727	223	169727	0.0039417	0.00239391	0.003	0.01	761.108	461.613	6	1775	
0.4	5.4	5	670	24	3	2	594	2	594	0.003	0	0.003	0.003	297	311.127	77	517	
0.4	5.4	5	671	51	3	3	180	3	180	0.003	0	0.003	0.003	60	0	60	60	
0.4	5.4	6	672	6	3	749	920620	748	919436	0.00579813	0.0034312	0.003	0.01	1229.19	461.595	60	4904	
0.4	5.4	43	673	4	3	91	407744	91	407744	0.003	0	0.003	0.003	4480.7	3147.46	45	9422	
0.4	5.4	6	676	2	3	13	21419	13	21419	0.003	0	0.003	0.003	1647.62	799.83	60	3550	
0.4	5.4	6	678	15	3	1	60	1	60	0.003	0	0.003	0.003	60	0	60	60	
0.4	5.4	5	680	58	3	2	120	2	120	0.0065	0.00494975	0.003	0.01	60	0	60	60	
0.4	5.4	6	681	8	3	1	60	1	60	0.01	0	0.01	0.01	60	0	60	60	
0.4	5.4	1	682	20	3	1	60	1	60	0.003	0	0.003	0.003	60	0	60	60	
0.4	5.4	6	684	14	3	2	708	2	708	0.0065	0.00494975	0.003	0.01	354	415.779	60	648	
0.4	5.4	5	686	46	3	243	276569	241	275041	0.00459751	0.00294389	0.003	0.01	1141.25	1119.05	11	7099	
0.4	5.4	24	689	7	3	2	120	2	120	0.003	0	0.003	0.003	60	0	60	60	
0.4	5.4	5	690	34	3	1	60	1	60	0.003	0	0.003	0.003	60	0	60	60	
0.4	5.4	25	694	10	3	3	180	3	180	0.00533333	0.00404145	0.003	0.01	60	0	60	60	
0.4	5.4	5	696	53	3	1	60	1	60	0.003	0	0.003	0.003	60	0	60	60	
0.4	5.4	24	698	11	3	1309	1820822	1307	1819638	0.00449426	0.00286938	0.003	0.01	1392.22	669.287	60	6882	
0.4	5.4	5	699	54	3	2	120	2	120	0.003	0	0.003	0.003	60	0	60	60	
0.4	5.4	5	700	25	3	328	490127	328	490127	0.00481402	0.00307185	0.003	0.01	1494.29	468.786	60	2169	
0.4	5.4	1	701	13	3	2	120	2	120	0.0065	0.00494975	0.003	0.01	60	0	60	60	
0.4	5.4	24	702	2	3	169	260046	169	260046	0.00440828	0.00281453	0.003	0.01	1538.73	945.915	60	4710	
0.4	5.4	1	703	5	3	2	120	2	120	0.003	0	0.003	0.003	60	0	60	60	
0.4	5.4	43	704	11	3	146	663920	146	663920	0.00726712	0.00342665	0.003	0.01	4547.4	2813.37	45	9422	
0.4	5.4	5	707	10	3	1	60	1	60	0.003	0	0.003	0.003	60	0	60	60	
0.4	5.4	5	708	38	3	2	120	2	120	0.0065	0.00494975	0.003	0.01	60	0	60	60	
0.4	5.4	43	709	7	3	54	124976	54	124976	0.00857407	0.00284573	0.003	0.01	2314.37	2154.24	60	9422	
0.4	5.4	5	710	49	3	1446	1765563	1445	1764379	0.00421107	0.00264871	0.003	0.01	1221.02	759.893	46	8873	
0.4	5.4	5	712	2	3	1144	1269543	1143	1269050	0.00443919	0.00283021	0.003	0.01	1110.28	599.637	13	6882	
0.4	5.4	5	713	59	3	3	180	3	180	0.00533333	0.00404145	0.003	0.01	60	0	60	60	
0.4	5.4	5	714	26	3	147	166518	145	163560	0.003	0	0.003	0.003	1128	444.99	60	2196	
0.4	5.4	5	715	1	3	1	60	1	60	0.003	0	0.003	0.003	60	0	60	60	
0.4	5.4	5	717	36	3	3	596	3	596	0.00533333	0.00404145	0.003	0.01	198.667	135.677	42	277	
0.4	5.4	24	718	21	3	1	60	1	60	0.003	0	0.003	0.003	60	0	60	60	
0.4	5.4	24	719	8	3	84	239924	84	239924	0.003	0	0.003	0.003	2856.24	1748.77	60	8873	
0.4	5.4	5	720	56	3	2	120	2	120	0.01	0	0.01	0.01	60	0	60	60	
0.4	5.4	6	721	12	3	2	120	2	120	0.0065	0.00494975	0.003	0.01	60	0	60	60	
0.4	5.4	1	723	11	3	6	360	6	360	0.00533333	0.00361478	0.003	0.01	60	0	60	60	
0.4	5.4	5	724	14	3	2	120	2	120	0.0065	0.00494975	0.003	0.01	60	0	60	60	
0.4	5.4	24	725	14	3	4	2484	4	2484	0.003	0	0.003	0.003	621	459.442	60	1184	
0.4	5.4	5	726	5	3	4	240	4	240	0.00475	0.0035	0.003	0.01	60	0	60	60	
0.4	5.4	1	727	28	3	1039	1564461	1036	1562685	0.0049527	0.00314092	0.003	0.01	1508.38	729.461	60	7099	
0.4	5.4	24	729	13	3	2	120	2	120	0.0065	0.00494975	0.003	0.01	60	0	60	60	
0.4	5.4	1	730	1	3	2	120	2	120	0.01	0	0.01	0.01	60	0	60	60	
0.4	5.4	5	731	16	3	1	592	1	592	0.003	0	0.003	0.003	592	0	592	592	
0.4	5.4	5	732	12	3	4	240	4	240	0.0065	0.00404145	0.003	0.01	60	0	60	60	
0.4	5.4	5	737	27	3	1	60	1	60	0.003	0	0.003	0.003	60	0	60	60	
0.4	5.4	1	740	14	3	2	120	2	120	0.01	0	0.01	0.01	60	0	60	60	
0.4	5.4	5	742	45	3	727	781629	725	779952	0.00468965	0.00299751	0.003	0.01	1075.8	389.616	24	1775	
0.4	5.4	24	743	3	3	3	180	3	180	0.00533333	0.00404145	0.003	0.01	60	0	60	60	
0.4	5.4	5	744	6	3	1	60	1	60	0.003	0	0.003	0.003	60	0	60	60	
0.4	5.4	5	745	44	3	734	954999	734	954999	0.00358174	0.00193362	0.003	0.01	1301.09	496.548	34	4395	
0.4	5.4	5	747	50	3	1	60	1	60	0.003	0	0.003	0.003	60	0	60	60	
0.4	5.4	6	748	24	3	113	201528	113	201528	0.00436283	0.00278408	0.003	0.01	1783.43	1706.26	60	9422	
