% start	end	CellId	IMSI	RNTI	LCID	nTxPDUs	TxBytes	nRxPDUs	RxBytes	delay	stdDev	min	max	PduSize	stdDev	min	max
0.4	5.4	41	2	2	3	2	120	2	120	0.003	0	0.003	0.003	60	0	60	60	
0.4	5.4	36	4	5	3	2	120	2	120	0.0065	0.00494975	0.003	0.01	60	0	60	60	
0.4	5.4	27	5	5	3	6	360	6	360	0.00533333	0.00361478	0.003	0.01	60	0	60	60	
0.4	5.4	20	6	2	3	1	60	1	60	0.01	0	0.01	0.01	60	0	60	60	
0.4	5.4	38	9	5	3	3	180	3	180	0.00533333	0.00404145	0.003	0.01	60	0	60	60	
0.4	5.4	10	10	8	3	2	120	2	120	0.0065	0.00494975	0.003	0.01	60	0	60	60	
0.4	5.4	20	15	13	3	4	240	4	240	0.003	0	0.003	0.003	60	0	60	60	
0.4	5.4	23	16	7	3	1	60	1	60	0.01	0	0.01	0.01	60	0	60	60	
0.4	5.4	53	20	2	3	1	60	1	60	0.003	0	0.003	0.003	60	0	60	60	
0.4	5.4	57	21	4	3	232	634495	232	634495	0.00450862	0.00288449	0.003	0.01	2734.89	2429.52	60	9422	
0.4	5.4	46	22	7	3	117	552231	117	552231	0.0044359	0.00283872	0.003	0.01	4719.92	3382.36	45	9422	
0.4	5.4	7	23	2	3	4	240	4	240	0.003	0	0.003	0.003	60	0	60	60	
0.4	5.4	34	24	35	3	1	60	1	60	0.003	0	0.003	0.003	60	0	60	60	
0.4	5.4	14	25	11	3	2	120	2	120	0.003	0	0.003	0.003	60	0	60	60	
0.4	5.4	41	26	4	3	4	240	4	240	0.003	0	0.003	0.003	60	0	60	60	
0.4	5.4	14	28	10	3	4	240	4	240	0.01	0	0.01	0.01	60	0	60	60	
0.4	5.4	28	29	9	3	2	120	2	120	0.0065	0.00494975	0.003	0.01	60	0	60	60	
0.4	5.4	49	35	1	3	2	120	2	120	0.0065	0.00494975	0.003	0.01	60	0	60	60	
0.4	5.4	8	36	2	3	1	60	1	60	0.003	0	0.003	0.003	60	0	60	60	
0.4	5.4	33	38	8	3	2	120	2	120	0.003	0	0.003	0.003	60	0	60	60	
0.4	5.4	47	39	7	3	3	180	3	180	0.00533333	0.00404145	0.003	0.01	60	0	60	60	
0.4	5.4	29	40	9	3	2	120	2	120	0.003	0	0.003	0.003	60	0	60	60	
0.4	5.4	37	41	25	3	2	120	2	120	0.003	0	0.003	0.003	60	0	60	60	
0.4	5.4	21	42	8	3	350	2055550	350	2055550	0.003	0	0.003	0.003	5873	2656.96	45	9422	
0.4	5.4	12	44	3	3	56	257472	56	257472	0.003	0	0.003	0.003	4597.71	2436.27	45	9422	
0.4	5.4	30	46	8	3	3	180	3	180	0.00533333	0.00404145	0.003	0.01	60	0	60	60	
0.4	5.4	5	47	11	3	3	712	3	712	0.00766667	0.00404145	0.003	0.01	237.333	307.15	60	592	
0.4	5.4	40	48	7	3	1	60	1	60	0.01	0	0.01	0.01	60	0	60	60	
0.4	5.4	39	49	11	3	2	120	2	120	0.003	0	0.003	0.003	60	0	60	60	
0.4	5.4	50	50	9	3	1	60	1	60	0.003	0	0.003	0.003	60	0	60	60	
0.4	5.4	29	51	5	3	3	180	3	180	0.00766667	0.00404145	0.003	0.01	60	0	60	60	
0.4	5.4	45	54	8	3	4	240	4	240	0.00825	0.0035	0.003	0.01	60	0	60	60	
0.4	5.4	39	57	12	3	5	300	5	300	0.003	0	0.003	0.003	60	0	60	60	
0.4	5.4	23	59	11	3	2	120	2	120	0.0065	0.00494975	0.003	0.01	60	0	60	60	
0.4	5.4	30	60	6	3	269	834960	269	834960	0.0037026	0.00210739	0.003	0.01	3103.94	2094.23	45	9422	
0.4	5.4	34	62	11	3	2	120	2	120	0.003	0	0.003	0.003	60	0	60	60	
0.4	5.4	35	63	7	3	652	1413896	652	1413896	0.00381595	0.00224803	0.003	0.01	2168.55	1487.9	60	9422	
0.4	5.4	41	64	30	3	1214	1594717	1213	1593533	0.00488129	0.00310447	0.003	0.01	1313.71	294.664	60	3550	
0.4	5.4	15	65	10	3	2	120	2	120	0.003	0	0.003	0.003	60	0	60	60	
0.4	5.4	50	67	5	3	3	180	3	180	0.003	0	0.003	0.003	60	0	60	60	
0.4	5.4	52	69	18	3	7	420	7	420	0.005	0.00341565	0.003	0.01	60	0	60	60	
0.4	5.4	5	71	15	3	4	240	4	240	0.00475	0.0035	0.003	0.01	60	0	60	60	
0.4	5.4	9	72	4	3	2	120	2	120	0.0065	0.00494975	0.003	0.01	60	0	60	60	
0.4	5.4	27	73	15	3	1275	1882267	1275	1882267	0.00429569	0.00271971	0.003	0.01	1476.29	609.217	60	5861	
0.4	5.4	1	76	16	3	5	300	5	300	0.0072	0.00383406	0.003	0.01	60	0	60	60	
0.4	5.4	29	77	10	3	2	120	2	120	0.0065	0.00494975	0.003	0.01	60	0	60	60	
0.4	5.4	55	78	22	3	2	120	2	120	0.003	0	0.003	0.003	60	0	60	60	
0.4	5.4	40	79	9	3	183	1069642	184	1070290	0.003	0	0.003	0.003	5816.79	3390.64	45	9422	
0.4	5.4	34	80	23	3	2	120	2	120	0.003	0	0.003	0.003	60	0	60	60	
0.4	5.4	39	81	19	3	3	180	3	180	0.003	0	0.003	0.003	60	0	60	60	
0.4	5.4	56	82	10	3	1	60	1	60	0.003	0	0.003	0.003	60	0	60	60	
0.4	5.4	51	83	5	3	5	300	5	300	0.0044	0.0031305	0.003	0.01	60	0	60	60	
0.4	5.4	20	84	3	3	1	60	1	60	0.01	0	0.01	0.01	60	0	60	60	
0.4	5.4	37	86	30	3	1	60	1	60	0.003	0	0.003	0.003	60	0	60	60	
0.4	5.4	41	87	31	3	2	120	2	120	0.003	0	0.003	0.003	60	0	60	60	
0.4	5.4	34	88	27	3	1964	3934204	1964	3934204	0.00319603	0.00115518	0.003	0.01	2003.16	1552.06	56	9422	
0.4	5.4	52	90	24	3	3	180	3	180	0.003	0	0.003	0.003	60	0	60	60	
0.4	5.4	4	91	16	3	113	239777	112	238593	0.0065625	0.00351517	0.003	0.01	2130.29	1634.68	60	6882	
0.4	5.4	37	96	22	3	1	60	1	60	0.003	0	0.003	0.003	60	0	60	60	
0.4	5.4	20	97	6	3	72	254560	72	254560	0.00368055	0.00208837	0.003	0.01	3535.56	2632.36	60	9422	
0.4	5.4	6	98	12	3	186	718534	186	718534	0.00390322	0.00235298	0.003	0.01	3863.09	3281.86	45	9422	
0.4	5.4	39	99	30	3	1	60	1	60	0.003	0	0.003	0.003	60	0	60	60	
0.4	5.4	30	101	9	3	273	1001302	273	1001302	0.00420513	0.0026475	0.003	0.01	3667.77	1608.38	60	9422	
0.4	5.4	39	102	1	3	3	180	3	180	0.003	0	0.003	0.003	60	0	60	60	
0.4	5.4	35	104	4	3	3	180	3	180	0.00533333	0.00404145	0.003	0.01	60	0	60	60	
0.4	5.4	7	105	1	3	3	180	3	180	0.00533333	0.00404145	0.003	0.01	60	0	60	60	
0.4	5.4	31	108	1	3	120	670419	120	670419	0.003	0	0.003	0.003	5586.82	3186.17	45	9422	
0.4	5.4	37	109	28	3	1	60	1	60	0.003	0	0.003	0.003	60	0	60	60	
0.4	5.4	10	110	11	3	238	1295277	238	1295277	0.003	0	0.003	0.003	5442.34	3242.44	45	9422	
0.4	5.4	52	112	9	3	3	180	3	180	0.003	0	0.003	0.003	60	0	60	60	
0.4	5.4	53	114	9	3	3	180	3	180	0.003	0	0.003	0.003	60	0	60	60	
0.4	5.4	35	117	1	3	3	180	3	180	0.00766667	0.00404145	0.003	0.01	60	0	60	60	
0.4	5.4	27	118	8	3	1	60	1	60	0.01	0	0.01	0.01	60	0	60	60	
0.4	5.4	34	120	8	3	4	240	4	240	0.003	0	0.003	0.003	60	0	60	60	
0.4	5.4	39	121	5	3	2	120	2	120	0.0065	0.00494975	0.003	0.01	60	0	60	60	
0.4	5.4	13	122	5	3	2	120	2	120	0.0065	0.00494975	0.003	0.01	60	0	60	60	
0.4	5.4	16	125	3	3	2	120	2	120	0.0065	0.00494975	0.003	0.01	60	0	60	60	
0.4	5.4	1	126	2	3	431	787743	431	787743	0.003	0	0.003	0.003	1827.71	1187.75	60	9422	
0.4	5.4	21	128	11	3	807	1483146	807	1483146	0.00300867	0.000246412	0.003	0.01	1837.85	1301.52	60	9422	
0.4	5.4	28	130	6	3	1	60	1	60	0.003	0	0.003	0.003	60	0	60	60	
0.4	5.4	32	132	8	3	1	60	1	60	0.01	0	0.01	0.01	60	0	60	60	
0.4	5.4	44	134	1	3	1	60	1	60	0.01	0	0.01	0.01	60	0	60	60	
0.4	5.4	15	135	4	3	1	60	1	60	0.003	0	0.003	0.003	60	0	60	60	
0.4	5.4	37	136	11	3	5	300	5	300	0.0058	0.00383406	0.003	0.01	60	0	60	60	
0.4	5.4	4	138	6	3	1	60	1	60	0.01	0	0.01	0.01	60	0	60	60	
0.4	5.4	5	139	29	3	362	390889	362	390889	0.00474033	0.00302967	0.003	0.01	1079.8	522.682	43	7099	
0.4	5.4	41	142	26	3	1	60	1	60	0.01	0	0.01	0.01	60	0	60	60	
0.4	5.4	38	145	6	3	2	120	2	120	0.003	0	0.003	0.003	60	0	60	60	
0.4	5.4	39	146	39	3	3	180	3	180	0.003	0	0.003	0.003	60	0	60	60	
0.4	5.4	24	147	15	3	3	180	3	180	0.00533333	0.00404145	0.003	0.01	60	0	60	60	
0.4	5.4	38	148	4	3	301	905943	301	905943	0.003	0	0.003	0.003	3009.78	2421.87	60	8873	
0.4	5.4	3	149	6	3	6	360	6	360	0.00416667	0.00285774	0.003	0.01	60	0	60	60	
0.4	5.4	10	151	7	3	1	60	1	60	0.01	0	0.01	0.01	60	0	60	60	
0.4	5.4	37	154	8	3	2	120	2	120	0.003	0	0.003	0.003	60	0	60	60	
0.4	5.4	33	155	2	3	375	907767	375	907767	0.00301867	0.000361478	0.003	0.01	2420.71	1961.82	60	9422	
0.4	5.4	25	157	13	3	164	746864	164	746864	0.003	0	0.003	0.003	4554.05	2621.8	45	9422	
0.4	5.4	52	158	23	3	2	120	2	120	0.003	0	0.003	0.003	60	0	60	60	
0.4	5.4	9	161	5	3	670	2198234	670	2198234	0.00368955	0.00208756	0.003	0.01	3280.95	1717.32	60	9422	
0.4	5.4	23	163	2	3	3	180	3	180	0.00766667	0.00404145	0.003	0.01	60	0	60	60	
0.4	5.4	32	165	1	3	196	436230	196	436230	0.003	0	0.003	0.003	2225.66	714.454	60	4141	
0.4	5.4	3	166	9	3	2	120	2	120	0.01	0	0.01	0.01	60	0	60	60	
0.4	5.4	37	169	29	3	2	120	2	120	0.003	0	0.003	0.003	60	0	60	60	
0.4	5.4	24	171	5	3	1	60	1	60	0.01	0	0.01	0.01	60	0	60	60	
0.4	5.4	32	173	2	3	2	120	2	120	0.0065	0.00494975	0.003	0.01	60	0	60	60	
0.4	5.4	24	174	2	3	5	300	5	300	0.0086	0.0031305	0.003	0.01	60	0	60	60	
0.4	5.4	15	175	5	3	161	403648	161	403648	0.00547826	0.00335799	0.003	0.01	2507.13	1644.43	60	9422	
0.4	5.4	52	176	3	3	707	1549213	707	1549213	0.0039703	0.00242051	0.003	0.01	2191.25	1318.29	592	9422	
0.4	5.4	52	177	19	3	5	300	5	300	0.003	0	0.003	0.003	60	0	60	60	
0.4	5.4	52	178	22	3	2	120	2	120	0.003	0	0.003	0.003	60	0	60	60	
0.4	5.4	33	179	11	3	3	180	3	180	0.00533333	0.00404145	0.003	0.01	60	0	60	60	
0.4	5.4	37	180	19	3	1	60	1	60	0.003	0	0.003	0.003	60	0	60	60	
0.4	5.4	46	181	5	3	2	120	2	120	0.003	0	0.003	0.003	60	0	60	60	
0.4	5.4	25	182	2	3	1	60	1	60	0.01	0	0.01	0.01	60	0	60	60	
0.4	5.4	53	183	6	3	175	784049	175	784049	0.003	0	0.003	0.003	4480.28	3371.12	45	9422	
0.4	5.4	8	184	7	3	2	120	2	120	0.003	0	0.003	0.003	60	0	60	60	
0.4	5.4	37	185	2	3	1	60	1	60	0.003	0	0.003	0.003	60	0	60	60	
0.4	5.4	2	186	6	3	3	180	3	180	0.00533333	0.00404145	0.003	0.01	60	0	60	60	
0.4	5.4	42	187	2	3	2	120	2	120	0.003	0	0.003	0.003	60	0	60	60	
0.4	5.4	26	188	4	3	98	634871	98	634871	0.00328571	0.00139217	0.003	0.01	6478.28	2534.53	60	9422	
0.4	5.4	9	189	7	3	317	776556	317	776556	0.00425867	0.00269246	0.003	0.01	2449.7	1924.67	60	9422	
0.4	5.4	31	190	5	3	333	636280	332	635096	0.00506626	0.00319769	0.003	0.01	1912.94	795.819	60	4733	
0.4	5.4	51	191	8	3	138	794644	138	794644	0.003	0	0.003	0.003	5758.29	3082.55	45	9422	
0.4	5.4	31	192	6	3	15	46859	15	46859	0.003	0	0.003	0.003	3123.93	3195.96	60	9422	
0.4	5.4	55	193	20	3	3	180	3	180	0.00533333	0.00404145	0.003	0.01	60	0	60	60	
0.4	5.4	7	196	7	3	233	1088797	232	1084064	0.003	0	0.003	0.003	4672.69	2234.85	60	9422	
0.4	5.4	52	198	21	3	1	60	1	60	0.01	0	0.01	0.01	60	0	60	60	
0.4	5.4	28	199	12	3	2	120	2	120	0.003	0	0.003	0.003	60	0	60	60	
0.4	5.4	38	200	10	3	1	60	1	60	0.01	0	0.01	0.01	60	0	60	60	
0.4	5.4	39	202	37	3	1	60	1	60	0.003	0	0.003	0.003	60	0	60	60	
0.4	5.4	46	204	3	3	1	60	1	60	0.01	0	0.01	0.01	60	0	60	60	
0.4	5.4	1	205	25	3	752	1451235	752	1451235	0.003	0	0.003	0.003	1929.83	1015.06	60	9422	
0.4	5.4	45	207	7	3	2	120	2	120	0.01	0	0.01	0.01	60	0	60	60	
0.4	5.4	5	208	10	3	1	60	1	60	0.003	0	0.003	0.003	60	0	60	60	
0.4	5.4	37	209	4	3	2	120	2	120	0.003	0	0.003	0.003	60	0	60	60	
0.4	5.4	34	210	3	3	1	60	1	60	0.003	0	0.003	0.003	60	0	60	60	
0.4	5.4	34	214	6	3	6	360	6	360	0.003	0	0.003	0.003	60	0	60	60	
0.4	5.4	11	215	7	3	309	1631971	309	1631971	0.003	0	0.003	0.003	5281.46	3297.26	45	9422	
0.4	5.4	12	216	2	3	48	156428	48	156428	0.00766667	0.00333475	0.003	0.01	3258.92	2333.71	60	9422	
0.4	5.4	57	217	6	3	2	120	2	120	0.0065	0.00494975	0.003	0.01	60	0	60	60	
0.4	5.4	41	218	6	3	4	240	4	240	0.003	0	0.003	0.003	60	0	60	60	
0.4	5.4	39	219	9	3	1	60	1	60	0.003	0	0.003	0.003	60	0	60	60	
0.4	5.4	46	220	11	3	428	717341	428	717341	0.00324533	0.00128879	0.003	0.01	1676.03	982.029	60	9422	
0.4	5.4	23	221	9	3	1	60	1	60	0.01	0	0.01	0.01	60	0	60	60	
0.4	5.4	42	222	7	3	303	965774	303	965774	0.003	0	0.003	0.003	3187.37	1691.08	60	9422	
0.4	5.4	39	224	40	3	1	60	1	60	0.003	0	0.003	0.003	60	0	60	60	
0.4	5.4	25	225	12	3	2	120	2	120	0.0065	0.00494975	0.003	0.01	60	0	60	60	
0.4	5.4	52	227	10	3	1	60	1	60	0.003	0	0.003	0.003	60	0	60	60	
0.4	5.4	37	229	15	3	1	60	1	60	0.003	0	0.003	0.003	60	0	60	60	
0.4	5.4	43	230	9	3	1	60	1	60	0.003	0	0.003	0.003	60	0	60	60	
0.4	5.4	55	231	8	3	1	60	1	60	0.003	0	0.003	0.003	60	0	60	60	
0.4	5.4	4	234	10	3	2	708	2	708	0.003	0	0.003	0.003	354	415.779	60	648	
0.4	5.4	34	237	31	3	5	300	5	300	0.003	0	0.003	0.003	60	0	60	60	
0.4	5.4	48	238	7	3	3	180	3	180	0.01	0	0.01	0.01	60	0	60	60	
0.4	5.4	55	239	21	3	5	5442	5	5442	0.003	0	0.003	0.003	1088.4	742.216	60	1775	
0.4	5.4	28	243	3	3	2	120	2	120	0.0065	0.00494975	0.003	0.01	60	0	60	60	
0.4	5.4	14	245	2	3	2	120	2	120	0.01	0	0.01	0.01	60	0	60	60	
0.4	5.4	27	247	12	3	2	120	2	120	0.0065	0.00494975	0.003	0.01	60	0	60	60	
0.4	5.4	56	249	1	3	170	787569	170	787569	0.00308235	0.000757007	0.003	0.01	4632.76	2319.8	60	9422	
0.4	5.4	21	252	4	3	3	180	3	180	0.003	0	0.003	0.003	60	0	60	60	
0.4	5.4	34	254	19	3	2	120	2	120	0.003	0	0.003	0.003	60	0	60	60	
0.4	5.4	43	255	3	3	154	645263	153	639599	0.0045098	0.00288854	0.003	0.01	4180.39	2705.64	45	9422	
0.4	5.4	36	258	1	3	1	60	1	60	0.01	0	0.01	0.01	60	0	60	60	
0.4	5.4	7	259	9	3	5	300	5	300	0.0044	0.0031305	0.003	0.01	60	0	60	60	
0.4	5.4	33	260	9	3	224	807709	224	807709	0.003	0	0.003	0.003	3605.84	1454.79	60	9422	
0.4	5.4	40	261	11	3	10	21417	10	21417	0.0079	0.00338132	0.003	0.01	2141.7	1325.75	60	3550	
0.4	5.4	30	263	3	3	54	227890	54	227890	0.00364815	0.00204808	0.003	0.01	4220.19	2530.53	60	9422	
0.4	5.4	30	264	2	3	5	300	5	300	0.0072	0.00383406	0.003	0.01	60	0	60	60	
0.4	5.4	41	266	15	3	1	60	1	60	0.003	0	0.003	0.003	60	0	60	60	
0.4	5.4	8	267	5	3	1	60	1	60	0.003	0	0.003	0.003	60	0	60	60	
0.4	5.4	8	268	1	3	299	756324	299	756324	0.00667558	0.00350145	0.003	0.01	2529.51	1362.69	60	9422	
0.4	5.4	56	269	9	3	2	120	2	120	0.003	0	0.003	0.003	60	0	60	60	
0.4	5.4	43	270	7	3	1	60	1	60	0.01	0	0.01	0.01	60	0	60	60	
0.4	5.4	21	271	7	3	1	60	1	60	0.003	0	0.003	0.003	60	0	60	60	
0.4	5.4	4	272	4	3	3	180	3	180	0.00766667	0.00404145	0.003	0.01	60	0	60	60	
0.4	5.4	25	273	1	3	107	224386	104	220835	0.00616346	0.00350065	0.003	0.01	2123.41	1769.09	60	9422	
0.4	5.4	55	274	9	3	1	60	1	60	0.003	0	0.003	0.003	60	0	60	60	
0.4	5.4	9	277	1	3	2	120	2	120	0.0065	0.00494975	0.003	0.01	60	0	60	60	
0.4	5.4	38	278	2	3	2	120	2	120	0.003	0	0.003	0.003	60	0	60	60	
0.4	5.4	41	279	22	3	6	360	6	360	0.003	0	0.003	0.003	60	0	60	60	
0.4	5.4	45	280	4	3	3	180	3	180	0.00766667	0.00404145	0.003	0.01	60	0	60	60	
0.4	5.4	21	283	10	3	3	180	3	180	0.00766667	0.00404145	0.003	0.01	60	0	60	60	
0.4	5.4	43	285	4	3	2	120	2	120	0.003	0	0.003	0.003	60	0	60	60	
0.4	5.4	3	286	10	3	3	180	3	180	0.00766667	0.00404145	0.003	0.01	60	0	60	60	
0.4	5.4	39	288	6	3	2	120	2	120	0.003	0	0.003	0.003	60	0	60	60	
0.4	5.4	14	289	4	3	1	60	1	60	0.01	0	0.01	0.01	60	0	60	60	
0.4	5.4	48	291	2	3	2	120	2	120	0.01	0	0.01	0.01	60	0	60	60	
0.4	5.4	40	292	10	3	1	60	1	60	0.003	0	0.003	0.003	60	0	60	60	
0.4	5.4	25	293	3	3	1	60	1	60	0.003	0	0.003	0.003	60	0	60	60	
0.4	5.4	41	294	33	3	1	60	1	60	0.003	0	0.003	0.003	60	0	60	60	
0.4	5.4	5	295	23	3	233	516307	233	516307	0.00408154	0.00253548	0.003	0.01	2215.91	1561.74	60	9422	
0.4	5.4	46	298	12	3	214	694839	214	694839	0.00329439	0.00140831	0.003	0.01	3246.91	1495.03	60	9422	
0.4	5.4	55	299	11	3	4	240	4	240	0.003	0	0.003	0.003	60	0	60	60	
0.4	5.4	37	301	9	3	2	120	2	120	0.003	0	0.003	0.003	60	0	60	60	
0.4	5.4	39	304	20	3	1	60	0	0	0	0	0	0	0	0	0	0	
0.4	5.4	53	305	7	3	1073	1830278	1068	1824358	0.00513015	0.0032223	0.003	0.01	1708.2	891.63	60	9422	
0.4	5.4	35	306	6	3	2	120	2	120	0.0065	0.00494975	0.003	0.01	60	0	60	60	
0.4	5.4	9	307	2	3	3	180	3	180	0.00533333	0.00404145	0.003	0.01	60	0	60	60	
0.4	5.4	4	309	5	3	3	180	3	180	0.003	0	0.003	0.003	60	0	60	60	
0.4	5.4	47	311	1	3	2	120	2	120	0.0065	0.00494975	0.003	0.01	60	0	60	60	
0.4	5.4	33	312	1	3	202	416186	202	416186	0.0045594	0.00291998	0.003	0.01	2060.33	1131.79	60	6882	
0.4	5.4	1	314	8	3	378	857178	378	857178	0.003	0	0.003	0.003	2267.67	1118.36	60	9422	
0.4	5.4	31	315	4	3	1	60	1	60	0.003	0	0.003	0.003	60	0	60	60	
0.4	5.4	37	316	10	3	2	120	2	120	0.0065	0.00494975	0.003	0.01	60	0	60	60	
0.4	5.4	33	317	5	3	1	60	1	60	0.003	0	0.003	0.003	60	0	60	60	
0.4	5.4	54	318	3	3	3	1892	3	1892	0.003	0	0.003	0.003	630.667	562.2	60	1184	
0.4	5.4	55	319	15	3	1	60	1	60	0.003	0	0.003	0.003	60	0	60	60	
0.4	5.4	21	320	5	3	2	120	2	120	0.01	0	0.01	0.01	60	0	60	60	
0.4	5.4	8	322	3	3	1	60	1	60	0.003	0	0.003	0.003	60	0	60	60	
0.4	5.4	41	323	23	3	3	180	3	180	0.003	0	0.003	0.003	60	0	60	60	
0.4	5.4	4	325	7	3	142	810039	142	810039	0.003	0	0.003	0.003	5704.5	3334.79	45	9422	
0.4	5.4	36	329	4	3	4	240	4	240	0.0065	0.00404145	0.003	0.01	60	0	60	60	
0.4	5.4	13	330	7	3	300	1036298	300	1036298	0.00323333	0.00125864	0.003	0.01	3454.33	2716.31	60	9422	
0.4	5.4	42	331	10	3	2	120	2	120	0.003	0	0.003	0.003	60	0	60	60	
0.4	5.4	41	332	5	3	2	120	2	120	0.003	0	0.003	0.003	60	0	60	60	
0.4	5.4	24	334	9	3	7	8992	7	8992	0.005	0.00341565	0.003	0.01	1284.57	692.459	60	1775	
0.4	5.4	13	335	9	3	1	60	2	120	0.003	0	0.003	0.003	60	0	60	60	
0.4	5.4	5	336	41	3	293	455896	292	455304	0.003	0	0.003	0.003	1559.26	708.244	60	5916	
0.4	5.4	32	337	12	3	2	120	2	120	0.0065	0.00494975	0.003	0.01	60	0	60	60	
0.4	5.4	26	338	3	3	4	240	4	240	0.00825	0.0035	0.003	0.01	60	0	60	60	
0.4	5.4	57	339	3	3	2	120	2	120	0.003	0	0.003	0.003	60	0	60	60	
0.4	5.4	47	340	3	3	2	120	2	120	0.003	0	0.003	0.003	60	0	60	60	
0.4	5.4	44	342	5	3	172	823664	172	823664	0.00475	0.00303994	0.003	0.01	4788.74	2751.04	45	9422	
0.4	5.4	4	344	15	3	217	426171	217	426171	0.00451613	0.00289011	0.003	0.01	1963.92	1658.3	60	9422	
0.4	5.4	36	347	2	3	132	721275	132	721275	0.00400757	0.00246656	0.003	0.01	5464.2	3125.78	45	9422	
0.4	5.4	7	349	3	3	3	180	3	180	0.00766667	0.00404145	0.003	0.01	60	0	60	60	
0.4	5.4	41	350	35	3	194	401920	194	401920	0.003	0	0.003	0.003	2071.75	1436.81	60	8117	
0.4	5.4	39	351	23	3	3	180	3	180	0.003	0	0.003	0.003	60	0	60	60	
0.4	5.4	51	352	2	3	2	120	2	120	0.0065	0.00494975	0.003	0.01	60	0	60	60	
0.4	5.4	19	353	2	3	3	180	3	180	0.00766667	0.00404145	0.003	0.01	60	0	60	60	
0.4	5.4	51	356	4	3	1	60	1	60	0.003	0	0.003	0.003	60	0	60	60	
0.4	5.4	7	358	8	3	224	1205962	224	1205962	0.00321875	0.00122068	0.003	0.01	5383.76	3440.29	45	9422	
0.4	5.4	39	359	7	3	2	120	2	120	0.003	0	0.003	0.003	60	0	60	60	
0.4	5.4	38	360	3	3	3	180	3	180	0.003	0	0.003	0.003	60	0	60	60	
0.4	5.4	52	364	2	3	1	60	1	60	0.003	0	0.003	0.003	60	0	60	60	
0.4	5.4	54	365	5	3	2	652	2	652	0.0065	0.00494975	0.003	0.01	326	376.181	60	592	
0.4	5.4	10	366	1	3	2	120	2	120	0.003	0	0.003	0.003	60	0	60	60	
0.4	5.4	27	367	14	3	244	432071	244	432071	0.00426229	0.00269675	0.003	0.01	1770.78	1136.62	60	6882	
0.4	5.4	34	368	13	3	1	60	1	60	0.003	0	0.003	0.003	60	0	60	60	
0.4	5.4	2	369	2	3	3	180	3	180	0.00533333	0.00404145	0.003	0.01	60	0	60	60	
0.4	5.4	17	371	9	3	2	120	2	120	0.003	0	0.003	0.003	60	0	60	60	
0.4	5.4	21	372	1	3	2	120	2	120	0.003	0	0.003	0.003	60	0	60	60	
0.4	5.4	48	374	3	3	2	120	2	120	0.01	0	0.01	0.01	60	0	60	60	
0.4	5.4	50	375	8	3	1	60	1	60	0.003	0	0.003	0.003	60	0	60	60	
0.4	5.4	55	377	19	3	2	652	2	652	0.0065	0.00494975	0.003	0.01	326	376.181	60	592	
0.4	5.4	3	378	4	3	2	120	2	120	0.01	0	0.01	0.01	60	0	60	60	
0.4	5.4	55	379	7	3	37	137382	37	137382	0.00356757	0.00193707	0.003	0.01	3713.03	2560.15	60	9422	
0.4	5.4	53	380	5	3	2	120	2	120	0.003	0	0.003	0.003	60	0	60	60	
0.4	5.4	39	381	3	3	1	60	1	60	0.003	0	0.003	0.003	60	0	60	60	
0.4	5.4	19	382	1	3	85	338633	85	338633	0.00505882	0.00320844	0.003	0.01	3983.92	3221.38	60	9422	
0.4	5.4	55	383	23	3	216	914181	216	914181	0.00325926	0.00132504	0.003	0.01	4232.32	2472.27	45	9422	
0.4	5.4	28	386	5	3	2	120	2	120	0.0065	0.00494975	0.003	0.01	60	0	60	60	
0.4	5.4	49	387	2	3	389	1617809	389	1617809	0.00343188	0.0016864	0.003	0.01	4158.89	2055.93	60	9422	
0.4	5.4	44	389	3	3	185	507187	185	507187	0.00349189	0.00179407	0.003	0.01	2741.55	1820.32	60	9422	
0.4	5.4	24	391	23	3	2	120	2	120	0.0065	0.00494975	0.003	0.01	60	0	60	60	
0.4	5.4	5	392	28	3	2	120	2	120	0.01	0	0.01	0.01	60	0	60	60	
0.4	5.4	50	393	7	3	4	240	4	240	0.0065	0.00404145	0.003	0.01	60	0	60	60	
0.4	5.4	33	394	10	3	2	120	2	120	0.003	0	0.003	0.003	60	0	60	60	
0.4	5.4	39	395	16	3	3	180	3	180	0.01	0	0.01	0.01	60	0	60	60	
0.4	5.4	28	396	8	3	1	60	1	60	0.003	0	0.003	0.003	60	0	60	60	
0.4	5.4	47	397	6	3	2	120	2	120	0.01	0	0.01	0.01	60	0	60	60	
0.4	5.4	54	398	8	3	1	60	1	60	0.01	0	0.01	0.01	60	0	60	60	
0.4	5.4	41	399	9	3	2	120	2	120	0.003	0	0.003	0.003	60	0	60	60	
0.4	5.4	55	400	14	3	1	60	1	60	0.01	0	0.01	0.01	60	0	60	60	
0.4	5.4	46	401	9	3	4	240	4	240	0.003	0	0.003	0.003	60	0	60	60	
0.4	5.4	39	403	22	3	3	180	3	180	0.003	0	0.003	0.003	60	0	60	60	
0.4	5.4	3	404	1	3	2	120	2	120	0.003	0	0.003	0.003	60	0	60	60	
0.4	5.4	6	408	1	3	1	60	1	60	0.01	0	0.01	0.01	60	0	60	60	
0.4	5.4	11	409	4	3	192	892351	192	892351	0.00310937	0.000870407	0.003	0.01	4647.66	2680.25	45	9422	
0.4	5.4	34	410	21	3	3	180	3	180	0.003	0	0.003	0.003	60	0	60	60	
0.4	5.4	41	413	14	3	3	180	3	180	0.003	0	0.003	0.003	60	0	60	60	
0.4	5.4	10	414	9	3	1	60	1	60	0.01	0	0.01	0.01	60	0	60	60	
0.4	5.4	27	415	7	3	108	490125	108	490125	0.003	0	0.003	0.003	4538.19	2714.69	45	9422	
0.4	5.4	53	416	10	3	2	120	2	120	0.003	0	0.003	0.003	60	0	60	60	
0.4	5.4	35	417	3	3	1	60	1	60	0.003	0	0.003	0.003	60	0	60	60	
0.4	5.4	54	418	1	3	6	360	6	360	0.00416667	0.00285774	0.003	0.01	60	0	60	60	
0.4	5.4	33	419	7	3	6	360	6	360	0.00533333	0.00361478	0.003	0.01	60	0	60	60	
0.4	5.4	32	420	3	3	3	180	3	180	0.003	0	0.003	0.003	60	0	60	60	
0.4	5.4	33	422	6	3	85	428464	84	421365	0.003	0	0.003	0.003	5016.25	3084.13	45	9422	
0.4	5.4	39	424	10	3	2	120	2	120	0.003	0	0.003	0.003	60	0	60	60	
0.4	5.4	52	425	11	3	2	120	2	120	0.003	0	0.003	0.003	60	0	60	60	
0.4	5.4	27	426	1	3	3	180	3	180	0.00766667	0.00404145	0.003	0.01	60	0	60	60	
0.4	5.4	46	427	6	3	4	240	4	240	0.003	0	0.003	0.003	60	0	60	60	
0.4	5.4	7	432	10	3	1	60	1	60	0.01	0	0.01	0.01	60	0	60	60	
0.4	5.4	41	434	1	3	1	60	1	60	0.003	0	0.003	0.003	60	0	60	60	
0.4	5.4	50	435	6	3	596	864803	596	864803	0.00460906	0.0029477	0.003	0.01	1451.01	691.317	60	9422	
0.4	5.4	42	438	1	3	1	60	1	60	0.003	0	0.003	0.003	60	0	60	60	
0.4	5.4	34	439	4	3	1	60	1	60	0.003	0	0.003	0.003	60	0	60	60	
0.4	5.4	27	440	4	3	2	120	2	120	0.003	0	0.003	0.003	60	0	60	60	
0.4	5.4	56	441	6	3	178	549789	178	549789	0.00339326	0.00161643	0.003	0.01	3088.7	2333.8	60	9422	
0.4	5.4	10	442	5	3	2	120	2	120	0.0065	0.00494975	0.003	0.01	60	0	60	60	
0.4	5.4	25	443	9	3	272	628038	272	628038	0.00665441	0.00350304	0.003	0.01	2308.96	1936.3	57	9422	
0.4	5.4	28	444	7	3	2	708	2	708	0.0065	0.00494975	0.003	0.01	354	415.779	60	648	
0.4	5.4	34	446	14	3	2	120	2	120	0.003	0	0.003	0.003	60	0	60	60	
0.4	5.4	34	448	26	3	37	193565	35	179367	0.003	0	0.003	0.003	5124.77	2116.1	60	8030	
0.4	5.4	41	449	16	3	3	180	3	180	0.003	0	0.003	0.003	60	0	60	60	
0.4	5.4	37	451	14	3	1	60	1	60	0.003	0	0.003	0.003	60	0	60	60	
0.4	5.4	38	453	7	3	207	336818	207	336818	0.00553623	0.00337285	0.003	0.01	1627.14	1161.49	60	6882	
0.4	5.4	50	455	11	3	2	120	2	120	0.003	0	0.003	0.003	60	0	60	60	
0.4	5.4	22	456	2	3	1	60	1	60	0.01	0	0.01	0.01	60	0	60	60	
0.4	5.4	55	457	4	3	1	60	1	60	0.003	0	0.003	0.003	60	0	60	60	
0.4	5.4	52	458	17	3	3	180	3	180	0.00533333	0.00404145	0.003	0.01	60	0	60	60	
0.4	5.4	52	460	13	3	1	60	1	60	0.003	0	0.003	0.003	60	0	60	60	
0.4	5.4	20	461	10	3	1185	3908097	1185	3908097	0.00327764	0.00136673	0.003	0.01	3297.97	2469.88	60	9422	
0.4	5.4	42	464	9	3	137	813616	137	813616	0.003	0	0.003	0.003	5938.8	2563.74	60	9422	
0.4	5.4	24	466	16	3	2	120	2	120	0.003	0	0.003	0.003	60	0	60	60	
0.4	5.4	33	469	3	3	5	832	5	832	0.003	0	0.003	0.003	166.4	237.918	60	592	
0.4	5.4	17	470	6	3	19	70522	19	70522	0.003	0	0.003	0.003	3711.68	2847.24	60	9422	
0.4	5.4	2	471	5	3	431	1020363	431	1020363	0.003	0	0.003	0.003	2367.43	979.744	60	9422	
0.4	5.4	46	472	14	3	3	180	3	180	0.003	0	0.003	0.003	60	0	60	60	
0.4	5.4	38	473	1	3	101	381142	101	381142	0.00383168	0.00227627	0.003	0.01	3773.68	2572.81	45	9422	
0.4	5.4	45	476	5	3	2	120	2	120	0.0065	0.00494975	0.003	0.01	60	0	60	60	
0.4	5.4	2	477	3	3	1	60	1	60	0.003	0	0.003	0.003	60	0	60	60	
0.4	5.4	2	479	1	3	1	60	1	60	0.003	0	0.003	0.003	60	0	60	60	
0.4	5.4	10	480	3	3	5	300	5	300	0.0072	0.00383406	0.003	0.01	60	0	60	60	
0.4	5.4	51	481	3	3	3	180	3	180	0.003	0	0.003	0.003	60	0	60	60	
0.4	5.4	19	485	4	3	3	180	3	180	0.003	0	0.003	0.003	60	0	60	60	
0.4	5.4	12	486	4	3	103	536115	103	536115	0.00327184	0.00135902	0.003	0.01	5205	3164.04	45	9422	
0.4	5.4	41	487	20	3	3	180	3	180	0.003	0	0.003	0.003	60	0	60	60	
0.4	5.4	52	489	20	3	2	120	2	120	0.003	0	0.003	0.003	60	0	60	60	
0.4	5.4	2	490	10	3	3	180	3	180	0.003	0	0.003	0.003	60	0	60	60	
0.4	5.4	44	491	2	3	1	60	1	60	0.003	0	0.003	0.003	60	0	60	60	
0.4	5.4	14	494	12	3	538	2211346	538	2211346	0.00302602	0.0004264	0.003	0.01	4110.31	1602.39	56	9422	
0.4	5.4	31	496	7	3	5	300	5	300	0.0044	0.0031305	0.003	0.01	60	0	60	60	
0.4	5.4	34	498	2	3	1	60	1	60	0.003	0	0.003	0.003	60	0	60	60	
0.4	5.4	29	502	2	3	1	60	1	60	0.003	0	0.003	0.003	60	0	60	60	
0.4	5.4	47	503	5	3	7	8992	7	8992	0.003	0	0.003	0.003	1284.57	692.459	60	1775	
0.4	5.4	49	504	5	3	1	60	1	60	0.01	0	0.01	0.01	60	0	60	60	
0.4	5.4	37	505	12	3	1	60	1	60	0.003	0	0.003	0.003	60	0	60	60	
0.4	5.4	39	506	28	3	2	120	2	120	0.0065	0.00494975	0.003	0.01	60	0	60	60	
0.4	5.4	7	507	4	3	8	16091	8	16091	0.003	0	0.003	0.003	2011.38	1684.37	60	5324	
0.4	5.4	56	508	11	3	2	120	2	120	0.003	0	0.003	0.003	60	0	60	60	
0.4	5.4	15	510	2	3	2	120	2	120	0.0065	0.00494975	0.003	0.01	60	0	60	60	
0.4	5.4	57	511	8	3	141	758570	141	758570	0.003	0	0.003	0.003	5379.93	3395.51	45	9422	
0.4	5.4	55	512	2	3	493	979447	493	979447	0.00314199	0.000987792	0.003	0.01	1986.71	1268.91	60	9422	
0.4	5.4	37	513	7	3	1	60	1	60	0.01	0	0.01	0.01	60	0	60	60	
0.4	5.4	32	516	11	3	3	180	3	180	0.003	0	0.003	0.003	60	0	60	60	
0.4	5.4	39	517	14	3	4	240	4	240	0.00475	0.0035	0.003	0.01	60	0	60	60	
0.4	5.4	39	518	38	3	1	60	1	60	0.003	0	0.003	0.003	60	0	60	60	
0.4	5.4	41	522	8	3	2	120	2	120	0.003	0	0.003	0.003	60	0	60	60	
0.4	5.4	18	523	1	3	1	60	1	60	0.01	0	0.01	0.01	60	0	60	60	
0.4	5.4	54	524	4	3	4	240	4	240	0.00825	0.0035	0.003	0.01	60	0	60	60	
0.4	5.4	39	527	13	3	1	60	1	60	0.01	0	0.01	0.01	60	0	60	60	
0.4	5.4	48	528	6	3	1	60	1	60	0.01	0	0.01	0.01	60	0	60	60	
0.4	5.4	30	529	5	3	2	120	2	120	0.01	0	0.01	0.01	60	0	60	60	
0.4	5.4	4	532	3	3	1	60	1	60	0.003	0	0.003	0.003	60	0	60	60	
0.4	5.4	43	535	5	3	2	120	2	120	0.0065	0.00494975	0.003	0.01	60	0	60	60	
0.4	5.4	37	536	27	3	2	120	2	120	0.0065	0.00494975	0.003	0.01	60	0	60	60	
0.4	5.4	21	537	2	3	5	300	5	300	0.0044	0.0031305	0.003	0.01	60	0	60	60	
0.4	5.4	37	542	3	3	2	120	2	120	0.003	0	0.003	0.003	60	0	60	60	
0.4	5.4	14	543	5	3	3	180	3	180	0.00533333	0.00404145	0.003	0.01	60	0	60	60	
0.4	5.4	13	544	4	3	1	60	1	60	0.003	0	0.003	0.003	60	0	60	60	
0.4	5.4	41	545	18	3	138	286047	138	286047	0.003	0	0.003	0.003	2072.8	1499.56	60	9422	
0.4	5.4	55	546	3	3	5	300	5	300	0.0058	0.00383406	0.003	0.01	60	0	60	60	
0.4	5.4	50	548	1	3	55	68169	55	68169	0.0044	0.00282581	0.003	0.01	1239.44	728.668	60	3550	
0.4	5.4	27	549	3	3	63	256909	63	256909	0.003	0	0.003	0.003	4077.92	2384.48	60	9422	
0.4	5.4	49	550	3	3	2	120	2	120	0.0065	0.00494975	0.003	0.01	60	0	60	60	
0.4	5.4	28	555	2	3	3	180	3	180	0.00766667	0.00404145	0.003	0.01	60	0	60	60	
0.4	5.4	17	556	3	3	1	60	1	60	0.003	0	0.003	0.003	60	0	60	60	
0.4	5.4	54	558	9	3	3	180	3	180	0.00533333	0.00404145	0.003	0.01	60	0	60	60	
0.4	5.4	4	560	1	3	1	60	1	60	0.01	0	0.01	0.01	60	0	60	60	
0.4	5.4	34	561	34	3	1	60	1	60	0.003	0	0.003	0.003	60	0	60	60	
0.4	5.4	15	562	7	3	1	60	1	60	0.01	0	0.01	0.01	60	0	60	60	
0.4	5.4	39	563	4	3	6	360	6	360	0.003	0	0.003	0.003	60	0	60	60	
0.4	5.4	34	564	5	3	1	60	1	60	0.003	0	0.003	0.003	60	0	60	60	
0.4	5.4	42	565	3	3	3	180	3	180	0.003	0	0.003	0.003	60	0	60	60	
0.4	5.4	23	566	5	3	5	300	5	300	0.0086	0.0031305	0.003	0.01	60	0	60	60	
0.4	5.4	32	567	5	3	1	60	1	60	0.003	0	0.003	0.003	60	0	60	60	
0.4	5.4	25	570	6	3	4	240	4	240	0.0065	0.00404145	0.003	0.01	60	0	60	60	
0.4	5.4	22	571	1	3	1	60	1	60	0.01	0	0.01	0.01	60	0	60	60	
0.4	5.4	17	572	7	3	2	120	2	120	0.003	0	0.003	0.003	60	0	60	60	
0.4	5.4	57	573	1	3	50	242205	50	242205	0.00328	0.00138564	0.003	0.01	4844.1	3415.11	45	9422	
0.4	5.4	53	574	4	3	1	60	1	60	0.01	0	0.01	0.01	60	0	60	60	
0.4	5.4	46	575	1	3	5	300	5	300	0.0044	0.0031305	0.003	0.01	60	0	60	60	
0.4	5.4	37	576	16	3	1	60	1	60	0.003	0	0.003	0.003	60	0	60	60	
0.4	5.4	57	577	7	3	1	60	1	60	0.003	0	0.003	0.003	60	0	60	60	
0.4	5.4	53	578	1	3	3	712	3	712	0.00533333	0.00404145	0.003	0.01	237.333	307.15	60	592	
0.4	5.4	20	579	11	3	24	64021	24	64021	0.003	0	0.003	0.003	2667.54	1619.2	60	5324	
0.4	5.4	24	580	8	3	234	750329	234	750329	0.003	0	0.003	0.003	3206.53	2044.18	60	9422	
0.4	5.4	11	581	6	3	65	290728	65	290728	0.003	0	0.003	0.003	4472.74	3425.28	45	9422	
0.4	5.4	41	582	27	3	2	120	2	120	0.003	0	0.003	0.003	60	0	60	60	
0.4	5.4	31	583	3	3	170	827317	170	827317	0.003	0	0.003	0.003	4866.57	3208.92	45	9422	
0.4	5.4	40	585	6	3	140	750400	140	750400	0.003	0	0.003	0.003	5360	3362.07	45	9422	
0.4	5.4	47	586	4	3	381	1072854	381	1072854	0.00314698	0.00100495	0.003	0.01	2815.89	1265.01	60	9422	
0.4	5.4	47	587	8	3	578	1745794	578	1745794	0.00303633	0.000503432	0.003	0.01	3020.4	2009.12	60	9422	
0.4	5.4	56	589	8	3	2	120	2	120	0.003	0	0.003	0.003	60	0	60	60	
0.4	5.4	37	590	23	3	3	180	3	180	0.003	0	0.003	0.003	60	0	60	60	
0.4	5.4	35	591	5	3	193	312708	193	312708	0.00474093	0.00303371	0.003	0.01	1620.25	1531.57	57	9422	
0.4	5.4	54	593	10	3	1	60	1	60	0.01	0	0.01	0.01	60	0	60	60	
0.4	5.4	6	594	4	3	4	240	4	240	0.0065	0.00404145	0.003	0.01	60	0	60	60	
0.4	5.4	55	595	16	3	7	420	7	420	0.003	0	0.003	0.003	60	0	60	60	
0.4	5.4	48	598	4	3	315	1128392	314	1124842	0.00346815	0.00175148	0.003	0.01	3582.3	1786.72	60	9422	
0.4	5.4	43	600	10	3	1	60	1	60	0.003	0	0.003	0.003	60	0	60	60	
0.4	5.4	17	601	2	3	251	497722	247	490622	0.00515385	0.00323733	0.003	0.01	1986.32	875.637	60	5861	
0.4	5.4	34	603	25	3	1	60	1	60	0.01	0	0.01	0.01	60	0	60	60	
0.4	5.4	11	604	8	3	127	414965	127	414965	0.003	0	0.003	0.003	3267.44	1782.08	60	9422	
0.4	5.4	13	605	2	3	2	120	2	120	0.0065	0.00494975	0.003	0.01	60	0	60	60	
0.4	5.4	47	606	2	3	2	120	2	120	0.0065	0.00494975	0.003	0.01	60	0	60	60	
0.4	5.4	35	610	8	3	1	60	1	60	0.003	0	0.003	0.003	60	0	60	60	
0.4	5.4	38	611	8	3	229	837308	229	837308	0.00367249	0.00206733	0.003	0.01	3656.37	2233.98	45	9422	
0.4	5.4	55	614	18	3	1	60	1	60	0.003	0	0.003	0.003	60	0	60	60	
0.4	5.4	44	619	7	3	253	1276622	253	1276622	0.003	0	0.003	0.003	5045.94	3248.68	45	9422	
0.4	5.4	2	620	13	3	2	120	2	120	0.003	0	0.003	0.003	60	0	60	60	
0.4	5.4	45	621	6	3	4	240	4	240	0.00475	0.0035	0.003	0.01	60	0	60	60	
0.4	5.4	52	622	7	3	3	180	3	180	0.00533333	0.00404145	0.003	0.01	60	0	60	60	
0.4	5.4	17	624	5	3	2	120	2	120	0.0065	0.00494975	0.003	0.01	60	0	60	60	
0.4	5.4	34	625	30	3	1	60	1	60	0.003	0	0.003	0.003	60	0	60	60	
0.4	5.4	50	627	10	3	1	60	1	60	0.003	0	0.003	0.003	60	0	60	60	
0.4	5.4	17	628	8	3	1	60	1	60	0.01	0	0.01	0.01	60	0	60	60	
0.4	5.4	28	629	10	3	2	120	2	120	0.0065	0.00494975	0.003	0.01	60	0	60	60	
0.4	5.4	51	630	7	3	2	120	2	120	0.003	0	0.003	0.003	60	0	60	60	
0.4	5.4	5	633	54	3	432	592056	432	592056	0.00415046	0.00259717	0.003	0.01	1370.5	591.027	60	7099	
0.4	5.4	34	635	24	3	1	60	1	60	0.003	0	0.003	0.003	60	0	60	60	
0.4	5.4	13	636	3	3	162	869789	162	869789	0.003	0	0.003	0.003	5369.07	3118.9	45	9422	
0.4	5.4	5	637	12	3	1	60	1	60	0.01	0	0.01	0.01	60	0	60	60	
0.4	5.4	50	638	3	3	2	120	2	120	0.0065	0.00494975	0.003	0.01	60	0	60	60	
0.4	5.4	40	641	2	3	140	802938	140	802938	0.003	0	0.003	0.003	5735.27	3358.22	45	9422	
0.4	5.4	52	643	26	3	1	60	1	60	0.003	0	0.003	0.003	60	0	60	60	
0.4	5.4	5	644	20	3	4	240	4	240	0.003	0	0.003	0.003	60	0	60	60	
0.4	5.4	50	645	4	3	2	120	2	120	0.003	0	0.003	0.003	60	0	60	60	
0.4	5.4	43	646	6	3	3	180	3	180	0.01	0	0.01	0.01	60	0	60	60	
0.4	5.4	29	649	8	3	213	1160133	212	1156583	0.00326415	0.00133705	0.003	0.01	5455.58	2876.68	45	9422	
0.4	5.4	37	651	13	3	5	832	5	832	0.003	0	0.003	0.003	166.4	237.918	60	592	
0.4	5.4	20	652	4	3	2	120	2	120	0.0065	0.00494975	0.003	0.01	60	0	60	60	
0.4	5.4	23	653	8	3	1	60	1	60	0.003	0	0.003	0.003	60	0	60	60	
0.4	5.4	28	654	11	3	973	1915321	971	1910587	0.00329557	0.00140843	0.003	0.01	1967.65	1027.42	60	9422	
0.4	5.4	42	655	6	3	2	120	2	120	0.003	0	0.003	0.003	60	0	60	60	
0.4	5.4	52	656	15	3	2	120	2	120	0.003	0	0.003	0.003	60	0	60	60	
0.4	5.4	5	661	1	3	197	351700	197	351700	0.003	0	0.003	0.003	1785.28	1128.27	41	8961	
0.4	5.4	1	662	23	3	2	120	2	120	0.0065	0.00494975	0.003	0.01	60	0	60	60	
0.4	5.4	5	663	46	3	281	374949	281	374949	0.00459431	0.00294094	0.003	0.01	1334.34	689.235	60	6882	
0.4	5.4	5	665	16	3	3	180	2	120	0.0065	0.00494975	0.003	0.01	60	0	60	60	
0.4	5.4	5	666	21	3	345	622009	345	622009	0.00547536	0.00335152	0.003	0.01	1802.92	1043.01	155	9422	
0.4	5.4	1	667	9	3	2	120	2	120	0.003	0	0.003	0.003	60	0	60	60	
0.4	5.4	1	670	26	3	1	60	1	60	0.01	0	0.01	0.01	60	0	60	60	
0.4	5.4	5	671	56	3	2	120	2	120	0.0065	0.00494975	0.003	0.01	60	0	60	60	
0.4	5.4	43	672	11	3	153	816088	153	816088	0.003	0	0.003	0.003	5333.91	3371.32	45	9422	
0.4	5.4	1	676	14	3	1	60	1	60	0.01	0	0.01	0.01	60	0	60	60	
0.4	5.4	24	682	14	3	45	58715	45	58715	0.00875555	0.00270652	0.003	0.01	1304.78	459.059	60	2958	
0.4	5.4	5	683	38	3	2	120	2	120	0.0065	0.00494975	0.003	0.01	60	0	60	60	
0.4	5.4	5	685	39	3	2	120	2	120	0.01	0	0.01	0.01	60	0	60	60	
0.4	5.4	5	686	27	3	345	557853	344	550163	0.00401744	0.00247076	0.003	0.01	1599.31	892.048	60	5324	
0.4	5.4	43	687	1	3	161	711394	161	711394	0.00673913	0.00350272	0.003	0.01	4418.6	3028.44	45	9422	
0.4	5.4	25	689	8	3	3	180	3	180	0.01	0	0.01	0.01	60	0	60	60	
0.4	5.4	5	694	58	3	3	180	3	180	0.00533333	0.00404145	0.003	0.01	60	0	60	60	
0.4	5.4	5	695	7	3	4	240	4	240	0.00475	0.0035	0.003	0.01	60	0	60	60	
0.4	5.4	5	696	18	3	1	60	1	60	0.003	0	0.003	0.003	60	0	60	60	
0.4	5.4	6	697	10	3	97	287090	97	287090	0.00437113	0.00279255	0.003	0.01	2959.69	1574.93	60	9422	
0.4	5.4	5	700	19	3	1	60	1	60	0.003	0	0.003	0.003	60	0	60	60	
0.4	5.4	5	701	48	3	1	60	1	60	0.003	0	0.003	0.003	60	0	60	60	
0.4	5.4	5	704	47	3	2	120	2	120	0.0065	0.00494975	0.003	0.01	60	0	60	60	
0.4	5.4	6	705	3	3	261	553998	261	553998	0.00750575	0.00335882	0.003	0.01	2122.6	1622.69	60	9422	
0.4	5.4	5	707	5	3	2	120	2	120	0.003	0	0.003	0.003	60	0	60	60	
0.4	5.4	5	708	53	3	362	885724	362	885724	0.003	0	0.003	0.003	2446.75	1385.42	55	8793	
0.4	5.4	1	709	7	3	4	240	4	240	0.0065	0.00404145	0.003	0.01	60	0	60	60	
0.4	5.4	24	711	4	3	1	60	1	60	0.003	0	0.003	0.003	60	0	60	60	
0.4	5.4	5	712	13	3	3	180	3	180	0.003	0	0.003	0.003	60	0	60	60	
0.4	5.4	5	713	40	3	913	1275825	913	1275825	0.00396605	0.00241567	0.003	0.01	1397.4	803.321	60	9422	
0.4	5.4	5	714	52	3	1	60	1	60	0.003	0	0.003	0.003	60	0	60	60	
0.4	5.4	24	715	13	3	576	879721	576	879721	0.00509028	0.00320633	0.003	0.01	1527.29	1411.97	57	9422	
0.4	5.4	5	716	9	3	2	120	2	120	0.0065	0.00494975	0.003	0.01	60	0	60	60	
0.4	5.4	1	717	27	3	2	120	2	120	0.01	0	0.01	0.01	60	0	60	60	
0.4	5.4	24	718	7	3	26	42717	26	42717	0.00838461	0.00300768	0.003	0.01	1642.96	405.332	60	1775	
0.4	5.4	5	719	3	3	1	60	1	60	0.003	0	0.003	0.003	60	0	60	60	
0.4	5.4	6	720	8	3	3	180	3	180	0.01	0	0.01	0.01	60	0	60	60	
0.4	5.4	1	721	31	3	3	180	3	180	0.00533333	0.00404145	0.003	0.01	60	0	60	60	
0.4	5.4	5	722	8	3	3	180	3	180	0.00533333	0.00404145	0.003	0.01	60	0	60	60	
0.4	5.4	5	723	45	3	2	120	2	120	0.0065	0.00494975	0.003	0.01	60	0	60	60	
0.4	5.4	5	724	2	3	149	254107	148	251740	0.003	0	0.003	0.003	1700.95	987.833	60	4731	
0.4	5.4	1	725	10	3	1	60	1	60	0.01	0	0.01	0.01	60	0	60	60	
0.4	5.4	6	727	9	3	3	180	3	180	0.01	0	0.01	0.01	60	0	60	60	
0.4	5.4	5	728	42	3	2	120	2	120	0.0065	0.00494975	0.003	0.01	60	0	60	60	
0.4	5.4	1	730	29	3	2	120	2	120	0.01	0	0.01	0.01	60	0	60	60	
0.4	5.4	1	731	5	3	3	180	3	180	0.00533333	0.00404145	0.003	0.01	60	0	60	60	
0.4	5.4	24	732	24	3	3	180	3	180	0.00766667	0.00404145	0.003	0.01	60	0	60	60	
0.4	5.4	6	734	6	3	201	440944	201	440944	0.00616915	0.00349303	0.003	0.01	2193.75	1738.42	60	9173	
0.4	5.4	5	735	60	3	2	120	2	120	0.0065	0.00494975	0.003	0.01	60	0	60	60	
0.4	5.4	1	736	11	3	2	120	2	120	0.0065	0.00494975	0.003	0.01	60	0	60	60	
0.4	5.4	1	739	32	3	1	60	1	60	0.003	0	0.003	0.003	60	0	60	60	
0.4	5.4	24	741	1	3	4	240	4	240	0.0065	0.00404145	0.003	0.01	60	0	60	60	
0.4	5.4	5	742	31	3	773	1288571	773	1288571	0.00375162	0.00216852	0.003	0.01	1666.97	1165.21	60	8873	
0.4	5.4	5	743	43	3	218	261808	218	261808	0.00444495	0.00283968	0.003	0.01	1200.95	588.322	60	2958	
0.4	5.4	43	744	8	3	80	287652	80	287652	0.0037875	0.00222582	0.003	0.01	3595.65	3144.9	60	9422	
0.4	5.4	1	746	12	3	2	120	2	120	0.01	0	0.01	0.01	60	0	60	60	
0.4	5.4	5	747	4	3	1	60	1	60	0.003	0	0.003	0.003	60	0	60	60	
0.4	5.4	5	749	25	3	491	1170083	491	1170083	0.003	0	0.003	0.003	2383.06	1380.21	60	9422	
0.4	5.4	5	750	49	3	1	60	1	60	0.003	0	0.003	0.003	60	0	60	60	
