% start	end	CellId	IMSI	RNTI	LCID	nTxPDUs	TxBytes	nRxPDUs	RxBytes	delay	stdDev	min	max	PduSize	stdDev	min	max
0.4	5.4	15	1	7	3	153	412048	151	407906	0.00434437	0.00276658	0.003	0.01	2701.36	1872.74	60	9422	
0.4	5.4	7	2	4	3	1	60	1	60	0.003	0	0.003	0.003	60	0	60	60	
0.4	5.4	6	3	19	3	1	60	1	60	0.01	0	0.01	0.01	60	0	60	60	
0.4	5.4	37	4	15	3	1	60	1	60	0.01	0	0.01	0.01	60	0	60	60	
0.4	5.4	5	5	13	3	1	60	1	60	0.003	0	0.003	0.003	60	0	60	60	
0.4	5.4	36	6	3	3	1	60	1	60	0.01	0	0.01	0.01	60	0	60	60	
0.4	5.4	21	7	5	3	4	240	4	240	0.003	0	0.003	0.003	60	0	60	60	
0.4	5.4	48	9	8	3	2	120	2	120	0.0065	0.00494975	0.003	0.01	60	0	60	60	
0.4	5.4	47	10	7	3	1	60	1	60	0.01	0	0.01	0.01	60	0	60	60	
0.4	5.4	34	12	20	3	2	120	2	120	0.003	0	0.003	0.003	60	0	60	60	
0.4	5.4	11	13	9	3	73	341478	73	341478	0.00328767	0.0013992	0.003	0.01	4677.78	2981.7	45	9422	
0.4	5.4	52	14	14	3	4	240	4	240	0.00475	0.0035	0.003	0.01	60	0	60	60	
0.4	5.4	55	15	17	3	1	60	1	60	0.003	0	0.003	0.003	60	0	60	60	
0.4	5.4	9	16	2	3	2	120	2	120	0.003	0	0.003	0.003	60	0	60	60	
0.4	5.4	39	17	24	3	1	60	1	60	0.003	0	0.003	0.003	60	0	60	60	
0.4	5.4	27	18	10	3	1	60	1	60	0.003	0	0.003	0.003	60	0	60	60	
0.4	5.4	11	19	1	3	29	116670	29	116670	0.003	0	0.003	0.003	4023.1	3176.28	45	9422	
0.4	5.4	2	20	2	3	1	60	1	60	0.003	0	0.003	0.003	60	0	60	60	
0.4	5.4	53	21	5	3	4	240	4	240	0.003	0	0.003	0.003	60	0	60	60	
0.4	5.4	9	24	8	3	247	1331961	247	1331961	0.003	0	0.003	0.003	5392.55	3279.66	45	9422	
0.4	5.4	39	26	6	3	3	180	3	180	0.00533333	0.00404145	0.003	0.01	60	0	60	60	
0.4	5.4	23	27	12	3	81	428453	81	428453	0.003	0	0.003	0.003	5289.54	3218.1	45	9422	
0.4	5.4	55	28	11	3	1	60	1	60	0.003	0	0.003	0.003	60	0	60	60	
0.4	5.4	41	29	4	3	4	240	4	240	0.003	0	0.003	0.003	60	0	60	60	
0.4	5.4	4	30	1	3	2	120	2	120	0.0065	0.00494975	0.003	0.01	60	0	60	60	
0.4	5.4	24	31	19	3	2	120	2	120	0.003	0	0.003	0.003	60	0	60	60	
0.4	5.4	39	32	31	3	1	60	1	60	0.003	0	0.003	0.003	60	0	60	60	
0.4	5.4	2	33	7	3	1	592	1	592	0.003	0	0.003	0.003	592	0	592	592	
0.4	5.4	8	34	6	3	2	120	2	120	0.003	0	0.003	0.003	60	0	60	60	
0.4	5.4	31	35	5	3	3	180	3	180	0.003	0	0.003	0.003	60	0	60	60	
0.4	5.4	49	36	11	3	211	1119572	211	1119572	0.003	0	0.003	0.003	5306.03	3282.17	45	9422	
0.4	5.4	27	38	4	3	669	987395	669	987395	0.0055426	0.00336903	0.003	0.01	1475.93	857.51	60	9422	
0.4	5.4	17	39	5	3	30	151567	30	151567	0.0065	0.00355983	0.003	0.01	5052.23	3242.74	45	9422	
0.4	5.4	47	41	11	3	1	60	1	60	0.01	0	0.01	0.01	60	0	60	60	
0.4	5.4	39	42	29	3	83	204265	83	204265	0.00426506	0.00270989	0.003	0.01	2461.02	1705.12	60	9422	
0.4	5.4	21	44	6	3	1	60	1	60	0.003	0	0.003	0.003	60	0	60	60	
0.4	5.4	46	46	6	3	2	120	2	120	0.003	0	0.003	0.003	60	0	60	60	
0.4	5.4	39	48	30	3	3	180	3	180	0.00533333	0.00404145	0.003	0.01	60	0	60	60	
0.4	5.4	20	49	7	3	113	529249	113	529249	0.003	0	0.003	0.003	4683.62	3039.89	45	9422	
0.4	5.4	37	50	34	3	3	180	3	180	0.003	0	0.003	0.003	60	0	60	60	
0.4	5.4	40	52	4	3	567	1733286	567	1733286	0.00639506	0.00350152	0.003	0.01	3056.94	1362.36	60	9422	
0.4	5.4	1	53	9	3	2	120	2	120	0.01	0	0.01	0.01	60	0	60	60	
0.4	5.4	34	56	22	3	2	120	2	120	0.0065	0.00494975	0.003	0.01	60	0	60	60	
0.4	5.4	39	59	26	3	1	60	1	60	0.003	0	0.003	0.003	60	0	60	60	
0.4	5.4	37	60	3	3	3	180	3	180	0.003	0	0.003	0.003	60	0	60	60	
0.4	5.4	6	61	5	3	1	60	1	60	0.01	0	0.01	0.01	60	0	60	60	
0.4	5.4	41	63	19	3	2	120	2	120	0.0065	0.00494975	0.003	0.01	60	0	60	60	
0.4	5.4	39	67	27	3	297	490646	296	489462	0.0046554	0.00297951	0.003	0.01	1653.59	263.376	60	1775	
0.4	5.4	46	69	5	3	2	120	2	120	0.003	0	0.003	0.003	60	0	60	60	
0.4	5.4	39	71	21	3	3	180	3	180	0.00533333	0.00404145	0.003	0.01	60	0	60	60	
0.4	5.4	55	72	3	3	72	145165	72	145165	0.003	0	0.003	0.003	2016.18	1341.73	60	5324	
0.4	5.4	23	73	7	3	3	180	3	180	0.00766667	0.00404145	0.003	0.01	60	0	60	60	
0.4	5.4	23	74	1	3	3	180	3	180	0.00533333	0.00404145	0.003	0.01	60	0	60	60	
0.4	5.4	25	75	3	3	4	240	4	240	0.00825	0.0035	0.003	0.01	60	0	60	60	
0.4	5.4	43	76	8	3	1	60	1	60	0.003	0	0.003	0.003	60	0	60	60	
0.4	5.4	55	77	18	3	2	120	2	120	0.003	0	0.003	0.003	60	0	60	60	
0.4	5.4	55	79	4	3	18	50420	18	50420	0.003	0	0.003	0.003	2801.11	1341.43	60	4395	
0.4	5.4	21	80	3	3	198	1087631	198	1087631	0.003	0	0.003	0.003	5493.09	3418.71	45	9422	
0.4	5.4	10	82	13	3	2	120	2	120	0.003	0	0.003	0.003	60	0	60	60	
0.4	5.4	52	84	39	3	1	60	1	60	0.003	0	0.003	0.003	60	0	60	60	
0.4	5.4	50	86	4	3	333	1569176	333	1569176	0.003	0	0.003	0.003	4712.24	2145.98	60	9422	
0.4	5.4	44	88	12	3	255	1209693	255	1209693	0.003	0	0.003	0.003	4743.89	3049.44	45	9422	
0.4	5.4	48	89	5	3	3	180	3	180	0.00766667	0.00404145	0.003	0.01	60	0	60	60	
0.4	5.4	57	91	5	3	2	120	2	120	0.0065	0.00494975	0.003	0.01	60	0	60	60	
0.4	5.4	39	92	25	3	1	60	1	60	0.003	0	0.003	0.003	60	0	60	60	
0.4	5.4	42	96	4	3	4	240	4	240	0.0065	0.00404145	0.003	0.01	60	0	60	60	
0.4	5.4	18	97	5	3	1	60	1	60	0.01	0	0.01	0.01	60	0	60	60	
0.4	5.4	47	100	1	3	1	60	1	60	0.003	0	0.003	0.003	60	0	60	60	
0.4	5.4	32	101	2	3	4	240	4	240	0.00475	0.0035	0.003	0.01	60	0	60	60	
0.4	5.4	37	102	19	3	2	120	2	120	0.003	0	0.003	0.003	60	0	60	60	
0.4	5.4	2	105	5	3	116	227939	116	227939	0.0052931	0.00329958	0.003	0.01	1964.99	1527.34	60	9422	
0.4	5.4	55	106	14	3	3	180	3	180	0.003	0	0.003	0.003	60	0	60	60	
0.4	5.4	57	108	1	3	2	120	2	120	0.0065	0.00494975	0.003	0.01	60	0	60	60	
0.4	5.4	30	109	10	3	1	60	1	60	0.003	0	0.003	0.003	60	0	60	60	
0.4	5.4	55	110	2	3	3	180	3	180	0.003	0	0.003	0.003	60	0	60	60	
0.4	5.4	21	111	11	3	3	180	3	180	0.01	0	0.01	0.01	60	0	60	60	
0.4	5.4	21	112	9	3	2	120	2	120	0.003	0	0.003	0.003	60	0	60	60	
0.4	5.4	1	113	1	3	159	226368	159	226368	0.00308805	0.000782593	0.003	0.01	1423.7	786.603	60	4395	
0.4	5.4	57	114	3	3	1	60	1	60	0.003	0	0.003	0.003	60	0	60	60	
0.4	5.4	13	117	2	3	2	708	2	708	0.0065	0.00494975	0.003	0.01	354	415.779	60	648	
0.4	5.4	46	118	1	3	193	456903	193	456903	0.00390673	0.00235664	0.003	0.01	2367.37	1379.63	60	9422	
0.4	5.4	18	120	1	3	1	60	1	60	0.003	0	0.003	0.003	60	0	60	60	
0.4	5.4	5	121	26	3	3	180	3	180	0.01	0	0.01	0.01	60	0	60	60	
0.4	5.4	37	122	2	3	1	60	1	60	0.003	0	0.003	0.003	60	0	60	60	
0.4	5.4	49	125	7	3	136	536142	136	536142	0.00392647	0.00238089	0.003	0.01	3942.22	2018.98	60	9422	
0.4	5.4	52	126	37	3	5	300	5	300	0.0044	0.0031305	0.003	0.01	60	0	60	60	
0.4	5.4	34	127	25	3	3	180	3	180	0.003	0	0.003	0.003	60	0	60	60	
0.4	5.4	2	128	6	3	6	360	6	360	0.00533333	0.00361478	0.003	0.01	60	0	60	60	
0.4	5.4	30	131	12	3	2	120	2	120	0.0065	0.00494975	0.003	0.01	60	0	60	60	
0.4	5.4	51	132	6	3	1	60	1	60	0.01	0	0.01	0.01	60	0	60	60	
0.4	5.4	50	134	7	3	160	846145	159	839638	0.003	0	0.003	0.003	5280.74	3182.85	45	9422	
0.4	5.4	34	135	14	3	2	120	2	120	0.01	0	0.01	0.01	60	0	60	60	
0.4	5.4	37	136	6	3	2	120	2	120	0.003	0	0.003	0.003	60	0	60	60	
0.4	5.4	38	138	5	3	59	297100	59	297100	0.00347458	0.00177488	0.003	0.01	5035.59	3113.71	60	9422	
0.4	5.4	28	139	15	3	201	793470	201	793470	0.003	0	0.003	0.003	3947.61	1546.78	60	9422	
0.4	5.4	13	140	1	3	4	772	4	772	0.00475	0.0035	0.003	0.01	193	266	60	592	
0.4	5.4	8	141	7	3	1124	3283628	1124	3283628	0.003	0	0.003	0.003	2921.38	1662.01	45	9422	
0.4	5.4	42	143	11	3	2	120	2	120	0.0065	0.00494975	0.003	0.01	60	0	60	60	
0.4	5.4	38	144	3	3	2	120	2	120	0.0065	0.00494975	0.003	0.01	60	0	60	60	
0.4	5.4	28	145	16	3	2	120	2	120	0.003	0	0.003	0.003	60	0	60	60	
0.4	5.4	37	146	28	3	5	300	5	300	0.0044	0.0031305	0.003	0.01	60	0	60	60	
0.4	5.4	39	147	1	3	376	583111	376	583111	0.0049734	0.00315372	0.003	0.01	1550.83	315.737	60	1775	
0.4	5.4	30	148	9	3	3	180	3	180	0.00533333	0.00404145	0.003	0.01	60	0	60	60	
0.4	5.4	12	149	1	3	2	120	2	120	0.0065	0.00494975	0.003	0.01	60	0	60	60	
0.4	5.4	44	150	5	3	135	554527	135	554527	0.003	0	0.003	0.003	4107.61	3116.47	45	9422	
0.4	5.4	25	151	5	3	5	300	5	300	0.0072	0.00383406	0.003	0.01	60	0	60	60	
0.4	5.4	37	153	17	3	3	180	3	180	0.003	0	0.003	0.003	60	0	60	60	
0.4	5.4	55	155	13	3	2	120	2	120	0.003	0	0.003	0.003	60	0	60	60	
0.4	5.4	28	156	2	3	5	300	5	300	0.0044	0.0031305	0.003	0.01	60	0	60	60	
0.4	5.4	41	158	25	3	2	120	2	120	0.003	0	0.003	0.003	60	0	60	60	
0.4	5.4	42	163	12	3	1	60	1	60	0.003	0	0.003	0.003	60	0	60	60	
0.4	5.4	39	164	14	3	2	120	2	120	0.003	0	0.003	0.003	60	0	60	60	
0.4	5.4	42	166	7	3	2	120	2	120	0.0065	0.00494975	0.003	0.01	60	0	60	60	
0.4	5.4	41	167	6	3	5	300	5	300	0.003	0	0.003	0.003	60	0	60	60	
0.4	5.4	17	168	4	3	5	300	5	300	0.0044	0.0031305	0.003	0.01	60	0	60	60	
0.4	5.4	23	169	13	3	4	240	4	240	0.0065	0.00404145	0.003	0.01	60	0	60	60	
0.4	5.4	55	170	12	3	1	60	1	60	0.003	0	0.003	0.003	60	0	60	60	
0.4	5.4	23	172	3	3	147	217892	147	217892	0.00857143	0.00283085	0.003	0.01	1482.26	1413.14	60	9422	
0.4	5.4	54	174	1	3	150	771118	150	771118	0.00304667	0.000571548	0.003	0.01	5140.79	3415.12	45	9422	
0.4	5.4	41	177	14	3	4	240	4	240	0.003	0	0.003	0.003	60	0	60	60	
0.4	5.4	52	180	29	3	1	60	1	60	0.003	0	0.003	0.003	60	0	60	60	
0.4	5.4	24	182	18	3	428	719274	425	715722	0.00430118	0.00272629	0.003	0.01	1684.05	680.261	60	6432	
0.4	5.4	21	187	2	3	391	1973236	391	1973236	0.003	0	0.003	0.003	5046.64	2147.87	60	9422	
0.4	5.4	30	188	14	3	1	60	1	60	0.01	0	0.01	0.01	60	0	60	60	
0.4	5.4	28	190	4	3	4	240	4	240	0.003	0	0.003	0.003	60	0	60	60	
0.4	5.4	37	191	11	3	1	60	1	60	0.003	0	0.003	0.003	60	0	60	60	
0.4	5.4	27	192	6	3	875	1742926	875	1742926	0.003392	0.00161037	0.003	0.01	1991.92	1899.49	60	9422	
0.4	5.4	37	194	32	3	3	180	3	180	0.003	0	0.003	0.003	60	0	60	60	
0.4	5.4	41	195	2	3	1	60	1	60	0.003	0	0.003	0.003	60	0	60	60	
0.4	5.4	47	196	14	3	2	120	2	120	0.0065	0.00494975	0.003	0.01	60	0	60	60	
0.4	5.4	2	199	10	3	390	2319413	390	2319413	0.003	0	0.003	0.003	5947.21	3344.32	45	9422	
0.4	5.4	54	200	6	3	4	240	4	240	0.01	0	0.01	0.01	60	0	60	60	
0.4	5.4	52	201	4	3	1	60	1	60	0.01	0	0.01	0.01	60	0	60	60	
0.4	5.4	9	202	3	3	1	60	1	60	0.003	0	0.003	0.003	60	0	60	60	
0.4	5.4	19	203	9	3	1	60	1	60	0.003	0	0.003	0.003	60	0	60	60	
0.4	5.4	45	207	2	3	154	820171	154	820171	0.00304545	0.000564076	0.003	0.01	5325.79	3364.5	45	9422	
0.4	5.4	41	208	5	3	1	60	1	60	0.003	0	0.003	0.003	60	0	60	60	
0.4	5.4	6	209	13	3	418	793717	418	793717	0.00676794	0.00349391	0.003	0.01	1898.84	1469.17	60	9422	
0.4	5.4	41	210	8	3	3	180	3	180	0.003	0	0.003	0.003	60	0	60	60	
0.4	5.4	52	212	8	3	1263	1642896	1262	1641712	0.0047916	0.00305594	0.003	0.01	1300.88	255.022	60	3550	
0.4	5.4	34	213	23	3	5	300	5	300	0.0058	0.00383406	0.003	0.01	60	0	60	60	
0.4	5.4	36	215	4	3	1	60	1	60	0.01	0	0.01	0.01	60	0	60	60	
0.4	5.4	44	216	4	3	1	60	1	60	0.01	0	0.01	0.01	60	0	60	60	
0.4	5.4	41	217	16	3	2	120	2	120	0.003	0	0.003	0.003	60	0	60	60	
0.4	5.4	8	219	1	3	1	60	1	60	0.003	0	0.003	0.003	60	0	60	60	
0.4	5.4	50	220	1	3	1	60	1	60	0.01	0	0.01	0.01	60	0	60	60	
0.4	5.4	30	221	15	3	1	60	1	60	0.01	0	0.01	0.01	60	0	60	60	
0.4	5.4	12	222	6	3	1	60	1	60	0.01	0	0.01	0.01	60	0	60	60	
0.4	5.4	9	223	1	3	4	240	4	240	0.003	0	0.003	0.003	60	0	60	60	
0.4	5.4	30	226	13	3	3	180	3	180	0.01	0	0.01	0.01	60	0	60	60	
0.4	5.4	25	230	2	3	3	180	3	180	0.00766667	0.00404145	0.003	0.01	60	0	60	60	
0.4	5.4	16	231	10	3	3	180	3	180	0.00533333	0.00404145	0.003	0.01	60	0	60	60	
0.4	5.4	43	232	9	3	1	60	1	60	0.01	0	0.01	0.01	60	0	60	60	
0.4	5.4	52	234	12	3	2	120	2	120	0.003	0	0.003	0.003	60	0	60	60	
0.4	5.4	46	235	2	3	4	240	4	240	0.00475	0.0035	0.003	0.01	60	0	60	60	
0.4	5.4	11	236	11	3	1	60	1	60	0.003	0	0.003	0.003	60	0	60	60	
0.4	5.4	7	237	14	3	13	32071	13	32071	0.003	0	0.003	0.003	2467	2065.55	60	7689	
0.4	5.4	37	238	39	3	1	60	1	60	0.003	0	0.003	0.003	60	0	60	60	
0.4	5.4	2	239	8	3	2	120	2	120	0.0065	0.00494975	0.003	0.01	60	0	60	60	
0.4	5.4	10	240	9	3	198	1033914	198	1033914	0.003	0	0.003	0.003	5221.79	3236.45	45	9422	
0.4	5.4	51	241	4	3	284	1137956	282	1129082	0.0035461	0.00188069	0.003	0.01	4003.84	2031.52	45	9422	
0.4	5.4	27	243	13	3	2	120	2	120	0.0065	0.00494975	0.003	0.01	60	0	60	60	
0.4	5.4	36	245	2	3	167	690054	167	690054	0.00316766	0.00107352	0.003	0.01	4132.06	2971.16	60	9422	
0.4	5.4	16	246	2	3	24	39167	24	39167	0.00358333	0.00197631	0.003	0.01	1631.96	420.64	60	1775	
0.4	5.4	16	248	5	3	373	1544868	373	1544868	0.003	0	0.003	0.003	4141.74	1737.08	60	9422	
0.4	5.4	1	249	30	3	1624	2157950	1624	2157950	0.00448707	0.00286412	0.003	0.01	1328.79	488.504	15	6698	
0.4	5.4	34	250	18	3	114	570571	114	570571	0.00330702	0.00143981	0.003	0.01	5005.01	3265.37	45	9422	
0.4	5.4	37	251	16	3	1	60	1	60	0.003	0	0.003	0.003	60	0	60	60	
0.4	5.4	8	252	10	3	10	14319	10	14319	0.0044	0.00295146	0.003	0.01	1431.9	771.403	60	2769	
0.4	5.4	47	254	2	3	77	207805	77	207805	0.003	0	0.003	0.003	2698.77	1929.5	60	9422	
0.4	5.4	7	255	5	3	501	793802	500	792618	0.005324	0.00329982	0.003	0.01	1585.24	846.036	60	5861	
0.4	5.4	10	256	14	3	270	1451502	270	1451502	0.003	0	0.003	0.003	5375.93	3443.32	45	9422	
0.4	5.4	20	257	5	3	120	219653	120	219653	0.007725	0.00329237	0.003	0.01	1830.44	1646.54	4	9422	
0.4	5.4	34	260	11	3	4	240	4	240	0.00475	0.0035	0.003	0.01	60	0	60	60	
0.4	5.4	39	261	32	3	5	300	5	300	0.003	0	0.003	0.003	60	0	60	60	
0.4	5.4	45	262	4	3	1	60	1	60	0.01	0	0.01	0.01	60	0	60	60	
0.4	5.4	7	263	16	3	4	240	4	240	0.0065	0.00404145	0.003	0.01	60	0	60	60	
0.4	5.4	10	265	15	3	1	60	1	60	0.003	0	0.003	0.003	60	0	60	60	
0.4	5.4	34	266	1	3	6	360	6	360	0.0065	0.00383406	0.003	0.01	60	0	60	60	
0.4	5.4	25	267	9	3	3	180	3	180	0.00533333	0.00404145	0.003	0.01	60	0	60	60	
0.4	5.4	27	268	2	3	302	616800	302	616800	0.00304636	0.000568705	0.003	0.01	2042.38	2056.55	60	9422	
0.4	5.4	34	270	12	3	2	120	2	120	0.0065	0.00494975	0.003	0.01	60	0	60	60	
0.4	5.4	5	272	60	3	2	120	2	120	0.0065	0.00494975	0.003	0.01	60	0	60	60	
0.4	5.4	56	275	8	3	1	60	1	60	0.003	0	0.003	0.003	60	0	60	60	
0.4	5.4	53	276	3	3	1	60	1	60	0.01	0	0.01	0.01	60	0	60	60	
0.4	5.4	37	277	4	3	3	180	3	180	0.003	0	0.003	0.003	60	0	60	60	
0.4	5.4	53	278	1	3	863	2424379	863	2424379	0.00351101	0.00182202	0.003	0.01	2809.25	1951.03	60	9422	
0.4	5.4	25	279	1	3	1	60	1	60	0.01	0	0.01	0.01	60	0	60	60	
0.4	5.4	41	280	26	3	1	60	1	60	0.003	0	0.003	0.003	60	0	60	60	
0.4	5.4	24	281	9	3	1	60	1	60	0.01	0	0.01	0.01	60	0	60	60	
0.4	5.4	5	282	25	3	424	613684	423	611909	0.00434042	0.00339884	0.003	0.017	1446.59	1491.9	5	9422	
0.4	5.4	27	283	7	3	1	60	1	60	0.003	0	0.003	0.003	60	0	60	60	
0.4	5.4	48	284	3	3	2	120	2	120	0.003	0	0.003	0.003	60	0	60	60	
0.4	5.4	39	288	10	3	1	60	1	60	0.003	0	0.003	0.003	60	0	60	60	
0.4	5.4	47	289	4	3	93	401249	93	401249	0.00337634	0.00158741	0.003	0.01	4314.51	2950.04	60	9422	
0.4	5.4	52	290	35	3	2	120	2	120	0.0065	0.00494975	0.003	0.01	60	0	60	60	
0.4	5.4	48	291	9	3	3	1892	3	1892	0.003	0	0.003	0.003	630.667	562.2	60	1184	
0.4	5.4	15	293	2	3	2	120	2	120	0.0065	0.00494975	0.003	0.01	60	0	60	60	
0.4	5.4	8	297	8	3	1	60	1	60	0.003	0	0.003	0.003	60	0	60	60	
0.4	5.4	27	298	9	3	2	120	2	120	0.0065	0.00494975	0.003	0.01	60	0	60	60	
0.4	5.4	26	299	8	3	73	311435	73	311435	0.00693151	0.00349734	0.003	0.01	4266.23	3203.46	45	9422	
0.4	5.4	52	300	5	3	1	60	1	60	0.003	0	0.003	0.003	60	0	60	60	
0.4	5.4	29	301	1	3	1	60	1	60	0.003	0	0.003	0.003	60	0	60	60	
0.4	5.4	7	303	6	3	332	799567	332	799567	0.00318976	0.00113851	0.003	0.01	2408.33	1106.02	60	9422	
0.4	5.4	18	306	7	3	2	120	2	120	0.003	0	0.003	0.003	60	0	60	60	
0.4	5.4	49	308	2	3	2	120	2	120	0.0065	0.00494975	0.003	0.01	60	0	60	60	
0.4	5.4	34	309	15	3	1	60	0	0	0	0	0	0	0	0	0	0	
0.4	5.4	21	311	10	3	1	60	1	60	0.003	0	0.003	0.003	60	0	60	60	
0.4	5.4	12	312	3	3	7	420	7	420	0.008	0.00341565	0.003	0.01	60	0	60	60	
0.4	5.4	52	313	34	3	180	412069	180	412069	0.003	0	0.003	0.003	2289.27	1450.16	60	9422	
0.4	5.4	8	314	13	3	1	60	1	60	0.003	0	0.003	0.003	60	0	60	60	
0.4	5.4	5	316	1	3	1108	1457917	1108	1457917	0.00476263	0.00303972	0.003	0.01	1315.81	528.501	34	6394	
0.4	5.4	16	317	9	3	1	60	1	60	0.01	0	0.01	0.01	60	0	60	60	
0.4	5.4	20	318	1	3	4	240	4	240	0.0065	0.00404145	0.003	0.01	60	0	60	60	
0.4	5.4	2	321	4	3	4	240	4	240	0.003	0	0.003	0.003	60	0	60	60	
0.4	5.4	28	324	1	3	5	300	5	300	0.0044	0.0031305	0.003	0.01	60	0	60	60	
0.4	5.4	29	325	3	3	1	60	1	60	0.003	0	0.003	0.003	60	0	60	60	
0.4	5.4	28	328	14	3	34	118440	34	118440	0.003	0	0.003	0.003	3483.53	3676.79	60	9422	
0.4	5.4	38	329	6	3	192	1107618	192	1107618	0.003	0	0.003	0.003	5768.84	3358.64	45	9422	
0.4	5.4	22	330	1	3	1	60	1	60	0.003	0	0.003	0.003	60	0	60	60	
0.4	5.4	8	331	3	3	3	180	3	180	0.00766667	0.00404145	0.003	0.01	60	0	60	60	
0.4	5.4	44	332	2	3	30	95379	30	95379	0.003	0	0.003	0.003	3179.3	2501	60	9422	
0.4	5.4	41	333	7	3	1	60	1	60	0.003	0	0.003	0.003	60	0	60	60	
0.4	5.4	47	334	12	3	189	920926	189	920926	0.003	0	0.003	0.003	4872.62	3163.17	45	9422	
0.4	5.4	6	335	7	3	3	180	3	180	0.00766667	0.00404145	0.003	0.01	60	0	60	60	
0.4	5.4	29	336	2	3	142	645679	142	645679	0.00388732	0.00233718	0.003	0.01	4547.04	2708.02	60	9422	
0.4	5.4	30	337	7	3	3	180	3	180	0.00766667	0.00404145	0.003	0.01	60	0	60	60	
0.4	5.4	56	341	5	3	66	208391	66	208391	0.003	0	0.003	0.003	3157.44	1838.55	60	9422	
0.4	5.4	37	342	22	3	4	240	4	240	0.003	0	0.003	0.003	60	0	60	60	
0.4	5.4	31	344	2	3	2	120	2	120	0.0065	0.00494975	0.003	0.01	60	0	60	60	
0.4	5.4	42	346	1	3	293	1158051	291	1145628	0.003	0	0.003	0.003	3936.87	1764.07	60	9422	
0.4	5.4	18	348	10	3	4	240	4	240	0.003	0	0.003	0.003	60	0	60	60	
0.4	5.4	55	352	6	3	2	120	2	120	0.003	0	0.003	0.003	60	0	60	60	
0.4	5.4	13	353	5	3	1	60	1	60	0.01	0	0.01	0.01	60	0	60	60	
0.4	5.4	35	354	4	3	2	120	2	120	0.003	0	0.003	0.003	60	0	60	60	
0.4	5.4	47	355	5	3	41	162221	41	162221	0.003	0	0.003	0.003	3956.61	2478.18	60	8873	
0.4	5.4	50	356	6	3	3	180	3	180	0.01	0	0.01	0.01	60	0	60	60	
0.4	5.4	6	358	6	3	14	21417	14	21417	0.006	0.00359487	0.003	0.01	1529.79	534.848	60	1775	
0.4	5.4	27	362	12	3	1	60	1	60	0.003	0	0.003	0.003	60	0	60	60	
0.4	5.4	15	365	5	3	2	120	2	120	0.0065	0.00494975	0.003	0.01	60	0	60	60	
0.4	5.4	57	366	7	3	139	707811	139	707811	0.003	0	0.003	0.003	5092.17	3430.38	45	9422	
0.4	5.4	5	368	21	3	6	360	6	360	0.00766667	0.00361478	0.003	0.01	60	0	60	60	
0.4	5.4	28	372	7	3	5	300	5	300	0.0072	0.00383406	0.003	0.01	60	0	60	60	
0.4	5.4	23	373	15	3	114	589389	114	589389	0.003	0	0.003	0.003	5170.08	3248.97	45	9422	
0.4	5.4	1	375	10	3	67	139213	67	139213	0.003	0	0.003	0.003	2077.81	1083.51	60	5243	
0.4	5.4	39	377	3	3	1	60	1	60	0.003	0	0.003	0.003	60	0	60	60	
0.4	5.4	7	378	13	3	2	120	3	180	0.003	0	0.003	0.003	60	0	60	60	
0.4	5.4	44	381	9	3	4	240	4	240	0.00475	0.0035	0.003	0.01	60	0	60	60	
0.4	5.4	28	383	3	3	1	60	1	60	0.003	0	0.003	0.003	60	0	60	60	
0.4	5.4	3	384	6	3	367	670103	367	670103	0.00629973	0.00349904	0.003	0.01	1825.89	1565.05	60	9422	
0.4	5.4	42	385	2	3	10	31474	10	31474	0.003	0	0.003	0.003	3147.4	2399.2	60	7099	
0.4	5.4	56	386	7	3	236	796722	235	793172	0.00359574	0.00195745	0.003	0.01	3375.2	1934.77	45	9422	
0.4	5.4	33	388	2	3	4	240	4	240	0.003	0	0.003	0.003	60	0	60	60	
0.4	5.4	28	391	13	3	29	48042	29	48042	0.00324138	0.00129987	0.003	0.01	1656.62	385.183	60	1775	
0.4	5.4	32	393	3	3	3	180	3	180	0.01	0	0.01	0.01	60	0	60	60	
0.4	5.4	23	394	6	3	1	60	1	60	0.003	0	0.003	0.003	60	0	60	60	
0.4	5.4	25	395	6	3	1	60	1	60	0.003	0	0.003	0.003	60	0	60	60	
0.4	5.4	52	396	26	3	2	120	2	120	0.003	0	0.003	0.003	60	0	60	60	
0.4	5.4	33	397	1	3	10	31474	10	31474	0.003	0	0.003	0.003	3147.4	3155.04	60	9422	
0.4	5.4	24	398	2	3	2	120	2	120	0.01	0	0.01	0.01	60	0	60	60	
0.4	5.4	48	399	12	3	2	120	2	120	0.003	0	0.003	0.003	60	0	60	60	
0.4	5.4	52	400	3	3	2	120	2	120	0.003	0	0.003	0.003	60	0	60	60	
0.4	5.4	19	402	8	3	2	120	2	120	0.003	0	0.003	0.003	60	0	60	60	
0.4	5.4	16	404	8	3	3	180	3	180	0.00533333	0.00404145	0.003	0.01	60	0	60	60	
0.4	5.4	52	405	27	3	5	300	5	300	0.003	0	0.003	0.003	60	0	60	60	
0.4	5.4	15	406	6	3	5	300	5	300	0.0058	0.00383406	0.003	0.01	60	0	60	60	
0.4	5.4	15	407	1	3	155	794795	155	794795	0.003	0	0.003	0.003	5127.71	3541.93	45	9422	
0.4	5.4	28	408	5	3	2	120	2	120	0.0065	0.00494975	0.003	0.01	60	0	60	60	
0.4	5.4	14	409	2	3	2	120	2	120	0.003	0	0.003	0.003	60	0	60	60	
0.4	5.4	10	412	10	3	1	60	1	60	0.003	0	0.003	0.003	60	0	60	60	
0.4	5.4	3	416	5	3	1	60	1	60	0.003	0	0.003	0.003	60	0	60	60	
0.4	5.4	34	417	19	3	2	120	2	120	0.003	0	0.003	0.003	60	0	60	60	
0.4	5.4	52	418	40	3	1	60	1	60	0.01	0	0.01	0.01	60	0	60	60	
0.4	5.4	48	419	2	3	3	180	3	180	0.00533333	0.00404145	0.003	0.01	60	0	60	60	
0.4	5.4	31	420	6	3	2	120	2	120	0.003	0	0.003	0.003	60	0	60	60	
0.4	5.4	53	421	4	3	3	180	3	180	0.00533333	0.00404145	0.003	0.01	60	0	60	60	
0.4	5.4	37	423	5	3	3	180	3	180	0.00766667	0.00404145	0.003	0.01	60	0	60	60	
0.4	5.4	13	424	6	3	1	60	1	60	0.003	0	0.003	0.003	60	0	60	60	
0.4	5.4	40	425	2	3	1	60	1	60	0.01	0	0.01	0.01	60	0	60	60	
0.4	5.4	36	427	1	3	133	620961	133	620961	0.003	0	0.003	0.003	4668.88	3131.45	45	9422	
0.4	5.4	7	432	7	3	3	180	3	180	0.003	0	0.003	0.003	60	0	60	60	
0.4	5.4	51	433	3	3	1	60	1	60	0.003	0	0.003	0.003	60	0	60	60	
0.4	5.4	2	436	9	3	2	120	2	120	0.003	0	0.003	0.003	60	0	60	60	
0.4	5.4	52	437	1	3	3	180	3	180	0.003	0	0.003	0.003	60	0	60	60	
0.4	5.4	37	439	18	3	3	180	3	180	0.003	0	0.003	0.003	60	0	60	60	
0.4	5.4	51	440	8	3	211	944479	211	944479	0.003	0	0.003	0.003	4476.2	3077.11	45	9422	
0.4	5.4	39	441	22	3	2	120	2	120	0.003	0	0.003	0.003	60	0	60	60	
0.4	5.4	7	442	12	3	2	120	2	120	0.01	0	0.01	0.01	60	0	60	60	
0.4	5.4	40	445	1	3	2	120	2	120	0.01	0	0.01	0.01	60	0	60	60	
0.4	5.4	56	446	3	3	73	219618	73	219618	0.00386301	0.0023173	0.003	0.01	3008.47	2785.52	60	9422	
0.4	5.4	22	447	2	3	20	77029	20	77029	0.0072	0.00351837	0.003	0.01	3851.45	2840.92	60	9422	
0.4	5.4	37	448	14	3	1	60	1	60	0.003	0	0.003	0.003	60	0	60	60	
0.4	5.4	20	449	3	3	1	60	1	60	0.01	0	0.01	0.01	60	0	60	60	
0.4	5.4	13	451	8	3	183	934867	183	934867	0.003	0	0.003	0.003	5108.56	2736.95	45	9422	
0.4	5.4	23	453	8	3	76	336753	76	336753	0.003	0	0.003	0.003	4430.96	2888.69	45	9422	
0.4	5.4	7	454	9	3	156	532162	156	532162	0.00308974	0.000790033	0.003	0.01	3411.29	1744.7	60	9422	
0.4	5.4	47	455	9	3	2	120	2	120	0.01	0	0.01	0.01	60	0	60	60	
0.4	5.4	39	458	20	3	3	180	3	180	0.003	0	0.003	0.003	60	0	60	60	
0.4	5.4	30	459	8	3	1	60	1	60	0.01	0	0.01	0.01	60	0	60	60	
0.4	5.4	38	460	2	3	1	60	1	60	0.01	0	0.01	0.01	60	0	60	60	
0.4	5.4	8	461	12	3	1	60	1	60	0.01	0	0.01	0.01	60	0	60	60	
0.4	5.4	49	462	6	3	1	60	1	60	0.01	0	0.01	0.01	60	0	60	60	
0.4	5.4	42	463	8	3	1	60	1	60	0.003	0	0.003	0.003	60	0	60	60	
0.4	5.4	28	464	11	3	3	180	3	180	0.003	0	0.003	0.003	60	0	60	60	
0.4	5.4	19	465	11	3	6	8992	6	8992	0.003	0	0.003	0.003	1498.67	1204.42	60	3550	
0.4	5.4	47	469	13	3	5	300	5	300	0.0044	0.0031305	0.003	0.01	60	0	60	60	
0.4	5.4	57	471	6	3	3	180	3	180	0.00533333	0.00404145	0.003	0.01	60	0	60	60	
0.4	5.4	9	472	4	3	1	60	1	60	0.003	0	0.003	0.003	60	0	60	60	
0.4	5.4	1	474	6	3	743	1042688	743	1042688	0.00511036	0.00321447	0.003	0.01	1403.35	545.84	60	5324	
0.4	5.4	39	475	15	3	2	120	2	120	0.003	0	0.003	0.003	60	0	60	60	
0.4	5.4	42	476	13	3	3	180	3	180	0.00766667	0.00404145	0.003	0.01	60	0	60	60	
0.4	5.4	5	477	50	3	351	585101	351	585101	0.003	0	0.003	0.003	1666.95	1061.7	60	5664	
0.4	5.4	47	478	8	3	4	240	3	180	0.00533333	0.00404145	0.003	0.01	60	0	60	60	
0.4	5.4	37	479	26	3	2	120	2	120	0.003	0	0.003	0.003	60	0	60	60	
0.4	5.4	37	480	37	3	1	60	1	60	0.01	0	0.01	0.01	60	0	60	60	
0.4	5.4	11	481	6	3	3	180	3	180	0.00766667	0.00404145	0.003	0.01	60	0	60	60	
0.4	5.4	18	482	8	3	2	120	2	120	0.0065	0.00494975	0.003	0.01	60	0	60	60	
0.4	5.4	41	484	10	3	2	120	2	120	0.003	0	0.003	0.003	60	0	60	60	
0.4	5.4	41	485	12	3	1	60	1	60	0.003	0	0.003	0.003	60	0	60	60	
0.4	5.4	43	486	4	3	1	60	1	60	0.003	0	0.003	0.003	60	0	60	60	
0.4	5.4	16	487	6	3	1	60	1	60	0.003	0	0.003	0.003	60	0	60	60	
0.4	5.4	46	488	10	3	1733	2265259	1733	2265259	0.00330294	0.00142478	0.003	0.01	1307.13	302.749	60	3662	
0.4	5.4	1	489	16	3	1	60	1	60	0.01	0	0.01	0.01	60	0	60	60	
0.4	5.4	35	490	6	3	3	1892	3	1892	0.003	0	0.003	0.003	630.667	562.2	60	1184	
0.4	5.4	18	494	2	3	4	240	4	240	0.01	0	0.01	0.01	60	0	60	60	
0.4	5.4	34	495	13	3	933	1247218	933	1247218	0.00304502	0.000559841	0.003	0.01	1336.78	285.934	60	3550	
0.4	5.4	39	496	19	3	2	120	2	120	0.003	0	0.003	0.003	60	0	60	60	
0.4	5.4	29	497	4	3	1	60	1	60	0.01	0	0.01	0.01	60	0	60	60	
0.4	5.4	6	498	15	3	4	240	4	240	0.00825	0.0035	0.003	0.01	60	0	60	60	
0.4	5.4	37	499	7	3	4	240	4	240	0.003	0	0.003	0.003	60	0	60	60	
0.4	5.4	52	501	38	3	1	60	1	60	0.003	0	0.003	0.003	60	0	60	60	
0.4	5.4	49	502	8	3	7	14316	7	14316	0.003	0	0.003	0.003	2045.14	1816.4	60	5324	
0.4	5.4	36	503	6	3	93	445613	93	445613	0.00766667	0.00331772	0.003	0.01	4791.54	2795.63	45	9422	
0.4	5.4	43	504	5	3	2	120	2	120	0.003	0	0.003	0.003	60	0	60	60	
0.4	5.4	49	505	1	3	2	120	2	120	0.0065	0.00494975	0.003	0.01	60	0	60	60	
0.4	5.4	43	506	3	3	2	120	2	120	0.01	0	0.01	0.01	60	0	60	60	
0.4	5.4	13	507	3	3	751	1529226	751	1529226	0.00329827	0.00141477	0.003	0.01	2036.25	1135.71	60	9422	
0.4	5.4	52	508	36	3	2	120	2	120	0.003	0	0.003	0.003	60	0	60	60	
0.4	5.4	37	511	21	3	3	180	3	180	0.00533333	0.00404145	0.003	0.01	60	0	60	60	
0.4	5.4	23	512	9	3	1	60	1	60	0.003	0	0.003	0.003	60	0	60	60	
0.4	5.4	20	513	4	3	4	240	4	240	0.01	0	0.01	0.01	60	0	60	60	
0.4	5.4	7	514	3	3	47	82546	47	82546	0.0046383	0.00299583	0.003	0.01	1756.3	782.587	60	3550	
0.4	5.4	32	523	5	3	4	240	4	240	0.0065	0.00404145	0.003	0.01	60	0	60	60	
0.4	5.4	8	524	2	3	2	120	2	120	0.0065	0.00494975	0.003	0.01	60	0	60	60	
0.4	5.4	39	525	28	3	650	2207913	650	2207913	0.003	0	0.003	0.003	3396.79	891.829	56	6342	
0.4	5.4	55	526	7	3	1444	2176472	1443	2172922	0.00374705	0.00216207	0.003	0.01	1505.84	610.846	60	5916	
0.4	5.4	19	527	3	3	262	503234	262	503234	0.00310687	0.000859938	0.003	0.01	1920.74	855.703	60	5324	
0.4	5.4	10	528	12	3	3	180	3	180	0.00533333	0.00404145	0.003	0.01	60	0	60	60	
0.4	5.4	9	529	7	3	297	1489326	296	1486959	0.003	0	0.003	0.003	5023.51	3049.82	45	9422	
0.4	5.4	54	531	3	3	3	1892	3	1892	0.003	0	0.003	0.003	630.667	562.2	60	1184	
0.4	5.4	28	532	12	3	3	180	3	180	0.003	0	0.003	0.003	60	0	60	60	
0.4	5.4	55	534	16	3	3	180	3	180	0.003	0	0.003	0.003	60	0	60	60	
0.4	5.4	34	535	9	3	2	120	2	120	0.003	0	0.003	0.003	60	0	60	60	
0.4	5.4	25	536	8	3	151	831341	151	831341	0.003	0	0.003	0.003	5505.57	3444.69	45	9422	
0.4	5.4	37	537	1	3	3	180	3	180	0.003	0	0.003	0.003	60	0	60	60	
0.4	5.4	39	538	13	3	293	952838	293	952838	0.003	0	0.003	0.003	3252.01	1418.89	60	9422	
0.4	5.4	27	540	3	3	2	120	2	120	0.0065	0.00494975	0.003	0.01	60	0	60	60	
0.4	5.4	32	541	1	3	1	60	1	60	0.003	0	0.003	0.003	60	0	60	60	
0.4	5.4	8	542	15	3	1	60	1	60	0.01	0	0.01	0.01	60	0	60	60	
0.4	5.4	41	544	18	3	763	917598	763	917598	0.00515596	0.00323377	0.003	0.01	1202.62	559.491	60	9422	
0.4	5.4	37	546	33	3	1	60	1	60	0.003	0	0.003	0.003	60	0	60	60	
0.4	5.4	11	547	13	3	890	2208175	890	2208175	0.00322022	0.0012226	0.003	0.01	2481.1	675.668	56	7099	
0.4	5.4	52	548	41	3	3	180	2	120	0.003	0	0.003	0.003	60	0	60	60	
0.4	5.4	24	554	21	3	2	120	2	120	0.0065	0.00494975	0.003	0.01	60	0	60	60	
0.4	5.4	7	555	10	3	313	523792	313	523792	0.00434185	0.00275984	0.003	0.01	1673.46	700.175	60	9422	
0.4	5.4	55	556	15	3	1	60	1	60	0.003	0	0.003	0.003	60	0	60	60	
0.4	5.4	44	557	11	3	1	60	1	60	0.003	0	0.003	0.003	60	0	60	60	
0.4	5.4	26	559	4	3	1	60	1	60	0.01	0	0.01	0.01	60	0	60	60	
0.4	5.4	24	560	13	3	2	120	2	120	0.003	0	0.003	0.003	60	0	60	60	
0.4	5.4	52	561	33	3	1	60	1	60	0.003	0	0.003	0.003	60	0	60	60	
0.4	5.4	7	562	2	3	3	180	3	180	0.00533333	0.00404145	0.003	0.01	60	0	60	60	
0.4	5.4	49	564	3	3	232	1199456	232	1199456	0.003	0	0.003	0.003	5170.07	3357.67	45	9422	
0.4	5.4	50	565	3	3	1	60	1	60	0.003	0	0.003	0.003	60	0	60	60	
0.4	5.4	11	567	4	3	4	240	4	240	0.00475	0.0035	0.003	0.01	60	0	60	60	
0.4	5.4	39	568	2	3	4	240	4	240	0.003	0	0.003	0.003	60	0	60	60	
0.4	5.4	12	570	7	3	2	120	2	120	0.0065	0.00494975	0.003	0.01	60	0	60	60	
0.4	5.4	27	574	8	3	59	111643	59	111643	0.00359322	0.00196626	0.003	0.01	1892.25	1376.85	60	5324	
0.4	5.4	37	576	27	3	2	120	2	120	0.003	0	0.003	0.003	60	0	60	60	
0.4	5.4	24	577	22	3	1270	1868361	1269	1867177	0.00495823	0.00314337	0.003	0.01	1471.38	717.23	60	6882	
0.4	5.4	10	578	7	3	136	711246	136	711246	0.003	0	0.003	0.003	5229.75	2967.92	45	9422	
0.4	5.4	10	581	11	3	2	120	2	120	0.003	0	0.003	0.003	60	0	60	60	
0.4	5.4	2	583	1	3	2	120	2	120	0.003	0	0.003	0.003	60	0	60	60	
0.4	5.4	3	584	3	3	3	180	3	180	0.003	0	0.003	0.003	60	0	60	60	
0.4	5.4	34	585	7	3	1	60	1	60	0.003	0	0.003	0.003	60	0	60	60	
0.4	5.4	55	586	8	3	1057	2573504	1057	2573504	0.00369536	0.0020948	0.003	0.01	2434.72	989.986	56	7708	
0.4	5.4	13	587	4	3	3	180	3	180	0.00766667	0.00404145	0.003	0.01	60	0	60	60	
0.4	5.4	37	588	38	3	2	120	2	120	0.003	0	0.003	0.003	60	0	60	60	
0.4	5.4	28	589	9	3	10	14317	10	14317	0.003	0	0.003	0.003	1431.7	613.015	60	1775	
0.4	5.4	46	592	3	3	3	180	3	180	0.003	0	0.003	0.003	60	0	60	60	
0.4	5.4	12	593	4	3	1	60	1	60	0.01	0	0.01	0.01	60	0	60	60	
0.4	5.4	37	594	13	3	2	120	2	120	0.003	0	0.003	0.003	60	0	60	60	
0.4	5.4	10	595	3	3	370	749263	370	749263	0.00337838	0.00158501	0.003	0.01	2025.04	1083.19	60	9422	
0.4	5.4	16	598	13	3	2	120	2	120	0.003	0	0.003	0.003	60	0	60	60	
0.4	5.4	11	599	8	3	2	120	2	120	0.01	0	0.01	0.01	60	0	60	60	
0.4	5.4	2	603	3	3	2	120	2	120	0.003	0	0.003	0.003	60	0	60	60	
0.4	5.4	11	608	5	3	6	360	6	360	0.00766667	0.00361478	0.003	0.01	60	0	60	60	
0.4	5.4	35	609	3	3	1	60	1	60	0.003	0	0.003	0.003	60	0	60	60	
0.4	5.4	41	611	24	3	7	420	7	420	0.004	0.00264575	0.003	0.01	60	0	60	60	
0.4	5.4	39	617	5	3	2	708	2	708	0.01	0	0.01	0.01	354	415.779	60	648	
0.4	5.4	1	619	21	3	1	60	1	60	0.003	0	0.003	0.003	60	0	60	60	
0.4	5.4	3	623	1	3	6	360	6	360	0.00533333	0.00361478	0.003	0.01	60	0	60	60	
0.4	5.4	46	624	8	3	3	180	3	180	0.00533333	0.00404145	0.003	0.01	60	0	60	60	
0.4	5.4	21	627	4	3	5	300	5	300	0.003	0	0.003	0.003	60	0	60	60	
0.4	5.4	13	631	10	3	1	60	1	60	0.003	0	0.003	0.003	60	0	60	60	
0.4	5.4	42	632	10	3	2	120	2	120	0.003	0	0.003	0.003	60	0	60	60	
0.4	5.4	34	633	16	3	1	60	1	60	0.01	0	0.01	0.01	60	0	60	60	
0.4	5.4	27	634	5	3	2	120	2	120	0.003	0	0.003	0.003	60	0	60	60	
0.4	5.4	44	635	1	3	211	407828	211	407828	0.00727962	0.00342018	0.003	0.01	1932.83	1804.73	60	9422	
0.4	5.4	11	638	10	3	1	60	1	60	0.01	0	0.01	0.01	60	0	60	60	
0.4	5.4	6	639	17	3	1	60	1	60	0.01	0	0.01	0.01	60	0	60	60	
0.4	5.4	47	640	3	3	125	601805	125	601805	0.003	0	0.003	0.003	4814.44	3121.97	45	9422	
0.4	5.4	30	642	4	3	336	409656	336	409656	0.00410417	0.00255527	0.003	0.01	1219.21	1182.84	60	9422	
0.4	5.4	51	645	5	3	1	60	1	60	0.01	0	0.01	0.01	60	0	60	60	
0.4	5.4	52	646	10	3	2	120	2	120	0.003	0	0.003	0.003	60	0	60	60	
0.4	5.4	24	648	6	3	2	120	2	120	0.003	0	0.003	0.003	60	0	60	60	
0.4	5.4	16	649	3	3	1	60	1	60	0.003	0	0.003	0.003	60	0	60	60	
0.4	5.4	32	650	4	3	1	60	1	60	0.003	0	0.003	0.003	60	0	60	60	
0.4	5.4	19	652	7	3	1	60	1	60	0.003	0	0.003	0.003	60	0	60	60	
0.4	5.4	42	656	6	3	1	60	1	60	0.003	0	0.003	0.003	60	0	60	60	
0.4	5.4	53	657	2	3	2	120	2	120	0.0065	0.00494975	0.003	0.01	60	0	60	60	
0.4	5.4	39	658	7	3	2	120	2	120	0.003	0	0.003	0.003	60	0	60	60	
0.4	5.4	48	659	4	3	3	180	3	180	0.00766667	0.00404145	0.003	0.01	60	0	60	60	
0.4	5.4	37	660	25	3	3	180	3	180	0.00533333	0.00404145	0.003	0.01	60	0	60	60	
0.4	5.4	25	661	7	3	4	240	4	240	0.00825	0.0035	0.003	0.01	60	0	60	60	
0.4	5.4	5	664	52	3	5	2544	5	2544	0.0058	0.00383406	0.003	0.01	508.8	470.382	60	1184	
0.4	5.4	24	665	1	3	128	221446	128	221446	0.00420312	0.00265128	0.003	0.01	1730.05	1717.35	60	9422	
0.4	5.4	5	666	17	3	207	255815	207	255815	0.00394686	0.00239985	0.003	0.01	1235.82	580.043	60	2961	
0.4	5.4	1	667	14	3	340	338129	340	338129	0.00466765	0.00298642	0.003	0.01	994.497	869.685	51	8382	
0.4	5.4	6	668	18	3	331	709122	331	709122	0.00684894	0.00348783	0.003	0.01	2142.36	1423.69	60	9422	
0.4	5.4	5	670	14	3	2	120	2	120	0.0065	0.00494975	0.003	0.01	60	0	60	60	
0.4	5.4	1	672	12	3	3	180	3	180	0.00766667	0.00404145	0.003	0.01	60	0	60	60	
0.4	5.4	5	674	19	3	2	120	2	120	0.0065	0.00494975	0.003	0.01	60	0	60	60	
0.4	5.4	5	676	15	3	253	341603	253	341603	0.003	0	0.003	0.003	1350.21	758.768	60	5664	
0.4	5.4	24	678	20	3	216	315077	215	314485	0.0040093	0.00246469	0.003	0.01	1462.72	618.472	60	3432	
0.4	5.4	5	680	3	3	2	120	2	120	0.003	0	0.003	0.003	60	0	60	60	
0.4	5.4	30	681	5	3	1	60	1	60	0.01	0	0.01	0.01	60	0	60	60	
0.4	5.4	24	682	3	3	97	313749	97	313749	0.003	0	0.003	0.003	3234.53	1907.05	45	9422	
0.4	5.4	1	684	27	3	655	818335	653	817151	0.00454364	0.00290441	0.003	0.01	1251.38	870.653	20	9422	
0.4	5.4	5	685	46	3	154	268923	154	268923	0.00409091	0.00254724	0.003	0.01	1746.25	1089.56	60	7098	
0.4	5.4	5	686	11	3	193	254696	193	254696	0.00397927	0.00243447	0.003	0.01	1319.67	660.085	60	3662	
0.4	5.4	1	687	15	3	2	120	2	120	0.003	0	0.003	0.003	60	0	60	60	
0.4	5.4	5	688	23	3	1	60	1	60	0.003	0	0.003	0.003	60	0	60	60	
0.4	5.4	5	690	48	3	283	365674	283	365674	0.003	0	0.003	0.003	1292.13	700.061	4	4395	
0.4	5.4	5	691	44	3	1	60	1	60	0.003	0	0.003	0.003	60	0	60	60	
0.4	5.4	5	693	2	3	3	180	3	180	0.00533333	0.00404145	0.003	0.01	60	0	60	60	
0.4	5.4	24	695	7	3	4	240	4	240	0.003	0	0.003	0.003	60	0	60	60	
0.4	5.4	1	697	24	3	5	300	5	300	0.003	0	0.003	0.003	60	0	60	60	
0.4	5.4	5	699	61	3	1	60	1	60	0.003	0	0.003	0.003	60	0	60	60	
0.4	5.4	25	701	4	3	1	60	1	60	0.01	0	0.01	0.01	60	0	60	60	
0.4	5.4	6	702	1	3	117	246289	117	246289	0.00611111	0.00349329	0.003	0.01	2105.03	1759.02	58	9422	
0.4	5.4	24	703	11	3	1162	1690649	1162	1690649	0.00459036	0.0029344	0.003	0.01	1454.95	785.088	60	6882	
0.4	5.4	24	705	8	3	1	60	1	60	0.003	0	0.003	0.003	60	0	60	60	
0.4	5.4	1	706	11	3	1	60	1	60	0.017	0	0.017	0.017	60	0	60	60	
0.4	5.4	5	708	27	3	2	120	2	120	0.0065	0.00494975	0.003	0.01	60	0	60	60	
0.4	5.4	1	709	26	3	5	300	5	300	0.0044	0.0031305	0.003	0.01	60	0	60	60	
0.4	5.4	5	710	22	3	867	1119595	867	1119595	0.0048489	0.00308786	0.003	0.01	1291.34	420.256	38	3550	
0.4	5.4	5	712	18	3	149	135771	149	135771	0.00365772	0.0020493	0.003	0.01	911.215	602.283	4	1775	
0.4	5.4	5	713	7	3	1	60	1	60	0.003	0	0.003	0.003	60	0	60	60	
0.4	5.4	6	714	11	3	1	60	1	60	0.01	0	0.01	0.01	60	0	60	60	
0.4	5.4	5	715	51	3	204	287894	204	287894	0.003	0	0.003	0.003	1411.25	804.56	60	4395	
0.4	5.4	24	716	15	3	1	60	1	60	0.003	0	0.003	0.003	60	0	60	60	
0.4	5.4	1	717	7	3	245	231191	245	231191	0.00425714	0.00269243	0.003	0.01	943.637	601.636	6	4523	
0.4	5.4	1	719	25	3	252	474773	252	474773	0.00338889	0.00160662	0.003	0.01	1884.02	992.83	58	7098	
0.4	5.4	5	720	6	3	352	518739	352	518739	0.003	0	0.003	0.003	1473.69	1141.35	60	9422	
0.4	5.4	1	721	8	3	576	795708	576	795708	0.00471354	0.00301236	0.003	0.01	1381.44	761.165	43	7708	
0.4	5.4	5	722	38	3	1	60	1	60	0.003	0	0.003	0.003	60	0	60	60	
0.4	5.4	5	723	49	3	1	60	1	60	0.01	0	0.01	0.01	60	0	60	60	
0.4	5.4	43	724	1	3	133	565701	133	565701	0.003	0	0.003	0.003	4253.39	1945.68	60	9422	
0.4	5.4	1	725	23	3	283	484244	283	484244	0.00327208	0.00135538	0.003	0.01	1711.11	993.607	60	5324	
0.4	5.4	1	726	19	3	3	180	3	180	0.01	0	0.01	0.01	60	0	60	60	
0.4	5.4	5	728	39	3	1	60	1	60	0.01	0	0.01	0.01	60	0	60	60	
0.4	5.4	6	732	12	3	1	60	1	60	0.01	0	0.01	0.01	60	0	60	60	
0.4	5.4	24	734	5	3	3	180	3	180	0.00766667	0.00404145	0.003	0.01	60	0	60	60	
0.4	5.4	5	735	40	3	3	180	3	180	0.003	0	0.003	0.003	60	0	60	60	
0.4	5.4	5	737	8	3	2	120	2	120	0.003	0	0.003	0.003	60	0	60	60	
0.4	5.4	1	738	2	3	3	180	3	180	0.00533333	0.00404145	0.003	0.01	60	0	60	60	
0.4	5.4	5	739	54	3	2	120	2	120	0.003	0	0.003	0.003	60	0	60	60	
0.4	5.4	5	740	31	3	1	60	1	60	0.01	0	0.01	0.01	60	0	60	60	
0.4	5.4	5	741	59	3	1	60	1	60	0.01	0	0.01	0.01	60	0	60	60	
0.4	5.4	5	742	55	3	1	60	1	60	0.003	0	0.003	0.003	60	0	60	60	
0.4	5.4	5	744	53	3	2	120	2	120	0.0065	0.00494975	0.003	0.01	60	0	60	60	
0.4	5.4	6	745	8	3	1	60	1	60	0.01	0	0.01	0.01	60	0	60	60	
0.4	5.4	5	746	20	3	1	60	1	60	0.003	0	0.003	0.003	60	0	60	60	
0.4	5.4	1	748	13	3	4	240	4	240	0.00475	0.0035	0.003	0.01	60	0	60	60	
0.4	5.4	5	750	47	3	305	220058	305	220058	0.00437705	0.00321675	0.003	0.017	721.502	490.578	17	4348	
