% start	end	CellId	IMSI	RNTI	LCID	nTxPDUs	TxBytes	nRxPDUs	RxBytes	delay	stdDev	min	max	PduSize	stdDev	min	max
0.4	5.4	37	2	32	3	3	180	3	180	0.003	0	0.003	0.003	60	0	60	60	
0.4	5.4	2	3	6	3	1	60	1	60	0.003	0	0.003	0.003	60	0	60	60	
0.4	5.4	51	4	7	3	6	360	6	360	0.00533333	0.00361478	0.003	0.01	60	0	60	60	
0.4	5.4	41	6	5	3	1	60	1	60	0.01	0	0.01	0.01	60	0	60	60	
0.4	5.4	17	8	4	3	1	60	1	60	0.01	0	0.01	0.01	60	0	60	60	
0.4	5.4	41	9	10	3	7	420	7	420	0.004	0.00264575	0.003	0.01	60	0	60	60	
0.4	5.4	34	10	11	3	1	60	1	60	0.003	0	0.003	0.003	60	0	60	60	
0.4	5.4	52	14	18	3	1	60	1	60	0.003	0	0.003	0.003	60	0	60	60	
0.4	5.4	10	15	7	3	97	338541	97	338541	0.00336082	0.00155581	0.003	0.01	3490.11	1837.97	60	7099	
0.4	5.4	22	16	11	3	115	259289	115	259289	0.00488696	0.00311973	0.003	0.01	2254.69	1641.26	60	9422	
0.4	5.4	38	17	13	3	188	790559	188	790559	0.003	0	0.003	0.003	4205.1	2290.14	45	9422	
0.4	5.4	39	18	10	3	1	60	1	60	0.003	0	0.003	0.003	60	0	60	60	
0.4	5.4	43	19	2	3	7	420	7	420	0.005	0.00341565	0.003	0.01	60	0	60	60	
0.4	5.4	39	20	14	3	351	1355106	349	1346232	0.0046447	0.00297206	0.003	0.01	3857.4	1969.37	45	9422	
0.4	5.4	8	21	4	3	1	60	1	60	0.01	0	0.01	0.01	60	0	60	60	
0.4	5.4	39	23	6	3	1	60	1	60	0.003	0	0.003	0.003	60	0	60	60	
0.4	5.4	11	24	4	3	472	1925418	472	1925418	0.00360805	0.00197355	0.003	0.01	4079.28	1745.89	60	9422	
0.4	5.4	42	25	3	3	513	2041394	513	2041394	0.00301364	0.000309058	0.003	0.01	3979.33	2476.14	60	9422	
0.4	5.4	21	26	3	3	2	120	2	120	0.003	0	0.003	0.003	60	0	60	60	
0.4	5.4	1	27	17	3	2	120	2	120	0.01	0	0.01	0.01	60	0	60	60	
0.4	5.4	28	28	10	3	55	206015	55	206015	0.003	0	0.003	0.003	3745.73	2003.12	60	9422	
0.4	5.4	6	29	3	3	328	1637332	328	1637332	0.00417378	0.00261909	0.003	0.01	4991.87	2111.34	60	9422	
0.4	5.4	5	30	49	3	2	120	2	120	0.0065	0.00494975	0.003	0.01	60	0	60	60	
0.4	5.4	39	31	26	3	1	60	1	60	0.003	0	0.003	0.003	60	0	60	60	
0.4	5.4	45	32	4	3	31	96556	31	96556	0.00525806	0.00332634	0.003	0.01	3114.71	2322.82	60	9422	
0.4	5.4	5	34	1	3	3	180	3	180	0.003	0	0.003	0.003	60	0	60	60	
0.4	5.4	9	35	6	3	3	712	3	712	0.003	0	0.003	0.003	237.333	307.15	60	592	
0.4	5.4	33	36	3	3	1	60	1	60	0.003	0	0.003	0.003	60	0	60	60	
0.4	5.4	43	38	1	3	2	120	2	120	0.0065	0.00494975	0.003	0.01	60	0	60	60	
0.4	5.4	22	40	4	3	2	120	2	120	0.003	0	0.003	0.003	60	0	60	60	
0.4	5.4	44	41	3	3	2	120	2	120	0.0065	0.00494975	0.003	0.01	60	0	60	60	
0.4	5.4	46	42	3	3	1	60	1	60	0.003	0	0.003	0.003	60	0	60	60	
0.4	5.4	21	43	7	3	2	120	2	120	0.003	0	0.003	0.003	60	0	60	60	
0.4	5.4	39	45	8	3	1	60	1	60	0.003	0	0.003	0.003	60	0	60	60	
0.4	5.4	56	46	10	3	223	369010	223	369010	0.00629596	0.00350191	0.003	0.01	1654.75	1286.63	60	9422	
0.4	5.4	30	47	10	3	1	60	1	60	0.01	0	0.01	0.01	60	0	60	60	
0.4	5.4	55	49	1	3	3	180	3	180	0.003	0	0.003	0.003	60	0	60	60	
0.4	5.4	26	50	2	3	331	993057	331	993057	0.00344411	0.0017089	0.003	0.01	3000.17	1658.31	60	9422	
0.4	5.4	35	52	8	3	8	480	8	480	0.007375	0.00362284	0.003	0.01	60	0	60	60	
0.4	5.4	13	53	8	3	1	60	1	60	0.003	0	0.003	0.003	60	0	60	60	
0.4	5.4	30	54	14	3	742	1102220	741	1101036	0.00600405	0.0035426	0.003	0.017	1485.88	635.721	13	5324	
0.4	5.4	23	55	5	3	1	60	1	60	0.003	0	0.003	0.003	60	0	60	60	
0.4	5.4	37	56	25	3	4	240	4	240	0.003	0	0.003	0.003	60	0	60	60	
0.4	5.4	25	57	6	3	172	631998	172	631998	0.00743605	0.00338236	0.003	0.01	3674.41	1842.14	57	9422	
0.4	5.4	54	58	4	3	3	180	3	180	0.00533333	0.00404145	0.003	0.01	60	0	60	60	
0.4	5.4	53	59	3	3	1	60	1	60	0.003	0	0.003	0.003	60	0	60	60	
0.4	5.4	27	60	6	3	110	541430	110	541430	0.003	0	0.003	0.003	4922.09	2677.55	45	9422	
0.4	5.4	45	61	9	3	4	240	4	240	0.00475	0.0035	0.003	0.01	60	0	60	60	
0.4	5.4	34	63	3	3	5	300	5	300	0.003	0	0.003	0.003	60	0	60	60	
0.4	5.4	41	64	2	3	2	120	2	120	0.003	0	0.003	0.003	60	0	60	60	
0.4	5.4	8	65	1	3	1	60	1	60	0.003	0	0.003	0.003	60	0	60	60	
0.4	5.4	39	66	16	3	3	180	3	180	0.003	0	0.003	0.003	60	0	60	60	
0.4	5.4	37	68	44	3	2	120	2	120	0.003	0	0.003	0.003	60	0	60	60	
0.4	5.4	38	69	14	3	361	764079	361	764079	0.00404709	0.00250011	0.003	0.01	2116.56	1701.44	60	9422	
0.4	5.4	10	71	9	3	301	1077635	299	1072901	0.00431104	0.00273559	0.003	0.01	3588.3	1930.3	60	9422	
0.4	5.4	8	72	9	3	2	120	2	120	0.003	0	0.003	0.003	60	0	60	60	
0.4	5.4	47	73	6	3	477	1114514	477	1114514	0.00562683	0.00339289	0.003	0.01	2336.51	1686.94	60	9422	
0.4	5.4	32	74	3	3	3	180	3	180	0.003	0	0.003	0.003	60	0	60	60	
0.4	5.4	42	77	2	3	44	211331	44	211331	0.00363636	0.00203562	0.003	0.01	4802.98	3528.5	45	9422	
0.4	5.4	44	79	8	3	2	120	2	120	0.0065	0.00494975	0.003	0.01	60	0	60	60	
0.4	5.4	13	80	2	3	3	180	3	180	0.00766667	0.00404145	0.003	0.01	60	0	60	60	
0.4	5.4	41	81	13	3	1	60	1	60	0.003	0	0.003	0.003	60	0	60	60	
0.4	5.4	2	84	2	3	3	180	3	180	0.003	0	0.003	0.003	60	0	60	60	
0.4	5.4	30	85	9	3	2	120	2	120	0.003	0	0.003	0.003	60	0	60	60	
0.4	5.4	55	86	9	3	2	120	2	120	0.003	0	0.003	0.003	60	0	60	60	
0.4	5.4	28	88	12	3	85	145084	85	145084	0.00604706	0.00349117	0.003	0.01	1706.87	1237.1	60	9422	
0.4	5.4	38	91	11	3	1	60	1	60	0.003	0	0.003	0.003	60	0	60	60	
0.4	5.4	7	92	10	3	1	60	1	60	0.01	0	0.01	0.01	60	0	60	60	
0.4	5.4	37	94	13	3	1205	1745671	1205	1745671	0.00356348	0.00190523	0.003	0.01	1448.69	536.675	60	9422	
0.4	5.4	54	95	1	3	2	120	2	120	0.01	0	0.01	0.01	60	0	60	60	
0.4	5.4	17	97	10	3	118	625441	118	625441	0.003	0	0.003	0.003	5300.35	2703.86	45	9422	
0.4	5.4	41	98	27	3	3	180	3	180	0.00533333	0.00404145	0.003	0.01	60	0	60	60	
0.4	5.4	12	99	4	3	1	60	1	60	0.01	0	0.01	0.01	60	0	60	60	
0.4	5.4	28	100	7	3	145	436192	145	436192	0.00468965	0.00300582	0.003	0.01	3008.22	1775.44	60	9422	
0.4	5.4	39	101	18	3	1	60	1	60	0.003	0	0.003	0.003	60	0	60	60	
0.4	5.4	30	102	12	3	1	60	1	60	0.01	0	0.01	0.01	60	0	60	60	
0.4	5.4	37	103	47	3	1	60	1	60	0.003	0	0.003	0.003	60	0	60	60	
0.4	5.4	41	106	37	3	3	180	3	180	0.003	0	0.003	0.003	60	0	60	60	
0.4	5.4	37	107	23	3	3	180	3	180	0.003	0	0.003	0.003	60	0	60	60	
0.4	5.4	10	108	10	3	254	1218362	254	1218362	0.003	0	0.003	0.003	4796.7	2914.99	45	9422	
0.4	5.4	1	109	8	3	2	120	2	120	0.0065	0.00494975	0.003	0.01	60	0	60	60	
0.4	5.4	26	111	13	3	1	60	1	60	0.003	0	0.003	0.003	60	0	60	60	
0.4	5.4	1	112	12	3	1	60	1	60	0.003	0	0.003	0.003	60	0	60	60	
0.4	5.4	25	113	5	3	106	540279	106	540279	0.003	0	0.003	0.003	5096.97	3075.47	45	9422	
0.4	5.4	37	114	9	3	57	182942	55	175842	0.003	0	0.003	0.003	3197.13	841.679	60	3550	
0.4	5.4	30	115	11	3	4	240	4	240	0.0065	0.00404145	0.003	0.01	60	0	60	60	
0.4	5.4	11	118	6	3	5	300	5	300	0.0058	0.00383406	0.003	0.01	60	0	60	60	
0.4	5.4	41	119	24	3	2	120	2	120	0.003	0	0.003	0.003	60	0	60	60	
0.4	5.4	21	120	8	3	4	240	4	240	0.0065	0.00404145	0.003	0.01	60	0	60	60	
0.4	5.4	41	123	36	3	2	120	2	120	0.003	0	0.003	0.003	60	0	60	60	
0.4	5.4	3	124	3	3	2	120	2	120	0.003	0	0.003	0.003	60	0	60	60	
0.4	5.4	41	125	3	3	3	180	3	180	0.003	0	0.003	0.003	60	0	60	60	
0.4	5.4	36	126	5	3	6	360	6	360	0.00533333	0.00361478	0.003	0.01	60	0	60	60	
0.4	5.4	38	127	6	3	2	120	2	120	0.003	0	0.003	0.003	60	0	60	60	
0.4	5.4	57	128	4	3	757	2641546	757	2641546	0.00466446	0.00298204	0.003	0.01	3489.49	1921.06	60	9422	
0.4	5.4	47	129	1	3	121	426142	120	424027	0.003875	0.00294933	0.003	0.024	3533.56	2239.41	60	9422	
0.4	5.4	48	130	5	3	1	60	1	60	0.01	0	0.01	0.01	60	0	60	60	
0.4	5.4	12	131	6	3	3	180	3	180	0.003	0	0.003	0.003	60	0	60	60	
0.4	5.4	56	134	9	3	3	180	3	180	0.003	0	0.003	0.003	60	0	60	60	
0.4	5.4	53	135	7	3	2	120	2	120	0.0065	0.00494975	0.003	0.01	60	0	60	60	
0.4	5.4	52	136	6	3	1	60	1	60	0.003	0	0.003	0.003	60	0	60	60	
0.4	5.4	55	137	3	3	4	240	4	240	0.00475	0.0035	0.003	0.01	60	0	60	60	
0.4	5.4	37	138	34	3	1	60	1	60	0.01	0	0.01	0.01	60	0	60	60	
0.4	5.4	15	140	4	3	178	728084	178	728084	0.00355056	0.00188968	0.003	0.01	4090.36	2940.62	45	9422	
0.4	5.4	52	143	38	3	1	60	1	60	0.003	0	0.003	0.003	60	0	60	60	
0.4	5.4	51	144	2	3	1	60	1	60	0.01	0	0.01	0.01	60	0	60	60	
0.4	5.4	21	148	9	3	4	240	4	240	0.003	0	0.003	0.003	60	0	60	60	
0.4	5.4	37	149	46	3	1	60	1	60	0.003	0	0.003	0.003	60	0	60	60	
0.4	5.4	20	150	7	3	518	1065403	515	1060668	0.00594951	0.0034598	0.003	0.01	2059.55	1365.62	60	8481	
0.4	5.4	17	151	2	3	173	1005860	172	997578	0.003	0	0.003	0.003	5799.87	3348.46	45	9422	
0.4	5.4	35	153	6	3	2	120	2	120	0.01	0	0.01	0.01	60	0	60	60	
0.4	5.4	49	154	4	3	489	1682080	489	1682080	0.0052045	0.00325474	0.003	0.01	3439.84	1842.13	60	9422	
0.4	5.4	32	159	2	3	267	558835	267	558835	0.00588389	0.00345182	0.003	0.01	2093.01	1662.44	14	9422	
0.4	5.4	2	160	16	3	4	240	4	240	0.003	0	0.003	0.003	60	0	60	60	
0.4	5.4	14	161	10	3	319	910147	319	910147	0.00547962	0.00335322	0.003	0.01	2853.13	1510.24	60	9422	
0.4	5.4	55	162	4	3	1	60	1	60	0.003	0	0.003	0.003	60	0	60	60	
0.4	5.4	15	163	1	3	4	772	4	772	0.00475	0.0035	0.003	0.01	193	266	60	592	
0.4	5.4	46	164	2	3	3	180	3	180	0.00766667	0.00404145	0.003	0.01	60	0	60	60	
0.4	5.4	52	165	15	3	4	240	4	240	0.003	0	0.003	0.003	60	0	60	60	
0.4	5.4	45	167	10	3	4	240	4	240	0.00475	0.0035	0.003	0.01	60	0	60	60	
0.4	5.4	6	169	10	3	153	763336	153	763336	0.003	0	0.003	0.003	4989.12	3360.8	45	9422	
0.4	5.4	2	170	4	3	1	60	1	60	0.003	0	0.003	0.003	60	0	60	60	
0.4	5.4	22	172	12	3	125	591029	125	591029	0.003	0	0.003	0.003	4728.23	3236.75	45	9422	
0.4	5.4	41	173	22	3	1	60	1	60	0.003	0	0.003	0.003	60	0	60	60	
0.4	5.4	26	174	8	3	51	164022	51	164022	0.003	0	0.003	0.003	3216.12	2126.17	60	8282	
0.4	5.4	52	175	43	3	2	120	2	120	0.003	0	0.003	0.003	60	0	60	60	
0.4	5.4	19	177	5	3	3	180	3	180	0.003	0	0.003	0.003	60	0	60	60	
0.4	5.4	52	179	10	3	1	60	1	60	0.003	0	0.003	0.003	60	0	60	60	
0.4	5.4	47	180	2	3	174	751162	174	751162	0.003	0	0.003	0.003	4317.02	2882.52	45	9422	
0.4	5.4	42	181	1	3	1	60	1	60	0.003	0	0.003	0.003	60	0	60	60	
0.4	5.4	23	182	10	3	2	120	2	120	0.003	0	0.003	0.003	60	0	60	60	
0.4	5.4	8	183	11	3	1	60	1	60	0.003	0	0.003	0.003	60	0	60	60	
0.4	5.4	37	184	35	3	1	60	1	60	0.003	0	0.003	0.003	60	0	60	60	
0.4	5.4	34	188	13	3	2	120	2	120	0.003	0	0.003	0.003	60	0	60	60	
0.4	5.4	13	191	1	3	1	60	1	60	0.003	0	0.003	0.003	60	0	60	60	
0.4	5.4	22	196	13	3	1	60	1	60	0.01	0	0.01	0.01	60	0	60	60	
0.4	5.4	39	197	29	3	1	60	1	60	0.003	0	0.003	0.003	60	0	60	60	
0.4	5.4	16	198	5	3	143	766850	143	766850	0.003	0	0.003	0.003	5362.59	3201.11	45	9422	
0.4	5.4	42	199	6	3	3	180	3	180	0.003	0	0.003	0.003	60	0	60	60	
0.4	5.4	26	201	6	3	3	180	3	180	0.00533333	0.00404145	0.003	0.01	60	0	60	60	
0.4	5.4	37	202	6	3	3	180	3	180	0.003	0	0.003	0.003	60	0	60	60	
0.4	5.4	31	204	4	3	2	120	2	120	0.0065	0.00494975	0.003	0.01	60	0	60	60	
0.4	5.4	37	205	27	3	126	545151	126	545151	0.00511111	0.00322545	0.003	0.01	4326.6	2777.12	45	9422	
0.4	5.4	4	206	13	3	266	925503	266	925503	0.003	0	0.003	0.003	3479.33	2046.2	60	9422	
0.4	5.4	11	207	3	3	1	60	1	60	0.01	0	0.01	0.01	60	0	60	60	
0.4	5.4	45	210	6	3	4	240	4	240	0.00825	0.0035	0.003	0.01	60	0	60	60	
0.4	5.4	50	211	1	3	45	82953	45	82953	0.00735555	0.00343217	0.003	0.01	1843.4	998.801	60	5324	
0.4	5.4	41	212	30	3	1	60	1	60	0.003	0	0.003	0.003	60	0	60	60	
0.4	5.4	27	214	1	3	81	352712	81	352712	0.00377778	0.00221359	0.003	0.01	4354.47	2591.45	60	9422	
0.4	5.4	48	217	8	3	3	180	3	180	0.00766667	0.00404145	0.003	0.01	60	0	60	60	
0.4	5.4	39	218	23	3	151	622535	151	622535	0.003	0	0.003	0.003	4122.75	2432.22	60	9422	
0.4	5.4	39	221	11	3	3	180	3	180	0.00533333	0.00404145	0.003	0.01	60	0	60	60	
0.4	5.4	19	222	1	3	1	60	1	60	0.003	0	0.003	0.003	60	0	60	60	
0.4	5.4	41	223	4	3	2	120	2	120	0.003	0	0.003	0.003	60	0	60	60	
0.4	5.4	8	226	6	3	2	120	2	120	0.003	0	0.003	0.003	60	0	60	60	
0.4	5.4	27	227	4	3	5	300	5	300	0.0044	0.0031305	0.003	0.01	60	0	60	60	
0.4	5.4	26	228	11	3	2	120	2	120	0.003	0	0.003	0.003	60	0	60	60	
0.4	5.4	28	229	11	3	1	60	1	60	0.01	0	0.01	0.01	60	0	60	60	
0.4	5.4	43	231	4	3	246	1057946	246	1057946	0.003	0	0.003	0.003	4300.59	1428.1	60	9422	
0.4	5.4	37	232	1	3	1	60	1	60	0.003	0	0.003	0.003	60	0	60	60	
0.4	5.4	41	233	25	3	2	120	2	120	0.003	0	0.003	0.003	60	0	60	60	
0.4	5.4	21	234	1	3	4	240	4	240	0.003	0	0.003	0.003	60	0	60	60	
0.4	5.4	4	236	9	3	30	97742	30	97742	0.003	0	0.003	0.003	3258.07	2889.33	60	9422	
0.4	5.4	55	237	22	3	1	60	1	60	0.01	0	0.01	0.01	60	0	60	60	
0.4	5.4	16	238	2	3	147	685935	147	685935	0.00309524	0.000813696	0.003	0.01	4666.22	3200.24	45	9422	
0.4	5.4	2	239	17	3	325	526770	325	526770	0.00302154	0.00038829	0.003	0.01	1620.83	1246.18	60	9422	
0.4	5.4	35	240	4	3	1	60	1	60	0.003	0	0.003	0.003	60	0	60	60	
0.4	5.4	3	241	2	3	1	60	1	60	0.003	0	0.003	0.003	60	0	60	60	
0.4	5.4	41	243	41	3	1	60	1	60	0.003	0	0.003	0.003	60	0	60	60	
0.4	5.4	53	244	1	3	167	944327	167	944327	0.003	0	0.003	0.003	5654.65	3177.36	45	9422	
0.4	5.4	49	245	2	3	3	180	3	180	0.00533333	0.00404145	0.003	0.01	60	0	60	60	
0.4	5.4	23	246	1	3	222	1128892	222	1128892	0.00325225	0.00130761	0.003	0.01	5085.1	2802.27	60	9422	
0.4	5.4	52	247	7	3	1	60	1	60	0.003	0	0.003	0.003	60	0	60	60	
0.4	5.4	38	249	12	3	1	60	1	60	0.01	0	0.01	0.01	60	0	60	60	
0.4	5.4	34	250	17	3	1	60	1	60	0.003	0	0.003	0.003	60	0	60	60	
0.4	5.4	43	252	16	3	2	120	2	120	0.0065	0.00494975	0.003	0.01	60	0	60	60	
0.4	5.4	4	254	1	3	313	930121	314	930769	0.00447134	0.00285666	0.003	0.01	2964.23	1838.72	45	9422	
0.4	5.4	4	255	11	3	1	60	1	60	0.003	0	0.003	0.003	60	0	60	60	
0.4	5.4	19	256	9	3	2	120	2	120	0.0065	0.00494975	0.003	0.01	60	0	60	60	
0.4	5.4	28	259	1	3	1	60	1	60	0.01	0	0.01	0.01	60	0	60	60	
0.4	5.4	52	260	39	3	1	60	1	60	0.003	0	0.003	0.003	60	0	60	60	
0.4	5.4	56	261	1	3	3	180	3	180	0.003	0	0.003	0.003	60	0	60	60	
0.4	5.4	20	263	2	3	2	120	2	120	0.003	0	0.003	0.003	60	0	60	60	
0.4	5.4	11	264	2	3	146	679537	146	679537	0.003	0	0.003	0.003	4654.36	2748.16	60	9422	
0.4	5.4	21	267	6	3	846	1128895	843	1125343	0.00401305	0.0024642	0.003	0.01	1334.93	456.016	60	9422	
0.4	5.4	6	268	11	3	1	60	1	60	0.003	0	0.003	0.003	60	0	60	60	
0.4	5.4	52	269	34	3	2	120	2	120	0.003	0	0.003	0.003	60	0	60	60	
0.4	5.4	55	270	20	3	1	60	1	60	0.003	0	0.003	0.003	60	0	60	60	
0.4	5.4	44	271	7	3	282	1311720	282	1311720	0.003	0	0.003	0.003	4651.49	2182.99	60	9422	
0.4	5.4	8	272	5	3	2	120	2	120	0.003	0	0.003	0.003	60	0	60	60	
0.4	5.4	12	274	8	3	222	1052152	222	1052152	0.0041036	0.0025567	0.003	0.01	4739.42	2899.02	45	9422	
0.4	5.4	12	275	9	3	162	435601	162	435601	0.00494444	0.00314504	0.003	0.01	2688.9	1626.63	60	9422	
0.4	5.4	37	276	8	3	2	120	2	120	0.003	0	0.003	0.003	60	0	60	60	
0.4	5.4	21	277	10	3	4	240	4	240	0.003	0	0.003	0.003	60	0	60	60	
0.4	5.4	55	278	24	3	4	240	4	240	0.0065	0.00404145	0.003	0.01	60	0	60	60	
0.4	5.4	23	279	6	3	203	621366	203	621366	0.003	0	0.003	0.003	3060.92	1413.28	60	7099	
0.4	5.4	31	283	6	3	5	300	5	300	0.0044	0.0031305	0.003	0.01	60	0	60	60	
0.4	5.4	33	284	6	3	1	60	1	60	0.003	0	0.003	0.003	60	0	60	60	
0.4	5.4	23	285	7	3	119	266987	119	266987	0.003	0	0.003	0.003	2243.59	1050.94	60	5324	
0.4	5.4	37	287	14	3	3	180	3	180	0.003	0	0.003	0.003	60	0	60	60	
0.4	5.4	52	288	33	3	2	120	2	120	0.003	0	0.003	0.003	60	0	60	60	
0.4	5.4	39	289	31	3	3	180	3	180	0.003	0	0.003	0.003	60	0	60	60	
0.4	5.4	37	290	33	3	2	120	2	120	0.003	0	0.003	0.003	60	0	60	60	
0.4	5.4	2	291	14	3	2	120	2	120	0.003	0	0.003	0.003	60	0	60	60	
0.4	5.4	7	292	6	3	439	1545602	439	1545602	0.00347836	0.00176828	0.003	0.01	3520.73	1942.8	45	9422	
0.4	5.4	41	293	32	3	4	240	4	240	0.003	0	0.003	0.003	60	0	60	60	
0.4	5.4	36	294	4	3	1	60	1	60	0.01	0	0.01	0.01	60	0	60	60	
0.4	5.4	9	296	4	3	2	120	2	120	0.0065	0.00494975	0.003	0.01	60	0	60	60	
0.4	5.4	3	297	9	3	2	120	2	120	0.01	0	0.01	0.01	60	0	60	60	
0.4	5.4	10	298	4	3	3	180	3	180	0.00533333	0.00404145	0.003	0.01	60	0	60	60	
0.4	5.4	57	299	3	3	2	120	2	120	0.003	0	0.003	0.003	60	0	60	60	
0.4	5.4	38	300	5	3	1	60	1	60	0.003	0	0.003	0.003	60	0	60	60	
0.4	5.4	13	301	10	3	3	180	3	180	0.003	0	0.003	0.003	60	0	60	60	
0.4	5.4	43	304	15	3	1	60	1	60	0.01	0	0.01	0.01	60	0	60	60	
0.4	5.4	51	305	9	3	101	501214	101	501214	0.003	0	0.003	0.003	4962.51	3029.67	45	9422	
0.4	5.4	27	306	2	3	1	60	1	60	0.01	0	0.01	0.01	60	0	60	60	
0.4	5.4	14	307	9	3	4	240	4	240	0.00825	0.0035	0.003	0.01	60	0	60	60	
0.4	5.4	4	309	3	3	1	60	1	60	0.01	0	0.01	0.01	60	0	60	60	
0.4	5.4	8	310	7	3	4	240	4	240	0.00475	0.0035	0.003	0.01	60	0	60	60	
0.4	5.4	52	312	4	3	2	120	2	120	0.0065	0.00494975	0.003	0.01	60	0	60	60	
0.4	5.4	48	316	4	3	1	60	1	60	0.01	0	0.01	0.01	60	0	60	60	
0.4	5.4	2	317	7	3	5	300	5	300	0.0058	0.00383406	0.003	0.01	60	0	60	60	
0.4	5.4	37	319	31	3	2	120	2	120	0.003	0	0.003	0.003	60	0	60	60	
0.4	5.4	5	320	13	3	1	60	1	60	0.01	0	0.01	0.01	60	0	60	60	
0.4	5.4	45	322	7	3	3	180	3	180	0.00533333	0.00404145	0.003	0.01	60	0	60	60	
0.4	5.4	37	323	48	3	2	120	2	120	0.003	0	0.003	0.003	60	0	60	60	
0.4	5.4	23	324	11	3	4	240	4	240	0.003	0	0.003	0.003	60	0	60	60	
0.4	5.4	39	325	4	3	4	240	4	240	0.00475	0.0035	0.003	0.01	60	0	60	60	
0.4	5.4	1	326	14	3	2	120	2	120	0.003	0	0.003	0.003	60	0	60	60	
0.4	5.4	36	328	2	3	162	861749	162	861749	0.003	0	0.003	0.003	5319.44	3494.77	45	9422	
0.4	5.4	39	329	30	3	3	180	3	180	0.003	0	0.003	0.003	60	0	60	60	
0.4	5.4	41	330	9	3	1	60	1	60	0.003	0	0.003	0.003	60	0	60	60	
0.4	5.4	52	331	9	3	1	60	1	60	0.003	0	0.003	0.003	60	0	60	60	
0.4	5.4	10	333	3	3	174	916548	174	916548	0.00304023	0.000530669	0.003	0.01	5267.52	3224.62	45	9422	
0.4	5.4	52	334	29	3	4	240	4	240	0.003	0	0.003	0.003	60	0	60	60	
0.4	5.4	52	337	37	3	1	60	1	60	0.003	0	0.003	0.003	60	0	60	60	
0.4	5.4	36	338	1	3	3	180	3	180	0.00533333	0.00404145	0.003	0.01	60	0	60	60	
0.4	5.4	32	340	1	3	45	194179	45	194179	0.003	0	0.003	0.003	4315.09	3531.87	45	9422	
0.4	5.4	37	341	40	3	4	240	4	240	0.003	0	0.003	0.003	60	0	60	60	
0.4	5.4	4	342	4	3	107	368148	107	368148	0.00319626	0.001161	0.003	0.01	3440.64	2399.36	60	9422	
0.4	5.4	28	343	3	3	1	60	1	60	0.003	0	0.003	0.003	60	0	60	60	
0.4	5.4	51	344	3	3	1	60	1	60	0.01	0	0.01	0.01	60	0	60	60	
0.4	5.4	50	345	2	3	3	180	3	180	0.003	0	0.003	0.003	60	0	60	60	
0.4	5.4	20	350	8	3	2	120	2	120	0.0065	0.00494975	0.003	0.01	60	0	60	60	
0.4	5.4	48	352	2	3	356	1826774	356	1826774	0.00355056	0.00188701	0.003	0.01	5131.39	3125.35	45	9422	
0.4	5.4	15	353	3	3	61	306576	61	306576	0.003	0	0.003	0.003	5025.84	3308.48	45	9422	
0.4	5.4	49	354	6	3	105	520867	105	520867	0.003	0	0.003	0.003	4960.64	3509.88	45	9422	
0.4	5.4	19	355	8	3	105	271817	105	271817	0.00486667	0.00311036	0.003	0.01	2588.73	1655.95	60	9422	
0.4	5.4	52	358	40	3	1	60	1	60	0.003	0	0.003	0.003	60	0	60	60	
0.4	5.4	35	359	9	3	1	60	1	60	0.01	0	0.01	0.01	60	0	60	60	
0.4	5.4	10	360	2	3	3	180	3	180	0.003	0	0.003	0.003	60	0	60	60	
0.4	5.4	34	361	1	3	1	60	1	60	0.003	0	0.003	0.003	60	0	60	60	
0.4	5.4	20	363	4	3	2	120	2	120	0.0065	0.00494975	0.003	0.01	60	0	60	60	
0.4	5.4	41	365	14	3	3	180	3	180	0.003	0	0.003	0.003	60	0	60	60	
0.4	5.4	52	366	28	3	3	180	3	180	0.00533333	0.00404145	0.003	0.01	60	0	60	60	
0.4	5.4	44	368	4	3	1	60	1	60	0.01	0	0.01	0.01	60	0	60	60	
0.4	5.4	11	370	1	3	3	180	3	180	0.00533333	0.00404145	0.003	0.01	60	0	60	60	
0.4	5.4	25	371	9	3	1	60	1	60	0.01	0	0.01	0.01	60	0	60	60	
0.4	5.4	40	372	3	3	1	60	1	60	0.01	0	0.01	0.01	60	0	60	60	
0.4	5.4	30	373	13	3	71	200258	71	200258	0.00477465	0.00306686	0.003	0.01	2820.54	2099.1	60	8282	
0.4	5.4	36	374	7	3	196	1046671	196	1046671	0.003	0	0.003	0.003	5340.16	3133.3	45	9422	
0.4	5.4	3	379	6	3	611	2098829	611	2098829	0.003	0	0.003	0.003	3435.07	1965.24	45	9422	
0.4	5.4	55	381	2	3	1	60	1	60	0.003	0	0.003	0.003	60	0	60	60	
0.4	5.4	32	382	6	3	64	175359	64	175359	0.003	0	0.003	0.003	2739.98	2050.96	60	9422	
0.4	5.4	32	383	7	3	5	300	5	300	0.0072	0.00383406	0.003	0.01	60	0	60	60	
0.4	5.4	54	384	5	3	1	60	1	60	0.01	0	0.01	0.01	60	0	60	60	
0.4	5.4	40	385	6	3	259	603085	258	601901	0.0058217	0.00344032	0.003	0.01	2332.95	1820.99	60	9422	
0.4	5.4	42	387	7	3	1	60	1	60	0.003	0	0.003	0.003	60	0	60	60	
0.4	5.4	54	388	3	3	1	60	1	60	0.003	0	0.003	0.003	60	0	60	60	
0.4	5.4	28	389	6	3	2	120	2	120	0.003	0	0.003	0.003	60	0	60	60	
0.4	5.4	46	390	7	3	146	774545	146	774545	0.00309589	0.000816458	0.003	0.01	5305.1	3070.19	45	9422	
0.4	5.4	45	393	11	3	1	60	1	60	0.01	0	0.01	0.01	60	0	60	60	
0.4	5.4	9	394	5	3	235	458156	235	458156	0.00380425	0.00223702	0.003	0.01	1949.6	646.618	60	3550	
0.4	5.4	2	397	10	3	2	120	2	120	0.003	0	0.003	0.003	60	0	60	60	
0.4	5.4	53	398	2	3	24	77039	24	77039	0.003	0	0.003	0.003	3209.96	2634.9	60	9422	
0.4	5.4	13	399	6	3	257	1227923	257	1227923	0.00329961	0.00141963	0.003	0.01	4777.91	2869.73	60	9422	
0.4	5.4	38	400	1	3	590	2042834	590	2042834	0.003	0	0.003	0.003	3462.43	1891.87	60	9422	
0.4	5.4	41	401	29	3	1	60	1	60	0.003	0	0.003	0.003	60	0	60	60	
0.4	5.4	45	406	3	3	586	1393659	586	1393659	0.00387201	0.00231362	0.003	0.01	2378.26	1946.53	60	9422	
0.4	5.4	52	407	12	3	1	60	1	60	0.003	0	0.003	0.003	60	0	60	60	
0.4	5.4	56	409	4	3	717	1324587	717	1324587	0.00449372	0.0028699	0.003	0.01	1847.4	1111.07	60	9422	
0.4	5.4	7	411	8	3	2	120	2	120	0.003	0	0.003	0.003	60	0	60	60	
0.4	5.4	23	412	8	3	4	240	4	240	0.0065	0.00404145	0.003	0.01	60	0	60	60	
0.4	5.4	55	413	26	3	1	60	1	60	0.003	0	0.003	0.003	60	0	60	60	
0.4	5.4	52	414	21	3	1	60	1	60	0.003	0	0.003	0.003	60	0	60	60	
0.4	5.4	52	416	1	3	6	360	6	360	0.003	0	0.003	0.003	60	0	60	60	
0.4	5.4	25	417	4	3	52	113734	52	113734	0.00569231	0.00343876	0.003	0.01	2187.19	1676.37	27	9422	
0.4	5.4	55	419	11	3	1	60	1	60	0.003	0	0.003	0.003	60	0	60	60	
0.4	5.4	25	421	8	3	1	60	1	60	0.01	0	0.01	0.01	60	0	60	60	
0.4	5.4	23	422	3	3	5	300	5	300	0.0058	0.00383406	0.003	0.01	60	0	60	60	
0.4	5.4	26	423	1	3	97	265203	97	265203	0.003	0	0.003	0.003	2734.05	1650.95	60	9048	
0.4	5.4	26	424	9	3	2	120	2	120	0.003	0	0.003	0.003	60	0	60	60	
0.4	5.4	52	425	36	3	1899	2979508	1899	2979508	0.00329489	0.00140653	0.003	0.01	1568.99	834.385	60	9422	
0.4	5.4	40	428	7	3	165	895232	165	895232	0.003	0	0.003	0.003	5425.65	3254.13	45	9422	
0.4	5.4	52	429	22	3	1	60	1	60	0.003	0	0.003	0.003	60	0	60	60	
0.4	5.4	19	430	2	3	1	60	1	60	0.003	0	0.003	0.003	60	0	60	60	
0.4	5.4	4	431	12	3	2	120	2	120	0.01	0	0.01	0.01	60	0	60	60	
0.4	5.4	30	432	6	3	254	976934	254	976934	0.00379921	0.00223055	0.003	0.01	3846.2	1935.91	60	9422	
0.4	5.4	37	434	7	3	3	180	3	180	0.003	0	0.003	0.003	60	0	60	60	
0.4	5.4	55	435	16	3	2	120	2	120	0.0065	0.00494975	0.003	0.01	60	0	60	60	
0.4	5.4	41	437	11	3	3	180	3	180	0.003	0	0.003	0.003	60	0	60	60	
0.4	5.4	19	438	4	3	4	240	4	240	0.00475	0.0035	0.003	0.01	60	0	60	60	
0.4	5.4	14	440	2	3	95	512463	95	512463	0.003	0	0.003	0.003	5394.35	3348.35	45	9422	
0.4	5.4	27	441	5	3	254	1413029	254	1413029	0.00338583	0.00160063	0.003	0.01	5563.11	3476.51	45	9422	
0.4	5.4	30	442	4	3	279	1094189	279	1094189	0.00422939	0.00266831	0.003	0.01	3921.82	1978.54	45	9422	
0.4	5.4	4	443	8	3	3	180	3	180	0.01	0	0.01	0.01	60	0	60	60	
0.4	5.4	46	444	6	3	519	1959265	519	1959265	0.00333719	0.00150032	0.003	0.01	3775.08	2005.88	45	9422	
0.4	5.4	20	446	1	3	2	120	2	120	0.0065	0.00494975	0.003	0.01	60	0	60	60	
0.4	5.4	37	447	3	3	2	120	2	120	0.003	0	0.003	0.003	60	0	60	60	
0.4	5.4	13	448	9	3	629	1184344	629	1184344	0.00320032	0.00116802	0.003	0.01	1882.9	973.905	60	9422	
0.4	5.4	54	449	2	3	3	180	3	180	0.00533333	0.00404145	0.003	0.01	60	0	60	60	
0.4	5.4	39	450	5	3	3	180	3	180	0.003	0	0.003	0.003	60	0	60	60	
0.4	5.4	49	451	1	3	2	120	2	120	0.003	0	0.003	0.003	60	0	60	60	
0.4	5.4	42	452	4	3	4	240	4	240	0.0065	0.00404145	0.003	0.01	60	0	60	60	
0.4	5.4	25	453	3	3	2	120	2	120	0.003	0	0.003	0.003	60	0	60	60	
0.4	5.4	34	454	12	3	2	120	2	120	0.01	0	0.01	0.01	60	0	60	60	
0.4	5.4	52	456	8	3	2	120	2	120	0.003	0	0.003	0.003	60	0	60	60	
0.4	5.4	31	458	3	3	1	60	1	60	0.01	0	0.01	0.01	60	0	60	60	
0.4	5.4	52	459	17	3	1	60	1	60	0.003	0	0.003	0.003	60	0	60	60	
0.4	5.4	45	460	1	3	279	374765	275	370029	0.00557091	0.00338058	0.003	0.01	1345.56	761.841	60	5861	
0.4	5.4	37	461	21	3	125	282392	125	282392	0.003	0	0.003	0.003	2259.14	2108.49	60	9422	
0.4	5.4	9	463	7	3	1	60	1	60	0.003	0	0.003	0.003	60	0	60	60	
0.4	5.4	43	468	13	3	5	300	5	300	0.0072	0.00383406	0.003	0.01	60	0	60	60	
0.4	5.4	26	469	4	3	10	14317	10	14317	0.0058	0.00361478	0.003	0.01	1431.7	613.015	60	1775	
0.4	5.4	14	470	3	3	2	120	2	120	0.003	0	0.003	0.003	60	0	60	60	
0.4	5.4	19	471	12	3	1	60	1	60	0.003	0	0.003	0.003	60	0	60	60	
0.4	5.4	7	475	9	3	138	513770	137	511995	0.00427737	0.00271361	0.003	0.01	3737.19	1615.42	60	8873	
0.4	5.4	41	478	33	3	4	240	4	240	0.003	0	0.003	0.003	60	0	60	60	
0.4	5.4	9	479	2	3	2	120	2	120	0.0065	0.00494975	0.003	0.01	60	0	60	60	
0.4	5.4	37	480	41	3	3	180	3	180	0.003	0	0.003	0.003	60	0	60	60	
0.4	5.4	3	481	8	3	1	60	1	60	0.003	0	0.003	0.003	60	0	60	60	
0.4	5.4	15	482	5	3	2	120	2	120	0.003	0	0.003	0.003	60	0	60	60	
0.4	5.4	50	483	3	3	57	254509	57	254509	0.003	0	0.003	0.003	4465.07	2900.41	45	9422	
0.4	5.4	57	484	5	3	2	120	2	120	0.0065	0.00494975	0.003	0.01	60	0	60	60	
0.4	5.4	55	485	12	3	1	60	1	60	0.003	0	0.003	0.003	60	0	60	60	
0.4	5.4	24	486	16	3	98	273497	98	273497	0.003	0	0.003	0.003	2790.79	1948.05	60	9422	
0.4	5.4	56	487	7	3	198	387720	198	387720	0.00377778	0.00220546	0.003	0.01	1958.18	1630.98	60	7099	
0.4	5.4	17	489	8	3	145	834884	145	834884	0.00304827	0.000581318	0.003	0.01	5757.82	3331.92	45	9422	
0.4	5.4	35	492	5	3	2	120	2	120	0.003	0	0.003	0.003	60	0	60	60	
0.4	5.4	19	493	10	3	148	707237	148	707237	0.003	0	0.003	0.003	4778.63	3238.3	45	9422	
0.4	5.4	41	494	44	3	3	180	3	180	0.003	0	0.003	0.003	60	0	60	60	
0.4	5.4	39	495	9	3	4	240	4	240	0.00475	0.0035	0.003	0.01	60	0	60	60	
0.4	5.4	50	496	4	3	1	60	1	60	0.003	0	0.003	0.003	60	0	60	60	
0.4	5.4	31	497	5	3	1	60	1	60	0.01	0	0.01	0.01	60	0	60	60	
0.4	5.4	41	498	26	3	2	120	2	120	0.003	0	0.003	0.003	60	0	60	60	
0.4	5.4	21	501	14	3	1	60	1	60	0.003	0	0.003	0.003	60	0	60	60	
0.4	5.4	40	504	8	3	1	60	1	60	0.003	0	0.003	0.003	60	0	60	60	
0.4	5.4	8	505	8	3	2	120	2	120	0.003	0	0.003	0.003	60	0	60	60	
0.4	5.4	5	506	21	3	3	180	3	180	0.00766667	0.00404145	0.003	0.01	60	0	60	60	
0.4	5.4	33	508	5	3	1	60	1	60	0.01	0	0.01	0.01	60	0	60	60	
0.4	5.4	2	510	11	3	233	1166366	233	1166366	0.0048927	0.00311581	0.003	0.01	5005.86	2205.58	45	9422	
0.4	5.4	55	511	23	3	2	120	2	120	0.0065	0.00494975	0.003	0.01	60	0	60	60	
0.4	5.4	39	512	27	3	2	120	2	120	0.0065	0.00494975	0.003	0.01	60	0	60	60	
0.4	5.4	56	514	2	3	1	60	1	60	0.003	0	0.003	0.003	60	0	60	60	
0.4	5.4	52	515	14	3	1	60	1	60	0.003	0	0.003	0.003	60	0	60	60	
0.4	5.4	34	517	9	3	4	240	4	240	0.003	0	0.003	0.003	60	0	60	60	
0.4	5.4	30	518	15	3	1	60	1	60	0.003	0	0.003	0.003	60	0	60	60	
0.4	5.4	39	520	25	3	2	120	2	120	0.003	0	0.003	0.003	60	0	60	60	
0.4	5.4	26	525	5	3	324	446386	324	446386	0.00628395	0.00354182	0.003	0.017	1377.73	738.922	60	6507	
0.4	5.4	32	526	4	3	208	1018067	208	1018067	0.003	0	0.003	0.003	4894.55	3282.1	45	9422	
0.4	5.4	55	527	13	3	3	180	3	180	0.00766667	0.00404145	0.003	0.01	60	0	60	60	
0.4	5.4	5	529	50	3	3	180	3	180	0.01	0	0.01	0.01	60	0	60	60	
0.4	5.4	37	531	24	3	1	60	1	60	0.003	0	0.003	0.003	60	0	60	60	
0.4	5.4	22	533	7	3	3	180	3	180	0.003	0	0.003	0.003	60	0	60	60	
0.4	5.4	36	534	9	3	2	120	2	120	0.003	0	0.003	0.003	60	0	60	60	
0.4	5.4	4	535	6	3	77	313099	77	313099	0.003	0	0.003	0.003	4066.22	2712.33	45	9422	
0.4	5.4	40	536	9	3	1	60	1	60	0.003	0	0.003	0.003	60	0	60	60	
0.4	5.4	45	539	8	3	1	60	1	60	0.003	0	0.003	0.003	60	0	60	60	
0.4	5.4	1	541	13	3	325	768379	324	767787	0.00416667	0.00261278	0.003	0.01	2369.71	1969.22	60	9422	
0.4	5.4	52	542	24	3	1	60	1	60	0.003	0	0.003	0.003	60	0	60	60	
0.4	5.4	41	543	35	3	745	1122830	745	1122830	0.00384564	0.00228284	0.003	0.01	1507.15	547.102	60	9422	
0.4	5.4	37	544	38	3	1	592	1	592	0.003	0	0.003	0.003	592	0	592	592	
0.4	5.4	26	546	10	3	10	14321	10	14321	0.003	0	0.003	0.003	1432.1	897.972	60	2961	
0.4	5.4	13	547	4	3	474	1463369	474	1463369	0.00403375	0.0024861	0.003	0.01	3087.28	2811.94	60	9422	
0.4	5.4	52	551	25	3	1	60	1	60	0.003	0	0.003	0.003	60	0	60	60	
0.4	5.4	35	552	2	3	4	240	4	240	0.00475	0.0035	0.003	0.01	60	0	60	60	
0.4	5.4	43	553	3	3	2	120	2	120	0.0065	0.00494975	0.003	0.01	60	0	60	60	
0.4	5.4	31	554	1	3	1	60	1	60	0.01	0	0.01	0.01	60	0	60	60	
0.4	5.4	47	555	5	3	89	333944	88	333012	0.003	0	0.003	0.003	3784.23	2516.1	45	9422	
0.4	5.4	56	556	5	3	3	180	3	180	0.003	0	0.003	0.003	60	0	60	60	
0.4	5.4	41	559	28	3	1	60	1	60	0.003	0	0.003	0.003	60	0	60	60	
0.4	5.4	21	561	13	3	2	120	2	120	0.0065	0.00494975	0.003	0.01	60	0	60	60	
0.4	5.4	47	562	4	3	4	240	4	240	0.01	0	0.01	0.01	60	0	60	60	
0.4	5.4	30	563	8	3	3	1892	3	1892	0.003	0	0.003	0.003	630.667	562.2	60	1184	
0.4	5.4	5	566	46	3	1	60	1	60	0.003	0	0.003	0.003	60	0	60	60	
0.4	5.4	33	568	4	3	171	540907	171	540907	0.00680702	0.00349675	0.003	0.01	3163.2	1577.57	60	9422	
0.4	5.4	17	569	9	3	4	240	4	240	0.00475	0.0035	0.003	0.01	60	0	60	60	
0.4	5.4	35	572	1	3	2	120	2	120	0.0065	0.00494975	0.003	0.01	60	0	60	60	
0.4	5.4	34	575	10	3	4	240	4	240	0.00475	0.0035	0.003	0.01	60	0	60	60	
0.4	5.4	4	576	2	3	113	391222	113	391222	0.00324779	0.00129925	0.003	0.01	3462.14	2572.24	60	9422	
0.4	5.4	21	577	2	3	4	240	4	240	0.00475	0.0035	0.003	0.01	60	0	60	60	
0.4	5.4	29	578	2	3	184	901405	184	901405	0.003	0	0.003	0.003	4898.94	3149.44	45	9422	
0.4	5.4	10	579	1	3	14	40354	14	40354	0.003	0	0.003	0.003	2882.43	2034.32	60	7099	
0.4	5.4	19	584	3	3	1	60	1	60	0.003	0	0.003	0.003	60	0	60	60	
0.4	5.4	26	585	14	3	6	360	6	360	0.00766667	0.00361478	0.003	0.01	60	0	60	60	
0.4	5.4	28	588	2	3	189	852444	189	852444	0.003	0	0.003	0.003	4510.29	3211.99	45	9422	
0.4	5.4	21	589	5	3	1	60	1	60	0.003	0	0.003	0.003	60	0	60	60	
0.4	5.4	19	590	6	3	1	60	1	60	0.003	0	0.003	0.003	60	0	60	60	
0.4	5.4	27	591	3	3	2	120	2	120	0.0065	0.00494975	0.003	0.01	60	0	60	60	
0.4	5.4	39	592	13	3	2	120	2	120	0.0065	0.00494975	0.003	0.01	60	0	60	60	
0.4	5.4	40	594	4	3	1	60	1	60	0.003	0	0.003	0.003	60	0	60	60	
0.4	5.4	3	595	5	3	4	240	4	240	0.00475	0.0035	0.003	0.01	60	0	60	60	
0.4	5.4	48	596	10	3	251	1397637	251	1397637	0.003	0	0.003	0.003	5568.27	3439.39	45	9422	
0.4	5.4	2	597	18	3	2	120	2	120	0.0065	0.00494975	0.003	0.01	60	0	60	60	
0.4	5.4	28	599	13	3	2	120	2	120	0.0065	0.00494975	0.003	0.01	60	0	60	60	
0.4	5.4	30	603	3	3	38	85929	38	85929	0.003	0	0.003	0.003	2261.29	1448.85	60	5324	
0.4	5.4	8	606	3	3	2	120	2	120	0.0065	0.00494975	0.003	0.01	60	0	60	60	
0.4	5.4	15	607	2	3	218	726879	218	726879	0.003	0	0.003	0.003	3334.31	2347.49	60	9422	
0.4	5.4	31	608	9	3	1	60	1	60	0.01	0	0.01	0.01	60	0	60	60	
0.4	5.4	53	609	5	3	166	801303	166	801303	0.003	0	0.003	0.003	4827.13	3263.83	45	9422	
0.4	5.4	22	612	5	3	139	301308	139	301308	0.0061223	0.00349215	0.003	0.01	2167.68	1763.5	60	9422	
0.4	5.4	29	614	1	3	153	717530	153	717530	0.003	0	0.003	0.003	4689.74	3269.51	45	9422	
0.4	5.4	51	616	1	3	12	16094	12	16094	0.00591667	0.0036045	0.003	0.01	1341.17	657.171	60	2367	
0.4	5.4	26	617	7	3	2	120	2	120	0.0065	0.00494975	0.003	0.01	60	0	60	60	
0.4	5.4	13	618	5	3	1	60	1	60	0.01	0	0.01	0.01	60	0	60	60	
0.4	5.4	38	620	7	3	184	562812	184	562812	0.00398913	0.002445	0.003	0.01	3058.76	1946.05	60	9422	
0.4	5.4	47	621	3	3	181	659280	181	659280	0.00369613	0.00210064	0.003	0.01	3642.43	2521	45	9422	
0.4	5.4	41	622	34	3	1	60	1	60	0.003	0	0.003	0.003	60	0	60	60	
0.4	5.4	22	625	3	3	2	120	2	120	0.0065	0.00494975	0.003	0.01	60	0	60	60	
0.4	5.4	14	626	1	3	1	60	1	60	0.01	0	0.01	0.01	60	0	60	60	
0.4	5.4	50	630	7	3	4	240	4	240	0.0065	0.00404145	0.003	0.01	60	0	60	60	
0.4	5.4	40	633	2	3	1	60	1	60	0.003	0	0.003	0.003	60	0	60	60	
0.4	5.4	37	635	29	3	1	60	1	60	0.003	0	0.003	0.003	60	0	60	60	
0.4	5.4	23	636	2	3	2	120	2	120	0.003	0	0.003	0.003	60	0	60	60	
0.4	5.4	22	637	10	3	25	72892	25	72892	0.00384	0.00232164	0.003	0.01	2915.68	2641.64	60	9422	
0.4	5.4	41	639	15	3	1	60	1	60	0.003	0	0.003	0.003	60	0	60	60	
0.4	5.4	24	641	18	3	6	360	6	360	0.003	0	0.003	0.003	60	0	60	60	
0.4	5.4	37	643	30	3	1	60	1	60	0.003	0	0.003	0.003	60	0	60	60	
0.4	5.4	41	645	42	3	3	180	3	180	0.003	0	0.003	0.003	60	0	60	60	
0.4	5.4	39	646	2	3	1	60	1	60	0.01	0	0.01	0.01	60	0	60	60	
0.4	5.4	49	647	5	3	2	120	2	120	0.003	0	0.003	0.003	60	0	60	60	
0.4	5.4	12	648	5	3	35	126729	35	126729	0.003	0	0.003	0.003	3620.83	2541.74	60	9422	
0.4	5.4	50	649	6	3	110	559897	108	546291	0.003	0	0.003	0.003	5058.25	3281.45	45	9422	
0.4	5.4	54	651	6	3	3	180	3	180	0.00533333	0.00404145	0.003	0.01	60	0	60	60	
0.4	5.4	28	654	4	3	329	743335	329	743335	0.00368085	0.00207738	0.003	0.01	2259.38	1829.11	45	9422	
0.4	5.4	2	655	5	3	184	410769	184	410769	0.00398913	0.002445	0.003	0.01	2232.44	1356.39	60	9422	
0.4	5.4	34	658	2	3	2	120	2	120	0.003	0	0.003	0.003	60	0	60	60	
0.4	5.4	44	659	6	3	2	120	2	120	0.0065	0.00494975	0.003	0.01	60	0	60	60	
0.4	5.4	44	660	5	3	4	240	4	240	0.0065	0.00404145	0.003	0.01	60	0	60	60	
0.4	5.4	5	661	34	3	2	120	2	120	0.003	0	0.003	0.003	60	0	60	60	
0.4	5.4	24	662	10	3	174	342729	174	342729	0.0065	0.0035101	0.003	0.01	1969.71	2196.61	60	9422	
0.4	5.4	1	663	5	3	4	240	4	240	0.00825	0.0035	0.003	0.01	60	0	60	60	
0.4	5.4	5	664	22	3	1	60	1	60	0.003	0	0.003	0.003	60	0	60	60	
0.4	5.4	5	666	14	3	332	1252063	332	1252063	0.003	0	0.003	0.003	3771.27	1131.94	60	8282	
0.4	5.4	5	668	25	3	512	762967	512	762967	0.00470898	0.00300998	0.003	0.01	1490.17	458.236	60	3550	
0.4	5.4	1	670	6	3	3	180	3	180	0.00533333	0.00404145	0.003	0.01	60	0	60	60	
0.4	5.4	5	671	32	3	2	120	2	120	0.0065	0.00494975	0.003	0.01	60	0	60	60	
0.4	5.4	1	674	11	3	1	60	1	60	0.003	0	0.003	0.003	60	0	60	60	
0.4	5.4	5	675	26	3	1	60	1	60	0.003	0	0.003	0.003	60	0	60	60	
0.4	5.4	5	680	23	3	303	499523	303	499523	0.00695049	0.00347663	0.003	0.01	1648.59	259.434	60	1775	
0.4	5.4	24	681	11	3	203	301348	203	301348	0.00672414	0.00370346	0.003	0.017	1484.47	1238.77	60	5352	
0.4	5.4	5	683	24	3	2	120	2	120	0.003	0	0.003	0.003	60	0	60	60	
0.4	5.4	5	684	12	3	5	300	5	300	0.0072	0.00383406	0.003	0.01	60	0	60	60	
0.4	5.4	5	685	51	3	1	60	1	60	0.01	0	0.01	0.01	60	0	60	60	
0.4	5.4	6	688	19	3	7	8992	7	8992	0.01	0	0.01	0.01	1284.57	692.459	60	1775	
0.4	5.4	5	689	60	3	3	180	3	180	0.00766667	0.00404145	0.003	0.01	60	0	60	60	
0.4	5.4	5	690	47	3	1	60	1	60	0.003	0	0.003	0.003	60	0	60	60	
0.4	5.4	1	691	4	3	1	60	1	60	0.01	0	0.01	0.01	60	0	60	60	
0.4	5.4	6	692	6	3	2	120	2	120	0.003	0	0.003	0.003	60	0	60	60	
0.4	5.4	24	694	9	3	2	120	2	120	0.01	0	0.01	0.01	60	0	60	60	
0.4	5.4	5	696	45	3	4	240	4	240	0.00475	0.0035	0.003	0.01	60	0	60	60	
0.4	5.4	43	699	17	3	14	43900	14	43900	0.003	0	0.003	0.003	3135.71	3324.42	60	9422	
0.4	5.4	5	700	35	3	5	832	5	832	0.0058	0.00383406	0.003	0.01	166.4	237.918	60	592	
0.4	5.4	6	701	18	3	3	180	3	180	0.00533333	0.00404145	0.003	0.01	60	0	60	60	
0.4	5.4	5	702	7	3	224	387074	224	387074	0.0053125	0.00329977	0.003	0.01	1728.01	237.898	60	1775	
0.4	5.4	5	704	27	3	2	120	2	120	0.01	0	0.01	0.01	60	0	60	60	
0.4	5.4	1	705	7	3	3	180	3	180	0.00533333	0.00404145	0.003	0.01	60	0	60	60	
0.4	5.4	5	706	33	3	4	240	4	240	0.0065	0.00404145	0.003	0.01	60	0	60	60	
0.4	5.4	6	707	21	3	2	120	2	120	0.0065	0.00494975	0.003	0.01	60	0	60	60	
0.4	5.4	5	709	56	3	5	2544	5	2544	0.0044	0.0031305	0.003	0.01	508.8	470.382	60	1184	
0.4	5.4	5	710	3	3	5	300	5	300	0.0072	0.00383406	0.003	0.01	60	0	60	60	
0.4	5.4	5	711	57	3	3	180	3	180	0.00766667	0.00404145	0.003	0.01	60	0	60	60	
0.4	5.4	1	712	1	3	2	120	2	120	0.01	0	0.01	0.01	60	0	60	60	
0.4	5.4	24	713	15	3	127	539732	127	539732	0.003	0	0.003	0.003	4249.86	3076.62	45	9422	
0.4	5.4	5	715	15	3	4	240	4	240	0.00475	0.0035	0.003	0.01	60	0	60	60	
0.4	5.4	6	716	17	3	265	361670	265	361670	0.0058	0.00343577	0.003	0.01	1364.79	989.826	60	9422	
0.4	5.4	24	717	8	3	3	180	3	180	0.01	0	0.01	0.01	60	0	60	60	
0.4	5.4	6	719	15	3	3	180	3	180	0.00766667	0.00404145	0.003	0.01	60	0	60	60	
0.4	5.4	5	720	62	3	2	120	2	120	0.003	0	0.003	0.003	60	0	60	60	
0.4	5.4	6	721	8	3	3	180	3	180	0.00533333	0.00404145	0.003	0.01	60	0	60	60	
0.4	5.4	6	722	13	3	2	120	2	120	0.0065	0.00494975	0.003	0.01	60	0	60	60	
0.4	5.4	24	723	4	3	80	97176	80	97176	0.0072875	0.00343177	0.003	0.01	1214.7	569.405	60	2958	
0.4	5.4	24	724	1	3	246	613865	246	613865	0.0038252	0.00226192	0.003	0.01	2495.39	1391.02	60	9422	
0.4	5.4	6	726	4	3	2	120	2	120	0.003	0	0.003	0.003	60	0	60	60	
0.4	5.4	1	727	15	3	2	120	2	120	0.0065	0.00494975	0.003	0.01	60	0	60	60	
0.4	5.4	1	729	10	3	628	1571847	628	1571847	0.00302229	0.000394718	0.003	0.01	2502.94	1138.24	60	9422	
0.4	5.4	5	730	28	3	293	464699	293	464699	0.00634471	0.00355012	0.003	0.017	1586	399.196	60	1775	
0.4	5.4	5	731	2	3	407	1000252	407	1000252	0.003	0	0.003	0.003	2457.62	1238.94	60	9422	
0.4	5.4	43	732	11	3	202	963373	202	963373	0.003	0	0.003	0.003	4769.17	2375.42	45	9422	
0.4	5.4	5	734	59	3	2	120	2	120	0.0065	0.00494975	0.003	0.01	60	0	60	60	
0.4	5.4	43	735	9	3	1	60	1	60	0.01	0	0.01	0.01	60	0	60	60	
0.4	5.4	24	736	6	3	2	120	2	120	0.0065	0.00494975	0.003	0.01	60	0	60	60	
0.4	5.4	23	737	4	3	2	120	2	120	0.0065	0.00494975	0.003	0.01	60	0	60	60	
0.4	5.4	5	738	48	3	1	60	1	60	0.003	0	0.003	0.003	60	0	60	60	
0.4	5.4	5	740	54	3	449	876046	449	876046	0.003	0	0.003	0.003	1951.1	1382.58	60	8961	
0.4	5.4	30	744	2	3	3	180	3	180	0.00766667	0.00404145	0.003	0.01	60	0	60	60	
0.4	5.4	24	745	12	3	87	330274	87	330274	0.00533333	0.00331896	0.003	0.01	3796.25	2844.95	60	9422	
0.4	5.4	5	747	61	3	2	120	2	120	0.0065	0.00494975	0.003	0.01	60	0	60	60	
0.4	5.4	43	748	14	3	6	360	6	360	0.00766667	0.00361478	0.003	0.01	60	0	60	60	
0.4	5.4	5	749	58	3	3	180	3	180	0.00766667	0.00404145	0.003	0.01	60	0	60	60	
0.4	5.4	5	750	63	3	2	120	2	120	0.01	0	0.01	0.01	60	0	60	60	
