% start	end	CellId	IMSI	RNTI	LCID	nTxPDUs	TxBytes	nRxPDUs	RxBytes	delay	stdDev	min	max	PduSize	stdDev	min	max
0.4	5.4	3	1	11	3	2317	3477545	2316	3476361	0.00382211	0.00225413	0.003	0.01	1501.02	671.064	60	9422	
0.4	5.4	13	5	15	3	211	351075	211	351075	0.00369668	0.00210055	0.003	0.01	1663.86	972.988	60	6247	
0.4	5.4	41	6	19	3	1	60	1	60	0.003	0	0.003	0.003	60	0	60	60	
0.4	5.4	29	7	5	3	4	240	4	240	0.0065	0.00404145	0.003	0.01	60	0	60	60	
0.4	5.4	4	10	9	3	1	60	1	60	0.01	0	0.01	0.01	60	0	60	60	
0.4	5.4	15	11	4	3	2	652	2	652	0.01	0	0.01	0.01	326	376.181	60	592	
0.4	5.4	32	14	7	3	1	60	1	60	0.003	0	0.003	0.003	60	0	60	60	
0.4	5.4	57	15	2	3	236	452264	236	452264	0.00525424	0.00327774	0.003	0.01	1916.37	1618.05	60	9422	
0.4	5.4	10	16	11	3	41	64648	41	64648	0.00641463	0.00354243	0.003	0.01	1576.78	914.985	60	4395	
0.4	5.4	52	19	7	3	1	60	1	60	0.003	0	0.003	0.003	60	0	60	60	
0.4	5.4	49	20	6	3	1	60	1	60	0.01	0	0.01	0.01	60	0	60	60	
0.4	5.4	38	21	12	3	464	1669815	463	1668631	0.003	0	0.003	0.003	3603.95	2302.22	45	9422	
0.4	5.4	16	25	6	3	1	60	1	60	0.01	0	0.01	0.01	60	0	60	60	
0.4	5.4	23	27	3	3	1	60	1	60	0.01	0	0.01	0.01	60	0	60	60	
0.4	5.4	57	28	7	3	1	60	1	60	0.003	0	0.003	0.003	60	0	60	60	
0.4	5.4	51	31	5	3	1	60	1	60	0.003	0	0.003	0.003	60	0	60	60	
0.4	5.4	32	33	9	3	6	360	6	360	0.00533333	0.00361478	0.003	0.01	60	0	60	60	
0.4	5.4	21	34	10	3	2	120	2	120	0.003	0	0.003	0.003	60	0	60	60	
0.4	5.4	9	35	4	3	3	1892	3	1892	0.003	0	0.003	0.003	630.667	562.2	60	1184	
0.4	5.4	31	37	10	3	170	840346	170	840346	0.00427647	0.00271093	0.003	0.01	4943.21	3259.51	45	9422	
0.4	5.4	37	38	2	3	968	1600477	968	1600477	0.00435227	0.00276499	0.003	0.01	1653.39	1007.8	60	9422	
0.4	5.4	48	40	1	3	2	120	2	120	0.003	0	0.003	0.003	60	0	60	60	
0.4	5.4	2	41	7	3	369	1680316	369	1680316	0.003	0	0.003	0.003	4553.7	2145.24	60	9422	
0.4	5.4	13	42	9	3	1	60	1	60	0.003	0	0.003	0.003	60	0	60	60	
0.4	5.4	24	44	18	3	2	120	2	120	0.003	0	0.003	0.003	60	0	60	60	
0.4	5.4	40	45	2	3	2	120	2	120	0.0065	0.00494975	0.003	0.01	60	0	60	60	
0.4	5.4	33	46	2	3	4	240	4	240	0.003	0	0.003	0.003	60	0	60	60	
0.4	5.4	53	50	6	3	215	928500	215	925372	0.00348837	0.00178744	0.003	0.01	4304.06	2879.46	45	9422	
0.4	5.4	43	51	8	3	2	120	2	120	0.0065	0.00494975	0.003	0.01	60	0	60	60	
0.4	5.4	34	52	13	3	3	180	3	180	0.003	0	0.003	0.003	60	0	60	60	
0.4	5.4	53	54	11	3	3	180	3	180	0.00533333	0.00404145	0.003	0.01	60	0	60	60	
0.4	5.4	8	56	6	3	1	60	1	60	0.003	0	0.003	0.003	60	0	60	60	
0.4	5.4	56	59	5	3	1	60	1	60	0.003	0	0.003	0.003	60	0	60	60	
0.4	5.4	49	60	8	3	1	60	1	60	0.01	0	0.01	0.01	60	0	60	60	
0.4	5.4	37	62	14	3	1	60	1	60	0.003	0	0.003	0.003	60	0	60	60	
0.4	5.4	37	66	26	3	1	60	1	60	0.01	0	0.01	0.01	60	0	60	60	
0.4	5.4	41	67	24	3	4	240	4	240	0.003	0	0.003	0.003	60	0	60	60	
0.4	5.4	34	68	20	3	1	60	1	60	0.003	0	0.003	0.003	60	0	60	60	
0.4	5.4	13	69	17	3	1	60	1	60	0.003	0	0.003	0.003	60	0	60	60	
0.4	5.4	40	70	6	3	1	60	1	60	0.003	0	0.003	0.003	60	0	60	60	
0.4	5.4	52	71	32	3	2	120	2	120	0.003	0	0.003	0.003	60	0	60	60	
0.4	5.4	45	73	11	3	1	60	1	60	0.01	0	0.01	0.01	60	0	60	60	
0.4	5.4	55	74	5	3	2	120	2	120	0.003	0	0.003	0.003	60	0	60	60	
0.4	5.4	24	76	17	3	55	84906	55	84906	0.00389091	0.00235445	0.003	0.01	1543.75	930.982	60	5324	
0.4	5.4	10	79	1	3	938	1325452	935	1321900	0.00485668	0.00309188	0.003	0.01	1413.8	490.872	60	5861	
0.4	5.4	4	82	3	3	2	120	2	120	0.003	0	0.003	0.003	60	0	60	60	
0.4	5.4	16	83	8	3	195	397157	195	397157	0.00490256	0.00312221	0.003	0.01	2036.7	1897.63	60	9422	
0.4	5.4	41	84	22	3	1	60	1	60	0.01	0	0.01	0.01	60	0	60	60	
0.4	5.4	57	85	5	3	2	120	2	120	0.003	0	0.003	0.003	60	0	60	60	
0.4	5.4	36	86	7	3	3	180	3	180	0.00533333	0.00404145	0.003	0.01	60	0	60	60	
0.4	5.4	34	88	12	3	2	120	2	120	0.003	0	0.003	0.003	60	0	60	60	
0.4	5.4	14	89	3	3	1	60	1	60	0.01	0	0.01	0.01	60	0	60	60	
0.4	5.4	41	90	8	3	2	120	2	120	0.003	0	0.003	0.003	60	0	60	60	
0.4	5.4	4	91	11	3	1	60	1	60	0.01	0	0.01	0.01	60	0	60	60	
0.4	5.4	22	94	2	3	80	318541	80	318541	0.0053625	0.00333088	0.003	0.01	3981.76	3353.16	45	9422	
0.4	5.4	13	95	14	3	2	120	2	120	0.003	0	0.003	0.003	60	0	60	60	
0.4	5.4	36	96	10	3	3	180	3	180	0.00766667	0.00404145	0.003	0.01	60	0	60	60	
0.4	5.4	52	98	4	3	2	120	2	120	0.003	0	0.003	0.003	60	0	60	60	
0.4	5.4	11	101	2	3	2	120	2	120	0.0065	0.00494975	0.003	0.01	60	0	60	60	
0.4	5.4	45	102	8	3	1	60	1	60	0.01	0	0.01	0.01	60	0	60	60	
0.4	5.4	50	103	2	3	2	120	2	120	0.01	0	0.01	0.01	60	0	60	60	
0.4	5.4	41	105	9	3	2	120	2	120	0.003	0	0.003	0.003	60	0	60	60	
0.4	5.4	21	106	1	3	2	120	2	120	0.003	0	0.003	0.003	60	0	60	60	
0.4	5.4	27	107	7	3	3	180	3	180	0.00533333	0.00404145	0.003	0.01	60	0	60	60	
0.4	5.4	27	108	2	3	1	60	1	60	0.003	0	0.003	0.003	60	0	60	60	
0.4	5.4	39	109	3	3	3	180	3	180	0.003	0	0.003	0.003	60	0	60	60	
0.4	5.4	51	110	2	3	101	236909	101	236909	0.0050099	0.00318275	0.003	0.01	2345.63	1362.69	60	6882	
0.4	5.4	7	112	3	3	1	60	1	60	0.003	0	0.003	0.003	60	0	60	60	
0.4	5.4	2	113	6	3	4	240	4	240	0.00475	0.0035	0.003	0.01	60	0	60	60	
0.4	5.4	16	117	10	3	1	60	1	60	0.01	0	0.01	0.01	60	0	60	60	
0.4	5.4	47	118	3	3	288	1522011	288	1522011	0.003	0	0.003	0.003	5284.76	3500.86	45	9422	
0.4	5.4	4	119	1	3	1	60	1	60	0.01	0	0.01	0.01	60	0	60	60	
0.4	5.4	34	121	10	3	2	120	2	120	0.003	0	0.003	0.003	60	0	60	60	
0.4	5.4	56	122	8	3	3	180	3	180	0.00766667	0.00404145	0.003	0.01	60	0	60	60	
0.4	5.4	3	123	1	3	4	240	4	240	0.003	0	0.003	0.003	60	0	60	60	
0.4	5.4	54	126	2	3	1	60	1	60	0.01	0	0.01	0.01	60	0	60	60	
0.4	5.4	13	127	7	3	1146	1772142	1144	1769774	0.00470717	0.00300727	0.003	0.01	1547.01	734.573	60	9422	
0.4	5.4	53	130	7	3	252	711463	252	711463	0.00319444	0.00115264	0.003	0.01	2823.27	1882.37	60	9422	
0.4	5.4	34	131	11	3	1	60	1	60	0.003	0	0.003	0.003	60	0	60	60	
0.4	5.4	27	133	1	3	1	60	1	60	0.01	0	0.01	0.01	60	0	60	60	
0.4	5.4	30	134	2	3	199	533892	199	533892	0.00697487	0.00347638	0.003	0.01	2682.87	1758.44	29	9422	
0.4	5.4	10	135	12	3	134	390046	134	390046	0.00305224	0.000604708	0.003	0.01	2910.79	1793.51	60	9422	
0.4	5.4	37	136	3	3	6	360	6	360	0.003	0	0.003	0.003	60	0	60	60	
0.4	5.4	46	138	10	3	453	813855	453	813855	0.0039426	0.00239215	0.003	0.01	1796.59	1021.52	60	8853	
0.4	5.4	16	140	5	3	3	180	3	180	0.00533333	0.00404145	0.003	0.01	60	0	60	60	
0.4	5.4	46	144	1	3	182	592379	182	592379	0.00415385	0.00270634	0.003	0.017	3254.83	1637.82	60	7099	
0.4	5.4	55	145	6	3	1	60	1	60	0.01	0	0.01	0.01	60	0	60	60	
0.4	5.4	34	146	1	3	2	120	2	120	0.003	0	0.003	0.003	60	0	60	60	
0.4	5.4	55	147	20	3	151	695436	151	695436	0.003	0	0.003	0.003	4605.54	3201.05	45	9422	
0.4	5.4	13	149	11	3	1	60	1	60	0.003	0	0.003	0.003	60	0	60	60	
0.4	5.4	51	150	10	3	337	785352	337	785352	0.00588724	0.00345107	0.003	0.01	2330.42	1655.9	60	9422	
0.4	5.4	8	151	22	3	7	420	7	420	0.005	0.00341565	0.003	0.01	60	0	60	60	
0.4	5.4	28	152	1	3	4	240	4	240	0.003	0	0.003	0.003	60	0	60	60	
0.4	5.4	8	155	24	3	1	60	1	60	0.003	0	0.003	0.003	60	0	60	60	
0.4	5.4	50	156	6	3	2	120	2	120	0.01	0	0.01	0.01	60	0	60	60	
0.4	5.4	12	158	2	3	5	300	5	300	0.0058	0.00383406	0.003	0.01	60	0	60	60	
0.4	5.4	11	161	4	3	3	180	3	180	0.00533333	0.00404145	0.003	0.01	60	0	60	60	
0.4	5.4	13	162	12	3	2	120	2	120	0.0065	0.00494975	0.003	0.01	60	0	60	60	
0.4	5.4	54	164	3	3	2	120	2	120	0.01	0	0.01	0.01	60	0	60	60	
0.4	5.4	43	166	9	3	3	180	3	180	0.00533333	0.00404145	0.003	0.01	60	0	60	60	
0.4	5.4	38	170	13	3	1	60	1	60	0.01	0	0.01	0.01	60	0	60	60	
0.4	5.4	52	171	8	3	125	164648	125	164648	0.004064	0.00252326	0.003	0.01	1317.18	1283.01	60	9422	
0.4	5.4	2	173	15	3	2	120	2	120	0.0065	0.00494975	0.003	0.01	60	0	60	60	
0.4	5.4	50	174	7	3	122	531545	122	531545	0.00506557	0.00320572	0.003	0.01	4356.93	3115.54	45	9422	
0.4	5.4	34	175	4	3	1	60	1	60	0.003	0	0.003	0.003	60	0	60	60	
0.4	5.4	38	177	7	3	3	180	3	180	0.00766667	0.00404145	0.003	0.01	60	0	60	60	
0.4	5.4	41	178	18	3	625	1212779	623	1209229	0.0031573	0.00103832	0.003	0.01	1940.98	1556.71	60	9422	
0.4	5.4	12	180	7	3	2	120	2	120	0.003	0	0.003	0.003	60	0	60	60	
0.4	5.4	26	182	4	3	141	648080	141	648080	0.003	0	0.003	0.003	4596.31	3075.6	45	9422	
0.4	5.4	26	183	1	3	1	60	1	60	0.003	0	0.003	0.003	60	0	60	60	
0.4	5.4	4	185	7	3	446	1838561	446	1838561	0.003	0	0.003	0.003	4122.33	1836.03	45	9422	
0.4	5.4	37	186	15	3	1	60	1	60	0.003	0	0.003	0.003	60	0	60	60	
0.4	5.4	41	187	16	3	2	120	2	120	0.003	0	0.003	0.003	60	0	60	60	
0.4	5.4	41	188	1	3	1	60	1	60	0.003	0	0.003	0.003	60	0	60	60	
0.4	5.4	25	189	7	3	203	911876	203	911876	0.00613793	0.00348983	0.003	0.01	4492	3711.41	60	9422	
0.4	5.4	24	190	15	3	363	606189	363	606189	0.00452341	0.00289243	0.003	0.01	1669.94	690.218	60	5664	
0.4	5.4	11	192	8	3	2	708	2	708	0.01	0	0.01	0.01	354	415.779	60	648	
0.4	5.4	26	193	5	3	1	60	1	60	0.003	0	0.003	0.003	60	0	60	60	
0.4	5.4	13	196	6	3	2	120	2	120	0.003	0	0.003	0.003	60	0	60	60	
0.4	5.4	52	198	1	3	2	120	2	120	0.003	0	0.003	0.003	60	0	60	60	
0.4	5.4	19	199	3	3	161	471689	161	471689	0.00508696	0.00321207	0.003	0.01	2929.75	1336.58	60	7708	
0.4	5.4	10	200	6	3	5	300	5	300	0.0058	0.00383406	0.003	0.01	60	0	60	60	
0.4	5.4	34	201	14	3	242	448678	242	448678	0.00461983	0.00295823	0.003	0.01	1854.04	1539.14	60	9422	
0.4	5.4	6	203	2	3	2	120	2	120	0.0065	0.00494975	0.003	0.01	60	0	60	60	
0.4	5.4	46	204	5	3	3	180	3	180	0.00533333	0.00404145	0.003	0.01	60	0	60	60	
0.4	5.4	14	207	7	3	1	60	1	60	0.01	0	0.01	0.01	60	0	60	60	
0.4	5.4	8	208	12	3	4	240	4	240	0.0065	0.00404145	0.003	0.01	60	0	60	60	
0.4	5.4	14	209	1	3	2	120	2	120	0.0065	0.00494975	0.003	0.01	60	0	60	60	
0.4	5.4	21	211	2	3	1	60	1	60	0.01	0	0.01	0.01	60	0	60	60	
0.4	5.4	10	212	8	3	2	120	2	120	0.003	0	0.003	0.003	60	0	60	60	
0.4	5.4	52	214	6	3	2	120	2	120	0.003	0	0.003	0.003	60	0	60	60	
0.4	5.4	47	216	1	3	2	120	2	120	0.0065	0.00494975	0.003	0.01	60	0	60	60	
0.4	5.4	42	217	13	3	1	60	1	60	0.003	0	0.003	0.003	60	0	60	60	
0.4	5.4	30	218	3	3	49	248599	49	248599	0.00314286	0.001	0.003	0.01	5073.45	3293.16	45	9422	
0.4	5.4	27	219	3	3	312	700730	312	700730	0.00457051	0.00292481	0.003	0.01	2245.93	1229.1	60	9422	
0.4	5.4	55	222	11	3	326	716191	326	716191	0.00426687	0.00269916	0.003	0.01	2196.9	1533.93	60	9422	
0.4	5.4	41	223	21	3	2	120	2	120	0.003	0	0.003	0.003	60	0	60	60	
0.4	5.4	37	227	8	3	5	300	5	300	0.003	0	0.003	0.003	60	0	60	60	
0.4	5.4	12	229	8	3	24	49238	24	49238	0.003875	0.00236482	0.003	0.01	2051.58	1033.12	60	3550	
0.4	5.4	57	230	6	3	20	60461	20	60461	0.003	0	0.003	0.003	3023.05	2472.61	60	8873	
0.4	5.4	42	231	7	3	640	980851	639	979667	0.00338341	0.00159401	0.003	0.01	1533.13	673.61	60	7708	
0.4	5.4	37	234	4	3	218	421423	218	421423	0.00306422	0.000668932	0.003	0.01	1933.13	1309.53	60	9422	
0.4	5.4	37	235	23	3	2	120	2	120	0.003	0	0.003	0.003	60	0	60	60	
0.4	5.4	11	237	6	3	3	180	3	180	0.00766667	0.00404145	0.003	0.01	60	0	60	60	
0.4	5.4	28	238	9	3	2	120	2	120	0.0065	0.00494975	0.003	0.01	60	0	60	60	
0.4	5.4	41	239	7	3	393	1189348	393	1189348	0.00303562	0.000498726	0.003	0.01	3026.33	2327.76	60	9422	
0.4	5.4	30	240	4	3	2	120	2	120	0.01	0	0.01	0.01	60	0	60	60	
0.4	5.4	52	241	23	3	1	60	1	60	0.003	0	0.003	0.003	60	0	60	60	
0.4	5.4	52	242	31	3	2	120	2	120	0.003	0	0.003	0.003	60	0	60	60	
0.4	5.4	27	244	9	3	91	235601	91	235601	0.00469231	0.00301364	0.003	0.01	2589.02	2556.66	60	9422	
0.4	5.4	42	245	12	3	3	180	3	180	0.003	0	0.003	0.003	60	0	60	60	
0.4	5.4	21	247	3	3	102	162245	98	158102	0.00685714	0.00349963	0.003	0.01	1613.29	904.36	60	5324	
0.4	5.4	38	248	9	3	2	120	2	120	0.0065	0.00494975	0.003	0.01	60	0	60	60	
0.4	5.4	46	249	4	3	157	374632	157	374632	0.003	0	0.003	0.003	2386.19	1975.41	60	9422	
0.4	5.4	45	250	1	3	3	180	3	180	0.00766667	0.00404145	0.003	0.01	60	0	60	60	
0.4	5.4	8	251	14	3	1	60	1	60	0.01	0	0.01	0.01	60	0	60	60	
0.4	5.4	44	252	8	3	2	120	2	120	0.01	0	0.01	0.01	60	0	60	60	
0.4	5.4	14	253	5	3	2	120	2	120	0.0065	0.00494975	0.003	0.01	60	0	60	60	
0.4	5.4	24	255	5	3	6	360	6	360	0.0065	0.00383406	0.003	0.01	60	0	60	60	
0.4	5.4	33	261	5	3	134	577605	134	577605	0.003	0	0.003	0.003	4310.49	2868.54	45	9422	
0.4	5.4	54	262	7	3	1	60	1	60	0.003	0	0.003	0.003	60	0	60	60	
0.4	5.4	28	264	5	3	2	120	2	120	0.003	0	0.003	0.003	60	0	60	60	
0.4	5.4	56	265	4	3	245	870401	245	870401	0.00617143	0.00349168	0.003	0.01	3552.66	3103.81	60	9422	
0.4	5.4	54	267	5	3	764	1573096	763	1571912	0.00462385	0.00295661	0.003	0.01	2060.17	1244.42	60	9422	
0.4	5.4	39	268	27	3	3	180	3	180	0.003	0	0.003	0.003	60	0	60	60	
0.4	5.4	55	269	8	3	1	60	1	60	0.003	0	0.003	0.003	60	0	60	60	
0.4	5.4	48	270	5	3	144	225589	144	225589	0.0060625	0.00348467	0.003	0.01	1566.59	1373.04	60	9422	
0.4	5.4	44	271	1	3	1	60	1	60	0.003	0	0.003	0.003	60	0	60	60	
0.4	5.4	53	272	2	3	1	60	1	60	0.01	0	0.01	0.01	60	0	60	60	
0.4	5.4	23	273	2	3	2	120	2	120	0.003	0	0.003	0.003	60	0	60	60	
0.4	5.4	41	274	27	3	1	60	1	60	0.003	0	0.003	0.003	60	0	60	60	
0.4	5.4	31	277	6	3	1	60	1	60	0.003	0	0.003	0.003	60	0	60	60	
0.4	5.4	50	278	1	3	6	360	6	360	0.00766667	0.00361478	0.003	0.01	60	0	60	60	
0.4	5.4	32	279	5	3	60	275812	60	275812	0.00486667	0.00312164	0.003	0.01	4596.87	3012.66	45	9422	
0.4	5.4	56	280	7	3	5	300	5	300	0.0044	0.0031305	0.003	0.01	60	0	60	60	
0.4	5.4	33	281	1	3	400	1070506	399	1069322	0.00338596	0.00159975	0.003	0.01	2680.01	1602.73	60	9422	
0.4	5.4	36	283	5	3	1	60	1	60	0.01	0	0.01	0.01	60	0	60	60	
0.4	5.4	39	284	5	3	3	180	3	180	0.00533333	0.00404145	0.003	0.01	60	0	60	60	
0.4	5.4	42	285	1	3	312	1023699	312	1023699	0.003	0	0.003	0.003	3281.09	1640.33	60	9422	
0.4	5.4	53	286	8	3	106	373089	106	373089	0.003	0	0.003	0.003	3519.71	2832.77	45	9422	
0.4	5.4	34	288	5	3	9	540	9	540	0.00377778	0.00233333	0.003	0.01	60	0	60	60	
0.4	5.4	55	290	24	3	2	120	2	120	0.0065	0.00494975	0.003	0.01	60	0	60	60	
0.4	5.4	2	295	4	3	2	120	2	120	0.0065	0.00494975	0.003	0.01	60	0	60	60	
0.4	5.4	23	296	5	3	216	785951	216	785951	0.003	0	0.003	0.003	3638.66	2232.13	60	9422	
0.4	5.4	33	298	4	3	72	307779	72	307779	0.003	0	0.003	0.003	4274.71	3204.81	45	9422	
0.4	5.4	41	299	10	3	2	120	2	120	0.003	0	0.003	0.003	60	0	60	60	
0.4	5.4	12	300	1	3	1	60	1	60	0.003	0	0.003	0.003	60	0	60	60	
0.4	5.4	43	301	3	3	3	180	3	180	0.00533333	0.00404145	0.003	0.01	60	0	60	60	
0.4	5.4	5	302	23	3	4	240	4	240	0.00475	0.0035	0.003	0.01	60	0	60	60	
0.4	5.4	10	303	7	3	3	180	3	180	0.00766667	0.00404145	0.003	0.01	60	0	60	60	
0.4	5.4	23	304	9	3	286	1071856	286	1071856	0.00512937	0.00322611	0.003	0.01	3747.75	2587.22	45	9422	
0.4	5.4	46	305	3	3	5	832	5	832	0.0058	0.00383406	0.003	0.01	166.4	237.918	60	592	
0.4	5.4	55	306	16	3	2	120	2	120	0.003	0	0.003	0.003	60	0	60	60	
0.4	5.4	37	308	10	3	1	60	1	60	0.003	0	0.003	0.003	60	0	60	60	
0.4	5.4	39	311	22	3	2	120	2	120	0.003	0	0.003	0.003	60	0	60	60	
0.4	5.4	50	314	3	3	504	1031177	504	1031177	0.0055	0.00335743	0.003	0.01	2045.99	1428.3	60	9422	
0.4	5.4	21	316	13	3	3	180	3	180	0.003	0	0.003	0.003	60	0	60	60	
0.4	5.4	41	321	23	3	1	60	1	60	0.003	0	0.003	0.003	60	0	60	60	
0.4	5.4	52	322	9	3	1	60	1	60	0.01	0	0.01	0.01	60	0	60	60	
0.4	5.4	31	323	1	3	1	60	1	60	0.003	0	0.003	0.003	60	0	60	60	
0.4	5.4	51	324	7	3	2	120	2	120	0.003	0	0.003	0.003	60	0	60	60	
0.4	5.4	7	327	2	3	195	1077551	195	1077551	0.003	0	0.003	0.003	5525.9	3061.66	45	9422	
0.4	5.4	16	328	9	3	463	710383	463	710383	0.00569114	0.00340894	0.003	0.01	1534.3	1250.3	60	9422	
0.4	5.4	21	329	7	3	1	60	1	60	0.003	0	0.003	0.003	60	0	60	60	
0.4	5.4	54	330	4	3	3	180	3	180	0.00533333	0.00404145	0.003	0.01	60	0	60	60	
0.4	5.4	36	332	2	3	2	120	2	120	0.0065	0.00494975	0.003	0.01	60	0	60	60	
0.4	5.4	39	333	7	3	2	120	2	120	0.003	0	0.003	0.003	60	0	60	60	
0.4	5.4	20	334	5	3	129	697621	129	697621	0.003	0	0.003	0.003	5407.91	3247.78	45	9422	
0.4	5.4	17	335	5	3	123	578131	123	578131	0.003	0	0.003	0.003	4700.25	3043.49	45	9422	
0.4	5.4	49	337	7	3	1	60	1	60	0.01	0	0.01	0.01	60	0	60	60	
0.4	5.4	18	338	3	3	6	360	6	360	0.00766667	0.00361478	0.003	0.01	60	0	60	60	
0.4	5.4	26	339	7	3	276	872848	276	872848	0.00459783	0.00294332	0.003	0.01	3162.49	2338.11	45	9422	
0.4	5.4	14	340	4	3	3	180	3	180	0.00766667	0.00404145	0.003	0.01	60	0	60	60	
0.4	5.4	8	341	4	3	2	120	2	120	0.0065	0.00494975	0.003	0.01	60	0	60	60	
0.4	5.4	42	342	10	3	1	60	1	60	0.003	0	0.003	0.003	60	0	60	60	
0.4	5.4	17	344	7	3	2	120	2	120	0.01	0	0.01	0.01	60	0	60	60	
0.4	5.4	39	345	8	3	1	60	1	60	0.003	0	0.003	0.003	60	0	60	60	
0.4	5.4	15	347	5	3	3	180	3	180	0.003	0	0.003	0.003	60	0	60	60	
0.4	5.4	33	351	7	3	119	374171	119	374171	0.003	0	0.003	0.003	3144.29	2142.21	60	9422	
0.4	5.4	3	352	4	3	1	60	1	60	0.01	0	0.01	0.01	60	0	60	60	
0.4	5.4	8	353	9	3	3	180	3	180	0.00533333	0.00404145	0.003	0.01	60	0	60	60	
0.4	5.4	13	354	1	3	977	1413509	977	1413509	0.00342272	0.0016683	0.003	0.01	1446.79	750.992	60	9422	
0.4	5.4	39	355	25	3	3	180	3	180	0.00533333	0.00404145	0.003	0.01	60	0	60	60	
0.4	5.4	31	357	2	3	101	429687	101	429687	0.003	0	0.003	0.003	4254.33	2656.89	45	9422	
0.4	5.4	54	358	1	3	2	120	2	120	0.003	0	0.003	0.003	60	0	60	60	
0.4	5.4	2	359	8	3	174	503620	174	503620	0.00304023	0.000530669	0.003	0.01	2894.37	2703.74	60	9422	
0.4	5.4	20	361	10	3	1	592	1	592	0.003	0	0.003	0.003	592	0	592	592	
0.4	5.4	29	362	7	3	4	240	4	240	0.0065	0.00404145	0.003	0.01	60	0	60	60	
0.4	5.4	29	364	3	3	279	612692	274	595534	0.00642336	0.00350556	0.003	0.01	2173.48	1300.01	60	7099	
0.4	5.4	37	365	1	3	3	180	3	180	0.003	0	0.003	0.003	60	0	60	60	
0.4	5.4	12	366	10	3	133	235641	133	235641	0.00447368	0.00286457	0.003	0.01	1771.74	1773.41	60	9422	
0.4	5.4	31	367	4	3	228	1085871	228	1085871	0.003	0	0.003	0.003	4762.59	2867.37	45	9422	
0.4	5.4	23	368	6	3	1	60	1	60	0.003	0	0.003	0.003	60	0	60	60	
0.4	5.4	2	369	3	3	1	592	1	592	0.003	0	0.003	0.003	592	0	592	592	
0.4	5.4	10	370	3	3	196	363685	196	363685	0.0045	0.00287964	0.003	0.01	1855.54	1254.69	60	6882	
0.4	5.4	39	371	16	3	1	60	1	60	0.003	0	0.003	0.003	60	0	60	60	
0.4	5.4	45	375	4	3	2	120	2	120	0.01	0	0.01	0.01	60	0	60	60	
0.4	5.4	13	376	5	3	2	120	2	120	0.003	0	0.003	0.003	60	0	60	60	
0.4	5.4	4	379	10	3	120	427284	117	417226	0.00521367	0.00326905	0.003	0.01	3566.03	2083.22	60	9422	
0.4	5.4	15	380	3	3	3	180	3	180	0.00533333	0.00404145	0.003	0.01	60	0	60	60	
0.4	5.4	9	382	10	3	4	240	4	240	0.0065	0.00404145	0.003	0.01	60	0	60	60	
0.4	5.4	24	384	13	3	177	474770	177	474770	0.00533333	0.00385337	0.003	0.017	2682.32	2676.4	12	9422	
0.4	5.4	55	386	12	3	189	474049	189	474049	0.00314815	0.00101019	0.003	0.01	2508.2	1836.63	60	9422	
0.4	5.4	48	387	7	3	3	180	3	180	0.00766667	0.00404145	0.003	0.01	60	0	60	60	
0.4	5.4	37	392	5	3	1	60	1	60	0.003	0	0.003	0.003	60	0	60	60	
0.4	5.4	15	394	6	3	2	120	2	120	0.0065	0.00494975	0.003	0.01	60	0	60	60	
0.4	5.4	8	396	20	3	179	903645	179	903645	0.00386033	0.00230474	0.003	0.01	5048.3	3327.25	45	9422	
0.4	5.4	56	397	1	3	1	60	1	60	0.003	0	0.003	0.003	60	0	60	60	
0.4	5.4	53	399	12	3	2	120	2	120	0.003	0	0.003	0.003	60	0	60	60	
0.4	5.4	42	400	3	3	7	420	7	420	0.004	0.00264575	0.003	0.01	60	0	60	60	
0.4	5.4	28	401	8	3	2	120	2	120	0.0065	0.00494975	0.003	0.01	60	0	60	60	
0.4	5.4	36	403	4	3	123	690509	123	690509	0.003	0	0.003	0.003	5613.89	3043.38	45	9422	
0.4	5.4	6	404	17	3	1	60	1	60	0.01	0	0.01	0.01	60	0	60	60	
0.4	5.4	6	406	16	3	1	60	1	60	0.01	0	0.01	0.01	60	0	60	60	
0.4	5.4	2	407	18	3	2	120	2	120	0.0065	0.00494975	0.003	0.01	60	0	60	60	
0.4	5.4	14	410	6	3	3	180	3	180	0.00533333	0.00404145	0.003	0.01	60	0	60	60	
0.4	5.4	41	411	4	3	2	120	2	120	0.003	0	0.003	0.003	60	0	60	60	
0.4	5.4	8	413	1	3	4	240	4	240	0.003	0	0.003	0.003	60	0	60	60	
0.4	5.4	8	415	11	3	1	60	1	60	0.01	0	0.01	0.01	60	0	60	60	
0.4	5.4	32	417	8	3	2	120	2	120	0.003	0	0.003	0.003	60	0	60	60	
0.4	5.4	10	418	5	3	25	27342	25	27342	0.00496	0.0032078	0.003	0.01	1093.68	560.496	60	2124	
0.4	5.4	55	419	3	3	245	660450	245	660450	0.00345714	0.001733	0.003	0.01	2695.71	1771.51	60	9422	
0.4	5.4	23	420	10	3	1	60	1	60	0.01	0	0.01	0.01	60	0	60	60	
0.4	5.4	39	422	26	3	1	60	1	60	0.003	0	0.003	0.003	60	0	60	60	
0.4	5.4	41	424	20	3	3	180	3	180	0.003	0	0.003	0.003	60	0	60	60	
0.4	5.4	3	425	5	3	186	647506	186	647506	0.003	0	0.003	0.003	3481.22	2226.15	60	8873	
0.4	5.4	48	426	3	3	532	981406	532	981406	0.00586842	0.00344578	0.003	0.01	1844.75	1143.57	57	7708	
0.4	5.4	17	427	2	3	1	60	1	60	0.01	0	0.01	0.01	60	0	60	60	
0.4	5.4	55	429	15	3	2	120	2	120	0.003	0	0.003	0.003	60	0	60	60	
0.4	5.4	3	430	9	3	2	120	2	120	0.0065	0.00494975	0.003	0.01	60	0	60	60	
0.4	5.4	1	431	23	3	265	616106	265	616106	0.00537736	0.00332134	0.003	0.01	2324.93	1750.47	45	9422	
0.4	5.4	43	432	4	3	266	557170	259	553026	0.00486486	0.00310056	0.003	0.01	2135.24	1305.03	60	9422	
0.4	5.4	8	433	2	3	68	415414	66	401216	0.003	0	0.003	0.003	6079.03	2048.99	60	7099	
0.4	5.4	37	434	28	3	1	60	1	60	0.003	0	0.003	0.003	60	0	60	60	
0.4	5.4	34	437	23	3	2	120	2	120	0.003	0	0.003	0.003	60	0	60	60	
0.4	5.4	45	438	9	3	144	398320	144	398320	0.00416667	0.00261785	0.003	0.01	2766.11	1914.14	45	9422	
0.4	5.4	57	439	9	3	4	240	4	240	0.00475	0.0035	0.003	0.01	60	0	60	60	
0.4	5.4	21	440	12	3	3	180	3	180	0.003	0	0.003	0.003	60	0	60	60	
0.4	5.4	36	442	3	3	2	120	2	120	0.003	0	0.003	0.003	60	0	60	60	
0.4	5.4	12	443	9	3	1333	3235073	1333	3235073	0.00434959	0.00276251	0.003	0.01	2426.91	1189.75	56	7099	
0.4	5.4	30	444	6	3	141	302588	137	297853	0.00724087	0.00343324	0.003	0.01	2174.11	1729.39	60	5916	
0.4	5.4	1	445	8	3	3	180	3	180	0.00533333	0.00404145	0.003	0.01	60	0	60	60	
0.4	5.4	11	446	7	3	1	60	1	60	0.01	0	0.01	0.01	60	0	60	60	
0.4	5.4	16	447	3	3	3	180	3	180	0.01	0	0.01	0.01	60	0	60	60	
0.4	5.4	45	448	6	3	62	253924	62	253924	0.00582258	0.00346185	0.003	0.01	4095.55	2361.33	60	9422	
0.4	5.4	9	449	6	3	33	146364	33	146364	0.003	0	0.003	0.003	4435.27	3259.44	60	9422	
0.4	5.4	3	450	3	3	1	60	1	60	0.003	0	0.003	0.003	60	0	60	60	
0.4	5.4	41	451	14	3	2	120	2	120	0.0065	0.00494975	0.003	0.01	60	0	60	60	
0.4	5.4	11	452	9	3	1	60	1	60	0.003	0	0.003	0.003	60	0	60	60	
0.4	5.4	19	453	2	3	2	120	2	120	0.003	0	0.003	0.003	60	0	60	60	
0.4	5.4	43	454	2	3	1	60	1	60	0.003	0	0.003	0.003	60	0	60	60	
0.4	5.4	26	455	6	3	286	1174656	284	1170514	0.00359155	0.00195046	0.003	0.01	4121.53	2717.16	45	9422	
0.4	5.4	27	456	5	3	235	503069	235	503069	0.00374468	0.0021629	0.003	0.01	2140.72	1881.85	60	9422	
0.4	5.4	42	459	6	3	2	120	2	120	0.003	0	0.003	0.003	60	0	60	60	
0.4	5.4	38	460	1	3	83	241532	83	241532	0.00460241	0.00295882	0.003	0.01	2910.02	1883.54	60	7690	
0.4	5.4	36	462	1	3	1	592	1	592	0.003	0	0.003	0.003	592	0	592	592	
0.4	5.4	17	463	6	3	2	120	2	120	0.0065	0.00494975	0.003	0.01	60	0	60	60	
0.4	5.4	2	464	9	3	3	180	3	180	0.00533333	0.00404145	0.003	0.01	60	0	60	60	
0.4	5.4	55	465	14	3	4	240	4	240	0.0065	0.00404145	0.003	0.01	60	0	60	60	
0.4	5.4	4	466	4	3	1	60	1	60	0.003	0	0.003	0.003	60	0	60	60	
0.4	5.4	13	467	8	3	38	100117	38	100117	0.00410526	0.00258676	0.003	0.01	2634.66	1889.82	60	9422	
0.4	5.4	20	468	3	3	6	360	6	360	0.00533333	0.00361478	0.003	0.01	60	0	60	60	
0.4	5.4	44	469	2	3	1	60	1	60	0.01	0	0.01	0.01	60	0	60	60	
0.4	5.4	16	472	1	3	6	360	6	360	0.00883333	0.00285774	0.003	0.01	60	0	60	60	
0.4	5.4	52	473	28	3	2	120	2	120	0.003	0	0.003	0.003	60	0	60	60	
0.4	5.4	38	474	6	3	200	444512	200	444512	0.003	0	0.003	0.003	2222.56	1136.79	60	7099	
0.4	5.4	52	475	22	3	521	1146916	521	1146916	0.003	0	0.003	0.003	2201.37	946.067	60	9422	
0.4	5.4	8	478	10	3	1	60	1	60	0.003	0	0.003	0.003	60	0	60	60	
0.4	5.4	42	480	9	3	1	60	1	60	0.003	0	0.003	0.003	60	0	60	60	
0.4	5.4	16	482	4	3	80	281865	80	281865	0.004225	0.00267655	0.003	0.01	3523.31	2593.95	45	9422	
0.4	5.4	28	484	7	3	2	120	2	120	0.003	0	0.003	0.003	60	0	60	60	
0.4	5.4	37	485	7	3	1	60	1	60	0.003	0	0.003	0.003	60	0	60	60	
0.4	5.4	52	487	26	3	2	120	2	120	0.003	0	0.003	0.003	60	0	60	60	
0.4	5.4	7	489	4	3	2	120	2	120	0.0065	0.00494975	0.003	0.01	60	0	60	60	
0.4	5.4	38	490	2	3	2	120	2	120	0.0065	0.00494975	0.003	0.01	60	0	60	60	
0.4	5.4	39	491	6	3	1	60	1	60	0.01	0	0.01	0.01	60	0	60	60	
0.4	5.4	33	493	8	3	1	60	1	60	0.01	0	0.01	0.01	60	0	60	60	
0.4	5.4	48	494	9	3	3	180	3	180	0.00533333	0.00404145	0.003	0.01	60	0	60	60	
0.4	5.4	19	495	4	3	391	1399952	390	1398768	0.00359231	0.00195066	0.003	0.01	3586.58	2082.4	60	9422	
0.4	5.4	29	496	1	3	2	120	2	120	0.0065	0.00494975	0.003	0.01	60	0	60	60	
0.4	5.4	20	499	4	3	2	120	2	120	0.003	0	0.003	0.003	60	0	60	60	
0.4	5.4	24	500	6	3	2	120	2	120	0.003	0	0.003	0.003	60	0	60	60	
0.4	5.4	34	501	8	3	4	240	4	240	0.003	0	0.003	0.003	60	0	60	60	
0.4	5.4	37	502	22	3	1	60	1	60	0.003	0	0.003	0.003	60	0	60	60	
0.4	5.4	34	504	3	3	118	234428	118	234428	0.00311864	0.000907419	0.003	0.01	1986.68	1311.32	60	9422	
0.4	5.4	44	505	6	3	145	345660	145	345660	0.00594483	0.00346767	0.003	0.01	2383.86	2646.27	60	9422	
0.4	5.4	37	508	29	3	57	223290	56	222106	0.00325	0.00131079	0.003	0.01	3966.18	2417.23	60	9422	
0.4	5.4	7	509	6	3	26	90045	26	90045	0.003	0	0.003	0.003	3463.27	2720.79	60	9422	
0.4	5.4	11	510	10	3	3	180	3	180	0.003	0	0.003	0.003	60	0	60	60	
0.4	5.4	29	516	6	3	2	120	2	120	0.003	0	0.003	0.003	60	0	60	60	
0.4	5.4	9	517	7	3	3	180	3	180	0.00766667	0.00404145	0.003	0.01	60	0	60	60	
0.4	5.4	12	518	6	3	2	120	2	120	0.0065	0.00494975	0.003	0.01	60	0	60	60	
0.4	5.4	41	519	31	3	1	60	1	60	0.003	0	0.003	0.003	60	0	60	60	
0.4	5.4	44	520	5	3	5	300	5	300	0.0072	0.00383406	0.003	0.01	60	0	60	60	
0.4	5.4	53	522	10	3	180	527322	180	527322	0.00323333	0.00126004	0.003	0.01	2929.57	1875.71	60	9422	
0.4	5.4	53	523	3	3	40	90659	40	90659	0.003	0	0.003	0.003	2266.47	1744.5	60	9422	
0.4	5.4	39	525	13	3	2	120	2	120	0.003	0	0.003	0.003	60	0	60	60	
0.4	5.4	3	526	7	3	1	60	1	60	0.003	0	0.003	0.003	60	0	60	60	
0.4	5.4	11	527	5	3	86	425491	86	425491	0.003	0	0.003	0.003	4947.57	3494.68	45	9422	
0.4	5.4	52	530	25	3	1	60	1	60	0.003	0	0.003	0.003	60	0	60	60	
0.4	5.4	37	531	13	3	2	120	2	120	0.003	0	0.003	0.003	60	0	60	60	
0.4	5.4	41	532	3	3	4	240	4	240	0.003	0	0.003	0.003	60	0	60	60	
0.4	5.4	56	534	10	3	1	60	1	60	0.003	0	0.003	0.003	60	0	60	60	
0.4	5.4	50	535	4	3	3	180	3	180	0.00766667	0.00404145	0.003	0.01	60	0	60	60	
0.4	5.4	12	536	12	3	2	120	2	120	0.003	0	0.003	0.003	60	0	60	60	
0.4	5.4	9	539	3	3	284	1615818	284	1615818	0.003	0	0.003	0.003	5689.5	3325.05	45	9422	
0.4	5.4	10	541	13	3	2	120	2	120	0.0065	0.00494975	0.003	0.01	60	0	60	60	
0.4	5.4	42	542	11	3	2	120	2	120	0.0065	0.00494975	0.003	0.01	60	0	60	60	
0.4	5.4	8	543	21	3	2	120	2	120	0.003	0	0.003	0.003	60	0	60	60	
0.4	5.4	15	544	2	3	217	428498	217	428498	0.00606452	0.00348083	0.003	0.01	1974.65	1456.62	60	9422	
0.4	5.4	45	546	5	3	1	60	1	60	0.003	0	0.003	0.003	60	0	60	60	
0.4	5.4	21	547	11	3	2	120	2	120	0.003	0	0.003	0.003	60	0	60	60	
0.4	5.4	31	549	3	3	166	892864	166	892864	0.003	0	0.003	0.003	5378.7	3236.84	45	9422	
0.4	5.4	25	550	1	3	68	371062	68	371062	0.003	0	0.003	0.003	5456.79	3505.06	45	9422	
0.4	5.4	45	551	2	3	1	60	1	60	0.003	0	0.003	0.003	60	0	60	60	
0.4	5.4	12	552	4	3	162	532756	162	532756	0.0047716	0.0030529	0.003	0.01	3288.62	1804.12	60	9422	
0.4	5.4	49	553	9	3	281	704322	279	703078	0.00412903	0.00257922	0.003	0.01	2519.99	1312.1	60	9422	
0.4	5.4	20	555	7	3	4	240	4	240	0.003	0	0.003	0.003	60	0	60	60	
0.4	5.4	40	556	8	3	1	60	1	60	0.01	0	0.01	0.01	60	0	60	60	
0.4	5.4	32	558	1	3	1	60	1	60	0.01	0	0.01	0.01	60	0	60	60	
0.4	5.4	10	559	9	3	37	67593	37	67593	0.003	0	0.003	0.003	1826.84	1131.55	60	4140	
0.4	5.4	2	562	16	3	1	60	1	60	0.003	0	0.003	0.003	60	0	60	60	
0.4	5.4	38	564	4	3	163	650165	164	650813	0.003	0	0.003	0.003	3968.37	3310.84	45	9422	
0.4	5.4	23	565	4	3	244	876950	244	876950	0.00578279	0.00343277	0.003	0.01	3594.06	2351.39	60	9422	
0.4	5.4	15	566	1	3	4	240	4	240	0.0065	0.00404145	0.003	0.01	60	0	60	60	
0.4	5.4	37	567	12	3	4	240	4	240	0.003	0	0.003	0.003	60	0	60	60	
0.4	5.4	38	569	3	3	1	60	1	60	0.01	0	0.01	0.01	60	0	60	60	
0.4	5.4	55	570	4	3	2	120	2	120	0.0065	0.00494975	0.003	0.01	60	0	60	60	
0.4	5.4	25	574	6	3	3	180	3	180	0.00533333	0.00404145	0.003	0.01	60	0	60	60	
0.4	5.4	8	575	13	3	1	60	1	60	0.003	0	0.003	0.003	60	0	60	60	
0.4	5.4	26	577	3	3	151	674032	151	674032	0.00364901	0.00203699	0.003	0.01	4463.79	2845.62	45	9422	
0.4	5.4	52	579	20	3	5	300	5	300	0.003	0	0.003	0.003	60	0	60	60	
0.4	5.4	52	580	2	3	3	180	3	180	0.00766667	0.00404145	0.003	0.01	60	0	60	60	
0.4	5.4	35	582	4	3	137	661553	137	661553	0.00504379	0.00319436	0.003	0.01	4828.85	3181.03	45	9422	
0.4	5.4	28	583	4	3	66	289422	66	289422	0.003	0	0.003	0.003	4385.18	3311.62	45	9422	
0.4	5.4	53	584	1	3	82	360452	82	360452	0.003	0	0.003	0.003	4395.76	3132.01	45	9422	
0.4	5.4	41	586	15	3	1	60	1	60	0.003	0	0.003	0.003	60	0	60	60	
0.4	5.4	52	589	3	3	1	60	1	60	0.003	0	0.003	0.003	60	0	60	60	
0.4	5.4	8	590	5	3	3	180	3	180	0.003	0	0.003	0.003	60	0	60	60	
0.4	5.4	51	591	6	3	1	60	1	60	0.01	0	0.01	0.01	60	0	60	60	
0.4	5.4	52	593	5	3	2	120	2	120	0.003	0	0.003	0.003	60	0	60	60	
0.4	5.4	27	594	8	3	2	120	2	120	0.003	0	0.003	0.003	60	0	60	60	
0.4	5.4	33	595	6	3	172	789400	172	789400	0.00361046	0.00198076	0.003	0.01	4589.53	3179.88	45	9422	
0.4	5.4	37	596	21	3	1	60	1	60	0.003	0	0.003	0.003	60	0	60	60	
0.4	5.4	28	598	3	3	140	423732	140	423732	0.0034	0.00163064	0.003	0.01	3026.66	2519.02	60	9422	
0.4	5.4	22	600	5	3	6	360	6	360	0.00533333	0.00361478	0.003	0.01	60	0	60	60	
0.4	5.4	41	602	25	3	1	60	1	60	0.003	0	0.003	0.003	60	0	60	60	
0.4	5.4	54	603	6	3	2	120	2	120	0.0065	0.00494975	0.003	0.01	60	0	60	60	
0.4	5.4	18	604	4	3	43	163997	43	163997	0.00560465	0.00342358	0.003	0.01	3813.88	2380.67	60	9422	
0.4	5.4	11	605	1	3	4	772	4	772	0.00475	0.0035	0.003	0.01	193	266	60	592	
0.4	5.4	24	606	12	3	4	240	4	240	0.0065	0.00404145	0.003	0.01	60	0	60	60	
0.4	5.4	34	607	21	3	475	767225	475	767225	0.00326526	0.001338	0.003	0.01	1615.21	1351.31	60	9422	
0.4	5.4	37	608	25	3	1	60	1	60	0.003	0	0.003	0.003	60	0	60	60	
0.4	5.4	52	609	11	3	4	240	4	240	0.003	0	0.003	0.003	60	0	60	60	
0.4	5.4	13	610	2	3	1	60	1	60	0.003	0	0.003	0.003	60	0	60	60	
0.4	5.4	5	611	5	3	219	395727	219	395727	0.00488584	0.00311267	0.003	0.01	1806.97	1002.02	60	6424	
0.4	5.4	25	614	10	3	1	60	1	60	0.01	0	0.01	0.01	60	0	60	60	
0.4	5.4	35	615	1	3	2	120	2	120	0.0065	0.00494975	0.003	0.01	60	0	60	60	
0.4	5.4	46	617	8	3	4	240	4	240	0.00475	0.0035	0.003	0.01	60	0	60	60	
0.4	5.4	18	619	10	3	1	60	1	60	0.01	0	0.01	0.01	60	0	60	60	
0.4	5.4	55	620	10	3	4	240	4	240	0.00475	0.0035	0.003	0.01	60	0	60	60	
0.4	5.4	36	621	6	3	3	180	3	180	0.00533333	0.00404145	0.003	0.01	60	0	60	60	
0.4	5.4	49	622	5	3	2	120	2	120	0.01	0	0.01	0.01	60	0	60	60	
0.4	5.4	14	624	2	3	2	120	2	120	0.0065	0.00494975	0.003	0.01	60	0	60	60	
0.4	5.4	13	625	4	3	270	417515	270	417515	0.00445185	0.00284342	0.003	0.01	1546.35	1058.63	57	9422	
0.4	5.4	39	626	4	3	1	60	1	60	0.003	0	0.003	0.003	60	0	60	60	
0.4	5.4	24	630	10	3	2	120	2	120	0.003	0	0.003	0.003	60	0	60	60	
0.4	5.4	35	632	2	3	3	180	3	180	0.00766667	0.00404145	0.003	0.01	60	0	60	60	
0.4	5.4	3	633	8	3	3	180	3	180	0.003	0	0.003	0.003	60	0	60	60	
0.4	5.4	39	634	23	3	3	180	3	180	0.003	0	0.003	0.003	60	0	60	60	
0.4	5.4	49	635	3	3	2	120	2	120	0.01	0	0.01	0.01	60	0	60	60	
0.4	5.4	53	636	4	3	43	127932	43	127932	0.003	0	0.003	0.003	2975.16	2009.65	60	9422	
0.4	5.4	20	637	8	3	97	260439	97	260439	0.003	0	0.003	0.003	2684.94	2000.74	60	9422	
0.4	5.4	48	639	8	3	50	191335	50	191335	0.003	0	0.003	0.003	3826.7	2880.12	60	9422	
0.4	5.4	39	641	15	3	1	60	1	60	0.003	0	0.003	0.003	60	0	60	60	
0.4	5.4	51	642	3	3	2	120	2	120	0.003	0	0.003	0.003	60	0	60	60	
0.4	5.4	3	644	10	3	4	240	4	240	0.003	0	0.003	0.003	60	0	60	60	
0.4	5.4	52	646	30	3	135	229094	133	227910	0.003	0	0.003	0.003	1713.61	270.484	60	1775	
0.4	5.4	57	648	3	3	3	180	3	180	0.00533333	0.00404145	0.003	0.01	60	0	60	60	
0.4	5.4	52	649	24	3	2	120	2	120	0.003	0	0.003	0.003	60	0	60	60	
0.4	5.4	2	650	12	3	4	240	4	240	0.0065	0.00404145	0.003	0.01	60	0	60	60	
0.4	5.4	46	652	9	3	3	180	3	180	0.00533333	0.00404145	0.003	0.01	60	0	60	60	
0.4	5.4	53	654	13	3	277	629819	277	629819	0.0055018	0.00336071	0.003	0.01	2273.71	1554.44	60	9422	
0.4	5.4	24	655	16	3	5	3669	4	1894	0.003	0	0.003	0.003	473.5	365.386	60	885	
0.4	5.4	24	656	14	3	127	225724	127	225724	0.00316535	0.00106729	0.003	0.01	1777.35	966.659	60	5324	
0.4	5.4	10	657	2	3	3	180	3	180	0.00533333	0.00404145	0.003	0.01	60	0	60	60	
0.4	5.4	34	659	16	3	2	120	2	120	0.003	0	0.003	0.003	60	0	60	60	
0.4	5.4	5	662	33	3	2	120	2	120	0.003	0	0.003	0.003	60	0	60	60	
0.4	5.4	1	663	16	3	1	60	1	60	0.003	0	0.003	0.003	60	0	60	60	
0.4	5.4	1	664	14	3	1	60	1	60	0.01	0	0.01	0.01	60	0	60	60	
0.4	5.4	5	665	47	3	536	789151	533	785599	0.00478612	0.00305452	0.003	0.01	1473.92	747.568	15	9422	
0.4	5.4	1	668	5	3	2	120	2	120	0.003	0	0.003	0.003	60	0	60	60	
0.4	5.4	1	671	25	3	2	120	2	120	0.003	0	0.003	0.003	60	0	60	60	
0.4	5.4	5	672	12	3	1	60	1	60	0.003	0	0.003	0.003	60	0	60	60	
0.4	5.4	30	675	5	3	1	60	1	60	0.01	0	0.01	0.01	60	0	60	60	
0.4	5.4	5	678	38	3	387	503255	387	503255	0.00504393	0.00318686	0.003	0.01	1300.4	1058.12	60	9422	
0.4	5.4	6	681	13	3	2	120	2	120	0.003	0	0.003	0.003	60	0	60	60	
0.4	5.4	5	682	9	3	3	180	3	180	0.00533333	0.00404145	0.003	0.01	60	0	60	60	
0.4	5.4	5	683	50	3	1	60	1	60	0.003	0	0.003	0.003	60	0	60	60	
0.4	5.4	24	684	9	3	84	241524	84	241524	0.003	0	0.003	0.003	2875.29	1738.84	60	9422	
0.4	5.4	1	685	20	3	2	120	2	120	0.003	0	0.003	0.003	60	0	60	60	
0.4	5.4	5	687	27	3	3	180	3	180	0.003	0	0.003	0.003	60	0	60	60	
0.4	5.4	1	688	9	3	2	120	2	120	0.01	0	0.01	0.01	60	0	60	60	
0.4	5.4	5	689	44	3	1	60	1	60	0.003	0	0.003	0.003	60	0	60	60	
0.4	5.4	24	690	11	3	2	708	2	708	0.0065	0.00494975	0.003	0.01	354	415.779	60	648	
0.4	5.4	24	697	2	3	3	1300	3	1300	0.00533333	0.00404145	0.003	0.01	433.333	324.526	60	648	
0.4	5.4	5	698	7	3	3	180	3	180	0.01	0	0.01	0.01	60	0	60	60	
0.4	5.4	1	699	4	3	2	120	2	120	0.0065	0.00494975	0.003	0.01	60	0	60	60	
0.4	5.4	1	701	11	3	998	1470315	998	1470315	0.00353307	0.00185762	0.003	0.01	1473.26	640.136	60	7708	
0.4	5.4	5	703	48	3	14	16098	14	16098	0.0065	0.00363212	0.003	0.01	1149.86	641.919	60	1775	
0.4	5.4	6	707	15	3	3	180	3	180	0.00533333	0.00404145	0.003	0.01	60	0	60	60	
0.4	5.4	43	711	11	3	378	1173565	378	1173565	0.00440741	0.00280926	0.003	0.01	3104.67	1914.61	34	9422	
0.4	5.4	5	713	10	3	104	229256	104	229256	0.00501923	0.00318669	0.003	0.01	2204.38	1655.17	60	9422	
0.4	5.4	5	714	8	3	393	487374	393	487374	0.00431807	0.00274012	0.003	0.01	1240.14	788.599	60	6882	
0.4	5.4	1	715	13	3	1	60	1	60	0.01	0	0.01	0.01	60	0	60	60	
0.4	5.4	1	716	2	3	86	132081	86	132081	0.00446512	0.00286438	0.003	0.01	1535.83	497.251	60	2385	
0.4	5.4	1	717	15	3	1	60	1	60	0.003	0	0.003	0.003	60	0	60	60	
0.4	5.4	6	718	18	3	547	784347	547	784347	0.00706947	0.00345652	0.003	0.01	1433.91	995.463	60	9422	
0.4	5.4	1	719	10	3	175	316168	175	316168	0.00324	0.00127739	0.003	0.01	1806.67	1995.34	60	9422	
0.4	5.4	5	721	6	3	1	60	1	60	0.003	0	0.003	0.003	60	0	60	60	
0.4	5.4	43	722	12	3	246	693849	246	693849	0.00524797	0.003395	0.003	0.017	2820.52	1855.4	60	9422	
0.4	5.4	24	723	7	3	1	60	1	60	0.003	0	0.003	0.003	60	0	60	60	
0.4	5.4	5	724	34	3	135	385481	135	385481	0.003	0	0.003	0.003	2855.41	2139.06	60	9422	
0.4	5.4	5	725	29	3	2	120	2	120	0.0065	0.00494975	0.003	0.01	60	0	60	60	
0.4	5.4	24	726	4	3	922	1152254	920	1149886	0.00557174	0.00340793	0.003	0.017	1249.88	478.713	60	4548	
0.4	5.4	1	727	6	3	3	1892	3	1892	0.00533333	0.00404145	0.003	0.01	630.667	562.2	60	1184	
0.4	5.4	43	728	10	3	13	31481	13	31481	0.003	0	0.003	0.003	2421.62	2587.65	60	9422	
0.4	5.4	43	729	15	3	1	60	1	60	0.01	0	0.01	0.01	60	0	60	60	
0.4	5.4	5	731	45	3	440	500315	440	500315	0.00398636	0.00243827	0.003	0.01	1137.08	529.147	60	3550	
0.4	5.4	5	732	26	3	2	120	2	120	0.0065	0.00494975	0.003	0.01	60	0	60	60	
0.4	5.4	5	733	40	3	117	245741	117	245741	0.00557265	0.00338943	0.003	0.01	2100.35	1366.75	43	7099	
0.4	5.4	5	735	4	3	1	60	1	60	0.003	0	0.003	0.003	60	0	60	60	
0.4	5.4	43	737	14	3	150	416831	150	416831	0.00533333	0.00331089	0.003	0.01	2778.87	1631.83	60	9422	
0.4	5.4	1	738	3	3	1	60	1	60	0.01	0	0.01	0.01	60	0	60	60	
0.4	5.4	5	742	20	3	1	60	1	60	0.003	0	0.003	0.003	60	0	60	60	
0.4	5.4	6	745	11	3	126	246253	123	240928	0.00590244	0.00346272	0.003	0.01	1958.76	632.18	60	3550	
0.4	5.4	5	746	1	3	2	120	2	120	0.003	0	0.003	0.003	60	0	60	60	
0.4	5.4	6	747	7	3	1	60	1	60	0.01	0	0.01	0.01	60	0	60	60	
0.4	5.4	24	748	19	3	2	120	2	120	0.0065	0.00494975	0.003	0.01	60	0	60	60	
0.4	5.4	6	750	4	3	3	180	3	180	0.003	0	0.003	0.003	60	0	60	60	
