% start	end	CellId	IMSI	RNTI	LCID	nTxPDUs	TxBytes	nRxPDUs	RxBytes	delay	stdDev	min	max	PduSize	stdDev	min	max
0.4	5.4	28	1	12	3	2	120	2	120	0.003	0	0.003	0.003	60	0	60	60	
0.4	5.4	9	6	3	3	4	240	4	240	0.003	0	0.003	0.003	60	0	60	60	
0.4	5.4	52	10	14	3	1	60	1	60	0.003	0	0.003	0.003	60	0	60	60	
0.4	5.4	45	11	8	3	3	180	3	180	0.003	0	0.003	0.003	60	0	60	60	
0.4	5.4	1	12	16	3	2	120	2	120	0.003	0	0.003	0.003	60	0	60	60	
0.4	5.4	3	14	2	3	3	180	3	180	0.00533333	0.00404145	0.003	0.01	60	0	60	60	
0.4	5.4	15	15	4	3	197	1054492	197	1054492	0.003	0	0.003	0.003	5352.75	3127.45	45	9422	
0.4	5.4	55	16	13	3	1	60	1	60	0.003	0	0.003	0.003	60	0	60	60	
0.4	5.4	10	18	4	3	1	60	1	60	0.003	0	0.003	0.003	60	0	60	60	
0.4	5.4	21	19	17	3	1	60	1	60	0.003	0	0.003	0.003	60	0	60	60	
0.4	5.4	10	20	11	3	139	784006	139	784006	0.003	0	0.003	0.003	5640.33	3145.06	45	9422	
0.4	5.4	28	25	9	3	1	60	1	60	0.01	0	0.01	0.01	60	0	60	60	
0.4	5.4	52	26	32	3	2	120	2	120	0.003	0	0.003	0.003	60	0	60	60	
0.4	5.4	42	27	8	3	1	60	1	60	0.003	0	0.003	0.003	60	0	60	60	
0.4	5.4	18	29	2	3	159	870502	159	870502	0.003	0	0.003	0.003	5474.86	3335.22	45	9422	
0.4	5.4	37	30	9	3	6	360	6	360	0.00416667	0.00285774	0.003	0.01	60	0	60	60	
0.4	5.4	37	32	13	3	1	60	1	60	0.003	0	0.003	0.003	60	0	60	60	
0.4	5.4	5	34	36	3	38	92442	38	92442	0.00428947	0.00275002	0.003	0.01	2432.68	1297.98	60	4395	
0.4	5.4	39	36	23	3	922	1212321	922	1212321	0.00564967	0.00339698	0.003	0.01	1314.88	619.3	60	9422	
0.4	5.4	10	37	12	3	69	223765	69	223765	0.003	0	0.003	0.003	3242.97	2221.36	60	9422	
0.4	5.4	13	38	10	3	2	120	2	120	0.003	0	0.003	0.003	60	0	60	60	
0.4	5.4	29	39	6	3	2	120	2	120	0.003	0	0.003	0.003	60	0	60	60	
0.4	5.4	21	40	7	3	1682	2291414	1680	2289046	0.00514583	0.00322838	0.003	0.01	1362.53	487.713	60	5861	
0.4	5.4	41	41	29	3	1	60	1	60	0.003	0	0.003	0.003	60	0	60	60	
0.4	5.4	23	42	5	3	325	836808	325	836808	0.00347385	0.00176123	0.003	0.01	2574.79	1120.34	60	9422	
0.4	5.4	16	43	1	3	4	240	4	240	0.0065	0.00404145	0.003	0.01	60	0	60	60	
0.4	5.4	27	44	2	3	275	989352	275	989352	0.003	0	0.003	0.003	3597.64	1545.25	60	9422	
0.4	5.4	27	46	1	3	5	300	5	300	0.0044	0.0031305	0.003	0.01	60	0	60	60	
0.4	5.4	25	48	1	3	13	32067	12	28517	0.0065	0.00365563	0.003	0.01	2376.42	1318.54	60	3550	
0.4	5.4	12	51	14	3	43	179985	43	179985	0.003	0	0.003	0.003	4185.7	2077.33	60	9422	
0.4	5.4	41	52	27	3	2	120	2	120	0.003	0	0.003	0.003	60	0	60	60	
0.4	5.4	17	54	6	3	517	2207667	517	2207667	0.003	0	0.003	0.003	4270.15	1967.51	60	9422	
0.4	5.4	8	56	5	3	2	120	2	120	0.003	0	0.003	0.003	60	0	60	60	
0.4	5.4	22	59	3	3	138	555036	138	555036	0.0032029	0.00117864	0.003	0.01	4022	2156.66	60	9422	
0.4	5.4	21	60	14	3	2	120	2	120	0.003	0	0.003	0.003	60	0	60	60	
0.4	5.4	39	61	14	3	2	120	2	120	0.01	0	0.01	0.01	60	0	60	60	
0.4	5.4	4	62	6	3	2	120	2	120	0.0065	0.00494975	0.003	0.01	60	0	60	60	
0.4	5.4	33	64	3	3	4	240	4	240	0.00475	0.0035	0.003	0.01	60	0	60	60	
0.4	5.4	51	65	5	3	320	1517035	320	1517035	0.003	0	0.003	0.003	4740.73	2615.21	45	9422	
0.4	5.4	4	66	1	3	138	438527	138	438527	0.00457246	0.00293205	0.003	0.01	3177.73	2774.87	60	9422	
0.4	5.4	47	67	2	3	1	60	1	60	0.01	0	0.01	0.01	60	0	60	60	
0.4	5.4	3	68	10	3	2	120	2	120	0.003	0	0.003	0.003	60	0	60	60	
0.4	5.4	53	72	2	3	2	120	2	120	0.01	0	0.01	0.01	60	0	60	60	
0.4	5.4	48	73	8	3	3	180	3	180	0.00766667	0.00404145	0.003	0.01	60	0	60	60	
0.4	5.4	25	74	5	3	64	332004	64	332004	0.003	0	0.003	0.003	5187.56	3040.6	60	9422	
0.4	5.4	45	75	6	3	3	1892	3	1892	0.003	0	0.003	0.003	630.667	562.2	60	1184	
0.4	5.4	46	76	8	3	1	60	1	60	0.003	0	0.003	0.003	60	0	60	60	
0.4	5.4	20	77	1	3	3	180	3	180	0.00766667	0.00404145	0.003	0.01	60	0	60	60	
0.4	5.4	16	78	5	3	84	483454	84	483454	0.00341667	0.00166616	0.003	0.01	5755.4	3038.49	45	9422	
0.4	5.4	2	79	1	3	283	338032	283	338032	0.00589399	0.00345324	0.003	0.01	1194.46	977.796	60	9422	
0.4	5.4	14	80	1	3	4	240	4	240	0.01	0	0.01	0.01	60	0	60	60	
0.4	5.4	3	81	7	3	2	120	2	120	0.0065	0.00494975	0.003	0.01	60	0	60	60	
0.4	5.4	38	82	15	3	1	60	1	60	0.003	0	0.003	0.003	60	0	60	60	
0.4	5.4	4	83	4	3	2	120	2	120	0.0065	0.00494975	0.003	0.01	60	0	60	60	
0.4	5.4	21	86	15	3	3	180	2	120	0.003	0	0.003	0.003	60	0	60	60	
0.4	5.4	10	92	7	3	2	120	2	120	0.0065	0.00494975	0.003	0.01	60	0	60	60	
0.4	5.4	41	94	7	3	1	60	1	60	0.003	0	0.003	0.003	60	0	60	60	
0.4	5.4	30	96	3	3	3	180	3	180	0.00766667	0.00404145	0.003	0.01	60	0	60	60	
0.4	5.4	27	97	3	3	2	120	2	120	0.003	0	0.003	0.003	60	0	60	60	
0.4	5.4	11	98	8	3	1	60	1	60	0.01	0	0.01	0.01	60	0	60	60	
0.4	5.4	12	99	7	3	357	654614	357	654614	0.00447059	0.00285558	0.003	0.01	1833.65	1158.02	60	6929	
0.4	5.4	40	101	6	3	4	240	4	240	0.0065	0.00404145	0.003	0.01	60	0	60	60	
0.4	5.4	26	102	1	3	145	727356	145	727356	0.00309655	0.000819249	0.003	0.01	5016.25	3270.11	45	9422	
0.4	5.4	51	103	9	3	1	60	1	60	0.003	0	0.003	0.003	60	0	60	60	
0.4	5.4	57	106	9	3	2	120	2	120	0.003	0	0.003	0.003	60	0	60	60	
0.4	5.4	37	108	4	3	3	180	3	180	0.003	0	0.003	0.003	60	0	60	60	
0.4	5.4	48	109	2	3	4	240	4	240	0.0065	0.00404145	0.003	0.01	60	0	60	60	
0.4	5.4	44	111	10	3	2	120	2	120	0.0065	0.00494975	0.003	0.01	60	0	60	60	
0.4	5.4	4	112	7	3	2	120	2	120	0.003	0	0.003	0.003	60	0	60	60	
0.4	5.4	38	113	7	3	1	60	1	60	0.01	0	0.01	0.01	60	0	60	60	
0.4	5.4	15	114	2	3	5	300	5	300	0.0044	0.0031305	0.003	0.01	60	0	60	60	
0.4	5.4	28	115	7	3	2	120	2	120	0.003	0	0.003	0.003	60	0	60	60	
0.4	5.4	45	116	5	3	3	180	2	120	0.01	0	0.01	0.01	60	0	60	60	
0.4	5.4	20	118	8	3	1	60	1	60	0.01	0	0.01	0.01	60	0	60	60	
0.4	5.4	45	119	11	3	5	300	5	300	0.0044	0.0031305	0.003	0.01	60	0	60	60	
0.4	5.4	46	122	2	3	1	60	1	60	0.003	0	0.003	0.003	60	0	60	60	
0.4	5.4	45	123	7	3	2	120	2	120	0.01	0	0.01	0.01	60	0	60	60	
0.4	5.4	55	125	15	3	2	120	2	120	0.003	0	0.003	0.003	60	0	60	60	
0.4	5.4	35	126	5	3	1	60	1	60	0.003	0	0.003	0.003	60	0	60	60	
0.4	5.4	17	128	8	3	3	180	3	180	0.00533333	0.00404145	0.003	0.01	60	0	60	60	
0.4	5.4	14	129	4	3	1	60	1	60	0.003	0	0.003	0.003	60	0	60	60	
0.4	5.4	30	131	2	3	173	375256	173	375256	0.00490173	0.00312281	0.003	0.01	2169.11	1719.31	60	9422	
0.4	5.4	43	134	4	3	4	3667	4	3667	0.003	0	0.003	0.003	916.75	733.545	60	1775	
0.4	5.4	27	135	4	3	1	60	1	60	0.01	0	0.01	0.01	60	0	60	60	
0.4	5.4	38	137	8	3	113	385276	113	385276	0.00324779	0.00129925	0.003	0.01	3409.52	2163.09	60	9422	
0.4	5.4	20	138	2	3	176	786533	175	782983	0.0048	0.00306819	0.003	0.01	4474.19	2789.18	45	9422	
0.4	5.4	39	139	18	3	2	120	2	120	0.003	0	0.003	0.003	60	0	60	60	
0.4	5.4	21	141	5	3	1	60	1	60	0.003	0	0.003	0.003	60	0	60	60	
0.4	5.4	6	143	16	3	1	60	1	60	0.003	0	0.003	0.003	60	0	60	60	
0.4	5.4	23	144	16	3	431	1179477	430	1178293	0.00343953	0.00170008	0.003	0.01	2740.22	1170.49	60	9422	
0.4	5.4	28	145	10	3	502	931102	502	931102	0.00428287	0.0027109	0.003	0.01	1854.78	1108.05	60	9422	
0.4	5.4	51	146	3	3	2	120	2	120	0.0065	0.00494975	0.003	0.01	60	0	60	60	
0.4	5.4	5	147	7	3	4	240	4	240	0.003	0	0.003	0.003	60	0	60	60	
0.4	5.4	52	148	9	3	2	120	2	120	0.003	0	0.003	0.003	60	0	60	60	
0.4	5.4	49	151	1	3	234	281280	234	281280	0.00664957	0.0035043	0.003	0.01	1202.05	442.181	60	5324	
0.4	5.4	57	152	5	3	1	60	1	60	0.003	0	0.003	0.003	60	0	60	60	
0.4	5.4	29	154	10	3	2	120	2	120	0.0065	0.00494975	0.003	0.01	60	0	60	60	
0.4	5.4	46	155	7	3	1	60	1	60	0.003	0	0.003	0.003	60	0	60	60	
0.4	5.4	19	156	3	3	13	43900	13	43900	0.003	0	0.003	0.003	3376.92	3356.4	60	9422	
0.4	5.4	53	158	7	3	230	800590	230	800590	0.00306087	0.000651327	0.003	0.01	3480.83	2436.31	60	9422	
0.4	5.4	50	159	2	3	163	715515	162	713148	0.003	0	0.003	0.003	4402.15	3487.92	45	9422	
0.4	5.4	49	160	5	3	3	180	3	180	0.003	0	0.003	0.003	60	0	60	60	
0.4	5.4	15	161	8	3	1	60	1	60	0.01	0	0.01	0.01	60	0	60	60	
0.4	5.4	50	162	4	3	2	120	2	120	0.003	0	0.003	0.003	60	0	60	60	
0.4	5.4	41	166	5	3	2	120	2	120	0.003	0	0.003	0.003	60	0	60	60	
0.4	5.4	52	167	20	3	1670	2218049	1670	2218049	0.003	0	0.003	0.003	1328.17	592.444	60	9422	
0.4	5.4	24	168	3	3	3	180	3	180	0.00533333	0.00404145	0.003	0.01	60	0	60	60	
0.4	5.4	12	169	13	3	471	794416	471	794416	0.00398089	0.00243242	0.003	0.01	1686.66	927.971	60	5324	
0.4	5.4	32	171	3	3	82	421358	82	421358	0.003	0	0.003	0.003	5138.51	3332.36	45	9422	
0.4	5.4	19	173	10	3	2	120	2	120	0.0065	0.00494975	0.003	0.01	60	0	60	60	
0.4	5.4	38	175	13	3	1	60	1	60	0.003	0	0.003	0.003	60	0	60	60	
0.4	5.4	5	176	25	3	2	120	2	120	0.0065	0.00494975	0.003	0.01	60	0	60	60	
0.4	5.4	41	177	13	3	2	120	2	120	0.003	0	0.003	0.003	60	0	60	60	
0.4	5.4	35	178	4	3	1	60	1	60	0.003	0	0.003	0.003	60	0	60	60	
0.4	5.4	56	180	2	3	1	60	1	60	0.003	0	0.003	0.003	60	0	60	60	
0.4	5.4	44	181	2	3	327	1507725	327	1507725	0.00323547	0.00126402	0.003	0.01	4610.78	2673.23	45	9422	
0.4	5.4	22	182	8	3	5	300	5	300	0.0058	0.00383406	0.003	0.01	60	0	60	60	
0.4	5.4	42	183	12	3	3	180	3	180	0.00533333	0.00404145	0.003	0.01	60	0	60	60	
0.4	5.4	30	185	8	3	4	240	4	240	0.0065	0.00404145	0.003	0.01	60	0	60	60	
0.4	5.4	24	186	4	3	2	120	2	120	0.003	0	0.003	0.003	60	0	60	60	
0.4	5.4	12	188	1	3	1	60	1	60	0.003	0	0.003	0.003	60	0	60	60	
0.4	5.4	31	191	2	3	1	60	1	60	0.01	0	0.01	0.01	60	0	60	60	
0.4	5.4	52	192	3	3	3	180	3	180	0.00533333	0.00404145	0.003	0.01	60	0	60	60	
0.4	5.4	29	194	11	3	291	952778	291	952778	0.00461168	0.00295198	0.003	0.01	3274.15	2317.55	60	9422	
0.4	5.4	27	196	5	3	3	180	3	180	0.003	0	0.003	0.003	60	0	60	60	
0.4	5.4	8	197	9	3	358	1261486	358	1261486	0.00301955	0.000369961	0.003	0.01	3523.7	2821.05	60	9422	
0.4	5.4	55	198	6	3	3	180	3	180	0.003	0	0.003	0.003	60	0	60	60	
0.4	5.4	43	199	6	3	249	1239338	249	1239338	0.003	0	0.003	0.003	4977.26	3341.71	45	9422	
0.4	5.4	42	200	10	3	4	240	4	240	0.00475	0.0035	0.003	0.01	60	0	60	60	
0.4	5.4	2	201	16	3	1	60	1	60	0.01	0	0.01	0.01	60	0	60	60	
0.4	5.4	52	202	30	3	4	240	4	240	0.00475	0.0035	0.003	0.01	60	0	60	60	
0.4	5.4	51	203	10	3	2	120	2	120	0.003	0	0.003	0.003	60	0	60	60	
0.4	5.4	7	205	1	3	3	180	3	180	0.00533333	0.00404145	0.003	0.01	60	0	60	60	
0.4	5.4	55	206	9	3	1	60	1	60	0.003	0	0.003	0.003	60	0	60	60	
0.4	5.4	38	207	12	3	85	225555	85	225555	0.003	0	0.003	0.003	2653.59	1658.77	60	9422	
0.4	5.4	40	208	7	3	74	334366	69	324898	0.00685507	0.00350745	0.003	0.01	4708.67	2711.61	60	9422	
0.4	5.4	6	211	11	3	3	180	3	180	0.00533333	0.00404145	0.003	0.01	60	0	60	60	
0.4	5.4	3	212	5	3	131	695876	131	695876	0.003	0	0.003	0.003	5312.03	3070.9	45	9422	
0.4	5.4	7	213	5	3	1	60	1	60	0.01	0	0.01	0.01	60	0	60	60	
0.4	5.4	4	218	9	3	3	180	3	180	0.00766667	0.00404145	0.003	0.01	60	0	60	60	
0.4	5.4	37	219	16	3	1	60	1	60	0.003	0	0.003	0.003	60	0	60	60	
0.4	5.4	34	221	6	3	1	60	1	60	0.003	0	0.003	0.003	60	0	60	60	
0.4	5.4	34	222	13	3	1	60	1	60	0.003	0	0.003	0.003	60	0	60	60	
0.4	5.4	37	223	1	3	1	592	1	592	0.003	0	0.003	0.003	592	0	592	592	
0.4	5.4	4	224	13	3	1	60	1	60	0.003	0	0.003	0.003	60	0	60	60	
0.4	5.4	57	225	4	3	326	1272768	326	1272768	0.003	0	0.003	0.003	3904.2	2179.2	45	9422	
0.4	5.4	37	226	15	3	2	120	2	120	0.003	0	0.003	0.003	60	0	60	60	
0.4	5.4	39	228	25	3	2	120	2	120	0.003	0	0.003	0.003	60	0	60	60	
0.4	5.4	57	229	1	3	1	60	1	60	0.003	0	0.003	0.003	60	0	60	60	
0.4	5.4	52	230	4	3	1	60	1	60	0.003	0	0.003	0.003	60	0	60	60	
0.4	5.4	41	232	14	3	2	120	2	120	0.003	0	0.003	0.003	60	0	60	60	
0.4	5.4	52	234	29	3	1	60	1	60	0.003	0	0.003	0.003	60	0	60	60	
0.4	5.4	12	238	5	3	2	120	2	120	0.003	0	0.003	0.003	60	0	60	60	
0.4	5.4	57	239	6	3	123	508362	123	508362	0.00430894	0.0027405	0.003	0.01	4133.02	2799.67	45	9422	
0.4	5.4	24	240	6	3	1	60	1	60	0.01	0	0.01	0.01	60	0	60	60	
0.4	5.4	25	241	6	3	3	180	3	180	0.00766667	0.00404145	0.003	0.01	60	0	60	60	
0.4	5.4	14	244	6	3	1	60	1	60	0.01	0	0.01	0.01	60	0	60	60	
0.4	5.4	23	245	9	3	3	180	3	180	0.00533333	0.00404145	0.003	0.01	60	0	60	60	
0.4	5.4	38	247	4	3	1	60	1	60	0.003	0	0.003	0.003	60	0	60	60	
0.4	5.4	36	248	1	3	2	120	2	120	0.003	0	0.003	0.003	60	0	60	60	
0.4	5.4	56	250	4	3	43	127916	43	127916	0.003	0	0.003	0.003	2974.79	2176.79	60	9422	
0.4	5.4	8	254	8	3	4	240	4	240	0.003	0	0.003	0.003	60	0	60	60	
0.4	5.4	34	256	10	3	2	120	2	120	0.003	0	0.003	0.003	60	0	60	60	
0.4	5.4	18	257	3	3	1	60	1	60	0.01	0	0.01	0.01	60	0	60	60	
0.4	5.4	45	258	1	3	1	60	1	60	0.003	0	0.003	0.003	60	0	60	60	
0.4	5.4	52	259	11	3	3	180	3	180	0.003	0	0.003	0.003	60	0	60	60	
0.4	5.4	30	260	9	3	2	120	2	120	0.01	0	0.01	0.01	60	0	60	60	
0.4	5.4	55	261	26	3	437	1323834	437	1323834	0.003	0	0.003	0.003	3029.37	1213.9	60	9422	
0.4	5.4	41	263	21	3	1	60	1	60	0.01	0	0.01	0.01	60	0	60	60	
0.4	5.4	13	264	1	3	1	60	1	60	0.003	0	0.003	0.003	60	0	60	60	
0.4	5.4	19	265	11	3	139	549721	139	549721	0.003	0	0.003	0.003	3954.83	2933.57	60	9422	
0.4	5.4	2	266	4	3	2	120	2	120	0.01	0	0.01	0.01	60	0	60	60	
0.4	5.4	42	267	7	3	2	120	2	120	0.0065	0.00494975	0.003	0.01	60	0	60	60	
0.4	5.4	8	268	3	3	563	1272547	562	1271363	0.003	0	0.003	0.003	2262.21	1455.92	60	9422	
0.4	5.4	46	270	5	3	16	69334	14	55136	0.0035	0.00187083	0.003	0.01	3938.29	2768.85	60	7099	
0.4	5.4	1	271	20	3	1	60	1	60	0.003	0	0.003	0.003	60	0	60	60	
0.4	5.4	39	272	15	3	1	60	1	60	0.003	0	0.003	0.003	60	0	60	60	
0.4	5.4	29	274	7	3	23	45678	22	43311	0.003	0	0.003	0.003	1968.68	1208.69	60	5324	
0.4	5.4	37	275	29	3	1	60	1	60	0.003	0	0.003	0.003	60	0	60	60	
0.4	5.4	34	276	12	3	2	120	2	120	0.003	0	0.003	0.003	60	0	60	60	
0.4	5.4	52	278	27	3	2	120	2	120	0.01	0	0.01	0.01	60	0	60	60	
0.4	5.4	15	279	7	3	1	60	1	60	0.01	0	0.01	0.01	60	0	60	60	
0.4	5.4	19	280	8	3	38	161636	38	161636	0.003	0	0.003	0.003	4253.58	3008.71	60	9422	
0.4	5.4	6	281	1	3	3	180	3	180	0.00533333	0.00404145	0.003	0.01	60	0	60	60	
0.4	5.4	52	282	38	3	4	240	4	240	0.003	0	0.003	0.003	60	0	60	60	
0.4	5.4	50	283	1	3	2	120	2	120	0.01	0	0.01	0.01	60	0	60	60	
0.4	5.4	6	287	6	3	1	60	1	60	0.003	0	0.003	0.003	60	0	60	60	
0.4	5.4	15	288	1	3	312	911309	312	911309	0.00306731	0.000684196	0.003	0.01	2920.86	2139.44	45	9422	
0.4	5.4	1	289	6	3	2	120	2	120	0.0065	0.00494975	0.003	0.01	60	0	60	60	
0.4	5.4	23	291	10	3	76	303294	76	303294	0.003	0	0.003	0.003	3990.71	2861.24	60	9422	
0.4	5.4	37	293	22	3	5	300	5	300	0.003	0	0.003	0.003	60	0	60	60	
0.4	5.4	1	296	18	3	2	652	2	652	0.003	0	0.003	0.003	326	376.181	60	592	
0.4	5.4	56	297	3	3	364	1127965	361	1120865	0.00491967	0.00312724	0.003	0.01	3104.89	2011.7	45	9422	
0.4	5.4	31	298	4	3	4	240	4	240	0.0065	0.00404145	0.003	0.01	60	0	60	60	
0.4	5.4	2	301	12	3	2	120	2	120	0.0065	0.00494975	0.003	0.01	60	0	60	60	
0.4	5.4	55	302	27	3	2	120	2	120	0.003	0	0.003	0.003	60	0	60	60	
0.4	5.4	22	304	5	3	3	180	3	180	0.00766667	0.00404145	0.003	0.01	60	0	60	60	
0.4	5.4	47	306	3	3	4	240	4	240	0.01	0	0.01	0.01	60	0	60	60	
0.4	5.4	49	307	4	3	1	60	1	60	0.01	0	0.01	0.01	60	0	60	60	
0.4	5.4	19	308	5	3	119	538613	119	538613	0.003	0	0.003	0.003	4526.16	3077.09	45	9422	
0.4	5.4	57	309	8	3	125	168210	123	165842	0.00419512	0.00264469	0.003	0.01	1348.31	540.642	60	3550	
0.4	5.4	48	310	5	3	2	120	2	120	0.0065	0.00494975	0.003	0.01	60	0	60	60	
0.4	5.4	57	311	10	3	112	505361	112	505361	0.003	0	0.003	0.003	4512.15	2930.58	60	9422	
0.4	5.4	35	313	3	3	1	60	1	60	0.01	0	0.01	0.01	60	0	60	60	
0.4	5.4	4	314	2	3	212	1002123	212	1002123	0.00306604	0.000678287	0.003	0.01	4727	3547.2	45	9422	
0.4	5.4	5	315	42	3	43	54631	43	54631	0.00462791	0.00299224	0.003	0.01	1270.49	638.897	14	1775	
0.4	5.4	16	316	2	3	6	360	6	360	0.00533333	0.00361478	0.003	0.01	60	0	60	60	
0.4	5.4	54	317	1	3	1	60	1	60	0.003	0	0.003	0.003	60	0	60	60	
0.4	5.4	21	318	2	3	1	60	1	60	0.003	0	0.003	0.003	60	0	60	60	
0.4	5.4	13	319	2	3	3	180	3	180	0.003	0	0.003	0.003	60	0	60	60	
0.4	5.4	28	320	5	3	73	81793	73	81793	0.00415068	0.00261232	0.003	0.01	1120.45	475.852	60	1775	
0.4	5.4	22	321	2	3	369	522158	366	520914	0.00409016	0.00254172	0.003	0.01	1423.26	1270.24	60	9422	
0.4	5.4	54	323	2	3	110	443810	110	443810	0.00446364	0.00285964	0.003	0.01	4034.64	3540.86	60	9422	
0.4	5.4	24	324	19	3	116	382966	116	382966	0.0035431	0.00188076	0.003	0.01	3301.43	2176.12	60	9422	
0.4	5.4	34	327	15	3	3	180	3	180	0.003	0	0.003	0.003	60	0	60	60	
0.4	5.4	55	328	5	3	1	60	1	60	0.003	0	0.003	0.003	60	0	60	60	
0.4	5.4	5	329	13	3	3	180	3	180	0.00533333	0.00404145	0.003	0.01	60	0	60	60	
0.4	5.4	3	330	1	3	1274	2014881	1272	2011330	0.00384198	0.00227794	0.003	0.01	1581.23	913.237	60	6882	
0.4	5.4	47	331	7	3	1	60	1	60	0.01	0	0.01	0.01	60	0	60	60	
0.4	5.4	39	332	10	3	1	60	1	60	0.003	0	0.003	0.003	60	0	60	60	
0.4	5.4	41	333	24	3	1	60	1	60	0.003	0	0.003	0.003	60	0	60	60	
0.4	5.4	48	334	1	3	225	1105880	225	1105880	0.00368444	0.00208373	0.003	0.01	4915.02	2874.31	45	9422	
0.4	5.4	39	335	19	3	166	635203	166	635203	0.003	0	0.003	0.003	3826.52	2407.35	45	9422	
0.4	5.4	2	336	8	3	2	120	2	120	0.003	0	0.003	0.003	60	0	60	60	
0.4	5.4	34	337	7	3	1	60	1	60	0.01	0	0.01	0.01	60	0	60	60	
0.4	5.4	16	338	4	3	1	60	1	60	0.003	0	0.003	0.003	60	0	60	60	
0.4	5.4	41	339	9	3	1	60	1	60	0.003	0	0.003	0.003	60	0	60	60	
0.4	5.4	48	341	12	3	460	2171707	460	2171707	0.003	0	0.003	0.003	4721.1	2278.7	45	9422	
0.4	5.4	13	342	4	3	3	180	3	180	0.003	0	0.003	0.003	60	0	60	60	
0.4	5.4	39	343	16	3	2	120	2	120	0.0065	0.00494975	0.003	0.01	60	0	60	60	
0.4	5.4	48	344	4	3	91	410837	91	410837	0.003	0	0.003	0.003	4514.69	3412.08	45	9422	
0.4	5.4	11	345	9	3	3	712	3	712	0.00533333	0.00404145	0.003	0.01	237.333	307.15	60	592	
0.4	5.4	25	347	2	3	62	341477	62	341477	0.003	0	0.003	0.003	5507.69	3387.66	45	9422	
0.4	5.4	8	348	10	3	3	180	3	180	0.003	0	0.003	0.003	60	0	60	60	
0.4	5.4	23	349	2	3	3	180	3	180	0.003	0	0.003	0.003	60	0	60	60	
0.4	5.4	28	350	3	3	165	270569	163	269385	0.003	0	0.003	0.003	1652.67	919.675	60	4380	
0.4	5.4	55	352	7	3	3	180	3	180	0.003	0	0.003	0.003	60	0	60	60	
0.4	5.4	37	353	27	3	2	120	2	120	0.0065	0.00494975	0.003	0.01	60	0	60	60	
0.4	5.4	34	354	8	3	1	60	1	60	0.003	0	0.003	0.003	60	0	60	60	
0.4	5.4	52	355	10	3	1	60	1	60	0.003	0	0.003	0.003	60	0	60	60	
0.4	5.4	3	356	4	3	5	300	5	300	0.0044	0.0031305	0.003	0.01	60	0	60	60	
0.4	5.4	35	357	1	3	161	419211	161	419211	0.00343478	0.00169478	0.003	0.01	2603.8	1528.7	60	9422	
0.4	5.4	48	358	7	3	1	60	1	60	0.01	0	0.01	0.01	60	0	60	60	
0.4	5.4	52	359	12	3	2	120	2	120	0.003	0	0.003	0.003	60	0	60	60	
0.4	5.4	11	360	6	3	108	221431	106	216106	0.00425472	0.00269766	0.003	0.01	2038.74	907.294	60	4733	
0.4	5.4	14	361	3	3	6	360	6	360	0.00766667	0.00361478	0.003	0.01	60	0	60	60	
0.4	5.4	38	362	6	3	2	120	2	120	0.0065	0.00494975	0.003	0.01	60	0	60	60	
0.4	5.4	11	363	3	3	3	180	3	180	0.00766667	0.00404145	0.003	0.01	60	0	60	60	
0.4	5.4	44	368	7	3	1	60	1	60	0.01	0	0.01	0.01	60	0	60	60	
0.4	5.4	44	369	3	3	1	60	1	60	0.01	0	0.01	0.01	60	0	60	60	
0.4	5.4	22	370	7	3	2	120	2	120	0.003	0	0.003	0.003	60	0	60	60	
0.4	5.4	49	371	2	3	3	180	3	180	0.01	0	0.01	0.01	60	0	60	60	
0.4	5.4	52	372	35	3	4	240	4	240	0.003	0	0.003	0.003	60	0	60	60	
0.4	5.4	43	373	1	3	40	161635	40	161635	0.003	0	0.003	0.003	4040.87	3072.95	45	9422	
0.4	5.4	39	374	5	3	3	180	3	180	0.003	0	0.003	0.003	60	0	60	60	
0.4	5.4	14	375	9	3	2	120	2	120	0.0065	0.00494975	0.003	0.01	60	0	60	60	
0.4	5.4	13	376	7	3	1	60	1	60	0.003	0	0.003	0.003	60	0	60	60	
0.4	5.4	52	377	19	3	3	180	3	180	0.003	0	0.003	0.003	60	0	60	60	
0.4	5.4	35	378	7	3	139	284807	139	284807	0.003	0	0.003	0.003	2048.97	1664.7	60	9422	
0.4	5.4	29	379	8	3	393	949247	393	949247	0.00456743	0.0029218	0.003	0.01	2415.39	1399.55	60	7099	
0.4	5.4	53	382	6	3	5	300	5	300	0.0058	0.00383406	0.003	0.01	60	0	60	60	
0.4	5.4	2	383	6	3	2	120	2	120	0.003	0	0.003	0.003	60	0	60	60	
0.4	5.4	14	386	7	3	1	60	1	60	0.003	0	0.003	0.003	60	0	60	60	
0.4	5.4	52	387	31	3	6	360	6	360	0.003	0	0.003	0.003	60	0	60	60	
0.4	5.4	32	388	4	3	1	60	1	60	0.003	0	0.003	0.003	60	0	60	60	
0.4	5.4	6	391	12	3	300	742285	300	742285	0.00307	0.000697655	0.003	0.01	2474.28	1154.65	60	9422	
0.4	5.4	6	392	27	3	1	60	1	60	0.01	0	0.01	0.01	60	0	60	60	
0.4	5.4	23	394	14	3	12	32066	12	32066	0.003	0	0.003	0.003	2672.17	1986.63	60	5324	
0.4	5.4	7	395	9	3	2	120	2	120	0.01	0	0.01	0.01	60	0	60	60	
0.4	5.4	55	396	1	3	1	60	1	60	0.003	0	0.003	0.003	60	0	60	60	
0.4	5.4	52	397	1	3	6	360	6	360	0.003	0	0.003	0.003	60	0	60	60	
0.4	5.4	38	398	10	3	447	603219	445	600851	0.00452584	0.00289336	0.003	0.01	1350.23	1095.58	60	9422	
0.4	5.4	41	399	17	3	2	120	2	120	0.003	0	0.003	0.003	60	0	60	60	
0.4	5.4	55	403	25	3	20	32067	20	32067	0.0037	0.00215455	0.003	0.01	1603.35	457.186	60	1775	
0.4	5.4	17	404	2	3	2	120	2	120	0.003	0	0.003	0.003	60	0	60	60	
0.4	5.4	7	405	2	3	162	432630	162	432630	0.00364815	0.00203532	0.003	0.01	2670.56	1548.24	45	9422	
0.4	5.4	2	406	13	3	128	299517	128	299517	0.00447656	0.00286704	0.003	0.01	2339.98	2353.72	60	9422	
0.4	5.4	20	408	5	3	123	211972	123	211972	0.00800813	0.00317133	0.003	0.01	1723.35	1198.83	60	5861	
0.4	5.4	34	409	1	3	2	120	2	120	0.0065	0.00494975	0.003	0.01	60	0	60	60	
0.4	5.4	30	410	7	3	1	60	1	60	0.01	0	0.01	0.01	60	0	60	60	
0.4	5.4	55	411	10	3	565	955917	564	954733	0.00403014	0.00248208	0.003	0.01	1692.79	1867.62	60	9422	
0.4	5.4	46	413	6	3	1	60	1	60	0.003	0	0.003	0.003	60	0	60	60	
0.4	5.4	24	415	14	3	2	120	2	120	0.01	0	0.01	0.01	60	0	60	60	
0.4	5.4	37	416	26	3	2	120	2	120	0.003	0	0.003	0.003	60	0	60	60	
0.4	5.4	30	418	6	3	1	60	1	60	0.003	0	0.003	0.003	60	0	60	60	
0.4	5.4	8	422	2	3	2	120	2	120	0.003	0	0.003	0.003	60	0	60	60	
0.4	5.4	47	425	6	3	4	240	4	240	0.0065	0.00404145	0.003	0.01	60	0	60	60	
0.4	5.4	34	426	9	3	1	60	1	60	0.003	0	0.003	0.003	60	0	60	60	
0.4	5.4	21	427	8	3	215	270580	215	270580	0.00342325	0.00167232	0.003	0.01	1258.51	822.763	60	4395	
0.4	5.4	12	428	4	3	1	60	1	60	0.003	0	0.003	0.003	60	0	60	60	
0.4	5.4	37	430	5	3	2	120	2	120	0.003	0	0.003	0.003	60	0	60	60	
0.4	5.4	55	431	24	3	4	240	4	240	0.003	0	0.003	0.003	60	0	60	60	
0.4	5.4	10	432	5	3	259	1182072	259	1182072	0.00348649	0.00178354	0.003	0.01	4563.98	2690.01	45	9422	
0.4	5.4	37	433	12	3	1	60	1	60	0.01	0	0.01	0.01	60	0	60	60	
0.4	5.4	10	434	8	3	1	60	1	60	0.01	0	0.01	0.01	60	0	60	60	
0.4	5.4	37	435	23	3	5	300	5	300	0.003	0	0.003	0.003	60	0	60	60	
0.4	5.4	32	436	6	3	204	1063501	204	1063501	0.003	0	0.003	0.003	5213.24	3353.26	45	9422	
0.4	5.4	41	439	4	3	2	120	2	120	0.003	0	0.003	0.003	60	0	60	60	
0.4	5.4	43	440	8	3	2	652	2	652	0.0065	0.00494975	0.003	0.01	326	376.181	60	592	
0.4	5.4	28	442	4	3	242	669449	242	669449	0.003	0	0.003	0.003	2766.32	2323.34	60	9422	
0.4	5.4	25	444	4	3	2	120	2	120	0.003	0	0.003	0.003	60	0	60	60	
0.4	5.4	19	445	1	3	86	307800	86	307800	0.003	0	0.003	0.003	3579.07	2636.11	60	9422	
0.4	5.4	51	447	6	3	1	60	1	60	0.003	0	0.003	0.003	60	0	60	60	
0.4	5.4	52	450	34	3	2	120	2	120	0.003	0	0.003	0.003	60	0	60	60	
0.4	5.4	9	451	6	3	3	180	3	180	0.00533333	0.00404145	0.003	0.01	60	0	60	60	
0.4	5.4	16	452	6	3	2	120	2	120	0.003	0	0.003	0.003	60	0	60	60	
0.4	5.4	51	454	8	3	2	120	2	120	0.0065	0.00494975	0.003	0.01	60	0	60	60	
0.4	5.4	45	457	10	3	1	60	1	60	0.01	0	0.01	0.01	60	0	60	60	
0.4	5.4	21	459	3	3	4	772	4	772	0.00475	0.0035	0.003	0.01	193	266	60	592	
0.4	5.4	23	460	6	3	3	180	3	180	0.00533333	0.00404145	0.003	0.01	60	0	60	60	
0.4	5.4	13	461	11	3	1088	2199781	1088	2199781	0.00307077	0.000700605	0.003	0.01	2021.86	1575.56	60	9422	
0.4	5.4	52	462	22	3	1	60	1	60	0.003	0	0.003	0.003	60	0	60	60	
0.4	5.4	42	464	3	3	1	60	1	60	0.01	0	0.01	0.01	60	0	60	60	
0.4	5.4	39	465	11	3	2	120	2	120	0.003	0	0.003	0.003	60	0	60	60	
0.4	5.4	41	466	6	3	2	120	2	120	0.003	0	0.003	0.003	60	0	60	60	
0.4	5.4	12	467	3	3	1	60	1	60	0.003	0	0.003	0.003	60	0	60	60	
0.4	5.4	10	468	6	3	196	1027298	196	1027298	0.003	0	0.003	0.003	5241.32	3320.32	45	9422	
0.4	5.4	21	469	11	3	4	240	4	240	0.003	0	0.003	0.003	60	0	60	60	
0.4	5.4	49	470	3	3	2	120	2	120	0.01	0	0.01	0.01	60	0	60	60	
0.4	5.4	38	472	2	3	1	60	1	60	0.003	0	0.003	0.003	60	0	60	60	
0.4	5.4	55	477	12	3	2	120	2	120	0.003	0	0.003	0.003	60	0	60	60	
0.4	5.4	41	479	11	3	9	540	9	540	0.003	0	0.003	0.003	60	0	60	60	
0.4	5.4	37	480	8	3	1	60	1	60	0.003	0	0.003	0.003	60	0	60	60	
0.4	5.4	2	482	10	3	79	304340	79	304340	0.003	0	0.003	0.003	3852.41	2735.36	45	9422	
0.4	5.4	23	483	3	3	99	368832	99	368832	0.00335353	0.00154069	0.003	0.01	3725.58	2537.64	60	9422	
0.4	5.4	54	484	6	3	3	180	3	180	0.00766667	0.00404145	0.003	0.01	60	0	60	60	
0.4	5.4	16	485	3	3	1	60	1	60	0.003	0	0.003	0.003	60	0	60	60	
0.4	5.4	26	486	2	3	102	459950	102	459950	0.00313725	0.000975332	0.003	0.01	4509.31	3532.38	45	9422	
0.4	5.4	37	487	14	3	1	60	1	60	0.01	0	0.01	0.01	60	0	60	60	
0.4	5.4	55	492	31	3	2	120	2	120	0.003	0	0.003	0.003	60	0	60	60	
0.4	5.4	52	493	8	3	2	120	2	120	0.003	0	0.003	0.003	60	0	60	60	
0.4	5.4	6	494	4	3	2	120	2	120	0.003	0	0.003	0.003	60	0	60	60	
0.4	5.4	35	495	2	3	4	240	4	240	0.003	0	0.003	0.003	60	0	60	60	
0.4	5.4	24	496	20	3	2	120	2	120	0.003	0	0.003	0.003	60	0	60	60	
0.4	5.4	28	498	16	3	108	203709	108	203709	0.003	0	0.003	0.003	1886.19	1489	60	8374	
0.4	5.4	6	499	21	3	630	1923489	630	1923489	0.003	0	0.003	0.003	3053.16	1238.94	60	9422	
0.4	5.4	15	501	12	3	43	150634	43	150634	0.003	0	0.003	0.003	3503.12	2945.74	45	9422	
0.4	5.4	52	502	37	3	4	240	4	240	0.003	0	0.003	0.003	60	0	60	60	
0.4	5.4	7	503	7	3	1	60	1	60	0.003	0	0.003	0.003	60	0	60	60	
0.4	5.4	3	504	11	3	2	120	2	120	0.01	0	0.01	0.01	60	0	60	60	
0.4	5.4	12	506	8	3	2	120	2	120	0.003	0	0.003	0.003	60	0	60	60	
0.4	5.4	40	508	1	3	295	1155897	295	1155897	0.00665424	0.00350254	0.003	0.01	3918.29	2553.96	60	9422	
0.4	5.4	17	509	7	3	1	60	1	60	0.01	0	0.01	0.01	60	0	60	60	
0.4	5.4	36	510	3	3	1	60	1	60	0.01	0	0.01	0.01	60	0	60	60	
0.4	5.4	12	511	2	3	1	60	1	60	0.003	0	0.003	0.003	60	0	60	60	
0.4	5.4	54	512	5	3	92	461693	91	452271	0.00315385	0.00103197	0.003	0.01	4970.01	3165.45	45	9422	
0.4	5.4	17	514	5	3	1	60	1	60	0.003	0	0.003	0.003	60	0	60	60	
0.4	5.4	38	515	1	3	219	869237	219	869237	0.00338356	0.0015967	0.003	0.01	3969.12	2566.93	45	9422	
0.4	5.4	39	516	27	3	1	60	1	60	0.01	0	0.01	0.01	60	0	60	60	
0.4	5.4	17	520	10	3	2	120	2	120	0.003	0	0.003	0.003	60	0	60	60	
0.4	5.4	14	521	8	3	2	120	2	120	0.0065	0.00494975	0.003	0.01	60	0	60	60	
0.4	5.4	13	522	6	3	2	120	2	120	0.0065	0.00494975	0.003	0.01	60	0	60	60	
0.4	5.4	41	524	10	3	2	120	2	120	0.003	0	0.003	0.003	60	0	60	60	
0.4	5.4	32	525	8	3	2	120	2	120	0.0065	0.00494975	0.003	0.01	60	0	60	60	
0.4	5.4	53	527	4	3	1	60	1	60	0.003	0	0.003	0.003	60	0	60	60	
0.4	5.4	10	528	2	3	3	180	3	180	0.00533333	0.00404145	0.003	0.01	60	0	60	60	
0.4	5.4	4	529	5	3	14	32069	14	32069	0.0045	0.00298071	0.003	0.01	2290.64	1255.26	60	3550	
0.4	5.4	12	530	9	3	82	258097	82	258097	0.00308536	0.000773021	0.003	0.01	3147.52	2785.42	45	9422	
0.4	5.4	2	531	18	3	1	60	1	60	0.003	0	0.003	0.003	60	0	60	60	
0.4	5.4	13	533	8	3	3	180	3	180	0.00533333	0.00404145	0.003	0.01	60	0	60	60	
0.4	5.4	6	535	20	3	10	14317	10	14317	0.0058	0.00361478	0.003	0.01	1431.7	613.015	60	1775	
0.4	5.4	21	536	18	3	2	120	2	120	0.003	0	0.003	0.003	60	0	60	60	
0.4	5.4	20	539	4	3	437	893253	437	893253	0.00705263	0.00346006	0.003	0.01	2044.06	1605.91	60	9422	
0.4	5.4	41	540	19	3	2	120	2	120	0.003	0	0.003	0.003	60	0	60	60	
0.4	5.4	6	544	28	3	362	646680	361	641964	0.00344598	0.00171205	0.003	0.01	1778.29	1273.51	60	7774	
0.4	5.4	39	545	2	3	6	360	6	360	0.003	0	0.003	0.003	60	0	60	60	
0.4	5.4	47	547	5	3	98	440526	98	440526	0.003	0	0.003	0.003	4495.16	3447.69	45	9422	
0.4	5.4	52	548	7	3	269	629694	269	629694	0.00302602	0.000426798	0.003	0.01	2340.87	1470.88	60	9422	
0.4	5.4	41	549	12	3	1	60	1	60	0.003	0	0.003	0.003	60	0	60	60	
0.4	5.4	21	550	12	3	1	60	1	60	0.003	0	0.003	0.003	60	0	60	60	
0.4	5.4	1	551	17	3	4	240	4	240	0.0065	0.00404145	0.003	0.01	60	0	60	60	
0.4	5.4	53	552	8	3	2	120	2	120	0.0065	0.00494975	0.003	0.01	60	0	60	60	
0.4	5.4	2	554	17	3	1	60	1	60	0.003	0	0.003	0.003	60	0	60	60	
0.4	5.4	55	555	19	3	261	389461	261	389461	0.00477011	0.00304846	0.003	0.01	1492.19	709.602	60	9422	
0.4	5.4	55	556	2	3	2	120	2	120	0.0065	0.00494975	0.003	0.01	60	0	60	60	
0.4	5.4	38	558	9	3	4	240	4	240	0.00475	0.0035	0.003	0.01	60	0	60	60	
0.4	5.4	37	560	21	3	2	120	2	120	0.003	0	0.003	0.003	60	0	60	60	
0.4	5.4	20	561	3	3	1	60	1	60	0.003	0	0.003	0.003	60	0	60	60	
0.4	5.4	39	563	28	3	1	60	1	60	0.003	0	0.003	0.003	60	0	60	60	
0.4	5.4	21	565	1	3	29	58229	29	58229	0.00372414	0.00216954	0.003	0.01	2007.9	1354.18	60	4395	
0.4	5.4	37	567	2	3	1	60	1	60	0.003	0	0.003	0.003	60	0	60	60	
0.4	5.4	15	568	3	3	3	180	3	180	0.00766667	0.00404145	0.003	0.01	60	0	60	60	
0.4	5.4	52	569	26	3	2	120	2	120	0.003	0	0.003	0.003	60	0	60	60	
0.4	5.4	43	570	11	3	1	60	1	60	0.003	0	0.003	0.003	60	0	60	60	
0.4	5.4	57	572	3	3	93	120844	93	120844	0.00443011	0.00283763	0.003	0.01	1299.4	1223.71	60	9422	
0.4	5.4	53	573	11	3	2	120	2	120	0.0065	0.00494975	0.003	0.01	60	0	60	60	
0.4	5.4	28	575	13	3	213	697871	213	697871	0.003	0	0.003	0.003	3276.39	1962.01	33	9422	
0.4	5.4	12	576	12	3	2	120	2	120	0.003	0	0.003	0.003	60	0	60	60	
0.4	5.4	32	577	5	3	182	884605	181	878689	0.003	0	0.003	0.003	4854.64	2887.86	45	9422	
0.4	5.4	6	578	10	3	102	113758	99	111982	0.00469697	0.00301511	0.003	0.01	1131.13	560.089	60	2014	
0.4	5.4	32	579	9	3	270	767754	270	767754	0.0037	0.0021039	0.003	0.01	2843.53	1388.2	60	9422	
0.4	5.4	3	580	6	3	1	60	1	60	0.003	0	0.003	0.003	60	0	60	60	
0.4	5.4	39	582	3	3	48	73138	48	73138	0.00752083	0.00338325	0.003	0.01	1523.71	1003.11	60	4395	
0.4	5.4	53	583	12	3	2	120	2	120	0.0065	0.00494975	0.003	0.01	60	0	60	60	
0.4	5.4	34	584	4	3	2	120	2	120	0.0065	0.00494975	0.003	0.01	60	0	60	60	
0.4	5.4	17	585	3	3	2	120	2	120	0.003	0	0.003	0.003	60	0	60	60	
0.4	5.4	11	586	5	3	1	60	1	60	0.003	0	0.003	0.003	60	0	60	60	
0.4	5.4	15	589	9	3	155	775144	155	775144	0.003	0	0.003	0.003	5000.93	3094.4	45	9422	
0.4	5.4	13	591	12	3	2	120	2	120	0.003	0	0.003	0.003	60	0	60	60	
0.4	5.4	52	592	15	3	4	240	4	240	0.003	0	0.003	0.003	60	0	60	60	
0.4	5.4	15	594	6	3	46	210731	45	204815	0.003	0	0.003	0.003	4551.44	3122.21	45	9422	
0.4	5.4	28	595	11	3	48	55753	48	55753	0.00445833	0.0028729	0.003	0.01	1161.52	569.613	60	1775	
0.4	5.4	34	596	5	3	1	60	1	60	0.003	0	0.003	0.003	60	0	60	60	
0.4	5.4	41	597	26	3	4	240	4	240	0.003	0	0.003	0.003	60	0	60	60	
0.4	5.4	52	600	13	3	183	320801	183	320801	0.00567759	0.00341134	0.003	0.01	1753.01	162.762	60	1775	
0.4	5.4	55	601	20	3	1	60	1	60	0.003	0	0.003	0.003	60	0	60	60	
0.4	5.4	14	602	2	3	3	180	3	180	0.00766667	0.00404145	0.003	0.01	60	0	60	60	
0.4	5.4	39	603	24	3	2	120	2	120	0.0065	0.00494975	0.003	0.01	60	0	60	60	
0.4	5.4	6	604	7	3	2	120	2	120	0.01	0	0.01	0.01	60	0	60	60	
0.4	5.4	5	606	43	3	2	120	2	120	0.0065	0.00494975	0.003	0.01	60	0	60	60	
0.4	5.4	23	607	1	3	3	180	3	180	0.00766667	0.00404145	0.003	0.01	60	0	60	60	
0.4	5.4	44	608	4	3	4	240	4	240	0.0065	0.00404145	0.003	0.01	60	0	60	60	
0.4	5.4	18	609	4	3	3	180	3	180	0.00533333	0.00404145	0.003	0.01	60	0	60	60	
0.4	5.4	45	611	2	3	3	180	3	180	0.00766667	0.00404145	0.003	0.01	60	0	60	60	
0.4	5.4	42	614	6	3	262	1442824	262	1442824	0.003	0	0.003	0.003	5506.96	3471.81	45	9422	
0.4	5.4	37	616	24	3	2	120	2	120	0.0065	0.00494975	0.003	0.01	60	0	60	60	
0.4	5.4	45	617	12	3	3	180	3	180	0.003	0	0.003	0.003	60	0	60	60	
0.4	5.4	55	618	11	3	1	60	1	60	0.003	0	0.003	0.003	60	0	60	60	
0.4	5.4	53	620	1	3	2	120	2	120	0.0065	0.00494975	0.003	0.01	60	0	60	60	
0.4	5.4	48	621	6	3	1	60	1	60	0.003	0	0.003	0.003	60	0	60	60	
0.4	5.4	28	622	6	3	49	85928	49	85928	0.003	0	0.003	0.003	1753.63	891.399	60	3550	
0.4	5.4	55	623	3	3	1	60	1	60	0.003	0	0.003	0.003	60	0	60	60	
0.4	5.4	45	625	9	3	3	180	3	180	0.003	0	0.003	0.003	60	0	60	60	
0.4	5.4	7	626	3	3	4	240	4	240	0.00475	0.0035	0.003	0.01	60	0	60	60	
0.4	5.4	10	628	1	3	1	60	1	60	0.003	0	0.003	0.003	60	0	60	60	
0.4	5.4	28	630	1	3	2	120	2	120	0.003	0	0.003	0.003	60	0	60	60	
0.4	5.4	5	631	34	3	1	60	1	60	0.01	0	0.01	0.01	60	0	60	60	
0.4	5.4	44	632	6	3	108	579423	108	579423	0.003	0	0.003	0.003	5365.03	3381.67	45	9422	
0.4	5.4	23	633	4	3	2	120	2	120	0.0065	0.00494975	0.003	0.01	60	0	60	60	
0.4	5.4	28	634	15	3	4	240	4	240	0.00475	0.0035	0.003	0.01	60	0	60	60	
0.4	5.4	4	635	8	3	4	240	4	240	0.0065	0.00404145	0.003	0.01	60	0	60	60	
0.4	5.4	39	636	26	3	2	120	2	120	0.003	0	0.003	0.003	60	0	60	60	
0.4	5.4	9	637	7	3	2	120	2	120	0.003	0	0.003	0.003	60	0	60	60	
0.4	5.4	17	638	9	3	2	120	2	120	0.0065	0.00494975	0.003	0.01	60	0	60	60	
0.4	5.4	52	639	16	3	2	120	2	120	0.003	0	0.003	0.003	60	0	60	60	
0.4	5.4	34	641	14	3	2	120	2	120	0.0065	0.00494975	0.003	0.01	60	0	60	60	
0.4	5.4	21	642	4	3	227	344098	227	344098	0.00448018	0.00286469	0.003	0.01	1515.85	860.656	60	5861	
0.4	5.4	13	643	9	3	3	180	3	180	0.003	0	0.003	0.003	60	0	60	60	
0.4	5.4	13	644	5	3	146	471085	145	470493	0.00314483	0.000999856	0.003	0.01	3244.78	1651.97	45	9422	
0.4	5.4	46	645	1	3	169	936772	169	936772	0.003	0	0.003	0.003	5543.03	3536.11	45	9422	
0.4	5.4	1	646	7	3	72	87719	72	87719	0.00543055	0.003356	0.003	0.01	1218.32	337.958	60	1775	
0.4	5.4	2	647	15	3	2	120	2	120	0.003	0	0.003	0.003	60	0	60	60	
0.4	5.4	52	649	24	3	1	60	1	60	0.003	0	0.003	0.003	60	0	60	60	
0.4	5.4	57	650	7	3	3	180	3	180	0.00533333	0.00404145	0.003	0.01	60	0	60	60	
0.4	5.4	30	651	11	3	2	120	2	120	0.0065	0.00494975	0.003	0.01	60	0	60	60	
0.4	5.4	48	652	10	3	2	120	2	120	0.0065	0.00494975	0.003	0.01	60	0	60	60	
0.4	5.4	42	653	5	3	2	120	2	120	0.0065	0.00494975	0.003	0.01	60	0	60	60	
0.4	5.4	2	657	11	3	5	300	5	300	0.0058	0.00383406	0.003	0.01	60	0	60	60	
0.4	5.4	55	658	32	3	1	60	1	60	0.003	0	0.003	0.003	60	0	60	60	
0.4	5.4	41	659	25	3	2	120	2	120	0.003	0	0.003	0.003	60	0	60	60	
0.4	5.4	41	660	3	3	2	120	2	120	0.003	0	0.003	0.003	60	0	60	60	
0.4	5.4	1	661	21	3	330	511954	330	511954	0.00565151	0.00340075	0.003	0.01	1551.38	638.776	60	9422	
0.4	5.4	6	662	22	3	2	120	2	120	0.003	0	0.003	0.003	60	0	60	60	
0.4	5.4	5	663	16	3	1	60	1	60	0.003	0	0.003	0.003	60	0	60	60	
0.4	5.4	24	664	17	3	2	120	2	120	0.0065	0.00494975	0.003	0.01	60	0	60	60	
0.4	5.4	1	666	24	3	2	120	2	120	0.01	0	0.01	0.01	60	0	60	60	
0.4	5.4	24	667	12	3	1	60	1	60	0.003	0	0.003	0.003	60	0	60	60	
0.4	5.4	24	670	13	3	1	60	1	60	0.01	0	0.01	0.01	60	0	60	60	
0.4	5.4	24	671	7	3	148	317439	148	317439	0.003	0	0.003	0.003	2144.86	1197.28	60	9422	
0.4	5.4	1	672	13	3	483	774188	483	774188	0.00430435	0.00272847	0.003	0.01	1602.87	671.115	60	7708	
0.4	5.4	6	673	9	3	1	60	1	60	0.003	0	0.003	0.003	60	0	60	60	
0.4	5.4	5	674	3	3	3	180	3	180	0.00533333	0.00404145	0.003	0.01	60	0	60	60	
0.4	5.4	6	675	23	3	2	120	2	120	0.0065	0.00494975	0.003	0.01	60	0	60	60	
0.4	5.4	5	676	35	3	1006	1369913	1006	1369913	0.00543539	0.00333582	0.003	0.01	1361.74	376.381	60	4107	
0.4	5.4	5	677	28	3	1	60	1	60	0.003	0	0.003	0.003	60	0	60	60	
0.4	5.4	5	678	44	3	87	150401	86	148626	0.00381395	0.00225708	0.003	0.01	1728.21	235.687	60	1775	
0.4	5.4	24	679	11	3	3	180	3	180	0.00533333	0.00404145	0.003	0.01	60	0	60	60	
0.4	5.4	5	680	2	3	2	652	2	652	0.0065	0.00494975	0.003	0.01	326	376.181	60	592	
0.4	5.4	5	682	14	3	4	240	4	240	0.00475	0.0035	0.003	0.01	60	0	60	60	
0.4	5.4	5	684	5	3	1	60	1	60	0.003	0	0.003	0.003	60	0	60	60	
0.4	5.4	5	685	9	3	1	60	1	60	0.003	0	0.003	0.003	60	0	60	60	
0.4	5.4	5	686	38	3	3	180	3	180	0.00533333	0.00404145	0.003	0.01	60	0	60	60	
0.4	5.4	5	688	15	3	1	60	1	60	0.003	0	0.003	0.003	60	0	60	60	
0.4	5.4	24	689	8	3	3	1892	3	1892	0.00533333	0.00404145	0.003	0.01	630.667	562.2	60	1184	
0.4	5.4	6	691	30	3	1	60	1	60	0.003	0	0.003	0.003	60	0	60	60	
0.4	5.4	1	692	15	3	1	60	1	60	0.01	0	0.01	0.01	60	0	60	60	
0.4	5.4	5	693	10	3	2	120	2	120	0.0065	0.00494975	0.003	0.01	60	0	60	60	
0.4	5.4	6	696	15	3	1	60	1	60	0.003	0	0.003	0.003	60	0	60	60	
0.4	5.4	43	697	12	3	224	473161	224	473161	0.00646875	0.0035077	0.003	0.01	2112.33	1302.42	60	9422	
0.4	5.4	5	698	4	3	790	1282729	790	1282729	0.00316835	0.00107312	0.003	0.01	1623.71	547.006	60	9422	
0.4	5.4	1	700	23	3	2	120	2	120	0.01	0	0.01	0.01	60	0	60	60	
0.4	5.4	24	701	2	3	249	332087	249	332087	0.00519277	0.00325325	0.003	0.01	1333.68	576.683	60	2124	
0.4	5.4	1	702	11	3	3	180	3	180	0.01	0	0.01	0.01	60	0	60	60	
0.4	5.4	6	704	13	3	1	60	1	60	0.01	0	0.01	0.01	60	0	60	60	
0.4	5.4	6	705	8	3	2	120	2	120	0.0065	0.00494975	0.003	0.01	60	0	60	60	
0.4	5.4	5	707	48	3	2	120	2	120	0.003	0	0.003	0.003	60	0	60	60	
0.4	5.4	24	708	10	3	145	361634	145	361634	0.00348276	0.00177992	0.003	0.01	2494.03	2790.18	60	9422	
0.4	5.4	24	710	1	3	303	326221	303	326221	0.00521782	0.00326208	0.003	0.01	1076.64	934.18	60	9422	
0.4	5.4	24	711	16	3	3	180	3	180	0.00533333	0.00404145	0.003	0.01	60	0	60	60	
0.4	5.4	1	712	10	3	927	1753686	925	1751318	0.00474054	0.00302724	0.003	0.01	1893.32	1055.99	60	9422	
0.4	5.4	24	713	21	3	3	180	3	180	0.00533333	0.00404145	0.003	0.01	60	0	60	60	
0.4	5.4	1	714	26	3	2	120	2	120	0.003	0	0.003	0.003	60	0	60	60	
0.4	5.4	5	715	39	3	141	476006	141	476006	0.003	0	0.003	0.003	3375.93	2311.25	44	9422	
0.4	5.4	1	717	5	3	3	180	3	180	0.00533333	0.00404145	0.003	0.01	60	0	60	60	
0.4	5.4	5	719	8	3	464	718086	463	717494	0.0044514	0.0028409	0.003	0.01	1549.66	493.321	60	3550	
0.4	5.4	5	721	12	3	4	240	4	240	0.0065	0.00404145	0.003	0.01	60	0	60	60	
0.4	5.4	1	722	25	3	3	180	3	180	0.00766667	0.00404145	0.003	0.01	60	0	60	60	
0.4	5.4	5	723	6	3	1	60	1	60	0.003	0	0.003	0.003	60	0	60	60	
0.4	5.4	1	725	14	3	3	180	3	180	0.00766667	0.00404145	0.003	0.01	60	0	60	60	
0.4	5.4	43	727	10	3	135	655642	135	655642	0.00533333	0.00331212	0.003	0.01	4856.61	3324.43	45	9422	
0.4	5.4	1	728	9	3	4	240	3	180	0.00766667	0.00404145	0.003	0.01	60	0	60	60	
0.4	5.4	6	730	24	3	2	120	2	120	0.0065	0.00494975	0.003	0.01	60	0	60	60	
0.4	5.4	6	731	26	3	715	922481	714	921889	0.00637255	0.00350013	0.003	0.01	1291.16	675.55	60	4904	
0.4	5.4	5	734	26	3	2	120	2	120	0.003	0	0.003	0.003	60	0	60	60	
0.4	5.4	24	735	15	3	355	398574	354	397982	0.00535311	0.00331144	0.003	0.01	1124.24	881.133	43	9422	
0.4	5.4	24	737	9	3	432	549035	430	546674	0.00593023	0.00365018	0.003	0.017	1271.33	998.348	60	9013	
0.4	5.4	5	739	33	3	305	493727	305	493727	0.0059377	0.00346021	0.003	0.01	1618.78	324.804	60	1775	
0.4	5.4	5	742	11	3	2	120	2	120	0.0065	0.00494975	0.003	0.01	60	0	60	60	
0.4	5.4	5	743	31	3	1	60	1	60	0.003	0	0.003	0.003	60	0	60	60	
0.4	5.4	5	744	37	3	2	120	2	120	0.0065	0.00494975	0.003	0.01	60	0	60	60	
0.4	5.4	1	746	1	3	1	60	1	60	0.01	0	0.01	0.01	60	0	60	60	
