% start	end	CellId	IMSI	RNTI	LCID	nTxPDUs	TxBytes	nRxPDUs	RxBytes	delay	stdDev	min	max	PduSize	stdDev	min	max
0.4	5.4	51	1	9	3	2	120	2	120	0.01	0	0.01	0.01	60	0	60	60	
0.4	5.4	37	2	34	3	1	60	1	60	0.003	0	0.003	0.003	60	0	60	60	
0.4	5.4	51	3	8	3	5	300	5	300	0.0072	0.00383406	0.003	0.01	60	0	60	60	
0.4	5.4	9	8	9	3	2	120	2	120	0.003	0	0.003	0.003	60	0	60	60	
0.4	5.4	26	12	13	3	517	823923	514	820371	0.00556031	0.00337478	0.003	0.01	1596.05	594.008	60	4028	
0.4	5.4	48	13	9	3	1	60	1	60	0.003	0	0.003	0.003	60	0	60	60	
0.4	5.4	21	17	8	3	2	120	2	120	0.003	0	0.003	0.003	60	0	60	60	
0.4	5.4	26	19	8	3	139	228534	139	228534	0.00501439	0.00318052	0.003	0.01	1644.13	1333.62	60	7708	
0.4	5.4	55	20	1	3	1	60	1	60	0.003	0	0.003	0.003	60	0	60	60	
0.4	5.4	3	21	6	3	2	120	2	120	0.003	0	0.003	0.003	60	0	60	60	
0.4	5.4	55	24	9	3	2	120	2	120	0.003	0	0.003	0.003	60	0	60	60	
0.4	5.4	37	25	31	3	38	77625	38	77625	0.003	0	0.003	0.003	2042.76	954.146	60	5324	
0.4	5.4	34	26	24	3	1	60	1	60	0.003	0	0.003	0.003	60	0	60	60	
0.4	5.4	14	27	9	3	73	358041	73	358041	0.003	0	0.003	0.003	4904.67	2922.82	45	9422	
0.4	5.4	7	28	6	3	2	120	2	120	0.0065	0.00494975	0.003	0.01	60	0	60	60	
0.4	5.4	23	29	11	3	72	324339	72	324339	0.003	0	0.003	0.003	4504.71	2871.97	45	9422	
0.4	5.4	39	30	22	3	3	180	3	180	0.003	0	0.003	0.003	60	0	60	60	
0.4	5.4	57	31	6	3	2	120	2	120	0.0065	0.00494975	0.003	0.01	60	0	60	60	
0.4	5.4	41	34	1	3	1	60	1	60	0.003	0	0.003	0.003	60	0	60	60	
0.4	5.4	57	35	4	3	1	60	1	60	0.01	0	0.01	0.01	60	0	60	60	
0.4	5.4	11	37	8	3	4	240	4	240	0.0065	0.00404145	0.003	0.01	60	0	60	60	
0.4	5.4	51	38	2	3	4	240	4	240	0.00825	0.0035	0.003	0.01	60	0	60	60	
0.4	5.4	3	41	5	3	2	120	2	120	0.003	0	0.003	0.003	60	0	60	60	
0.4	5.4	39	42	32	3	4	240	4	240	0.01	0	0.01	0.01	60	0	60	60	
0.4	5.4	37	45	35	3	2	120	2	120	0.003	0	0.003	0.003	60	0	60	60	
0.4	5.4	2	46	10	3	2	120	2	120	0.0065	0.00494975	0.003	0.01	60	0	60	60	
0.4	5.4	37	48	27	3	1	60	1	60	0.003	0	0.003	0.003	60	0	60	60	
0.4	5.4	26	49	15	3	2	120	2	120	0.01	0	0.01	0.01	60	0	60	60	
0.4	5.4	52	51	13	3	1	60	1	60	0.003	0	0.003	0.003	60	0	60	60	
0.4	5.4	42	52	15	3	28	46269	28	46269	0.00675	0.00355512	0.003	0.01	1652.46	413.587	60	2265	
0.4	5.4	23	53	14	3	1	60	1	60	0.003	0	0.003	0.003	60	0	60	60	
0.4	5.4	21	54	18	3	1	60	1	60	0.01	0	0.01	0.01	60	0	60	60	
0.4	5.4	42	55	17	3	241	412013	241	412013	0.00453942	0.00290537	0.003	0.01	1709.6	1113.21	60	9422	
0.4	5.4	9	61	2	3	2	120	2	120	0.003	0	0.003	0.003	60	0	60	60	
0.4	5.4	52	62	17	3	1	60	1	60	0.003	0	0.003	0.003	60	0	60	60	
0.4	5.4	1	63	9	3	2	120	2	120	0.0065	0.00494975	0.003	0.01	60	0	60	60	
0.4	5.4	9	64	3	3	91	458622	91	458622	0.003	0	0.003	0.003	5039.8	3161.23	45	9422	
0.4	5.4	48	65	7	3	84	475180	84	475180	0.003	0	0.003	0.003	5656.9	3292.23	45	9422	
0.4	5.4	55	66	26	3	4	240	4	240	0.003	0	0.003	0.003	60	0	60	60	
0.4	5.4	6	67	3	3	1	60	1	60	0.003	0	0.003	0.003	60	0	60	60	
0.4	5.4	45	68	8	3	129	333821	129	333821	0.0059845	0.00347532	0.003	0.01	2587.76	2131.9	60	9422	
0.4	5.4	4	70	6	3	1	60	1	60	0.01	0	0.01	0.01	60	0	60	60	
0.4	5.4	39	73	9	3	2	120	2	120	0.0065	0.00494975	0.003	0.01	60	0	60	60	
0.4	5.4	43	78	1	3	2	120	2	120	0.0065	0.00494975	0.003	0.01	60	0	60	60	
0.4	5.4	36	80	1	3	1	60	1	60	0.01	0	0.01	0.01	60	0	60	60	
0.4	5.4	11	81	4	3	1	60	1	60	0.003	0	0.003	0.003	60	0	60	60	
0.4	5.4	19	82	6	3	2	120	2	120	0.003	0	0.003	0.003	60	0	60	60	
0.4	5.4	34	83	2	3	3	180	3	180	0.003	0	0.003	0.003	60	0	60	60	
0.4	5.4	53	85	6	3	1	60	1	60	0.01	0	0.01	0.01	60	0	60	60	
0.4	5.4	9	86	8	3	236	869248	236	869248	0.003	0	0.003	0.003	3683.25	1613.01	45	9422	
0.4	5.4	7	88	2	3	4	240	4	240	0.0065	0.00404145	0.003	0.01	60	0	60	60	
0.4	5.4	56	89	5	3	1	60	1	60	0.01	0	0.01	0.01	60	0	60	60	
0.4	5.4	42	91	4	3	37	106619	37	106619	0.003	0	0.003	0.003	2881.59	1316.8	60	5324	
0.4	5.4	22	92	4	3	399	1083686	393	1075400	0.00488804	0.00311066	0.003	0.01	2736.39	1952.28	60	9422	
0.4	5.4	37	93	8	3	2	120	2	120	0.003	0	0.003	0.003	60	0	60	60	
0.4	5.4	40	98	1	3	169	944329	169	944329	0.003	0	0.003	0.003	5587.75	3361.24	45	9422	
0.4	5.4	43	99	6	3	5	300	5	300	0.0044	0.0031305	0.003	0.01	60	0	60	60	
0.4	5.4	37	101	4	3	2	120	2	120	0.003	0	0.003	0.003	60	0	60	60	
0.4	5.4	37	105	28	3	1	60	1	60	0.003	0	0.003	0.003	60	0	60	60	
0.4	5.4	37	106	1	3	399	571263	398	569488	0.00363316	0.00201033	0.003	0.01	1430.87	829.751	60	9422	
0.4	5.4	21	107	23	3	142	248026	141	246251	0.00364539	0.00203236	0.003	0.01	1746.46	185.069	60	1775	
0.4	5.4	21	108	6	3	2	120	2	120	0.003	0	0.003	0.003	60	0	60	60	
0.4	5.4	32	109	4	3	5	300	5	300	0.0058	0.00383406	0.003	0.01	60	0	60	60	
0.4	5.4	21	110	4	3	1	60	1	60	0.003	0	0.003	0.003	60	0	60	60	
0.4	5.4	27	113	1	3	1061	3153669	1061	3153669	0.00427333	0.00270163	0.003	0.01	2972.36	1568.07	56	9422	
0.4	5.4	26	114	11	3	1	60	1	60	0.003	0	0.003	0.003	60	0	60	60	
0.4	5.4	15	115	4	3	1	60	1	60	0.003	0	0.003	0.003	60	0	60	60	
0.4	5.4	30	118	4	3	2	120	2	120	0.01	0	0.01	0.01	60	0	60	60	
0.4	5.4	44	119	7	3	1	60	1	60	0.01	0	0.01	0.01	60	0	60	60	
0.4	5.4	33	120	4	3	140	651594	140	651594	0.003	0	0.003	0.003	4654.24	2802.47	60	9422	
0.4	5.4	41	121	33	3	1	60	1	60	0.003	0	0.003	0.003	60	0	60	60	
0.4	5.4	34	122	11	3	3	180	3	180	0.00533333	0.00404145	0.003	0.01	60	0	60	60	
0.4	5.4	57	125	9	3	330	850499	330	850499	0.00325454	0.00131234	0.003	0.01	2577.27	1616.73	60	9422	
0.4	5.4	23	127	15	3	1142	2325532	1142	2325532	0.00372942	0.0021396	0.003	0.01	2036.37	1352.24	60	9422	
0.4	5.4	33	129	5	3	5	300	5	300	0.0058	0.00383406	0.003	0.01	60	0	60	60	
0.4	5.4	14	131	2	3	1	60	1	60	0.003	0	0.003	0.003	60	0	60	60	
0.4	5.4	34	133	13	3	502	762355	501	761763	0.00388024	0.00232328	0.003	0.01	1520.49	701.314	60	9422	
0.4	5.4	35	134	2	3	2	120	2	120	0.003	0	0.003	0.003	60	0	60	60	
0.4	5.4	14	135	3	3	7	420	7	420	0.005	0.00341565	0.003	0.01	60	0	60	60	
0.4	5.4	50	136	2	3	490	1749621	490	1749621	0.003	0	0.003	0.003	3570.66	1608.91	45	9422	
0.4	5.4	33	138	6	3	2	120	2	120	0.0065	0.00494975	0.003	0.01	60	0	60	60	
0.4	5.4	13	139	9	3	219	861043	219	861043	0.003	0	0.003	0.003	3931.7	1882.98	60	8030	
0.4	5.4	40	140	5	3	1	60	1	60	0.01	0	0.01	0.01	60	0	60	60	
0.4	5.4	53	142	5	3	2	120	2	120	0.003	0	0.003	0.003	60	0	60	60	
0.4	5.4	10	144	1	3	277	1494787	277	1494787	0.003	0	0.003	0.003	5396.34	3483.05	45	9422	
0.4	5.4	20	146	5	3	2	120	2	120	0.0065	0.00494975	0.003	0.01	60	0	60	60	
0.4	5.4	34	151	1	3	1	60	1	60	0.003	0	0.003	0.003	60	0	60	60	
0.4	5.4	55	155	18	3	1	60	1	60	0.003	0	0.003	0.003	60	0	60	60	
0.4	5.4	46	156	4	3	166	589981	166	589981	0.00312651	0.000935312	0.003	0.01	3554.1	1972.53	60	9422	
0.4	5.4	53	157	10	3	1	60	1	60	0.003	0	0.003	0.003	60	0	60	60	
0.4	5.4	47	158	7	3	2	120	2	120	0.003	0	0.003	0.003	60	0	60	60	
0.4	5.4	37	159	6	3	2	120	2	120	0.0065	0.00494975	0.003	0.01	60	0	60	60	
0.4	5.4	15	162	1	3	1	60	1	60	0.01	0	0.01	0.01	60	0	60	60	
0.4	5.4	33	163	7	3	1	60	1	60	0.01	0	0.01	0.01	60	0	60	60	
0.4	5.4	32	164	8	3	1	60	1	60	0.003	0	0.003	0.003	60	0	60	60	
0.4	5.4	4	165	13	3	1	60	1	60	0.003	0	0.003	0.003	60	0	60	60	
0.4	5.4	39	167	12	3	2	120	2	120	0.003	0	0.003	0.003	60	0	60	60	
0.4	5.4	46	168	12	3	1	60	1	60	0.003	0	0.003	0.003	60	0	60	60	
0.4	5.4	17	169	8	3	183	948577	183	948577	0.00319126	0.00114428	0.003	0.01	5183.48	2333.35	60	9422	
0.4	5.4	8	170	2	3	858	1174977	858	1174977	0.00311422	0.000887359	0.003	0.01	1369.44	497.26	60	9422	
0.4	5.4	22	174	6	3	42	169327	42	169327	0.003	0	0.003	0.003	4031.6	2513.68	60	9422	
0.4	5.4	57	177	7	3	3	180	3	180	0.00533333	0.00404145	0.003	0.01	60	0	60	60	
0.4	5.4	7	178	8	3	3	180	3	180	0.00766667	0.00404145	0.003	0.01	60	0	60	60	
0.4	5.4	41	180	16	3	4	240	4	240	0.003	0	0.003	0.003	60	0	60	60	
0.4	5.4	50	181	1	3	2	120	2	120	0.003	0	0.003	0.003	60	0	60	60	
0.4	5.4	28	183	2	3	3	180	3	180	0.003	0	0.003	0.003	60	0	60	60	
0.4	5.4	8	185	4	3	2	120	2	120	0.003	0	0.003	0.003	60	0	60	60	
0.4	5.4	53	186	11	3	109	396510	109	396510	0.00325688	0.0013222	0.003	0.01	3637.71	3124.99	60	9422	
0.4	5.4	47	187	3	3	4	240	4	240	0.00825	0.0035	0.003	0.01	60	0	60	60	
0.4	5.4	21	188	13	3	90	377275	89	372880	0.0031573	0.00104337	0.003	0.01	4189.66	2650.66	45	9422	
0.4	5.4	4	189	9	3	1	60	1	60	0.01	0	0.01	0.01	60	0	60	60	
0.4	5.4	8	190	1	3	2	120	2	120	0.0065	0.00494975	0.003	0.01	60	0	60	60	
0.4	5.4	42	191	1	3	237	856956	236	854589	0.00397881	0.00251709	0.003	0.017	3621.14	1918.32	60	9422	
0.4	5.4	22	193	9	3	88	286487	88	286487	0.00339773	0.00162975	0.003	0.01	3255.53	2120.63	60	9422	
0.4	5.4	48	201	8	3	2	120	2	120	0.0065	0.00494975	0.003	0.01	60	0	60	60	
0.4	5.4	8	202	8	3	2	120	2	120	0.003	0	0.003	0.003	60	0	60	60	
0.4	5.4	42	203	16	3	229	589495	229	589495	0.00556768	0.00350576	0.003	0.017	2574.21	2207.87	45	9422	
0.4	5.4	45	205	2	3	3	180	3	180	0.00533333	0.00404145	0.003	0.01	60	0	60	60	
0.4	5.4	39	207	5	3	1	60	1	60	0.003	0	0.003	0.003	60	0	60	60	
0.4	5.4	23	211	9	3	4	240	4	240	0.003	0	0.003	0.003	60	0	60	60	
0.4	5.4	38	212	4	3	290	1385217	289	1384569	0.00321799	0.00121802	0.003	0.01	4790.9	1917.61	60	9422	
0.4	5.4	41	213	5	3	1	60	1	60	0.003	0	0.003	0.003	60	0	60	60	
0.4	5.4	31	214	8	3	1	60	1	60	0.01	0	0.01	0.01	60	0	60	60	
0.4	5.4	8	215	7	3	260	946311	255	935660	0.00442745	0.00282593	0.003	0.01	3669.25	2135.54	60	9422	
0.4	5.4	16	216	8	3	3	180	3	180	0.00533333	0.00404145	0.003	0.01	60	0	60	60	
0.4	5.4	8	218	9	3	2	120	2	120	0.003	0	0.003	0.003	60	0	60	60	
0.4	5.4	37	221	29	3	2	120	2	120	0.003	0	0.003	0.003	60	0	60	60	
0.4	5.4	13	222	5	3	3	180	3	180	0.00533333	0.00404145	0.003	0.01	60	0	60	60	
0.4	5.4	55	227	20	3	5	300	5	300	0.0058	0.00383406	0.003	0.01	60	0	60	60	
0.4	5.4	32	228	6	3	5	300	5	300	0.0072	0.00383406	0.003	0.01	60	0	60	60	
0.4	5.4	19	231	5	3	1	60	1	60	0.003	0	0.003	0.003	60	0	60	60	
0.4	5.4	57	235	8	3	191	1015428	191	1015428	0.003	0	0.003	0.003	5316.38	1958.26	60	9422	
0.4	5.4	38	237	3	3	111	418992	111	418992	0.003	0	0.003	0.003	3774.7	2312.49	60	9422	
0.4	5.4	34	239	23	3	1	60	1	60	0.003	0	0.003	0.003	60	0	60	60	
0.4	5.4	50	240	3	3	4	240	4	240	0.00475	0.0035	0.003	0.01	60	0	60	60	
0.4	5.4	34	241	9	3	2	120	2	120	0.0065	0.00494975	0.003	0.01	60	0	60	60	
0.4	5.4	1	243	3	3	1013	1974374	1011	1972006	0.00355391	0.00189052	0.003	0.01	1950.55	1057.33	60	9422	
0.4	5.4	52	244	33	3	3	180	3	180	0.003	0	0.003	0.003	60	0	60	60	
0.4	5.4	38	245	1	3	1	60	1	60	0.003	0	0.003	0.003	60	0	60	60	
0.4	5.4	9	246	5	3	2	120	2	120	0.003	0	0.003	0.003	60	0	60	60	
0.4	5.4	35	247	4	3	291	894841	291	894841	0.00437113	0.0027829	0.003	0.01	3075.05	2166.89	60	9422	
0.4	5.4	29	248	4	3	2	120	2	120	0.0065	0.00494975	0.003	0.01	60	0	60	60	
0.4	5.4	7	249	1	3	315	852730	315	852730	0.00306667	0.000680951	0.003	0.01	2707.08	1504.46	60	9422	
0.4	5.4	19	252	3	3	2	120	2	120	0.0065	0.00494975	0.003	0.01	60	0	60	60	
0.4	5.4	8	253	13	3	7	420	7	420	0.003	0	0.003	0.003	60	0	60	60	
0.4	5.4	20	254	9	3	1	60	1	60	0.003	0	0.003	0.003	60	0	60	60	
0.4	5.4	29	255	1	3	7	420	7	420	0.004	0.00264575	0.003	0.01	60	0	60	60	
0.4	5.4	41	256	8	3	2	120	2	120	0.003	0	0.003	0.003	60	0	60	60	
0.4	5.4	15	258	6	3	2	120	3	180	0.00533333	0.00404145	0.003	0.01	60	0	60	60	
0.4	5.4	22	259	3	3	1	60	1	60	0.003	0	0.003	0.003	60	0	60	60	
0.4	5.4	23	260	12	3	151	570033	151	570033	0.00406622	0.00252367	0.003	0.01	3775.05	2543.67	60	9422	
0.4	5.4	41	263	23	3	1	60	1	60	0.01	0	0.01	0.01	60	0	60	60	
0.4	5.4	22	264	1	3	2	120	2	120	0.0065	0.00494975	0.003	0.01	60	0	60	60	
0.4	5.4	30	265	3	3	1	60	1	60	0.003	0	0.003	0.003	60	0	60	60	
0.4	5.4	53	266	1	3	254	469355	254	469355	0.00470866	0.00301278	0.003	0.01	1847.85	2010.95	60	9422	
0.4	5.4	26	267	10	3	2	120	2	120	0.0065	0.00494975	0.003	0.01	60	0	60	60	
0.4	5.4	17	268	9	3	1	60	1	60	0.01	0	0.01	0.01	60	0	60	60	
0.4	5.4	30	269	6	3	402	988998	400	985447	0.003245	0.00128807	0.003	0.01	2463.62	1655.56	45	9422	
0.4	5.4	34	270	12	3	2	120	2	120	0.0065	0.00494975	0.003	0.01	60	0	60	60	
0.4	5.4	54	271	4	3	1	60	1	60	0.003	0	0.003	0.003	60	0	60	60	
0.4	5.4	32	273	7	3	216	273696	213	268371	0.00513615	0.00323093	0.003	0.01	1259.96	1221.24	60	9422	
0.4	5.4	52	275	9	3	2	120	2	120	0.003	0	0.003	0.003	60	0	60	60	
0.4	5.4	7	278	4	3	2	120	2	120	0.003	0	0.003	0.003	60	0	60	60	
0.4	5.4	3	279	4	3	1	60	1	60	0.003	0	0.003	0.003	60	0	60	60	
0.4	5.4	4	280	8	3	106	445858	106	445858	0.00524528	0.00328289	0.003	0.01	4206.21	2906.03	45	9422	
0.4	5.4	52	281	4	3	2	120	2	120	0.003	0	0.003	0.003	60	0	60	60	
0.4	5.4	50	282	5	3	553	884801	553	884801	0.00424051	0.00267538	0.003	0.01	1600	1304.68	592	9422	
0.4	5.4	21	283	3	3	2	120	2	120	0.003	0	0.003	0.003	60	0	60	60	
0.4	5.4	41	284	25	3	1	60	1	60	0.003	0	0.003	0.003	60	0	60	60	
0.4	5.4	6	286	18	3	1	60	1	60	0.01	0	0.01	0.01	60	0	60	60	
0.4	5.4	37	287	25	3	1	60	1	60	0.003	0	0.003	0.003	60	0	60	60	
0.4	5.4	16	288	5	3	1	60	1	60	0.003	0	0.003	0.003	60	0	60	60	
0.4	5.4	51	289	7	3	2	120	2	120	0.0065	0.00494975	0.003	0.01	60	0	60	60	
0.4	5.4	1	290	26	3	3	180	3	180	0.003	0	0.003	0.003	60	0	60	60	
0.4	5.4	13	291	2	3	143	738571	143	738571	0.003	0	0.003	0.003	5164.83	3196.74	45	9422	
0.4	5.4	35	293	9	3	487	888467	487	888467	0.00529979	0.00329116	0.003	0.01	1824.37	1168.63	60	9422	
0.4	5.4	43	294	12	3	2	120	2	120	0.01	0	0.01	0.01	60	0	60	60	
0.4	5.4	39	296	25	3	1	60	1	60	0.003	0	0.003	0.003	60	0	60	60	
0.4	5.4	17	297	2	3	3	180	3	180	0.003	0	0.003	0.003	60	0	60	60	
0.4	5.4	54	298	2	3	182	861612	182	861612	0.00607692	0.00348392	0.003	0.01	4734.13	2695.77	45	9422	
0.4	5.4	52	300	36	3	1	60	1	60	0.003	0	0.003	0.003	60	0	60	60	
0.4	5.4	52	303	12	3	4	240	4	240	0.003	0	0.003	0.003	60	0	60	60	
0.4	5.4	48	304	3	3	1	60	1	60	0.01	0	0.01	0.01	60	0	60	60	
0.4	5.4	39	306	29	3	2	120	2	120	0.0065	0.00494975	0.003	0.01	60	0	60	60	
0.4	5.4	55	309	13	3	3	180	3	180	0.00533333	0.00404145	0.003	0.01	60	0	60	60	
0.4	5.4	6	310	19	3	380	488414	380	488414	0.00576316	0.00342607	0.003	0.01	1285.3	911.598	60	9422	
0.4	5.4	41	311	3	3	1	60	1	60	0.003	0	0.003	0.003	60	0	60	60	
0.4	5.4	30	313	7	3	102	511873	102	511873	0.00306863	0.000693103	0.003	0.01	5018.36	3418.06	45	9422	
0.4	5.4	3	316	7	3	2	120	2	120	0.003	0	0.003	0.003	60	0	60	60	
0.4	5.4	53	318	9	3	3	180	3	180	0.00766667	0.00404145	0.003	0.01	60	0	60	60	
0.4	5.4	2	321	13	3	1	60	1	60	0.003	0	0.003	0.003	60	0	60	60	
0.4	5.4	27	322	2	3	1	60	1	60	0.003	0	0.003	0.003	60	0	60	60	
0.4	5.4	49	323	7	3	4	240	4	240	0.00475	0.0035	0.003	0.01	60	0	60	60	
0.4	5.4	18	324	6	3	2	120	2	120	0.0065	0.00494975	0.003	0.01	60	0	60	60	
0.4	5.4	55	326	12	3	2	120	2	120	0.0065	0.00494975	0.003	0.01	60	0	60	60	
0.4	5.4	41	327	21	3	3	180	3	180	0.00533333	0.00404145	0.003	0.01	60	0	60	60	
0.4	5.4	12	328	2	3	2	120	2	120	0.003	0	0.003	0.003	60	0	60	60	
0.4	5.4	21	329	9	3	2	120	2	120	0.0065	0.00494975	0.003	0.01	60	0	60	60	
0.4	5.4	56	330	6	3	2	120	2	120	0.0065	0.00494975	0.003	0.01	60	0	60	60	
0.4	5.4	21	332	19	3	207	293621	207	293621	0.00489372	0.00311718	0.003	0.01	1418.46	1232.62	60	9422	
0.4	5.4	30	335	2	3	191	768888	191	768888	0.003	0	0.003	0.003	4025.59	2557.97	45	9422	
0.4	5.4	21	336	16	3	889	2204555	889	2204555	0.003	0	0.003	0.003	2479.81	1796.33	56	8873	
0.4	5.4	45	337	5	3	1	60	1	60	0.01	0	0.01	0.01	60	0	60	60	
0.4	5.4	55	338	14	3	1	60	1	60	0.003	0	0.003	0.003	60	0	60	60	
0.4	5.4	57	340	1	3	2	120	2	120	0.0065	0.00494975	0.003	0.01	60	0	60	60	
0.4	5.4	26	342	1	3	4	240	4	240	0.00475	0.0035	0.003	0.01	60	0	60	60	
0.4	5.4	22	343	2	3	21	69346	21	69346	0.003	0	0.003	0.003	3302.19	2213.43	60	7099	
0.4	5.4	42	345	5	3	1	60	1	60	0.003	0	0.003	0.003	60	0	60	60	
0.4	5.4	47	346	8	3	278	1234348	278	1234348	0.003	0	0.003	0.003	4440.1	1939.78	60	9422	
0.4	5.4	22	347	8	3	152	743332	152	743332	0.003	0	0.003	0.003	4890.34	3222.18	45	9422	
0.4	5.4	46	350	8	3	2	120	2	120	0.0065	0.00494975	0.003	0.01	60	0	60	60	
0.4	5.4	52	351	27	3	4	240	4	240	0.003	0	0.003	0.003	60	0	60	60	
0.4	5.4	55	352	11	3	1	60	1	60	0.01	0	0.01	0.01	60	0	60	60	
0.4	5.4	2	353	7	3	1	60	1	60	0.003	0	0.003	0.003	60	0	60	60	
0.4	5.4	44	355	4	3	49	256286	49	256286	0.003	0	0.003	0.003	5230.33	3288.35	45	9422	
0.4	5.4	8	356	12	3	1	60	1	60	0.003	0	0.003	0.003	60	0	60	60	
0.4	5.4	41	357	32	3	2	120	2	120	0.01	0	0.01	0.01	60	0	60	60	
0.4	5.4	27	359	12	3	1	60	1	60	0.003	0	0.003	0.003	60	0	60	60	
0.4	5.4	39	361	16	3	1	60	1	60	0.003	0	0.003	0.003	60	0	60	60	
0.4	5.4	41	362	10	3	2	120	2	120	0.003	0	0.003	0.003	60	0	60	60	
0.4	5.4	6	363	6	3	2	120	2	120	0.01	0	0.01	0.01	60	0	60	60	
0.4	5.4	34	364	18	3	1	60	1	60	0.003	0	0.003	0.003	60	0	60	60	
0.4	5.4	4	365	2	3	88	237392	88	237392	0.00610227	0.00349726	0.003	0.01	2697.64	2029.49	60	9422	
0.4	5.4	19	367	8	3	5	300	4	240	0.003	0	0.003	0.003	60	0	60	60	
0.4	5.4	32	368	9	3	104	444684	104	444684	0.003	0	0.003	0.003	4275.81	2884.8	60	9422	
0.4	5.4	21	370	2	3	1	60	1	60	0.003	0	0.003	0.003	60	0	60	60	
0.4	5.4	10	371	3	3	3	180	3	180	0.003	0	0.003	0.003	60	0	60	60	
0.4	5.4	2	372	6	3	1	60	1	60	0.003	0	0.003	0.003	60	0	60	60	
0.4	5.4	41	373	11	3	1	60	1	60	0.003	0	0.003	0.003	60	0	60	60	
0.4	5.4	30	375	8	3	1	60	1	60	0.01	0	0.01	0.01	60	0	60	60	
0.4	5.4	34	376	22	3	2	120	2	120	0.003	0	0.003	0.003	60	0	60	60	
0.4	5.4	39	377	4	3	1	60	1	60	0.01	0	0.01	0.01	60	0	60	60	
0.4	5.4	9	378	7	3	2	120	2	120	0.0065	0.00494975	0.003	0.01	60	0	60	60	
0.4	5.4	41	379	7	3	1	60	1	60	0.003	0	0.003	0.003	60	0	60	60	
0.4	5.4	31	380	3	3	7	14316	7	14316	0.004	0.00264575	0.003	0.01	2045.14	1816.4	60	5324	
0.4	5.4	18	381	5	3	2	120	2	120	0.0065	0.00494975	0.003	0.01	60	0	60	60	
0.4	5.4	7	382	5	3	84	100144	84	100144	0.006	0.00348491	0.003	0.01	1192.19	606.67	60	3550	
0.4	5.4	55	384	2	3	1	60	1	60	0.003	0	0.003	0.003	60	0	60	60	
0.4	5.4	8	385	3	3	2	120	2	120	0.003	0	0.003	0.003	60	0	60	60	
0.4	5.4	32	386	3	3	1	60	1	60	0.003	0	0.003	0.003	60	0	60	60	
0.4	5.4	30	388	1	3	2	120	2	120	0.0065	0.00494975	0.003	0.01	60	0	60	60	
0.4	5.4	38	389	2	3	1	60	1	60	0.003	0	0.003	0.003	60	0	60	60	
0.4	5.4	55	390	23	3	1	60	1	60	0.003	0	0.003	0.003	60	0	60	60	
0.4	5.4	55	392	6	3	4	240	4	240	0.0065	0.00404145	0.003	0.01	60	0	60	60	
0.4	5.4	16	396	2	3	4	240	4	240	0.00475	0.0035	0.003	0.01	60	0	60	60	
0.4	5.4	47	397	10	3	254	897644	254	897644	0.0034685	0.00175275	0.003	0.01	3534.03	2141.3	60	9422	
0.4	5.4	47	399	4	3	1	60	1	60	0.003	0	0.003	0.003	60	0	60	60	
0.4	5.4	34	401	20	3	4	240	4	240	0.003	0	0.003	0.003	60	0	60	60	
0.4	5.4	23	402	3	3	84	265194	84	265194	0.003	0	0.003	0.003	3157.07	2035.07	60	9422	
0.4	5.4	35	403	6	3	2	120	2	120	0.01	0	0.01	0.01	60	0	60	60	
0.4	5.4	37	409	16	3	5	832	5	832	0.003	0	0.003	0.003	166.4	237.918	60	592	
0.4	5.4	16	410	3	3	931	1585009	929	1581458	0.0042056	0.00264447	0.003	0.01	1702.32	955.52	592	9422	
0.4	5.4	26	411	14	3	1	60	1	60	0.01	0	0.01	0.01	60	0	60	60	
0.4	5.4	17	412	5	3	229	456337	226	448645	0.00365044	0.00203676	0.003	0.01	1985.15	1531.2	60	9422	
0.4	5.4	34	415	8	3	1	60	1	60	0.003	0	0.003	0.003	60	0	60	60	
0.4	5.4	43	416	4	3	2	708	2	708	0.003	0	0.003	0.003	354	415.779	60	648	
0.4	5.4	55	419	17	3	1456	2208739	1456	2208739	0.00300961	0.000259348	0.003	0.01	1516.99	742.362	56	5324	
0.4	5.4	55	420	25	3	2	120	2	120	0.0065	0.00494975	0.003	0.01	60	0	60	60	
0.4	5.4	29	421	2	3	2	120	2	120	0.003	0	0.003	0.003	60	0	60	60	
0.4	5.4	37	422	12	3	4	240	4	240	0.003	0	0.003	0.003	60	0	60	60	
0.4	5.4	21	424	7	3	206	563540	206	563540	0.00303398	0.000487713	0.003	0.01	2735.63	1582.67	60	9422	
0.4	5.4	21	427	20	3	727	1040596	727	1040596	0.00308666	0.000774544	0.003	0.01	1431.36	612.171	60	9422	
0.4	5.4	34	428	17	3	453	714404	452	713812	0.00399115	0.00244313	0.003	0.01	1579.23	677.418	60	9422	
0.4	5.4	3	429	1	3	1	60	1	60	0.003	0	0.003	0.003	60	0	60	60	
0.4	5.4	24	431	5	3	137	210794	137	210794	0.00739416	0.00339627	0.003	0.01	1538.64	1237.84	60	4904	
0.4	5.4	20	432	7	3	2	120	2	120	0.0065	0.00494975	0.003	0.01	60	0	60	60	
0.4	5.4	13	433	1	3	3	180	3	180	0.00766667	0.00404145	0.003	0.01	60	0	60	60	
0.4	5.4	11	434	7	3	2	120	2	120	0.0065	0.00494975	0.003	0.01	60	0	60	60	
0.4	5.4	55	435	4	3	2	120	2	120	0.003	0	0.003	0.003	60	0	60	60	
0.4	5.4	37	436	15	3	3	180	3	180	0.003	0	0.003	0.003	60	0	60	60	
0.4	5.4	53	438	4	3	3	180	3	180	0.00533333	0.00404145	0.003	0.01	60	0	60	60	
0.4	5.4	17	439	4	3	1	60	1	60	0.003	0	0.003	0.003	60	0	60	60	
0.4	5.4	16	440	7	3	39	117267	39	117267	0.0044359	0.00286352	0.003	0.01	3006.85	2453.02	60	9422	
0.4	5.4	3	441	8	3	8	21415	8	21415	0.003	0	0.003	0.003	2676.88	2453.7	60	7099	
0.4	5.4	43	443	9	3	129	516651	128	516059	0.00453125	0.00290516	0.003	0.01	4031.71	2435.21	60	9422	
0.4	5.4	5	444	49	3	140	280085	140	280085	0.003	0	0.003	0.003	2000.61	1140.8	60	9422	
0.4	5.4	23	445	10	3	1	60	1	60	0.003	0	0.003	0.003	60	0	60	60	
0.4	5.4	41	446	4	3	2	120	2	120	0.003	0	0.003	0.003	60	0	60	60	
0.4	5.4	38	447	7	3	3	180	3	180	0.00766667	0.00404145	0.003	0.01	60	0	60	60	
0.4	5.4	28	450	1	3	2	120	2	120	0.003	0	0.003	0.003	60	0	60	60	
0.4	5.4	27	451	5	3	60	271088	60	271088	0.00311667	0.000903696	0.003	0.01	4518.13	2920.83	60	9422	
0.4	5.4	5	452	45	3	2	120	2	120	0.0065	0.00494975	0.003	0.01	60	0	60	60	
0.4	5.4	55	453	10	3	1	60	1	60	0.003	0	0.003	0.003	60	0	60	60	
0.4	5.4	52	454	3	3	3	180	3	180	0.003	0	0.003	0.003	60	0	60	60	
0.4	5.4	21	455	10	3	1	60	1	60	0.003	0	0.003	0.003	60	0	60	60	
0.4	5.4	6	456	14	3	2	120	2	120	0.003	0	0.003	0.003	60	0	60	60	
0.4	5.4	29	458	5	3	67	332015	67	332015	0.003	0	0.003	0.003	4955.45	3314.33	45	9422	
0.4	5.4	17	461	7	3	2	120	2	120	0.003	0	0.003	0.003	60	0	60	60	
0.4	5.4	24	462	17	3	2	120	2	120	0.0065	0.00494975	0.003	0.01	60	0	60	60	
0.4	5.4	57	463	2	3	2	120	2	120	0.0065	0.00494975	0.003	0.01	60	0	60	60	
0.4	5.4	14	465	1	3	1	60	1	60	0.01	0	0.01	0.01	60	0	60	60	
0.4	5.4	4	467	3	3	1	60	1	60	0.01	0	0.01	0.01	60	0	60	60	
0.4	5.4	35	468	5	3	2	120	2	120	0.003	0	0.003	0.003	60	0	60	60	
0.4	5.4	7	469	7	3	171	463521	171	463521	0.00402339	0.0024804	0.003	0.01	2710.65	1189.59	60	7708	
0.4	5.4	53	470	7	3	184	811617	184	811617	0.003	0	0.003	0.003	4410.96	3181.8	45	9422	
0.4	5.4	29	471	8	3	266	934417	266	934417	0.003	0	0.003	0.003	3512.85	2513.93	60	9422	
0.4	5.4	32	482	1	3	2	120	2	120	0.003	0	0.003	0.003	60	0	60	60	
0.4	5.4	42	483	12	3	2	120	2	120	0.003	0	0.003	0.003	60	0	60	60	
0.4	5.4	52	484	21	3	6	360	6	360	0.0065	0.00383406	0.003	0.01	60	0	60	60	
0.4	5.4	19	486	9	3	239	974038	238	972854	0.003	0	0.003	0.003	4087.62	2913.1	60	9422	
0.4	5.4	36	488	2	3	137	633732	137	633732	0.00565693	0.00340941	0.003	0.01	4625.78	2383.6	60	9422	
0.4	5.4	52	492	1	3	2	120	2	120	0.003	0	0.003	0.003	60	0	60	60	
0.4	5.4	55	494	22	3	5	300	5	300	0.0058	0.00383406	0.003	0.01	60	0	60	60	
0.4	5.4	9	495	1	3	1	60	1	60	0.01	0	0.01	0.01	60	0	60	60	
0.4	5.4	52	496	10	3	1	60	1	60	0.003	0	0.003	0.003	60	0	60	60	
0.4	5.4	52	498	26	3	2	120	2	120	0.003	0	0.003	0.003	60	0	60	60	
0.4	5.4	57	499	3	3	2	120	2	120	0.003	0	0.003	0.003	60	0	60	60	
0.4	5.4	27	500	7	3	2	652	2	652	0.003	0	0.003	0.003	326	376.181	60	592	
0.4	5.4	31	501	4	3	3	180	3	180	0.00533333	0.00404145	0.003	0.01	60	0	60	60	
0.4	5.4	2	503	11	3	4	240	4	240	0.003	0	0.003	0.003	60	0	60	60	
0.4	5.4	41	506	31	3	374	378907	372	376539	0.00444892	0.00283985	0.003	0.01	1012.2	784.09	60	9422	
0.4	5.4	40	507	4	3	1	60	1	60	0.003	0	0.003	0.003	60	0	60	60	
0.4	5.4	8	508	15	3	2	120	2	120	0.003	0	0.003	0.003	60	0	60	60	
0.4	5.4	20	510	3	3	295	723894	295	723894	0.00582373	0.00343988	0.003	0.01	2453.88	1778.49	60	9422	
0.4	5.4	52	512	6	3	2	120	2	120	0.003	0	0.003	0.003	60	0	60	60	
0.4	5.4	3	513	2	3	3	180	3	180	0.003	0	0.003	0.003	60	0	60	60	
0.4	5.4	8	517	11	3	2	120	2	120	0.003	0	0.003	0.003	60	0	60	60	
0.4	5.4	39	519	1	3	1	60	1	60	0.003	0	0.003	0.003	60	0	60	60	
0.4	5.4	39	523	33	3	1	60	1	60	0.003	0	0.003	0.003	60	0	60	60	
0.4	5.4	57	524	5	3	2	120	2	120	0.0065	0.00494975	0.003	0.01	60	0	60	60	
0.4	5.4	14	527	6	3	4	240	4	240	0.00475	0.0035	0.003	0.01	60	0	60	60	
0.4	5.4	37	529	10	3	1	60	1	60	0.003	0	0.003	0.003	60	0	60	60	
0.4	5.4	26	530	12	3	57	108420	57	108420	0.0048421	0.00310983	0.003	0.01	1902.11	786.452	60	4395	
0.4	5.4	29	532	6	3	1	60	1	60	0.003	0	0.003	0.003	60	0	60	60	
0.4	5.4	32	533	5	3	1282	2798020	1282	2798020	0.00324025	0.00127487	0.003	0.01	2182.54	1226.41	60	9422	
0.4	5.4	34	535	4	3	3	180	3	180	0.00766667	0.00404145	0.003	0.01	60	0	60	60	
0.4	5.4	27	538	6	3	1	60	1	60	0.003	0	0.003	0.003	60	0	60	60	
0.4	5.4	13	539	3	3	36	171099	36	171099	0.003	0	0.003	0.003	4752.75	3146.18	45	9422	
0.4	5.4	25	540	5	3	1	60	1	60	0.01	0	0.01	0.01	60	0	60	60	
0.4	5.4	11	542	2	3	38	94188	38	94188	0.003	0	0.003	0.003	2478.63	1718.37	60	5324	
0.4	5.4	28	543	4	3	124	351555	124	351555	0.00452419	0.0029007	0.003	0.01	2835.12	1817.44	60	9422	
0.4	5.4	24	545	16	3	3	180	3	180	0.00533333	0.00404145	0.003	0.01	60	0	60	60	
0.4	5.4	35	547	3	3	3	180	3	180	0.003	0	0.003	0.003	60	0	60	60	
0.4	5.4	31	548	7	3	74	194176	74	194176	0.00356757	0.00192376	0.003	0.01	2624	1983.01	60	9422	
0.4	5.4	41	549	28	3	3	180	3	180	0.003	0	0.003	0.003	60	0	60	60	
0.4	5.4	33	551	3	3	116	264024	115	262840	0.00391304	0.00236779	0.003	0.01	2285.57	914.464	60	4141	
0.4	5.4	18	554	3	3	2	120	2	120	0.01	0	0.01	0.01	60	0	60	60	
0.4	5.4	47	556	1	3	1	60	1	60	0.01	0	0.01	0.01	60	0	60	60	
0.4	5.4	29	558	7	3	4	240	4	240	0.00475	0.0035	0.003	0.01	60	0	60	60	
0.4	5.4	34	559	3	3	1	60	1	60	0.003	0	0.003	0.003	60	0	60	60	
0.4	5.4	47	562	2	3	2	120	2	120	0.0065	0.00494975	0.003	0.01	60	0	60	60	
0.4	5.4	52	564	18	3	2	120	2	120	0.003	0	0.003	0.003	60	0	60	60	
0.4	5.4	15	565	3	3	2	652	2	652	0.003	0	0.003	0.003	326	376.181	60	592	
0.4	5.4	38	566	6	3	4	240	4	240	0.0065	0.00404145	0.003	0.01	60	0	60	60	
0.4	5.4	6	567	1	3	2	120	2	120	0.0065	0.00494975	0.003	0.01	60	0	60	60	
0.4	5.4	25	569	4	3	1	60	1	60	0.003	0	0.003	0.003	60	0	60	60	
0.4	5.4	27	570	10	3	60	270506	60	270506	0.003	0	0.003	0.003	4508.43	2983.66	45	9422	
0.4	5.4	9	571	4	3	327	458216	327	458216	0.0046055	0.00294745	0.003	0.01	1401.27	1177.02	60	9422	
0.4	5.4	41	574	15	3	3	1892	3	1892	0.003	0	0.003	0.003	630.667	562.2	60	1184	
0.4	5.4	14	576	13	3	3	180	3	180	0.003	0	0.003	0.003	60	0	60	60	
0.4	5.4	43	577	10	3	259	446905	259	446905	0.00621622	0.00360227	0.003	0.017	1725.5	1646.43	60	8282	
0.4	5.4	4	578	1	3	3	180	3	180	0.003	0	0.003	0.003	60	0	60	60	
0.4	5.4	20	580	4	3	2	120	2	120	0.0065	0.00494975	0.003	0.01	60	0	60	60	
0.4	5.4	14	582	10	3	3	180	3	180	0.003	0	0.003	0.003	60	0	60	60	
0.4	5.4	5	583	20	3	2	120	2	120	0.003	0	0.003	0.003	60	0	60	60	
0.4	5.4	23	585	5	3	139	653432	139	653432	0.003	0	0.003	0.003	4700.95	3110.06	45	9422	
0.4	5.4	23	586	7	3	2	120	2	120	0.003	0	0.003	0.003	60	0	60	60	
0.4	5.4	29	589	9	3	6	360	6	360	0.00533333	0.00361478	0.003	0.01	60	0	60	60	
0.4	5.4	39	591	31	3	2	120	2	120	0.003	0	0.003	0.003	60	0	60	60	
0.4	5.4	50	592	6	3	2	120	2	120	0.003	0	0.003	0.003	60	0	60	60	
0.4	5.4	7	593	3	3	111	152794	111	152794	0.00665766	0.0035123	0.003	0.01	1376.52	1111.8	60	7099	
0.4	5.4	24	595	10	3	38	134547	38	134547	0.003	0	0.003	0.003	3540.71	3100.02	60	9422	
0.4	5.4	11	596	3	3	1	60	1	60	0.01	0	0.01	0.01	60	0	60	60	
0.4	5.4	5	597	2	3	965	1316213	964	1315029	0.00459751	0.0029393	0.003	0.01	1364.14	580.84	43	6877	
0.4	5.4	25	598	3	3	3	180	3	180	0.00766667	0.00404145	0.003	0.01	60	0	60	60	
0.4	5.4	56	600	3	3	232	760392	232	760392	0.00321121	0.00120002	0.003	0.01	3277.55	1454.81	60	9422	
0.4	5.4	13	602	7	3	3	180	3	180	0.00766667	0.00404145	0.003	0.01	60	0	60	60	
0.4	5.4	1	603	6	3	88	318467	88	318467	0.003	0	0.003	0.003	3618.94	2716.77	45	9422	
0.4	5.4	52	604	7	3	1	60	1	60	0.003	0	0.003	0.003	60	0	60	60	
0.4	5.4	55	606	24	3	2	120	2	120	0.003	0	0.003	0.003	60	0	60	60	
0.4	5.4	16	608	4	3	1	60	1	60	0.003	0	0.003	0.003	60	0	60	60	
0.4	5.4	23	609	6	3	1	60	1	60	0.01	0	0.01	0.01	60	0	60	60	
0.4	5.4	21	610	17	3	1	60	1	60	0.003	0	0.003	0.003	60	0	60	60	
0.4	5.4	26	611	3	3	4	240	4	240	0.003	0	0.003	0.003	60	0	60	60	
0.4	5.4	37	612	7	3	1	60	1	60	0.003	0	0.003	0.003	60	0	60	60	
0.4	5.4	34	615	6	3	369	632896	369	632896	0.00455555	0.00291413	0.003	0.01	1715.17	1292.96	60	9422	
0.4	5.4	55	616	7	3	4	240	4	240	0.003	0	0.003	0.003	60	0	60	60	
0.4	5.4	13	617	4	3	72	353900	72	353900	0.003	0	0.003	0.003	4915.28	3271.58	45	9422	
0.4	5.4	41	618	29	3	4	240	4	240	0.0065	0.00404145	0.003	0.01	60	0	60	60	
0.4	5.4	4	619	4	3	187	363653	187	363653	0.00629412	0.00350332	0.003	0.01	1944.67	1891.63	60	9422	
0.4	5.4	42	620	2	3	1	60	1	60	0.003	0	0.003	0.003	60	0	60	60	
0.4	5.4	41	621	14	3	2	120	2	120	0.0065	0.00494975	0.003	0.01	60	0	60	60	
0.4	5.4	34	623	14	3	5	300	5	300	0.0058	0.00383406	0.003	0.01	60	0	60	60	
0.4	5.4	41	626	24	3	1	60	1	60	0.003	0	0.003	0.003	60	0	60	60	
0.4	5.4	53	627	2	3	97	375949	97	375949	0.00523711	0.00328117	0.003	0.01	3875.76	2984.77	36	9422	
0.4	5.4	52	628	29	3	704	2573281	704	2573281	0.003	0	0.003	0.003	3655.23	1690.65	60	9422	
0.4	5.4	42	629	7	3	199	794605	199	794605	0.00465327	0.00298064	0.003	0.01	3992.99	2547.57	22	9422	
0.4	5.4	49	630	4	3	134	466917	134	466917	0.00467164	0.00299568	0.003	0.01	3484.46	2333.82	60	9422	
0.4	5.4	52	631	23	3	5	300	5	300	0.003	0	0.003	0.003	60	0	60	60	
0.4	5.4	40	632	6	3	2	120	2	120	0.01	0	0.01	0.01	60	0	60	60	
0.4	5.4	48	633	4	3	99	340897	99	340897	0.00307071	0.000703526	0.003	0.01	3443.4	2182.92	60	9422	
0.4	5.4	42	635	8	3	3	180	3	180	0.00533333	0.00404145	0.003	0.01	60	0	60	60	
0.4	5.4	9	636	6	3	2	120	2	120	0.003	0	0.003	0.003	60	0	60	60	
0.4	5.4	45	637	4	3	1	60	1	60	0.01	0	0.01	0.01	60	0	60	60	
0.4	5.4	52	638	5	3	5	300	5	300	0.003	0	0.003	0.003	60	0	60	60	
0.4	5.4	24	640	12	3	3	180	3	180	0.00533333	0.00404145	0.003	0.01	60	0	60	60	
0.4	5.4	39	641	8	3	2	120	2	120	0.003	0	0.003	0.003	60	0	60	60	
0.4	5.4	17	644	3	3	2	120	2	120	0.003	0	0.003	0.003	60	0	60	60	
0.4	5.4	2	645	8	3	2	120	2	120	0.003	0	0.003	0.003	60	0	60	60	
0.4	5.4	34	647	5	3	1	60	1	60	0.003	0	0.003	0.003	60	0	60	60	
0.4	5.4	26	648	2	3	1	60	1	60	0.01	0	0.01	0.01	60	0	60	60	
0.4	5.4	39	649	11	3	1	60	1	60	0.003	0	0.003	0.003	60	0	60	60	
0.4	5.4	24	652	14	3	2	120	2	120	0.0065	0.00494975	0.003	0.01	60	0	60	60	
0.4	5.4	4	653	7	3	228	751637	228	751637	0.00327631	0.00136603	0.003	0.01	3296.65	1777.78	60	9422	
0.4	5.4	21	654	12	3	3	180	3	180	0.003	0	0.003	0.003	60	0	60	60	
0.4	5.4	46	655	7	3	456	955206	455	954614	0.00487692	0.00310432	0.003	0.01	2098.05	1298.74	60	7708	
0.4	5.4	52	656	22	3	1	60	1	60	0.003	0	0.003	0.003	60	0	60	60	
0.4	5.4	49	657	2	3	4	240	4	240	0.00475	0.0035	0.003	0.01	60	0	60	60	
0.4	5.4	46	658	1	3	2	120	2	120	0.003	0	0.003	0.003	60	0	60	60	
0.4	5.4	31	659	5	3	2	120	2	120	0.0065	0.00494975	0.003	0.01	60	0	60	60	
0.4	5.4	1	661	2	3	2	120	2	120	0.0065	0.00494975	0.003	0.01	60	0	60	60	
0.4	5.4	5	662	7	3	1	60	1	60	0.003	0	0.003	0.003	60	0	60	60	
0.4	5.4	43	663	15	3	218	889473	218	889473	0.003	0	0.003	0.003	4080.15	2350.15	45	9422	
0.4	5.4	5	665	8	3	3	180	3	180	0.00766667	0.00404145	0.003	0.01	60	0	60	60	
0.4	5.4	1	666	5	3	2	120	2	120	0.0065	0.00494975	0.003	0.01	60	0	60	60	
0.4	5.4	5	667	14	3	4	240	4	240	0.0065	0.00404145	0.003	0.01	60	0	60	60	
0.4	5.4	6	669	4	3	3	180	3	180	0.00533333	0.00404145	0.003	0.01	60	0	60	60	
0.4	5.4	5	670	47	3	176	152233	175	151641	0.00576	0.00343069	0.003	0.01	866.52	505.519	60	1775	
0.4	5.4	24	671	7	3	107	333227	107	333227	0.003	0	0.003	0.003	3114.27	2584.7	60	9422	
0.4	5.4	5	677	42	3	1	60	1	60	0.003	0	0.003	0.003	60	0	60	60	
0.4	5.4	1	679	14	3	1045	1389888	1045	1389888	0.00540478	0.00332582	0.003	0.01	1330.04	311.706	60	3550	
0.4	5.4	1	680	22	3	3	180	3	180	0.00533333	0.00404145	0.003	0.01	60	0	60	60	
0.4	5.4	1	682	28	3	1	60	1	60	0.003	0	0.003	0.003	60	0	60	60	
0.4	5.4	5	685	23	3	2	120	2	120	0.003	0	0.003	0.003	60	0	60	60	
0.4	5.4	5	688	15	3	1	60	1	60	0.01	0	0.01	0.01	60	0	60	60	
0.4	5.4	5	689	11	3	3	654	3	654	0.003	0	0.003	0.003	218	308.057	21	573	
0.4	5.4	5	692	1	3	989	1788602	989	1788602	0.00451466	0.00288389	0.003	0.01	1808.5	1239.32	60	8873	
0.4	5.4	5	693	48	3	2	120	2	120	0.01	0	0.01	0.01	60	0	60	60	
0.4	5.4	24	694	11	3	177	252230	174	246904	0.00666092	0.00350639	0.003	0.01	1418.99	993.82	60	6882	
0.4	5.4	1	695	18	3	4	240	4	240	0.00825	0.0035	0.003	0.01	60	0	60	60	
0.4	5.4	43	704	5	3	100	414392	100	414392	0.003	0	0.003	0.003	4143.92	2685.16	60	9422	
0.4	5.4	1	705	13	3	4	240	4	240	0.00825	0.0035	0.003	0.01	60	0	60	60	
0.4	5.4	5	706	18	3	685	831464	683	829096	0.00512152	0.00321947	0.003	0.01	1213.9	455.29	43	2958	
0.4	5.4	5	708	21	3	302	391308	302	391308	0.00517881	0.00324644	0.003	0.01	1295.72	628.582	13	4395	
0.4	5.4	6	710	5	3	1	60	1	60	0.003	0	0.003	0.003	60	0	60	60	
0.4	5.4	5	711	46	3	1	60	1	60	0.01	0	0.01	0.01	60	0	60	60	
0.4	5.4	5	712	12	3	128	250522	128	250522	0.003	0	0.003	0.003	1957.2	1197.32	25	7099	
0.4	5.4	6	713	13	3	2	120	2	120	0.01	0	0.01	0.01	60	0	60	60	
0.4	5.4	6	714	15	3	502	647668	502	647668	0.00736454	0.00339493	0.003	0.01	1290.18	664.465	60	5324	
0.4	5.4	25	715	2	3	121	301856	121	301856	0.00849587	0.00288711	0.003	0.01	2494.68	2164.02	60	9422	
0.4	5.4	43	716	8	3	152	439279	152	439279	0.00626974	0.00377157	0.003	0.017	2889.99	2816.66	60	9422	
0.4	5.4	5	717	16	3	4	240	4	240	0.003	0	0.003	0.003	60	0	60	60	
0.4	5.4	23	718	8	3	1	60	1	60	0.01	0	0.01	0.01	60	0	60	60	
0.4	5.4	5	719	6	3	4	2484	4	2484	0.00475	0.0035	0.003	0.01	621	459.442	60	1184	
0.4	5.4	5	720	43	3	249	360003	249	360003	0.003	0	0.003	0.003	1445.8	1059.72	60	9422	
0.4	5.4	1	721	24	3	1	60	1	60	0.003	0	0.003	0.003	60	0	60	60	
0.4	5.4	5	724	5	3	2	120	2	120	0.0065	0.00494975	0.003	0.01	60	0	60	60	
0.4	5.4	24	726	4	3	1	60	1	60	0.01	0	0.01	0.01	60	0	60	60	
0.4	5.4	5	727	40	3	3	180	3	180	0.00533333	0.00404145	0.003	0.01	60	0	60	60	
0.4	5.4	5	728	39	3	2	120	2	120	0.01	0	0.01	0.01	60	0	60	60	
0.4	5.4	5	731	28	3	2	120	2	120	0.003	0	0.003	0.003	60	0	60	60	
0.4	5.4	24	733	2	3	472	1189455	471	1188271	0.00545223	0.00334304	0.003	0.01	2522.87	1631.26	60	9422	
0.4	5.4	24	736	9	3	2	120	2	120	0.0065	0.00494975	0.003	0.01	60	0	60	60	
0.4	5.4	1	741	7	3	5	300	5	300	0.0086	0.0031305	0.003	0.01	60	0	60	60	
0.4	5.4	1	742	19	3	2	120	2	120	0.0065	0.00494975	0.003	0.01	60	0	60	60	
0.4	5.4	5	743	24	3	2	120	2	120	0.003	0	0.003	0.003	60	0	60	60	
0.4	5.4	1	744	23	3	1	60	1	60	0.01	0	0.01	0.01	60	0	60	60	
0.4	5.4	24	745	15	3	2	120	2	120	0.0065	0.00494975	0.003	0.01	60	0	60	60	
0.4	5.4	1	746	11	3	1	60	1	60	0.003	0	0.003	0.003	60	0	60	60	
0.4	5.4	6	748	21	3	2	120	2	120	0.01	0	0.01	0.01	60	0	60	60	
0.4	5.4	5	749	10	3	167	342809	167	342809	0.003	0	0.003	0.003	2052.75	1342.23	11	9422	
