% start	end	CellId	IMSI	RNTI	LCID	nTxPDUs	TxBytes	nRxPDUs	RxBytes	delay	stdDev	min	max	PduSize	stdDev	min	max
0.4	5.4	18	6	4	3	2	120	2	120	0.0065	0.00494975	0.003	0.01	60	0	60	60	
0.4	5.4	17	7	12	3	4	240	4	240	0.00825	0.0035	0.003	0.01	60	0	60	60	
0.4	5.4	56	9	6	3	242	1345410	242	1345410	0.003	0	0.003	0.003	5559.55	2241.51	60	9422	
0.4	5.4	46	11	11	3	2	120	2	120	0.003	0	0.003	0.003	60	0	60	60	
0.4	5.4	37	13	10	3	121	211342	120	209567	0.00498333	0.00316754	0.003	0.01	1746.39	193.647	60	1775	
0.4	5.4	12	14	6	3	1	60	1	60	0.01	0	0.01	0.01	60	0	60	60	
0.4	5.4	39	18	21	3	1	60	1	60	0.003	0	0.003	0.003	60	0	60	60	
0.4	5.4	5	21	4	3	1	60	1	60	0.003	0	0.003	0.003	60	0	60	60	
0.4	5.4	37	22	12	3	1	60	1	60	0.003	0	0.003	0.003	60	0	60	60	
0.4	5.4	19	24	5	3	24	35143	24	35143	0.003	0	0.003	0.003	1464.29	557.697	60	1775	
0.4	5.4	2	26	5	3	3	180	3	180	0.003	0	0.003	0.003	60	0	60	60	
0.4	5.4	9	28	7	3	9	22122	9	22122	0.003	0	0.003	0.003	2458	2614.92	60	7746	
0.4	5.4	34	30	18	3	3	180	3	180	0.003	0	0.003	0.003	60	0	60	60	
0.4	5.4	24	32	12	3	60	135657	60	135657	0.003	0	0.003	0.003	2260.95	1250.56	60	7099	
0.4	5.4	27	34	2	3	136	769197	136	769197	0.00310294	0.000845725	0.003	0.01	5655.86	3147.46	45	9422	
0.4	5.4	11	35	2	3	108	437375	108	437375	0.003	0	0.003	0.003	4049.77	2465.53	60	9422	
0.4	5.4	32	36	7	3	195	625252	195	625252	0.00515385	0.00323909	0.003	0.01	3206.42	2028.17	60	9422	
0.4	5.4	37	38	25	3	3	180	3	180	0.00766667	0.00404145	0.003	0.01	60	0	60	60	
0.4	5.4	26	39	4	3	1	60	1	60	0.003	0	0.003	0.003	60	0	60	60	
0.4	5.4	9	41	5	3	3	180	3	180	0.003	0	0.003	0.003	60	0	60	60	
0.4	5.4	55	42	16	3	2	120	2	120	0.003	0	0.003	0.003	60	0	60	60	
0.4	5.4	32	44	6	3	2	120	2	120	0.0065	0.00494975	0.003	0.01	60	0	60	60	
0.4	5.4	55	45	20	3	1	60	1	60	0.003	0	0.003	0.003	60	0	60	60	
0.4	5.4	18	46	7	3	1	60	1	60	0.003	0	0.003	0.003	60	0	60	60	
0.4	5.4	44	47	5	3	347	1496942	347	1496942	0.00501729	0.003175	0.003	0.01	4313.95	1970.27	57	9422	
0.4	5.4	20	48	1	3	235	258174	235	258174	0.00702128	0.00346835	0.003	0.01	1098.61	894.313	60	9422	
0.4	5.4	39	49	20	3	1	60	1	60	0.003	0	0.003	0.003	60	0	60	60	
0.4	5.4	10	50	5	3	153	620230	153	620230	0.00688889	0.00348975	0.003	0.01	4053.79	3090.77	60	9422	
0.4	5.4	51	51	2	3	1	60	1	60	0.01	0	0.01	0.01	60	0	60	60	
0.4	5.4	46	56	6	3	1	60	1	60	0.003	0	0.003	0.003	60	0	60	60	
0.4	5.4	11	57	8	3	4	240	4	240	0.00475	0.0035	0.003	0.01	60	0	60	60	
0.4	5.4	17	58	9	3	148	273605	148	273605	0.00432432	0.00275092	0.003	0.01	1848.68	1380.73	60	9422	
0.4	5.4	32	59	8	3	3	180	3	180	0.01	0	0.01	0.01	60	0	60	60	
0.4	5.4	37	60	39	3	4	240	4	240	0.003	0	0.003	0.003	60	0	60	60	
0.4	5.4	47	61	6	3	321	1873855	319	1859657	0.003	0	0.003	0.003	5829.65	3014.6	45	9422	
0.4	5.4	29	65	9	3	5	300	5	300	0.01	0	0.01	0.01	60	0	60	60	
0.4	5.4	55	66	10	3	5	300	5	300	0.0058	0.00383406	0.003	0.01	60	0	60	60	
0.4	5.4	19	68	2	3	1	60	1	60	0.003	0	0.003	0.003	60	0	60	60	
0.4	5.4	54	69	4	3	3	180	3	180	0.003	0	0.003	0.003	60	0	60	60	
0.4	5.4	47	71	2	3	1	60	1	60	0.01	0	0.01	0.01	60	0	60	60	
0.4	5.4	12	72	8	3	317	1284557	317	1284557	0.003	0	0.003	0.003	4052.23	1686.56	45	9422	
0.4	5.4	39	77	19	3	3	180	3	180	0.003	0	0.003	0.003	60	0	60	60	
0.4	5.4	55	78	2	3	3	180	3	180	0.003	0	0.003	0.003	60	0	60	60	
0.4	5.4	35	79	3	3	154	822523	154	822523	0.003	0	0.003	0.003	5341.06	3421.52	45	9422	
0.4	5.4	44	80	2	3	3	180	3	180	0.003	0	0.003	0.003	60	0	60	60	
0.4	5.4	38	83	9	3	367	1010836	367	1010836	0.003	0	0.003	0.003	2754.32	1185.51	60	9422	
0.4	5.4	52	84	20	3	2	120	2	120	0.003	0	0.003	0.003	60	0	60	60	
0.4	5.4	37	85	40	3	2	120	2	120	0.003	0	0.003	0.003	60	0	60	60	
0.4	5.4	53	89	2	3	1	60	1	60	0.003	0	0.003	0.003	60	0	60	60	
0.4	5.4	34	90	12	3	2	120	2	120	0.003	0	0.003	0.003	60	0	60	60	
0.4	5.4	40	91	9	3	2	120	2	120	0.0065	0.00494975	0.003	0.01	60	0	60	60	
0.4	5.4	12	93	2	3	4	240	4	240	0.00475	0.0035	0.003	0.01	60	0	60	60	
0.4	5.4	34	96	28	3	2	120	2	120	0.003	0	0.003	0.003	60	0	60	60	
0.4	5.4	36	97	1	3	2	120	2	120	0.0065	0.00494975	0.003	0.01	60	0	60	60	
0.4	5.4	29	98	3	3	310	585460	310	585460	0.00600322	0.00347017	0.003	0.01	1888.58	906.241	60	6882	
0.4	5.4	39	99	8	3	2	120	2	120	0.003	0	0.003	0.003	60	0	60	60	
0.4	5.4	51	101	5	3	194	467557	194	467557	0.00631959	0.00350439	0.003	0.01	2410.09	2207.37	60	9422	
0.4	5.4	52	102	16	3	1	60	1	60	0.003	0	0.003	0.003	60	0	60	60	
0.4	5.4	54	103	11	3	2	120	2	120	0.003	0	0.003	0.003	60	0	60	60	
0.4	5.4	8	106	4	3	2	120	2	120	0.0065	0.00494975	0.003	0.01	60	0	60	60	
0.4	5.4	37	107	8	3	2	120	2	120	0.003	0	0.003	0.003	60	0	60	60	
0.4	5.4	26	109	12	3	4	240	4	240	0.00475	0.0035	0.003	0.01	60	0	60	60	
0.4	5.4	46	112	3	3	4	240	4	240	0.00825	0.0035	0.003	0.01	60	0	60	60	
0.4	5.4	23	113	1	3	2	120	2	120	0.01	0	0.01	0.01	60	0	60	60	
0.4	5.4	34	114	17	3	2	120	2	120	0.003	0	0.003	0.003	60	0	60	60	
0.4	5.4	15	115	6	3	4	240	4	240	0.01	0	0.01	0.01	60	0	60	60	
0.4	5.4	22	118	5	3	2	120	2	120	0.0065	0.00494975	0.003	0.01	60	0	60	60	
0.4	5.4	41	119	12	3	3	180	3	180	0.003	0	0.003	0.003	60	0	60	60	
0.4	5.4	37	120	14	3	5	300	5	300	0.003	0	0.003	0.003	60	0	60	60	
0.4	5.4	21	121	18	3	225	981757	225	981757	0.003	0	0.003	0.003	4363.36	2318.02	45	9422	
0.4	5.4	29	122	1	3	1	60	1	60	0.01	0	0.01	0.01	60	0	60	60	
0.4	5.4	45	124	3	3	1	60	1	60	0.003	0	0.003	0.003	60	0	60	60	
0.4	5.4	12	125	9	3	306	613740	306	613740	0.0043268	0.00274807	0.003	0.01	2005.69	1431.12	60	9422	
0.4	5.4	39	127	24	3	4	240	4	240	0.003	0	0.003	0.003	60	0	60	60	
0.4	5.4	19	128	10	3	1054	2737765	1054	2737765	0.003	0	0.003	0.003	2597.5	934.092	56	6847	
0.4	5.4	53	129	9	3	984	2164394	982	2162026	0.0046609	0.00297939	0.003	0.01	2201.66	1956.62	57	9422	
0.4	5.4	19	130	11	3	108	462772	108	462772	0.003	0	0.003	0.003	4284.93	2369.81	60	9422	
0.4	5.4	48	132	5	3	1	60	1	60	0.003	0	0.003	0.003	60	0	60	60	
0.4	5.4	13	134	10	3	3	180	3	180	0.00533333	0.00404145	0.003	0.01	60	0	60	60	
0.4	5.4	49	135	3	3	2	120	2	120	0.003	0	0.003	0.003	60	0	60	60	
0.4	5.4	18	136	2	3	201	731420	201	731420	0.00414925	0.00259954	0.003	0.01	3638.91	1990.8	45	9422	
0.4	5.4	15	138	9	3	1	60	1	60	0.01	0	0.01	0.01	60	0	60	60	
0.4	5.4	41	139	27	3	257	578162	257	578162	0.00327237	0.00135631	0.003	0.01	2249.66	2276.92	60	9422	
0.4	5.4	1	140	12	3	1	60	1	60	0.003	0	0.003	0.003	60	0	60	60	
0.4	5.4	43	141	4	3	2	120	2	120	0.01	0	0.01	0.01	60	0	60	60	
0.4	5.4	54	144	10	3	70	217271	70	217271	0.003	0	0.003	0.003	3103.87	1811.52	60	9422	
0.4	5.4	52	145	6	3	1	60	1	60	0.003	0	0.003	0.003	60	0	60	60	
0.4	5.4	37	146	13	3	1	60	1	60	0.003	0	0.003	0.003	60	0	60	60	
0.4	5.4	21	148	12	3	2	120	2	120	0.003	0	0.003	0.003	60	0	60	60	
0.4	5.4	55	149	11	3	1	60	1	60	0.003	0	0.003	0.003	60	0	60	60	
0.4	5.4	45	151	6	3	2	120	2	120	0.0065	0.00494975	0.003	0.01	60	0	60	60	
0.4	5.4	37	153	26	3	1	60	1	60	0.003	0	0.003	0.003	60	0	60	60	
0.4	5.4	43	155	12	3	204	1032705	204	1032705	0.0072549	0.00342603	0.003	0.01	5062.28	2542.69	60	9422	
0.4	5.4	5	157	27	3	270	321771	270	321771	0.00494444	0.00314114	0.003	0.01	1191.74	600.173	40	2124	
0.4	5.4	49	158	4	3	203	1040906	203	1040906	0.003	0	0.003	0.003	5127.62	3500.74	45	9422	
0.4	5.4	42	159	8	3	3	180	3	180	0.00533333	0.00404145	0.003	0.01	60	0	60	60	
0.4	5.4	54	160	3	3	155	597102	155	597102	0.003	0	0.003	0.003	3852.27	1664.23	60	9422	
0.4	5.4	46	161	12	3	2	120	2	120	0.003	0	0.003	0.003	60	0	60	60	
0.4	5.4	21	162	13	3	206	454555	206	454555	0.00429126	0.00272166	0.003	0.01	2206.58	1480.05	60	7099	
0.4	5.4	12	163	4	3	23	84133	23	84133	0.003	0	0.003	0.003	3657.96	2614.21	60	9422	
0.4	5.4	32	165	2	3	4	240	4	240	0.003	0	0.003	0.003	60	0	60	60	
0.4	5.4	53	166	10	3	1	60	1	60	0.003	0	0.003	0.003	60	0	60	60	
0.4	5.4	13	168	6	3	20	32067	20	32067	0.00615	0.00357292	0.003	0.01	1603.35	457.186	60	1775	
0.4	5.4	13	171	1	3	3	180	3	180	0.00533333	0.00404145	0.003	0.01	60	0	60	60	
0.4	5.4	26	172	2	3	4	240	4	240	0.01	0	0.01	0.01	60	0	60	60	
0.4	5.4	22	174	1	3	3	180	3	180	0.003	0	0.003	0.003	60	0	60	60	
0.4	5.4	9	175	6	3	231	794251	231	794251	0.003	0	0.003	0.003	3438.32	1681.93	60	9422	
0.4	5.4	39	176	5	3	3	180	3	180	0.003	0	0.003	0.003	60	0	60	60	
0.4	5.4	19	177	7	3	3	180	3	180	0.003	0	0.003	0.003	60	0	60	60	
0.4	5.4	13	179	16	3	3	180	3	180	0.003	0	0.003	0.003	60	0	60	60	
0.4	5.4	7	180	7	3	843	1266794	843	1266794	0.00505931	0.00319163	0.003	0.01	1502.72	615.152	60	6882	
0.4	5.4	27	181	9	3	3	180	3	180	0.00533333	0.00404145	0.003	0.01	60	0	60	60	
0.4	5.4	18	185	10	3	1	60	1	60	0.01	0	0.01	0.01	60	0	60	60	
0.4	5.4	21	186	17	3	1	60	1	60	0.003	0	0.003	0.003	60	0	60	60	
0.4	5.4	46	187	8	3	911	1938853	911	1938853	0.00302305	0.000401256	0.003	0.01	2128.27	1094.49	60	9422	
0.4	5.4	8	189	3	3	5	300	5	300	0.0058	0.00383406	0.003	0.01	60	0	60	60	
0.4	5.4	53	190	7	3	124	474622	124	474622	0.003	0	0.003	0.003	3827.6	2421.54	45	9422	
0.4	5.4	24	191	4	3	472	699767	472	699767	0.00512076	0.0032202	0.003	0.01	1482.56	500.269	60	6882	
0.4	5.4	37	192	6	3	1	60	1	60	0.003	0	0.003	0.003	60	0	60	60	
0.4	5.4	20	193	2	3	1	60	1	60	0.003	0	0.003	0.003	60	0	60	60	
0.4	5.4	55	195	12	3	2	120	2	120	0.0065	0.00494975	0.003	0.01	60	0	60	60	
0.4	5.4	37	196	28	3	3	180	3	180	0.00766667	0.00404145	0.003	0.01	60	0	60	60	
0.4	5.4	48	197	1	3	439	1120940	439	1120940	0.00451481	0.00288582	0.003	0.01	2553.39	1713.09	60	9422	
0.4	5.4	13	198	8	3	5	300	5	300	0.0058	0.00383406	0.003	0.01	60	0	60	60	
0.4	5.4	6	199	5	3	79	185344	79	185344	0.00450633	0.00289506	0.003	0.01	2346.13	1303.53	60	7099	
0.4	5.4	48	200	4	3	2	120	2	120	0.01	0	0.01	0.01	60	0	60	60	
0.4	5.4	41	202	16	3	1	60	1	60	0.003	0	0.003	0.003	60	0	60	60	
0.4	5.4	49	205	1	3	1	60	1	60	0.01	0	0.01	0.01	60	0	60	60	
0.4	5.4	54	206	1	3	224	426158	224	426158	0.00490625	0.00312306	0.003	0.01	1902.49	2051.43	60	9422	
0.4	5.4	21	207	4	3	2	120	2	120	0.003	0	0.003	0.003	60	0	60	60	
0.4	5.4	32	208	3	3	451	1730749	451	1730749	0.003	0	0.003	0.003	3837.58	1872.12	60	9422	
0.4	5.4	53	213	12	3	1	60	1	60	0.003	0	0.003	0.003	60	0	60	60	
0.4	5.4	4	216	6	3	2	120	2	120	0.0065	0.00494975	0.003	0.01	60	0	60	60	
0.4	5.4	44	217	8	3	2	120	2	120	0.01	0	0.01	0.01	60	0	60	60	
0.4	5.4	1	218	10	3	3	180	3	180	0.01	0	0.01	0.01	60	0	60	60	
0.4	5.4	45	219	1	3	4	240	4	240	0.00475	0.0035	0.003	0.01	60	0	60	60	
0.4	5.4	9	220	4	3	78	396507	78	396507	0.003	0	0.003	0.003	5083.42	3419.11	45	9422	
0.4	5.4	21	221	9	3	96	211962	96	211962	0.003	0	0.003	0.003	2207.94	1213.29	60	4395	
0.4	5.4	41	225	26	3	5	300	5	300	0.003	0	0.003	0.003	60	0	60	60	
0.4	5.4	55	227	1	3	1	60	1	60	0.003	0	0.003	0.003	60	0	60	60	
0.4	5.4	8	228	7	3	2	120	2	120	0.003	0	0.003	0.003	60	0	60	60	
0.4	5.4	12	231	5	3	2	120	2	120	0.003	0	0.003	0.003	60	0	60	60	
0.4	5.4	6	233	9	3	1	60	1	60	0.003	0	0.003	0.003	60	0	60	60	
0.4	5.4	37	234	2	3	20	32067	20	32067	0.0037	0.00215455	0.003	0.01	1603.35	457.186	60	1775	
0.4	5.4	30	236	11	3	1	60	1	60	0.01	0	0.01	0.01	60	0	60	60	
0.4	5.4	6	238	14	3	4	240	4	240	0.00475	0.0035	0.003	0.01	60	0	60	60	
0.4	5.4	25	241	3	3	1	60	1	60	0.003	0	0.003	0.003	60	0	60	60	
0.4	5.4	53	242	11	3	1	60	1	60	0.003	0	0.003	0.003	60	0	60	60	
0.4	5.4	47	243	3	3	2	120	2	120	0.0065	0.00494975	0.003	0.01	60	0	60	60	
0.4	5.4	5	245	21	3	671	1017150	669	1013600	0.00541704	0.00333073	0.003	0.01	1515.1	386.042	60	3550	
0.4	5.4	55	246	3	3	2	120	2	120	0.003	0	0.003	0.003	60	0	60	60	
0.4	5.4	6	247	12	3	534	825376	534	825376	0.00592322	0.00345538	0.003	0.01	1545.65	787.829	60	6882	
0.4	5.4	21	248	15	3	4	240	4	240	0.003	0	0.003	0.003	60	0	60	60	
0.4	5.4	16	249	8	3	1	60	1	60	0.003	0	0.003	0.003	60	0	60	60	
0.4	5.4	24	251	19	3	1	60	1	60	0.003	0	0.003	0.003	60	0	60	60	
0.4	5.4	38	252	6	3	2	120	2	120	0.0065	0.00494975	0.003	0.01	60	0	60	60	
0.4	5.4	41	253	4	3	1	60	1	60	0.003	0	0.003	0.003	60	0	60	60	
0.4	5.4	38	256	2	3	32	165174	32	165174	0.003	0	0.003	0.003	5161.69	2774.36	60	8873	
0.4	5.4	27	258	4	3	3	180	3	180	0.00533333	0.00404145	0.003	0.01	60	0	60	60	
0.4	5.4	38	261	3	3	2	120	2	120	0.0065	0.00494975	0.003	0.01	60	0	60	60	
0.4	5.4	24	262	9	3	2	120	2	120	0.01	0	0.01	0.01	60	0	60	60	
0.4	5.4	27	264	3	3	2	120	2	120	0.0065	0.00494975	0.003	0.01	60	0	60	60	
0.4	5.4	39	265	16	3	5	300	5	300	0.003	0	0.003	0.003	60	0	60	60	
0.4	5.4	37	266	31	3	1	60	1	60	0.003	0	0.003	0.003	60	0	60	60	
0.4	5.4	52	269	22	3	1	60	1	60	0.003	0	0.003	0.003	60	0	60	60	
0.4	5.4	19	270	15	3	2	120	2	120	0.003	0	0.003	0.003	60	0	60	60	
0.4	5.4	2	272	8	3	2	120	2	120	0.003	0	0.003	0.003	60	0	60	60	
0.4	5.4	3	273	2	3	2	120	2	120	0.003	0	0.003	0.003	60	0	60	60	
0.4	5.4	34	275	26	3	2	120	2	120	0.003	0	0.003	0.003	60	0	60	60	
0.4	5.4	41	276	11	3	2	120	2	120	0.003	0	0.003	0.003	60	0	60	60	
0.4	5.4	38	278	8	3	175	570700	173	564783	0.003	0	0.003	0.003	3264.64	1772.67	60	9422	
0.4	5.4	39	279	22	3	1130	1470393	1130	1470393	0.00368761	0.0020843	0.003	0.01	1301.23	374.48	60	9422	
0.4	5.4	52	280	29	3	3	180	3	180	0.003	0	0.003	0.003	60	0	60	60	
0.4	5.4	52	282	31	3	1	60	1	60	0.003	0	0.003	0.003	60	0	60	60	
0.4	5.4	19	283	1	3	2	120	2	120	0.003	0	0.003	0.003	60	0	60	60	
0.4	5.4	39	284	9	3	4	240	4	240	0.003	0	0.003	0.003	60	0	60	60	
0.4	5.4	48	285	6	3	591	1037622	589	1035846	0.00566214	0.00340112	0.003	0.01	1758.65	1328.13	60	9422	
0.4	5.4	55	286	17	3	179	378227	178	374086	0.00496629	0.00315494	0.003	0.01	2101.61	1884.54	60	9422	
0.4	5.4	31	287	8	3	4	240	4	240	0.003	0	0.003	0.003	60	0	60	60	
0.4	5.4	28	288	5	3	1	60	1	60	0.003	0	0.003	0.003	60	0	60	60	
0.4	5.4	32	289	5	3	1	60	1	60	0.003	0	0.003	0.003	60	0	60	60	
0.4	5.4	2	291	4	3	4	240	4	240	0.003	0	0.003	0.003	60	0	60	60	
0.4	5.4	25	292	13	3	3	180	3	180	0.01	0	0.01	0.01	60	0	60	60	
0.4	5.4	43	293	8	3	2	120	2	120	0.01	0	0.01	0.01	60	0	60	60	
0.4	5.4	11	294	7	3	3	180	3	180	0.00766667	0.00404145	0.003	0.01	60	0	60	60	
0.4	5.4	7	296	4	3	2	120	2	120	0.01	0	0.01	0.01	60	0	60	60	
0.4	5.4	29	298	2	3	3	180	3	180	0.003	0	0.003	0.003	60	0	60	60	
0.4	5.4	7	299	8	3	218	443590	218	443590	0.00367431	0.00207006	0.003	0.01	2034.82	1029.1	60	6507	
0.4	5.4	5	300	15	3	2	120	2	120	0.003	0	0.003	0.003	60	0	60	60	
0.4	5.4	40	302	7	3	329	625148	329	625148	0.00548936	0.00335602	0.003	0.01	1900.15	1529.18	60	9422	
0.4	5.4	44	304	3	3	3	180	3	180	0.00533333	0.00404145	0.003	0.01	60	0	60	60	
0.4	5.4	37	305	32	3	1	60	1	60	0.003	0	0.003	0.003	60	0	60	60	
0.4	5.4	52	306	30	3	2	120	2	120	0.003	0	0.003	0.003	60	0	60	60	
0.4	5.4	45	309	4	3	3	180	3	180	0.00533333	0.00404145	0.003	0.01	60	0	60	60	
0.4	5.4	39	310	3	3	1	60	1	60	0.003	0	0.003	0.003	60	0	60	60	
0.4	5.4	10	313	2	3	2	120	2	120	0.003	0	0.003	0.003	60	0	60	60	
0.4	5.4	31	314	5	3	5	300	5	300	0.0086	0.0031305	0.003	0.01	60	0	60	60	
0.4	5.4	39	315	11	3	343	601914	343	601914	0.00489796	0.00311637	0.003	0.01	1754.85	862.018	60	9422	
0.4	5.4	37	316	38	3	1	60	1	60	0.003	0	0.003	0.003	60	0	60	60	
0.4	5.4	52	317	23	3	1452	1924617	1452	1924617	0.00326515	0.00133678	0.003	0.01	1325.49	313.404	60	4395	
0.4	5.4	13	318	13	3	27	115124	27	115124	0.00377778	0.00224179	0.003	0.01	4263.85	3328.49	60	9422	
0.4	5.4	41	320	8	3	1	60	1	60	0.003	0	0.003	0.003	60	0	60	60	
0.4	5.4	28	321	4	3	56	286459	56	286459	0.003	0	0.003	0.003	5115.34	3185.72	45	9422	
0.4	5.4	5	322	26	3	2	120	2	120	0.0065	0.00494975	0.003	0.01	60	0	60	60	
0.4	5.4	28	323	11	3	2	120	2	120	0.0065	0.00494975	0.003	0.01	60	0	60	60	
0.4	5.4	20	324	7	3	12	41533	12	41533	0.003	0	0.003	0.003	3461.08	3491.29	60	9422	
0.4	5.4	37	326	9	3	2	120	2	120	0.003	0	0.003	0.003	60	0	60	60	
0.4	5.4	22	327	4	3	1	60	1	60	0.003	0	0.003	0.003	60	0	60	60	
0.4	5.4	52	328	14	3	1	60	1	60	0.003	0	0.003	0.003	60	0	60	60	
0.4	5.4	40	329	8	3	113	270049	113	270049	0.00374336	0.00216621	0.003	0.01	2389.81	1285.24	60	5324	
0.4	5.4	7	332	6	3	3	180	3	180	0.003	0	0.003	0.003	60	0	60	60	
0.4	5.4	1	333	8	3	2	120	2	120	0.01	0	0.01	0.01	60	0	60	60	
0.4	5.4	14	335	4	3	1	60	1	60	0.01	0	0.01	0.01	60	0	60	60	
0.4	5.4	28	336	2	3	2	120	2	120	0.003	0	0.003	0.003	60	0	60	60	
0.4	5.4	39	337	25	3	5	300	5	300	0.003	0	0.003	0.003	60	0	60	60	
0.4	5.4	2	338	11	3	3	180	3	180	0.003	0	0.003	0.003	60	0	60	60	
0.4	5.4	7	340	5	3	2	120	2	120	0.003	0	0.003	0.003	60	0	60	60	
0.4	5.4	42	343	5	3	2	120	2	120	0.0065	0.00494975	0.003	0.01	60	0	60	60	
0.4	5.4	20	344	6	3	185	915894	185	915894	0.003	0	0.003	0.003	4950.78	3058.17	45	9422	
0.4	5.4	51	346	3	3	6	360	6	360	0.00533333	0.00361478	0.003	0.01	60	0	60	60	
0.4	5.4	14	347	1	3	2	120	2	120	0.0065	0.00494975	0.003	0.01	60	0	60	60	
0.4	5.4	33	348	3	3	2	120	2	120	0.0065	0.00494975	0.003	0.01	60	0	60	60	
0.4	5.4	38	354	7	3	2	120	2	120	0.003	0	0.003	0.003	60	0	60	60	
0.4	5.4	34	356	27	3	2	120	2	120	0.003	0	0.003	0.003	60	0	60	60	
0.4	5.4	39	357	23	3	2	120	2	120	0.003	0	0.003	0.003	60	0	60	60	
0.4	5.4	17	358	1	3	210	821339	210	821339	0.003	0	0.003	0.003	3911.14	1707.78	60	9422	
0.4	5.4	26	360	3	3	577	1093763	577	1093763	0.00643327	0.0035024	0.003	0.01	1895.6	1518.55	45	9422	
0.4	5.4	12	361	7	3	2	120	2	120	0.0065	0.00494975	0.003	0.01	60	0	60	60	
0.4	5.4	17	364	4	3	653	1068928	653	1068928	0.00471516	0.00301301	0.003	0.01	1636.95	940.476	60	9422	
0.4	5.4	34	365	8	3	2	120	2	120	0.003	0	0.003	0.003	60	0	60	60	
0.4	5.4	25	367	12	3	1	60	1	60	0.003	0	0.003	0.003	60	0	60	60	
0.4	5.4	19	368	13	3	129	459235	129	459235	0.00321705	0.0012181	0.003	0.01	3559.96	2178.36	45	9422	
0.4	5.4	8	370	1	3	65	333787	65	333787	0.003	0	0.003	0.003	5135.18	3299.24	45	9422	
0.4	5.4	2	372	10	3	4	240	4	240	0.003	0	0.003	0.003	60	0	60	60	
0.4	5.4	20	373	5	3	3	180	3	180	0.00533333	0.00404145	0.003	0.01	60	0	60	60	
0.4	5.4	46	375	13	3	196	549772	195	548588	0.0030359	0.00050128	0.003	0.01	2813.27	3204.15	60	9422	
0.4	5.4	5	376	7	3	137	234526	137	234526	0.00611679	0.00440432	0.003	0.017	1711.87	1518.16	60	9422	
0.4	5.4	11	379	10	3	176	910029	176	910029	0.00303977	0.000527645	0.003	0.01	5170.62	3045.44	45	9422	
0.4	5.4	52	380	27	3	2	120	2	120	0.003	0	0.003	0.003	60	0	60	60	
0.4	5.4	30	381	5	3	3	180	3	180	0.00533333	0.00404145	0.003	0.01	60	0	60	60	
0.4	5.4	31	382	9	3	5	300	5	300	0.0058	0.00383406	0.003	0.01	60	0	60	60	
0.4	5.4	38	383	4	3	70	322565	70	322565	0.003	0	0.003	0.003	4608.07	3072.95	45	9422	
0.4	5.4	25	385	14	3	2	120	2	120	0.0065	0.00494975	0.003	0.01	60	0	60	60	
0.4	5.4	51	386	4	3	1	60	1	60	0.01	0	0.01	0.01	60	0	60	60	
0.4	5.4	22	390	3	3	279	1457640	279	1457640	0.003	0	0.003	0.003	5224.52	3426.76	45	9422	
0.4	5.4	29	392	11	3	2	120	2	120	0.003	0	0.003	0.003	60	0	60	60	
0.4	5.4	3	393	5	3	3	180	3	180	0.00766667	0.00404145	0.003	0.01	60	0	60	60	
0.4	5.4	55	394	14	3	1	60	1	60	0.003	0	0.003	0.003	60	0	60	60	
0.4	5.4	55	395	19	3	2	120	2	120	0.003	0	0.003	0.003	60	0	60	60	
0.4	5.4	15	396	5	3	1	60	1	60	0.01	0	0.01	0.01	60	0	60	60	
0.4	5.4	19	397	14	3	4	240	4	240	0.003	0	0.003	0.003	60	0	60	60	
0.4	5.4	25	400	7	3	3	180	3	180	0.003	0	0.003	0.003	60	0	60	60	
0.4	5.4	48	401	11	3	2	120	2	120	0.0065	0.00494975	0.003	0.01	60	0	60	60	
0.4	5.4	54	403	7	3	131	160502	131	160502	0.00663359	0.00351088	0.003	0.01	1225.21	930.401	60	9422	
0.4	5.4	11	404	9	3	1	60	1	60	0.01	0	0.01	0.01	60	0	60	60	
0.4	5.4	33	405	7	3	3	180	3	180	0.01	0	0.01	0.01	60	0	60	60	
0.4	5.4	7	407	2	3	4	240	4	240	0.0065	0.00404145	0.003	0.01	60	0	60	60	
0.4	5.4	41	409	24	3	1	60	1	60	0.003	0	0.003	0.003	60	0	60	60	
0.4	5.4	52	410	28	3	213	477030	213	477030	0.003	0	0.003	0.003	2239.58	1148.38	60	4395	
0.4	5.4	16	413	5	3	119	255753	119	255753	0.00611765	0.00349376	0.003	0.01	2149.18	1611.69	60	7099	
0.4	5.4	44	414	10	3	3	180	3	180	0.00533333	0.00404145	0.003	0.01	60	0	60	60	
0.4	5.4	24	416	10	3	3	180	3	180	0.00533333	0.00404145	0.003	0.01	60	0	60	60	
0.4	5.4	33	417	6	3	2	120	2	120	0.0065	0.00494975	0.003	0.01	60	0	60	60	
0.4	5.4	29	418	10	3	4	240	4	240	0.003	0	0.003	0.003	60	0	60	60	
0.4	5.4	17	420	7	3	2	120	2	120	0.0065	0.00494975	0.003	0.01	60	0	60	60	
0.4	5.4	37	421	33	3	2	120	2	120	0.003	0	0.003	0.003	60	0	60	60	
0.4	5.4	2	422	2	3	1	60	1	60	0.003	0	0.003	0.003	60	0	60	60	
0.4	5.4	54	423	5	3	4	240	4	240	0.0065	0.00404145	0.003	0.01	60	0	60	60	
0.4	5.4	38	424	1	3	2	120	2	120	0.003	0	0.003	0.003	60	0	60	60	
0.4	5.4	52	425	19	3	1	60	1	60	0.003	0	0.003	0.003	60	0	60	60	
0.4	5.4	51	426	6	3	1	60	1	60	0.01	0	0.01	0.01	60	0	60	60	
0.4	5.4	28	427	10	3	218	414321	218	414321	0.00499082	0.00316518	0.003	0.01	1900.56	1507.33	60	9422	
0.4	5.4	36	428	2	3	3	180	3	180	0.00766667	0.00404145	0.003	0.01	60	0	60	60	
0.4	5.4	52	431	10	3	1701	2722989	1700	2721805	0.003	0	0.003	0.003	1601.06	668.978	56	5324	
0.4	5.4	24	432	17	3	1	60	1	60	0.01	0	0.01	0.01	60	0	60	60	
0.4	5.4	54	434	9	3	271	1066275	271	1066275	0.003	0	0.003	0.003	3934.59	2012.94	55	9422	
0.4	5.4	26	435	7	3	4	240	4	240	0.0065	0.00404145	0.003	0.01	60	0	60	60	
0.4	5.4	15	436	12	3	4	240	4	240	0.00475	0.0035	0.003	0.01	60	0	60	60	
0.4	5.4	18	437	9	3	1	60	1	60	0.003	0	0.003	0.003	60	0	60	60	
0.4	5.4	31	438	7	3	523	1913979	523	1913979	0.00302677	0.00043246	0.003	0.01	3659.62	1457.52	45	9422	
0.4	5.4	42	441	1	3	1	60	1	60	0.003	0	0.003	0.003	60	0	60	60	
0.4	5.4	53	442	4	3	1	60	1	60	0.01	0	0.01	0.01	60	0	60	60	
0.4	5.4	46	443	7	3	1	60	1	60	0.003	0	0.003	0.003	60	0	60	60	
0.4	5.4	39	445	18	3	5	300	5	300	0.003	0	0.003	0.003	60	0	60	60	
0.4	5.4	15	447	1	3	1	60	1	60	0.003	0	0.003	0.003	60	0	60	60	
0.4	5.4	38	449	5	3	3	180	3	180	0.00533333	0.00404145	0.003	0.01	60	0	60	60	
0.4	5.4	39	450	12	3	1	60	1	60	0.003	0	0.003	0.003	60	0	60	60	
0.4	5.4	37	452	3	3	3	180	3	180	0.00533333	0.00404145	0.003	0.01	60	0	60	60	
0.4	5.4	16	454	2	3	150	850860	150	850860	0.003	0	0.003	0.003	5672.4	3335.2	45	9422	
0.4	5.4	18	456	6	3	204	638862	204	638862	0.00560784	0.00339271	0.003	0.01	3131.68	2118.04	60	9422	
0.4	5.4	46	457	9	3	3	180	3	180	0.003	0	0.003	0.003	60	0	60	60	
0.4	5.4	35	458	2	3	15	47450	15	47450	0.00346667	0.00180739	0.003	0.01	3163.33	3158.13	60	9422	
0.4	5.4	46	460	10	3	1	60	1	60	0.003	0	0.003	0.003	60	0	60	60	
0.4	5.4	44	461	4	3	116	232677	116	232677	0.003	0	0.003	0.003	2005.84	1139.07	60	7099	
0.4	5.4	7	462	9	3	141	553892	141	553892	0.00488652	0.00311699	0.003	0.01	3928.31	2481.05	60	9422	
0.4	5.4	4	464	4	3	2	120	2	120	0.003	0	0.003	0.003	60	0	60	60	
0.4	5.4	28	466	3	3	2	120	2	120	0.01	0	0.01	0.01	60	0	60	60	
0.4	5.4	49	467	7	3	1	60	1	60	0.003	0	0.003	0.003	60	0	60	60	
0.4	5.4	11	469	3	3	627	2261393	627	2261393	0.0033126	0.001447	0.003	0.01	3606.69	1856.49	60	9422	
0.4	5.4	46	470	5	3	2	120	2	120	0.0065	0.00494975	0.003	0.01	60	0	60	60	
0.4	5.4	31	471	11	3	238	872303	238	872303	0.003	0	0.003	0.003	3665.14	1964.87	60	9422	
0.4	5.4	26	472	11	3	1	60	1	60	0.01	0	0.01	0.01	60	0	60	60	
0.4	5.4	5	474	38	3	1	60	1	60	0.003	0	0.003	0.003	60	0	60	60	
0.4	5.4	28	475	7	3	1	60	1	60	0.003	0	0.003	0.003	60	0	60	60	
0.4	5.4	16	476	3	3	1	60	1	60	0.01	0	0.01	0.01	60	0	60	60	
0.4	5.4	1	477	4	3	612	1796395	611	1792845	0.00399673	0.00244815	0.003	0.01	2934.28	1759.03	60	9422	
0.4	5.4	40	478	3	3	2	120	2	120	0.0065	0.00494975	0.003	0.01	60	0	60	60	
0.4	5.4	50	484	3	3	2	120	2	120	0.0065	0.00494975	0.003	0.01	60	0	60	60	
0.4	5.4	18	487	8	3	90	270507	90	270507	0.00354444	0.00188525	0.003	0.01	3005.63	1935.73	60	9422	
0.4	5.4	54	488	2	3	1	60	1	60	0.01	0	0.01	0.01	60	0	60	60	
0.4	5.4	34	489	29	3	3	180	3	180	0.003	0	0.003	0.003	60	0	60	60	
0.4	5.4	6	493	7	3	231	994888	231	994888	0.00375757	0.00217937	0.003	0.01	4306.87	2467.61	60	9422	
0.4	5.4	23	494	6	3	1	60	1	60	0.003	0	0.003	0.003	60	0	60	60	
0.4	5.4	13	495	9	3	2	120	2	120	0.0065	0.00494975	0.003	0.01	60	0	60	60	
0.4	5.4	17	496	2	3	1	60	1	60	0.01	0	0.01	0.01	60	0	60	60	
0.4	5.4	52	497	15	3	1	60	1	60	0.003	0	0.003	0.003	60	0	60	60	
0.4	5.4	8	498	10	3	1	60	1	60	0.003	0	0.003	0.003	60	0	60	60	
0.4	5.4	28	501	9	3	1	60	1	60	0.003	0	0.003	0.003	60	0	60	60	
0.4	5.4	23	503	9	3	1	60	1	60	0.003	0	0.003	0.003	60	0	60	60	
0.4	5.4	33	504	9	3	1	60	1	60	0.003	0	0.003	0.003	60	0	60	60	
0.4	5.4	56	506	5	3	1	60	1	60	0.01	0	0.01	0.01	60	0	60	60	
0.4	5.4	28	507	8	3	2	120	2	120	0.01	0	0.01	0.01	60	0	60	60	
0.4	5.4	26	508	8	3	75	326818	75	326818	0.00309333	0.00080829	0.003	0.01	4357.57	2811.42	45	9422	
0.4	5.4	14	509	5	3	93	442762	93	442762	0.003	0	0.003	0.003	4760.88	2972.35	45	9422	
0.4	5.4	41	510	7	3	2	120	2	120	0.003	0	0.003	0.003	60	0	60	60	
0.4	5.4	24	512	23	3	306	463517	305	462333	0.00632787	0.00350151	0.003	0.01	1515.85	460.624	60	3550	
0.4	5.4	41	513	2	3	3	180	3	180	0.003	0	0.003	0.003	60	0	60	60	
0.4	5.4	12	514	1	3	2	708	2	708	0.003	0	0.003	0.003	354	415.779	60	648	
0.4	5.4	46	515	1	3	238	617223	238	617223	0.00394118	0.00239301	0.003	0.01	2593.37	2312.24	60	9422	
0.4	5.4	41	516	25	3	2	120	2	120	0.003	0	0.003	0.003	60	0	60	60	
0.4	5.4	27	517	6	3	2	120	2	120	0.0065	0.00494975	0.003	0.01	60	0	60	60	
0.4	5.4	25	520	2	3	96	485223	96	485223	0.003	0	0.003	0.003	5054.41	2538.99	60	9422	
0.4	5.4	44	522	7	3	1	60	1	60	0.003	0	0.003	0.003	60	0	60	60	
0.4	5.4	23	523	4	3	1	60	1	60	0.01	0	0.01	0.01	60	0	60	60	
0.4	5.4	48	524	7	3	3	180	3	180	0.00533333	0.00404145	0.003	0.01	60	0	60	60	
0.4	5.4	45	527	8	3	2	120	2	120	0.003	0	0.003	0.003	60	0	60	60	
0.4	5.4	26	528	13	3	1	60	1	60	0.003	0	0.003	0.003	60	0	60	60	
0.4	5.4	46	529	2	3	721	2182792	719	2181016	0.00389569	0.00233991	0.003	0.01	3033.4	1829.72	60	8873	
0.4	5.4	5	531	30	3	2	120	2	120	0.0065	0.00494975	0.003	0.01	60	0	60	60	
0.4	5.4	21	532	10	3	3	180	3	180	0.00766667	0.00404145	0.003	0.01	60	0	60	60	
0.4	5.4	52	533	4	3	370	436960	369	435185	0.00307588	0.000725834	0.003	0.01	1179.36	736.636	60	9422	
0.4	5.4	13	535	4	3	2	120	2	120	0.01	0	0.01	0.01	60	0	60	60	
0.4	5.4	37	537	30	3	2	120	2	120	0.003	0	0.003	0.003	60	0	60	60	
0.4	5.4	13	538	2	3	3	180	3	180	0.00533333	0.00404145	0.003	0.01	60	0	60	60	
0.4	5.4	9	540	3	3	778	1858855	778	1858855	0.00319794	0.0011611	0.003	0.01	2389.27	1120.64	60	9422	
0.4	5.4	30	541	10	3	3	180	3	180	0.01	0	0.01	0.01	60	0	60	60	
0.4	5.4	30	543	6	3	1	60	1	60	0.01	0	0.01	0.01	60	0	60	60	
0.4	5.4	51	544	7	3	1	60	1	60	0.01	0	0.01	0.01	60	0	60	60	
0.4	5.4	40	545	2	3	86	306589	86	306589	0.003	0	0.003	0.003	3564.99	2051.58	60	9422	
0.4	5.4	34	549	25	3	3	180	3	180	0.003	0	0.003	0.003	60	0	60	60	
0.4	5.4	41	550	1	3	2	120	2	120	0.003	0	0.003	0.003	60	0	60	60	
0.4	5.4	30	553	4	3	4	240	4	240	0.00825	0.0035	0.003	0.01	60	0	60	60	
0.4	5.4	52	554	11	3	3	180	3	180	0.003	0	0.003	0.003	60	0	60	60	
0.4	5.4	8	555	9	3	2	120	2	120	0.003	0	0.003	0.003	60	0	60	60	
0.4	5.4	27	556	7	3	142	416651	142	416651	0.003	0	0.003	0.003	2934.16	1862.32	60	9422	
0.4	5.4	21	557	5	3	2	120	2	120	0.0065	0.00494975	0.003	0.01	60	0	60	60	
0.4	5.4	17	558	8	3	6	360	6	360	0.00416667	0.00285774	0.003	0.01	60	0	60	60	
0.4	5.4	11	560	1	3	1	60	1	60	0.01	0	0.01	0.01	60	0	60	60	
0.4	5.4	57	564	3	3	1	60	1	60	0.003	0	0.003	0.003	60	0	60	60	
0.4	5.4	41	565	30	3	1	60	1	60	0.003	0	0.003	0.003	60	0	60	60	
0.4	5.4	6	566	2	3	1	60	1	60	0.003	0	0.003	0.003	60	0	60	60	
0.4	5.4	25	567	10	3	676	2417713	676	2417713	0.003	0	0.003	0.003	3576.5	1542.18	60	9422	
0.4	5.4	55	569	8	3	2	120	2	120	0.003	0	0.003	0.003	60	0	60	60	
0.4	5.4	24	570	16	3	1	60	1	60	0.01	0	0.01	0.01	60	0	60	60	
0.4	5.4	43	571	11	3	2	120	2	120	0.0065	0.00494975	0.003	0.01	60	0	60	60	
0.4	5.4	7	572	10	3	3	180	3	180	0.00766667	0.00404145	0.003	0.01	60	0	60	60	
0.4	5.4	21	573	3	3	1	60	1	60	0.003	0	0.003	0.003	60	0	60	60	
0.4	5.4	31	575	4	3	1	60	1	60	0.003	0	0.003	0.003	60	0	60	60	
0.4	5.4	21	578	1	3	211	1105033	211	1105033	0.003	0	0.003	0.003	5237.12	3493.03	45	9422	
0.4	5.4	29	579	6	3	3	180	3	180	0.00533333	0.00404145	0.003	0.01	60	0	60	60	
0.4	5.4	57	580	2	3	1	60	1	60	0.01	0	0.01	0.01	60	0	60	60	
0.4	5.4	19	581	3	3	1	60	1	60	0.003	0	0.003	0.003	60	0	60	60	
0.4	5.4	43	582	2	3	2	120	2	120	0.0065	0.00494975	0.003	0.01	60	0	60	60	
0.4	5.4	40	583	6	3	117	177066	115	174698	0.00634783	0.00351199	0.003	0.01	1519.11	996.172	60	5324	
0.4	5.4	29	584	8	3	2	120	2	120	0.0065	0.00494975	0.003	0.01	60	0	60	60	
0.4	5.4	12	587	10	3	3	180	3	180	0.00533333	0.00404145	0.003	0.01	60	0	60	60	
0.4	5.4	47	589	1	3	1	60	1	60	0.003	0	0.003	0.003	60	0	60	60	
0.4	5.4	30	591	2	3	542	2207814	542	2207814	0.00330996	0.00144135	0.003	0.01	4073.46	1443.86	56	9422	
0.4	5.4	44	592	1	3	2	120	2	120	0.01	0	0.01	0.01	60	0	60	60	
0.4	5.4	13	593	15	3	2	120	2	120	0.0065	0.00494975	0.003	0.01	60	0	60	60	
0.4	5.4	11	595	5	3	1	60	1	60	0.01	0	0.01	0.01	60	0	60	60	
0.4	5.4	49	596	8	3	1	60	1	60	0.01	0	0.01	0.01	60	0	60	60	
0.4	5.4	32	599	1	3	1	592	1	592	0.003	0	0.003	0.003	592	0	592	592	
0.4	5.4	22	602	2	3	5	300	5	300	0.0044	0.0031305	0.003	0.01	60	0	60	60	
0.4	5.4	56	604	7	3	1	60	1	60	0.01	0	0.01	0.01	60	0	60	60	
0.4	5.4	56	605	1	3	2	120	2	120	0.003	0	0.003	0.003	60	0	60	60	
0.4	5.4	23	606	5	3	2	120	2	120	0.0065	0.00494975	0.003	0.01	60	0	60	60	
0.4	5.4	17	607	3	3	4	240	4	240	0.003	0	0.003	0.003	60	0	60	60	
0.4	5.4	39	608	14	3	4	240	4	240	0.003	0	0.003	0.003	60	0	60	60	
0.4	5.4	36	609	3	3	1	60	1	60	0.01	0	0.01	0.01	60	0	60	60	
0.4	5.4	15	610	3	3	5	300	5	300	0.0058	0.00383406	0.003	0.01	60	0	60	60	
0.4	5.4	15	612	2	3	3	180	3	180	0.00766667	0.00404145	0.003	0.01	60	0	60	60	
0.4	5.4	11	613	4	3	4	240	4	240	0.00475	0.0035	0.003	0.01	60	0	60	60	
0.4	5.4	41	614	6	3	2	120	2	120	0.003	0	0.003	0.003	60	0	60	60	
0.4	5.4	52	615	9	3	1	60	1	60	0.003	0	0.003	0.003	60	0	60	60	
0.4	5.4	27	616	5	3	1	60	1	60	0.003	0	0.003	0.003	60	0	60	60	
0.4	5.4	15	618	4	3	1	60	1	60	0.01	0	0.01	0.01	60	0	60	60	
0.4	5.4	7	619	13	3	3	180	3	180	0.01	0.007	0.003	0.017	60	0	60	60	
0.4	5.4	28	620	6	3	4	240	4	240	0.00825	0.0035	0.003	0.01	60	0	60	60	
0.4	5.4	33	621	2	3	3	712	3	712	0.003	0	0.003	0.003	237.333	307.15	60	592	
0.4	5.4	18	622	5	3	1	60	1	60	0.003	0	0.003	0.003	60	0	60	60	
0.4	5.4	52	623	24	3	3	180	2	120	0.003	0	0.003	0.003	60	0	60	60	
0.4	5.4	2	625	9	3	3	180	3	180	0.00533333	0.00404145	0.003	0.01	60	0	60	60	
0.4	5.4	34	627	22	3	2	120	2	120	0.0065	0.00494975	0.003	0.01	60	0	60	60	
0.4	5.4	26	630	5	3	41	69342	41	69342	0.00539024	0.00336064	0.003	0.01	1691.27	326.848	60	1775	
0.4	5.4	56	631	4	3	1	60	1	60	0.003	0	0.003	0.003	60	0	60	60	
0.4	5.4	39	632	1	3	5	5442	5	5442	0.003	0	0.003	0.003	1088.4	742.216	60	1775	
0.4	5.4	54	634	8	3	2	120	2	120	0.0065	0.00494975	0.003	0.01	60	0	60	60	
0.4	5.4	52	635	3	3	2	120	2	120	0.003	0	0.003	0.003	60	0	60	60	
0.4	5.4	37	636	41	3	2	120	2	120	0.003	0	0.003	0.003	60	0	60	60	
0.4	5.4	6	638	11	3	62	156932	62	156932	0.003	0	0.003	0.003	2531.16	2499.77	45	9422	
0.4	5.4	25	640	6	3	3	180	3	180	0.00533333	0.00404145	0.003	0.01	60	0	60	60	
0.4	5.4	8	641	2	3	6	360	6	360	0.0065	0.00383406	0.003	0.01	60	0	60	60	
0.4	5.4	13	642	17	3	2020	2872315	2020	2872315	0.00500643	0.00316611	0.003	0.01	1421.94	688.337	56	7708	
0.4	5.4	5	643	1	3	2	120	2	120	0.0065	0.00494975	0.003	0.01	60	0	60	60	
0.4	5.4	20	645	8	3	1	60	1	60	0.003	0	0.003	0.003	60	0	60	60	
0.4	5.4	17	647	6	3	320	548782	320	548782	0.0041375	0.00258641	0.003	0.01	1714.94	1298.99	60	9422	
0.4	5.4	30	648	3	3	1	60	1	60	0.003	0	0.003	0.003	60	0	60	60	
0.4	5.4	50	649	2	3	4	240	4	240	0.01	0	0.01	0.01	60	0	60	60	
0.4	5.4	5	650	20	3	219	283129	219	283129	0.00447032	0.00285792	0.003	0.01	1292.83	577.763	60	2313	
0.4	5.4	53	651	6	3	144	736094	144	736094	0.003	0	0.003	0.003	5111.76	2830.24	45	9422	
0.4	5.4	26	652	6	3	1	60	1	60	0.01	0	0.01	0.01	60	0	60	60	
0.4	5.4	34	653	15	3	2	120	2	120	0.0065	0.00494975	0.003	0.01	60	0	60	60	
0.4	5.4	56	654	2	3	2	120	2	120	0.003	0	0.003	0.003	60	0	60	60	
0.4	5.4	47	655	5	3	208	1034371	208	1034371	0.003	0	0.003	0.003	4972.94	2440.1	45	9422	
0.4	5.4	14	656	3	3	2	120	2	120	0.0065	0.00494975	0.003	0.01	60	0	60	60	
0.4	5.4	20	657	3	3	3	180	3	180	0.00766667	0.00404145	0.003	0.01	60	0	60	60	
0.4	5.4	50	658	6	3	3	1892	3	1892	0.003	0	0.003	0.003	630.667	562.2	60	1184	
0.4	5.4	7	659	1	3	1	60	1	60	0.003	0	0.003	0.003	60	0	60	60	
0.4	5.4	5	663	40	3	1	60	1	60	0.01	0	0.01	0.01	60	0	60	60	
0.4	5.4	43	664	7	3	187	825919	187	825919	0.00513369	0.00323095	0.003	0.01	4416.68	2806.1	36	9422	
0.4	5.4	24	665	22	3	188	408036	188	408036	0.003	0	0.003	0.003	2170.4	989.045	51	5664	
0.4	5.4	43	667	9	3	89	436158	89	436158	0.003	0	0.003	0.003	4900.65	3262.05	45	9422	
0.4	5.4	24	670	2	3	3	180	3	180	0.003	0	0.003	0.003	60	0	60	60	
0.4	5.4	1	671	21	3	1	60	1	60	0.01	0	0.01	0.01	60	0	60	60	
0.4	5.4	5	672	46	3	1	60	1	60	0.003	0	0.003	0.003	60	0	60	60	
0.4	5.4	1	674	3	3	3	180	3	180	0.00766667	0.00404145	0.003	0.01	60	0	60	60	
0.4	5.4	5	676	49	3	342	639258	342	639258	0.00433041	0.00275045	0.003	0.01	1869.18	1603	45	9422	
0.4	5.4	1	678	30	3	2	120	2	120	0.01	0	0.01	0.01	60	0	60	60	
0.4	5.4	24	681	24	3	5	300	5	300	0.0058	0.00383406	0.003	0.01	60	0	60	60	
0.4	5.4	5	683	19	3	2	120	2	120	0.01	0	0.01	0.01	60	0	60	60	
0.4	5.4	5	684	31	3	2	120	2	120	0.003	0	0.003	0.003	60	0	60	60	
0.4	5.4	24	685	21	3	392	629205	392	629205	0.00485714	0.00309442	0.003	0.01	1605.11	748.526	54	6106	
0.4	5.4	1	686	1	3	2	120	2	120	0.0065	0.00494975	0.003	0.01	60	0	60	60	
0.4	5.4	5	689	16	3	2	120	2	120	0.003	0	0.003	0.003	60	0	60	60	
0.4	5.4	5	690	41	3	2	120	2	120	0.0065	0.00494975	0.003	0.01	60	0	60	60	
0.4	5.4	1	692	23	3	1	60	1	60	0.003	0	0.003	0.003	60	0	60	60	
0.4	5.4	1	693	2	3	5	300	5	300	0.0058	0.00383406	0.003	0.01	60	0	60	60	
0.4	5.4	5	694	13	3	1	60	1	60	0.01	0	0.01	0.01	60	0	60	60	
0.4	5.4	5	696	50	3	420	598845	420	598845	0.00491667	0.00312511	0.003	0.01	1425.82	620.879	56	5324	
0.4	5.4	1	697	31	3	7	8994	7	8994	0.004	0.00264575	0.003	0.01	1284.86	1143.61	60	3550	
0.4	5.4	43	699	5	3	1	60	1	60	0.01	0	0.01	0.01	60	0	60	60	
0.4	5.4	24	701	1	3	6	360	6	360	0.0065	0.00383406	0.003	0.01	60	0	60	60	
0.4	5.4	24	702	14	3	278	333316	278	333316	0.00501439	0.00317478	0.003	0.01	1198.98	1098.74	60	9422	
0.4	5.4	25	704	11	3	1	60	1	60	0.01	0	0.01	0.01	60	0	60	60	
0.4	5.4	5	705	43	3	666	933146	666	933146	0.00480781	0.00306604	0.003	0.01	1401.12	578.711	43	5861	
0.4	5.4	5	706	28	3	199	227479	199	227479	0.00465327	0.00371937	0.003	0.017	1143.11	1053.79	60	7456	
0.4	5.4	24	707	8	3	3	180	3	180	0.003	0	0.003	0.003	60	0	60	60	
0.4	5.4	5	709	12	3	4	240	4	240	0.00475	0.0035	0.003	0.01	60	0	60	60	
0.4	5.4	1	710	7	3	1	60	1	60	0.01	0	0.01	0.01	60	0	60	60	
0.4	5.4	1	711	24	3	5	300	5	300	0.0086	0.0031305	0.003	0.01	60	0	60	60	
0.4	5.4	5	712	37	3	290	444596	290	444596	0.00483448	0.00308364	0.003	0.01	1533.09	1088.26	60	7362	
0.4	5.4	5	714	51	3	4	240	4	240	0.00475	0.0035	0.003	0.01	60	0	60	60	
0.4	5.4	5	715	22	3	418	641642	418	641642	0.00303349	0.000483619	0.003	0.01	1535.03	440.737	32	4395	
0.4	5.4	30	716	9	3	3	180	3	180	0.00766667	0.00404145	0.003	0.01	60	0	60	60	
0.4	5.4	6	717	3	3	138	212684	138	212684	0.00705797	0.00346783	0.003	0.01	1541.19	1376.53	60	9422	
0.4	5.4	24	718	15	3	252	434069	252	434069	0.00466667	0.00298736	0.003	0.01	1722.5	1370.18	60	9422	
0.4	5.4	5	719	39	3	55	44536	55	44536	0.00465454	0.00300135	0.003	0.01	809.745	500.215	6	1775	
0.4	5.4	5	720	45	3	1	60	1	60	0.003	0	0.003	0.003	60	0	60	60	
0.4	5.4	5	722	11	3	480	629667	480	629667	0.00485208	0.00340591	0.003	0.017	1311.81	1176.04	7	9422	
0.4	5.4	24	724	6	3	5	300	5	300	0.003	0	0.003	0.003	60	0	60	60	
0.4	5.4	6	725	16	3	54	101917	54	101917	0.00455555	0.0029375	0.003	0.01	1887.35	1262.76	60	5324	
0.4	5.4	24	726	11	3	202	315862	202	315862	0.0054604	0.00335034	0.003	0.01	1563.67	1246.64	9	9422	
0.4	5.4	6	727	15	3	1	60	1	60	0.003	0	0.003	0.003	60	0	60	60	
0.4	5.4	24	728	13	3	121	410790	121	410790	0.003	0	0.003	0.003	3394.96	2540.63	45	9422	
0.4	5.4	5	729	14	3	1	60	1	60	0.01	0	0.01	0.01	60	0	60	60	
0.4	5.4	1	732	27	3	5	300	5	300	0.0072	0.00383406	0.003	0.01	60	0	60	60	
0.4	5.4	5	734	42	3	8	7221	8	7221	0.00475	0.00324037	0.003	0.01	902.625	506.433	60	1775	
0.4	5.4	1	736	14	3	1157	1449088	1156	1447904	0.0043564	0.00276796	0.003	0.01	1252.51	721.822	60	9422	
0.4	5.4	6	738	10	3	2	120	2	120	0.01	0	0.01	0.01	60	0	60	60	
0.4	5.4	6	739	4	3	2	120	2	120	0.01	0	0.01	0.01	60	0	60	60	
0.4	5.4	5	740	25	3	1	60	1	60	0.003	0	0.003	0.003	60	0	60	60	
0.4	5.4	1	741	28	3	4	240	4	240	0.00825	0.0035	0.003	0.01	60	0	60	60	
0.4	5.4	5	743	36	3	2	120	2	120	0.003	0	0.003	0.003	60	0	60	60	
0.4	5.4	5	745	3	3	4	2484	4	2484	0.0065	0.00404145	0.003	0.01	621	459.442	60	1184	
0.4	5.4	24	748	3	3	2	120	2	120	0.0065	0.00494975	0.003	0.01	60	0	60	60	
0.4	5.4	1	749	15	3	2	120	2	120	0.0065	0.00494975	0.003	0.01	60	0	60	60	
