% start	end	CellId	IMSI	RNTI	LCID	nTxPDUs	TxBytes	nRxPDUs	RxBytes	delay	stdDev	min	max	PduSize	stdDev	min	max
0.4	5.4	52	2	30	3	2	120	2	120	0.003	0	0.003	0.003	60	0	60	60	
0.4	5.4	37	3	18	3	2	120	2	120	0.003	0	0.003	0.003	60	0	60	60	
0.4	5.4	42	5	16	3	2	120	2	120	0.003	0	0.003	0.003	60	0	60	60	
0.4	5.4	5	6	35	3	1	60	1	60	0.003	0	0.003	0.003	60	0	60	60	
0.4	5.4	42	7	18	3	1	60	1	60	0.003	0	0.003	0.003	60	0	60	60	
0.4	5.4	19	8	12	3	2	120	2	120	0.003	0	0.003	0.003	60	0	60	60	
0.4	5.4	13	10	1	3	3	180	3	180	0.003	0	0.003	0.003	60	0	60	60	
0.4	5.4	40	12	6	3	3	180	3	180	0.01	0	0.01	0.01	60	0	60	60	
0.4	5.4	25	13	6	3	322	1368549	322	1368549	0.003	0	0.003	0.003	4250.15	1918.32	60	9422	
0.4	5.4	2	15	9	3	3	180	3	180	0.003	0	0.003	0.003	60	0	60	60	
0.4	5.4	50	17	8	3	3	180	3	180	0.01	0	0.01	0.01	60	0	60	60	
0.4	5.4	5	18	24	3	4	240	4	240	0.003	0	0.003	0.003	60	0	60	60	
0.4	5.4	42	21	7	3	3	180	3	180	0.003	0	0.003	0.003	60	0	60	60	
0.4	5.4	41	22	39	3	1	60	1	60	0.003	0	0.003	0.003	60	0	60	60	
0.4	5.4	52	26	5	3	2	120	2	120	0.003	0	0.003	0.003	60	0	60	60	
0.4	5.4	32	27	1	3	481	1623630	481	1623630	0.00394594	0.00239557	0.003	0.01	3375.53	1535.58	60	9422	
0.4	5.4	13	28	5	3	31	105430	31	105430	0.00525806	0.00332634	0.003	0.01	3400.97	2604.27	60	9422	
0.4	5.4	21	30	8	3	292	1585037	292	1585037	0.00319178	0.00114463	0.003	0.01	5428.21	2449.2	45	9422	
0.4	5.4	24	31	9	3	2	120	2	120	0.003	0	0.003	0.003	60	0	60	60	
0.4	5.4	34	34	4	3	315	464021	315	464021	0.00315555	0.00103348	0.003	0.01	1473.08	706.36	60	9422	
0.4	5.4	29	36	6	3	172	276122	172	276122	0.00450581	0.00288472	0.003	0.01	1605.36	1090.05	60	7099	
0.4	5.4	55	37	15	3	1	60	1	60	0.01	0	0.01	0.01	60	0	60	60	
0.4	5.4	42	38	17	3	34	105449	34	105449	0.003	0	0.003	0.003	3101.44	2020.84	60	9422	
0.4	5.4	52	39	20	3	1	60	1	60	0.003	0	0.003	0.003	60	0	60	60	
0.4	5.4	19	41	8	3	6	360	6	360	0.003	0	0.003	0.003	60	0	60	60	
0.4	5.4	36	42	1	3	4	240	4	240	0.003	0	0.003	0.003	60	0	60	60	
0.4	5.4	3	43	8	3	1	60	1	60	0.01	0	0.01	0.01	60	0	60	60	
0.4	5.4	55	45	6	3	2	120	2	120	0.003	0	0.003	0.003	60	0	60	60	
0.4	5.4	34	46	9	3	1	60	1	60	0.003	0	0.003	0.003	60	0	60	60	
0.4	5.4	28	47	3	3	1	60	1	60	0.01	0	0.01	0.01	60	0	60	60	
0.4	5.4	9	48	8	3	1	60	1	60	0.003	0	0.003	0.003	60	0	60	60	
0.4	5.4	37	49	2	3	1	60	1	60	0.003	0	0.003	0.003	60	0	60	60	
0.4	5.4	46	50	6	3	266	732048	266	732048	0.00515789	0.00323855	0.003	0.01	2752.06	1621.46	60	9422	
0.4	5.4	56	51	13	3	3	180	3	180	0.00533333	0.00404145	0.003	0.01	60	0	60	60	
0.4	5.4	34	52	6	3	4	240	4	240	0.003	0	0.003	0.003	60	0	60	60	
0.4	5.4	39	57	24	3	1	60	1	60	0.01	0	0.01	0.01	60	0	60	60	
0.4	5.4	9	58	11	3	1	60	1	60	0.003	0	0.003	0.003	60	0	60	60	
0.4	5.4	39	59	8	3	2	120	2	120	0.0065	0.00494975	0.003	0.01	60	0	60	60	
0.4	5.4	48	61	9	3	1	60	1	60	0.01	0	0.01	0.01	60	0	60	60	
0.4	5.4	48	64	6	3	63	304203	63	304203	0.003	0	0.003	0.003	4828.62	2802.65	60	9422	
0.4	5.4	29	65	4	3	3	180	3	180	0.00533333	0.00404145	0.003	0.01	60	0	60	60	
0.4	5.4	47	66	8	3	2	120	2	120	0.01	0	0.01	0.01	60	0	60	60	
0.4	5.4	9	69	1	3	2	120	2	120	0.01	0	0.01	0.01	60	0	60	60	
0.4	5.4	41	71	37	3	1	60	1	60	0.003	0	0.003	0.003	60	0	60	60	
0.4	5.4	56	72	14	3	1	60	1	60	0.003	0	0.003	0.003	60	0	60	60	
0.4	5.4	28	77	2	3	95	240944	95	240944	0.00565263	0.00341389	0.003	0.01	2536.25	1622.55	60	9422	
0.4	5.4	38	78	9	3	100	408452	100	408452	0.003	0	0.003	0.003	4084.52	2381.67	60	9422	
0.4	5.4	1	80	3	3	1	60	1	60	0.01	0	0.01	0.01	60	0	60	60	
0.4	5.4	41	82	5	3	7	420	7	420	0.005	0.00341565	0.003	0.01	60	0	60	60	
0.4	5.4	38	83	7	3	2	120	2	120	0.01	0	0.01	0.01	60	0	60	60	
0.4	5.4	38	84	1	3	96	527244	96	527244	0.00314583	0.00100503	0.003	0.01	5492.12	3264.49	45	9422	
0.4	5.4	22	85	8	3	5	300	5	300	0.0086	0.0031305	0.003	0.01	60	0	60	60	
0.4	5.4	2	86	7	3	472	1292473	472	1292473	0.003	0	0.003	0.003	2738.29	1385.25	60	9422	
0.4	5.4	39	87	20	3	3	180	3	180	0.003	0	0.003	0.003	60	0	60	60	
0.4	5.4	37	88	29	3	2	120	2	120	0.0065	0.00494975	0.003	0.01	60	0	60	60	
0.4	5.4	42	89	13	3	2255	3017438	2254	3016254	0.003	0	0.003	0.003	1338.18	348.942	56	3550	
0.4	5.4	21	90	12	3	5	300	5	300	0.003	0	0.003	0.003	60	0	60	60	
0.4	5.4	26	93	1	3	102	540851	102	540851	0.00306863	0.000693103	0.003	0.01	5302.46	3283.52	45	9422	
0.4	5.4	34	95	15	3	2	120	2	120	0.003	0	0.003	0.003	60	0	60	60	
0.4	5.4	24	96	14	3	2	120	2	120	0.0065	0.00494975	0.003	0.01	60	0	60	60	
0.4	5.4	41	98	34	3	1	60	1	60	0.003	0	0.003	0.003	60	0	60	60	
0.4	5.4	50	100	12	3	2	120	2	120	0.003	0	0.003	0.003	60	0	60	60	
0.4	5.4	39	101	11	3	262	720218	262	720218	0.00308015	0.00074617	0.003	0.01	2748.92	3224.97	60	9422	
0.4	5.4	56	102	6	3	1	60	1	60	0.01	0	0.01	0.01	60	0	60	60	
0.4	5.4	41	103	2	3	4	240	4	240	0.003	0	0.003	0.003	60	0	60	60	
0.4	5.4	44	106	9	3	5	300	5	300	0.0058	0.00383406	0.003	0.01	60	0	60	60	
0.4	5.4	48	107	5	3	1	60	1	60	0.003	0	0.003	0.003	60	0	60	60	
0.4	5.4	51	108	3	3	2	120	2	120	0.003	0	0.003	0.003	60	0	60	60	
0.4	5.4	27	109	5	3	405	1241797	405	1241797	0.00317284	0.00108762	0.003	0.01	3066.17	1662.75	60	9422	
0.4	5.4	14	110	6	3	144	539324	144	539324	0.003	0	0.003	0.003	3745.31	2231.96	60	9422	
0.4	5.4	55	113	19	3	1	60	1	60	0.003	0	0.003	0.003	60	0	60	60	
0.4	5.4	2	114	14	3	2	120	2	120	0.003	0	0.003	0.003	60	0	60	60	
0.4	5.4	57	116	3	3	4	240	4	240	0.00475	0.0035	0.003	0.01	60	0	60	60	
0.4	5.4	41	117	36	3	5	300	5	300	0.0044	0.0031305	0.003	0.01	60	0	60	60	
0.4	5.4	38	118	6	3	199	527275	199	527275	0.00370352	0.00210999	0.003	0.01	2649.62	3193.47	60	9422	
0.4	5.4	37	120	37	3	1	60	1	60	0.003	0	0.003	0.003	60	0	60	60	
0.4	5.4	56	122	5	3	1599	2418676	1598	2417492	0.00384543	0.00228178	0.003	0.01	1512.82	789.09	60	9422	
0.4	5.4	24	123	2	3	5	300	5	300	0.0072	0.00383406	0.003	0.01	60	0	60	60	
0.4	5.4	52	126	14	3	630	950023	629	948248	0.00316693	0.00106886	0.003	0.01	1507.55	474.376	60	9422	
0.4	5.4	41	127	3	3	2	120	2	120	0.003	0	0.003	0.003	60	0	60	60	
0.4	5.4	41	128	35	3	862	1442495	861	1439537	0.00406504	0.00251562	0.003	0.01	1671.94	1291.08	60	9422	
0.4	5.4	7	129	5	3	6	360	6	360	0.00416667	0.00285774	0.003	0.01	60	0	60	60	
0.4	5.4	41	130	13	3	2	120	2	120	0.003	0	0.003	0.003	60	0	60	60	
0.4	5.4	3	133	2	3	2	120	2	120	0.0065	0.00494975	0.003	0.01	60	0	60	60	
0.4	5.4	35	134	2	3	2	120	2	120	0.003	0	0.003	0.003	60	0	60	60	
0.4	5.4	38	137	4	3	2	120	2	120	0.003	0	0.003	0.003	60	0	60	60	
0.4	5.4	6	138	10	3	464	724647	464	724647	0.00408621	0.00253722	0.003	0.01	1561.74	916.435	60	7708	
0.4	5.4	56	139	2	3	2	120	2	120	0.0065	0.00494975	0.003	0.01	60	0	60	60	
0.4	5.4	42	140	3	3	1	60	1	60	0.003	0	0.003	0.003	60	0	60	60	
0.4	5.4	36	142	4	3	2	120	2	120	0.0065	0.00494975	0.003	0.01	60	0	60	60	
0.4	5.4	50	143	3	3	18	48042	18	48042	0.003	0	0.003	0.003	2669	1208.58	60	3550	
0.4	5.4	39	144	7	3	2	120	2	120	0.003	0	0.003	0.003	60	0	60	60	
0.4	5.4	39	145	31	3	1	60	1	60	0.003	0	0.003	0.003	60	0	60	60	
0.4	5.4	2	147	4	3	1	60	1	60	0.01	0	0.01	0.01	60	0	60	60	
0.4	5.4	40	148	9	3	2	120	2	120	0.01	0	0.01	0.01	60	0	60	60	
0.4	5.4	28	149	4	3	85	230389	85	230389	0.00308235	0.000759257	0.003	0.01	2710.46	2079.1	60	9422	
0.4	5.4	43	150	2	3	2	120	2	120	0.0065	0.00494975	0.003	0.01	60	0	60	60	
0.4	5.4	52	153	36	3	2	120	2	120	0.003	0	0.003	0.003	60	0	60	60	
0.4	5.4	56	155	12	3	1	60	1	60	0.003	0	0.003	0.003	60	0	60	60	
0.4	5.4	35	156	8	3	1250	3566351	1250	3566351	0.0034424	0.00170394	0.003	0.01	2853.08	1271.27	60	9422	
0.4	5.4	52	157	7	3	1	60	1	60	0.003	0	0.003	0.003	60	0	60	60	
0.4	5.4	56	158	7	3	116	534494	116	534494	0.003	0	0.003	0.003	4607.71	3322.35	45	9422	
0.4	5.4	34	159	7	3	2	120	2	120	0.003	0	0.003	0.003	60	0	60	60	
0.4	5.4	33	160	10	3	6	360	6	360	0.003	0	0.003	0.003	60	0	60	60	
0.4	5.4	29	161	14	3	473	692060	473	692060	0.00527907	0.00328361	0.003	0.01	1463.13	946.823	60	9422	
0.4	5.4	34	164	10	3	1	60	1	60	0.01	0	0.01	0.01	60	0	60	60	
0.4	5.4	37	165	9	3	1	60	1	60	0.003	0	0.003	0.003	60	0	60	60	
0.4	5.4	54	166	2	3	82	404197	82	404197	0.003	0	0.003	0.003	4929.23	3387.93	45	9422	
0.4	5.4	11	167	7	3	544	1325780	540	1319861	0.00437407	0.00278294	0.003	0.01	2444.19	1731.93	60	9422	
0.4	5.4	8	168	8	3	1	60	1	60	0.01	0	0.01	0.01	60	0	60	60	
0.4	5.4	20	169	6	3	115	475221	114	466348	0.003	0	0.003	0.003	4090.77	2668.95	45	9422	
0.4	5.4	19	170	1	3	1	60	1	60	0.003	0	0.003	0.003	60	0	60	60	
0.4	5.4	17	171	6	3	2	120	2	120	0.0065	0.00494975	0.003	0.01	60	0	60	60	
0.4	5.4	37	172	13	3	12	15503	12	15503	0.00708333	0.0036045	0.003	0.01	1291.92	647.765	60	1775	
0.4	5.4	8	173	11	3	1	60	1	60	0.003	0	0.003	0.003	60	0	60	60	
0.4	5.4	10	174	8	3	1	60	1	60	0.003	0	0.003	0.003	60	0	60	60	
0.4	5.4	17	176	8	3	1	60	1	60	0.01	0	0.01	0.01	60	0	60	60	
0.4	5.4	42	180	12	3	2	120	2	120	0.003	0	0.003	0.003	60	0	60	60	
0.4	5.4	49	184	4	3	2	120	2	120	0.0065	0.00494975	0.003	0.01	60	0	60	60	
0.4	5.4	39	186	30	3	2	120	2	120	0.003	0	0.003	0.003	60	0	60	60	
0.4	5.4	1	188	9	3	5	300	5	300	0.0086	0.0031305	0.003	0.01	60	0	60	60	
0.4	5.4	21	189	10	3	2	120	2	120	0.003	0	0.003	0.003	60	0	60	60	
0.4	5.4	1	190	16	3	1	60	1	60	0.01	0	0.01	0.01	60	0	60	60	
0.4	5.4	41	191	14	3	1	60	1	60	0.01	0	0.01	0.01	60	0	60	60	
0.4	5.4	22	192	4	3	612	1036400	612	1036400	0.00528758	0.00328598	0.003	0.01	1693.46	923.166	60	7708	
0.4	5.4	56	194	1	3	1	60	1	60	0.003	0	0.003	0.003	60	0	60	60	
0.4	5.4	29	197	9	3	1	60	1	60	0.003	0	0.003	0.003	60	0	60	60	
0.4	5.4	14	202	3	3	127	492510	127	492510	0.00404724	0.00250668	0.003	0.01	3878.03	2493.53	60	9422	
0.4	5.4	42	203	14	3	2	120	2	120	0.0065	0.00494975	0.003	0.01	60	0	60	60	
0.4	5.4	38	205	2	3	1	60	1	60	0.003	0	0.003	0.003	60	0	60	60	
0.4	5.4	39	206	19	3	1	60	1	60	0.003	0	0.003	0.003	60	0	60	60	
0.4	5.4	43	207	1	3	155	237573	155	237573	0.00733548	0.00359162	0.003	0.017	1532.73	878.198	60	4395	
0.4	5.4	38	209	8	3	2	120	2	120	0.0065	0.00494975	0.003	0.01	60	0	60	60	
0.4	5.4	42	211	5	3	410	1148174	410	1148174	0.003	0	0.003	0.003	2800.42	1935.97	60	9422	
0.4	5.4	27	213	6	3	2	120	2	120	0.0065	0.00494975	0.003	0.01	60	0	60	60	
0.4	5.4	39	214	5	3	1	60	1	60	0.003	0	0.003	0.003	60	0	60	60	
0.4	5.4	55	215	7	3	2	120	2	120	0.003	0	0.003	0.003	60	0	60	60	
0.4	5.4	47	216	2	3	1	60	1	60	0.003	0	0.003	0.003	60	0	60	60	
0.4	5.4	39	217	25	3	1	60	1	60	0.003	0	0.003	0.003	60	0	60	60	
0.4	5.4	33	218	9	3	193	251782	193	251782	0.00575648	0.00342901	0.003	0.01	1304.57	627.133	60	7099	
0.4	5.4	27	220	7	3	119	210194	119	210194	0.00305882	0.000641689	0.003	0.01	1766.34	1421.59	60	9422	
0.4	5.4	52	221	24	3	2	120	2	120	0.0065	0.00494975	0.003	0.01	60	0	60	60	
0.4	5.4	39	222	28	3	2	120	2	120	0.0065	0.00494975	0.003	0.01	60	0	60	60	
0.4	5.4	16	223	3	3	74	314973	74	314973	0.00347297	0.00176901	0.003	0.01	4256.39	2616.91	60	9422	
0.4	5.4	41	227	26	3	3	180	3	180	0.003	0	0.003	0.003	60	0	60	60	
0.4	5.4	55	228	17	3	3	180	3	180	0.003	0	0.003	0.003	60	0	60	60	
0.4	5.4	33	231	8	3	2	120	2	120	0.003	0	0.003	0.003	60	0	60	60	
0.4	5.4	6	233	7	3	2	120	2	120	0.003	0	0.003	0.003	60	0	60	60	
0.4	5.4	27	235	3	3	109	277629	108	275854	0.00662963	0.0035139	0.003	0.01	2554.2	1660.44	60	7690	
0.4	5.4	41	236	8	3	2	120	2	120	0.003	0	0.003	0.003	60	0	60	60	
0.4	5.4	45	238	1	3	2	120	2	120	0.01	0	0.01	0.01	60	0	60	60	
0.4	5.4	29	240	7	3	3	1892	3	1892	0.003	0	0.003	0.003	630.667	562.2	60	1184	
0.4	5.4	2	241	11	3	3	180	2	120	0.003	0	0.003	0.003	60	0	60	60	
0.4	5.4	10	243	2	3	196	458792	194	458200	0.00682474	0.00349392	0.003	0.01	2361.86	1847.5	60	9422	
0.4	5.4	8	245	2	3	2	120	2	120	0.0065	0.00494975	0.003	0.01	60	0	60	60	
0.4	5.4	47	246	9	3	2	120	2	120	0.0065	0.00494975	0.003	0.01	60	0	60	60	
0.4	5.4	20	248	5	3	204	315527	204	315527	0.00605392	0.00348	0.003	0.01	1546.7	1161.44	60	9422	
0.4	5.4	20	249	4	3	164	779901	164	779901	0.00368293	0.0020834	0.003	0.01	4755.49	3010.88	45	9422	
0.4	5.4	24	251	16	3	5	300	5	300	0.0058	0.00383406	0.003	0.01	60	0	60	60	
0.4	5.4	37	254	12	3	4	240	4	240	0.003	0	0.003	0.003	60	0	60	60	
0.4	5.4	34	255	24	3	2	120	2	120	0.003	0	0.003	0.003	60	0	60	60	
0.4	5.4	20	256	8	3	116	569278	116	569278	0.003	0	0.003	0.003	4907.57	3212.61	45	9422	
0.4	5.4	52	259	23	3	3	180	3	180	0.003	0	0.003	0.003	60	0	60	60	
0.4	5.4	6	260	5	3	21	74663	20	71705	0.003	0	0.003	0.003	3585.25	2761.3	60	9422	
0.4	5.4	12	261	1	3	2	120	2	120	0.0065	0.00494975	0.003	0.01	60	0	60	60	
0.4	5.4	20	263	2	3	2	120	2	120	0.0065	0.00494975	0.003	0.01	60	0	60	60	
0.4	5.4	21	265	13	3	1	60	1	60	0.003	0	0.003	0.003	60	0	60	60	
0.4	5.4	43	267	9	3	5	300	5	300	0.0044	0.0031305	0.003	0.01	60	0	60	60	
0.4	5.4	52	268	15	3	2	120	2	120	0.003	0	0.003	0.003	60	0	60	60	
0.4	5.4	32	269	8	3	94	245675	94	245675	0.00419149	0.00264484	0.003	0.01	2613.56	1425.83	60	5861	
0.4	5.4	11	272	10	3	3	180	3	180	0.00766667	0.00404145	0.003	0.01	60	0	60	60	
0.4	5.4	29	273	12	3	2	120	2	120	0.0065	0.00494975	0.003	0.01	60	0	60	60	
0.4	5.4	28	274	5	3	80	319615	80	319615	0.004575	0.00294152	0.003	0.01	3995.19	2728.9	45	9422	
0.4	5.4	11	276	5	3	2	120	2	120	0.0065	0.00494975	0.003	0.01	60	0	60	60	
0.4	5.4	37	277	7	3	1	60	1	60	0.003	0	0.003	0.003	60	0	60	60	
0.4	5.4	51	280	2	3	2	120	2	120	0.003	0	0.003	0.003	60	0	60	60	
0.4	5.4	15	281	4	3	5	300	5	300	0.0072	0.00383406	0.003	0.01	60	0	60	60	
0.4	5.4	6	282	9	3	1	60	1	60	0.01	0	0.01	0.01	60	0	60	60	
0.4	5.4	52	284	6	3	4	240	4	240	0.0065	0.00404145	0.003	0.01	60	0	60	60	
0.4	5.4	6	285	12	3	3	180	3	180	0.00533333	0.00404145	0.003	0.01	60	0	60	60	
0.4	5.4	37	286	32	3	3	180	3	180	0.003	0	0.003	0.003	60	0	60	60	
0.4	5.4	41	287	27	3	1	60	1	60	0.003	0	0.003	0.003	60	0	60	60	
0.4	5.4	39	288	15	3	3	180	3	180	0.00766667	0.00404145	0.003	0.01	60	0	60	60	
0.4	5.4	3	289	9	3	1	60	1	60	0.01	0	0.01	0.01	60	0	60	60	
0.4	5.4	29	290	15	3	298	503239	298	503239	0.0039396	0.00245835	0.003	0.017	1688.72	1376.37	60	9422	
0.4	5.4	45	292	5	3	170	878204	169	870514	0.003	0	0.003	0.003	5150.97	3346.06	45	9422	
0.4	5.4	49	294	5	3	2	120	2	120	0.003	0	0.003	0.003	60	0	60	60	
0.4	5.4	26	296	5	3	2	120	2	120	0.01	0	0.01	0.01	60	0	60	60	
0.4	5.4	33	297	3	3	1	60	1	60	0.01	0	0.01	0.01	60	0	60	60	
0.4	5.4	47	299	5	3	2	120	2	120	0.01	0	0.01	0.01	60	0	60	60	
0.4	5.4	43	300	11	3	162	415505	162	415505	0.00619753	0.00349772	0.003	0.01	2564.85	2564.72	60	9422	
0.4	5.4	37	301	19	3	3	180	3	180	0.003	0	0.003	0.003	60	0	60	60	
0.4	5.4	52	302	2	3	3	180	3	180	0.003	0	0.003	0.003	60	0	60	60	
0.4	5.4	33	304	5	3	552	1162763	552	1162763	0.0040779	0.00252884	0.003	0.01	2106.45	1620.02	60	9422	
0.4	5.4	37	305	3	3	1	60	1	60	0.003	0	0.003	0.003	60	0	60	60	
0.4	5.4	2	306	16	3	1	60	1	60	0.003	0	0.003	0.003	60	0	60	60	
0.4	5.4	41	307	42	3	169	217911	169	217911	0.003	0	0.003	0.003	1289.41	1019.37	60	5324	
0.4	5.4	23	308	8	3	1	60	1	60	0.003	0	0.003	0.003	60	0	60	60	
0.4	5.4	9	310	6	3	2	120	2	120	0.003	0	0.003	0.003	60	0	60	60	
0.4	5.4	55	311	22	3	5	300	5	300	0.01	0	0.01	0.01	60	0	60	60	
0.4	5.4	9	313	2	3	2	120	2	120	0.003	0	0.003	0.003	60	0	60	60	
0.4	5.4	36	314	3	3	4	240	4	240	0.00475	0.0035	0.003	0.01	60	0	60	60	
0.4	5.4	49	315	3	3	1	60	1	60	0.01	0	0.01	0.01	60	0	60	60	
0.4	5.4	54	317	1	3	38	173455	38	173455	0.003	0	0.003	0.003	4564.61	2639.18	60	9422	
0.4	5.4	42	318	8	3	83	89482	83	89482	0.00409638	0.0025596	0.003	0.01	1078.1	561.115	60	2958	
0.4	5.4	2	319	1	3	1172	1701839	1172	1701839	0.00431996	0.00273932	0.003	0.01	1452.08	881.073	60	9422	
0.4	5.4	41	320	23	3	3	180	3	180	0.003	0	0.003	0.003	60	0	60	60	
0.4	5.4	57	322	2	3	4	240	4	240	0.0065	0.00404145	0.003	0.01	60	0	60	60	
0.4	5.4	44	324	8	3	3	180	3	180	0.003	0	0.003	0.003	60	0	60	60	
0.4	5.4	55	326	21	3	2	120	2	120	0.0065	0.00494975	0.003	0.01	60	0	60	60	
0.4	5.4	22	328	6	3	1	60	1	60	0.003	0	0.003	0.003	60	0	60	60	
0.4	5.4	39	329	6	3	3	180	3	180	0.003	0	0.003	0.003	60	0	60	60	
0.4	5.4	41	331	38	3	1	60	1	60	0.01	0	0.01	0.01	60	0	60	60	
0.4	5.4	54	332	4	3	206	1110694	206	1110694	0.003	0	0.003	0.003	5391.72	3367.44	45	9422	
0.4	5.4	34	333	1	3	3	180	3	180	0.003	0	0.003	0.003	60	0	60	60	
0.4	5.4	49	334	7	3	2	120	2	120	0.0065	0.00494975	0.003	0.01	60	0	60	60	
0.4	5.4	7	335	2	3	3	180	3	180	0.003	0	0.003	0.003	60	0	60	60	
0.4	5.4	2	336	18	3	1	60	1	60	0.003	0	0.003	0.003	60	0	60	60	
0.4	5.4	3	337	5	3	123	303646	123	303646	0.003	0	0.003	0.003	2468.67	1946.91	60	9422	
0.4	5.4	56	338	3	3	1	60	1	60	0.01	0	0.01	0.01	60	0	60	60	
0.4	5.4	42	339	2	3	4	240	4	240	0.00475	0.0035	0.003	0.01	60	0	60	60	
0.4	5.4	48	340	3	3	1	60	1	60	0.003	0	0.003	0.003	60	0	60	60	
0.4	5.4	13	341	8	3	2	120	2	120	0.0065	0.00494975	0.003	0.01	60	0	60	60	
0.4	5.4	10	342	1	3	126	217881	126	217881	0.00644444	0.00351353	0.003	0.01	1729.21	1568.24	60	9422	
0.4	5.4	28	343	1	3	1	60	1	60	0.01	0	0.01	0.01	60	0	60	60	
0.4	5.4	40	345	1	3	2	120	2	120	0.0065	0.00494975	0.003	0.01	60	0	60	60	
0.4	5.4	37	346	33	3	1	60	1	60	0.003	0	0.003	0.003	60	0	60	60	
0.4	5.4	29	348	5	3	5	300	5	300	0.0058	0.00383406	0.003	0.01	60	0	60	60	
0.4	5.4	43	350	7	3	107	183603	107	183603	0.00607477	0.00349042	0.003	0.01	1715.92	1189.6	60	7099	
0.4	5.4	8	352	7	3	1	60	1	60	0.01	0	0.01	0.01	60	0	60	60	
0.4	5.4	35	355	1	3	2	120	2	120	0.003	0	0.003	0.003	60	0	60	60	
0.4	5.4	12	356	4	3	92	480510	92	480510	0.00513043	0.00323856	0.003	0.01	5222.93	3394.9	45	9422	
0.4	5.4	17	357	1	3	2	120	2	120	0.01	0	0.01	0.01	60	0	60	60	
0.4	5.4	55	359	14	3	2	120	2	120	0.003	0	0.003	0.003	60	0	60	60	
0.4	5.4	8	360	13	3	1	60	1	60	0.003	0	0.003	0.003	60	0	60	60	
0.4	5.4	37	362	28	3	1	60	1	60	0.003	0	0.003	0.003	60	0	60	60	
0.4	5.4	21	365	11	3	2	120	2	120	0.0065	0.00494975	0.003	0.01	60	0	60	60	
0.4	5.4	39	369	18	3	50	102480	50	102480	0.00314	0.000989949	0.003	0.01	2049.6	1657.79	60	9422	
0.4	5.4	40	373	5	3	128	278817	128	278817	0.00398437	0.002443	0.003	0.01	2178.26	1707.66	60	9422	
0.4	5.4	37	374	24	3	4	240	4	240	0.003	0	0.003	0.003	60	0	60	60	
0.4	5.4	19	376	7	3	2	120	2	120	0.003	0	0.003	0.003	60	0	60	60	
0.4	5.4	37	377	5	3	3	180	3	180	0.003	0	0.003	0.003	60	0	60	60	
0.4	5.4	52	378	26	3	1	60	1	60	0.003	0	0.003	0.003	60	0	60	60	
0.4	5.4	39	380	3	3	2	120	2	120	0.003	0	0.003	0.003	60	0	60	60	
0.4	5.4	25	381	5	3	2	120	2	120	0.01	0	0.01	0.01	60	0	60	60	
0.4	5.4	32	384	2	3	2	120	2	120	0.003	0	0.003	0.003	60	0	60	60	
0.4	5.4	17	386	4	3	513	624596	513	624596	0.00504678	0.00318716	0.003	0.01	1217.54	448.832	60	4733	
0.4	5.4	5	388	50	3	1335	2029767	1335	2029767	0.00316779	0.00107109	0.003	0.01	1520.42	632.346	60	9422	
0.4	5.4	8	389	3	3	1	60	1	60	0.01	0	0.01	0.01	60	0	60	60	
0.4	5.4	14	390	5	3	6	360	6	360	0.00416667	0.00285774	0.003	0.01	60	0	60	60	
0.4	5.4	41	392	12	3	1	60	1	60	0.003	0	0.003	0.003	60	0	60	60	
0.4	5.4	42	393	6	3	1	60	1	60	0.003	0	0.003	0.003	60	0	60	60	
0.4	5.4	3	394	3	3	2	120	3	180	0.00533333	0.00404145	0.003	0.01	60	0	60	60	
0.4	5.4	37	395	35	3	3	180	3	180	0.003	0	0.003	0.003	60	0	60	60	
0.4	5.4	41	396	32	3	4	240	4	240	0.003	0	0.003	0.003	60	0	60	60	
0.4	5.4	24	397	23	3	88	197176	88	197176	0.00578409	0.00344563	0.003	0.01	2240.64	1514.05	60	7708	
0.4	5.4	19	398	4	3	2	120	2	120	0.003	0	0.003	0.003	60	0	60	60	
0.4	5.4	55	400	24	3	696	982067	694	979699	0.00373631	0.00214911	0.003	0.01	1411.67	545.09	60	9422	
0.4	5.4	13	401	2	3	76	392473	76	392473	0.003	0	0.003	0.003	5164.12	3235.18	45	9422	
0.4	5.4	33	403	2	3	1	60	1	60	0.01	0	0.01	0.01	60	0	60	60	
0.4	5.4	34	404	12	3	1	60	1	60	0.003	0	0.003	0.003	60	0	60	60	
0.4	5.4	40	409	10	3	2	120	2	120	0.0065	0.00494975	0.003	0.01	60	0	60	60	
0.4	5.4	39	411	27	3	2	120	2	120	0.0065	0.00494975	0.003	0.01	60	0	60	60	
0.4	5.4	47	412	3	3	104	338655	102	328006	0.003	0	0.003	0.003	3215.75	1759.63	60	9422	
0.4	5.4	34	413	29	3	2	120	2	120	0.003	0	0.003	0.003	60	0	60	60	
0.4	5.4	4	415	7	3	3	180	3	180	0.01	0	0.01	0.01	60	0	60	60	
0.4	5.4	17	421	7	3	2	120	2	120	0.003	0	0.003	0.003	60	0	60	60	
0.4	5.4	52	422	21	3	2	120	2	120	0.003	0	0.003	0.003	60	0	60	60	
0.4	5.4	3	423	6	3	195	1007887	195	1007887	0.003	0	0.003	0.003	5168.65	3477.41	45	9422	
0.4	5.4	25	424	7	3	241	455267	239	449942	0.00367364	0.00206872	0.003	0.01	1882.6	1735.84	60	9422	
0.4	5.4	55	425	3	3	5	300	5	300	0.003	0	0.003	0.003	60	0	60	60	
0.4	5.4	34	426	5	3	3	180	3	180	0.003	0	0.003	0.003	60	0	60	60	
0.4	5.4	29	428	3	3	61	216193	61	216193	0.003	0	0.003	0.003	3544.15	2492.97	45	9422	
0.4	5.4	14	429	2	3	563	953557	561	950006	0.00488413	0.00310744	0.003	0.01	1693.42	913.091	60	5916	
0.4	5.4	34	430	14	3	1	60	1	60	0.003	0	0.003	0.003	60	0	60	60	
0.4	5.4	37	431	21	3	3	180	3	180	0.003	0	0.003	0.003	60	0	60	60	
0.4	5.4	46	433	9	3	29	106023	29	106023	0.00444827	0.00391505	0.003	0.017	3655.97	2752.74	60	9422	
0.4	5.4	41	434	22	3	2	120	2	120	0.003	0	0.003	0.003	60	0	60	60	
0.4	5.4	6	435	19	3	100	292061	100	292061	0.00426	0.00270286	0.003	0.01	2920.61	1542.84	60	9422	
0.4	5.4	55	437	25	3	2	120	2	120	0.003	0	0.003	0.003	60	0	60	60	
0.4	5.4	52	438	33	3	2	120	2	120	0.003	0	0.003	0.003	60	0	60	60	
0.4	5.4	34	439	13	3	2	120	2	120	0.003	0	0.003	0.003	60	0	60	60	
0.4	5.4	11	440	3	3	51	235000	51	235000	0.003	0	0.003	0.003	4607.84	3374.14	45	9422	
0.4	5.4	39	443	14	3	2	120	2	120	0.003	0	0.003	0.003	60	0	60	60	
0.4	5.4	37	444	4	3	1	60	1	60	0.003	0	0.003	0.003	60	0	60	60	
0.4	5.4	57	445	9	3	2	120	2	120	0.003	0	0.003	0.003	60	0	60	60	
0.4	5.4	3	446	10	3	4	240	4	240	0.0065	0.00404145	0.003	0.01	60	0	60	60	
0.4	5.4	3	447	1	3	3	180	3	180	0.00533333	0.00404145	0.003	0.01	60	0	60	60	
0.4	5.4	55	449	20	3	3	180	3	180	0.00533333	0.00404145	0.003	0.01	60	0	60	60	
0.4	5.4	37	451	14	3	3	180	3	180	0.003	0	0.003	0.003	60	0	60	60	
0.4	5.4	40	452	8	3	1	60	1	60	0.01	0	0.01	0.01	60	0	60	60	
0.4	5.4	45	456	6	3	158	894597	158	894597	0.003	0	0.003	0.003	5662.01	2894.54	60	9422	
0.4	5.4	37	457	34	3	1555	2208822	1555	2208822	0.00346366	0.00174144	0.003	0.01	1420.46	623.451	56	5324	
0.4	5.4	39	458	29	3	1	60	1	60	0.003	0	0.003	0.003	60	0	60	60	
0.4	5.4	35	462	9	3	2	120	2	120	0.0065	0.00494975	0.003	0.01	60	0	60	60	
0.4	5.4	53	463	2	3	4	240	4	240	0.00825	0.0035	0.003	0.01	60	0	60	60	
0.4	5.4	41	464	6	3	3	180	3	180	0.003	0	0.003	0.003	60	0	60	60	
0.4	5.4	41	465	10	3	2	120	2	120	0.0065	0.00494975	0.003	0.01	60	0	60	60	
0.4	5.4	20	466	3	3	2	120	2	120	0.003	0	0.003	0.003	60	0	60	60	
0.4	5.4	30	468	1	3	1	60	1	60	0.01	0	0.01	0.01	60	0	60	60	
0.4	5.4	55	469	2	3	5	300	5	300	0.003	0	0.003	0.003	60	0	60	60	
0.4	5.4	49	470	6	3	129	328484	125	324933	0.006864	0.00349503	0.003	0.01	2599.46	2316.39	60	9422	
0.4	5.4	6	471	4	3	2	120	2	120	0.003	0	0.003	0.003	60	0	60	60	
0.4	5.4	6	472	2	3	686	1198061	686	1198061	0.00498979	0.00315972	0.003	0.01	1746.44	1288.26	60	9422	
0.4	5.4	39	473	22	3	1	60	1	60	0.003	0	0.003	0.003	60	0	60	60	
0.4	5.4	31	474	1	3	505	1581826	505	1581826	0.00575841	0.00342393	0.003	0.01	3132.33	1794.17	60	9422	
0.4	5.4	19	475	6	3	3	180	3	180	0.00533333	0.00404145	0.003	0.01	60	0	60	60	
0.4	5.4	50	478	1	3	309	985349	309	985349	0.00306796	0.000687487	0.003	0.01	3188.83	1623.97	60	9422	
0.4	5.4	9	481	3	3	1	60	1	60	0.003	0	0.003	0.003	60	0	60	60	
0.4	5.4	46	482	4	3	139	313717	139	313717	0.00456115	0.00292445	0.003	0.01	2256.96	1250.3	60	5324	
0.4	5.4	2	484	8	3	3	180	3	180	0.003	0	0.003	0.003	60	0	60	60	
0.4	5.4	22	485	10	3	1	60	1	60	0.01	0	0.01	0.01	60	0	60	60	
0.4	5.4	4	486	9	3	512	1533854	512	1533854	0.00565234	0.00339912	0.003	0.01	2995.81	1518.79	60	9422	
0.4	5.4	11	487	6	3	2	120	2	120	0.0065	0.00494975	0.003	0.01	60	0	60	60	
0.4	5.4	14	488	7	3	1	60	1	60	0.003	0	0.003	0.003	60	0	60	60	
0.4	5.4	50	489	4	3	2	120	2	120	0.01	0	0.01	0.01	60	0	60	60	
0.4	5.4	34	490	25	3	3	180	3	180	0.003	0	0.003	0.003	60	0	60	60	
0.4	5.4	2	491	6	3	3	180	3	180	0.003	0	0.003	0.003	60	0	60	60	
0.4	5.4	24	492	19	3	423	893343	423	893343	0.0030331	0.000480759	0.003	0.01	2111.92	1329.8	60	9422	
0.4	5.4	52	493	11	3	2	120	2	120	0.003	0	0.003	0.003	60	0	60	60	
0.4	5.4	17	494	11	3	124	356410	124	356410	0.003	0	0.003	0.003	2874.27	1995.73	60	9422	
0.4	5.4	44	495	1	3	659	3264133	659	3264133	0.003	0	0.003	0.003	4953.16	1980.94	60	9422	
0.4	5.4	45	496	7	3	1	60	1	60	0.003	0	0.003	0.003	60	0	60	60	
0.4	5.4	41	497	4	3	7	420	7	420	0.004	0.00264575	0.003	0.01	60	0	60	60	
0.4	5.4	37	498	27	3	2	120	2	120	0.003	0	0.003	0.003	60	0	60	60	
0.4	5.4	52	501	22	3	3	180	3	180	0.00533333	0.00404145	0.003	0.01	60	0	60	60	
0.4	5.4	37	502	36	3	2	120	2	120	0.003	0	0.003	0.003	60	0	60	60	
0.4	5.4	41	505	30	3	703	952398	703	952398	0.00308961	0.000787504	0.003	0.01	1354.76	471.124	60	9422	
0.4	5.4	2	506	17	3	5	300	5	300	0.003	0	0.003	0.003	60	0	60	60	
0.4	5.4	27	507	8	3	1	60	1	60	0.003	0	0.003	0.003	60	0	60	60	
0.4	5.4	50	508	11	3	30	151567	30	151567	0.003	0	0.003	0.003	5052.23	3242.74	45	9422	
0.4	5.4	42	509	10	3	5	300	5	300	0.003	0	0.003	0.003	60	0	60	60	
0.4	5.4	41	510	11	3	3	180	3	180	0.003	0	0.003	0.003	60	0	60	60	
0.4	5.4	50	511	10	3	1	60	1	60	0.01	0	0.01	0.01	60	0	60	60	
0.4	5.4	52	512	1	3	2	120	2	120	0.003	0	0.003	0.003	60	0	60	60	
0.4	5.4	56	516	16	3	3	180	3	180	0.003	0	0.003	0.003	60	0	60	60	
0.4	5.4	44	518	2	3	2	120	2	120	0.01	0	0.01	0.01	60	0	60	60	
0.4	5.4	35	520	3	3	4	240	4	240	0.00475	0.0035	0.003	0.01	60	0	60	60	
0.4	5.4	22	521	12	3	1	60	1	60	0.01	0	0.01	0.01	60	0	60	60	
0.4	5.4	52	523	8	3	3	180	3	180	0.003	0	0.003	0.003	60	0	60	60	
0.4	5.4	17	524	10	3	1	60	1	60	0.01	0	0.01	0.01	60	0	60	60	
0.4	5.4	21	527	14	3	38	164043	38	164043	0.003	0	0.003	0.003	4316.92	1768.26	60	6255	
0.4	5.4	39	528	21	3	1	60	1	60	0.003	0	0.003	0.003	60	0	60	60	
0.4	5.4	18	529	3	3	4	240	4	240	0.0065	0.00404145	0.003	0.01	60	0	60	60	
0.4	5.4	11	530	4	3	1	60	1	60	0.01	0	0.01	0.01	60	0	60	60	
0.4	5.4	48	531	4	3	3	180	3	180	0.00766667	0.00404145	0.003	0.01	60	0	60	60	
0.4	5.4	14	538	4	3	4	240	4	240	0.0065	0.00404145	0.003	0.01	60	0	60	60	
0.4	5.4	37	540	11	3	5	300	5	300	0.0044	0.0031305	0.003	0.01	60	0	60	60	
0.4	5.4	15	541	1	3	139	508420	139	508420	0.0061223	0.00349215	0.003	0.01	3657.7	2369.72	60	9422	
0.4	5.4	42	542	1	3	71	193152	71	193152	0.0041831	0.00264202	0.003	0.01	2720.45	1689.89	60	9422	
0.4	5.4	37	543	20	3	136	271887	136	271887	0.00475	0.00304229	0.003	0.01	1999.17	1142.24	60	5861	
0.4	5.4	39	545	13	3	2	120	2	120	0.01	0	0.01	0.01	60	0	60	60	
0.4	5.4	24	548	1	3	2	120	2	120	0.01	0	0.01	0.01	60	0	60	60	
0.4	5.4	21	549	5	3	1	60	1	60	0.003	0	0.003	0.003	60	0	60	60	
0.4	5.4	21	550	15	3	3	180	3	180	0.00533333	0.00404145	0.003	0.01	60	0	60	60	
0.4	5.4	44	551	10	3	2	120	2	120	0.0065	0.00494975	0.003	0.01	60	0	60	60	
0.4	5.4	31	552	2	3	3	1892	2	708	0.003	0	0.003	0.003	354	415.779	60	648	
0.4	5.4	2	555	3	3	1	60	1	60	0.003	0	0.003	0.003	60	0	60	60	
0.4	5.4	40	558	3	3	3	180	3	180	0.01	0	0.01	0.01	60	0	60	60	
0.4	5.4	43	559	3	3	78	368825	78	368825	0.003	0	0.003	0.003	4728.53	2990.76	45	9422	
0.4	5.4	36	560	2	3	3	180	3	180	0.003	0	0.003	0.003	60	0	60	60	
0.4	5.4	49	562	2	3	1	60	1	60	0.003	0	0.003	0.003	60	0	60	60	
0.4	5.4	21	564	1	3	4	240	4	240	0.003	0	0.003	0.003	60	0	60	60	
0.4	5.4	57	567	4	3	189	528493	189	528493	0.00307407	0.000718165	0.003	0.01	2796.26	1153.26	60	9422	
0.4	5.4	45	568	10	3	2	120	2	120	0.003	0	0.003	0.003	60	0	60	60	
0.4	5.4	21	569	7	3	2	120	2	120	0.003	0	0.003	0.003	60	0	60	60	
0.4	5.4	46	571	11	3	105	477933	105	477933	0.003	0	0.003	0.003	4551.74	3769.67	45	9422	
0.4	5.4	52	572	34	3	374	1448709	374	1448709	0.003	0	0.003	0.003	3873.55	2117.74	60	9422	
0.4	5.4	9	573	5	3	212	635099	212	635099	0.003	0	0.003	0.003	2995.75	1858	60	9422	
0.4	5.4	9	574	10	3	243	358742	243	358742	0.00625514	0.00349863	0.003	0.01	1476.3	1463.08	60	9422	
0.4	5.4	52	575	25	3	2	120	2	120	0.0065	0.00494975	0.003	0.01	60	0	60	60	
0.4	5.4	33	577	1	3	1	60	1	60	0.003	0	0.003	0.003	60	0	60	60	
0.4	5.4	26	579	6	3	107	589358	107	589358	0.003	0	0.003	0.003	5508.02	3101.06	45	9422	
0.4	5.4	33	580	7	3	2	120	2	120	0.003	0	0.003	0.003	60	0	60	60	
0.4	5.4	41	583	1	3	1	60	1	60	0.003	0	0.003	0.003	60	0	60	60	
0.4	5.4	10	584	3	3	2	120	2	120	0.003	0	0.003	0.003	60	0	60	60	
0.4	5.4	47	585	6	3	2	120	2	120	0.003	0	0.003	0.003	60	0	60	60	
0.4	5.4	44	587	3	3	2	120	2	120	0.0065	0.00494975	0.003	0.01	60	0	60	60	
0.4	5.4	25	588	4	3	3	180	3	180	0.01	0	0.01	0.01	60	0	60	60	
0.4	5.4	8	589	4	3	577	1877088	576	1876496	0.00397222	0.00242292	0.003	0.01	3257.81	2154.78	60	9422	
0.4	5.4	43	590	4	3	650	1352425	650	1352425	0.00466923	0.0029853	0.003	0.01	2080.65	1272.14	60	9422	
0.4	5.4	42	591	4	3	3	180	3	180	0.003	0	0.003	0.003	60	0	60	60	
0.4	5.4	31	592	6	3	2	120	2	120	0.0065	0.00494975	0.003	0.01	60	0	60	60	
0.4	5.4	50	593	6	3	3	180	3	180	0.00533333	0.00404145	0.003	0.01	60	0	60	60	
0.4	5.4	17	594	5	3	4	240	4	240	0.0065	0.00404145	0.003	0.01	60	0	60	60	
0.4	5.4	33	599	11	3	3	180	3	180	0.003	0	0.003	0.003	60	0	60	60	
0.4	5.4	23	600	10	3	320	1799260	320	1799260	0.003	0	0.003	0.003	5622.69	3251.99	45	9422	
0.4	5.4	37	601	38	3	3	180	3	180	0.003	0	0.003	0.003	60	0	60	60	
0.4	5.4	37	602	26	3	1409	1950530	1408	1949346	0.00475497	0.00303503	0.003	0.01	1384.48	422.953	60	4395	
0.4	5.4	38	606	3	3	1	60	1	60	0.003	0	0.003	0.003	60	0	60	60	
0.4	5.4	6	607	18	3	2	120	2	120	0.0065	0.00494975	0.003	0.01	60	0	60	60	
0.4	5.4	34	608	16	3	5	300	5	300	0.003	0	0.003	0.003	60	0	60	60	
0.4	5.4	2	612	5	3	2	652	2	652	0.003	0	0.003	0.003	326	376.181	60	592	
0.4	5.4	6	613	16	3	143	224420	143	224420	0.00383217	0.0022735	0.003	0.01	1569.37	1079.99	60	4395	
0.4	5.4	46	614	2	3	4	240	4	240	0.003	0	0.003	0.003	60	0	60	60	
0.4	5.4	52	615	4	3	5	300	5	300	0.003	0	0.003	0.003	60	0	60	60	
0.4	5.4	2	618	12	3	3	180	3	180	0.003	0	0.003	0.003	60	0	60	60	
0.4	5.4	31	621	4	3	154	793614	154	793614	0.003	0	0.003	0.003	5153.34	3327.91	45	9422	
0.4	5.4	41	622	21	3	7	420	7	420	0.003	0	0.003	0.003	60	0	60	60	
0.4	5.4	25	623	14	3	1	60	1	60	0.01	0	0.01	0.01	60	0	60	60	
0.4	5.4	14	625	1	3	192	422152	192	422152	0.00547917	0.00335657	0.003	0.01	2198.71	1290.28	60	7099	
0.4	5.4	9	627	7	3	680	851198	680	851198	0.00393676	0.00238499	0.003	0.01	1251.76	684.154	60	9422	
0.4	5.4	21	629	9	3	1	60	1	60	0.003	0	0.003	0.003	60	0	60	60	
0.4	5.4	27	630	4	3	3	180	3	180	0.00766667	0.00404145	0.003	0.01	60	0	60	60	
0.4	5.4	40	631	2	3	1	60	1	60	0.01	0	0.01	0.01	60	0	60	60	
0.4	5.4	55	632	18	3	2	120	2	120	0.01	0	0.01	0.01	60	0	60	60	
0.4	5.4	34	634	8	3	1200	1407224	1199	1406040	0.00306422	0.000667674	0.003	0.01	1172.68	231.833	60	2367	
0.4	5.4	8	635	1	3	87	389541	87	389541	0.00308046	0.000750479	0.003	0.01	4477.48	3256.55	45	9422	
0.4	5.4	22	636	3	3	3	180	3	180	0.00533333	0.00404145	0.003	0.01	60	0	60	60	
0.4	5.4	50	637	9	3	312	1641604	312	1641604	0.003	0	0.003	0.003	5261.55	2920.72	45	9422	
0.4	5.4	10	638	6	3	122	646744	122	646744	0.003	0	0.003	0.003	5301.18	2679.11	45	9422	
0.4	5.4	24	639	24	3	1	60	1	60	0.003	0	0.003	0.003	60	0	60	60	
0.4	5.4	46	640	5	3	1	60	1	60	0.01	0	0.01	0.01	60	0	60	60	
0.4	5.4	4	641	5	3	2	120	2	120	0.0065	0.00494975	0.003	0.01	60	0	60	60	
0.4	5.4	52	642	27	3	3	180	3	180	0.003	0	0.003	0.003	60	0	60	60	
0.4	5.4	9	643	4	3	3	180	3	180	0.00766667	0.00404145	0.003	0.01	60	0	60	60	
0.4	5.4	47	644	4	3	395	1345056	395	1345056	0.00427595	0.00270594	0.003	0.01	3405.21	1757.14	60	9422	
0.4	5.4	30	645	3	3	2	120	1	60	0.01	0	0.01	0.01	60	0	60	60	
0.4	5.4	13	647	6	3	1	60	1	60	0.003	0	0.003	0.003	60	0	60	60	
0.4	5.4	57	650	1	3	3	180	3	180	0.00533333	0.00404145	0.003	0.01	60	0	60	60	
0.4	5.4	39	652	16	3	156	440323	155	430901	0.00340645	0.00164236	0.003	0.01	2780.01	1766.36	60	9422	
0.4	5.4	56	653	9	3	1	60	1	60	0.003	0	0.003	0.003	60	0	60	60	
0.4	5.4	4	654	1	3	1	60	1	60	0.01	0	0.01	0.01	60	0	60	60	
0.4	5.4	7	655	6	3	2	120	2	120	0.0065	0.00494975	0.003	0.01	60	0	60	60	
0.4	5.4	28	656	7	3	230	719721	230	719721	0.00491739	0.00312856	0.003	0.01	3129.22	2621.89	45	9422	
0.4	5.4	34	657	23	3	2	120	2	120	0.0065	0.00494975	0.003	0.01	60	0	60	60	
0.4	5.4	41	658	20	3	3	180	3	180	0.003	0	0.003	0.003	60	0	60	60	
0.4	5.4	5	661	31	3	1	60	1	60	0.01	0	0.01	0.01	60	0	60	60	
0.4	5.4	1	662	24	3	1	60	1	60	0.01	0	0.01	0.01	60	0	60	60	
0.4	5.4	5	663	48	3	307	380763	307	380763	0.00350163	0.00180843	0.003	0.01	1240.27	871.011	60	6882	
0.4	5.4	5	666	55	3	479	792575	479	792575	0.00513361	0.00322563	0.003	0.01	1654.65	1208.12	60	9422	
0.4	5.4	24	667	10	3	3	180	3	180	0.00766667	0.00404145	0.003	0.01	60	0	60	60	
0.4	5.4	24	668	25	3	1	60	1	60	0.01	0	0.01	0.01	60	0	60	60	
0.4	5.4	1	671	1	3	3	180	3	180	0.00533333	0.00404145	0.003	0.01	60	0	60	60	
0.4	5.4	1	672	19	3	2	120	2	120	0.01	0	0.01	0.01	60	0	60	60	
0.4	5.4	5	673	54	3	3	180	3	180	0.00533333	0.00404145	0.003	0.01	60	0	60	60	
0.4	5.4	6	674	14	3	4	240	4	240	0.00475	0.0035	0.003	0.01	60	0	60	60	
0.4	5.4	5	675	28	3	6	360	6	360	0.00533333	0.00361478	0.003	0.01	60	0	60	60	
0.4	5.4	5	677	45	3	1	60	1	60	0.01	0	0.01	0.01	60	0	60	60	
0.4	5.4	24	679	18	3	2	120	2	120	0.0065	0.00494975	0.003	0.01	60	0	60	60	
0.4	5.4	5	680	33	3	1	60	1	60	0.003	0	0.003	0.003	60	0	60	60	
0.4	5.4	1	682	25	3	1	60	1	60	0.01	0	0.01	0.01	60	0	60	60	
0.4	5.4	5	683	8	3	2	120	2	120	0.003	0	0.003	0.003	60	0	60	60	
0.4	5.4	23	684	9	3	1	60	1	60	0.01	0	0.01	0.01	60	0	60	60	
0.4	5.4	25	685	10	3	3	180	3	180	0.01	0	0.01	0.01	60	0	60	60	
0.4	5.4	5	686	44	3	249	308253	249	308253	0.00592369	0.00362649	0.003	0.017	1237.96	610.525	60	3182	
0.4	5.4	6	687	8	3	412	739241	411	738057	0.00562287	0.00339244	0.003	0.01	1795.76	1687.62	58	9422	
0.4	5.4	5	690	37	3	2	120	2	120	0.003	0	0.003	0.003	60	0	60	60	
0.4	5.4	23	691	1	3	4	240	4	240	0.00825	0.0035	0.003	0.01	60	0	60	60	
0.4	5.4	5	693	22	3	428	823405	428	823405	0.0031472	0.00100552	0.003	0.01	1923.84	1101.38	60	5324	
0.4	5.4	1	694	27	3	1	60	1	60	0.01	0	0.01	0.01	60	0	60	60	
0.4	5.4	5	697	9	3	4	240	4	240	0.0065	0.00404145	0.003	0.01	60	0	60	60	
0.4	5.4	43	699	8	3	38	53400	38	53400	0.00686842	0.00451527	0.003	0.017	1405.26	866.678	60	3550	
0.4	5.4	6	700	6	3	2	120	2	120	0.0065	0.00494975	0.003	0.01	60	0	60	60	
0.4	5.4	1	701	7	3	3	180	3	180	0.00533333	0.00404145	0.003	0.01	60	0	60	60	
0.4	5.4	24	702	5	3	1066	1471727	1064	1468177	0.0055921	0.00338179	0.003	0.01	1379.87	934.443	60	9422	
0.4	5.4	1	703	18	3	258	646221	258	646221	0.00413953	0.00258924	0.003	0.01	2504.73	2684.43	60	9422	
0.4	5.4	5	704	53	3	4	240	4	240	0.00475	0.0035	0.003	0.01	60	0	60	60	
0.4	5.4	5	705	3	3	2	120	2	120	0.0065	0.00494975	0.003	0.01	60	0	60	60	
0.4	5.4	24	707	21	3	1	60	1	60	0.003	0	0.003	0.003	60	0	60	60	
0.4	5.4	1	708	5	3	290	328228	290	328228	0.00763448	0.00331676	0.003	0.01	1131.82	1237.8	60	9422	
0.4	5.4	1	709	11	3	2	120	2	120	0.01	0	0.01	0.01	60	0	60	60	
0.4	5.4	5	710	29	3	244	471138	244	471138	0.003	0	0.003	0.003	1930.89	1645.21	60	7099	
0.4	5.4	5	712	7	3	2	120	2	120	0.0065	0.00494975	0.003	0.01	60	0	60	60	
0.4	5.4	25	716	1	3	2	120	2	120	0.01	0	0.01	0.01	60	0	60	60	
0.4	5.4	25	717	15	3	2	120	2	120	0.0065	0.00494975	0.003	0.01	60	0	60	60	
0.4	5.4	5	719	36	3	3	180	3	180	0.003	0	0.003	0.003	60	0	60	60	
0.4	5.4	5	720	32	3	2	120	2	120	0.003	0	0.003	0.003	60	0	60	60	
0.4	5.4	24	721	20	3	1	60	1	60	0.003	0	0.003	0.003	60	0	60	60	
0.4	5.4	1	723	10	3	1	60	1	60	0.01	0	0.01	0.01	60	0	60	60	
0.4	5.4	5	726	30	3	127	344501	127	344501	0.00404724	0.00293544	0.003	0.017	2712.61	2387.63	45	9422	
0.4	5.4	24	729	15	3	1	60	1	60	0.01	0	0.01	0.01	60	0	60	60	
0.4	5.4	25	731	13	3	2	120	2	120	0.003	0	0.003	0.003	60	0	60	60	
0.4	5.4	1	732	8	3	3	180	3	180	0.01	0	0.01	0.01	60	0	60	60	
0.4	5.4	1	733	26	3	2	120	2	120	0.0065	0.00494975	0.003	0.01	60	0	60	60	
0.4	5.4	24	736	8	3	93	199533	93	199533	0.003	0	0.003	0.003	2145.52	1464.18	60	6255	
0.4	5.4	5	738	12	3	2	120	2	120	0.003	0	0.003	0.003	60	0	60	60	
0.4	5.4	5	739	2	3	2	120	3	180	0.003	0	0.003	0.003	60	0	60	60	
0.4	5.4	5	740	4	3	586	905017	586	905017	0.00409898	0.00254876	0.003	0.01	1544.4	498.16	60	4395	
0.4	5.4	5	741	11	3	3	180	3	180	0.003	0	0.003	0.003	60	0	60	60	
0.4	5.4	6	742	11	3	2	120	2	120	0.003	0	0.003	0.003	60	0	60	60	
0.4	5.4	24	743	12	3	4	240	4	240	0.00825	0.0035	0.003	0.01	60	0	60	60	
0.4	5.4	1	744	17	3	1	60	1	60	0.003	0	0.003	0.003	60	0	60	60	
0.4	5.4	25	746	3	3	2	120	2	120	0.0065	0.00494975	0.003	0.01	60	0	60	60	
0.4	5.4	1	747	4	3	2	120	2	120	0.0065	0.00494975	0.003	0.01	60	0	60	60	
0.4	5.4	6	749	17	3	1	60	1	60	0.003	0	0.003	0.003	60	0	60	60	
0.4	5.4	1	750	22	3	1	60	1	60	0.01	0	0.01	0.01	60	0	60	60	
