% start	end	CellId	IMSI	RNTI	LCID	nTxPDUs	TxBytes	nRxPDUs	RxBytes	delay	stdDev	min	max	PduSize	stdDev	min	max
0.4	0.5	41	1	31	4	66	12738	66	12738	0.00321212	0.00120913	0.003	0.01	193	0	193	193	
0.4	0.5	46	2	3	4	100	23300	100	23300	0.003	0	0.003	0.003	233	0	233	233	
0.4	0.5	42	3	12	4	98	12250	98	12250	0.00314286	0.000994832	0.003	0.01	125	0	125	125	
0.4	0.5	2	4	9	4	100	25300	100	25300	0.003	0	0.003	0.003	253	0	253	253	
0.4	0.5	1	5	17	4	66	5082	65	5005	0.00687692	0.00350672	0.003	0.01	77	0	77	77	
0.4	0.5	13	6	3	4	100	32499	100	32499	0.003	0	0.003	0.003	324.99	0.1	324	325	
0.4	0.5	4	7	5	4	100	46898	100	46898	0.003	0	0.003	0.003	468.98	0.2	467	469	
0.4	0.5	48	8	9	4	53	13409	51	12903	0.00972549	0.00137227	0.003	0.01	253	0	253	253	
0.4	0.5	50	9	5	4	100	74900	100	74900	0.003	0	0.003	0.003	749	0	749	749	
0.4	0.5	24	10	9	4	100	4898	100	4898	0.003	0	0.003	0.003	48.98	0.2	47	49	
0.4	0.5	2	11	2	4	100	20100	100	20100	0.003	0	0.003	0.003	201	0	201	201	
0.4	0.5	48	12	10	4	100	23790	100	23894	0.003	0	0.003	0.003	238.94	23.1908	201	253	
0.4	0.5	8	13	1	4	100	48500	100	48498	0.003	0	0.003	0.003	484.98	0.2	483	485	
0.4	0.5	24	14	16	4	88	19424	87	19271	0.00404598	0.00251002	0.003	0.01	221.506	18.2061	193	233	
0.4	0.5	48	15	7	4	53	8161	53	8161	0.0089434	0.00252994	0.003	0.01	153.981	7.22839	137	157	
0.4	0.5	34	16	6	4	84	6468	84	6468	0.00433333	0.00276525	0.003	0.01	77	0	77	77	
0.4	0.5	38	17	13	4	96	38816	97	39189	0.00328866	0.0013991	0.003	0.01	404.01	103.97	373	749	
0.4	0.5	6	18	1	4	100	12499	100	12499	0.003	0	0.003	0.003	124.99	0.1	124	125	
0.4	0.5	4	19	2	4	99	31775	99	31807	0.00307071	0.000703526	0.003	0.01	321.283	6.79141	309	325	
0.4	0.5	39	20	2	4	50	3850	50	3850	0.003	0	0.003	0.003	77	0	77	77	
0.4	0.5	41	21	27	4	66	8250	66	8250	0.003	0	0.003	0.003	125	0	125	125	
0.4	0.5	20	22	9	4	100	74900	100	74900	0.003	0	0.003	0.003	749	0	749	749	
0.4	0.5	49	23	7	4	100	37196	100	36932	0.003	0	0.003	0.003	369.32	128.788	269	533	
0.4	0.5	7	24	6	4	100	59698	100	59698	0.003	0	0.003	0.003	596.98	0.2	595	597	
0.4	0.5	15	25	11	4	100	10060	100	9990	0.003	0	0.003	0.003	99.9	35.1129	67	137	
0.4	0.5	16	26	9	4	100	74900	100	74900	0.003	0	0.003	0.003	749	0	749	749	
0.4	0.5	46	27	8	4	80	18640	79	18407	0.00486076	0.00311215	0.003	0.01	233	0	233	233	
0.4	0.5	52	28	25	4	100	3200	100	3200	0.003	0	0.003	0.003	32	0	32	32	
0.4	0.5	16	29	5	4	90	14010	89	13853	0.00378652	0.00222318	0.003	0.01	155.652	5.04322	137	157	
0.4	0.5	9	30	1	4	100	59812	100	60020	0.003	0	0.003	0.003	600.2	41.8096	517	621	
0.4	0.5	43	31	18	4	100	16100	100	16100	0.003	0	0.003	0.003	161	0	161	161	
0.4	0.5	5	32	14	4	51	6375	51	6375	0.003	0	0.003	0.003	125	0	125	125	
0.4	0.5	34	33	11	4	100	15300	100	15300	0.003	0	0.003	0.003	153	0	153	153	
0.4	0.5	33	34	4	4	100	69300	100	69300	0.003	0	0.003	0.003	693	0	693	693	
0.4	0.5	19	35	11	4	98	67706	99	68199	0.00314141	0.000989847	0.003	0.01	688.879	75.3278	533	749	
0.4	0.5	56	36	9	4	73	11461	75	11775	0.00542667	0.00335379	0.003	0.01	157	0	157	157	
0.4	0.5	15	37	12	4	100	10060	100	9990	0.003	0	0.003	0.003	99.9	35.1129	67	137	
0.4	0.5	26	38	2	4	100	30900	100	30900	0.003	0	0.003	0.003	309	0	309	309	
0.4	0.5	53	39	9	4	59	11419	63	12311	0.00777778	0.00328459	0.003	0.01	195.413	14.7677	157	201	
0.4	0.5	22	40	3	4	100	27698	100	27698	0.003	0	0.003	0.003	276.98	0.2	275	277	
0.4	0.5	39	41	21	4	50	1600	50	1600	0.003	0	0.003	0.003	32	0	32	32	
0.4	0.5	38	42	11	4	100	18068	100	18068	0.003	0	0.003	0.003	180.68	53.5622	161	325	
0.4	0.5	37	43	30	4	71	1562	69	1518	0.003	0	0.003	0.003	22	0	22	22	
0.4	0.5	11	44	10	4	100	20100	100	20100	0.003	0	0.003	0.003	201	0	201	201	
0.4	0.5	31	45	5	4	100	15300	100	15300	0.003	0	0.003	0.003	153	0	153	153	
0.4	0.5	26	46	8	4	100	25300	100	25300	0.003	0	0.003	0.003	253	0	253	253	
0.4	0.5	55	47	18	4	100	6700	100	6700	0.003	0	0.003	0.003	67	0	67	67	
0.4	0.5	17	48	3	4	100	38898	100	38898	0.003	0	0.003	0.003	388.98	0.2	387	389	
0.4	0.5	55	49	25	4	100	26900	100	26900	0.003	0	0.003	0.003	269	0	269	269	
0.4	0.5	18	50	7	4	100	105600	100	105600	0.003	0	0.003	0.003	1056	0	1056	1056	
0.4	0.5	45	51	2	4	96	18527	96	18527	0.00336458	0.00156353	0.003	0.01	192.99	0.102062	192	193	
0.4	0.5	48	52	6	4	100	32404	100	32404	0.003	0	0.003	0.003	324.04	3.81893	309	325	
0.4	0.5	41	53	10	4	63	4221	62	4154	0.00412903	0.00259561	0.003	0.01	67	0	67	67	
0.4	0.5	37	54	28	4	71	6886	71	6886	0.003	0	0.003	0.003	96.9859	0.118678	96	97	
0.4	0.5	45	55	11	4	100	6700	100	6700	0.003	0	0.003	0.003	67	0	67	67	
0.4	0.5	2	56	1	4	100	74900	100	74900	0.003	0	0.003	0.003	749	0	749	749	
0.4	0.5	31	57	11	4	100	16100	100	16100	0.003	0	0.003	0.003	161	0	161	161	
0.4	0.5	54	58	7	4	99	29391	100	29692	0.00307	0.0007	0.003	0.01	296.92	16.2305	233	301	
0.4	0.5	51	59	5	4	100	20898	100	20898	0.003	0	0.003	0.003	208.98	0.2	207	209	
0.4	0.5	18	60	6	4	100	38900	100	38900	0.003	0	0.003	0.003	389	0	389	389	
0.4	0.5	42	61	3	4	100	9700	100	9700	0.003	0	0.003	0.003	97	0	97	97	
0.4	0.5	41	62	26	4	65	8125	65	8125	0.00343077	0.0016953	0.003	0.01	125	0	125	125	
0.4	0.5	16	63	3	4	100	25300	100	25300	0.003	0	0.003	0.003	253	0	253	253	
0.4	0.5	53	64	4	4	100	54395	100	54395	0.003	0	0.003	0.003	543.95	53.9655	532	807	
0.4	0.5	17	65	5	4	52	15652	50	15050	0.00944	0.00191833	0.003	0.01	301	0	301	301	
0.4	0.5	4	66	4	4	54	25326	53	24857	0.00920755	0.00223915	0.003	0.01	469	0	469	469	
0.4	0.5	13	67	11	4	100	38900	100	38900	0.003	0	0.003	0.003	389	0	389	389	
0.4	0.5	44	68	10	4	100	74900	100	74900	0.003	0	0.003	0.003	749	0	749	749	
0.4	0.5	23	69	5	4	100	13700	100	13700	0.003	0	0.003	0.003	137	0	137	137	
0.4	0.5	50	70	3	4	100	20100	100	20100	0.003	0	0.003	0.003	201	0	201	201	
0.4	0.5	42	71	4	4	100	16100	100	16100	0.003	0	0.003	0.003	161	0	161	161	
0.4	0.5	11	72	9	4	98	45962	98	45962	0.00314286	0.000994832	0.003	0.01	469	0	469	469	
0.4	0.5	35	73	5	4	100	38900	100	38900	0.003	0	0.003	0.003	389	0	389	389	
0.4	0.5	8	74	4	4	100	30100	100	30100	0.003	0	0.003	0.003	301	0	301	301	
0.4	0.5	35	75	8	4	100	25300	100	25300	0.003	0	0.003	0.003	253	0	253	253	
0.4	0.5	4	76	9	4	100	15700	100	15700	0.003	0	0.003	0.003	157	0	157	157	
0.4	0.5	14	77	3	4	96	57311	96	57311	0.00329167	0.00140613	0.003	0.01	596.99	0.102062	596	597	
0.4	0.5	43	78	8	4	100	23300	100	23300	0.003	0	0.003	0.003	233	0	233	233	
0.4	0.5	38	79	10	4	100	21652	100	21652	0.003	0	0.003	0.003	216.52	64.0133	193	389	
0.4	0.5	16	80	8	4	100	25300	100	25300	0.003	0	0.003	0.003	253	0	253	253	
0.4	0.5	49	81	5	4	52	5135	53	5252	0.00920755	0.00223915	0.003	0.01	99.0943	26.3908	77	201	
0.4	0.5	57	82	5	4	100	34864	100	34864	0.003	0	0.003	0.003	348.64	118.571	233	469	
0.4	0.5	41	83	29	4	62	4154	62	4154	0.003	0	0.003	0.003	67	0	67	67	
0.4	0.5	18	84	2	4	100	15300	100	15300	0.003	0	0.003	0.003	153	0	153	153	
0.4	0.5	34	85	12	4	100	4899	100	4899	0.003	0	0.003	0.003	48.99	0.1	48	49	
0.4	0.5	22	86	4	4	100	105600	100	105600	0.003	0	0.003	0.003	1056	0	1056	1056	
0.4	0.5	44	87	8	4	100	13700	100	13700	0.003	0	0.003	0.003	137	0	137	137	
0.4	0.5	23	88	7	4	100	32499	100	32499	0.003	0	0.003	0.003	324.99	0.1	324	325	
0.4	0.5	30	89	6	4	49	11417	51	11883	0.01	0	0.01	0.01	233	0	233	233	
0.4	0.5	7	90	1	4	50	11650	49	11417	0.01	0	0.01	0.01	233	0	233	233	
0.4	0.5	28	91	6	4	100	20100	100	20100	0.003	0	0.003	0.003	201	0	201	201	
0.4	0.5	11	92	7	4	100	50484	100	50484	0.003	0	0.003	0.003	504.84	31.9288	469	533	
0.4	0.5	54	93	1	4	100	30100	100	30100	0.003	0	0.003	0.003	301	0	301	301	
0.4	0.5	38	94	8	4	100	14036	100	14036	0.003	0	0.003	0.003	140.36	41.8046	125	253	
0.4	0.5	57	95	2	4	100	55724	100	55724	0.003	0	0.003	0.003	557.24	188.909	373	749	
0.4	0.5	19	96	7	4	100	74900	100	74900	0.003	0	0.003	0.003	749	0	749	749	
0.4	0.5	44	97	3	4	99	30479	99	30479	0.00307071	0.000703526	0.003	0.01	307.869	7.91878	253	309	
0.4	0.5	55	98	15	4	100	16100	100	16100	0.003	0	0.003	0.003	161	0	161	161	
0.4	0.5	25	99	6	4	100	25300	100	25300	0.003	0	0.003	0.003	253	0	253	253	
0.4	0.5	1	100	25	4	100	9700	100	9700	0.003	0	0.003	0.003	97	0	97	97	
0.4	0.5	39	101	31	4	50	6250	50	6250	0.003	0	0.003	0.003	125	0	125	125	
0.4	0.5	21	102	8	4	100	7820	100	7820	0.003	0	0.003	0.003	78.2	25.7917	67	137	
0.4	0.5	33	103	1	4	100	105729	100	105807	0.003	0	0.003	0.003	1058.07	8.5991	1056	1095	
0.4	0.5	42	104	6	4	99	12375	99	12375	0.00307071	0.000703526	0.003	0.01	125	0	125	125	
0.4	0.5	8	105	3	4	100	38900	100	38900	0.003	0	0.003	0.003	389	0	389	389	
0.4	0.5	35	106	12	4	100	53300	100	53300	0.003	0	0.003	0.003	533	0	533	533	
0.4	0.5	15	107	7	4	57	5589	61	5977	0.00781967	0.00326858	0.003	0.01	97.9836	35.4826	77	157	
0.4	0.5	39	108	39	4	52	3484	52	3484	0.003	0	0.003	0.003	67	0	67	67	
0.4	0.5	56	109	6	4	79	15879	78	15678	0.00479487	0.00307634	0.003	0.01	201	0	201	201	
0.4	0.5	41	110	38	4	63	4221	63	4221	0.00322222	0.00123712	0.003	0.01	67	0	67	67	
0.4	0.5	25	111	5	4	98	24794	98	24794	0.00314286	0.000994832	0.003	0.01	253	0	253	253	
0.4	0.5	39	112	50	4	50	1100	49	1078	0.003	0	0.003	0.003	22	0	22	22	
0.4	0.5	40	113	3	4	100	105600	100	105600	0.003	0	0.003	0.003	1056	0	1056	1056	
0.4	0.5	42	114	10	4	57	5529	58	5626	0.00806896	0.00315596	0.003	0.01	97	0	97	97	
0.4	0.5	6	115	10	4	100	6700	100	6700	0.003	0	0.003	0.003	67	0	67	67	
0.4	0.5	23	116	8	4	100	38900	100	38900	0.003	0	0.003	0.003	389	0	389	389	
0.4	0.5	12	117	8	4	100	20100	100	20100	0.003	0	0.003	0.003	201	0	201	201	
0.4	0.5	41	118	22	4	60	7500	60	7500	0.00393333	0.00239962	0.003	0.01	125	0	125	125	
0.4	0.5	31	119	15	4	100	23300	100	23300	0.003	0	0.003	0.003	233	0	233	233	
0.4	0.5	37	120	26	4	69	5313	69	5313	0.0032029	0.00118296	0.003	0.01	77	0	77	77	
0.4	0.5	53	121	3	4	76	24076	76	24044	0.00502631	0.00319572	0.003	0.01	316.368	8.02802	309	325	
0.4	0.5	29	122	5	4	100	59700	100	59700	0.003	0	0.003	0.003	597	0	597	597	
0.4	0.5	2	123	6	4	100	53300	100	53300	0.003	0	0.003	0.003	533	0	533	533	
0.4	0.5	37	124	35	4	76	2432	74	2368	0.00309459	0.000813733	0.003	0.01	32	0	32	32	
0.4	0.5	28	125	3	4	100	13700	100	13700	0.003	0	0.003	0.003	137	0	137	137	
0.4	0.5	27	126	3	4	100	74900	100	74900	0.003	0	0.003	0.003	749	0	749	749	
0.4	0.5	41	127	15	4	64	4288	65	4355	0.003	0	0.003	0.003	67	0	67	67	
0.4	0.5	32	128	1	4	100	105600	100	105600	0.003	0	0.003	0.003	1056	0	1056	1056	
0.4	0.5	31	129	12	4	100	6700	100	6700	0.003	0	0.003	0.003	67	0	67	67	
0.4	0.5	19	130	10	4	63	19243	65	19893	0.00698461	0.00349326	0.003	0.01	306.046	30.8405	253	325	
0.4	0.5	56	131	3	4	100	31620	100	31620	0.003	0	0.003	0.003	316.2	31.5422	309	453	
0.4	0.5	47	132	3	4	100	65390	100	65116	0.003	0	0.003	0.003	651.16	131.469	533	903	
0.4	0.5	39	133	32	4	53	6625	53	6625	0.003	0	0.003	0.003	125	0	125	125	
0.4	0.5	4	134	1	4	51	7907	52	8064	0.00932692	0.00208375	0.003	0.01	155.077	5.95357	137	157	
0.4	0.5	4	135	8	4	100	74900	100	74900	0.003	0	0.003	0.003	749	0	749	749	
0.4	0.5	3	136	3	4	100	59700	100	59700	0.003	0	0.003	0.003	597	0	597	597	
0.4	0.5	47	137	9	4	100	53396	100	53172	0.003	0	0.003	0.003	531.72	101.082	469	693	
0.4	0.5	41	138	9	4	63	4851	63	4851	0.003	0	0.003	0.003	77	0	77	77	
0.4	0.5	32	139	4	4	100	93500	100	93500	0.003	0	0.003	0.003	935	0	935	935	
0.4	0.5	42	140	9	4	100	37297	100	37297	0.003	0	0.003	0.003	372.97	0.171447	372	373	
0.4	0.5	48	141	5	4	100	32500	100	32500	0.003	0	0.003	0.003	325	0	325	325	
0.4	0.5	44	142	5	4	100	74900	100	74900	0.003	0	0.003	0.003	749	0	749	749	
0.4	0.5	52	143	17	4	100	6700	100	6700	0.003	0	0.003	0.003	67	0	67	67	
0.4	0.5	31	144	7	4	63	7875	63	7875	0.00688889	0.00350627	0.003	0.01	125	0	125	125	
0.4	0.5	31	145	8	4	87	10875	87	10875	0.00404598	0.00251002	0.003	0.01	125	0	125	125	
0.4	0.5	19	146	1	4	53	24281	50	22874	0.00944	0.00191833	0.003	0.01	457.48	39.4628	325	469	
0.4	0.5	23	147	9	4	100	25300	100	25300	0.003	0	0.003	0.003	253	0	253	253	
0.4	0.5	50	148	6	4	100	46900	100	46900	0.003	0	0.003	0.003	469	0	469	469	
0.4	0.5	52	149	3	4	99	6633	99	6633	0.00307071	0.000703526	0.003	0.01	67	0	67	67	
0.4	0.5	11	150	6	4	62	18382	62	18382	0.00740322	0.00340905	0.003	0.01	296.484	34.022	253	325	
0.4	0.5	6	151	17	4	98	22834	98	22834	0.00314286	0.000994832	0.003	0.01	233	0	233	233	
0.4	0.5	45	152	12	4	96	22368	96	22368	0.00329167	0.00140613	0.003	0.01	233	0	233	233	
0.4	0.5	38	153	2	4	100	10948	100	10948	0.003	0	0.003	0.003	109.48	33.9663	97	201	
0.4	0.5	21	154	9	4	100	7820	100	7820	0.003	0	0.003	0.003	78.2	25.7917	67	137	
0.4	0.5	34	155	4	4	100	19300	100	19300	0.003	0	0.003	0.003	193	0	193	193	
0.4	0.5	48	156	4	4	100	25300	100	25300	0.003	0	0.003	0.003	253	0	253	253	
0.4	0.5	49	157	10	4	60	5340	62	5574	0.00729032	0.00343744	0.003	0.01	89.9032	29.6641	77	157	
0.4	0.5	49	158	3	4	53	4321	53	4321	0.00907547	0.00239269	0.003	0.01	81.5283	18.6636	77	157	
0.4	0.5	43	159	6	4	100	23300	100	23300	0.003	0	0.003	0.003	233	0	233	233	
0.4	0.5	8	160	6	4	100	48500	100	48500	0.003	0	0.003	0.003	485	0	485	485	
0.4	0.5	42	161	1	4	100	19300	100	19300	0.003	0	0.003	0.003	193	0	193	193	
0.4	0.5	48	162	11	4	100	20100	100	20100	0.003	0	0.003	0.003	201	0	201	201	
0.4	0.5	7	163	7	4	100	38900	100	38900	0.003	0	0.003	0.003	389	0	389	389	
0.4	0.5	11	164	4	4	100	25300	100	25300	0.003	0	0.003	0.003	253	0	253	253	
0.4	0.5	39	165	6	4	49	3713	51	3877	0.00382353	0.00227777	0.003	0.01	76.0196	3.00327	67	77	
0.4	0.5	27	166	8	4	100	13700	100	13700	0.003	0	0.003	0.003	137	0	137	137	
0.4	0.5	41	167	34	4	63	4849	63	4849	0.003	0	0.003	0.003	76.9683	0.251976	75	77	
0.4	0.5	24	168	3	4	100	12500	100	12500	0.003	0	0.003	0.003	125	0	125	125	
0.4	0.5	21	169	6	4	100	14548	100	14548	0.003	0	0.003	0.003	145.48	47.162	125	253	
0.4	0.5	41	170	6	4	55	8854	55	8854	0.00643636	0.00353167	0.003	0.01	160.982	0.13484	160	161	
0.4	0.5	45	171	8	4	100	19300	100	19300	0.003	0	0.003	0.003	193	0	193	193	
0.4	0.5	52	172	6	4	100	6700	100	6700	0.003	0	0.003	0.003	67	0	67	67	
0.4	0.5	46	173	4	4	100	105600	100	105600	0.003	0	0.003	0.003	1056	0	1056	1056	
0.4	0.5	39	174	42	4	53	3551	52	3484	0.003	0	0.003	0.003	67	0	67	67	
0.4	0.5	53	175	6	4	100	16002	100	16002	0.003	0	0.003	0.003	160.02	14.9734	155	233	
0.4	0.5	20	176	2	4	100	74900	100	74900	0.003	0	0.003	0.003	749	0	749	749	
0.4	0.5	52	177	7	4	64	7216	63	7035	0.00677778	0.00351698	0.003	0.01	111.667	14.0964	97	125	
0.4	0.5	35	178	3	4	100	25298	100	25298	0.003	0	0.003	0.003	252.98	0.2	251	253	
0.4	0.5	15	179	10	4	62	7330	63	7471	0.00722222	0.00345218	0.003	0.01	118.587	41.3485	77	201	
0.4	0.5	24	180	15	4	99	14447	99	14503	0.00307071	0.000703526	0.003	0.01	146.495	11.885	125	153	
0.4	0.5	54	181	2	4	100	38900	100	38900	0.003	0	0.003	0.003	389	0	389	389	
0.4	0.5	23	182	2	4	100	20100	100	20100	0.003	0	0.003	0.003	201	0	201	201	
0.4	0.5	10	183	2	4	100	13699	100	13700	0.003	0	0.003	0.003	137	0	137	137	
0.4	0.5	22	184	2	4	100	51700	100	51700	0.003	0	0.003	0.003	517	0	517	517	
0.4	0.5	39	185	19	4	51	1512	50	1490	0.00398	0.00245357	0.003	0.01	29.8	4.18452	22	32	
0.4	0.5	16	186	7	4	100	27988	100	27988	0.003	0	0.003	0.003	279.88	28.1185	253	309	
0.4	0.5	12	187	5	4	100	32500	100	32500	0.003	0	0.003	0.003	325	0	325	325	
0.4	0.5	10	188	8	4	100	32500	100	32500	0.003	0	0.003	0.003	325	0	325	325	
0.4	0.5	10	189	1	4	79	11583	78	11426	0.00488461	0.00312502	0.003	0.01	146.487	10.0515	137	157	
0.4	0.5	36	190	2	4	100	80700	100	80700	0.003	0	0.003	0.003	807	0	807	807	
0.4	0.5	17	191	2	4	100	20900	100	20900	0.003	0	0.003	0.003	209	0	209	209	
0.4	0.5	55	192	21	4	76	10340	76	10312	0.00521053	0.00327543	0.003	0.01	135.684	20.9369	97	153	
0.4	0.5	6	193	19	4	51	3896	52	3983	0.00946154	0.00188348	0.003	0.01	76.5962	1.94291	67	77	
0.4	0.5	9	194	2	4	100	77500	100	77500	0.003	0	0.003	0.003	775	0	775	775	
0.4	0.5	39	195	7	4	49	3712	51	3876	0.00464706	0.00299882	0.003	0.01	76	3	67	77	
0.4	0.5	5	196	41	4	51	8211	51	8211	0.003	0	0.003	0.003	161	0	161	161	
0.4	0.5	12	197	2	4	100	32500	100	32500	0.003	0	0.003	0.003	325	0	325	325	
0.4	0.5	53	198	5	4	81	15709	80	15264	0.0044875	0.0028816	0.003	0.01	190.8	39.3666	157	253	
0.4	0.5	6	199	9	4	100	12500	100	12500	0.003	0	0.003	0.003	125	0	125	125	
0.4	0.5	13	200	1	4	94	23782	94	23782	0.00344681	0.00172032	0.003	0.01	253	0	253	253	
0.4	0.5	54	201	8	4	100	45300	100	45300	0.003	0	0.003	0.003	453	0	453	453	
0.4	0.5	41	202	23	4	62	7750	63	7875	0.00433333	0.00277082	0.003	0.01	125	0	125	125	
0.4	0.5	30	203	3	4	100	105715	100	105793	0.003	0	0.003	0.003	1057.93	8.45697	1056	1095	
0.4	0.5	52	204	1	4	95	6077	95	6077	0.00336842	0.00157137	0.003	0.01	63.9684	6.77205	49	67	
0.4	0.5	13	205	6	4	100	20012	100	19924	0.003	0	0.003	0.003	199.24	8.66564	157	201	
0.4	0.5	34	206	14	4	65	10281	67	10603	0.00665672	0.00352288	0.003	0.01	158.254	3.82711	153	161	
0.4	0.5	56	207	8	4	100	63510	100	63510	0.003	0	0.003	0.003	635.1	61.7701	621	903	
0.4	0.5	34	208	13	4	98	12248	98	12248	0.00314286	0.000994832	0.003	0.01	124.98	0.202031	123	125	
0.4	0.5	55	209	16	4	100	4900	100	4900	0.003	0	0.003	0.003	49	0	49	49	
0.4	0.5	6	210	7	4	100	16099	100	16099	0.003	0	0.003	0.003	160.99	0.1	160	161	
0.4	0.5	47	211	5	4	70	11446	72	11684	0.00591667	0.00347526	0.003	0.01	162.278	19.4554	157	233	
0.4	0.5	21	212	5	4	98	14042	98	14042	0.00314286	0.000994832	0.003	0.01	143.286	45.021	125	253	
0.4	0.5	45	213	5	4	100	37300	100	37300	0.003	0	0.003	0.003	373	0	373	373	
0.4	0.5	1	214	11	4	86	13158	86	13158	0.003	0	0.003	0.003	153	0	153	153	
0.4	0.5	55	215	17	4	100	4900	100	4900	0.003	0	0.003	0.003	49	0	49	49	
0.4	0.5	42	216	7	4	97	12125	97	12125	0.00321649	0.00121815	0.003	0.01	125	0	125	125	
0.4	0.5	31	217	10	4	100	15300	100	15300	0.003	0	0.003	0.003	153	0	153	153	
0.4	0.5	13	218	7	4	100	74900	100	74900	0.003	0	0.003	0.003	749	0	749	749	
0.4	0.5	31	219	4	4	100	12500	100	12500	0.003	0	0.003	0.003	125	0	125	125	
0.4	0.5	52	220	8	4	100	4900	100	4900	0.003	0	0.003	0.003	49	0	49	49	
0.4	0.5	28	221	5	4	100	25298	100	25298	0.003	0	0.003	0.003	252.98	0.2	251	253	
0.4	0.5	5	222	2	4	48	17904	48	17904	0.003	0	0.003	0.003	373	0	373	373	
0.4	0.5	52	223	10	4	100	9700	100	9700	0.003	0	0.003	0.003	97	0	97	97	
0.4	0.5	51	224	1	4	100	80700	100	80700	0.003	0	0.003	0.003	807	0	807	807	
0.4	0.5	28	225	9	4	100	20100	100	20100	0.003	0	0.003	0.003	201	0	201	201	
0.4	0.5	28	226	1	4	100	62100	100	62100	0.003	0	0.003	0.003	621	0	621	621	
0.4	0.5	39	227	15	4	55	1690	53	1636	0.0040566	0.00252994	0.003	0.01	30.8679	3.19878	22	32	
0.4	0.5	45	228	3	4	50	6250	50	6250	0.01	0	0.01	0.01	125	0	125	125	
0.4	0.5	1	229	19	4	82	30586	82	30586	0.0032561	0.00132228	0.003	0.01	373	0	373	373	
0.4	0.5	52	230	5	4	100	4900	100	4900	0.003	0	0.003	0.003	49	0	49	49	
0.4	0.5	57	231	1	4	100	45780	100	45780	0.003	0	0.003	0.003	457.8	160.774	301	621	
0.4	0.5	39	232	30	4	51	13719	51	13719	0.003	0	0.003	0.003	269	0	269	269	
0.4	0.5	37	233	17	4	76	3724	77	3773	0.003	0	0.003	0.003	49	0	49	49	
0.4	0.5	43	234	3	4	84	7688	84	7708	0.00425	0.00269705	0.003	0.01	91.7619	8.84624	77	97	
0.4	0.5	55	235	24	4	95	8915	95	8915	0.00329474	0.00141326	0.003	0.01	93.8421	7.33153	77	97	
0.4	0.5	53	236	10	4	100	20500	100	20500	0.003	0	0.003	0.003	205	19.6946	201	301	
0.4	0.5	2	237	5	4	100	30900	100	30900	0.003	0	0.003	0.003	309	0	309	309	
0.4	0.5	3	238	2	4	100	23300	100	23300	0.003	0	0.003	0.003	233	0	233	233	
0.4	0.5	15	239	8	4	100	23972	100	23808	0.003	0	0.003	0.003	238.08	82.2646	161	325	
0.4	0.5	26	240	1	4	100	13700	100	13700	0.003	0	0.003	0.003	137	0	137	137	
0.4	0.5	37	241	9	4	76	12236	76	12236	0.003	0	0.003	0.003	161	0	161	161	
0.4	0.5	55	242	14	4	100	9699	100	9699	0.003	0	0.003	0.003	96.99	0.1	96	97	
0.4	0.5	37	243	34	4	70	5390	69	5313	0.00310145	0.000842701	0.003	0.01	77	0	77	77	
0.4	0.5	39	244	33	4	50	1490	50	1500	0.00314	0.000989949	0.003	0.01	30	4.04061	22	32	
0.4	0.5	11	245	2	4	82	17194	82	17194	0.00470732	0.00302454	0.003	0.01	209.683	48.065	157	253	
0.4	0.5	41	246	30	4	68	5234	69	5311	0.003	0	0.003	0.003	76.971	0.240772	75	77	
0.4	0.5	32	247	5	4	100	51700	100	51700	0.003	0	0.003	0.003	517	0	517	517	
0.4	0.5	55	248	5	4	99	9603	99	9603	0.00307071	0.000703526	0.003	0.01	97	0	97	97	
0.4	0.5	57	249	4	4	99	14595	99	14595	0.00307071	0.000703526	0.003	0.01	147.424	52.2406	97	201	
0.4	0.5	50	250	1	4	51	8007	52	8164	0.00932692	0.00208375	0.003	0.01	157	0	157	157	
0.4	0.5	6	251	8	4	100	26900	100	26900	0.003	0	0.003	0.003	269	0	269	269	
0.4	0.5	39	252	17	4	54	2425	53	2410	0.00366038	0.00206568	0.003	0.01	45.4717	6.96034	32	49	
0.4	0.5	41	253	16	4	61	4697	61	4697	0.00472131	0.00303936	0.003	0.01	77	0	77	77	
0.4	0.5	23	254	3	4	69	10833	71	11147	0.00605634	0.00349648	0.003	0.01	157	0	157	157	
0.4	0.5	13	255	12	4	100	13698	100	13698	0.003	0	0.003	0.003	136.98	0.2	135	137	
0.4	0.5	57	256	10	4	100	24136	100	24136	0.003	0	0.003	0.003	241.36	82.3966	161	325	
0.4	0.5	45	257	9	4	100	15300	100	15300	0.003	0	0.003	0.003	153	0	153	153	
0.4	0.5	38	258	9	4	93	18673	93	18673	0.00352688	0.00185678	0.003	0.01	200.785	45.9957	161	389	
0.4	0.5	10	259	7	4	100	20100	100	20100	0.003	0	0.003	0.003	201	0	201	201	
0.4	0.5	45	260	4	4	49	3773	51	3927	0.01	0	0.01	0.01	77	0	77	77	
0.4	0.5	39	261	10	4	53	12349	53	12349	0.003	0	0.003	0.003	233	0	233	233	
0.4	0.5	17	262	1	4	100	69300	100	69300	0.003	0	0.003	0.003	693	0	693	693	
0.4	0.5	56	263	4	4	100	31620	100	31620	0.003	0	0.003	0.003	316.2	31.5422	309	453	
0.4	0.5	14	264	1	4	100	77500	100	77500	0.003	0	0.003	0.003	775	0	775	775	
0.4	0.5	17	265	7	4	100	45298	100	45298	0.003	0	0.003	0.003	452.98	0.2	451	453	
0.4	0.5	29	266	7	4	100	20899	100	20899	0.003	0	0.003	0.003	208.99	0.1	208	209	
0.4	0.5	39	267	40	4	63	4221	63	4221	0.003	0	0.003	0.003	67	0	67	67	
0.4	0.5	37	268	1	4	77	5159	76	5092	0.003	0	0.003	0.003	67	0	67	67	
0.4	0.5	52	269	21	4	98	17633	98	17633	0.00314286	0.000994832	0.003	0.01	179.929	15.8005	161	193	
0.4	0.5	29	270	6	4	100	30100	100	30100	0.003	0	0.003	0.003	301	0	301	301	
0.4	0.5	31	271	14	4	98	12248	98	12248	0.00314286	0.000994832	0.003	0.01	124.98	0.202031	123	125	
0.4	0.5	5	272	15	4	51	6375	51	6375	0.003	0	0.003	0.003	125	0	125	125	
0.4	0.5	15	273	3	4	100	11540	100	11460	0.003	0	0.003	0.003	114.6	40.1291	77	157	
0.4	0.5	48	274	8	4	80	16080	80	16080	0.0048375	0.00309938	0.003	0.01	201	0	201	201	
0.4	0.5	35	275	4	4	69	10093	68	9936	0.00629412	0.00351992	0.003	0.01	146.118	10.0351	137	157	
0.4	0.5	37	276	5	4	77	3771	76	3722	0.003	0	0.003	0.003	48.9737	0.229416	47	49	
0.4	0.5	39	277	45	4	50	8050	50	8050	0.003	0	0.003	0.003	161	0	161	161	
0.4	0.5	16	278	4	4	100	25300	100	25300	0.003	0	0.003	0.003	253	0	253	253	
0.4	0.5	31	279	9	4	99	7623	99	7623	0.00307071	0.000703526	0.003	0.01	77	0	77	77	
0.4	0.5	14	280	2	4	100	46900	100	46900	0.003	0	0.003	0.003	469	0	469	469	
0.4	0.5	21	281	11	4	100	11364	100	11364	0.003	0	0.003	0.003	113.64	38.3191	97	201	
0.4	0.5	35	282	11	4	100	28212	100	28212	0.003	0	0.003	0.003	282.12	28.1185	253	309	
0.4	0.5	34	283	8	4	100	7700	100	7700	0.003	0	0.003	0.003	77	0	77	77	
0.4	0.5	39	284	43	4	53	3551	53	3551	0.003	0	0.003	0.003	67	0	67	67	
0.4	0.5	54	285	4	4	99	23067	100	23300	0.00307	0.0007	0.003	0.01	233	0	233	233	
0.4	0.5	3	286	4	4	100	20900	100	20899	0.003	0	0.003	0.003	208.99	0.1	208	209	
0.4	0.5	19	287	5	4	100	74900	100	74900	0.003	0	0.003	0.003	749	0	749	749	
0.4	0.5	5	288	20	4	51	6375	51	6375	0.003	0	0.003	0.003	125	0	125	125	
0.4	0.5	37	289	12	4	69	3381	70	3430	0.0031	0.00083666	0.003	0.01	49	0	49	49	
0.4	0.5	46	290	5	4	100	45298	100	45298	0.003	0	0.003	0.003	452.98	0.2	451	453	
0.4	0.5	45	291	16	4	100	15300	100	15300	0.003	0	0.003	0.003	153	0	153	153	
0.4	0.5	20	292	4	4	100	74900	100	74900	0.003	0	0.003	0.003	749	0	749	749	
0.4	0.5	27	293	1	4	100	30900	100	30900	0.003	0	0.003	0.003	309	0	309	309	
0.4	0.5	1	294	8	4	86	13846	86	13846	0.003	0	0.003	0.003	161	0	161	161	
0.4	0.5	52	295	4	4	100	9699	100	9699	0.003	0	0.003	0.003	96.99	0.1	96	97	
0.4	0.5	37	296	19	4	76	5092	76	5092	0.003	0	0.003	0.003	67	0	67	67	
0.4	0.5	3	297	1	4	100	38900	100	38900	0.003	0	0.003	0.003	389	0	389	389	
0.4	0.5	47	298	6	4	56	14576	55	14187	0.00847273	0.00291773	0.003	0.01	257.945	25.6929	253	389	
0.4	0.5	10	299	6	4	87	19357	88	19610	0.00403409	0.00249804	0.003	0.01	222.841	25.8363	199	253	
0.4	0.5	27	300	4	4	78	58422	76	56924	0.00521053	0.00327543	0.003	0.01	749	0	749	749	
0.4	0.5	32	301	3	4	100	31700	100	31700	0.003	0	0.003	0.003	317	0	317	317	
0.4	0.5	44	302	4	4	100	25300	100	25300	0.003	0	0.003	0.003	253	0	253	253	
0.4	0.5	25	303	10	4	100	25300	100	25300	0.003	0	0.003	0.003	253	0	253	253	
0.4	0.5	48	304	2	4	100	30900	100	30900	0.003	0	0.003	0.003	309	0	309	309	
0.4	0.5	4	305	3	4	100	38898	100	38898	0.003	0	0.003	0.003	388.98	0.2	387	389	
0.4	0.5	46	306	2	4	100	48498	100	48498	0.003	0	0.003	0.003	484.98	0.2	483	485	
0.4	0.5	47	307	4	4	100	35076	100	34932	0.003	0	0.003	0.003	349.32	64.9816	309	453	
0.4	0.5	1	308	24	4	85	8243	86	8340	0.003	0	0.003	0.003	96.9767	0.215666	95	97	
0.4	0.5	37	309	10	4	70	3430	71	3479	0.003	0	0.003	0.003	49	0	49	49	
0.4	0.5	38	310	12	4	98	40312	98	40312	0.00314286	0.000994832	0.003	0.01	411.347	114.408	371	749	
0.4	0.5	31	311	6	4	95	7314	95	7314	0.00336842	0.00157137	0.003	0.01	76.9895	0.102598	76	77	
0.4	0.5	15	312	5	4	100	39571	100	39307	0.003	0	0.003	0.003	393.07	132.435	268	533	
0.4	0.5	16	313	6	4	100	13700	100	13700	0.003	0	0.003	0.003	137	0	137	137	
0.4	0.5	41	314	13	4	67	1474	65	1430	0.003	0	0.003	0.003	22	0	22	22	
0.4	0.5	30	315	7	4	100	59700	100	59700	0.003	0	0.003	0.003	597	0	597	597	
0.4	0.5	8	316	7	4	100	69299	100	69299	0.003	0	0.003	0.003	692.99	0.1	692	693	
0.4	0.5	52	317	2	4	83	7149	82	7032	0.00436585	0.00279113	0.003	0.01	85.7561	10.0093	76	97	
0.4	0.5	41	318	33	4	63	3087	63	3087	0.003	0	0.003	0.003	49	0	49	49	
0.4	0.5	30	319	4	4	100	105715	100	105793	0.003	0	0.003	0.003	1057.93	8.45697	1056	1095	
0.4	0.5	5	320	21	4	51	6375	51	6375	0.003	0	0.003	0.003	125	0	125	125	
0.4	0.5	49	321	11	4	100	26942	100	26746	0.003	0	0.003	0.003	267.46	95.5895	193	389	
0.4	0.5	15	322	9	4	100	23972	100	23808	0.003	0	0.003	0.003	238.08	82.2646	161	325	
0.4	0.5	54	323	6	4	100	48049	100	48049	0.003	0	0.003	0.003	480.49	11.1496	453	485	
0.4	0.5	19	324	6	4	92	16952	91	16839	0.00376923	0.0022014	0.003	0.01	185.044	21.2707	157	201	
0.4	0.5	6	325	4	4	100	15300	100	15300	0.003	0	0.003	0.003	153	0	153	153	
0.4	0.5	31	326	3	4	100	23300	100	23300	0.003	0	0.003	0.003	233	0	233	233	
0.4	0.5	50	327	8	4	100	13700	100	13700	0.003	0	0.003	0.003	137	0	137	137	
0.4	0.5	23	328	10	4	100	15700	100	15700	0.003	0	0.003	0.003	157	0	157	157	
0.4	0.5	19	329	4	4	100	25300	100	25300	0.003	0	0.003	0.003	253	0	253	253	
0.4	0.5	27	330	2	4	100	20100	100	20100	0.003	0	0.003	0.003	201	0	201	201	
0.4	0.5	57	331	8	4	100	24136	100	24136	0.003	0	0.003	0.003	241.36	82.3966	161	325	
0.4	0.5	34	332	5	4	56	8316	55	8191	0.00872727	0.00272475	0.003	0.01	148.927	9.96262	125	153	
0.4	0.5	11	333	1	4	99	22967	99	22967	0.00307071	0.000703526	0.003	0.01	231.99	25.6465	201	253	
0.4	0.5	28	334	7	4	100	13698	100	13698	0.003	0	0.003	0.003	136.98	0.2	135	137	
0.4	0.5	20	335	8	4	100	74899	100	74899	0.003	0	0.003	0.003	748.99	0.1	748	749	
0.4	0.5	10	336	3	4	100	46900	100	46900	0.003	0	0.003	0.003	469	0	469	469	
0.4	0.5	55	337	3	4	69	10929	70	11090	0.0062	0.0035123	0.003	0.01	158.429	9.33836	125	161	
0.4	0.5	2	338	8	4	100	13700	100	13700	0.003	0	0.003	0.003	137	0	137	137	
0.4	0.5	43	339	1	4	53	4001	53	4001	0.0089434	0.00252994	0.003	0.01	75.4906	3.6142	67	77	
0.4	0.5	38	340	4	4	100	10948	100	10948	0.003	0	0.003	0.003	109.48	33.9663	97	201	
0.4	0.5	36	341	1	4	100	77500	100	77500	0.003	0	0.003	0.003	775	0	775	775	
0.4	0.5	39	342	12	4	57	21259	57	21259	0.003	0	0.003	0.003	372.965	0.264906	371	373	
0.4	0.5	44	343	9	4	100	46900	100	46900	0.003	0	0.003	0.003	469	0	469	469	
0.4	0.5	12	344	3	4	100	53300	100	53300	0.003	0	0.003	0.003	533	0	533	533	
0.4	0.5	55	345	7	4	100	9700	100	9700	0.003	0	0.003	0.003	97	0	97	97	
0.4	0.5	41	346	37	4	65	10465	65	10465	0.003	0	0.003	0.003	161	0	161	161	
0.4	0.5	41	347	36	4	66	10626	66	10626	0.003	0	0.003	0.003	161	0	161	161	
0.4	0.5	26	348	9	4	99	15542	99	15542	0.00307071	0.000703526	0.003	0.01	156.99	0.100504	156	157	
0.4	0.5	37	349	27	4	77	2464	77	2464	0.003	0	0.003	0.003	32	0	32	32	
0.4	0.5	49	350	12	4	70	8054	72	8312	0.00601389	0.0034904	0.003	0.01	115.444	41.6047	77	201	
0.4	0.5	53	351	7	4	51	10119	54	10722	0.00935185	0.00204808	0.003	0.01	198.556	10.1733	157	201	
0.4	0.5	39	352	29	4	50	6250	50	6250	0.003	0	0.003	0.003	125	0	125	125	
0.4	0.5	51	353	3	4	100	59700	100	59700	0.003	0	0.003	0.003	597	0	597	597	
0.4	0.5	26	354	3	4	100	30900	100	30900	0.003	0	0.003	0.003	309	0	309	309	
0.4	0.5	2	355	3	4	100	32498	100	32498	0.003	0	0.003	0.003	324.98	0.2	323	325	
0.4	0.5	10	356	5	4	100	74900	100	74898	0.003	0	0.003	0.003	748.98	0.2	747	749	
0.4	0.5	20	357	6	4	100	13699	100	13699	0.003	0	0.003	0.003	136.99	0.1	136	137	
0.4	0.5	21	358	2	4	100	17794	100	17794	0.003	0	0.003	0.003	177.94	57.4878	151	309	
0.4	0.5	54	359	3	4	100	30100	100	30100	0.003	0	0.003	0.003	301	0	301	301	
0.4	0.5	21	360	1	4	100	14547	100	14547	0.003	0	0.003	0.003	145.47	47.1665	124	253	
0.4	0.5	7	361	3	4	55	12815	57	13281	0.0082807	0.00303994	0.003	0.01	233	0	233	233	
0.4	0.5	29	362	3	4	100	69298	100	69298	0.003	0	0.003	0.003	692.98	0.2	691	693	
0.4	0.5	37	363	2	4	71	6887	70	6790	0.003	0	0.003	0.003	97	0	97	97	
0.4	0.5	34	364	2	4	63	9303	67	9859	0.00665672	0.00352288	0.003	0.01	147.149	11.4697	125	153	
0.4	0.5	12	365	6	4	100	30900	100	30900	0.003	0	0.003	0.003	309	0	309	309	
0.4	0.5	39	366	22	4	50	3740	51	3827	0.00807843	0.00315495	0.003	0.01	75.0392	4.00979	67	77	
0.4	0.5	52	367	18	4	99	7623	99	7623	0.00307071	0.000703526	0.003	0.01	77	0	77	77	
0.4	0.5	49	368	8	4	100	9430	100	9360	0.003	0	0.003	0.003	93.6	34.1482	67	137	
0.4	0.5	37	369	18	4	70	13510	71	13703	0.003	0	0.003	0.003	193	0	193	193	
0.4	0.5	3	370	7	4	100	30100	100	30100	0.003	0	0.003	0.003	301	0	301	301	
0.4	0.5	39	371	11	4	55	8275	55	8303	0.003	0	0.003	0.003	150.964	7.33829	125	153	
0.4	0.5	41	372	28	4	64	4288	64	4288	0.003	0	0.003	0.003	67	0	67	67	
0.4	0.5	34	373	15	4	100	4900	100	4900	0.003	0	0.003	0.003	49	0	49	49	
0.4	0.5	56	374	2	4	98	39162	98	39162	0.00314286	0.000994832	0.003	0.01	399.612	46.0035	389	597	
0.4	0.5	36	375	5	4	78	61794	79	62601	0.00494937	0.00315781	0.003	0.01	792.418	16.0389	775	807	
0.4	0.5	55	376	13	4	100	4900	100	4900	0.003	0	0.003	0.003	49	0	49	49	
0.4	0.5	39	377	26	4	50	4630	50	4650	0.00384	0.00229783	0.003	0.01	93	8.08122	77	97	
0.4	0.5	43	378	16	4	100	6700	100	6700	0.003	0	0.003	0.003	67	0	67	67	
0.4	0.5	50	379	7	4	100	38900	100	38900	0.003	0	0.003	0.003	389	0	389	389	
0.4	0.5	40	380	4	4	100	77500	100	77500	0.003	0	0.003	0.003	775	0	775	775	
0.4	0.5	10	381	9	4	100	13700	100	13700	0.003	0	0.003	0.003	137	0	137	137	
0.4	0.5	56	382	5	4	100	33298	100	33298	0.003	0	0.003	0.003	332.98	35.052	323	485	
0.4	0.5	28	383	10	4	100	38900	100	38900	0.003	0	0.003	0.003	389	0	389	389	
0.4	0.5	24	384	1	4	96	6432	96	6432	0.00329167	0.00140613	0.003	0.01	67	0	67	67	
0.4	0.5	52	385	24	4	100	12498	100	12498	0.003	0	0.003	0.003	124.98	0.2	123	125	
0.4	0.5	44	386	2	4	100	25300	100	25300	0.003	0	0.003	0.003	253	0	253	253	
0.4	0.5	26	387	7	4	96	15072	96	15072	0.00329167	0.00140613	0.003	0.01	157	0	157	157	
0.4	0.5	55	388	1	4	100	6700	100	6700	0.003	0	0.003	0.003	67	0	67	67	
0.4	0.5	39	389	48	4	50	3350	50	3350	0.003	0	0.003	0.003	67	0	67	67	
0.4	0.5	39	390	8	4	51	3327	51	3345	0.003	0	0.003	0.003	65.5882	4.88744	49	67	
0.4	0.5	13	391	2	4	100	74900	100	74900	0.003	0	0.003	0.003	749	0	749	749	
0.4	0.5	57	392	3	4	50	4570	50	4490	0.00972	0.00138564	0.003	0.01	89.8	29.6262	77	157	
0.4	0.5	41	393	12	4	65	5005	65	5005	0.003	0	0.003	0.003	77	0	77	77	
0.4	0.5	2	394	11	4	100	74900	100	74900	0.003	0	0.003	0.003	749	0	749	749	
0.4	0.5	34	395	1	4	99	26951	99	26951	0.00307071	0.000703526	0.003	0.01	272.232	9.69202	269	301	
0.4	0.5	39	396	18	4	52	1664	51	1632	0.003	0	0.003	0.003	32	0	32	32	
0.4	0.5	10	397	11	4	100	38900	100	38900	0.003	0	0.003	0.003	389	0	389	389	
0.4	0.5	22	398	1	4	49	19845	51	20655	0.01	0	0.01	0.01	405	0	405	405	
0.4	0.5	55	399	12	4	100	16100	100	16100	0.003	0	0.003	0.003	161	0	161	161	
0.4	0.5	23	400	6	4	50	23450	49	22981	0.01	0	0.01	0.01	469	0	469	469	
0.4	0.5	57	401	12	4	64	8496	63	8399	0.007	0.00349193	0.003	0.01	133.317	49.977	97	201	
0.4	0.5	55	402	2	4	100	4898	100	4898	0.003	0	0.003	0.003	48.98	0.2	47	49	
0.4	0.5	39	403	38	4	60	5820	60	5820	0.003	0	0.003	0.003	97	0	97	97	
0.4	0.5	55	404	22	4	99	6633	99	6633	0.00307071	0.000703526	0.003	0.01	67	0	67	67	
0.4	0.5	50	405	2	4	100	62100	100	62100	0.003	0	0.003	0.003	621	0	621	621	
0.4	0.5	25	406	9	4	100	20100	100	20100	0.003	0	0.003	0.003	201	0	201	201	
0.4	0.5	13	407	10	4	100	53300	100	53300	0.003	0	0.003	0.003	533	0	533	533	
0.4	0.5	38	408	6	4	100	18067	100	18067	0.003	0	0.003	0.003	180.67	53.566	160	325	
0.4	0.5	53	409	2	4	100	33140	100	33140	0.003	0	0.003	0.003	331.4	31.5114	325	485	
0.4	0.5	35	410	1	4	61	11249	62	11450	0.00740322	0.00340905	0.003	0.01	184.677	21.4283	157	201	
0.4	0.5	37	411	7	4	71	2272	69	2208	0.003	0	0.003	0.003	32	0	32	32	
0.4	0.5	42	412	15	4	100	23300	100	23300	0.003	0	0.003	0.003	233	0	233	233	
0.4	0.5	10	413	4	4	100	62100	100	62100	0.003	0	0.003	0.003	621	0	621	621	
0.4	0.5	2	414	12	4	100	13700	100	13700	0.003	0	0.003	0.003	137	0	137	137	
0.4	0.5	25	415	8	4	100	20100	100	20100	0.003	0	0.003	0.003	201	0	201	201	
0.4	0.5	24	416	12	4	75	7275	74	7178	0.00536486	0.00333341	0.003	0.01	97	0	97	97	
0.4	0.5	19	417	8	4	100	74900	100	74900	0.003	0	0.003	0.003	749	0	749	749	
0.4	0.5	26	418	4	4	100	32500	100	32500	0.003	0	0.003	0.003	325	0	325	325	
0.4	0.5	12	419	7	4	100	25300	100	25300	0.003	0	0.003	0.003	253	0	253	253	
0.4	0.5	7	420	4	4	89	43165	89	43165	0.00386517	0.00231689	0.003	0.01	485	0	485	485	
0.4	0.5	41	421	3	4	67	12931	66	12738	0.003	0	0.003	0.003	193	0	193	193	
0.4	0.5	6	422	12	4	100	16099	100	16099	0.003	0	0.003	0.003	160.99	0.1	160	161	
0.4	0.5	13	423	8	4	50	9922	53	10461	0.00960377	0.00163307	0.003	0.01	197.377	14.9309	137	201	
0.4	0.5	29	424	2	4	100	30100	100	30100	0.003	0	0.003	0.003	301	0	301	301	
0.4	0.5	37	425	11	4	75	17475	77	17941	0.00309091	0.000797724	0.003	0.01	233	0	233	233	
0.4	0.5	41	426	25	4	61	7625	60	7500	0.00358333	0.00195102	0.003	0.01	125	0	125	125	
0.4	0.5	50	427	9	4	94	18892	94	18892	0.00344681	0.00172032	0.003	0.01	200.979	0.206284	199	201	
0.4	0.5	30	428	8	4	82	37818	82	37818	0.00470732	0.00302454	0.003	0.01	461.195	33.2823	389	485	
0.4	0.5	28	429	8	4	100	46900	100	46900	0.003	0	0.003	0.003	469	0	469	469	
0.4	0.5	35	430	9	4	100	38900	100	38900	0.003	0	0.003	0.003	389	0	389	389	
0.4	0.5	38	431	3	4	100	41812	100	41812	0.003	0	0.003	0.003	418.12	122.801	373	749	
0.4	0.5	2	432	10	4	100	13700	100	13700	0.003	0	0.003	0.003	137	0	137	137	
0.4	0.5	11	433	8	4	100	30900	100	30900	0.003	0	0.003	0.003	309	0	309	309	
0.4	0.5	37	434	20	4	70	4690	71	4757	0.003	0	0.003	0.003	67	0	67	67	
0.4	0.5	45	435	13	4	100	37300	100	37300	0.003	0	0.003	0.003	373	0	373	373	
0.4	0.5	43	436	13	4	98	12249	98	12249	0.00314286	0.000994832	0.003	0.01	124.99	0.101015	124	125	
0.4	0.5	57	437	9	4	63	12227	63	12391	0.00711111	0.00347392	0.003	0.01	196.683	67.9746	153	325	
0.4	0.5	26	438	6	4	100	74900	100	74900	0.003	0	0.003	0.003	749	0	749	749	
0.4	0.5	18	439	1	4	100	45296	100	45298	0.003	0	0.003	0.003	452.98	0.2	451	453	
0.4	0.5	50	440	10	4	100	25299	100	25299	0.003	0	0.003	0.003	252.99	0.1	252	253	
0.4	0.5	39	441	13	4	58	9338	58	9338	0.003	0	0.003	0.003	161	0	161	161	
0.4	0.5	45	442	1	4	100	6700	100	6700	0.003	0	0.003	0.003	67	0	67	67	
0.4	0.5	38	443	7	4	100	18052	100	18052	0.003	0	0.003	0.003	180.52	53.6333	153	325	
0.4	0.5	21	444	3	4	100	43316	100	43316	0.003	0	0.003	0.003	433.16	138.538	373	749	
0.4	0.5	12	445	9	4	100	74900	100	74900	0.003	0	0.003	0.003	749	0	749	749	
0.4	0.5	36	446	4	4	100	105600	100	105600	0.003	0	0.003	0.003	1056	0	1056	1056	
0.4	0.5	41	447	5	4	62	9982	61	9821	0.00414754	0.00261302	0.003	0.01	161	0	161	161	
0.4	0.5	39	448	20	4	51	4947	51	4947	0.00341176	0.00166345	0.003	0.01	97	0	97	97	
0.4	0.5	54	449	5	4	100	59476	100	59476	0.003	0	0.003	0.003	594.76	15.759	485	597	
0.4	0.5	45	450	14	4	100	9700	100	9700	0.003	0	0.003	0.003	97	0	97	97	
0.4	0.5	19	451	9	4	100	53300	100	53300	0.003	0	0.003	0.003	533	0	533	533	
0.4	0.5	42	452	13	4	99	36927	99	36927	0.00307071	0.000703526	0.003	0.01	373	0	373	373	
0.4	0.5	35	453	2	4	70	19950	69	19641	0.00614493	0.00350745	0.003	0.01	284.652	27.9642	253	309	
0.4	0.5	49	454	14	4	100	51964	100	51588	0.003	0	0.003	0.003	515.88	183.425	373	749	
0.4	0.5	47	455	7	4	100	35076	100	34932	0.003	0	0.003	0.003	349.32	64.9816	309	453	
0.4	0.5	39	456	9	4	45	7245	49	7889	0.00514286	0.0032596	0.003	0.01	161	0	161	161	
0.4	0.5	49	457	2	4	92	15464	92	15336	0.00360869	0.00198321	0.003	0.01	166.696	60.3635	123	253	
0.4	0.5	45	458	7	4	100	12500	100	12500	0.003	0	0.003	0.003	125	0	125	125	
0.4	0.5	31	459	1	4	100	15300	100	15300	0.003	0	0.003	0.003	153	0	153	153	
0.4	0.5	8	460	5	4	93	101835	94	102930	0.00352128	0.00184757	0.003	0.01	1095	0	1095	1095	
0.4	0.5	21	461	7	4	100	17796	100	17796	0.003	0	0.003	0.003	177.96	57.4787	153	309	
0.4	0.5	34	462	17	4	99	13383	99	13383	0.00307071	0.000703526	0.003	0.01	135.182	13.5378	125	153	
0.4	0.5	33	463	2	4	93	43601	93	43569	0.00345161	0.00172901	0.003	0.01	468.484	16.0783	453	485	
0.4	0.5	3	464	6	4	100	20898	100	20898	0.003	0	0.003	0.003	208.98	0.2	207	209	
0.4	0.5	35	465	6	4	100	32500	100	32500	0.003	0	0.003	0.003	325	0	325	325	
0.4	0.5	55	466	6	4	96	22128	95	21895	0.00329474	0.00141326	0.003	0.01	230.474	9.78149	193	233	
0.4	0.5	38	467	5	4	100	21588	100	21588	0.003	0	0.003	0.003	215.88	64.408	161	389	
0.4	0.5	47	468	1	4	78	26710	76	26044	0.00493421	0.00315102	0.003	0.01	342.684	58.0474	309	485	
0.4	0.5	51	469	2	4	100	23300	100	23300	0.003	0	0.003	0.003	233	0	233	233	
0.4	0.5	22	470	5	4	100	105600	100	105600	0.003	0	0.003	0.003	1056	0	1056	1056	
0.4	0.5	55	471	20	4	100	4900	100	4900	0.003	0	0.003	0.003	49	0	49	49	
0.4	0.5	52	472	19	4	100	23300	100	23300	0.003	0	0.003	0.003	233	0	233	233	
0.4	0.5	21	473	4	4	100	43315	100	43315	0.003	0	0.003	0.003	433.15	138.543	372	749	
0.4	0.5	55	474	19	4	100	6700	100	6700	0.003	0	0.003	0.003	67	0	67	67	
0.4	0.5	14	475	4	4	100	105600	100	105600	0.003	0	0.003	0.003	1056	0	1056	1056	
0.4	0.5	57	476	11	4	91	20163	91	20163	0.00369231	0.00210128	0.003	0.01	221.571	77.857	153	309	
0.4	0.5	41	477	11	4	63	9639	63	9639	0.00388889	0.00234941	0.003	0.01	153	0	153	153	
0.4	0.5	48	478	3	4	61	19665	60	19340	0.00731667	0.00343211	0.003	0.01	322.333	6.01317	309	325	
0.4	0.5	34	479	3	4	100	6700	100	6700	0.003	0	0.003	0.003	67	0	67	67	
0.4	0.5	22	480	6	4	100	40500	100	40500	0.003	0	0.003	0.003	405	0	405	405	
0.4	0.5	44	481	6	4	49	9849	51	10251	0.01	0	0.01	0.01	201	0	201	201	
0.4	0.5	28	482	4	4	100	62100	100	62100	0.003	0	0.003	0.003	621	0	621	621	
0.4	0.5	33	483	3	4	100	59700	100	59700	0.003	0	0.003	0.003	597	0	597	597	
0.4	0.5	16	484	1	4	99	24787	98	24534	0.00307143	0.000707107	0.003	0.01	250.347	11.5009	201	253	
0.4	0.5	37	485	14	4	70	4690	71	4757	0.003	0	0.003	0.003	67	0	67	67	
0.4	0.5	15	486	2	4	72	37384	70	36262	0.0058	0.00345405	0.003	0.01	518.029	184.345	373	749	
0.4	0.5	37	487	22	4	70	6790	71	6887	0.003	0	0.003	0.003	97	0	97	97	
0.4	0.5	39	488	27	4	50	18650	50	18650	0.003	0	0.003	0.003	373	0	373	373	
0.4	0.5	41	489	35	4	66	1452	64	1408	0.003	0	0.003	0.003	22	0	22	22	
0.4	0.5	37	490	32	4	56	7000	54	6750	0.00494444	0.00316476	0.003	0.01	125	0	125	125	
0.4	0.5	41	491	8	4	65	6305	65	6305	0.003	0	0.003	0.003	97	0	97	97	
0.4	0.5	15	492	4	4	76	22528	78	23074	0.0050641	0.00321256	0.003	0.01	295.821	100.581	193	469	
0.4	0.5	34	493	7	4	100	6700	100	6700	0.003	0	0.003	0.003	67	0	67	67	
0.4	0.5	41	494	7	4	65	6305	64	6208	0.003875	0.00233333	0.003	0.01	97	0	97	97	
0.4	0.5	39	495	47	4	50	6250	50	6250	0.003	0	0.003	0.003	125	0	125	125	
0.4	0.5	7	496	8	4	100	80700	100	80700	0.003	0	0.003	0.003	807	0	807	807	
0.4	0.5	39	497	1	4	50	1600	50	1600	0.003	0	0.003	0.003	32	0	32	32	
0.4	0.5	30	498	5	4	100	30098	100	30098	0.003	0	0.003	0.003	300.98	0.2	299	301	
0.4	0.5	37	499	23	4	76	1672	77	1694	0.003	0	0.003	0.003	22	0	22	22	
0.4	0.5	39	500	37	4	53	1694	53	1694	0.003	0	0.003	0.003	31.9623	0.274721	30	32	
0.4	0.5	1	501	23	4	78	11373	80	11707	0.0036125	0.00199044	0.003	0.01	146.338	11.9841	125	153	
0.4	0.5	47	502	8	4	100	84934	100	84588	0.003	0	0.003	0.003	845.88	156.136	749	1095	
0.4	0.5	18	503	5	4	100	38900	100	38900	0.003	0	0.003	0.003	389	0	389	389	
0.4	0.5	19	504	3	4	53	20073	50	18906	0.00944	0.00191833	0.003	0.01	378.12	37.2705	253	389	
0.4	0.5	27	505	9	4	100	13700	100	13700	0.003	0	0.003	0.003	137	0	137	137	
0.4	0.5	52	506	13	4	100	12498	100	12498	0.003	0	0.003	0.003	124.98	0.2	123	125	
0.4	0.5	39	507	4	4	51	2499	51	2499	0.003	0	0.003	0.003	49	0	49	49	
0.4	0.5	52	508	14	4	100	23300	100	23300	0.003	0	0.003	0.003	233	0	233	233	
0.4	0.5	51	509	6	4	100	105600	100	105600	0.003	0	0.003	0.003	1056	0	1056	1056	
0.4	0.5	23	510	4	4	100	38900	100	38900	0.003	0	0.003	0.003	389	0	389	389	
0.4	0.5	47	511	2	4	99	84183	99	83839	0.00307071	0.000703526	0.003	0.01	846.859	156.622	749	1095	
0.4	0.5	30	512	1	4	100	44404	100	44404	0.003	0	0.003	0.003	444.04	22.319	389	453	
0.4	0.5	33	513	7	4	100	105729	100	105807	0.003	0	0.003	0.003	1058.07	8.5991	1056	1095	
0.4	0.5	55	514	4	4	82	6254	83	6331	0.00451807	0.00290232	0.003	0.01	76.2771	2.6054	67	77	
0.4	0.5	41	515	24	4	61	9333	61	9333	0.00391803	0.00238254	0.003	0.01	153	0	153	153	
0.4	0.5	41	516	14	4	63	4221	63	4221	0.003	0	0.003	0.003	67	0	67	67	
0.4	0.5	9	517	5	4	100	64498	100	64498	0.003	0	0.003	0.003	644.98	0.2	643	645	
0.4	0.5	29	518	1	4	100	69298	100	69298	0.003	0	0.003	0.003	692.98	0.2	691	693	
0.4	0.5	55	519	23	4	100	4900	100	4900	0.003	0	0.003	0.003	49	0	49	49	
0.4	0.5	7	520	2	4	100	80700	100	80700	0.003	0	0.003	0.003	807	0	807	807	
0.4	0.5	9	521	6	4	100	40500	100	40500	0.003	0	0.003	0.003	405	0	405	405	
0.4	0.5	9	522	3	4	100	40500	100	40500	0.003	0	0.003	0.003	405	0	405	405	
0.4	0.5	12	523	4	4	100	74900	100	74900	0.003	0	0.003	0.003	749	0	749	749	
0.4	0.5	55	524	10	4	100	6700	100	6700	0.003	0	0.003	0.003	67	0	67	67	
0.4	0.5	37	525	25	4	77	2464	77	2464	0.003	0	0.003	0.003	32	0	32	32	
0.4	0.5	33	526	6	4	100	105729	100	105807	0.003	0	0.003	0.003	1058.07	8.5991	1056	1095	
0.4	0.5	43	527	14	4	100	19300	100	19300	0.003	0	0.003	0.003	193	0	193	193	
0.4	0.5	29	528	4	4	80	18636	79	18403	0.00468354	0.00301085	0.003	0.01	232.949	0.316176	231	233	
0.4	0.5	3	529	5	4	100	45298	100	45298	0.003	0	0.003	0.003	452.98	0.2	451	453	
0.4	0.5	46	530	7	4	100	30100	100	30100	0.003	0	0.003	0.003	301	0	301	301	
0.4	0.5	6	531	3	4	100	9700	100	9700	0.003	0	0.003	0.003	97	0	97	97	
0.4	0.5	24	532	8	4	50	7650	49	7497	0.01	0	0.01	0.01	153	0	153	153	
0.4	0.5	48	533	1	4	100	46900	100	46900	0.003	0	0.003	0.003	469	0	469	469	
0.4	0.5	45	534	10	4	100	6700	100	6700	0.003	0	0.003	0.003	67	0	67	67	
0.4	0.5	37	535	3	4	77	2464	76	2432	0.003	0	0.003	0.003	32	0	32	32	
0.4	0.5	7	536	5	4	100	48500	100	48500	0.003	0	0.003	0.003	485	0	485	485	
0.4	0.5	38	537	1	4	100	8658	100	8658	0.003	0	0.003	0.003	86.58	26.1048	76	157	
0.4	0.5	37	538	21	4	75	2400	75	2400	0.00309333	0.00080829	0.003	0.01	32	0	32	32	
0.4	0.5	31	539	13	4	100	12498	100	12498	0.003	0	0.003	0.003	124.98	0.2	123	125	
0.4	0.5	39	540	25	4	50	3740	50	3750	0.00566	0.0034322	0.003	0.01	75	4.04061	67	77	
0.4	0.5	1	541	22	4	85	31705	86	32078	0.003	0	0.003	0.003	373	0	373	373	
0.4	0.5	23	542	1	4	100	74900	100	74900	0.003	0	0.003	0.003	749	0	749	749	
0.4	0.5	55	543	9	4	100	37297	100	37297	0.003	0	0.003	0.003	372.97	0.171447	372	373	
0.4	0.5	49	544	1	4	100	26944	100	26748	0.003	0	0.003	0.003	267.48	95.615	193	389	
0.4	0.5	31	545	2	4	100	37300	100	37300	0.003	0	0.003	0.003	373	0	373	373	
0.4	0.5	5	546	24	4	49	3773	50	3850	0.003	0	0.003	0.003	77	0	77	77	
0.4	0.5	52	547	11	4	99	9603	99	9603	0.00307071	0.000703526	0.003	0.01	97	0	97	97	
0.4	0.5	44	548	1	4	100	38900	100	38900	0.003	0	0.003	0.003	389	0	389	389	
0.4	0.5	53	549	8	4	68	17204	70	17710	0.0062	0.0035123	0.003	0.01	253	0	253	253	
0.4	0.5	57	550	13	4	80	13712	79	13587	0.00477215	0.00306322	0.003	0.01	171.987	62.0916	125	253	
0.4	0.5	11	551	5	4	66	27082	66	27082	0.00681818	0.00351222	0.003	0.01	410.333	67.3191	325	469	
0.4	0.5	44	552	7	4	100	38900	100	38900	0.003	0	0.003	0.003	389	0	389	389	
0.4	0.5	6	553	2	4	96	9312	97	9409	0.00328866	0.0013991	0.003	0.01	97	0	97	97	
0.4	0.5	37	554	29	4	75	8983	73	8733	0.00319178	0.00115057	0.003	0.01	119.63	11.0999	97	125	
0.4	0.5	39	555	41	4	55	3685	55	3685	0.003	0	0.003	0.003	67	0	67	67	
0.4	0.5	17	556	6	4	100	30098	100	30098	0.003	0	0.003	0.003	300.98	0.2	299	301	
0.4	0.5	2	557	4	4	100	10100	100	10100	0.003	0	0.003	0.003	101	0	101	101	
0.4	0.5	51	558	4	4	100	23300	100	23300	0.003	0	0.003	0.003	233	0	233	233	
0.4	0.5	37	559	33	4	76	1671	74	1627	0.003	0	0.003	0.003	21.9865	0.116248	21	22	
0.4	0.5	39	560	3	4	50	4850	50	4850	0.003	0	0.003	0.003	97	0	97	97	
0.4	0.5	37	561	4	4	71	11431	70	11270	0.003	0	0.003	0.003	161	0	161	161	
0.4	0.5	51	562	7	4	100	106205	100	106283	0.003	0	0.003	0.003	1062.83	14.7683	1056	1095	
0.4	0.5	27	563	7	4	100	15699	100	15699	0.003	0	0.003	0.003	156.99	0.1	156	157	
0.4	0.5	49	564	6	4	100	10818	100	10738	0.003	0	0.003	0.003	107.38	39.0428	75	157	
0.4	0.5	57	565	6	4	100	28776	100	28776	0.003	0	0.003	0.003	287.76	97.5692	193	389	
0.4	0.5	45	566	15	4	99	6633	99	6633	0.00307071	0.000703526	0.003	0.01	67	0	67	67	
0.4	0.5	34	567	10	4	100	19299	100	19299	0.003	0	0.003	0.003	192.99	0.1	192	193	
0.4	0.5	55	568	11	4	100	19300	100	19300	0.003	0	0.003	0.003	193	0	193	193	
0.4	0.5	42	569	11	4	100	37297	100	37297	0.003	0	0.003	0.003	372.97	0.171447	372	373	
0.4	0.5	10	570	10	4	83	13823	82	13578	0.00436585	0.00279113	0.003	0.01	165.585	17.5443	157	201	
0.4	0.5	37	571	24	4	60	9388	60	9380	0.00428333	0.00273143	0.003	0.01	156.333	3.97734	153	161	
0.4	0.5	37	572	16	4	70	8748	71	8873	0.003	0	0.003	0.003	124.972	0.237356	123	125	
0.4	0.5	56	573	7	4	100	20600	100	20600	0.003	0	0.003	0.003	206	21.9043	201	301	
0.4	0.5	18	574	4	4	100	69300	100	69300	0.003	0	0.003	0.003	693	0	693	693	
0.4	0.5	21	575	12	4	86	11006	83	10631	0.00418072	0.00263719	0.003	0.01	128.084	19.7479	125	253	
0.4	0.5	13	576	9	4	100	25300	100	25300	0.003	0	0.003	0.003	253	0	253	253	
0.4	0.5	11	577	3	4	100	30900	100	30900	0.003	0	0.003	0.003	309	0	309	309	
0.4	0.5	43	578	10	4	100	26899	100	26899	0.003	0	0.003	0.003	268.99	0.1	268	269	
0.4	0.5	37	579	13	4	76	2432	76	2432	0.003	0	0.003	0.003	32	0	32	32	
0.4	0.5	28	580	2	4	100	25298	100	25298	0.003	0	0.003	0.003	252.98	0.2	251	253	
0.4	0.5	45	581	6	4	100	26900	100	26900	0.003	0	0.003	0.003	269	0	269	269	
0.4	0.5	34	582	18	4	100	14234	100	14206	0.003	0	0.003	0.003	142.06	13.7112	125	153	
0.4	0.5	49	583	4	4	100	17492	100	17364	0.003	0	0.003	0.003	173.64	62.4425	125	253	
0.4	0.5	35	584	10	4	100	32500	100	32500	0.003	0	0.003	0.003	325	0	325	325	
0.4	0.5	39	585	16	4	55	20513	55	20513	0.00338182	0.00160429	0.003	0.01	372.964	0.26968	371	373	
0.4	0.5	37	586	36	4	45	8525	44	8332	0.00697727	0.00350739	0.003	0.01	189.364	10.2732	161	193	
0.4	0.5	25	587	2	4	100	30900	100	30900	0.003	0	0.003	0.003	309	0	309	309	
0.4	0.5	32	588	2	4	100	51700	100	51700	0.003	0	0.003	0.003	517	0	517	517	
0.4	0.5	39	589	44	4	51	9842	52	10035	0.003	0	0.003	0.003	192.981	0.138675	192	193	
0.4	0.5	41	590	2	4	65	12545	65	12545	0.003	0	0.003	0.003	193	0	193	193	
0.4	0.5	42	591	14	4	100	7700	100	7700	0.003	0	0.003	0.003	77	0	77	77	
0.4	0.5	12	592	1	4	100	32500	100	32500	0.003	0	0.003	0.003	325	0	325	325	
0.4	0.5	52	593	23	4	83	11691	83	11691	0.00451807	0.00290232	0.003	0.01	140.855	13.9609	125	153	
0.4	0.5	41	594	18	4	65	5005	65	5003	0.003	0	0.003	0.003	76.9692	0.248069	75	77	
0.4	0.5	15	595	6	4	100	34628	100	34392	0.003	0	0.003	0.003	343.92	118.381	233	469	
0.4	0.5	43	596	7	4	98	9506	98	9506	0.00314286	0.000994832	0.003	0.01	97	0	97	97	
0.4	0.5	55	597	8	4	69	8463	68	8338	0.00619118	0.00351227	0.003	0.01	122.618	8.68869	77	125	
0.4	0.5	33	598	8	4	100	105729	100	105807	0.003	0	0.003	0.003	1058.07	8.5991	1056	1095	
0.4	0.5	27	599	6	4	100	38899	100	38899	0.003	0	0.003	0.003	388.99	0.1	388	389	
0.4	0.5	34	600	9	4	100	12500	100	12500	0.003	0	0.003	0.003	125	0	125	125	
0.4	0.5	9	601	4	4	100	105600	100	105600	0.003	0	0.003	0.003	1056	0	1056	1056	
0.4	0.5	36	602	3	4	74	36402	74	36402	0.00545946	0.00336456	0.003	0.01	491.919	30.7802	389	501	
0.4	0.5	37	603	15	4	76	2432	77	2464	0.003	0	0.003	0.003	32	0	32	32	
0.4	0.5	39	604	49	4	50	3850	52	4004	0.00717308	0.00346818	0.003	0.01	77	0	77	77	
0.4	0.5	8	605	2	4	100	105600	100	105600	0.003	0	0.003	0.003	1056	0	1056	1056	
0.4	0.5	39	606	36	4	48	4316	50	4530	0.00454	0.00292916	0.003	0.01	90.6	9.42424	77	97	
0.4	0.5	42	607	8	4	52	8372	51	8211	0.00958823	0.00166345	0.003	0.01	161	0	161	161	
0.4	0.5	19	608	2	4	92	17348	92	17436	0.00368478	0.00209095	0.003	0.01	189.522	19.4267	157	201	
0.4	0.5	13	609	4	4	84	25956	85	26265	0.00423529	0.00268438	0.003	0.01	309	0	309	309	
0.4	0.5	4	610	10	4	55	13915	54	13662	0.00896296	0.00251008	0.003	0.01	253	0	253	253	
0.4	0.5	18	611	3	4	98	29498	98	29498	0.00314286	0.000994832	0.003	0.01	301	0	301	301	
0.4	0.5	35	612	7	4	100	25298	100	25298	0.003	0	0.003	0.003	252.98	0.2	251	253	
0.4	0.5	20	613	7	4	100	32500	100	32500	0.003	0	0.003	0.003	325	0	325	325	
0.4	0.5	52	614	16	4	100	26900	100	26900	0.003	0	0.003	0.003	269	0	269	269	
0.4	0.5	43	615	5	4	69	8625	69	8625	0.00604348	0.00349552	0.003	0.01	125	0	125	125	
0.4	0.5	46	616	6	4	49	14747	51	15349	0.01	0	0.01	0.01	300.961	0.280056	299	301	
0.4	0.5	57	617	7	4	58	23994	55	22875	0.00834545	0.00300135	0.003	0.01	415.909	123.143	301	749	
0.4	0.5	15	618	1	4	100	39571	100	39307	0.003	0	0.003	0.003	393.07	132.435	268	533	
0.4	0.5	52	619	9	4	98	17823	98	17887	0.00314286	0.000994832	0.003	0.01	182.52	15.0855	160	193	
0.4	0.5	21	620	13	4	100	43316	100	43316	0.003	0	0.003	0.003	433.16	138.538	373	749	
0.4	0.5	52	621	12	4	100	3198	99	3166	0.003	0	0.003	0.003	31.9798	0.201008	30	32	
0.4	0.5	49	622	13	4	87	14459	88	14456	0.00403409	0.00249804	0.003	0.01	164.273	59.3685	125	253	
0.4	0.5	34	623	16	4	68	9312	69	9437	0.00634783	0.00352231	0.003	0.01	136.768	30.7925	97	161	
0.4	0.5	3	624	8	4	100	45300	100	45300	0.003	0	0.003	0.003	453	0	453	453	
0.4	0.5	1	625	3	4	83	6391	82	6314	0.00317073	0.00108645	0.003	0.01	77	0	77	77	
0.4	0.5	41	626	4	4	60	4620	61	4697	0.00334426	0.00152627	0.003	0.01	77	0	77	77	
0.4	0.5	26	627	5	4	100	53300	100	53300	0.003	0	0.003	0.003	533	0	533	533	
0.4	0.5	41	628	21	4	67	8375	67	8375	0.003	0	0.003	0.003	125	0	125	125	
0.4	0.5	37	629	31	4	77	5929	76	5852	0.003	0	0.003	0.003	77	0	77	77	
0.4	0.5	42	630	16	4	54	8262	54	8262	0.00909259	0.00237335	0.003	0.01	153	0	153	153	
0.4	0.5	25	631	7	4	100	38899	100	38899	0.003	0	0.003	0.003	388.99	0.1	388	389	
0.4	0.5	42	632	5	4	100	7700	100	7700	0.003	0	0.003	0.003	77	0	77	77	
0.4	0.5	27	633	5	4	100	25300	100	25300	0.003	0	0.003	0.003	253	0	253	253	
0.4	0.5	40	634	2	4	49	22981	49	22981	0.01	0	0.01	0.01	469	0	469	469	
0.4	0.5	4	635	6	4	99	25047	99	25047	0.00307071	0.000703526	0.003	0.01	253	0	253	253	
0.4	0.5	41	636	19	4	62	4154	62	4154	0.003	0	0.003	0.003	67	0	67	67	
0.4	0.5	5	637	49	4	48	7344	48	7344	0.003	0	0.003	0.003	153	0	153	153	
0.4	0.5	32	638	6	4	100	31700	100	31700	0.003	0	0.003	0.003	317	0	317	317	
0.4	0.5	33	639	5	4	67	18331	67	18263	0.00634328	0.00352288	0.003	0.01	272.582	33.7918	233	301	
0.4	0.5	2	640	7	4	100	20098	100	20098	0.003	0	0.003	0.003	200.98	0.2	199	201	
0.4	0.5	15	641	13	4	100	18644	100	18516	0.003	0	0.003	0.003	185.16	64.2065	125	253	
0.4	0.5	41	642	1	4	65	6305	65	6305	0.003	0	0.003	0.003	97	0	97	97	
0.4	0.5	39	643	28	4	50	6250	50	6250	0.0037	0.00212132	0.003	0.01	125	0	125	125	
0.4	0.5	16	644	2	4	100	46900	100	46900	0.003	0	0.003	0.003	469	0	469	469	
0.4	0.5	41	645	20	4	66	6402	66	6402	0.003	0	0.003	0.003	97	0	97	97	
0.4	0.5	53	646	1	4	64	20352	63	20043	0.007	0.00349193	0.003	0.01	318.143	35.3959	309	453	
0.4	0.5	49	647	9	4	100	13756	99	13555	0.003	0	0.003	0.003	136.919	50.8346	97	201	
0.4	0.5	40	648	1	4	100	105600	100	105600	0.003	0	0.003	0.003	1056	0	1056	1056	
0.4	0.5	20	649	5	4	100	38900	100	38900	0.003	0	0.003	0.003	389	0	389	389	
0.4	0.5	52	650	15	4	87	6078	87	6078	0.00404598	0.00251002	0.003	0.01	69.8621	4.53455	67	77	
0.4	0.5	41	651	32	4	51	3927	51	3927	0.00739216	0.00341806	0.003	0.01	77	0	77	77	
0.4	0.5	46	652	1	4	100	45298	100	45298	0.003	0	0.003	0.003	452.98	0.2	451	453	
0.4	0.5	39	653	35	4	49	18277	50	18650	0.00342	0.00167929	0.003	0.01	373	0	373	373	
0.4	0.5	50	654	4	4	100	20100	100	20100	0.003	0	0.003	0.003	201	0	201	201	
0.4	0.5	42	655	2	4	100	12500	100	12500	0.003	0	0.003	0.003	125	0	125	125	
0.4	0.5	21	656	10	4	100	18724	100	18724	0.003	0	0.003	0.003	187.24	60.4263	161	325	
0.4	0.5	56	657	1	4	100	20600	100	20600	0.003	0	0.003	0.003	206	21.9043	201	301	
0.4	0.5	4	658	7	4	60	15180	62	15686	0.00751613	0.00337659	0.003	0.01	253	0	253	253	
0.4	0.5	39	659	24	4	50	6250	51	6375	0.00354902	0.00190067	0.003	0.01	125	0	125	125	
0.4	0.5	17	660	4	4	100	69300	100	69300	0.003	0	0.003	0.003	693	0	693	693	
0.4	0.5	24	661	2	4	98	15578	98	15594	0.00314286	0.000994832	0.003	0.01	159.122	3.40789	153	161	
0.4	0.5	1	662	20	4	85	25585	86	25886	0.003	0	0.003	0.003	301	0	301	301	
0.4	0.5	1	663	15	4	86	5762	86	5762	0.003	0	0.003	0.003	67	0	67	67	
0.4	0.5	5	664	11	4	50	3830	50	3830	0.00706	0.00348999	0.003	0.01	76.6	1.97949	67	77	
0.4	0.5	5	665	13	4	50	9650	50	9650	0.003	0	0.003	0.003	193	0	193	193	
0.4	0.5	5	666	43	4	51	3927	50	3850	0.00454	0.00292916	0.003	0.01	77	0	77	77	
0.4	0.5	5	667	46	4	46	3542	46	3542	0.00771739	0.00331772	0.003	0.01	77	0	77	77	
0.4	0.5	43	668	15	4	100	12499	100	12499	0.003	0	0.003	0.003	124.99	0.1	124	125	
0.4	0.5	1	669	7	4	66	9818	65	9665	0.00493846	0.00315672	0.003	0.01	148.692	10.1811	125	153	
0.4	0.5	1	670	1	4	67	6499	68	6596	0.00639706	0.0035245	0.003	0.01	97	0	97	97	
0.4	0.5	5	671	42	4	51	19023	51	19023	0.003	0	0.003	0.003	373	0	373	373	
0.4	0.5	24	672	14	4	100	26900	100	26900	0.003	0	0.003	0.003	269	0	269	269	
0.4	0.5	1	673	2	4	86	13158	85	13005	0.003	0	0.003	0.003	153	0	153	153	
0.4	0.5	1	674	16	4	73	5621	73	5621	0.00424657	0.00269661	0.003	0.01	77	0	77	77	
0.4	0.5	43	675	4	4	100	23300	100	23300	0.003	0	0.003	0.003	233	0	233	233	
0.4	0.5	5	676	33	4	50	4850	50	4850	0.003	0	0.003	0.003	97	0	97	97	
0.4	0.5	43	677	11	4	72	25632	73	26077	0.00568493	0.00342733	0.003	0.01	357.219	29.9918	301	373	
0.4	0.5	24	678	13	4	84	31332	84	31332	0.00441667	0.00282931	0.003	0.01	373	0	373	373	
0.4	0.5	1	679	28	4	86	13846	85	13685	0.003	0	0.003	0.003	161	0	161	161	
0.4	0.5	25	680	1	4	100	25300	100	25300	0.003	0	0.003	0.003	253	0	253	253	
0.4	0.5	6	681	11	4	100	6700	100	6700	0.003	0	0.003	0.003	67	0	67	67	
0.4	0.5	6	682	13	4	100	16099	100	16099	0.003	0	0.003	0.003	160.99	0.1	160	161	
0.4	0.5	25	683	4	4	100	30900	100	30900	0.003	0	0.003	0.003	309	0	309	309	
0.4	0.5	5	684	30	4	50	4850	50	4850	0.003	0	0.003	0.003	97	0	97	97	
0.4	0.5	5	685	44	4	54	6750	54	6750	0.00338889	0.00161849	0.003	0.01	125	0	125	125	
0.4	0.5	5	686	12	4	50	7314	50	7342	0.003	0	0.003	0.003	146.84	11.7167	125	153	
0.4	0.5	5	687	38	4	49	11417	49	11417	0.003	0	0.003	0.003	233	0	233	233	
0.4	0.5	20	688	1	4	100	13699	100	13699	0.003	0	0.003	0.003	136.99	0.1	136	137	
0.4	0.5	5	689	19	4	55	5335	55	5335	0.003	0	0.003	0.003	97	0	97	97	
0.4	0.5	1	690	10	4	86	10750	86	10750	0.003	0	0.003	0.003	125	0	125	125	
0.4	0.5	1	691	26	4	86	13846	85	13685	0.003	0	0.003	0.003	161	0	161	161	
0.4	0.5	6	692	5	4	100	12500	100	12500	0.003	0	0.003	0.003	125	0	125	125	
0.4	0.5	5	693	3	4	49	6125	49	6125	0.003	0	0.003	0.003	125	0	125	125	
0.4	0.5	5	694	1	4	52	7956	51	7803	0.003	0	0.003	0.003	153	0	153	153	
0.4	0.5	1	695	9	4	64	8000	65	8125	0.00698461	0.00349326	0.003	0.01	125	0	125	125	
0.4	0.5	1	696	4	4	86	13158	85	13005	0.003	0	0.003	0.003	153	0	153	153	
0.4	0.5	1	697	18	4	85	6545	86	6622	0.003	0	0.003	0.003	77	0	77	77	
0.4	0.5	5	698	18	4	54	20142	51	19023	0.00601961	0.00350137	0.003	0.01	373	0	373	373	
0.4	0.5	5	699	47	4	49	6125	49	6125	0.003	0	0.003	0.003	125	0	125	125	
0.4	0.5	43	700	2	4	100	6700	100	6700	0.003	0	0.003	0.003	67	0	67	67	
0.4	0.5	5	701	32	4	50	18649	50	18649	0.003	0	0.003	0.003	372.98	0.141421	372	373	
0.4	0.5	5	702	6	4	51	2499	51	2499	0.003	0	0.003	0.003	49	0	49	49	
0.4	0.5	24	703	18	4	86	15830	87	16087	0.00412644	0.00258711	0.003	0.01	184.908	13.9897	161	193	
0.4	0.5	5	704	37	4	51	7803	51	7803	0.003	0	0.003	0.003	153	0	153	153	
0.4	0.5	5	705	9	4	51	7803	51	7803	0.003	0	0.003	0.003	153	0	153	153	
0.4	0.5	1	706	12	4	86	32076	86	32076	0.003	0	0.003	0.003	372.977	0.151599	372	373	
0.4	0.5	5	707	5	4	50	3350	50	3350	0.003	0	0.003	0.003	67	0	67	67	
0.4	0.5	24	708	5	4	100	23300	100	23300	0.003	0	0.003	0.003	233	0	233	233	
0.4	0.5	5	709	29	4	51	3417	51	3417	0.003	0	0.003	0.003	67	0	67	67	
0.4	0.5	5	710	28	4	49	7889	49	7889	0.003	0	0.003	0.003	161	0	161	161	
0.4	0.5	24	711	4	4	100	7700	100	7700	0.003	0	0.003	0.003	77	0	77	77	
0.4	0.5	43	712	12	4	100	37300	100	37300	0.003	0	0.003	0.003	373	0	373	373	
0.4	0.5	1	713	6	4	85	13684	85	13684	0.00308235	0.000759257	0.003	0.01	160.988	0.108465	160	161	
0.4	0.5	5	714	45	4	50	7650	50	7650	0.003	0	0.003	0.003	153	0	153	153	
0.4	0.5	5	715	16	4	50	4850	50	4850	0.003	0	0.003	0.003	97	0	97	97	
0.4	0.5	5	716	23	4	51	7803	51	7803	0.003	0	0.003	0.003	153	0	153	153	
0.4	0.5	5	717	50	4	48	9263	49	9456	0.00414286	0.00261406	0.003	0.01	192.98	0.142857	192	193	
0.4	0.5	1	718	21	4	98	7544	98	7544	0.00314286	0.000994832	0.003	0.01	76.9796	0.202031	75	77	
0.4	0.5	20	719	3	4	100	15699	100	15699	0.003	0	0.003	0.003	156.99	0.1	156	157	
0.4	0.5	5	720	40	4	50	7650	50	7650	0.003	0	0.003	0.003	153	0	153	153	
0.4	0.5	6	721	16	4	95	7315	95	7315	0.00336842	0.00157137	0.003	0.01	77	0	77	77	
0.4	0.5	5	722	39	4	51	11883	51	11883	0.003	0	0.003	0.003	233	0	233	233	
0.4	0.5	30	723	2	4	100	20900	100	20900	0.003	0	0.003	0.003	209	0	209	209	
0.4	0.5	43	724	9	4	87	20271	87	20271	0.00396552	0.00242779	0.003	0.01	233	0	233	233	
0.4	0.5	5	725	25	4	48	3696	49	3773	0.003	0	0.003	0.003	77	0	77	77	
0.4	0.5	6	726	6	4	100	6700	100	6700	0.003	0	0.003	0.003	67	0	67	67	
0.4	0.5	5	727	7	4	49	7889	49	7889	0.003	0	0.003	0.003	161	0	161	161	
0.4	0.5	24	728	11	4	99	9603	99	9603	0.00307071	0.000703526	0.003	0.01	97	0	97	97	
0.4	0.5	25	729	3	4	100	20100	100	20100	0.003	0	0.003	0.003	201	0	201	201	
0.4	0.5	5	730	8	4	50	8050	50	8050	0.003	0	0.003	0.003	161	0	161	161	
0.4	0.5	43	731	17	4	51	8211	49	7889	0.01	0	0.01	0.01	161	0	161	161	
0.4	0.5	5	732	26	4	49	6125	50	6250	0.003	0	0.003	0.003	125	0	125	125	
0.4	0.5	5	733	4	4	50	6250	50	6250	0.003	0	0.003	0.003	125	0	125	125	
0.4	0.5	1	734	14	4	86	6622	86	6622	0.003	0	0.003	0.003	77	0	77	77	
0.4	0.5	5	735	27	4	51	7803	51	7803	0.003	0	0.003	0.003	153	0	153	153	
0.4	0.5	6	736	14	4	100	7700	100	7700	0.003	0	0.003	0.003	77	0	77	77	
0.4	0.5	5	737	10	4	49	9457	49	9457	0.003	0	0.003	0.003	193	0	193	193	
0.4	0.5	24	738	17	4	100	26900	100	26900	0.003	0	0.003	0.003	269	0	269	269	
0.4	0.5	24	739	10	4	53	6625	53	6625	0.00907547	0.00239269	0.003	0.01	125	0	125	125	
0.4	0.5	6	740	18	4	100	16100	100	16100	0.003	0	0.003	0.003	161	0	161	161	
0.4	0.5	5	741	31	4	50	9650	50	9650	0.003	0	0.003	0.003	193	0	193	193	
0.4	0.5	1	742	13	4	100	19299	100	19299	0.003	0	0.003	0.003	192.99	0.1	192	193	
0.4	0.5	5	743	22	4	49	6125	49	6125	0.003	0	0.003	0.003	125	0	125	125	
0.4	0.5	24	744	7	4	99	7623	99	7623	0.00307071	0.000703526	0.003	0.01	77	0	77	77	
0.4	0.5	1	745	5	4	95	7315	95	7315	0.00336842	0.00157137	0.003	0.01	77	0	77	77	
0.4	0.5	5	746	48	4	49	3773	49	3771	0.00814286	0.0031225	0.003	0.01	76.9592	0.285714	75	77	
0.4	0.5	5	747	36	4	50	11650	50	11650	0.003	0	0.003	0.003	233	0	233	233	
0.4	0.5	6	748	15	4	100	9700	100	9700	0.003	0	0.003	0.003	97	0	97	97	
0.4	0.5	1	749	27	4	64	4928	62	4774	0.00548387	0.00337659	0.003	0.01	77	0	77	77	
0.4	0.5	24	750	6	4	52	19396	51	19023	0.00958823	0.00166345	0.003	0.01	373	0	373	373	
