% start	end	CellId	IMSI	RNTI	LCID	nTxPDUs	TxBytes	nRxPDUs	RxBytes	delay	stdDev	min	max	PduSize	stdDev	min	max
0.4	0.5	23	1	7	4	100	13700	100	13700	0.003	0	0.003	0.003	137	0	137	137	
0.4	0.5	13	2	13	4	100	12612	100	12612	0.003	0	0.003	0.003	126.12	46.9311	97	201	
0.4	0.5	31	3	7	4	100	13700	100	13700	0.003	0	0.003	0.003	137	0	137	137	
0.4	0.5	30	4	5	4	100	20900	100	20800	0.003	0	0.003	0.003	208	25.6432	201	301	
0.4	0.5	41	5	3	4	80	3918	79	3869	0.003	0	0.003	0.003	48.9747	0.225018	47	49	
0.4	0.5	21	6	6	4	100	19300	100	19300	0.003	0	0.003	0.003	193	0	193	193	
0.4	0.5	8	7	20	4	100	16100	100	16100	0.003	0	0.003	0.003	161	0	161	161	
0.4	0.5	37	8	2	4	74	6758	72	6584	0.00329167	0.0014086	0.003	0.01	91.4444	9.02093	77	97	
0.4	0.5	13	9	12	4	100	29908	100	29908	0.003	0	0.003	0.003	299.08	106.498	233	469	
0.4	0.5	3	10	6	4	100	23324	100	23324	0.003	0	0.003	0.003	233.24	25.3673	201	253	
0.4	0.5	42	11	2	4	100	12500	100	12500	0.003	0	0.003	0.003	125	0	125	125	
0.4	0.5	52	12	4	4	71	5467	70	5390	0.0031	0.00083666	0.003	0.01	77	0	77	77	
0.4	0.5	42	13	9	4	100	23300	100	23300	0.003	0	0.003	0.003	233	0	233	233	
0.4	0.5	41	14	30	4	80	12880	79	12719	0.003	0	0.003	0.003	161	0	161	161	
0.4	0.5	52	15	13	4	63	10015	62	9854	0.00390322	0.00236581	0.003	0.01	158.935	3.52913	153	161	
0.4	0.5	39	16	32	4	76	9500	77	9625	0.003	0	0.003	0.003	125	0	125	125	
0.4	0.5	34	17	11	4	100	9700	100	9700	0.003	0	0.003	0.003	97	0	97	97	
0.4	0.5	42	18	6	4	100	37297	100	37297	0.003	0	0.003	0.003	372.97	0.171447	372	373	
0.4	0.5	41	19	8	4	83	4067	83	4067	0.003	0	0.003	0.003	49	0	49	49	
0.4	0.5	7	20	7	4	50	11650	54	12582	0.00961111	0.00161849	0.003	0.01	233	0	233	233	
0.4	0.5	55	21	24	4	94	6298	94	6298	0.003	0	0.003	0.003	67	0	67	67	
0.4	0.5	51	22	4	4	100	30100	100	30100	0.003	0	0.003	0.003	301	0	301	301	
0.4	0.5	55	23	17	4	88	5356	89	5423	0.00355056	0.00189504	0.003	0.01	60.9326	8.55702	49	67	
0.4	0.5	8	24	13	4	100	7700	100	7700	0.003	0	0.003	0.003	77	0	77	77	
0.4	0.5	3	25	8	4	100	46900	100	46900	0.003	0	0.003	0.003	469	0	469	469	
0.4	0.5	12	26	5	4	100	30098	100	30098	0.003	0	0.003	0.003	300.98	0.2	299	301	
0.4	0.5	39	27	9	4	66	8250	64	8000	0.00354687	0.00189343	0.003	0.01	125	0	125	125	
0.4	0.5	1	28	13	4	79	7663	79	7663	0.003	0	0.003	0.003	97	0	97	97	
0.4	0.5	16	29	5	4	100	30100	100	30100	0.003	0	0.003	0.003	301	0	301	301	
0.4	0.5	36	30	1	4	100	37492	100	37668	0.003	0	0.003	0.003	376.68	30.6887	301	389	
0.4	0.5	17	31	1	4	100	25240	100	25240	0.003	0	0.003	0.003	252.4	40.0257	233	533	
0.4	0.5	8	32	21	4	100	26900	100	26900	0.003	0	0.003	0.003	269	0	269	269	
0.4	0.5	37	33	39	4	77	13901	77	13933	0.00318182	0.00112071	0.003	0.01	180.948	15.6069	161	193	
0.4	0.5	28	34	13	4	100	16098	100	16098	0.003	0	0.003	0.003	160.98	0.2	159	161	
0.4	0.5	41	35	6	4	82	6313	81	6236	0.00317284	0.00109305	0.003	0.01	76.9877	0.111111	76	77	
0.4	0.5	42	36	3	4	100	12500	100	12500	0.003	0	0.003	0.003	125	0	125	125	
0.4	0.5	51	37	6	4	99	23067	98	22834	0.00307143	0.000707107	0.003	0.01	233	0	233	233	
0.4	0.5	55	38	3	4	81	9733	80	9664	0.0043125	0.00274942	0.003	0.01	120.8	10.0611	97	125	
0.4	0.5	10	39	10	4	100	20100	100	20100	0.003	0	0.003	0.003	201	0	201	201	
0.4	0.5	34	40	3	4	100	12500	100	12500	0.003	0	0.003	0.003	125	0	125	125	
0.4	0.5	8	41	6	4	100	12498	100	12498	0.003	0	0.003	0.003	124.98	0.2	123	125	
0.4	0.5	41	42	34	4	81	2262	80	2230	0.003	0	0.003	0.003	27.875	4.9539	22	32	
0.4	0.5	12	43	2	4	100	36612	100	36612	0.003	0	0.003	0.003	366.12	38.7943	301	389	
0.4	0.5	8	44	11	4	100	4898	100	4898	0.003	0	0.003	0.003	48.98	0.2	47	49	
0.4	0.5	17	45	2	4	93	20189	93	20269	0.00352688	0.00185678	0.003	0.01	217.946	19.4838	193	233	
0.4	0.5	4	46	1	4	100	57300	100	57300	0.003	0	0.003	0.003	573	0	573	573	
0.4	0.5	35	47	4	4	92	18492	92	18492	0.00360869	0.00198321	0.003	0.01	201	0	201	201	
0.4	0.5	13	48	10	4	100	20692	100	20692	0.003	0	0.003	0.003	206.92	74.0068	161	325	
0.4	0.5	36	49	8	4	79	22895	79	23031	0.00486076	0.00311215	0.003	0.01	291.532	23.6918	233	301	
0.4	0.5	57	50	2	4	100	46899	100	46899	0.003	0	0.003	0.003	468.99	0.1	468	469	
0.4	0.5	17	51	12	4	99	23535	99	23535	0.00307071	0.000703526	0.003	0.01	237.727	33.379	231	469	
0.4	0.5	21	52	9	4	100	26900	100	26900	0.003	0	0.003	0.003	269	0	269	269	
0.4	0.5	55	53	15	4	93	27513	93	27577	0.00307527	0.000725866	0.003	0.01	296.527	11.1566	269	301	
0.4	0.5	52	54	8	4	64	10183	63	10022	0.00366667	0.00207131	0.003	0.01	159.079	3.42807	153	161	
0.4	0.5	44	55	8	4	100	15699	100	15699	0.003	0	0.003	0.003	156.99	0.1	156	157	
0.4	0.5	30	56	9	4	100	14276	100	14204	0.003	0	0.003	0.003	142.04	18.4631	137	209	
0.4	0.5	21	57	5	4	100	6700	100	6700	0.003	0	0.003	0.003	67	0	67	67	
0.4	0.5	21	58	2	4	100	7700	100	7700	0.003	0	0.003	0.003	77	0	77	77	
0.4	0.5	32	59	8	4	100	74900	100	74900	0.003	0	0.003	0.003	749	0	749	749	
0.4	0.5	39	60	2	4	76	3724	76	3724	0.003	0	0.003	0.003	49	0	49	49	
0.4	0.5	49	61	1	4	99	25045	99	25045	0.00307071	0.000703526	0.003	0.01	252.98	0.201008	251	253	
0.4	0.5	28	62	10	4	97	36181	96	35808	0.00321875	0.00122434	0.003	0.01	373	0	373	373	
0.4	0.5	17	63	14	4	60	5380	63	5691	0.00744444	0.00339724	0.003	0.01	90.3333	9.50382	77	97	
0.4	0.5	37	64	37	4	78	5226	78	5226	0.003	0	0.003	0.003	67	0	67	67	
0.4	0.5	52	65	1	4	65	10305	64	10144	0.00354687	0.00189343	0.003	0.01	158.5	3.73741	153	161	
0.4	0.5	24	66	10	4	87	9810	88	9963	0.00395454	0.00241599	0.003	0.01	113.216	13.8916	97	125	
0.4	0.5	19	67	8	4	100	74900	100	74900	0.003	0	0.003	0.003	749	0	749	749	
0.4	0.5	7	68	3	4	55	16555	54	16254	0.00909259	0.00237335	0.003	0.01	301	0	301	301	
0.4	0.5	17	69	10	4	99	9811	99	9811	0.00307071	0.000703526	0.003	0.01	99.101	14.7063	97	201	
0.4	0.5	23	70	10	4	100	30900	100	30900	0.003	0	0.003	0.003	309	0	309	309	
0.4	0.5	49	71	5	4	98	24794	98	24794	0.00314286	0.000994832	0.003	0.01	253	0	253	253	
0.4	0.5	23	72	9	4	94	30550	94	30550	0.00344681	0.00172032	0.003	0.01	325	0	325	325	
0.4	0.5	11	73	1	4	97	22601	96	22368	0.00321875	0.00122434	0.003	0.01	233	0	233	233	
0.4	0.5	10	74	4	4	53	13253	52	13000	0.00932692	0.00208375	0.003	0.01	250	12.2426	201	253	
0.4	0.5	41	75	5	4	68	8500	68	8500	0.00485294	0.0031112	0.003	0.01	125	0	125	125	
0.4	0.5	33	76	6	4	100	38900	100	38900	0.003	0	0.003	0.003	389	0	389	389	
0.4	0.5	28	77	2	4	100	7700	100	7700	0.003	0	0.003	0.003	77	0	77	77	
0.4	0.5	37	78	14	4	79	5293	79	5293	0.003	0	0.003	0.003	67	0	67	67	
0.4	0.5	9	79	5	4	93	14599	93	14599	0.00352688	0.00185678	0.003	0.01	156.978	0.20739	155	157	
0.4	0.5	19	80	3	4	100	37876	100	38004	0.003	0	0.003	0.003	380.04	22.319	325	389	
0.4	0.5	19	81	11	4	100	20100	100	20100	0.003	0	0.003	0.003	201	0	201	201	
0.4	0.5	16	82	3	4	100	20900	100	20900	0.003	0	0.003	0.003	209	0	209	209	
0.4	0.5	55	83	23	4	97	6499	97	6499	0.003	0	0.003	0.003	67	0	67	67	
0.4	0.5	15	84	12	4	100	45948	100	45948	0.003	0	0.003	0.003	459.48	159.03	373	749	
0.4	0.5	27	85	6	4	100	38900	100	38900	0.003	0	0.003	0.003	389	0	389	389	
0.4	0.5	9	86	6	4	100	46900	100	46900	0.003	0	0.003	0.003	469	0	469	469	
0.4	0.5	54	87	3	4	100	59699	100	59699	0.003	0	0.003	0.003	596.99	0.1	596	597	
0.4	0.5	17	88	3	4	97	7629	97	7629	0.00321649	0.00121815	0.003	0.01	78.6495	11.4273	77	157	
0.4	0.5	52	89	23	4	70	3430	70	3430	0.003	0	0.003	0.003	49	0	49	49	
0.4	0.5	41	90	31	4	78	4632	77	4583	0.00309091	0.000797724	0.003	0.01	59.5195	8.92897	49	67	
0.4	0.5	55	91	19	4	94	4606	94	4606	0.00307447	0.000721995	0.003	0.01	49	0	49	49	
0.4	0.5	20	92	6	4	100	20098	100	20098	0.003	0	0.003	0.003	200.98	0.2	199	201	
0.4	0.5	52	93	6	4	72	5544	71	5467	0.003	0	0.003	0.003	77	0	77	77	
0.4	0.5	41	94	32	4	82	1803	82	1803	0.003	0	0.003	0.003	21.9878	0.110432	21	22	
0.4	0.5	15	95	11	4	89	7813	91	7967	0.00384615	0.00229455	0.003	0.01	87.5495	27.2177	77	157	
0.4	0.5	48	96	2	4	68	33508	67	33007	0.00644776	0.00352602	0.003	0.01	492.642	29.6544	389	501	
0.4	0.5	40	97	10	4	63	15939	64	16192	0.00726562	0.00344223	0.003	0.01	253	0	253	253	
0.4	0.5	39	98	40	4	71	3479	70	3430	0.003	0	0.003	0.003	49	0	49	49	
0.4	0.5	45	99	5	4	100	69300	100	69300	0.003	0	0.003	0.003	693	0	693	693	
0.4	0.5	39	100	29	4	70	2240	71	2272	0.003	0	0.003	0.003	32	0	32	32	
0.4	0.5	7	101	6	4	100	30100	100	30100	0.003	0	0.003	0.003	301	0	301	301	
0.4	0.5	24	102	16	4	96	9312	97	9409	0.00328866	0.0013991	0.003	0.01	97	0	97	97	
0.4	0.5	39	103	5	4	53	5141	51	4947	0.00547059	0.00337848	0.003	0.01	97	0	97	97	
0.4	0.5	49	104	3	4	100	32500	100	32500	0.003	0	0.003	0.003	325	0	325	325	
0.4	0.5	8	105	5	4	100	19300	100	19300	0.003	0	0.003	0.003	193	0	193	193	
0.4	0.5	32	106	2	4	100	74900	100	74900	0.003	0	0.003	0.003	749	0	749	749	
0.4	0.5	55	107	21	4	87	6319	89	6473	0.00370786	0.0021224	0.003	0.01	72.7303	4.9744	67	77	
0.4	0.5	57	108	3	4	100	105600	100	105600	0.003	0	0.003	0.003	1056	0	1056	1056	
0.4	0.5	32	109	6	4	100	20100	100	20100	0.003	0	0.003	0.003	201	0	201	201	
0.4	0.5	52	110	44	4	60	4500	61	4577	0.00426229	0.00271356	0.003	0.01	75.0328	4.00819	67	77	
0.4	0.5	13	111	3	4	100	16084	100	16084	0.003	0	0.003	0.003	160.84	57.7614	125	253	
0.4	0.5	52	112	36	4	70	10374	71	10527	0.003	0	0.003	0.003	148.268	10.5681	125	153	
0.4	0.5	55	113	12	4	61	7049	64	7472	0.00704687	0.00348434	0.003	0.01	116.75	18.2522	77	125	
0.4	0.5	42	114	7	4	100	4900	100	4900	0.003	0	0.003	0.003	49	0	49	49	
0.4	0.5	33	115	5	4	100	59699	100	59699	0.003	0	0.003	0.003	596.99	0.1	596	597	
0.4	0.5	34	116	21	4	100	22660	100	22700	0.003	0	0.003	0.003	227	14.3548	193	233	
0.4	0.5	33	117	3	4	100	80700	100	80700	0.003	0	0.003	0.003	807	0	807	807	
0.4	0.5	6	118	12	4	100	23300	100	23300	0.003	0	0.003	0.003	233	0	233	233	
0.4	0.5	34	119	16	4	100	9700	100	9700	0.003	0	0.003	0.003	97	0	97	97	
0.4	0.5	15	120	9	4	100	15444	100	15444	0.003	0	0.003	0.003	154.44	54.1379	125	253	
0.4	0.5	8	121	1	4	100	19300	100	19300	0.003	0	0.003	0.003	193	0	193	193	
0.4	0.5	47	122	3	4	63	87897	63	87657	0.00688889	0.00350627	0.003	0.01	1391.38	116.477	1239	1479	
0.4	0.5	49	123	8	4	90	22457	90	22457	0.00377778	0.00221221	0.003	0.01	249.522	13.0412	201	253	
0.4	0.5	21	124	15	4	100	9700	100	9700	0.003	0	0.003	0.003	97	0	97	97	
0.4	0.5	18	125	5	4	96	82630	96	82976	0.00329167	0.00140613	0.003	0.01	864.333	163.962	749	1095	
0.4	0.5	27	126	3	4	100	30100	100	30100	0.003	0	0.003	0.003	301	0	301	301	
0.4	0.5	3	127	3	4	100	25300	100	25300	0.003	0	0.003	0.003	253	0	253	253	
0.4	0.5	9	128	2	4	100	74900	100	74900	0.003	0	0.003	0.003	749	0	749	749	
0.4	0.5	7	129	8	4	100	20900	100	20900	0.003	0	0.003	0.003	209	0	209	209	
0.4	0.5	13	130	1	4	100	12612	100	12612	0.003	0	0.003	0.003	126.12	46.9311	97	201	
0.4	0.5	53	131	1	4	100	64500	100	64500	0.003	0	0.003	0.003	645	0	645	645	
0.4	0.5	2	132	8	4	100	9570	100	9500	0.003	0	0.003	0.003	95	34.4656	67	137	
0.4	0.5	55	133	25	4	81	6177	79	6023	0.00450633	0.00289506	0.003	0.01	76.2405	2.6661	67	77	
0.4	0.5	32	134	9	4	93	48289	93	48161	0.00352688	0.00185678	0.003	0.01	517.86	27.3455	469	533	
0.4	0.5	20	135	9	4	100	15700	100	15700	0.003	0	0.003	0.003	157	0	157	157	
0.4	0.5	52	136	28	4	71	2272	71	2272	0.003	0	0.003	0.003	32	0	32	32	
0.4	0.5	37	137	24	4	75	9375	76	9500	0.00336842	0.00157346	0.003	0.01	125	0	125	125	
0.4	0.5	24	138	1	4	90	16058	89	15929	0.00378652	0.00222318	0.003	0.01	178.978	15.9673	161	193	
0.4	0.5	2	139	10	4	100	7032	100	6980	0.003	0	0.003	0.003	69.8	25.603	49	101	
0.4	0.5	35	140	8	4	100	30900	100	30900	0.003	0	0.003	0.003	309	0	309	309	
0.4	0.5	25	141	3	4	100	49204	100	48980	0.003	0	0.003	0.003	489.8	33.7693	389	501	
0.4	0.5	30	142	7	4	100	26388	100	26252	0.003	0	0.003	0.003	262.52	34.8748	253	389	
0.4	0.5	39	143	3	4	71	5467	70	5390	0.003	0	0.003	0.003	77	0	77	77	
0.4	0.5	15	144	10	4	100	19870	100	19870	0.003	0	0.003	0.003	198.7	69.3755	159	325	
0.4	0.5	39	145	23	4	70	18830	71	19099	0.003	0	0.003	0.003	269	0	269	269	
0.4	0.5	49	146	6	4	99	45791	99	45631	0.00307071	0.000703526	0.003	0.01	460.919	24.2301	389	469	
0.4	0.5	29	147	9	4	100	25844	100	25844	0.003	0	0.003	0.003	258.44	26.7847	253	389	
0.4	0.5	34	148	1	4	100	7700	100	7700	0.003	0	0.003	0.003	77	0	77	77	
0.4	0.5	39	149	7	4	71	11431	70	11270	0.003	0	0.003	0.003	161	0	161	161	
0.4	0.5	30	150	4	4	65	14805	66	15110	0.00660606	0.0035252	0.003	0.01	228.939	29.6232	157	253	
0.4	0.5	19	151	10	4	100	13700	100	13700	0.003	0	0.003	0.003	137	0	137	137	
0.4	0.5	37	152	11	4	76	9192	76	9192	0.00346053	0.00174693	0.003	0.01	120.947	9.91685	97	125	
0.4	0.5	2	153	13	4	100	37724	100	37460	0.003	0	0.003	0.003	374.6	129.985	269	533	
0.4	0.5	18	154	1	4	63	17975	61	17333	0.00747541	0.00338923	0.003	0.01	284.148	58.4197	201	389	
0.4	0.5	31	155	9	4	100	32500	100	32500	0.003	0	0.003	0.003	325	0	325	325	
0.4	0.5	39	156	34	4	77	5159	77	5159	0.003	0	0.003	0.003	67	0	67	67	
0.4	0.5	31	157	3	4	100	32500	100	32500	0.003	0	0.003	0.003	325	0	325	325	
0.4	0.5	39	158	11	4	71	8875	70	8750	0.003	0	0.003	0.003	125	0	125	125	
0.4	0.5	32	159	4	4	100	32500	100	32500	0.003	0	0.003	0.003	325	0	325	325	
0.4	0.5	32	160	1	4	100	10100	100	10100	0.003	0	0.003	0.003	101	0	101	101	
0.4	0.5	10	161	3	4	100	46420	100	46420	0.003	0	0.003	0.003	464.2	19.0947	389	469	
0.4	0.5	7	162	9	4	100	20899	100	20899	0.003	0	0.003	0.003	208.99	0.1	208	209	
0.4	0.5	55	163	1	4	63	7491	62	7462	0.00706452	0.00348237	0.003	0.01	120.355	14.3071	77	125	
0.4	0.5	3	164	1	4	100	53300	100	53300	0.003	0	0.003	0.003	533	0	533	533	
0.4	0.5	15	165	8	4	98	44448	98	44448	0.00314286	0.000994832	0.003	0.01	453.551	155.037	373	749	
0.4	0.5	55	166	2	4	88	16568	87	16439	0.0038046	0.00224561	0.003	0.01	188.954	10.6966	161	193	
0.4	0.5	45	167	2	4	100	38900	100	38900	0.003	0	0.003	0.003	389	0	389	389	
0.4	0.5	41	168	1	4	81	3967	80	3918	0.003	0	0.003	0.003	48.975	0.223607	47	49	
0.4	0.5	13	169	9	4	100	9940	100	9940	0.003	0	0.003	0.003	99.4	36.1009	77	157	
0.4	0.5	47	170	5	4	100	47444	100	47332	0.003	0	0.003	0.003	473.32	54.9032	405	517	
0.4	0.5	44	171	11	4	100	32498	100	32498	0.003	0	0.003	0.003	324.98	0.2	323	325	
0.4	0.5	10	172	7	4	100	20100	100	20100	0.003	0	0.003	0.003	201	0	201	201	
0.4	0.5	44	173	12	4	100	32498	100	32498	0.003	0	0.003	0.003	324.98	0.2	323	325	
0.4	0.5	43	174	10	4	89	23326	91	23844	0.00384615	0.00229455	0.003	0.01	262.022	92.3403	161	389	
0.4	0.5	6	175	17	4	99	23067	99	23067	0.00307071	0.000703526	0.003	0.01	233	0	233	233	
0.4	0.5	31	176	2	4	85	13345	85	13345	0.00407059	0.00253447	0.003	0.01	157	0	157	157	
0.4	0.5	12	177	6	4	100	23300	100	23300	0.003	0	0.003	0.003	233	0	233	233	
0.4	0.5	52	178	27	4	69	6653	69	6653	0.00310145	0.000842701	0.003	0.01	96.4203	3.3799	77	97	
0.4	0.5	39	179	41	4	77	5159	76	5092	0.003	0	0.003	0.003	67	0	67	67	
0.4	0.5	44	180	4	4	50	19450	50	19450	0.01	0	0.01	0.01	389	0	389	389	
0.4	0.5	55	181	10	4	98	2156	97	2134	0.003	0	0.003	0.003	22	0	22	22	
0.4	0.5	7	182	4	4	98	38122	98	38122	0.00314286	0.000994832	0.003	0.01	389	0	389	389	
0.4	0.5	18	183	8	4	100	37778	100	37938	0.003	0	0.003	0.003	379.38	76.1899	323	485	
0.4	0.5	2	184	11	4	100	13964	100	13860	0.003	0	0.003	0.003	138.6	51.2061	97	201	
0.4	0.5	33	185	2	4	100	69300	100	69300	0.003	0	0.003	0.003	693	0	693	693	
0.4	0.5	13	186	7	4	100	12612	100	12612	0.003	0	0.003	0.003	126.12	46.9311	97	201	
0.4	0.5	8	187	25	4	100	26900	100	26900	0.003	0	0.003	0.003	269	0	269	269	
0.4	0.5	8	188	19	4	100	3200	100	3200	0.003	0	0.003	0.003	32	0	32	32	
0.4	0.5	2	189	9	4	100	4715	100	4678	0.003	0	0.003	0.003	46.78	18.235	30	69	
0.4	0.5	4	190	2	4	100	105600	100	105600	0.003	0	0.003	0.003	1056	0	1056	1056	
0.4	0.5	23	191	5	4	100	13700	100	13700	0.003	0	0.003	0.003	137	0	137	137	
0.4	0.5	21	192	10	4	85	15285	86	15478	0.00413953	0.00259938	0.003	0.01	179.977	15.8129	161	193	
0.4	0.5	16	193	2	4	100	20900	100	20900	0.003	0	0.003	0.003	209	0	209	209	
0.4	0.5	46	194	2	4	100	77500	100	77500	0.003	0	0.003	0.003	775	0	775	775	
0.4	0.5	11	195	3	4	79	18407	79	18407	0.00477215	0.00306322	0.003	0.01	233	0	233	233	
0.4	0.5	7	196	2	4	100	20900	100	20900	0.003	0	0.003	0.003	209	0	209	209	
0.4	0.5	56	197	2	4	100	79996	100	79932	0.003	0	0.003	0.003	799.32	13.7355	775	807	
0.4	0.5	34	198	4	4	100	4900	100	4900	0.003	0	0.003	0.003	49	0	49	49	
0.4	0.5	8	199	7	4	100	16100	100	16100	0.003	0	0.003	0.003	161	0	161	161	
0.4	0.5	49	200	7	4	98	15385	99	15542	0.00314141	0.000989847	0.003	0.01	156.99	0.100504	156	157	
0.4	0.5	23	201	2	4	100	15699	100	15699	0.003	0	0.003	0.003	156.99	0.1	156	157	
0.4	0.5	37	202	25	4	71	11422	71	11422	0.00388732	0.00234551	0.003	0.01	160.873	0.95513	153	161	
0.4	0.5	41	203	28	4	74	9250	72	9000	0.00358333	0.00194827	0.003	0.01	125	0	125	125	
0.4	0.5	44	204	10	4	100	32500	100	32500	0.003	0	0.003	0.003	325	0	325	325	
0.4	0.5	46	205	4	4	100	105600	100	105600	0.003	0	0.003	0.003	1056	0	1056	1056	
0.4	0.5	41	206	19	4	80	2560	80	2560	0.003	0	0.003	0.003	32	0	32	32	
0.4	0.5	39	207	16	4	70	4690	71	4757	0.003	0	0.003	0.003	67	0	67	67	
0.4	0.5	28	208	14	4	100	12500	100	12500	0.003	0	0.003	0.003	125	0	125	125	
0.4	0.5	55	209	18	4	95	35435	95	35435	0.00307368	0.000718185	0.003	0.01	373	0	373	373	
0.4	0.5	53	210	2	4	100	64500	100	64500	0.003	0	0.003	0.003	645	0	645	645	
0.4	0.5	19	211	5	4	100	15700	100	15700	0.003	0	0.003	0.003	157	0	157	157	
0.4	0.5	5	212	60	4	50	17066	48	16320	0.00489583	0.00314365	0.003	0.01	340	36.2544	301	373	
0.4	0.5	20	213	1	4	100	25298	100	25298	0.003	0	0.003	0.003	252.98	0.2	251	253	
0.4	0.5	39	214	24	4	76	5852	77	5929	0.003	0	0.003	0.003	77	0	77	77	
0.4	0.5	38	215	13	4	100	47076	100	47452	0.003	0	0.003	0.003	474.52	167.77	373	749	
0.4	0.5	37	216	9	4	77	5928	77	5928	0.00309091	0.000797724	0.003	0.01	76.987	0.113961	76	77	
0.4	0.5	45	217	3	4	100	45300	100	45300	0.003	0	0.003	0.003	453	0	453	453	
0.4	0.5	29	218	3	4	93	16713	93	16713	0.00352688	0.00185678	0.003	0.01	179.71	22.1077	157	201	
0.4	0.5	39	219	30	4	76	2432	76	2432	0.003	0	0.003	0.003	32	0	32	32	
0.4	0.5	32	220	5	4	100	32148	100	32116	0.003	0	0.003	0.003	321.16	6.86776	309	325	
0.4	0.5	34	221	7	4	100	7700	100	7700	0.003	0	0.003	0.003	77	0	77	77	
0.4	0.5	26	222	4	4	100	20100	100	20100	0.003	0	0.003	0.003	201	0	201	201	
0.4	0.5	35	223	7	4	100	13698	100	13698	0.003	0	0.003	0.003	136.98	0.2	135	137	
0.4	0.5	37	224	5	4	76	5092	75	5025	0.003	0	0.003	0.003	67	0	67	67	
0.4	0.5	41	225	29	4	80	2560	77	2464	0.003	0	0.003	0.003	32	0	32	32	
0.4	0.5	23	226	3	4	100	13700	100	13700	0.003	0	0.003	0.003	137	0	137	137	
0.4	0.5	39	227	31	4	70	3430	71	3479	0.003	0	0.003	0.003	49	0	49	49	
0.4	0.5	36	228	3	4	100	59700	100	59700	0.003	0	0.003	0.003	597	0	597	597	
0.4	0.5	18	229	2	4	100	23400	100	23500	0.003	0	0.003	0.003	235	47.6095	201	301	
0.4	0.5	17	230	4	4	100	12755	100	12755	0.003	0	0.003	0.003	127.55	18.012	124	253	
0.4	0.5	3	231	5	4	100	46900	100	46900	0.003	0	0.003	0.003	469	0	469	469	
0.4	0.5	20	232	2	4	100	25299	100	25299	0.003	0	0.003	0.003	252.99	0.1	252	253	
0.4	0.5	22	233	3	4	100	105600	100	105600	0.003	0	0.003	0.003	1056	0	1056	1056	
0.4	0.5	37	234	15	4	72	5544	72	5544	0.00319444	0.00115842	0.003	0.01	77	0	77	77	
0.4	0.5	28	235	7	4	98	7546	98	7546	0.00314286	0.000994832	0.003	0.01	77	0	77	77	
0.4	0.5	21	236	13	4	100	37300	100	37300	0.003	0	0.003	0.003	373	0	373	373	
0.4	0.5	37	237	30	4	71	5467	71	5467	0.00388732	0.00234551	0.003	0.01	77	0	77	77	
0.4	0.5	31	238	8	4	100	13698	100	13698	0.003	0	0.003	0.003	136.98	0.2	135	137	
0.4	0.5	6	239	5	4	100	26900	100	26900	0.003	0	0.003	0.003	269	0	269	269	
0.4	0.5	15	240	2	4	89	9881	89	9881	0.00386517	0.00231689	0.003	0.01	111.022	35.7218	97	201	
0.4	0.5	38	241	11	4	100	15828	100	15956	0.003	0	0.003	0.003	159.56	57.1131	125	253	
0.4	0.5	55	242	16	4	93	4047	93	4047	0.00330107	0.00142787	0.003	0.01	43.5161	7.98996	32	49	
0.4	0.5	42	243	14	4	100	6700	100	6700	0.003	0	0.003	0.003	67	0	67	67	
0.4	0.5	39	244	33	4	65	5005	65	5005	0.00375385	0.00218683	0.003	0.01	77	0	77	77	
0.4	0.5	55	245	13	4	92	2624	92	2624	0.00315217	0.00102641	0.003	0.01	28.5217	4.7889	22	32	
0.4	0.5	33	246	7	4	100	45300	100	45300	0.003	0	0.003	0.003	453	0	453	453	
0.4	0.5	17	247	8	4	100	16428	100	16428	0.003	0	0.003	0.003	164.28	23.0757	161	325	
0.4	0.5	52	248	46	4	72	3528	72	3528	0.003	0	0.003	0.003	49	0	49	49	
0.4	0.5	13	249	4	4	100	16084	100	16084	0.003	0	0.003	0.003	160.84	57.7614	125	253	
0.4	0.5	44	250	3	4	100	32498	100	32498	0.003	0	0.003	0.003	324.98	0.2	323	325	
0.4	0.5	18	251	3	4	99	29259	99	29395	0.00307071	0.000703526	0.003	0.01	296.919	64.3586	201	389	
0.4	0.5	56	252	1	4	100	80700	100	80700	0.003	0	0.003	0.003	807	0	807	807	
0.4	0.5	39	253	4	4	77	28718	76	28345	0.003	0	0.003	0.003	372.961	0.255123	371	373	
0.4	0.5	34	254	6	4	100	9698	100	9698	0.003	0	0.003	0.003	96.98	0.2	95	97	
0.4	0.5	56	255	3	4	100	80700	100	80700	0.003	0	0.003	0.003	807	0	807	807	
0.4	0.5	21	256	16	4	100	19300	100	19300	0.003	0	0.003	0.003	193	0	193	193	
0.4	0.5	29	257	1	4	100	33140	100	33140	0.003	0	0.003	0.003	331.4	31.5114	325	485	
0.4	0.5	39	258	12	4	76	3722	76	3722	0.003	0	0.003	0.003	48.9737	0.229416	47	49	
0.4	0.5	33	259	4	4	52	19788	53	20089	0.00933962	0.00206568	0.003	0.01	379.038	28.1493	301	389	
0.4	0.5	14	260	5	4	100	64164	100	64188	0.003	0	0.003	0.003	641.88	8.11194	621	645	
0.4	0.5	13	261	5	4	100	8660	100	8660	0.003	0	0.003	0.003	86.6	31.5883	67	137	
0.4	0.5	41	262	14	4	80	9998	81	10123	0.003	0	0.003	0.003	124.975	0.222222	123	125	
0.4	0.5	39	263	8	4	74	5698	73	5621	0.00328767	0.0013992	0.003	0.01	77	0	77	77	
0.4	0.5	37	264	8	4	78	14542	78	14510	0.00353846	0.00187736	0.003	0.01	186.026	13.2968	161	193	
0.4	0.5	49	265	9	4	100	20099	100	20099	0.003	0	0.003	0.003	200.99	0.1	200	201	
0.4	0.5	5	266	42	4	52	4004	52	4004	0.003	0	0.003	0.003	77	0	77	77	
0.4	0.5	14	267	1	4	100	105600	100	105600	0.003	0	0.003	0.003	1056	0	1056	1056	
0.4	0.5	15	268	7	4	100	32972	100	32972	0.003	0	0.003	0.003	329.72	111.659	269	533	
0.4	0.5	55	269	22	4	90	6930	91	7007	0.00338461	0.00160395	0.003	0.01	77	0	77	77	
0.4	0.5	49	270	4	4	100	53298	100	53298	0.003	0	0.003	0.003	532.98	0.2	531	533	
0.4	0.5	16	271	7	4	100	30100	100	30100	0.003	0	0.003	0.003	301	0	301	301	
0.4	0.5	8	272	18	4	58	5626	56	5432	0.00825	0.00305852	0.003	0.01	97	0	97	97	
0.4	0.5	49	273	10	4	57	14421	58	14674	0.00831034	0.0030216	0.003	0.01	253	0	253	253	
0.4	0.5	52	274	14	4	58	18601	58	18673	0.00468965	0.0030216	0.003	0.01	321.948	44.9571	269	373	
0.4	0.5	24	275	11	4	100	12498	100	12498	0.003	0	0.003	0.003	124.98	0.2	123	125	
0.4	0.5	54	276	6	4	52	56748	51	55653	0.00945098	0.00190067	0.003	0.01	1091.24	26.8854	903	1095	
0.4	0.5	17	277	7	4	100	16428	100	16428	0.003	0	0.003	0.003	164.28	23.0757	161	325	
0.4	0.5	14	278	4	4	100	40500	100	40500	0.003	0	0.003	0.003	405	0	405	405	
0.4	0.5	41	279	11	4	79	3361	80	3410	0.0030875	0.000782624	0.003	0.01	42.625	8.28201	32	49	
0.4	0.5	10	280	1	4	100	30900	100	30900	0.003	0	0.003	0.003	309	0	309	309	
0.4	0.5	13	281	11	4	100	12612	100	12612	0.003	0	0.003	0.003	126.12	46.9311	97	201	
0.4	0.5	20	282	7	4	100	13700	100	13700	0.003	0	0.003	0.003	137	0	137	137	
0.4	0.5	42	283	15	4	100	12498	100	12498	0.003	0	0.003	0.003	124.98	0.2	123	125	
0.4	0.5	17	284	9	4	100	19692	100	19692	0.003	0	0.003	0.003	196.92	27.5782	193	389	
0.4	0.5	34	285	24	4	100	6700	100	6700	0.003	0	0.003	0.003	67	0	67	67	
0.4	0.5	56	286	5	4	100	95675	100	95291	0.003	0	0.003	0.003	952.91	82.4075	807	999	
0.4	0.5	38	287	3	4	100	15828	100	15956	0.003	0	0.003	0.003	159.56	57.1131	125	253	
0.4	0.5	2	288	5	4	100	43220	100	42900	0.003	0	0.003	0.003	429	157.557	301	621	
0.4	0.5	55	289	26	4	93	8341	93	8341	0.00315054	0.00102094	0.003	0.01	89.6882	9.68412	77	97	
0.4	0.5	13	290	8	4	72	5354	75	5585	0.00561333	0.00340863	0.003	0.01	74.4667	4.37849	67	77	
0.4	0.5	43	291	12	4	100	9640	100	9640	0.003	0	0.003	0.003	96.4	34.7231	67	137	
0.4	0.5	3	292	4	4	100	30900	100	30900	0.003	0	0.003	0.003	309	0	309	309	
0.4	0.5	38	293	2	4	100	24396	100	24592	0.003	0	0.003	0.003	245.92	87.4544	193	389	
0.4	0.5	38	294	12	4	100	8520	100	8590	0.003	0	0.003	0.003	85.9	31.2337	67	137	
0.4	0.5	54	295	8	4	100	59699	100	59699	0.003	0	0.003	0.003	596.99	0.1	596	597	
0.4	0.5	34	296	8	4	100	4900	100	4900	0.003	0	0.003	0.003	49	0	49	49	
0.4	0.5	50	297	1	4	100	23300	100	23300	0.003	0	0.003	0.003	233	0	233	233	
0.4	0.5	21	298	3	4	100	4900	100	4900	0.003	0	0.003	0.003	49	0	49	49	
0.4	0.5	32	299	7	4	100	13628	100	13628	0.003	0	0.003	0.003	136.28	5.06539	101	137	
0.4	0.5	36	300	2	4	100	105600	100	105600	0.003	0	0.003	0.003	1056	0	1056	1056	
0.4	0.5	34	301	2	4	68	4178	71	4379	0.00605634	0.00349648	0.003	0.01	61.6761	8.27349	49	67	
0.4	0.5	21	302	1	4	100	4900	100	4900	0.003	0	0.003	0.003	49	0	49	49	
0.4	0.5	34	303	13	4	100	26900	100	26900	0.003	0	0.003	0.003	269	0	269	269	
0.4	0.5	45	304	1	4	100	48500	100	48500	0.003	0	0.003	0.003	485	0	485	485	
0.4	0.5	29	305	8	4	100	39732	100	39732	0.003	0	0.003	0.003	397.32	40.9648	389	597	
0.4	0.5	5	306	3	4	49	9457	49	9457	0.003	0	0.003	0.003	193	0	193	193	
0.4	0.5	39	307	38	4	71	11431	71	11431	0.003	0	0.003	0.003	161	0	161	161	
0.4	0.5	2	308	7	4	100	27336	100	27140	0.003	0	0.003	0.003	271.4	96.5037	193	389	
0.4	0.5	30	309	8	4	100	14276	100	14204	0.003	0	0.003	0.003	142.04	18.4631	137	209	
0.4	0.5	21	310	11	4	100	16100	100	16100	0.003	0	0.003	0.003	161	0	161	161	
0.4	0.5	31	311	1	4	100	38900	100	38900	0.003	0	0.003	0.003	389	0	389	389	
0.4	0.5	38	312	7	4	100	20363	100	20527	0.003	0	0.003	0.003	205.27	73.1823	160	325	
0.4	0.5	42	313	16	4	100	26900	100	26900	0.003	0	0.003	0.003	269	0	269	269	
0.4	0.5	15	314	3	4	100	19872	100	19872	0.003	0	0.003	0.003	198.72	69.3642	161	325	
0.4	0.5	8	315	23	4	100	7698	100	7698	0.003	0	0.003	0.003	76.98	0.2	75	77	
0.4	0.5	11	316	5	4	100	30100	100	30100	0.003	0	0.003	0.003	301	0	301	301	
0.4	0.5	45	317	4	4	100	20900	100	20900	0.003	0	0.003	0.003	209	0	209	209	
0.4	0.5	37	318	4	4	74	10678	73	10553	0.00376712	0.00220177	0.003	0.01	144.562	12.9368	125	153	
0.4	0.5	30	319	6	4	85	19477	85	19529	0.00415294	0.00261181	0.003	0.01	229.753	26.0073	201	253	
0.4	0.5	28	320	3	4	100	23300	100	23300	0.003	0	0.003	0.003	233	0	233	233	
0.4	0.5	39	321	10	4	77	5159	76	5092	0.003	0	0.003	0.003	67	0	67	67	
0.4	0.5	18	322	6	4	64	17908	66	18414	0.00692424	0.00350082	0.003	0.01	279	55.2666	201	389	
0.4	0.5	45	323	6	4	100	20900	100	20900	0.003	0	0.003	0.003	209	0	209	209	
0.4	0.5	38	324	4	4	74	27602	75	27975	0.00552	0.00338263	0.003	0.01	373	0	373	373	
0.4	0.5	24	325	22	4	100	37300	100	37300	0.003	0	0.003	0.003	373	0	373	373	
0.4	0.5	52	326	34	4	70	18830	71	19099	0.003	0	0.003	0.003	269	0	269	269	
0.4	0.5	28	327	6	4	100	15300	100	15300	0.003	0	0.003	0.003	153	0	153	153	
0.4	0.5	40	328	8	4	57	11457	59	11859	0.00786441	0.00325077	0.003	0.01	201	0	201	201	
0.4	0.5	9	329	10	4	100	15700	100	15700	0.003	0	0.003	0.003	157	0	157	157	
0.4	0.5	8	330	15	4	100	19300	100	19300	0.003	0	0.003	0.003	193	0	193	193	
0.4	0.5	28	331	9	4	100	4900	100	4900	0.003	0	0.003	0.003	49	0	49	49	
0.4	0.5	19	332	9	4	100	30004	100	30116	0.003	0	0.003	0.003	301.16	19.5292	253	309	
0.4	0.5	5	333	41	4	48	3696	48	3696	0.003	0	0.003	0.003	77	0	77	77	
0.4	0.5	42	334	8	4	100	23300	100	23300	0.003	0	0.003	0.003	233	0	233	233	
0.4	0.5	2	335	6	4	100	10978	100	10898	0.003	0	0.003	0.003	108.98	39.4062	75	157	
0.4	0.5	5	336	2	4	52	6500	52	6500	0.003	0	0.003	0.003	125	0	125	125	
0.4	0.5	35	337	3	4	100	13698	100	13698	0.003	0	0.003	0.003	136.98	0.2	135	137	
0.4	0.5	41	338	26	4	81	1942	77	1834	0.00309091	0.000797724	0.003	0.01	23.8182	3.88224	22	32	
0.4	0.5	34	339	12	4	100	9700	100	9700	0.003	0	0.003	0.003	97	0	97	97	
0.4	0.5	27	340	7	4	100	20900	100	20900	0.003	0	0.003	0.003	209	0	209	209	
0.4	0.5	6	341	2	4	100	37300	100	37300	0.003	0	0.003	0.003	373	0	373	373	
0.4	0.5	47	342	6	4	100	64499	100	64499	0.003	0	0.003	0.003	644.99	0.1	644	645	
0.4	0.5	32	343	3	4	100	32500	100	32500	0.003	0	0.003	0.003	325	0	325	325	
0.4	0.5	28	344	5	4	100	37300	100	37300	0.003	0	0.003	0.003	373	0	373	373	
0.4	0.5	52	345	3	4	65	11969	66	12162	0.00363636	0.00202778	0.003	0.01	184.273	14.3608	161	193	
0.4	0.5	43	346	1	4	100	11060	100	11060	0.003	0	0.003	0.003	110.6	39.6836	77	157	
0.4	0.5	37	347	27	4	75	17395	76	17628	0.00318421	0.00112795	0.003	0.01	231.947	6.44545	193	233	
0.4	0.5	52	348	5	4	67	12419	67	12419	0.00352239	0.0018534	0.003	0.01	185.358	13.7463	161	193	
0.4	0.5	21	349	18	4	100	6700	100	6700	0.003	0	0.003	0.003	67	0	67	67	
0.4	0.5	8	350	3	4	100	4898	100	4898	0.003	0	0.003	0.003	48.98	0.2	47	49	
0.4	0.5	12	351	4	4	100	69300	100	69300	0.003	0	0.003	0.003	693	0	693	693	
0.4	0.5	41	352	7	4	78	2496	78	2496	0.003	0	0.003	0.003	32	0	32	32	
0.4	0.5	24	353	8	4	100	6700	100	6700	0.003	0	0.003	0.003	67	0	67	67	
0.4	0.5	13	354	6	4	100	8660	100	8660	0.003	0	0.003	0.003	86.6	31.5883	67	137	
0.4	0.5	37	355	3	4	80	3918	79	3869	0.003	0	0.003	0.003	48.9747	0.225018	47	49	
0.4	0.5	39	356	22	4	76	28348	77	28721	0.003	0	0.003	0.003	373	0	373	373	
0.4	0.5	25	357	5	4	100	105600	100	105600	0.003	0	0.003	0.003	1056	0	1056	1056	
0.4	0.5	20	358	4	4	60	12060	60	12060	0.00766667	0.00332768	0.003	0.01	201	0	201	201	
0.4	0.5	38	359	8	4	100	12404	100	12508	0.003	0	0.003	0.003	125.08	46.4044	97	201	
0.4	0.5	44	360	2	4	94	70406	93	69657	0.00345161	0.00172901	0.003	0.01	749	0	749	749	
0.4	0.5	42	361	18	4	91	7007	91	7007	0.00369231	0.00210128	0.003	0.01	77	0	77	77	
0.4	0.5	1	362	12	4	77	11781	77	11781	0.003	0	0.003	0.003	153	0	153	153	
0.4	0.5	24	363	15	4	100	7700	100	7700	0.003	0	0.003	0.003	77	0	77	77	
0.4	0.5	16	364	4	4	100	38898	100	38898	0.003	0	0.003	0.003	388.98	0.2	387	389	
0.4	0.5	23	365	1	4	100	38900	100	38900	0.003	0	0.003	0.003	389	0	389	389	
0.4	0.5	52	366	25	4	70	4690	70	4690	0.003	0	0.003	0.003	67	0	67	67	
0.4	0.5	46	367	5	4	100	105600	100	105600	0.003	0	0.003	0.003	1056	0	1056	1056	
0.4	0.5	21	368	19	4	83	9367	83	9367	0.00443373	0.00284216	0.003	0.01	112.855	13.9609	97	125	
0.4	0.5	2	369	2	4	100	7032	100	6980	0.003	0	0.003	0.003	69.8	25.603	49	101	
0.4	0.5	54	370	2	4	100	38900	100	38900	0.003	0	0.003	0.003	389	0	389	389	
0.4	0.5	1	371	11	4	80	5360	80	5360	0.0030875	0.000782624	0.003	0.01	67	0	67	67	
0.4	0.5	2	372	3	4	100	9570	100	9500	0.003	0	0.003	0.003	95	34.4656	67	137	
0.4	0.5	17	373	11	4	100	12756	100	12756	0.003	0	0.003	0.003	127.56	18.0103	125	253	
0.4	0.5	51	374	2	4	100	69298	100	69298	0.003	0	0.003	0.003	692.98	0.2	691	693	
0.4	0.5	26	375	8	4	100	25300	100	25300	0.003	0	0.003	0.003	253	0	253	253	
0.4	0.5	44	376	9	4	100	46900	100	46900	0.003	0	0.003	0.003	469	0	469	469	
0.4	0.5	52	377	24	4	69	5313	69	5313	0.00330435	0.00143798	0.003	0.01	77	0	77	77	
0.4	0.5	11	378	2	4	100	45298	100	45298	0.003	0	0.003	0.003	452.98	0.2	451	453	
0.4	0.5	37	379	10	4	77	12389	76	12228	0.003	0	0.003	0.003	160.895	0.917663	153	161	
0.4	0.5	10	380	6	4	93	14601	94	14758	0.00352128	0.00184757	0.003	0.01	157	0	157	157	
0.4	0.5	18	381	9	4	100	35652	100	35796	0.003	0	0.003	0.003	357.96	68.5577	309	453	
0.4	0.5	36	382	6	4	100	23300	100	23300	0.003	0	0.003	0.003	233	0	233	233	
0.4	0.5	46	383	3	4	100	76200	100	76200	0.003	0	0.003	0.003	762	39.1965	645	775	
0.4	0.5	40	384	3	4	100	38900	100	38900	0.003	0	0.003	0.003	389	0	389	389	
0.4	0.5	32	385	11	4	100	13700	100	13700	0.003	0	0.003	0.003	137	0	137	137	
0.4	0.5	8	386	10	4	100	6700	100	6700	0.003	0	0.003	0.003	67	0	67	67	
0.4	0.5	41	387	17	4	80	5360	81	5427	0.003	0	0.003	0.003	67	0	67	67	
0.4	0.5	34	388	14	4	100	9700	100	9700	0.003	0	0.003	0.003	97	0	97	97	
0.4	0.5	23	389	6	4	100	30899	100	30899	0.003	0	0.003	0.003	308.99	0.1	308	309	
0.4	0.5	15	390	1	4	100	12092	100	12092	0.003	0	0.003	0.003	120.92	43.9871	97	201	
0.4	0.5	24	391	14	4	100	12500	100	12500	0.003	0	0.003	0.003	125	0	125	125	
0.4	0.5	18	392	4	4	60	9552	59	9471	0.00750847	0.00338033	0.003	0.01	160.525	17.1176	137	233	
0.4	0.5	34	393	10	4	99	15667	99	15667	0.00307071	0.000703526	0.003	0.01	158.253	3.81817	153	161	
0.4	0.5	26	394	1	4	100	30900	100	30900	0.003	0	0.003	0.003	309	0	309	309	
0.4	0.5	32	395	10	4	100	74900	100	74900	0.003	0	0.003	0.003	749	0	749	749	
0.4	0.5	1	396	30	4	72	5544	74	5698	0.00413513	0.00259781	0.003	0.01	77	0	77	77	
0.4	0.5	43	397	9	4	100	53092	100	53092	0.003	0	0.003	0.003	530.92	186.513	373	749	
0.4	0.5	42	398	12	4	98	12250	98	12250	0.00314286	0.000994832	0.003	0.01	125	0	125	125	
0.4	0.5	6	399	7	4	100	15300	100	15300	0.003	0	0.003	0.003	153	0	153	153	
0.4	0.5	42	400	10	4	100	37297	100	37297	0.003	0	0.003	0.003	372.97	0.171447	372	373	
0.4	0.5	41	401	20	4	76	2431	77	2463	0.003	0	0.003	0.003	31.987	0.113961	31	32	
0.4	0.5	52	402	12	4	53	3951	53	3951	0.00590566	0.00348218	0.003	0.01	74.5472	4.34372	67	77	
0.4	0.5	40	403	4	4	59	14927	58	14674	0.00794827	0.00321413	0.003	0.01	253	0	253	253	
0.4	0.5	37	404	31	4	80	2560	81	2592	0.003	0	0.003	0.003	32	0	32	32	
0.4	0.5	3	405	10	4	100	25300	100	25300	0.003	0	0.003	0.003	253	0	253	253	
0.4	0.5	8	406	2	4	100	23294	100	23294	0.003	0	0.003	0.003	232.94	0.342893	231	233	
0.4	0.5	23	407	11	4	100	30900	100	30900	0.003	0	0.003	0.003	309	0	309	309	
0.4	0.5	8	408	22	4	100	6700	100	6700	0.003	0	0.003	0.003	67	0	67	67	
0.4	0.5	2	409	4	4	59	4543	59	4543	0.00774576	0.00329887	0.003	0.01	77	0	77	77	
0.4	0.5	52	410	33	4	71	2272	71	2272	0.003	0	0.003	0.003	32	0	32	32	
0.4	0.5	39	411	28	4	72	9000	73	9125	0.00338356	0.00160408	0.003	0.01	125	0	125	125	
0.4	0.5	35	412	2	4	100	30788	100	30788	0.003	0	0.003	0.003	307.88	7.8795	253	309	
0.4	0.5	17	413	13	4	100	9908	100	9908	0.003	0	0.003	0.003	99.08	14.6334	97	201	
0.4	0.5	52	414	2	4	72	4824	71	4757	0.003	0	0.003	0.003	67	0	67	67	
0.4	0.5	28	415	1	4	100	16100	100	16100	0.003	0	0.003	0.003	161	0	161	161	
0.4	0.5	16	416	6	4	78	17886	78	17934	0.00497436	0.00317038	0.003	0.01	229.923	8.07557	209	233	
0.4	0.5	39	417	27	4	70	10710	71	10863	0.003	0	0.003	0.003	153	0	153	153	
0.4	0.5	3	418	9	4	78	12245	79	12402	0.00486076	0.00311215	0.003	0.01	156.987	0.112509	156	157	
0.4	0.5	44	419	6	4	100	13700	100	13700	0.003	0	0.003	0.003	137	0	137	137	
0.4	0.5	17	420	6	4	100	25960	100	26032	0.003	0	0.003	0.003	260.32	38.9397	233	533	
0.4	0.5	38	421	5	4	100	9780	100	9860	0.003	0	0.003	0.003	98.6	35.6957	77	157	
0.4	0.5	51	422	5	4	100	20900	100	20900	0.003	0	0.003	0.003	209	0	209	209	
0.4	0.5	52	423	35	4	72	9000	73	9125	0.003	0	0.003	0.003	125	0	125	125	
0.4	0.5	26	424	9	4	100	13700	100	13700	0.003	0	0.003	0.003	137	0	137	137	
0.4	0.5	52	425	38	4	70	13510	71	13703	0.003	0	0.003	0.003	193	0	193	193	
0.4	0.5	21	426	17	4	100	9700	100	9700	0.003	0	0.003	0.003	97	0	97	97	
0.4	0.5	17	427	5	4	87	8439	88	8536	0.00403409	0.00249804	0.003	0.01	97	0	97	97	
0.4	0.5	14	428	3	4	100	62096	100	62096	0.003	0	0.003	0.003	620.96	0.242878	619	621	
0.4	0.5	43	429	11	4	100	11060	100	11060	0.003	0	0.003	0.003	110.6	39.6836	77	157	
0.4	0.5	9	430	8	4	100	30900	100	30900	0.003	0	0.003	0.003	309	0	309	309	
0.4	0.5	41	431	9	4	79	2528	80	2560	0.003	0	0.003	0.003	32	0	32	32	
0.4	0.5	52	432	37	4	71	6887	72	6984	0.003	0	0.003	0.003	97	0	97	97	
0.4	0.5	40	433	7	4	100	20100	100	20100	0.003	0	0.003	0.003	201	0	201	201	
0.4	0.5	52	434	26	4	70	15950	70	15990	0.0031	0.00083666	0.003	0.01	228.429	12.8182	193	233	
0.4	0.5	50	435	8	4	100	45300	100	45300	0.003	0	0.003	0.003	453	0	453	453	
0.4	0.5	51	436	3	4	100	30100	100	30100	0.003	0	0.003	0.003	301	0	301	301	
0.4	0.5	37	437	1	4	79	18407	78	18174	0.003	0	0.003	0.003	233	0	233	233	
0.4	0.5	35	438	6	4	98	37737	98	37737	0.00314286	0.000994832	0.003	0.01	385.071	15.4201	325	389	
0.4	0.5	8	439	24	4	100	37300	100	37300	0.003	0	0.003	0.003	373	0	373	373	
0.4	0.5	12	440	3	4	100	38900	100	38900	0.003	0	0.003	0.003	389	0	389	389	
0.4	0.5	37	441	28	4	75	3675	76	3724	0.003	0	0.003	0.003	49	0	49	49	
0.4	0.5	28	442	12	4	100	12500	100	12500	0.003	0	0.003	0.003	125	0	125	125	
0.4	0.5	34	443	9	4	100	6700	100	6700	0.003	0	0.003	0.003	67	0	67	67	
0.4	0.5	31	444	5	4	95	19094	96	19295	0.00336458	0.00156353	0.003	0.01	200.99	0.102062	200	201	
0.4	0.5	40	445	2	4	100	74900	100	74900	0.003	0	0.003	0.003	749	0	749	749	
0.4	0.5	54	446	5	4	100	90300	100	90300	0.003	0	0.003	0.003	903	0	903	903	
0.4	0.5	15	447	4	4	100	37460	100	37460	0.003	0	0.003	0.003	374.6	135.345	301	621	
0.4	0.5	8	448	8	4	100	16098	100	16098	0.003	0	0.003	0.003	160.98	0.2	159	161	
0.4	0.5	38	449	6	4	100	33764	100	34028	0.003	0	0.003	0.003	340.28	117.796	269	533	
0.4	0.5	55	450	27	4	73	13161	75	13547	0.00524	0.00328732	0.003	0.01	180.627	15.6885	161	193	
0.4	0.5	55	451	7	4	95	14115	95	14171	0.003	0	0.003	0.003	149.168	9.67411	125	153	
0.4	0.5	34	452	23	4	100	6700	100	6700	0.003	0	0.003	0.003	67	0	67	67	
0.4	0.5	42	453	4	4	100	4898	100	4898	0.003	0	0.003	0.003	48.98	0.2	47	49	
0.4	0.5	35	454	9	4	100	34804	100	34868	0.003	0	0.003	0.003	348.68	31.0551	325	389	
0.4	0.5	33	455	1	4	100	59700	100	59700	0.003	0	0.003	0.003	597	0	597	597	
0.4	0.5	29	456	4	4	100	39732	100	39732	0.003	0	0.003	0.003	397.32	40.9648	389	597	
0.4	0.5	37	457	35	4	77	2464	76	2432	0.003	0	0.003	0.003	32	0	32	32	
0.4	0.5	11	458	4	4	100	38900	100	38900	0.003	0	0.003	0.003	389	0	389	389	
0.4	0.5	26	459	3	4	100	13700	100	13700	0.003	0	0.003	0.003	137	0	137	137	
0.4	0.5	28	460	8	4	100	12500	100	12500	0.003	0	0.003	0.003	125	0	125	125	
0.4	0.5	48	461	5	4	100	105600	100	105600	0.003	0	0.003	0.003	1056	0	1056	1056	
0.4	0.5	52	462	43	4	71	19099	72	19368	0.003	0	0.003	0.003	269	0	269	269	
0.4	0.5	40	463	11	4	100	13700	100	13700	0.003	0	0.003	0.003	137	0	137	137	
0.4	0.5	41	464	22	4	78	4668	78	4650	0.00326923	0.00135487	0.003	0.01	59.6154	8.91115	49	67	
0.4	0.5	43	465	3	4	59	4553	61	4707	0.00770492	0.00331333	0.003	0.01	77.1639	13.7225	67	157	
0.4	0.5	37	466	16	4	80	3920	80	3920	0.003	0	0.003	0.003	49	0	49	49	
0.4	0.5	26	467	10	4	100	25300	100	25300	0.003	0	0.003	0.003	253	0	253	253	
0.4	0.5	6	468	14	4	100	19300	100	19300	0.003	0	0.003	0.003	193	0	193	193	
0.4	0.5	40	469	6	4	79	19987	78	19734	0.00488461	0.00312502	0.003	0.01	253	0	253	253	
0.4	0.5	31	470	4	4	100	38900	100	38900	0.003	0	0.003	0.003	389	0	389	389	
0.4	0.5	44	471	7	4	94	23781	95	24034	0.0034421	0.00171176	0.003	0.01	252.989	0.102598	252	253	
0.4	0.5	41	472	24	4	82	5494	82	5494	0.003	0	0.003	0.003	67	0	67	67	
0.4	0.5	3	473	7	4	100	74900	100	74900	0.003	0	0.003	0.003	749	0	749	749	
0.4	0.5	39	474	39	4	77	3773	76	3724	0.003	0	0.003	0.003	49	0	49	49	
0.4	0.5	14	475	6	4	100	64500	100	64500	0.003	0	0.003	0.003	645	0	645	645	
0.4	0.5	24	476	5	4	100	37300	100	37300	0.003	0	0.003	0.003	373	0	373	373	
0.4	0.5	46	477	1	4	100	105600	100	105600	0.003	0	0.003	0.003	1056	0	1056	1056	
0.4	0.5	6	478	16	4	100	16100	100	16100	0.003	0	0.003	0.003	161	0	161	161	
0.4	0.5	54	479	4	4	100	48500	100	48500	0.003	0	0.003	0.003	485	0	485	485	
0.4	0.5	10	480	9	4	100	32498	100	32498	0.003	0	0.003	0.003	324.98	0.2	323	325	
0.4	0.5	2	481	1	4	99	6931	100	6928	0.00307	0.0007	0.003	0.01	69.28	25.4908	49	101	
0.4	0.5	39	482	6	4	77	2464	75	2400	0.003	0	0.003	0.003	32	0	32	32	
0.4	0.5	42	483	5	4	100	37297	100	37297	0.003	0	0.003	0.003	372.97	0.171447	372	373	
0.4	0.5	9	484	4	4	100	53300	100	53300	0.003	0	0.003	0.003	533	0	533	533	
0.4	0.5	26	485	11	4	100	53300	100	53300	0.003	0	0.003	0.003	533	0	533	533	
0.4	0.5	24	486	3	4	100	30100	100	30100	0.003	0	0.003	0.003	301	0	301	301	
0.4	0.5	53	487	3	4	100	103100	100	103100	0.003	0	0.003	0.003	1031	0	1031	1031	
0.4	0.5	34	488	22	4	97	7469	97	7469	0.00328866	0.0013991	0.003	0.01	77	0	77	77	
0.4	0.5	36	489	4	4	100	44276	100	44404	0.003	0	0.003	0.003	444.04	22.319	389	453	
0.4	0.5	42	490	17	4	100	7700	100	7700	0.003	0	0.003	0.003	77	0	77	77	
0.4	0.5	15	491	6	4	100	32972	100	32972	0.003	0	0.003	0.003	329.72	111.659	269	533	
0.4	0.5	55	492	5	4	95	9215	95	9215	0.003	0	0.003	0.003	97	0	97	97	
0.4	0.5	41	493	10	4	78	5226	79	5293	0.00317721	0.00110662	0.003	0.01	67	0	67	67	
0.4	0.5	32	494	12	4	100	15700	100	15700	0.003	0	0.003	0.003	157	0	157	157	
0.4	0.5	55	495	9	4	93	21669	94	21902	0.003	0	0.003	0.003	233	0	233	233	
0.4	0.5	52	496	45	4	62	5814	65	6105	0.00407692	0.00254526	0.003	0.01	93.9231	7.27218	77	97	
0.4	0.5	1	497	33	4	76	12236	76	12236	0.003	0	0.003	0.003	161	0	161	161	
0.4	0.5	52	498	16	4	57	6649	58	6774	0.00493103	0.00315596	0.003	0.01	116.793	12.8565	97	125	
0.4	0.5	41	499	27	4	79	3871	78	3822	0.00317949	0.00111359	0.003	0.01	49	0	49	49	
0.4	0.5	54	500	1	4	100	38900	100	38900	0.003	0	0.003	0.003	389	0	389	389	
0.4	0.5	51	501	8	4	100	15300	100	15300	0.003	0	0.003	0.003	153	0	153	153	
0.4	0.5	40	502	5	4	100	32498	100	32498	0.003	0	0.003	0.003	324.98	0.2	323	325	
0.4	0.5	52	503	9	4	73	19635	72	19366	0.003	0	0.003	0.003	268.972	0.235702	267	269	
0.4	0.5	8	504	4	4	100	3200	100	3200	0.003	0	0.003	0.003	32	0	32	32	
0.4	0.5	39	505	25	4	70	3430	71	3479	0.003	0	0.003	0.003	49	0	49	49	
0.4	0.5	29	506	2	4	100	16004	100	16004	0.003	0	0.003	0.003	160.04	14.9679	157	233	
0.4	0.5	26	507	6	4	100	25300	100	25300	0.003	0	0.003	0.003	253	0	253	253	
0.4	0.5	3	508	2	4	63	9411	61	9097	0.0072459	0.00344797	0.003	0.01	149.131	9.85135	137	157	
0.4	0.5	39	509	1	4	71	8875	70	8750	0.003	0	0.003	0.003	125	0	125	125	
0.4	0.5	43	510	5	4	100	17876	100	17876	0.003	0	0.003	0.003	178.76	63.4938	125	253	
0.4	0.5	9	511	7	4	100	32500	100	32500	0.003	0	0.003	0.003	325	0	325	325	
0.4	0.5	21	512	14	4	97	4753	97	4753	0.00321649	0.00121815	0.003	0.01	49	0	49	49	
0.4	0.5	35	513	5	4	100	30900	100	30900	0.003	0	0.003	0.003	309	0	309	309	
0.4	0.5	11	514	6	4	52	56556	55	59841	0.00923636	0.00220239	0.003	0.01	1088.02	36.2724	903	1095	
0.4	0.5	37	515	6	4	79	3871	78	3822	0.003	0	0.003	0.003	49	0	49	49	
0.4	0.5	44	516	5	4	100	30900	100	30900	0.003	0	0.003	0.003	309	0	309	309	
0.4	0.5	37	517	38	4	72	5544	72	5544	0.00329167	0.0014086	0.003	0.01	77	0	77	77	
0.4	0.5	22	518	2	4	100	105600	100	105600	0.003	0	0.003	0.003	1056	0	1056	1056	
0.4	0.5	6	519	15	4	100	15300	100	15300	0.003	0	0.003	0.003	153	0	153	153	
0.4	0.5	10	520	5	4	100	13700	100	13700	0.003	0	0.003	0.003	137	0	137	137	
0.4	0.5	19	521	12	4	100	32498	100	32498	0.003	0	0.003	0.003	324.98	0.2	323	325	
0.4	0.5	42	522	11	4	100	16100	100	16100	0.003	0	0.003	0.003	161	0	161	161	
0.4	0.5	26	523	5	4	100	25300	100	25300	0.003	0	0.003	0.003	253	0	253	253	
0.4	0.5	47	524	2	4	91	28846	92	29163	0.00368478	0.00209095	0.003	0.01	316.989	0.104257	316	317	
0.4	0.5	8	525	12	4	100	16099	100	16099	0.003	0	0.003	0.003	160.99	0.1	160	161	
0.4	0.5	26	526	2	4	100	53300	100	53300	0.003	0	0.003	0.003	533	0	533	533	
0.4	0.5	29	527	7	4	100	33140	100	33140	0.003	0	0.003	0.003	331.4	31.5114	325	485	
0.4	0.5	37	528	33	4	76	3724	76	3724	0.003	0	0.003	0.003	49	0	49	49	
0.4	0.5	27	529	5	4	100	23300	100	23300	0.003	0	0.003	0.003	233	0	233	233	
0.4	0.5	43	530	8	4	100	9639	100	9639	0.003	0	0.003	0.003	96.39	34.7115	67	137	
0.4	0.5	55	531	14	4	97	3103	97	3103	0.003	0	0.003	0.003	31.9897	0.101535	31	32	
0.4	0.5	56	532	4	4	92	87876	92	87492	0.00360869	0.00198321	0.003	0.01	951	83.594	807	999	
0.4	0.5	42	533	1	4	100	12500	100	12500	0.003	0	0.003	0.003	125	0	125	125	
0.4	0.5	18	534	7	4	100	35532	100	35676	0.003	0	0.003	0.003	356.76	68.5876	253	453	
0.4	0.5	41	535	21	4	74	4400	76	4516	0.00382895	0.00227677	0.003	0.01	59.4211	8.94615	49	67	
0.4	0.5	2	536	12	4	100	17748	100	17620	0.003	0	0.003	0.003	176.2	63.0228	125	253	
0.4	0.5	25	537	4	4	64	24896	63	24507	0.007	0.00349193	0.003	0.01	389	0	389	389	
0.4	0.5	38	538	10	4	100	47076	100	47452	0.003	0	0.003	0.003	474.52	167.77	373	749	
0.4	0.5	31	539	10	4	100	53298	100	53298	0.003	0	0.003	0.003	532.98	0.2	531	533	
0.4	0.5	16	540	1	4	100	30100	100	30100	0.003	0	0.003	0.003	301	0	301	301	
0.4	0.5	39	541	37	4	77	23177	77	23177	0.003	0	0.003	0.003	301	0	301	301	
0.4	0.5	27	542	2	4	100	20900	100	20900	0.003	0	0.003	0.003	209	0	209	209	
0.4	0.5	15	543	5	4	100	28728	100	28728	0.003	0	0.003	0.003	287.28	99.8168	233	469	
0.4	0.5	28	544	11	4	100	9700	100	9700	0.003	0	0.003	0.003	97	0	97	97	
0.4	0.5	37	545	29	4	78	20982	79	21251	0.003	0	0.003	0.003	269	0	269	269	
0.4	0.5	55	546	4	4	97	7467	97	7467	0.003	0	0.003	0.003	76.9794	0.203069	75	77	
0.4	0.5	41	547	23	4	78	9748	79	9873	0.003	0	0.003	0.003	124.975	0.225018	123	125	
0.4	0.5	20	548	8	4	74	14874	74	14874	0.00545946	0.00336456	0.003	0.01	201	0	201	201	
0.4	0.5	39	549	14	4	69	3379	70	3428	0.0031	0.00083666	0.003	0.01	48.9714	0.239046	47	49	
0.4	0.5	19	550	4	4	100	38900	100	38900	0.003	0	0.003	0.003	389	0	389	389	
0.4	0.5	20	551	5	4	100	32500	100	32500	0.003	0	0.003	0.003	325	0	325	325	
0.4	0.5	12	552	1	4	52	12116	53	12349	0.00933962	0.00206568	0.003	0.01	233	0	233	233	
0.4	0.5	42	553	13	4	100	37297	100	37297	0.003	0	0.003	0.003	372.97	0.171447	372	373	
0.4	0.5	37	554	26	4	79	15247	80	15440	0.003	0	0.003	0.003	193	0	193	193	
0.4	0.5	21	555	7	4	97	7469	97	7469	0.00321649	0.00121815	0.003	0.01	77	0	77	77	
0.4	0.5	38	556	9	4	100	15828	100	15956	0.003	0	0.003	0.003	159.56	57.1131	125	253	
0.4	0.5	25	557	1	4	100	105600	100	105600	0.003	0	0.003	0.003	1056	0	1056	1056	
0.4	0.5	39	558	26	4	76	2432	77	2464	0.003	0	0.003	0.003	32	0	32	32	
0.4	0.5	43	559	6	4	100	27466	100	27466	0.003	0	0.003	0.003	274.66	97.8509	161	389	
0.4	0.5	37	560	12	4	77	11445	77	11445	0.003	0	0.003	0.003	148.636	10.2224	125	153	
0.4	0.5	10	561	2	4	100	32498	100	32498	0.003	0	0.003	0.003	324.98	0.2	323	325	
0.4	0.5	34	562	5	4	100	37300	100	37300	0.003	0	0.003	0.003	373	0	373	373	
0.4	0.5	13	563	2	4	100	47828	100	47828	0.003	0	0.003	0.003	478.28	169.674	373	749	
0.4	0.5	34	564	15	4	100	7700	100	7700	0.003	0	0.003	0.003	77	0	77	77	
0.4	0.5	41	565	18	4	81	3969	82	4018	0.003	0	0.003	0.003	49	0	49	49	
0.4	0.5	52	566	29	4	71	2272	72	2304	0.00309722	0.000824958	0.003	0.01	32	0	32	32	
0.4	0.5	41	567	13	4	74	5698	76	5852	0.00401316	0.00247921	0.003	0.01	77	0	77	77	
0.4	0.5	36	568	5	4	100	38900	100	38900	0.003	0	0.003	0.003	389	0	389	389	
0.4	0.5	8	569	9	4	100	19300	100	19300	0.003	0	0.003	0.003	193	0	193	193	
0.4	0.5	50	570	2	4	88	25264	87	24827	0.00396552	0.00242779	0.003	0.01	285.368	28.7775	233	301	
0.4	0.5	5	571	52	4	50	10890	50	10890	0.0044	0.00282843	0.003	0.01	217.8	19.6126	193	233	
0.4	0.5	26	572	7	4	100	74900	100	74900	0.003	0	0.003	0.003	749	0	749	749	
0.4	0.5	52	573	7	4	71	5467	70	5390	0.003	0	0.003	0.003	77	0	77	77	
0.4	0.5	30	574	2	4	100	48212	100	47988	0.003	0	0.003	0.003	479.88	61.7746	389	693	
0.4	0.5	8	575	14	4	100	19300	100	19300	0.003	0	0.003	0.003	193	0	193	193	
0.4	0.5	20	576	10	4	100	38900	100	38900	0.003	0	0.003	0.003	389	0	389	389	
0.4	0.5	52	577	10	4	71	2272	70	2240	0.0031	0.00083666	0.003	0.01	32	0	32	32	
0.4	0.5	37	578	13	4	75	3673	75	3673	0.003	0	0.003	0.003	48.9733	0.23094	47	49	
0.4	0.5	19	579	7	4	79	47915	79	48091	0.00486076	0.00311215	0.003	0.01	608.747	30.66	533	621	
0.4	0.5	31	580	6	4	55	8435	58	8906	0.00843103	0.00294459	0.003	0.01	153.552	7.62078	137	157	
0.4	0.5	50	581	5	4	100	45298	100	45298	0.003	0	0.003	0.003	452.98	0.2	451	453	
0.4	0.5	45	582	7	4	100	38900	100	38900	0.003	0	0.003	0.003	389	0	389	389	
0.4	0.5	9	583	1	4	100	32498	100	32498	0.003	0	0.003	0.003	324.98	0.2	323	325	
0.4	0.5	5	584	40	4	49	4753	50	4850	0.003	0	0.003	0.003	97	0	97	97	
0.4	0.5	15	585	13	4	99	8173	99	8173	0.00307071	0.000703526	0.003	0.01	82.5556	29.2499	67	137	
0.4	0.5	47	586	4	4	51	20655	50	20250	0.01	0	0.01	0.01	405	0	405	405	
0.4	0.5	21	587	12	4	100	12500	100	12500	0.003	0	0.003	0.003	125	0	125	125	
0.4	0.5	19	588	6	4	100	74900	100	74900	0.003	0	0.003	0.003	749	0	749	749	
0.4	0.5	49	589	2	4	100	13698	100	13698	0.003	0	0.003	0.003	136.98	0.2	135	137	
0.4	0.5	23	590	8	4	100	15698	100	15698	0.003	0	0.003	0.003	156.98	0.2	155	157	
0.4	0.5	21	591	21	4	100	26900	100	26900	0.003	0	0.003	0.003	269	0	269	269	
0.4	0.5	40	592	9	4	77	15477	76	15276	0.00511842	0.00323715	0.003	0.01	201	0	201	201	
0.4	0.5	55	593	8	4	90	8410	90	8430	0.00354444	0.00188525	0.003	0.01	93.6667	7.49532	77	97	
0.4	0.5	41	594	12	4	76	11628	77	11781	0.003	0	0.003	0.003	153	0	153	153	
0.4	0.5	27	595	1	4	100	59700	100	59700	0.003	0	0.003	0.003	597	0	597	597	
0.4	0.5	8	596	16	4	100	15300	100	15300	0.003	0	0.003	0.003	153	0	153	153	
0.4	0.5	38	597	1	4	100	9780	100	9860	0.003	0	0.003	0.003	98.6	35.6957	77	157	
0.4	0.5	29	598	5	4	70	15785	72	16292	0.00591667	0.00347526	0.003	0.01	226.278	26.1724	201	253	
0.4	0.5	50	599	6	4	81	18489	78	17742	0.00470513	0.00302418	0.003	0.01	227.462	10.1773	209	233	
0.4	0.5	52	600	31	4	57	6901	57	6929	0.0048421	0.00310983	0.003	0.01	121.561	9.27173	97	125	
0.4	0.5	9	601	9	4	100	32498	100	32498	0.003	0	0.003	0.003	324.98	0.2	323	325	
0.4	0.5	19	602	1	4	100	74900	100	74900	0.003	0	0.003	0.003	749	0	749	749	
0.4	0.5	50	603	4	4	100	105665	100	105743	0.003	0	0.003	0.003	1057.43	7.13117	1056	1095	
0.4	0.5	39	604	35	4	69	6693	69	6693	0.0032029	0.00118296	0.003	0.01	97	0	97	97	
0.4	0.5	27	605	4	4	100	48500	100	48500	0.003	0	0.003	0.003	485	0	485	485	
0.4	0.5	6	606	11	4	100	7700	100	7700	0.003	0	0.003	0.003	77	0	77	77	
0.4	0.5	50	607	3	4	100	47219	100	47155	0.003	0	0.003	0.003	471.55	15.8856	452	485	
0.4	0.5	4	608	3	4	100	105600	100	105600	0.003	0	0.003	0.003	1056	0	1056	1056	
0.4	0.5	40	609	12	4	100	69652	100	69652	0.003	0	0.003	0.003	696.52	63.2718	621	749	
0.4	0.5	6	610	6	4	100	6700	100	6700	0.003	0	0.003	0.003	67	0	67	67	
0.4	0.5	5	611	57	4	49	7497	49	7497	0.003	0	0.003	0.003	153	0	153	153	
0.4	0.5	55	612	6	4	96	18528	97	18721	0.003	0	0.003	0.003	193	0	193	193	
0.4	0.5	11	613	7	4	100	23294	100	23294	0.003	0	0.003	0.003	232.94	0.342893	231	233	
0.4	0.5	51	614	1	4	100	45300	100	45300	0.003	0	0.003	0.003	453	0	453	453	
0.4	0.5	37	615	34	4	78	14990	78	14990	0.00326923	0.00135487	0.003	0.01	192.179	5.09072	161	193	
0.4	0.5	34	616	20	4	100	6700	100	6700	0.003	0	0.003	0.003	67	0	67	67	
0.4	0.5	21	617	20	4	100	26900	100	26900	0.003	0	0.003	0.003	269	0	269	269	
0.4	0.5	1	618	4	4	77	7469	76	7372	0.003	0	0.003	0.003	97	0	97	97	
0.4	0.5	30	619	1	4	100	14276	100	14204	0.003	0	0.003	0.003	142.04	18.4631	137	209	
0.4	0.5	21	620	8	4	100	37300	100	37300	0.003	0	0.003	0.003	373	0	373	373	
0.4	0.5	9	621	3	4	100	25300	100	25300	0.003	0	0.003	0.003	253	0	253	253	
0.4	0.5	41	622	4	4	80	10000	79	9875	0.003	0	0.003	0.003	125	0	125	125	
0.4	0.5	28	623	4	4	100	9700	100	9700	0.00307	0.0007	0.003	0.01	97	0	97	97	
0.4	0.5	52	624	30	4	71	8875	72	9000	0.003	0	0.003	0.003	125	0	125	125	
0.4	0.5	20	625	3	4	90	67410	91	68159	0.00376923	0.0022014	0.003	0.01	749	0	749	749	
0.4	0.5	5	626	14	4	51	17439	50	17138	0.00468	0.00301993	0.003	0.01	342.76	35.897	301	373	
0.4	0.5	57	627	1	4	100	59700	100	59700	0.003	0	0.003	0.003	597	0	597	597	
0.4	0.5	48	628	1	4	100	79292	100	79356	0.003	0	0.003	0.003	793.56	15.8734	775	807	
0.4	0.5	52	629	32	4	70	2240	71	2272	0.003	0	0.003	0.003	32	0	32	32	
0.4	0.5	5	630	37	4	49	3773	50	3850	0.00384	0.00229783	0.003	0.01	77	0	77	77	
0.4	0.5	54	631	7	4	100	80699	100	80699	0.003	0	0.003	0.003	806.99	0.1	806	807	
0.4	0.5	22	632	1	4	100	105600	100	105600	0.003	0	0.003	0.003	1056	0	1056	1056	
0.4	0.5	1	633	27	4	74	5698	75	5775	0.00374667	0.00217537	0.003	0.01	77	0	77	77	
0.4	0.5	51	634	7	4	100	23300	100	23300	0.003	0	0.003	0.003	233	0	233	233	
0.4	0.5	41	635	15	4	80	9998	80	9998	0.003	0	0.003	0.003	124.975	0.223607	123	125	
0.4	0.5	12	636	7	4	100	45298	100	45298	0.003	0	0.003	0.003	452.98	0.2	451	453	
0.4	0.5	37	637	32	4	77	2464	78	2496	0.003	0	0.003	0.003	32	0	32	32	
0.4	0.5	48	638	4	4	100	50100	100	50100	0.003	0	0.003	0.003	501	0	501	501	
0.4	0.5	40	639	1	4	63	21243	61	20465	0.0072459	0.00344797	0.003	0.01	335.492	66.9892	253	389	
0.4	0.5	36	640	7	4	52	15652	50	15050	0.00958	0.00167929	0.003	0.01	301	0	301	301	
0.4	0.5	10	641	8	4	100	25300	100	25300	0.003	0	0.003	0.003	253	0	253	253	
0.4	0.5	35	642	10	4	100	32500	100	32500	0.003	0	0.003	0.003	325	0	325	325	
0.4	0.5	29	643	6	4	100	25844	100	25844	0.003	0	0.003	0.003	258.44	26.7847	253	389	
0.4	0.5	7	644	5	4	100	30100	100	30100	0.003	0	0.003	0.003	301	0	301	301	
0.4	0.5	21	645	4	4	87	14007	87	14007	0.00404598	0.00251002	0.003	0.01	161	0	161	161	
0.4	0.5	52	646	15	4	70	4690	70	4690	0.003	0	0.003	0.003	67	0	67	67	
0.4	0.5	43	647	7	4	100	22987	100	22987	0.003	0	0.003	0.003	229.87	81.36	160	325	
0.4	0.5	37	648	7	4	76	3722	75	3673	0.003	0	0.003	0.003	48.9733	0.23094	47	49	
0.4	0.5	48	649	3	4	100	38900	100	38900	0.003	0	0.003	0.003	389	0	389	389	
0.4	0.5	44	650	1	4	100	32500	100	32500	0.003	0	0.003	0.003	325	0	325	325	
0.4	0.5	39	651	15	4	69	5312	70	5389	0.0037	0.00211516	0.003	0.01	76.9857	0.119523	76	77	
0.4	0.5	50	652	7	4	100	105924	100	106002	0.003	0	0.003	0.003	1060.02	11.78	1056	1095	
0.4	0.5	47	653	1	4	49	37975	49	37975	0.01	0	0.01	0.01	775	0	775	775	
0.4	0.5	37	654	36	4	76	2432	75	2400	0.003	0	0.003	0.003	32	0	32	32	
0.4	0.5	14	655	2	4	100	93500	100	93500	0.003	0	0.003	0.003	935	0	935	935	
0.4	0.5	57	656	4	4	100	105600	100	105600	0.003	0	0.003	0.003	1056	0	1056	1056	
0.4	0.5	19	657	2	4	100	15700	100	15700	0.003	0	0.003	0.003	157	0	157	157	
0.4	0.5	55	658	20	4	96	3072	96	3072	0.003	0	0.003	0.003	32	0	32	32	
0.4	0.5	41	659	2	4	78	3329	77	3280	0.00336364	0.00156364	0.003	0.01	42.5974	8.29118	32	49	
0.4	0.5	35	660	1	4	100	25300	100	25300	0.003	0	0.003	0.003	253	0	253	253	
0.4	0.5	5	661	50	4	49	18277	49	18277	0.00428571	0.00273861	0.003	0.01	373	0	373	373	
0.4	0.5	6	662	10	4	100	6700	100	6700	0.003	0	0.003	0.003	67	0	67	67	
0.4	0.5	5	663	1	4	49	3283	49	3283	0.003	0	0.003	0.003	67	0	67	67	
0.4	0.5	5	664	56	4	51	4947	51	4947	0.003	0	0.003	0.003	97	0	97	97	
0.4	0.5	5	665	45	4	53	3551	53	3551	0.003	0	0.003	0.003	67	0	67	67	
0.4	0.5	1	666	8	4	77	5929	76	5852	0.00318421	0.00112795	0.003	0.01	77	0	77	77	
0.4	0.5	24	667	13	4	90	14098	90	14096	0.00377778	0.00221221	0.003	0.01	156.622	4.03239	151	161	
0.4	0.5	24	668	20	4	100	7700	100	7700	0.003	0	0.003	0.003	77	0	77	77	
0.4	0.5	5	669	39	4	51	7803	50	7650	0.003	0	0.003	0.003	153	0	153	153	
0.4	0.5	6	670	4	4	100	9700	100	9700	0.003	0	0.003	0.003	97	0	97	97	
0.4	0.5	1	671	35	4	78	9750	78	9750	0.003	0	0.003	0.003	125	0	125	125	
0.4	0.5	5	672	5	4	50	3350	50	3350	0.003	0	0.003	0.003	67	0	67	67	
0.4	0.5	25	673	2	4	100	77500	100	77500	0.003	0	0.003	0.003	775	0	775	775	
0.4	0.5	5	674	12	4	52	10036	52	10036	0.003	0	0.003	0.003	193	0	193	193	
0.4	0.5	1	675	9	4	78	5226	77	5159	0.003	0	0.003	0.003	67	0	67	67	
0.4	0.5	6	676	3	4	100	16100	100	16100	0.003	0	0.003	0.003	161	0	161	161	
0.4	0.5	5	677	35	4	48	5999	48	5999	0.003	0	0.003	0.003	124.979	0.144338	124	125	
0.4	0.5	5	678	33	4	49	7413	49	7413	0.003	0	0.003	0.003	151.286	6.78233	125	153	
0.4	0.5	6	679	13	4	100	19300	100	19300	0.003	0	0.003	0.003	193	0	193	193	
0.4	0.5	24	680	23	4	100	6700	100	6700	0.003	0	0.003	0.003	67	0	67	67	
0.4	0.5	1	681	29	4	76	22876	77	23177	0.003	0	0.003	0.003	301	0	301	301	
0.4	0.5	24	682	21	4	100	12500	100	12500	0.003	0	0.003	0.003	125	0	125	125	
0.4	0.5	5	683	59	4	49	6125	49	6125	0.003	0	0.003	0.003	125	0	125	125	
0.4	0.5	5	684	38	4	51	3417	51	3417	0.003	0	0.003	0.003	67	0	67	67	
0.4	0.5	24	685	12	4	100	9700	100	9700	0.003	0	0.003	0.003	97	0	97	97	
0.4	0.5	5	686	16	4	49	13181	49	13181	0.003	0	0.003	0.003	269	0	269	269	
0.4	0.5	30	687	3	4	100	14204	100	14132	0.003	0	0.003	0.003	141.32	19.3359	101	209	
0.4	0.5	5	688	10	4	51	3927	51	3927	0.003	0	0.003	0.003	77	0	77	77	
0.4	0.5	24	689	24	4	100	19300	100	19300	0.003	0	0.003	0.003	193	0	193	193	
0.4	0.5	1	690	6	4	77	5159	76	5092	0.003	0	0.003	0.003	67	0	67	67	
0.4	0.5	5	691	63	4	50	4410	50	4410	0.003	0	0.003	0.003	88.2	10.0285	77	97	
0.4	0.5	1	692	21	4	74	11914	74	11914	0.003	0	0.003	0.003	161	0	161	161	
0.4	0.5	1	693	20	4	77	11781	77	11781	0.003	0	0.003	0.003	153	0	153	153	
0.4	0.5	1	694	3	4	79	6083	79	6083	0.00344304	0.00171529	0.003	0.01	77	0	77	77	
0.4	0.5	1	695	10	4	75	7275	74	7178	0.003	0	0.003	0.003	97	0	97	97	
0.4	0.5	1	696	5	4	80	18640	79	18407	0.003	0	0.003	0.003	233	0	233	233	
0.4	0.5	6	697	1	4	100	6700	100	6700	0.003	0	0.003	0.003	67	0	67	67	
0.4	0.5	24	698	6	4	100	19300	100	19300	0.003	0	0.003	0.003	193	0	193	193	
0.4	0.5	5	699	9	4	49	3513	50	3590	0.0051	0.00324037	0.003	0.01	71.8	5.04672	67	77	
0.4	0.5	5	700	30	4	51	6375	51	6375	0.003	0	0.003	0.003	125	0	125	125	
0.4	0.5	5	701	62	4	49	8977	49	8977	0.00314286	0.001	0.003	0.01	183.204	14.901	161	193	
0.4	0.5	5	702	65	4	49	7862	49	7862	0.00314286	0.001	0.003	0.01	160.449	1.94788	153	161	
0.4	0.5	5	703	13	4	50	3850	50	3850	0.003	0	0.003	0.003	77	0	77	77	
0.4	0.5	1	704	1	4	75	11475	75	11475	0.003	0	0.003	0.003	153	0	153	153	
0.4	0.5	5	705	8	4	52	5044	52	5044	0.003	0	0.003	0.003	97	0	97	97	
0.4	0.5	5	706	4	4	50	3350	50	3350	0.003	0	0.003	0.003	67	0	67	67	
0.4	0.5	24	707	9	4	100	37300	100	37300	0.003	0	0.003	0.003	373	0	373	373	
0.4	0.5	24	708	18	4	100	37300	100	37300	0.003	0	0.003	0.003	373	0	373	373	
0.4	0.5	5	709	6	4	50	4789	50	4769	0.00314	0.000989949	0.003	0.01	95.38	5.47682	77	97	
0.4	0.5	23	710	4	4	100	13700	100	13700	0.003	0	0.003	0.003	137	0	137	137	
0.4	0.5	5	711	7	4	51	4947	51	4947	0.003	0	0.003	0.003	97	0	97	97	
0.4	0.5	1	712	15	4	77	9625	77	9625	0.003	0	0.003	0.003	125	0	125	125	
0.4	0.5	5	713	11	4	51	6375	51	6375	0.003	0	0.003	0.003	125	0	125	125	
0.4	0.5	5	714	61	4	50	6250	50	6250	0.003	0	0.003	0.003	125	0	125	125	
0.4	0.5	5	715	15	4	48	8400	48	8440	0.00591667	0.00348757	0.003	0.01	175.833	19.7337	153	193	
0.4	0.5	1	716	14	4	76	7372	76	7372	0.003	0	0.003	0.003	97	0	97	97	
0.4	0.5	5	717	54	4	48	4656	48	4656	0.003	0	0.003	0.003	97	0	97	97	
0.4	0.5	5	718	36	4	49	7889	49	7889	0.003	0	0.003	0.003	161	0	161	161	
0.4	0.5	1	719	34	4	78	12558	78	12558	0.003	0	0.003	0.003	161	0	161	161	
0.4	0.5	1	720	7	4	74	5698	73	5621	0.00347945	0.00178037	0.003	0.01	77	0	77	77	
0.4	0.5	5	721	43	4	51	19023	52	19396	0.00434615	0.00278571	0.003	0.01	373	0	373	373	
0.4	0.5	5	722	31	4	50	7650	50	7650	0.003	0	0.003	0.003	153	0	153	153	
0.4	0.5	5	723	34	4	51	9843	51	9843	0.003	0	0.003	0.003	193	0	193	193	
0.4	0.5	1	724	26	4	77	5929	78	6006	0.00317949	0.00111359	0.003	0.01	77	0	77	77	
0.4	0.5	24	725	7	4	100	6700	100	6700	0.003	0	0.003	0.003	67	0	67	67	
0.4	0.5	5	726	51	4	51	3417	51	3417	0.00313725	0.000980196	0.003	0.01	67	0	67	67	
0.4	0.5	24	727	17	4	100	23300	100	23300	0.003	0	0.003	0.003	233	0	233	233	
0.4	0.5	24	728	2	4	89	6853	89	6853	0.00386517	0.00231689	0.003	0.01	77	0	77	77	
0.4	0.5	43	729	2	4	100	14068	100	14068	0.003	0	0.003	0.003	140.68	51.5887	97	201	
0.4	0.5	5	730	58	4	50	18650	50	18650	0.003	0	0.003	0.003	373	0	373	373	
0.4	0.5	43	731	13	4	100	17876	100	17876	0.003	0	0.003	0.003	178.76	63.4938	125	253	
0.4	0.5	1	732	2	4	74	9250	74	9250	0.003	0	0.003	0.003	125	0	125	125	
0.4	0.5	6	733	9	4	100	6700	100	6700	0.003	0	0.003	0.003	67	0	67	67	
0.4	0.5	5	734	64	4	49	18277	49	18277	0.003	0	0.003	0.003	373	0	373	373	
0.4	0.5	24	735	19	4	100	16100	100	16100	0.003	0	0.003	0.003	161	0	161	161	
0.4	0.5	1	736	16	4	77	5929	77	5929	0.003	0	0.003	0.003	77	0	77	77	
0.4	0.5	5	737	44	4	49	7889	49	7889	0.003	0	0.003	0.003	161	0	161	161	
0.4	0.5	1	738	25	4	78	9750	79	9875	0.003	0	0.003	0.003	125	0	125	125	
0.4	0.5	5	739	55	4	52	7956	52	7956	0.003	0	0.003	0.003	153	0	153	153	
0.4	0.5	5	740	53	4	51	3417	51	3417	0.003	0	0.003	0.003	67	0	67	67	
0.4	0.5	43	741	4	4	100	53092	100	53092	0.003	0	0.003	0.003	530.92	186.513	373	749	
0.4	0.5	1	742	31	4	65	5005	65	5005	0.00483077	0.00310025	0.003	0.01	77	0	77	77	
0.4	0.5	24	743	4	4	100	12498	100	12498	0.003	0	0.003	0.003	124.98	0.2	123	125	
0.4	0.5	1	744	32	4	79	6083	79	6083	0.003	0	0.003	0.003	77	0	77	77	
0.4	0.5	5	745	32	4	49	3283	49	3283	0.003	0	0.003	0.003	67	0	67	67	
0.4	0.5	1	746	22	4	78	18174	78	18174	0.00326923	0.00135487	0.003	0.01	233	0	233	233	
0.4	0.5	1	747	24	4	77	12397	78	12558	0.003	0	0.003	0.003	161	0	161	161	
0.4	0.5	1	748	23	4	68	25364	66	24618	0.00448485	0.0028836	0.003	0.01	373	0	373	373	
0.4	0.5	1	749	28	4	74	4958	75	5025	0.003	0	0.003	0.003	67	0	67	67	
0.4	0.5	6	750	8	4	100	19300	100	19300	0.003	0	0.003	0.003	193	0	193	193	
