% start	end	CellId	IMSI	RNTI	LCID	nTxPDUs	TxBytes	nRxPDUs	RxBytes	delay	stdDev	min	max	PduSize	stdDev	min	max
0.4	0.5	39	1	9	4	70	11270	69	11109	0.00360869	0.00198685	0.003	0.01	161	0	161	161	
0.4	0.5	39	2	11	4	76	20443	77	20712	0.003	0	0.003	0.003	268.987	0.113961	268	269	
0.4	0.5	39	3	2	4	71	2272	70	2240	0.003	0	0.003	0.003	32	0	32	32	
0.4	0.5	9	4	5	4	100	62097	100	62097	0.003	0	0.003	0.003	620.97	0.171447	620	621	
0.4	0.5	57	5	9	4	100	6700	100	6700	0.003	0	0.003	0.003	67	0	67	67	
0.4	0.5	48	6	7	4	49	4751	50	4848	0.00986	0.000989949	0.003	0.01	96.96	0.282843	95	97	
0.4	0.5	52	7	8	4	55	4235	55	4235	0.00872727	0.00272475	0.003	0.01	77	0	77	77	
0.4	0.5	21	8	4	4	97	14477	97	14477	0.00321649	0.00121815	0.003	0.01	149.247	9.58844	125	153	
0.4	0.5	8	9	7	4	100	5264	100	5264	0.003	0	0.003	0.003	52.64	13.3345	49	101	
0.4	0.5	36	10	7	4	100	69300	100	69300	0.003	0	0.003	0.003	693	0	693	693	
0.4	0.5	56	11	6	4	95	37691	95	37691	0.00336842	0.00157137	0.003	0.01	396.747	91.946	373	749	
0.4	0.5	10	12	8	4	100	15698	100	15698	0.003	0	0.003	0.003	156.98	0.2	155	157	
0.4	0.5	13	13	3	4	54	13298	53	13045	0.00907547	0.00239269	0.003	0.01	246.132	17.7743	201	253	
0.4	0.5	34	14	12	4	58	7250	59	7375	0.00644068	0.00352954	0.003	0.01	125	0	125	125	
0.4	0.5	48	15	14	4	73	9125	72	9000	0.00572222	0.00343643	0.003	0.01	125	0	125	125	
0.4	0.5	6	16	5	4	100	12499	100	12499	0.003	0	0.003	0.003	124.99	0.1	124	125	
0.4	0.5	41	17	2	4	88	2816	88	2816	0.003	0	0.003	0.003	32	0	32	32	
0.4	0.5	5	18	46	4	48	17904	48	17904	0.003	0	0.003	0.003	373	0	373	373	
0.4	0.5	8	19	2	4	100	16392	100	16392	0.003	0	0.003	0.003	163.92	40.0035	153	309	
0.4	0.5	39	20	22	4	67	15611	68	15844	0.00330882	0.00144818	0.003	0.01	233	0	233	233	
0.4	0.5	18	21	2	4	100	105600	100	105600	0.003	0	0.003	0.003	1056	0	1056	1056	
0.4	0.5	27	22	3	4	100	48500	100	48500	0.003	0	0.003	0.003	485	0	485	485	
0.4	0.5	33	23	10	4	100	32500	100	32500	0.003	0	0.003	0.003	325	0	325	325	
0.4	0.5	3	24	2	4	100	14068	100	14068	0.003	0	0.003	0.003	140.68	51.5887	97	201	
0.4	0.5	54	25	3	4	100	105917	100	105995	0.003	0	0.003	0.003	1059.95	11.7528	1056	1095	
0.4	0.5	5	26	41	4	50	6250	50	6250	0.003	0	0.003	0.003	125	0	125	125	
0.4	0.5	3	27	7	4	67	6999	68	7076	0.00639706	0.0035245	0.003	0.01	104.059	38.1301	77	157	
0.4	0.5	37	28	15	4	86	6622	87	6699	0.003	0	0.003	0.003	77	0	77	77	
0.4	0.5	11	29	10	4	100	13700	100	13700	0.003	0	0.003	0.003	137	0	137	137	
0.4	0.5	49	30	12	4	100	46900	100	46900	0.003	0	0.003	0.003	469	0	469	469	
0.4	0.5	31	31	11	4	100	10100	100	10100	0.003	0	0.003	0.003	101	0	101	101	
0.4	0.5	50	32	2	4	100	13700	100	13700	0.003	0	0.003	0.003	137	0	137	137	
0.4	0.5	30	33	3	4	100	31700	100	31700	0.003	0	0.003	0.003	317	0	317	317	
0.4	0.5	27	34	5	4	100	23300	100	23300	0.003	0	0.003	0.003	233	0	233	233	
0.4	0.5	40	35	2	4	85	38825	84	38356	0.00433333	0.00276525	0.003	0.01	456.619	29.108	389	469	
0.4	0.5	55	36	14	4	95	7315	95	7315	0.003	0	0.003	0.003	77	0	77	77	
0.4	0.5	34	37	9	4	63	4221	61	4087	0.00598361	0.00349042	0.003	0.01	67	0	67	67	
0.4	0.5	3	38	12	4	52	4554	51	4397	0.00958823	0.00166345	0.003	0.01	86.2157	26.1414	67	157	
0.4	0.5	15	39	4	4	100	53300	100	53300	0.003	0	0.003	0.003	533	0	533	533	
0.4	0.5	39	40	16	4	70	4690	71	4757	0.003	0	0.003	0.003	67	0	67	67	
0.4	0.5	55	41	8	4	90	14490	91	14651	0.00323077	0.00125678	0.003	0.01	161	0	161	161	
0.4	0.5	49	42	1	4	100	74900	100	74900	0.003	0	0.003	0.003	749	0	749	749	
0.4	0.5	39	43	29	4	77	22953	76	22652	0.003	0	0.003	0.003	298.053	9.31507	269	301	
0.4	0.5	32	44	2	4	100	50100	100	50100	0.003	0	0.003	0.003	501	0	501	501	
0.4	0.5	29	45	7	4	51	24735	49	23765	0.01	0	0.01	0.01	485	0	485	485	
0.4	0.5	2	46	2	4	95	14945	95	14945	0.00336842	0.00157137	0.003	0.01	157.316	12.1806	137	233	
0.4	0.5	56	47	3	4	100	33620	100	33620	0.003	0	0.003	0.003	336.2	100.629	301	621	
0.4	0.5	21	48	11	4	100	15076	100	15076	0.003	0	0.003	0.003	150.76	7.63448	125	153	
0.4	0.5	56	49	10	4	99	13655	99	13655	0.00307071	0.000703526	0.003	0.01	137.929	38.7681	125	253	
0.4	0.5	42	50	10	4	100	19300	100	19300	0.003	0	0.003	0.003	193	0	193	193	
0.4	0.5	45	51	7	4	100	69300	100	69300	0.003	0	0.003	0.003	693	0	693	693	
0.4	0.5	23	52	9	4	98	30282	98	30282	0.00314286	0.000994832	0.003	0.01	309	0	309	309	
0.4	0.5	37	53	23	4	86	4214	85	4165	0.003	0	0.003	0.003	49	0	49	49	
0.4	0.5	16	54	6	4	100	64498	100	64498	0.003	0	0.003	0.003	644.98	0.2	643	645	
0.4	0.5	29	55	4	4	100	45300	100	45300	0.003	0	0.003	0.003	453	0	453	453	
0.4	0.5	6	56	14	4	100	19300	100	19300	0.003	0	0.003	0.003	193	0	193	193	
0.4	0.5	15	57	1	4	100	74900	100	74900	0.003	0	0.003	0.003	749	0	749	749	
0.4	0.5	57	58	14	4	95	15295	95	15295	0.00336842	0.00157137	0.003	0.01	161	0	161	161	
0.4	0.5	41	59	17	4	91	11373	91	11373	0.003	0	0.003	0.003	124.978	0.209657	123	125	
0.4	0.5	39	60	13	4	76	3724	77	3773	0.003	0	0.003	0.003	49	0	49	49	
0.4	0.5	55	61	2	4	96	7392	96	7392	0.00314583	0.00100503	0.003	0.01	77	0	77	77	
0.4	0.5	53	62	8	4	100	32498	100	32498	0.003	0	0.003	0.003	324.98	0.2	323	325	
0.4	0.5	27	63	7	4	100	69300	100	69300	0.003	0	0.003	0.003	693	0	693	693	
0.4	0.5	55	64	12	4	95	6365	95	6365	0.003	0	0.003	0.003	67	0	67	67	
0.4	0.5	35	65	2	4	100	105600	100	105600	0.003	0	0.003	0.003	1056	0	1056	1056	
0.4	0.5	41	66	14	4	91	4459	90	4410	0.003	0	0.003	0.003	49	0	49	49	
0.4	0.5	26	67	6	4	99	29799	99	29799	0.00307071	0.000703526	0.003	0.01	301	0	301	301	
0.4	0.5	17	68	4	4	100	15700	100	15700	0.003	0	0.003	0.003	157	0	157	157	
0.4	0.5	30	69	2	4	100	40500	100	40500	0.003	0	0.003	0.003	405	0	405	405	
0.4	0.5	39	70	20	4	70	4690	71	4757	0.003	0	0.003	0.003	67	0	67	67	
0.4	0.5	21	71	10	4	100	14908	100	14908	0.003	0	0.003	0.003	149.08	9.76458	125	153	
0.4	0.5	26	72	1	4	100	45296	100	45298	0.003	0	0.003	0.003	452.98	0.2	451	453	
0.4	0.5	19	73	2	4	100	19300	100	19300	0.003	0	0.003	0.003	193	0	193	193	
0.4	0.5	13	74	9	4	91	17713	90	17512	0.0037	0.00211176	0.003	0.01	194.578	19.3013	137	201	
0.4	0.5	41	75	26	4	92	2924	92	2924	0.00315217	0.00102641	0.003	0.01	31.7826	1.4663	22	32	
0.4	0.5	50	76	6	4	100	30900	100	30900	0.003	0	0.003	0.003	309	0	309	309	
0.4	0.5	45	77	1	4	100	59700	100	59700	0.003	0	0.003	0.003	597	0	597	597	
0.4	0.5	19	78	5	4	100	16100	100	16100	0.003	0	0.003	0.003	161	0	161	161	
0.4	0.5	9	79	4	4	100	51699	100	51699	0.003	0	0.003	0.003	516.99	0.1	516	517	
0.4	0.5	32	80	1	4	100	50100	100	50100	0.003	0	0.003	0.003	501	0	501	501	
0.4	0.5	19	81	7	4	100	19300	100	19300	0.003	0	0.003	0.003	193	0	193	193	
0.4	0.5	25	82	9	4	100	46900	100	46900	0.003	0	0.003	0.003	469	0	469	469	
0.4	0.5	51	83	1	4	100	80699	100	80699	0.003	0	0.003	0.003	806.99	0.1	806	807	
0.4	0.5	49	84	7	4	82	12874	82	12874	0.00470732	0.00302454	0.003	0.01	157	0	157	157	
0.4	0.5	54	85	8	4	100	15300	100	15300	0.003	0	0.003	0.003	153	0	153	153	
0.4	0.5	1	86	14	4	100	6700	100	6700	0.003	0	0.003	0.003	67	0	67	67	
0.4	0.5	48	87	6	4	78	12558	78	12558	0.00497436	0.00317038	0.003	0.01	161	0	161	161	
0.4	0.5	45	88	2	4	100	105600	100	105600	0.003	0	0.003	0.003	1056	0	1056	1056	
0.4	0.5	40	89	5	4	93	26160	92	25963	0.00353261	0.00186613	0.003	0.01	282.207	28.1165	253	309	
0.4	0.5	48	90	9	4	96	7390	96	7390	0.00329167	0.00140613	0.003	0.01	76.9792	0.204124	75	77	
0.4	0.5	27	91	8	4	100	38900	100	38900	0.003	0	0.003	0.003	389	0	389	389	
0.4	0.5	39	92	28	4	64	4928	66	5082	0.00363636	0.00202778	0.003	0.01	77	0	77	77	
0.4	0.5	16	93	3	4	100	93500	100	93500	0.003	0	0.003	0.003	935	0	935	935	
0.4	0.5	40	94	8	4	96	41344	95	41035	0.00329474	0.00141326	0.003	0.01	431.947	40.1029	389	469	
0.4	0.5	26	95	8	4	50	15050	51	15351	0.01	0	0.01	0.01	301	0	301	301	
0.4	0.5	34	96	21	4	59	4542	57	4388	0.00631579	0.00352622	0.003	0.01	76.9825	0.132453	76	77	
0.4	0.5	11	97	9	4	100	25300	100	25300	0.003	0	0.003	0.003	253	0	253	253	
0.4	0.5	17	98	3	4	100	38898	100	38898	0.003	0	0.003	0.003	388.98	0.2	387	389	
0.4	0.5	20	99	4	4	100	21455	100	21455	0.003	0	0.003	0.003	214.55	61.639	192	389	
0.4	0.5	49	100	9	4	64	10048	63	9891	0.007	0.00349193	0.003	0.01	157	0	157	157	
0.4	0.5	21	101	8	4	100	37300	100	37300	0.003	0	0.003	0.003	373	0	373	373	
0.4	0.5	47	102	6	4	100	53300	100	53300	0.003	0	0.003	0.003	533	0	533	533	
0.4	0.5	39	103	18	4	68	4556	69	4623	0.0032029	0.00118296	0.003	0.01	67	0	67	67	
0.4	0.5	2	104	8	4	92	21140	91	20991	0.00361538	0.00199315	0.003	0.01	230.67	26.8928	201	301	
0.4	0.5	22	105	10	4	100	32500	100	32500	0.003	0	0.003	0.003	325	0	325	325	
0.4	0.5	38	106	1	4	100	53298	100	53298	0.003	0	0.003	0.003	532.98	0.2	531	533	
0.4	0.5	19	107	12	4	100	37300	100	37300	0.003	0	0.003	0.003	373	0	373	373	
0.4	0.5	1	108	10	4	100	37297	100	37297	0.003	0	0.003	0.003	372.97	0.171447	372	373	
0.4	0.5	28	109	1	4	100	77500	100	77500	0.003	0	0.003	0.003	775	0	775	775	
0.4	0.5	28	110	4	4	100	51700	100	51700	0.003	0	0.003	0.003	517	0	517	517	
0.4	0.5	6	111	11	4	100	37300	100	37300	0.003	0	0.003	0.003	373	0	373	373	
0.4	0.5	10	112	3	4	100	13700	100	13700	0.003	0	0.003	0.003	137	0	137	137	
0.4	0.5	11	113	4	4	100	32499	100	32499	0.003	0	0.003	0.003	324.99	0.1	324	325	
0.4	0.5	26	114	4	4	50	15050	50	15050	0.00986	0.000989949	0.003	0.01	301	0	301	301	
0.4	0.5	52	115	25	4	100	12498	100	12498	0.003	0	0.003	0.003	124.98	0.2	123	125	
0.4	0.5	3	116	1	4	100	53091	100	53091	0.003	0	0.003	0.003	530.91	186.501	373	749	
0.4	0.5	24	117	21	4	100	12500	100	12500	0.003	0	0.003	0.003	125	0	125	125	
0.4	0.5	8	118	6	4	100	10428	100	10428	0.003	0	0.003	0.003	104.28	26.669	97	201	
0.4	0.5	52	119	14	4	100	4899	100	4899	0.003	0	0.003	0.003	48.99	0.1	48	49	
0.4	0.5	29	120	1	4	100	23300	100	23300	0.003	0	0.003	0.003	233	0	233	233	
0.4	0.5	57	121	13	4	100	12499	100	12499	0.003	0	0.003	0.003	124.99	0.1	124	125	
0.4	0.5	32	122	3	4	100	105600	100	105600	0.003	0	0.003	0.003	1056	0	1056	1056	
0.4	0.5	44	123	4	4	100	25300	100	25300	0.003	0	0.003	0.003	253	0	253	253	
0.4	0.5	17	124	8	4	95	29355	95	29355	0.00336842	0.00157137	0.003	0.01	309	0	309	309	
0.4	0.5	31	125	10	4	100	53300	100	53300	0.003	0	0.003	0.003	533	0	533	533	
0.4	0.5	47	126	1	4	100	20100	100	20100	0.003	0	0.003	0.003	201	0	201	201	
0.4	0.5	15	127	8	4	100	38900	100	38900	0.003	0	0.003	0.003	389	0	389	389	
0.4	0.5	13	128	5	4	100	25298	100	25298	0.003	0	0.003	0.003	252.98	0.2	251	253	
0.4	0.5	19	129	18	4	99	12373	99	12373	0.00307071	0.000703526	0.003	0.01	124.98	0.201008	123	125	
0.4	0.5	48	130	11	4	89	8633	90	8730	0.00385555	0.00230564	0.003	0.01	97	0	97	97	
0.4	0.5	4	131	1	4	100	20100	100	20100	0.003	0	0.003	0.003	201	0	201	201	
0.4	0.5	34	132	28	4	77	12397	78	12558	0.003	0	0.003	0.003	161	0	161	161	
0.4	0.5	19	133	10	4	100	7700	100	7700	0.003	0	0.003	0.003	77	0	77	77	
0.4	0.5	30	134	1	4	100	62100	100	62100	0.003	0	0.003	0.003	621	0	621	621	
0.4	0.5	47	135	3	4	100	25300	100	25300	0.003	0	0.003	0.003	253	0	253	253	
0.4	0.5	48	136	1	4	100	6700	100	6700	0.003	0	0.003	0.003	67	0	67	67	
0.4	0.5	22	137	8	4	100	38900	100	38900	0.003	0	0.003	0.003	389	0	389	389	
0.4	0.5	41	138	25	4	79	4465	79	4465	0.00459494	0.00295487	0.003	0.01	56.519	8.93403	49	67	
0.4	0.5	25	139	12	4	100	32500	100	32500	0.003	0	0.003	0.003	325	0	325	325	
0.4	0.5	40	140	1	4	99	74151	99	74151	0.00307071	0.000703526	0.003	0.01	749	0	749	749	
0.4	0.5	55	141	7	4	98	6566	98	6566	0.003	0	0.003	0.003	67	0	67	67	
0.4	0.5	6	142	4	4	60	4398	61	4475	0.00747541	0.00338923	0.003	0.01	73.3607	4.82367	67	77	
0.4	0.5	28	143	2	4	51	16167	49	15533	0.01	0	0.01	0.01	317	0	317	317	
0.4	0.5	42	144	13	4	100	4900	100	4900	0.003	0	0.003	0.003	49	0	49	49	
0.4	0.5	52	145	22	4	100	12498	100	12498	0.003	0	0.003	0.003	124.98	0.2	123	125	
0.4	0.5	2	146	5	4	66	13046	67	13247	0.00665672	0.00352288	0.003	0.01	197.716	11.65	157	201	
0.4	0.5	34	147	7	4	77	3773	77	3773	0.003	0	0.003	0.003	49	0	49	49	
0.4	0.5	36	148	2	4	100	59700	100	59700	0.003	0	0.003	0.003	597	0	597	597	
0.4	0.5	33	149	8	4	100	25298	100	25298	0.003	0	0.003	0.003	252.98	0.2	251	253	
0.4	0.5	20	150	12	4	100	7469	100	7469	0.003	0	0.003	0.003	74.69	21.9842	67	137	
0.4	0.5	55	151	15	4	96	6432	96	6432	0.003	0	0.003	0.003	67	0	67	67	
0.4	0.5	43	152	13	4	100	15300	100	15300	0.003	0	0.003	0.003	153	0	153	153	
0.4	0.5	41	153	9	4	79	6063	79	6063	0.00432911	0.00276295	0.003	0.01	76.7468	1.58088	67	77	
0.4	0.5	20	154	2	4	100	25896	100	25896	0.003	0	0.003	0.003	258.96	74.214	233	469	
0.4	0.5	54	155	7	4	59	22951	58	22562	0.00794827	0.00321413	0.003	0.01	389	0	389	389	
0.4	0.5	52	156	6	4	100	6700	100	6700	0.003	0	0.003	0.003	67	0	67	67	
0.4	0.5	50	157	4	4	100	20100	100	20100	0.003	0	0.003	0.003	201	0	201	201	
0.4	0.5	50	158	8	4	100	20100	100	20100	0.003	0	0.003	0.003	201	0	201	201	
0.4	0.5	39	159	14	4	70	10710	71	10863	0.003	0	0.003	0.003	153	0	153	153	
0.4	0.5	52	160	2	4	100	4900	100	4900	0.003	0	0.003	0.003	49	0	49	49	
0.4	0.5	55	161	4	4	98	26361	98	26361	0.003	0	0.003	0.003	268.99	0.101015	268	269	
0.4	0.5	52	162	26	4	100	6700	100	6700	0.003	0	0.003	0.003	67	0	67	67	
0.4	0.5	41	163	4	4	72	6384	71	6307	0.00546479	0.0033672	0.003	0.01	88.831	9.90092	77	97	
0.4	0.5	57	164	16	4	100	7700	100	7700	0.003	0	0.003	0.003	77	0	77	77	
0.4	0.5	35	165	1	4	64	38208	67	39999	0.00655224	0.00352602	0.003	0.01	597	0	597	597	
0.4	0.5	39	166	5	4	76	14668	75	14475	0.00309333	0.00080829	0.003	0.01	193	0	193	193	
0.4	0.5	34	167	8	4	78	12558	77	12397	0.00309091	0.000797724	0.003	0.01	161	0	161	161	
0.4	0.5	39	168	24	4	71	3479	71	3479	0.003	0	0.003	0.003	49	0	49	49	
0.4	0.5	55	169	18	4	95	3040	95	3040	0.003	0	0.003	0.003	32	0	32	32	
0.4	0.5	34	170	4	4	80	6160	80	6160	0.003	0	0.003	0.003	77	0	77	77	
0.4	0.5	53	171	6	4	100	53299	100	53299	0.003	0	0.003	0.003	532.99	0.1	532	533	
0.4	0.5	2	172	10	4	100	32434	100	32434	0.003	0	0.003	0.003	324.34	21.9288	308	485	
0.4	0.5	42	173	9	4	97	12125	97	12125	0.00321649	0.00121815	0.003	0.01	125	0	125	125	
0.4	0.5	52	174	10	4	100	6700	100	6700	0.003	0	0.003	0.003	67	0	67	67	
0.4	0.5	24	175	12	4	57	5529	59	5723	0.00810169	0.00313872	0.003	0.01	97	0	97	97	
0.4	0.5	44	176	2	4	69	8553	69	8553	0.00604348	0.00349552	0.003	0.01	123.957	17.4309	101	137	
0.4	0.5	42	177	14	4	100	4900	100	4900	0.003	0	0.003	0.003	49	0	49	49	
0.4	0.5	28	178	6	4	100	64500	100	64500	0.003	0	0.003	0.003	645	0	645	645	
0.4	0.5	37	179	12	4	85	1870	86	1892	0.003	0	0.003	0.003	22	0	22	22	
0.4	0.5	37	180	19	4	86	13846	87	14007	0.003	0	0.003	0.003	161	0	161	161	
0.4	0.5	52	181	7	4	100	9700	100	9700	0.003	0	0.003	0.003	97	0	97	97	
0.4	0.5	40	182	9	4	100	74900	100	74900	0.003	0	0.003	0.003	749	0	749	749	
0.4	0.5	33	183	4	4	100	20100	100	20100	0.003	0	0.003	0.003	201	0	201	201	
0.4	0.5	48	184	15	4	100	12498	100	12498	0.003	0	0.003	0.003	124.98	0.2	123	125	
0.4	0.5	34	185	32	4	78	5226	79	5293	0.003	0	0.003	0.003	67	0	67	67	
0.4	0.5	14	186	3	4	100	105600	100	105600	0.003	0	0.003	0.003	1056	0	1056	1056	
0.4	0.5	3	187	9	4	100	14068	100	14068	0.003	0	0.003	0.003	140.68	51.5887	97	201	
0.4	0.5	43	188	14	4	96	7392	97	7469	0.00328866	0.0013991	0.003	0.01	77	0	77	77	
0.4	0.5	38	189	6	4	100	46899	100	46899	0.003	0	0.003	0.003	468.99	0.1	468	469	
0.4	0.5	47	190	8	4	70	10990	69	10833	0.00604348	0.00349552	0.003	0.01	157	0	157	157	
0.4	0.5	56	191	4	4	100	7470	100	7470	0.003	0	0.003	0.003	74.7	22.0126	67	137	
0.4	0.5	4	192	10	4	100	74900	100	74900	0.003	0	0.003	0.003	749	0	749	749	
0.4	0.5	39	193	17	4	76	5092	77	5159	0.003	0	0.003	0.003	67	0	67	67	
0.4	0.5	46	194	6	4	100	13700	100	13700	0.003	0	0.003	0.003	137	0	137	137	
0.4	0.5	2	195	9	4	100	75592	100	75592	0.003	0	0.003	0.003	755.92	48.684	749	1095	
0.4	0.5	54	196	5	4	100	30098	100	30098	0.003	0	0.003	0.003	300.98	0.2	299	301	
0.4	0.5	19	197	6	4	100	9700	100	9700	0.003	0	0.003	0.003	97	0	97	97	
0.4	0.5	47	198	10	4	100	25300	100	25300	0.003	0	0.003	0.003	253	0	253	253	
0.4	0.5	37	199	8	4	87	10875	87	10875	0.003	0	0.003	0.003	125	0	125	125	
0.4	0.5	8	200	5	4	100	13396	100	13396	0.003	0	0.003	0.003	133.96	32.8233	125	253	
0.4	0.5	20	201	3	4	100	25896	100	25896	0.003	0	0.003	0.003	258.96	74.214	233	469	
0.4	0.5	47	202	7	4	100	74900	100	74900	0.003	0	0.003	0.003	749	0	749	749	
0.4	0.5	19	203	4	4	100	6700	100	6700	0.003	0	0.003	0.003	67	0	67	67	
0.4	0.5	38	204	5	4	86	64414	87	65163	0.00412644	0.00258711	0.003	0.01	749	0	749	749	
0.4	0.5	34	205	24	4	79	12719	80	12880	0.003	0	0.003	0.003	161	0	161	161	
0.4	0.5	52	206	24	4	100	16100	100	16100	0.003	0	0.003	0.003	161	0	161	161	
0.4	0.5	55	207	1	4	94	4606	94	4606	0.003	0	0.003	0.003	49	0	49	49	
0.4	0.5	12	208	3	4	100	30100	100	30100	0.003	0	0.003	0.003	301	0	301	301	
0.4	0.5	3	209	4	4	100	17876	100	17876	0.003	0	0.003	0.003	178.76	63.4938	125	253	
0.4	0.5	50	210	7	4	100	74900	100	74900	0.003	0	0.003	0.003	749	0	749	749	
0.4	0.5	48	211	16	4	100	9698	100	9698	0.003	0	0.003	0.003	96.98	0.2	95	97	
0.4	0.5	31	212	3	4	100	15699	100	15699	0.003	0	0.003	0.003	156.99	0.1	156	157	
0.4	0.5	43	213	4	4	100	6700	100	6700	0.003	0	0.003	0.003	67	0	67	67	
0.4	0.5	9	214	3	4	100	51698	100	51698	0.003	0	0.003	0.003	516.98	0.2	515	517	
0.4	0.5	50	215	1	4	100	53298	100	53298	0.003	0	0.003	0.003	532.98	0.2	531	533	
0.4	0.5	49	216	4	4	100	32500	100	32500	0.003	0	0.003	0.003	325	0	325	325	
0.4	0.5	4	217	3	4	100	15700	99	15543	0.003	0	0.003	0.003	157	0	157	157	
0.4	0.5	31	218	2	4	51	8007	53	8321	0.0094717	0.00186675	0.003	0.01	157	0	157	157	
0.4	0.5	33	219	6	4	100	53300	100	53300	0.003	0	0.003	0.003	533	0	533	533	
0.4	0.5	3	220	13	4	100	53092	100	53092	0.003	0	0.003	0.003	530.92	186.513	373	749	
0.4	0.5	57	221	3	4	84	10498	85	10623	0.00431765	0.00275254	0.003	0.01	124.976	0.21693	123	125	
0.4	0.5	7	222	6	4	100	105600	100	105600	0.003	0	0.003	0.003	1056	0	1056	1056	
0.4	0.5	21	223	9	4	99	22787	99	22787	0.00307071	0.000703526	0.003	0.01	230.172	10.3056	193	233	
0.4	0.5	10	224	6	4	100	38900	100	38900	0.003	0	0.003	0.003	389	0	389	389	
0.4	0.5	47	225	5	4	100	46900	100	46900	0.003	0	0.003	0.003	469	0	469	469	
0.4	0.5	22	226	4	4	100	20100	100	20100	0.003	0	0.003	0.003	201	0	201	201	
0.4	0.5	13	227	12	4	100	32499	100	32499	0.003	0	0.003	0.003	324.99	0.1	324	325	
0.4	0.5	34	228	13	4	79	7663	78	7566	0.003	0	0.003	0.003	97	0	97	97	
0.4	0.5	49	229	11	4	100	13700	100	13700	0.003	0	0.003	0.003	137	0	137	137	
0.4	0.5	46	230	7	4	100	74900	100	74900	0.003	0	0.003	0.003	749	0	749	749	
0.4	0.5	34	231	27	4	76	9500	77	9625	0.00309091	0.000797724	0.003	0.01	125	0	125	125	
0.4	0.5	45	232	3	4	100	80700	100	80700	0.003	0	0.003	0.003	807	0	807	807	
0.4	0.5	39	233	31	4	52	6500	52	6500	0.00623077	0.00352368	0.003	0.01	125	0	125	125	
0.4	0.5	10	234	9	4	100	15699	100	15699	0.003	0	0.003	0.003	156.99	0.1	156	157	
0.4	0.5	55	235	24	4	98	26362	97	26093	0.003	0	0.003	0.003	269	0	269	269	
0.4	0.5	6	236	9	4	100	37300	100	37300	0.003	0	0.003	0.003	373	0	373	373	
0.4	0.5	41	237	18	4	58	7250	56	7000	0.007375	0.00341953	0.003	0.01	125	0	125	125	
0.4	0.5	31	238	6	4	100	46900	100	46900	0.003	0	0.003	0.003	469	0	469	469	
0.4	0.5	41	239	3	4	92	2944	92	2944	0.003	0	0.003	0.003	32	0	32	32	
0.4	0.5	19	240	11	4	100	7698	100	7698	0.003	0	0.003	0.003	76.98	0.2	75	77	
0.4	0.5	53	241	5	4	100	13698	100	13698	0.003	0	0.003	0.003	136.98	0.2	135	137	
0.4	0.5	37	242	31	4	87	5829	87	5829	0.003	0	0.003	0.003	67	0	67	67	
0.4	0.5	39	243	10	4	62	6014	63	6111	0.00388889	0.00234941	0.003	0.01	97	0	97	97	
0.4	0.5	11	244	2	4	100	15699	100	15699	0.003	0	0.003	0.003	156.99	0.1	156	157	
0.4	0.5	55	245	6	4	94	4606	94	4606	0.003	0	0.003	0.003	49	0	49	49	
0.4	0.5	45	246	5	4	98	20480	98	20480	0.00314286	0.000994832	0.003	0.01	208.98	0.202031	207	209	
0.4	0.5	21	247	12	4	51	6279	51	6279	0.00972549	0.00137227	0.003	0.01	123.118	9.40988	77	125	
0.4	0.5	37	248	26	4	87	5829	85	5695	0.003	0	0.003	0.003	67	0	67	67	
0.4	0.5	48	249	5	4	100	12500	100	12500	0.003	0	0.003	0.003	125	0	125	125	
0.4	0.5	21	250	16	4	100	37300	100	37300	0.003	0	0.003	0.003	373	0	373	373	
0.4	0.5	37	251	25	4	86	5762	86	5762	0.003	0	0.003	0.003	67	0	67	67	
0.4	0.5	15	252	3	4	70	10990	68	10676	0.00619118	0.00351227	0.003	0.01	157	0	157	157	
0.4	0.5	41	253	16	4	95	6365	95	6365	0.003	0	0.003	0.003	67	0	67	67	
0.4	0.5	47	254	9	4	100	13700	100	13700	0.003	0	0.003	0.003	137	0	137	137	
0.4	0.5	6	255	15	4	99	9601	99	9601	0.00307071	0.000703526	0.003	0.01	96.9798	0.201008	95	97	
0.4	0.5	5	256	25	4	48	7344	48	7344	0.003	0	0.003	0.003	153	0	153	153	
0.4	0.5	55	257	26	4	98	14994	98	14994	0.003	0	0.003	0.003	153	0	153	153	
0.4	0.5	52	258	23	4	100	6700	100	6700	0.003	0	0.003	0.003	67	0	67	67	
0.4	0.5	46	259	8	4	100	74900	100	74900	0.003	0	0.003	0.003	749	0	749	749	
0.4	0.5	41	260	10	4	67	10155	67	10155	0.00571642	0.0034369	0.003	0.01	151.567	14.1456	125	161	
0.4	0.5	4	261	6	4	83	13031	81	12717	0.00446913	0.0028683	0.003	0.01	157	0	157	157	
0.4	0.5	37	262	29	4	85	2720	83	2656	0.00308434	0.00076835	0.003	0.01	32	0	32	32	
0.4	0.5	37	263	30	4	86	2752	85	2720	0.003	0	0.003	0.003	32	0	32	32	
0.4	0.5	42	264	11	4	99	36924	99	36924	0.00307071	0.000703526	0.003	0.01	372.97	0.223814	371	373	
0.4	0.5	16	265	2	4	100	31700	100	31700	0.003	0	0.003	0.003	317	0	317	317	
0.4	0.5	39	266	3	4	77	3773	76	3724	0.003	0	0.003	0.003	49	0	49	49	
0.4	0.5	31	267	9	4	100	20100	100	20100	0.003	0	0.003	0.003	201	0	201	201	
0.4	0.5	50	268	10	4	100	25300	100	25300	0.003	0	0.003	0.003	253	0	253	253	
0.4	0.5	4	269	7	4	100	32500	100	32500	0.003	0	0.003	0.003	325	0	325	325	
0.4	0.5	4	270	4	4	100	20100	100	20100	0.003	0	0.003	0.003	201	0	201	201	
0.4	0.5	5	271	14	4	46	3082	48	3216	0.005625	0.00342472	0.003	0.01	67	0	67	67	
0.4	0.5	2	272	4	4	57	10433	58	10590	0.00806896	0.00315596	0.003	0.01	182.586	28.9604	137	201	
0.4	0.5	43	273	6	4	100	30100	100	30100	0.003	0	0.003	0.003	301	0	301	301	
0.4	0.5	37	274	28	4	84	6468	83	6391	0.00325301	0.00131449	0.003	0.01	77	0	77	77	
0.4	0.5	44	275	1	4	100	46900	100	46900	0.00307	0.0007	0.003	0.01	469	0	469	469	
0.4	0.5	40	276	3	4	54	13558	52	13052	0.00919231	0.00225822	0.003	0.01	251	10.0976	201	253	
0.4	0.5	5	277	30	4	48	7344	47	7191	0.003	0	0.003	0.003	153	0	153	153	
0.4	0.5	30	278	4	4	87	107773	87	108191	0.0042069	0.00265951	0.003	0.01	1243.57	197.29	1056	1479	
0.4	0.5	2	279	3	4	50	12650	50	12650	0.01	0	0.01	0.01	253	0	253	253	
0.4	0.5	6	280	8	4	51	4947	54	5238	0.00935185	0.00204808	0.003	0.01	97	0	97	97	
0.4	0.5	42	281	4	4	100	15300	100	15300	0.003	0	0.003	0.003	153	0	153	153	
0.4	0.5	55	282	9	4	99	6633	99	6633	0.003	0	0.003	0.003	67	0	67	67	
0.4	0.5	44	283	10	4	99	74151	98	73402	0.00307143	0.000707107	0.003	0.01	749	0	749	749	
0.4	0.5	34	284	5	4	78	5226	78	5226	0.003	0	0.003	0.003	67	0	67	67	
0.4	0.5	43	285	11	4	100	9700	100	9700	0.003	0	0.003	0.003	97	0	97	97	
0.4	0.5	39	286	27	4	77	3773	77	3773	0.003	0	0.003	0.003	49	0	49	49	
0.4	0.5	19	287	17	4	100	7700	100	7700	0.003	0	0.003	0.003	77	0	77	77	
0.4	0.5	8	288	14	4	100	5264	100	5264	0.003	0	0.003	0.003	52.64	13.3345	49	101	
0.4	0.5	33	289	3	4	99	19899	99	19899	0.00307071	0.000703526	0.003	0.01	201	0	201	201	
0.4	0.5	44	290	6	4	100	46900	100	46900	0.003	0	0.003	0.003	469	0	469	469	
0.4	0.5	48	291	2	4	100	12500	100	12500	0.003	0	0.003	0.003	125	0	125	125	
0.4	0.5	49	292	5	4	100	74900	100	74900	0.003	0	0.003	0.003	749	0	749	749	
0.4	0.5	24	293	3	4	75	7275	74	7178	0.00527027	0.00329922	0.003	0.01	97	0	97	97	
0.4	0.5	34	294	33	4	77	3773	78	3822	0.003	0	0.003	0.003	49	0	49	49	
0.4	0.5	16	295	5	4	100	62100	100	62100	0.003	0	0.003	0.003	621	0	621	621	
0.4	0.5	53	296	1	4	100	30900	100	30900	0.003	0	0.003	0.003	309	0	309	309	
0.4	0.5	20	297	6	4	100	10842	100	10842	0.003	0	0.003	0.003	108.42	32.7118	96	201	
0.4	0.5	5	298	40	4	50	3350	50	3350	0.003	0	0.003	0.003	67	0	67	67	
0.4	0.5	56	299	7	4	100	25896	100	25896	0.003	0	0.003	0.003	258.96	74.214	233	469	
0.4	0.5	29	300	2	4	100	38900	100	38900	0.003	0	0.003	0.003	389	0	389	389	
0.4	0.5	25	301	11	4	100	30900	100	30900	0.003	0	0.003	0.003	309	0	309	309	
0.4	0.5	39	302	34	4	76	2432	76	2432	0.003	0	0.003	0.003	32	0	32	32	
0.4	0.5	34	303	22	4	65	4355	62	4154	0.00559677	0.00340905	0.003	0.01	67	0	67	67	
0.4	0.5	3	304	8	4	98	22336	97	22175	0.00314433	0.000999893	0.003	0.01	228.608	81.1257	161	325	
0.4	0.5	52	305	3	4	94	9116	93	9019	0.00337634	0.00158741	0.003	0.01	96.9785	0.20739	95	97	
0.4	0.5	41	306	8	4	91	17563	92	17756	0.003	0	0.003	0.003	193	0	193	193	
0.4	0.5	41	307	22	4	94	2068	93	2046	0.003	0	0.003	0.003	22	0	22	22	
0.4	0.5	57	308	11	4	98	12250	98	12250	0.00314286	0.000994832	0.003	0.01	125	0	125	125	
0.4	0.5	13	309	7	4	97	31381	97	31381	0.00321649	0.00121815	0.003	0.01	323.515	4.66618	309	325	
0.4	0.5	41	310	15	4	90	8729	89	8632	0.003	0	0.003	0.003	96.9888	0.106	96	97	
0.4	0.5	10	311	10	4	100	74900	100	74900	0.003	0	0.003	0.003	749	0	749	749	
0.4	0.5	27	312	4	4	100	48116	100	48116	0.003	0	0.003	0.003	481.16	10.4512	453	485	
0.4	0.5	51	313	4	4	100	48500	100	48500	0.003	0	0.003	0.003	485	0	485	485	
0.4	0.5	13	314	11	4	98	24274	97	24021	0.00314433	0.000999893	0.003	0.01	247.639	15.8943	201	253	
0.4	0.5	17	315	1	4	100	46900	100	46900	0.003	0	0.003	0.003	469	0	469	469	
0.4	0.5	8	316	9	4	67	12931	66	12738	0.0065	0.00352682	0.003	0.01	193	0	193	193	
0.4	0.5	22	317	3	4	100	13700	100	13700	0.003	0	0.003	0.003	137	0	137	137	
0.4	0.5	4	318	5	4	100	25300	100	25300	0.003	0	0.003	0.003	253	0	253	253	
0.4	0.5	45	319	6	4	100	48500	100	48500	0.003	0	0.003	0.003	485	0	485	485	
0.4	0.5	41	320	5	4	90	4410	90	4410	0.003	0	0.003	0.003	49	0	49	49	
0.4	0.5	34	321	14	4	78	6006	78	6006	0.003	0	0.003	0.003	77	0	77	77	
0.4	0.5	31	322	1	4	100	15699	100	15699	0.003	0	0.003	0.003	156.99	0.1	156	157	
0.4	0.5	54	323	1	4	100	23300	100	23300	0.003	0	0.003	0.003	233	0	233	233	
0.4	0.5	39	324	15	4	54	4158	53	4081	0.00590566	0.00348218	0.003	0.01	77	0	77	77	
0.4	0.5	48	325	4	4	96	15454	97	15615	0.00328866	0.0013991	0.003	0.01	160.979	0.203069	159	161	
0.4	0.5	37	326	3	4	85	8245	85	8245	0.00308235	0.000759257	0.003	0.01	97	0	97	97	
0.4	0.5	38	327	9	4	100	20100	100	20100	0.003	0	0.003	0.003	201	0	201	201	
0.4	0.5	31	328	4	4	100	25300	100	25300	0.003	0	0.003	0.003	253	0	253	253	
0.4	0.5	19	329	1	4	100	19300	100	19300	0.003	0	0.003	0.003	193	0	193	193	
0.4	0.5	11	330	11	4	100	20100	100	20100	0.003	0	0.003	0.003	201	0	201	201	
0.4	0.5	37	331	5	4	87	5829	87	5829	0.003	0	0.003	0.003	67	0	67	67	
0.4	0.5	38	332	10	4	100	53300	100	53300	0.003	0	0.003	0.003	533	0	533	533	
0.4	0.5	51	333	2	4	100	48500	100	48500	0.003	0	0.003	0.003	485	0	485	485	
0.4	0.5	23	334	4	4	100	74900	100	74900	0.003	0	0.003	0.003	749	0	749	749	
0.4	0.5	17	335	6	4	100	25300	100	25300	0.003	0	0.003	0.003	253	0	253	253	
0.4	0.5	52	336	19	4	100	3200	100	3200	0.003	0	0.003	0.003	32	0	32	32	
0.4	0.5	47	337	11	4	100	20098	100	20098	0.003	0	0.003	0.003	200.98	0.2	199	201	
0.4	0.5	18	338	3	4	100	105600	100	105600	0.003	0	0.003	0.003	1056	0	1056	1056	
0.4	0.5	9	339	1	4	100	77498	100	77498	0.003	0	0.003	0.003	774.98	0.2	773	775	
0.4	0.5	7	340	1	4	100	62100	100	62100	0.003	0	0.003	0.003	621	0	621	621	
0.4	0.5	56	341	5	4	100	21456	100	21456	0.003	0	0.003	0.003	214.56	61.6353	193	389	
0.4	0.5	52	342	4	4	100	26899	100	26899	0.003	0	0.003	0.003	268.99	0.1	268	269	
0.4	0.5	6	343	10	4	69	11037	70	11198	0.006	0.00348911	0.003	0.01	159.971	2.69713	153	161	
0.4	0.5	8	344	10	4	100	20672	100	20672	0.003	0	0.003	0.003	206.72	50.2608	193	389	
0.4	0.5	22	345	5	4	100	38900	100	38900	0.003	0	0.003	0.003	389	0	389	389	
0.4	0.5	40	346	4	4	58	8766	58	8766	0.00794827	0.00321413	0.003	0.01	151.138	9.18322	137	157	
0.4	0.5	52	347	12	4	100	9700	100	9700	0.003	0	0.003	0.003	97	0	97	97	
0.4	0.5	37	348	6	4	63	6011	61	5817	0.00586885	0.00347119	0.003	0.01	95.3607	5.53183	77	97	
0.4	0.5	34	349	3	4	78	3822	78	3822	0.003	0	0.003	0.003	49	0	49	49	
0.4	0.5	42	350	5	4	100	12500	100	12500	0.003	0	0.003	0.003	125	0	125	125	
0.4	0.5	6	351	6	4	100	16100	100	16100	0.003	0	0.003	0.003	161	0	161	161	
0.4	0.5	53	352	7	4	100	74900	100	74900	0.003	0	0.003	0.003	749	0	749	749	
0.4	0.5	46	353	9	4	100	74900	100	74900	0.003	0	0.003	0.003	749	0	749	749	
0.4	0.5	52	354	1	4	100	19300	100	19300	0.003	0	0.003	0.003	193	0	193	193	
0.4	0.5	37	355	18	4	85	13685	86	13846	0.003	0	0.003	0.003	161	0	161	161	
0.4	0.5	37	356	7	4	86	2751	86	2751	0.003	0	0.003	0.003	31.9884	0.107833	31	32	
0.4	0.5	39	357	19	4	76	5852	76	5852	0.003	0	0.003	0.003	77	0	77	77	
0.4	0.5	6	358	3	4	100	23300	100	23300	0.003	0	0.003	0.003	233	0	233	233	
0.4	0.5	46	359	3	4	100	13700	100	13700	0.003	0	0.003	0.003	137	0	137	137	
0.4	0.5	8	360	8	4	100	5264	100	5264	0.003	0	0.003	0.003	52.64	13.3345	49	101	
0.4	0.5	52	361	20	4	100	4900	100	4900	0.003	0	0.003	0.003	49	0	49	49	
0.4	0.5	7	362	3	4	100	105600	100	105600	0.003	0	0.003	0.003	1056	0	1056	1056	
0.4	0.5	42	363	1	4	100	12498	100	12498	0.003	0	0.003	0.003	124.98	0.2	123	125	
0.4	0.5	37	364	16	4	85	4165	86	4214	0.003	0	0.003	0.003	49	0	49	49	
0.4	0.5	37	365	10	4	86	16598	87	16791	0.003	0	0.003	0.003	193	0	193	193	
0.4	0.5	32	366	5	4	100	77500	100	77500	0.003	0	0.003	0.003	775	0	775	775	
0.4	0.5	1	367	6	4	74	13929	73	13736	0.00539726	0.00334473	0.003	0.01	188.164	11.5217	161	193	
0.4	0.5	16	368	1	4	100	105600	100	105600	0.003	0	0.003	0.003	1056	0	1056	1056	
0.4	0.5	46	369	1	4	100	32500	100	32500	0.003	0	0.003	0.003	325	0	325	325	
0.4	0.5	7	370	4	4	100	105600	100	105600	0.003	0	0.003	0.003	1056	0	1056	1056	
0.4	0.5	13	371	10	4	100	32338	100	32338	0.003	0	0.003	0.003	323.38	4.82163	309	325	
0.4	0.5	34	372	10	4	79	6083	78	6006	0.003	0	0.003	0.003	77	0	77	77	
0.4	0.5	20	373	5	4	98	13658	99	13783	0.00314141	0.000989847	0.003	0.01	139.222	40.4312	125	253	
0.4	0.5	57	374	7	4	91	14651	91	14651	0.00361538	0.00199315	0.003	0.01	161	0	161	161	
0.4	0.5	35	375	4	4	100	46900	100	46900	0.003	0	0.003	0.003	469	0	469	469	
0.4	0.5	33	376	2	4	100	13700	100	13700	0.003	0	0.003	0.003	137	0	137	137	
0.4	0.5	11	377	3	4	100	53300	100	53300	0.003	0	0.003	0.003	533	0	533	533	
0.4	0.5	13	378	2	4	100	38900	100	38900	0.003	0	0.003	0.003	389	0	389	389	
0.4	0.5	34	379	2	4	81	5427	82	5494	0.00308536	0.000773021	0.003	0.01	67	0	67	67	
0.4	0.5	49	380	10	4	100	13700	100	13700	0.003	0	0.003	0.003	137	0	137	137	
0.4	0.5	56	381	9	4	100	41436	100	41436	0.003	0	0.003	0.003	414.36	118.239	373	749	
0.4	0.5	21	382	3	4	100	6700	100	6700	0.003	0	0.003	0.003	67	0	67	67	
0.4	0.5	34	383	31	4	80	3920	81	3969	0.003	0	0.003	0.003	49	0	49	49	
0.4	0.5	34	384	26	4	77	5159	78	5226	0.003	0	0.003	0.003	67	0	67	67	
0.4	0.5	33	385	9	4	100	74900	100	74900	0.003	0	0.003	0.003	749	0	749	749	
0.4	0.5	22	386	2	4	100	53300	100	53300	0.003	0	0.003	0.003	533	0	533	533	
0.4	0.5	41	387	24	4	84	3929	83	3880	0.00359036	0.00195708	0.003	0.01	46.747	5.79917	32	49	
0.4	0.5	42	388	3	4	97	15617	97	15617	0.00321649	0.00121815	0.003	0.01	161	0	161	161	
0.4	0.5	37	389	13	4	86	8342	87	8439	0.003	0	0.003	0.003	97	0	97	97	
0.4	0.5	5	390	55	4	51	7803	51	7803	0.003	0	0.003	0.003	153	0	153	153	
0.4	0.5	54	391	4	4	51	15350	50	15049	0.00986	0.000989949	0.003	0.01	300.98	0.141421	300	301	
0.4	0.5	8	392	12	4	100	17248	100	17248	0.003	0	0.003	0.003	172.48	42.0549	161	325	
0.4	0.5	25	393	1	4	100	20100	100	20100	0.003	0	0.003	0.003	201	0	201	201	
0.4	0.5	56	394	2	4	100	21456	100	21456	0.003	0	0.003	0.003	214.56	61.6353	193	389	
0.4	0.5	10	395	5	4	100	13700	100	13700	0.003	0	0.003	0.003	137	0	137	137	
0.4	0.5	8	396	1	4	52	6500	50	6250	0.00972	0.00138564	0.003	0.01	125	0	125	125	
0.4	0.5	22	397	1	4	100	15700	100	15700	0.003	0	0.003	0.003	157	0	157	157	
0.4	0.5	37	398	20	4	87	5829	86	5762	0.003	0	0.003	0.003	67	0	67	67	
0.4	0.5	47	399	2	4	86	17286	86	17286	0.00413953	0.00259938	0.003	0.01	201	0	201	201	
0.4	0.5	38	400	3	4	68	50932	66	49434	0.00639394	0.0035252	0.003	0.01	749	0	749	749	
0.4	0.5	55	401	3	4	94	11750	94	11750	0.003	0	0.003	0.003	125	0	125	125	
0.4	0.5	12	402	6	4	100	48500	100	48500	0.003	0	0.003	0.003	485	0	485	485	
0.4	0.5	12	403	4	4	100	48500	100	48500	0.003	0	0.003	0.003	485	0	485	485	
0.4	0.5	3	404	10	4	93	20689	92	20528	0.00353261	0.00186613	0.003	0.01	223.13	79.924	153	325	
0.4	0.5	10	405	7	4	100	25298	100	25298	0.003	0	0.003	0.003	252.98	0.2	251	253	
0.4	0.5	37	406	14	4	86	6622	86	6622	0.003	0	0.003	0.003	77	0	77	77	
0.4	0.5	17	407	9	4	100	30900	100	30900	0.003	0	0.003	0.003	309	0	309	309	
0.4	0.5	25	408	7	4	53	20617	53	20617	0.00920755	0.00223915	0.003	0.01	389	0	389	389	
0.4	0.5	50	409	11	4	100	15699	100	15699	0.003	0	0.003	0.003	156.99	0.1	156	157	
0.4	0.5	56	410	1	4	100	29802	100	29802	0.003	0	0.003	0.003	298.02	83.0263	267	533	
0.4	0.5	55	411	10	4	89	6853	90	6930	0.00323333	0.00126358	0.003	0.01	77	0	77	77	
0.4	0.5	31	412	5	4	99	15542	99	15542	0.00307071	0.000703526	0.003	0.01	156.99	0.100504	156	157	
0.4	0.5	33	413	11	4	100	20099	100	20099	0.003	0	0.003	0.003	200.99	0.1	200	201	
0.4	0.5	33	414	1	4	100	15700	100	15700	0.003	0	0.003	0.003	157	0	157	157	
0.4	0.5	17	415	2	4	100	13700	100	13700	0.003	0	0.003	0.003	137	0	137	137	
0.4	0.5	48	416	3	4	97	6499	97	6499	0.00321649	0.00121815	0.003	0.01	67	0	67	67	
0.4	0.5	37	417	11	4	85	31705	86	32078	0.003	0	0.003	0.003	373	0	373	373	
0.4	0.5	12	418	7	4	100	23300	100	23300	0.003	0	0.003	0.003	233	0	233	233	
0.4	0.5	12	419	1	4	100	80699	100	80699	0.003	0	0.003	0.003	806.99	0.1	806	807	
0.4	0.5	33	420	7	4	100	46900	100	46900	0.003	0	0.003	0.003	469	0	469	469	
0.4	0.5	3	421	3	4	52	7240	53	7365	0.00933962	0.00206568	0.003	0.01	138.962	41.314	97	253	
0.4	0.5	4	422	2	4	100	38900	100	38900	0.003	0	0.003	0.003	389	0	389	389	
0.4	0.5	24	423	5	4	100	19044	100	19044	0.003	0	0.003	0.003	190.44	8.72512	161	193	
0.4	0.5	3	424	14	4	77	12313	76	12188	0.00511842	0.00323715	0.003	0.01	160.368	57.6187	125	253	
0.4	0.5	41	425	7	4	66	4812	66	4812	0.0059697	0.0034861	0.003	0.01	72.9091	4.95434	67	77	
0.4	0.5	22	426	9	4	100	25300	100	25300	0.003	0	0.003	0.003	253	0	253	253	
0.4	0.5	37	427	4	4	85	4165	84	4116	0.00308333	0.000763763	0.003	0.01	49	0	49	49	
0.4	0.5	3	428	11	4	100	37988	100	37988	0.003	0	0.003	0.003	379.88	130.956	269	533	
0.4	0.5	55	429	25	4	94	9118	94	9118	0.003	0	0.003	0.003	97	0	97	97	
0.4	0.5	39	430	23	4	76	3724	77	3773	0.003	0	0.003	0.003	49	0	49	49	
0.4	0.5	41	431	20	4	88	5860	88	5860	0.00339773	0.00162975	0.003	0.01	66.5909	2.69796	49	67	
0.4	0.5	11	432	7	4	99	25047	98	24794	0.00307143	0.000707107	0.003	0.01	253	0	253	253	
0.4	0.5	23	433	7	4	100	25300	100	25300	0.003	0	0.003	0.003	253	0	253	253	
0.4	0.5	57	434	2	4	100	16100	100	16100	0.003	0	0.003	0.003	161	0	161	161	
0.4	0.5	34	435	6	4	73	11753	73	11753	0.00405479	0.00252152	0.003	0.01	161	0	161	161	
0.4	0.5	21	436	2	4	82	8710	82	8764	0.00453658	0.00291524	0.003	0.01	106.878	13.4379	97	125	
0.4	0.5	37	437	24	4	86	4214	85	4165	0.003	0	0.003	0.003	49	0	49	49	
0.4	0.5	43	438	10	4	100	26900	100	26900	0.003	0	0.003	0.003	269	0	269	269	
0.4	0.5	11	439	1	4	100	46900	100	46900	0.003	0	0.003	0.003	469	0	469	469	
0.4	0.5	8	440	4	4	54	6750	57	7125	0.00877193	0.00268606	0.003	0.01	125	0	125	125	
0.4	0.5	57	441	10	4	100	26900	100	26900	0.003	0	0.003	0.003	269	0	269	269	
0.4	0.5	23	442	1	4	99	15543	99	15543	0.00307071	0.000703526	0.003	0.01	157	0	157	157	
0.4	0.5	52	443	11	4	100	12500	100	12500	0.003	0	0.003	0.003	125	0	125	125	
0.4	0.5	15	444	9	4	100	13700	100	13700	0.003	0	0.003	0.003	137	0	137	137	
0.4	0.5	1	445	4	4	100	6700	100	6700	0.003	0	0.003	0.003	67	0	67	67	
0.4	0.5	42	446	2	4	100	3198	100	3198	0.003	0	0.003	0.003	31.98	0.2	30	32	
0.4	0.5	56	447	12	4	100	21454	100	21454	0.003	0	0.003	0.003	214.54	61.6427	191	389	
0.4	0.5	13	448	4	4	100	46900	100	46900	0.003	0	0.003	0.003	469	0	469	469	
0.4	0.5	55	449	23	4	57	7125	60	7500	0.00801667	0.00318094	0.003	0.01	125	0	125	125	
0.4	0.5	48	450	10	4	100	23300	100	23300	0.003	0	0.003	0.003	233	0	233	233	
0.4	0.5	42	451	15	4	100	26900	100	26900	0.003	0	0.003	0.003	269	0	269	269	
0.4	0.5	49	452	2	4	100	13700	100	13700	0.003	0	0.003	0.003	137	0	137	137	
0.4	0.5	42	453	8	4	61	7625	60	7500	0.00766667	0.00332768	0.003	0.01	125	0	125	125	
0.4	0.5	55	454	21	4	96	7392	95	7315	0.00307368	0.000718185	0.003	0.01	77	0	77	77	
0.4	0.5	30	455	5	4	100	27698	100	27698	0.003	0	0.003	0.003	276.98	0.2	275	277	
0.4	0.5	39	456	1	4	77	20712	76	20443	0.003	0	0.003	0.003	268.987	0.114708	268	269	
0.4	0.5	10	457	1	4	100	25300	100	25300	0.003	0	0.003	0.003	253	0	253	253	
0.4	0.5	20	458	11	4	100	41436	100	41436	0.003	0	0.003	0.003	414.36	118.239	373	749	
0.4	0.5	20	459	9	4	100	41436	100	41436	0.003	0	0.003	0.003	414.36	118.239	373	749	
0.4	0.5	3	460	6	4	53	4801	54	4878	0.00909259	0.00237335	0.003	0.01	90.3333	30.0942	77	157	
0.4	0.5	46	461	5	4	54	16462	55	16771	0.00885454	0.00261348	0.003	0.01	304.927	14.6766	253	309	
0.4	0.5	28	462	3	4	100	51700	100	51700	0.003	0	0.003	0.003	517	0	517	517	
0.4	0.5	17	463	10	4	100	15700	100	15700	0.003	0	0.003	0.003	157	0	157	157	
0.4	0.5	55	464	17	4	96	6432	96	6432	0.003	0	0.003	0.003	67	0	67	67	
0.4	0.5	7	465	2	4	100	51700	100	51700	0.003	0	0.003	0.003	517	0	517	517	
0.4	0.5	12	466	5	4	82	19106	82	19106	0.00462195	0.00297164	0.003	0.01	233	0	233	233	
0.4	0.5	28	467	5	4	100	51700	100	51700	0.003	0	0.003	0.003	517	0	517	517	
0.4	0.5	2	468	7	4	97	22285	97	22389	0.00321649	0.00121815	0.003	0.01	230.814	30.5724	201	389	
0.4	0.5	9	469	2	4	100	51700	100	51700	0.003	0	0.003	0.003	517	0	517	517	
0.4	0.5	24	470	6	4	100	19300	100	19300	0.003	0	0.003	0.003	193	0	193	193	
0.4	0.5	41	471	21	4	91	11373	91	11373	0.003	0	0.003	0.003	124.978	0.209657	123	125	
0.4	0.5	25	472	8	4	100	38900	100	38900	0.003	0	0.003	0.003	389	0	389	389	
0.4	0.5	40	473	7	4	100	46420	100	46420	0.003	0	0.003	0.003	464.2	19.0947	389	469	
0.4	0.5	20	474	14	4	66	6402	64	6208	0.00671875	0.00352077	0.003	0.01	97	0	97	97	
0.4	0.5	27	475	1	4	100	38900	100	38900	0.003	0	0.003	0.003	389	0	389	389	
0.4	0.5	27	476	6	4	100	45300	100	45300	0.003	0	0.003	0.003	453	0	453	453	
0.4	0.5	15	477	10	4	100	20099	100	20099	0.003	0	0.003	0.003	200.99	0.1	200	201	
0.4	0.5	39	478	35	4	71	2272	70	2240	0.003	0	0.003	0.003	32	0	32	32	
0.4	0.5	30	479	6	4	98	27144	98	27144	0.00314286	0.000994832	0.003	0.01	276.98	0.202031	275	277	
0.4	0.5	43	480	15	4	100	15300	100	15300	0.003	0	0.003	0.003	153	0	153	153	
0.4	0.5	54	481	6	4	100	38898	100	38898	0.003	0	0.003	0.003	388.98	0.2	387	389	
0.4	0.5	44	482	5	4	51	19839	51	19839	0.01	0	0.01	0.01	389	0	389	389	
0.4	0.5	4	483	8	4	100	20098	100	20098	0.003	0	0.003	0.003	200.98	0.2	199	201	
0.4	0.5	25	484	3	4	100	30900	100	30900	0.003	0	0.003	0.003	309	0	309	309	
0.4	0.5	56	485	8	4	95	7795	95	7795	0.00336842	0.00157137	0.003	0.01	82.0526	19.563	77	157	
0.4	0.5	49	486	3	4	100	38900	100	38900	0.003	0	0.003	0.003	389	0	389	389	
0.4	0.5	41	487	23	4	88	10998	88	10998	0.00323864	0.00127752	0.003	0.01	124.977	0.213201	123	125	
0.4	0.5	36	488	5	4	100	38900	100	38900	0.003	0	0.003	0.003	389	0	389	389	
0.4	0.5	34	489	25	4	77	5159	78	5226	0.003	0	0.003	0.003	67	0	67	67	
0.4	0.5	23	490	3	4	100	25300	100	25300	0.003	0	0.003	0.003	253	0	253	253	
0.4	0.5	4	491	9	4	100	25300	100	25300	0.003	0	0.003	0.003	253	0	253	253	
0.4	0.5	14	492	4	4	100	77500	100	77500	0.003	0	0.003	0.003	775	0	775	775	
0.4	0.5	57	493	17	4	100	6700	100	6700	0.003	0	0.003	0.003	67	0	67	67	
0.4	0.5	57	494	4	4	51	6375	50	6250	0.00986	0.000989949	0.003	0.01	125	0	125	125	
0.4	0.5	42	495	6	4	100	16098	100	16098	0.003	0	0.003	0.003	160.98	0.2	159	161	
0.4	0.5	19	496	9	4	100	15300	100	15300	0.003	0	0.003	0.003	153	0	153	153	
0.4	0.5	53	497	3	4	51	8007	49	7693	0.01	0	0.01	0.01	157	0	157	157	
0.4	0.5	41	498	1	4	92	4338	92	4338	0.00315217	0.00102641	0.003	0.01	47.1522	5.32036	32	49	
0.4	0.5	41	499	27	4	84	5592	83	5525	0.00350602	0.00182378	0.003	0.01	66.5663	2.77705	49	67	
0.4	0.5	53	500	2	4	51	8007	51	8007	0.00958823	0.00166345	0.003	0.01	157	0	157	157	
0.4	0.5	26	501	3	4	100	38900	100	38900	0.003	0	0.003	0.003	389	0	389	389	
0.4	0.5	53	502	4	4	100	25300	100	25300	0.003	0	0.003	0.003	253	0	253	253	
0.4	0.5	39	503	21	4	76	12236	77	12397	0.003	0	0.003	0.003	161	0	161	161	
0.4	0.5	26	504	2	4	100	30100	100	30100	0.003	0	0.003	0.003	301	0	301	301	
0.4	0.5	55	505	11	4	86	6622	86	6622	0.00397674	0.00243975	0.003	0.01	77	0	77	77	
0.4	0.5	38	506	4	4	100	20100	100	20100	0.003	0	0.003	0.003	201	0	201	201	
0.4	0.5	57	507	15	4	100	4898	100	4898	0.003	0	0.003	0.003	48.98	0.2	47	49	
0.4	0.5	41	508	19	4	94	4606	94	4606	0.003	0	0.003	0.003	49	0	49	49	
0.4	0.5	7	509	5	4	100	62100	100	62100	0.003	0	0.003	0.003	621	0	621	621	
0.4	0.5	29	510	5	4	100	30100	100	30100	0.003	0	0.003	0.003	301	0	301	301	
0.4	0.5	17	511	5	4	100	25298	100	25298	0.003	0	0.003	0.003	252.98	0.2	251	253	
0.4	0.5	15	512	7	4	100	25300	100	25300	0.003	0	0.003	0.003	253	0	253	253	
0.4	0.5	40	513	6	4	100	24570	100	24570	0.003	0	0.003	0.003	245.7	18.1851	199	253	
0.4	0.5	21	514	1	4	86	8102	86	8102	0.00413953	0.00259938	0.003	0.01	94.2093	6.97072	77	97	
0.4	0.5	43	515	1	4	100	37300	100	37300	0.003	0	0.003	0.003	373	0	373	373	
0.4	0.5	26	516	5	4	100	105600	100	105600	0.003	0	0.003	0.003	1056	0	1056	1056	
0.4	0.5	53	517	10	4	100	30900	100	30900	0.003	0	0.003	0.003	309	0	309	309	
0.4	0.5	57	518	1	4	100	19300	100	19300	0.003	0	0.003	0.003	193	0	193	193	
0.4	0.5	20	519	7	4	100	25896	100	25896	0.003	0	0.003	0.003	258.96	74.214	233	469	
0.4	0.5	11	520	5	4	96	24288	96	24288	0.00329167	0.00140613	0.003	0.01	253	0	253	253	
0.4	0.5	34	521	20	4	79	3871	78	3822	0.003	0	0.003	0.003	49	0	49	49	
0.4	0.5	19	522	8	4	100	12500	100	12500	0.003	0	0.003	0.003	125	0	125	125	
0.4	0.5	23	523	6	4	100	53300	100	53300	0.003	0	0.003	0.003	533	0	533	533	
0.4	0.5	6	524	7	4	100	6700	100	6700	0.003	0	0.003	0.003	67	0	67	67	
0.4	0.5	2	525	6	4	100	6972	100	6972	0.003	0	0.003	0.003	69.72	5.06539	69	105	
0.4	0.5	52	526	9	4	56	4312	59	4543	0.00822034	0.00307419	0.003	0.01	77	0	77	77	
0.4	0.5	25	527	4	4	100	25300	100	25300	0.003	0	0.003	0.003	253	0	253	253	
0.4	0.5	41	528	12	4	95	4653	95	4653	0.003	0	0.003	0.003	48.9789	0.205196	47	49	
0.4	0.5	8	529	3	4	100	39932	100	39932	0.003	0	0.003	0.003	399.32	96.4186	373	749	
0.4	0.5	49	530	8	4	100	38772	100	38772	0.003	0	0.003	0.003	387.72	9.00514	325	389	
0.4	0.5	38	531	2	4	100	13698	100	13698	0.003	0	0.003	0.003	136.98	0.2	135	137	
0.4	0.5	19	532	14	4	100	9700	100	9700	0.003	0	0.003	0.003	97	0	97	97	
0.4	0.5	55	533	19	4	64	4928	68	5236	0.00660294	0.0035245	0.003	0.01	77	0	77	77	
0.4	0.5	34	534	11	4	63	6111	62	6014	0.00582258	0.00346185	0.003	0.01	97	0	97	97	
0.4	0.5	44	535	3	4	100	13700	100	13700	0.003	0	0.003	0.003	137	0	137	137	
0.4	0.5	21	536	6	4	100	14908	100	14908	0.003	0	0.003	0.003	149.08	9.76458	125	153	
0.4	0.5	37	537	27	4	87	16791	86	16598	0.003	0	0.003	0.003	193	0	193	193	
0.4	0.5	33	538	5	4	100	53300	100	53300	0.003	0	0.003	0.003	533	0	533	533	
0.4	0.5	12	539	2	4	85	19805	85	19805	0.00423529	0.00268438	0.003	0.01	233	0	233	233	
0.4	0.5	21	540	7	4	100	37300	100	37300	0.003	0	0.003	0.003	373	0	373	373	
0.4	0.5	26	541	7	4	79	16511	80	16720	0.00475	0.00305021	0.003	0.01	209	0	209	209	
0.4	0.5	39	542	26	4	71	1562	71	1562	0.003	0	0.003	0.003	22	0	22	22	
0.4	0.5	44	543	9	4	100	30900	100	30900	0.003	0	0.003	0.003	309	0	309	309	
0.4	0.5	34	544	15	4	61	4697	59	4543	0.00584746	0.00346815	0.003	0.01	77	0	77	77	
0.4	0.5	35	545	3	4	99	46430	99	46430	0.00307071	0.000703526	0.003	0.01	468.99	0.100504	468	469	
0.4	0.5	21	546	14	4	53	6457	52	6304	0.00905769	0.0024125	0.003	0.01	121.231	9.64998	97	125	
0.4	0.5	19	547	16	4	100	16100	100	16100	0.003	0	0.003	0.003	161	0	161	161	
0.4	0.5	44	548	8	4	96	22520	94	22066	0.00329787	0.00142051	0.003	0.01	234.745	24.9528	201	253	
0.4	0.5	50	549	5	4	100	38900	100	38900	0.003	0	0.003	0.003	389	0	389	389	
0.4	0.5	57	550	12	4	100	19299	100	19299	0.003	0	0.003	0.003	192.99	0.1	192	193	
0.4	0.5	17	551	7	4	100	15700	100	15700	0.003	0	0.003	0.003	157	0	157	157	
0.4	0.5	34	552	1	4	73	9125	73	9125	0.00367123	0.00207535	0.003	0.01	125	0	125	125	
0.4	0.5	46	553	4	4	100	15699	100	15699	0.003	0	0.003	0.003	156.99	0.1	156	157	
0.4	0.5	42	554	7	4	100	19300	100	19300	0.003	0	0.003	0.003	193	0	193	193	
0.4	0.5	48	555	8	4	99	7623	99	7623	0.00307071	0.000703526	0.003	0.01	77	0	77	77	
0.4	0.5	37	556	2	4	87	13311	87	13311	0.003	0	0.003	0.003	153	0	153	153	
0.4	0.5	54	557	2	4	100	23300	100	23300	0.003	0	0.003	0.003	233	0	233	233	
0.4	0.5	19	558	15	4	100	37300	100	37300	0.003	0	0.003	0.003	373	0	373	373	
0.4	0.5	22	559	6	4	100	25300	100	25300	0.003	0	0.003	0.003	253	0	253	253	
0.4	0.5	19	560	3	4	100	16100	100	16100	0.003	0	0.003	0.003	161	0	161	161	
0.4	0.5	40	561	10	4	57	13849	56	13492	0.008125	0.00312795	0.003	0.01	240.929	22.1531	201	253	
0.4	0.5	55	562	22	4	95	9215	95	9215	0.003	0	0.003	0.003	97	0	97	97	
0.4	0.5	31	563	8	4	100	32500	100	32500	0.003	0	0.003	0.003	325	0	325	325	
0.4	0.5	16	564	4	4	100	105600	100	105600	0.003	0	0.003	0.003	1056	0	1056	1056	
0.4	0.5	24	565	22	4	100	19300	100	19300	0.003	0	0.003	0.003	193	0	193	193	
0.4	0.5	36	566	3	4	100	69299	100	69299	0.003	0	0.003	0.003	692.99	0.1	692	693	
0.4	0.5	36	567	1	4	100	80700	100	80700	0.003	0	0.003	0.003	807	0	807	807	
0.4	0.5	52	568	5	4	100	37300	100	37300	0.003	0	0.003	0.003	373	0	373	373	
0.4	0.5	14	569	1	4	100	90300	100	90300	0.003	0	0.003	0.003	903	0	903	903	
0.4	0.5	39	570	25	4	56	4312	55	4235	0.00554545	0.00339836	0.003	0.01	77	0	77	77	
0.4	0.5	21	571	15	4	100	7700	100	7700	0.003	0	0.003	0.003	77	0	77	77	
0.4	0.5	15	572	6	4	100	25300	100	25300	0.003	0	0.003	0.003	253	0	253	253	
0.4	0.5	39	573	7	4	77	5159	76	5092	0.003	0	0.003	0.003	67	0	67	67	
0.4	0.5	25	574	2	4	100	30900	100	30900	0.003	0	0.003	0.003	309	0	309	309	
0.4	0.5	9	575	6	4	100	40500	100	40500	0.003	0	0.003	0.003	405	0	405	405	
0.4	0.5	39	576	4	4	58	5626	57	5529	0.00459649	0.00296322	0.003	0.01	97	0	97	97	
0.4	0.5	55	577	16	4	95	14535	95	14535	0.003	0	0.003	0.003	153	0	153	153	
0.4	0.5	56	578	11	4	100	13908	100	13908	0.003	0	0.003	0.003	139.08	40.2517	125	253	
0.4	0.5	41	579	6	4	90	11250	91	11375	0.003	0	0.003	0.003	125	0	125	125	
0.4	0.5	8	580	11	4	100	24952	100	24952	0.003	0	0.003	0.003	249.52	60.518	233	469	
0.4	0.5	52	581	13	4	100	4900	100	4900	0.003	0	0.003	0.003	49	0	49	49	
0.4	0.5	52	582	16	4	100	9700	100	9700	0.003	0	0.003	0.003	97	0	97	97	
0.4	0.5	55	583	20	4	95	7315	95	7315	0.003	0	0.003	0.003	77	0	77	77	
0.4	0.5	20	584	8	4	67	8503	67	8503	0.00655224	0.00352602	0.003	0.01	126.91	15.6377	125	253	
0.4	0.5	38	585	7	4	100	25300	100	25300	0.003	0	0.003	0.003	253	0	253	253	
0.4	0.5	55	586	5	4	60	7500	57	7125	0.00791228	0.00323088	0.003	0.01	125	0	125	125	
0.4	0.5	53	587	9	4	100	25300	100	25300	0.003	0	0.003	0.003	253	0	253	253	
0.4	0.5	44	588	7	4	55	10569	55	10481	0.00847273	0.00291773	0.003	0.01	190.564	18.8471	157	201	
0.4	0.5	56	589	13	4	100	29804	100	29804	0.003	0	0.003	0.003	298.04	83.019	269	533	
0.4	0.5	14	590	2	4	100	96700	100	96700	0.003	0	0.003	0.003	967	0	967	967	
0.4	0.5	1	591	28	4	100	19300	100	19300	0.003	0	0.003	0.003	193	0	193	193	
0.4	0.5	23	592	5	4	68	10676	70	10990	0.0063	0.00351951	0.003	0.01	157	0	157	157	
0.4	0.5	42	593	12	4	100	37298	100	37298	0.003	0	0.003	0.003	372.98	0.140705	372	373	
0.4	0.5	22	594	7	4	61	12259	60	12060	0.00755	0.00336696	0.003	0.01	201	0	201	201	
0.4	0.5	34	595	23	4	81	15633	81	15633	0.003	0	0.003	0.003	193	0	193	193	
0.4	0.5	47	596	4	4	100	74900	100	74900	0.003	0	0.003	0.003	749	0	749	749	
0.4	0.5	27	597	2	4	100	23300	100	23300	0.003	0	0.003	0.003	233	0	233	233	
0.4	0.5	29	598	3	4	100	105600	100	105600	0.003	0	0.003	0.003	1056	0	1056	1056	
0.4	0.5	13	599	1	4	100	38260	100	38260	0.003	0	0.003	0.003	382.6	19.2967	325	389	
0.4	0.5	39	600	32	4	70	8748	69	8623	0.00310145	0.000842701	0.003	0.01	124.971	0.240772	123	125	
0.4	0.5	31	601	7	4	100	13700	100	13700	0.003	0	0.003	0.003	137	0	137	137	
0.4	0.5	43	602	8	4	100	16100	100	16100	0.003	0	0.003	0.003	161	0	161	161	
0.4	0.5	20	603	13	4	50	3850	49	3773	0.01	0	0.01	0.01	77	0	77	77	
0.4	0.5	2	604	1	4	63	23547	62	23158	0.00706452	0.00348237	0.003	0.01	373.516	27.6321	325	389	
0.4	0.5	37	605	9	4	86	5762	86	5762	0.003	0	0.003	0.003	67	0	67	67	
0.4	0.5	48	606	12	4	100	12498	100	12498	0.003	0	0.003	0.003	124.98	0.2	123	125	
0.4	0.5	39	607	6	4	71	3479	70	3430	0.003	0	0.003	0.003	49	0	49	49	
0.4	0.5	38	608	8	4	100	20100	100	20100	0.003	0	0.003	0.003	201	0	201	201	
0.4	0.5	51	609	7	4	100	38900	100	38900	0.003	0	0.003	0.003	389	0	389	389	
0.4	0.5	25	610	10	4	74	14874	73	14673	0.00530137	0.00331111	0.003	0.01	201	0	201	201	
0.4	0.5	52	611	15	4	98	7545	98	7545	0.00314286	0.000994832	0.003	0.01	76.9898	0.101015	76	77	
0.4	0.5	32	612	4	4	100	50100	100	50100	0.003	0	0.003	0.003	501	0	501	501	
0.4	0.5	45	613	4	4	100	20900	100	20900	0.003	0	0.003	0.003	209	0	209	209	
0.4	0.5	46	614	2	4	100	13700	100	13700	0.003	0	0.003	0.003	137	0	137	137	
0.4	0.5	48	615	13	4	100	15300	100	15300	0.003	0	0.003	0.003	153	0	153	153	
0.4	0.5	11	616	8	4	100	20100	100	20100	0.003	0	0.003	0.003	201	0	201	201	
0.4	0.5	15	617	2	4	100	46900	100	46900	0.003	0	0.003	0.003	469	0	469	469	
0.4	0.5	34	618	16	4	78	6004	77	5927	0.003	0	0.003	0.003	76.974	0.227921	75	77	
0.4	0.5	52	619	21	4	100	16100	100	16100	0.003	0	0.003	0.003	161	0	161	161	
0.4	0.5	37	620	1	4	86	4214	86	4214	0.003	0	0.003	0.003	49	0	49	49	
0.4	0.5	21	621	13	4	62	9430	62	9430	0.00729032	0.00343744	0.003	0.01	152.097	4.98756	125	153	
0.4	0.5	18	622	1	4	100	103100	100	103100	0.003	0	0.003	0.003	1031	0	1031	1031	
0.4	0.5	34	623	29	4	82	4018	82	4018	0.003	0	0.003	0.003	49	0	49	49	
0.4	0.5	48	624	17	4	100	16100	100	16100	0.003	0	0.003	0.003	161	0	161	161	
0.4	0.5	50	625	9	4	100	25300	100	25300	0.003	0	0.003	0.003	253	0	253	253	
0.4	0.5	36	626	6	4	100	20900	100	20900	0.003	0	0.003	0.003	209	0	209	209	
0.4	0.5	49	627	6	4	97	31525	97	31525	0.00328866	0.0013991	0.003	0.01	325	0	325	325	
0.4	0.5	41	628	28	4	93	6231	93	6231	0.003	0	0.003	0.003	67	0	67	67	
0.4	0.5	29	629	6	4	100	38900	100	38900	0.003	0	0.003	0.003	389	0	389	389	
0.4	0.5	5	630	54	4	47	4559	47	4559	0.003	0	0.003	0.003	97	0	97	97	
0.4	0.5	10	631	2	4	100	74900	100	74900	0.003	0	0.003	0.003	749	0	749	749	
0.4	0.5	13	632	8	4	100	15700	100	15700	0.003	0	0.003	0.003	157	0	157	157	
0.4	0.5	43	633	2	4	100	9700	100	9700	0.003	0	0.003	0.003	97	0	97	97	
0.4	0.5	21	634	5	4	97	9408	97	9408	0.00321649	0.00121815	0.003	0.01	96.9897	0.101535	96	97	
0.4	0.5	39	635	12	4	70	3430	71	3479	0.003	0	0.003	0.003	49	0	49	49	
0.4	0.5	24	636	8	4	100	23300	100	23300	0.003	0	0.003	0.003	233	0	233	233	
0.4	0.5	24	637	11	4	100	12500	100	12500	0.003	0	0.003	0.003	125	0	125	125	
0.4	0.5	34	638	30	4	63	7875	63	7875	0.00555555	0.00339724	0.003	0.01	125	0	125	125	
0.4	0.5	57	639	6	4	100	6700	100	6700	0.003	0	0.003	0.003	67	0	67	67	
0.4	0.5	51	640	6	4	100	30100	100	30100	0.003	0	0.003	0.003	301	0	301	301	
0.4	0.5	39	641	30	4	71	3479	70	3430	0.003	0	0.003	0.003	49	0	49	49	
0.4	0.5	5	642	7	4	47	3619	48	3696	0.003	0	0.003	0.003	77	0	77	77	
0.4	0.5	23	643	2	4	100	25300	100	25300	0.003	0	0.003	0.003	253	0	253	253	
0.4	0.5	37	644	22	4	86	13846	85	13685	0.00308235	0.000759257	0.003	0.01	161	0	161	161	
0.4	0.5	11	645	6	4	100	13700	100	13700	0.003	0	0.003	0.003	137	0	137	137	
0.4	0.5	3	646	5	4	100	53092	100	53092	0.003	0	0.003	0.003	530.92	186.513	373	749	
0.4	0.5	57	647	8	4	100	26899	100	26899	0.003	0	0.003	0.003	268.99	0.1	268	269	
0.4	0.5	41	648	11	4	90	20970	89	20737	0.003	0	0.003	0.003	233	0	233	233	
0.4	0.5	15	649	5	4	100	15700	100	15700	0.003	0	0.003	0.003	157	0	157	157	
0.4	0.5	51	650	3	4	100	45300	100	45300	0.003	0	0.003	0.003	453	0	453	453	
0.4	0.5	19	651	13	4	100	7699	100	7699	0.003	0	0.003	0.003	76.99	0.1	76	77	
0.4	0.5	51	652	5	4	99	23067	99	23067	0.00307071	0.000703526	0.003	0.01	233	0	233	233	
0.4	0.5	34	653	34	4	77	9625	78	9750	0.003	0	0.003	0.003	125	0	125	125	
0.4	0.5	13	654	6	4	100	25300	100	25300	0.003	0	0.003	0.003	253	0	253	253	
0.4	0.5	39	655	8	4	71	6887	70	6790	0.003	0	0.003	0.003	97	0	97	97	
0.4	0.5	36	656	4	4	100	59700	100	59700	0.003	0	0.003	0.003	597	0	597	597	
0.4	0.5	55	657	13	4	96	6432	96	6432	0.003	0	0.003	0.003	67	0	67	67	
0.4	0.5	8	658	13	4	100	28748	100	28748	0.003	0	0.003	0.003	287.48	67.6982	269	533	
0.4	0.5	50	659	3	4	93	14601	93	14601	0.00352688	0.00185678	0.003	0.01	157	0	157	157	
0.4	0.5	10	660	4	4	100	30900	100	30900	0.003	0	0.003	0.003	309	0	309	309	
0.4	0.5	43	661	12	4	100	37300	100	37300	0.003	0	0.003	0.003	373	0	373	373	
0.4	0.5	24	662	1	4	100	37300	100	37300	0.003	0	0.003	0.003	373	0	373	373	
0.4	0.5	24	663	19	4	100	6700	100	6700	0.003	0	0.003	0.003	67	0	67	67	
0.4	0.5	5	664	3	4	48	4656	49	4753	0.00371428	0.00214087	0.003	0.01	97	0	97	97	
0.4	0.5	5	665	43	4	50	18650	50	18650	0.003	0	0.003	0.003	373	0	373	373	
0.4	0.5	20	666	1	4	100	7470	100	7470	0.003	0	0.003	0.003	74.7	22.0126	67	137	
0.4	0.5	24	667	20	4	99	9603	99	9603	0.00307071	0.000703526	0.003	0.01	97	0	97	97	
0.4	0.5	5	668	2	4	49	4753	49	4753	0.003	0	0.003	0.003	97	0	97	97	
0.4	0.5	24	669	13	4	98	18914	98	18914	0.00314286	0.000994832	0.003	0.01	193	0	193	193	
0.4	0.5	1	670	2	4	87	20271	87	20271	0.00404598	0.00251002	0.003	0.01	233	0	233	233	
0.4	0.5	1	671	12	4	100	6700	100	6700	0.003	0	0.003	0.003	67	0	67	67	
0.4	0.5	5	672	52	4	49	7889	49	7889	0.00342857	0.00169558	0.003	0.01	161	0	161	161	
0.4	0.5	5	673	20	4	46	5750	46	5750	0.003	0	0.003	0.003	125	0	125	125	
0.4	0.5	6	674	12	4	99	22507	99	22507	0.00307071	0.000703526	0.003	0.01	227.343	14.0089	193	233	
0.4	0.5	20	675	10	4	99	7333	99	7333	0.00307071	0.000703526	0.003	0.01	74.0707	21.2013	67	137	
0.4	0.5	1	676	13	4	84	10500	85	10625	0.00415294	0.00261181	0.003	0.01	125	0	125	125	
0.4	0.5	5	677	15	4	47	4559	47	4559	0.003	0	0.003	0.003	97	0	97	97	
0.4	0.5	24	678	2	4	100	23300	100	23300	0.003	0	0.003	0.003	233	0	233	233	
0.4	0.5	1	679	8	4	100	26900	100	26900	0.003	0	0.003	0.003	269	0	269	269	
0.4	0.5	5	680	45	4	49	3773	49	3773	0.003	0	0.003	0.003	77	0	77	77	
0.4	0.5	5	681	12	4	48	3216	48	3216	0.0034375	0.00171236	0.003	0.01	67	0	67	67	
0.4	0.5	1	682	1	4	100	16100	100	16100	0.003	0	0.003	0.003	161	0	161	161	
0.4	0.5	1	683	16	4	100	26900	100	26900	0.003	0	0.003	0.003	269	0	269	269	
0.4	0.5	5	684	34	4	50	4850	49	4753	0.003	0	0.003	0.003	97	0	97	97	
0.4	0.5	1	685	21	4	72	8999	73	9124	0.00549315	0.00337525	0.003	0.01	124.986	0.117041	124	125	
0.4	0.5	43	686	5	4	100	7700	100	7700	0.003	0	0.003	0.003	77	0	77	77	
0.4	0.5	1	687	23	4	100	26900	100	26900	0.003	0	0.003	0.003	269	0	269	269	
0.4	0.5	43	688	3	4	100	19300	100	19300	0.003	0	0.003	0.003	193	0	193	193	
0.4	0.5	5	689	38	4	51	3417	51	3417	0.003	0	0.003	0.003	67	0	67	67	
0.4	0.5	24	690	7	4	100	9700	100	9700	0.003	0	0.003	0.003	97	0	97	97	
0.4	0.5	24	691	10	4	100	15300	100	15300	0.003	0	0.003	0.003	153	0	153	153	
0.4	0.5	5	692	6	4	49	6125	50	6250	0.003	0	0.003	0.003	125	0	125	125	
0.4	0.5	24	693	18	4	100	19300	100	19300	0.003	0	0.003	0.003	193	0	193	193	
0.4	0.5	5	694	29	4	50	3350	50	3350	0.003	0	0.003	0.003	67	0	67	67	
0.4	0.5	5	695	11	4	46	8878	46	8878	0.003	0	0.003	0.003	193	0	193	193	
0.4	0.5	5	696	1	4	48	7344	48	7344	0.003	0	0.003	0.003	153	0	153	153	
0.4	0.5	24	697	4	4	99	7623	99	7623	0.00307071	0.000703526	0.003	0.01	77	0	77	77	
0.4	0.5	5	698	51	4	41	3977	39	3783	0.00551282	0.00340179	0.003	0.01	97	0	97	97	
0.4	0.5	5	699	33	4	47	3149	47	3149	0.003	0	0.003	0.003	67	0	67	67	
0.4	0.5	5	700	31	4	49	9457	48	9264	0.003	0	0.003	0.003	193	0	193	193	
0.4	0.5	1	701	24	4	99	6633	99	6633	0.00307071	0.000703526	0.003	0.01	67	0	67	67	
0.4	0.5	24	702	9	4	100	37300	100	37300	0.003	0	0.003	0.003	373	0	373	373	
0.4	0.5	24	703	14	4	100	15300	100	15300	0.003	0	0.003	0.003	153	0	153	153	
0.4	0.5	5	704	8	4	44	3388	43	3311	0.00625581	0.00353279	0.003	0.01	77	0	77	77	
0.4	0.5	1	705	26	4	99	9603	99	9603	0.00307071	0.000703526	0.003	0.01	97	0	97	97	
0.4	0.5	25	706	5	4	100	25300	100	25300	0.003	0	0.003	0.003	253	0	253	253	
0.4	0.5	5	707	48	4	50	18650	50	18650	0.003	0	0.003	0.003	373	0	373	373	
0.4	0.5	6	708	1	4	100	15300	100	15300	0.003	0	0.003	0.003	153	0	153	153	
0.4	0.5	5	709	23	4	47	5875	47	5875	0.003	0	0.003	0.003	125	0	125	125	
0.4	0.5	6	710	13	4	100	9700	100	9700	0.003	0	0.003	0.003	97	0	97	97	
0.4	0.5	25	711	6	4	100	20100	100	20100	0.003	0	0.003	0.003	201	0	201	201	
0.4	0.5	1	712	27	4	70	6788	69	6691	0.00604348	0.00349552	0.003	0.01	96.971	0.240772	95	97	
0.4	0.5	23	713	8	4	100	13698	100	13698	0.003	0	0.003	0.003	136.98	0.2	135	137	
0.4	0.5	6	714	16	4	100	6700	100	6700	0.003	0	0.003	0.003	67	0	67	67	
0.4	0.5	5	715	53	4	48	7728	48	7728	0.003	0	0.003	0.003	161	0	161	161	
0.4	0.5	1	716	15	4	100	7700	100	7700	0.003	0	0.003	0.003	77	0	77	77	
0.4	0.5	43	717	7	4	100	16100	100	16100	0.003	0	0.003	0.003	161	0	161	161	
0.4	0.5	5	718	21	4	50	11650	50	11650	0.003	0	0.003	0.003	233	0	233	233	
0.4	0.5	43	719	9	4	100	9700	100	9700	0.003	0	0.003	0.003	97	0	97	97	
0.4	0.5	5	720	22	4	49	7889	49	7889	0.003	0	0.003	0.003	161	0	161	161	
0.4	0.5	5	721	27	4	48	4656	48	4656	0.003	0	0.003	0.003	97	0	97	97	
0.4	0.5	5	722	19	4	49	7497	49	7497	0.003	0	0.003	0.003	153	0	153	153	
0.4	0.5	1	723	25	4	100	7700	100	7700	0.003	0	0.003	0.003	77	0	77	77	
0.4	0.5	5	724	26	4	47	3149	47	3149	0.003	0	0.003	0.003	67	0	67	67	
0.4	0.5	1	725	9	4	90	14490	91	14651	0.00376923	0.0022014	0.003	0.01	161	0	161	161	
0.4	0.5	1	726	22	4	95	11875	95	11875	0.00336842	0.00157137	0.003	0.01	125	0	125	125	
0.4	0.5	5	727	39	4	47	17531	47	17531	0.003	0	0.003	0.003	373	0	373	373	
0.4	0.5	5	728	50	4	51	3417	51	3417	0.003	0	0.003	0.003	67	0	67	67	
0.4	0.5	1	729	7	4	100	6700	100	6700	0.003	0	0.003	0.003	67	0	67	67	
0.4	0.5	24	730	15	4	100	9698	100	9698	0.003	0	0.003	0.003	96.98	0.2	95	97	
0.4	0.5	5	731	28	4	47	7567	47	7567	0.003	0	0.003	0.003	161	0	161	161	
0.4	0.5	1	732	5	4	100	6700	100	6700	0.003	0	0.003	0.003	67	0	67	67	
0.4	0.5	5	733	13	4	48	6000	48	6000	0.003	0	0.003	0.003	125	0	125	125	
0.4	0.5	24	734	23	4	100	15300	100	15300	0.003	0	0.003	0.003	153	0	153	153	
0.4	0.5	5	735	4	4	47	2303	47	2303	0.003	0	0.003	0.003	49	0	49	49	
0.4	0.5	6	736	2	4	92	10212	93	10393	0.00360215	0.00197341	0.003	0.01	111.753	14.0555	97	125	
0.4	0.5	5	737	44	4	49	11417	49	11417	0.003	0	0.003	0.003	233	0	233	233	
0.4	0.5	5	738	16	4	50	3350	50	3350	0.003	0	0.003	0.003	67	0	67	67	
0.4	0.5	5	739	49	4	47	3149	47	3149	0.003	0	0.003	0.003	67	0	67	67	
0.4	0.5	1	740	3	4	94	9117	95	9214	0.0034421	0.00171176	0.003	0.01	96.9895	0.102598	96	97	
0.4	0.5	5	741	9	4	49	7497	49	7497	0.003	0	0.003	0.003	153	0	153	153	
0.4	0.5	1	742	20	4	100	6700	100	6700	0.003	0	0.003	0.003	67	0	67	67	
0.4	0.5	1	743	11	4	100	12500	100	12500	0.003	0	0.003	0.003	125	0	125	125	
0.4	0.5	5	744	5	4	49	4753	49	4753	0.003	0	0.003	0.003	97	0	97	97	
0.4	0.5	5	745	10	4	49	11417	49	11417	0.003	0	0.003	0.003	233	0	233	233	
0.4	0.5	5	746	32	4	50	6250	50	6250	0.003	0	0.003	0.003	125	0	125	125	
0.4	0.5	24	747	16	4	100	37300	100	37300	0.003	0	0.003	0.003	373	0	373	373	
0.4	0.5	5	748	42	4	47	7191	47	7191	0.003	0	0.003	0.003	153	0	153	153	
0.4	0.5	5	749	47	4	50	6250	50	6250	0.00328	0.00138564	0.003	0.01	125	0	125	125	
0.4	0.5	5	750	24	4	44	7084	44	7084	0.00713636	0.00348145	0.003	0.01	161	0	161	161	
