% start	end	CellId	IMSI	RNTI	LCID	nTxPDUs	TxBytes	nRxPDUs	RxBytes	delay	stdDev	min	max	PduSize	stdDev	min	max
0.4	0.5	49	1	5	4	100	15956	100	15828	0.003	0	0.003	0.003	158.28	56.428	125	253	
0.4	0.5	34	2	12	4	100	6700	100	6700	0.003	0	0.003	0.003	67	0	67	67	
0.4	0.5	4	3	8	4	100	30900	100	30900	0.003	0	0.003	0.003	309	0	309	309	
0.4	0.5	19	4	8	4	100	25300	100	25300	0.003	0	0.003	0.003	253	0	253	253	
0.4	0.5	55	5	17	4	100	6700	100	6700	0.003	0	0.003	0.003	67	0	67	67	
0.4	0.5	14	6	9	4	66	9682	68	9996	0.0065	0.00352602	0.003	0.01	147	10.0744	137	157	
0.4	0.5	2	7	1	4	100	26899	100	26899	0.003	0	0.003	0.003	268.99	0.1	268	269	
0.4	0.5	47	8	8	4	50	3849	51	3926	0.01	0	0.01	0.01	76.9804	0.140028	76	77	
0.4	0.5	41	9	42	4	68	8500	69	8625	0.003	0	0.003	0.003	125	0	125	125	
0.4	0.5	11	10	2	4	100	20100	100	20100	0.003	0	0.003	0.003	201	0	201	201	
0.4	0.5	2	11	8	4	100	4900	100	4900	0.003	0	0.003	0.003	49	0	49	49	
0.4	0.5	37	12	12	4	74	2368	75	2400	0.00309333	0.00080829	0.003	0.01	32	0	32	32	
0.4	0.5	15	13	11	4	100	34864	100	34864	0.003	0	0.003	0.003	348.64	118.571	233	469	
0.4	0.5	16	14	8	4	100	32052	100	32052	0.003	0	0.003	0.003	320.52	39.263	309	453	
0.4	0.5	49	15	3	4	87	38091	86	37342	0.00405814	0.00252216	0.003	0.01	434.209	139.624	373	749	
0.4	0.5	2	16	7	4	100	4900	100	4900	0.003	0	0.003	0.003	49	0	49	49	
0.4	0.5	26	17	2	4	89	68391	89	68045	0.00386517	0.00231689	0.003	0.01	764.551	72.0907	749	1095	
0.4	0.5	36	18	6	4	100	41204	100	41204	0.003	0	0.003	0.003	412.04	30.8748	389	453	
0.4	0.5	33	19	7	4	100	45300	100	45300	0.003	0	0.003	0.003	453	0	453	453	
0.4	0.5	39	20	43	4	71	3479	70	3430	0.003	0	0.003	0.003	49	0	49	49	
0.4	0.5	22	21	11	4	100	38428	100	38428	0.003	0	0.003	0.003	384.28	64.4639	373	749	
0.4	0.5	15	22	7	4	99	14595	99	14595	0.00307071	0.000703526	0.003	0.01	147.424	52.2406	97	201	
0.4	0.5	14	23	6	4	100	44020	100	44020	0.003	0	0.003	0.003	440.2	38.5935	389	469	
0.4	0.5	11	24	5	4	95	17114	95	17114	0.00336842	0.00157137	0.003	0.01	180.147	22.0974	156	201	
0.4	0.5	31	25	4	4	100	42436	100	42644	0.003	0	0.003	0.003	426.44	80.3136	389	597	
0.4	0.5	41	26	30	4	63	4851	63	4851	0.00333333	0.00150269	0.003	0.01	77	0	77	77	
0.4	0.5	41	27	27	4	64	9792	64	9792	0.003	0	0.003	0.003	153	0	153	153	
0.4	0.5	37	28	2	4	76	3724	76	3724	0.003	0	0.003	0.003	49	0	49	49	
0.4	0.5	10	29	9	4	86	8202	84	8008	0.00425	0.00269705	0.003	0.01	95.3333	5.56091	77	97	
0.4	0.5	13	30	2	4	100	12499	100	12499	0.003	0	0.003	0.003	124.99	0.1	124	125	
0.4	0.5	10	31	10	4	89	14073	90	14234	0.00385555	0.00230564	0.003	0.01	158.156	3.8509	153	161	
0.4	0.5	4	32	9	4	100	46900	100	46900	0.003	0	0.003	0.003	469	0	469	469	
0.4	0.5	23	33	1	4	100	25300	100	25300	0.003	0	0.003	0.003	253	0	253	253	
0.4	0.5	49	34	7	4	100	15956	100	15828	0.003	0	0.003	0.003	158.28	56.428	125	253	
0.4	0.5	41	35	34	4	63	2016	63	2016	0.003	0	0.003	0.003	32	0	32	32	
0.4	0.5	41	36	23	4	65	15145	65	15145	0.00310769	0.000868243	0.003	0.01	233	0	233	233	
0.4	0.5	11	37	3	4	100	74900	100	74900	0.003	0	0.003	0.003	749	0	749	749	
0.4	0.5	33	38	2	4	100	30100	100	30100	0.003	0	0.003	0.003	301	0	301	301	
0.4	0.5	41	39	40	4	64	8000	65	8125	0.00310769	0.000868243	0.003	0.01	125	0	125	125	
0.4	0.5	8	40	4	4	100	38898	100	38898	0.003	0	0.003	0.003	388.98	0.2	387	389	
0.4	0.5	22	41	1	4	100	16591	100	16591	0.003	0	0.003	0.003	165.91	28.1192	160	325	
0.4	0.5	9	42	2	4	100	16098	100	16098	0.003	0	0.003	0.003	160.98	0.2	159	161	
0.4	0.5	34	43	16	4	100	6268	100	6286	0.003	0	0.003	0.003	62.86	7.61315	49	67	
0.4	0.5	6	44	1	4	100	25300	100	25300	0.003	0	0.003	0.003	253	0	253	253	
0.4	0.5	55	45	14	4	100	9699	100	9699	0.003	0	0.003	0.003	96.99	0.1	96	97	
0.4	0.5	39	46	42	4	72	26854	71	26481	0.003	0	0.003	0.003	372.972	0.166633	372	373	
0.4	0.5	28	47	5	4	92	43404	92	43404	0.00360869	0.00198321	0.003	0.01	471.783	49.4497	389	501	
0.4	0.5	41	48	10	4	64	2047	63	2015	0.003	0	0.003	0.003	31.9841	0.125988	31	32	
0.4	0.5	13	49	4	4	100	12500	100	12500	0.003	0	0.003	0.003	125	0	125	125	
0.4	0.5	21	50	9	4	100	12500	100	12500	0.003	0	0.003	0.003	125	0	125	125	
0.4	0.5	34	51	7	4	100	12500	100	12500	0.003	0	0.003	0.003	125	0	125	125	
0.4	0.5	45	52	9	4	70	8908	72	9206	0.00591667	0.00347526	0.003	0.01	127.861	47.8505	77	201	
0.4	0.5	18	53	7	4	100	26899	100	26899	0.003	0	0.003	0.003	268.99	0.1	268	269	
0.4	0.5	47	54	12	4	99	10663	99	10743	0.00307071	0.000703526	0.003	0.01	108.515	39.2887	77	157	
0.4	0.5	21	55	12	4	100	9698	100	9698	0.003	0	0.003	0.003	96.98	0.2	95	97	
0.4	0.5	9	56	12	4	100	16100	100	16100	0.003	0	0.003	0.003	161	0	161	161	
0.4	0.5	6	57	2	4	100	15700	100	15700	0.003	0	0.003	0.003	157	0	157	157	
0.4	0.5	49	58	11	4	83	7191	85	7345	0.00431765	0.00275254	0.003	0.01	86.4118	25.9281	77	157	
0.4	0.5	13	59	12	4	99	12375	99	12375	0.00307071	0.000703526	0.003	0.01	125	0	125	125	
0.4	0.5	39	60	32	4	70	6789	71	6886	0.003	0	0.003	0.003	96.9859	0.118678	96	97	
0.4	0.5	26	61	7	4	95	72885	95	72885	0.00329474	0.00141326	0.003	0.01	767.211	77.6706	749	1095	
0.4	0.5	45	62	8	4	100	23100	100	23100	0.003	0	0.003	0.003	231	78.3929	153	309	
0.4	0.5	38	63	1	4	72	7203	71	7046	0.00576056	0.00344535	0.003	0.01	99.2394	35.5136	67	157	
0.4	0.5	31	64	8	4	100	21800	100	21900	0.003	0	0.003	0.003	219	38.6123	201	301	
0.4	0.5	17	65	6	4	100	15700	100	15700	0.003	0	0.003	0.003	157	0	157	157	
0.4	0.5	54	66	5	4	95	14913	95	14913	0.00336842	0.00157137	0.003	0.01	156.979	0.205196	155	157	
0.4	0.5	29	67	6	4	100	105665	100	105743	0.003	0	0.003	0.003	1057.43	7.13117	1056	1095	
0.4	0.5	41	68	35	4	65	8125	66	8250	0.00321212	0.00120913	0.003	0.01	125	0	125	125	
0.4	0.5	28	69	2	4	100	50100	100	50100	0.003	0	0.003	0.003	501	0	501	501	
0.4	0.5	8	70	7	4	100	38899	100	38899	0.003	0	0.003	0.003	388.99	0.1	388	389	
0.4	0.5	2	71	13	4	99	12374	100	12499	0.00307	0.0007	0.003	0.01	124.99	0.1	124	125	
0.4	0.5	22	72	9	4	100	38428	100	38428	0.003	0	0.003	0.003	384.28	64.4639	373	749	
0.4	0.5	49	73	13	4	100	8590	100	8520	0.003	0	0.003	0.003	85.2	30.8591	67	137	
0.4	0.5	13	74	10	4	100	19299	100	19299	0.003	0	0.003	0.003	192.99	0.1	192	193	
0.4	0.5	39	75	3	4	72	1584	71	1562	0.003	0	0.003	0.003	22	0	22	22	
0.4	0.5	39	76	30	4	68	6596	67	6499	0.00331343	0.00145861	0.003	0.01	97	0	97	97	
0.4	0.5	55	77	4	4	100	6700	100	6700	0.003	0	0.003	0.003	67	0	67	67	
0.4	0.5	39	78	5	4	59	4543	57	4389	0.0047193	0.00303994	0.003	0.01	77	0	77	77	
0.4	0.5	51	79	1	4	100	51700	100	51700	0.003	0	0.003	0.003	517	0	517	517	
0.4	0.5	55	80	18	4	100	22139	100	22099	0.003	0	0.003	0.003	220.99	18.4383	192	233	
0.4	0.5	39	81	11	4	71	8875	70	8750	0.003	0	0.003	0.003	125	0	125	125	
0.4	0.5	19	82	3	4	100	32498	100	32498	0.003	0	0.003	0.003	324.98	0.2	323	325	
0.4	0.5	26	83	4	4	100	26660	100	26524	0.003	0	0.003	0.003	265.24	39.1168	253	389	
0.4	0.5	32	84	1	4	100	105600	100	105600	0.003	0	0.003	0.003	1056	0	1056	1056	
0.4	0.5	43	85	11	4	100	13444	100	13480	0.003	0	0.003	0.003	134.8	8.58705	101	137	
0.4	0.5	48	86	6	4	100	28020	100	28020	0.003	0	0.003	0.003	280.2	54.6741	253	389	
0.4	0.5	30	87	4	4	100	26900	100	26900	0.003	0	0.003	0.003	269	0	269	269	
0.4	0.5	50	88	7	4	100	38900	100	38900	0.003	0	0.003	0.003	389	0	389	389	
0.4	0.5	41	89	20	4	65	2080	64	2048	0.003	0	0.003	0.003	32	0	32	32	
0.4	0.5	1	90	4	4	64	23869	63	23497	0.003	0	0.003	0.003	372.968	0.251976	371	373	
0.4	0.5	39	91	38	4	66	15018	66	15018	0.00363636	0.00202778	0.003	0.01	227.545	13.8322	193	233	
0.4	0.5	49	92	10	4	100	34028	100	33764	0.003	0	0.003	0.003	337.64	116.383	269	533	
0.4	0.5	57	93	3	4	100	105600	100	105600	0.003	0	0.003	0.003	1056	0	1056	1056	
0.4	0.5	50	94	5	4	100	25300	100	25300	0.003	0	0.003	0.003	253	0	253	253	
0.4	0.5	7	95	7	4	100	59028	100	59028	0.003	0	0.003	0.003	590.28	26.7325	485	597	
0.4	0.5	9	96	5	4	100	27668	100	27668	0.003	0	0.003	0.003	276.68	13.7355	269	301	
0.4	0.5	20	97	4	4	100	64500	100	64500	0.003	0	0.003	0.003	645	0	645	645	
0.4	0.5	56	98	2	4	100	105600	100	105600	0.003	0	0.003	0.003	1056	0	1056	1056	
0.4	0.5	55	99	1	4	78	29094	80	29840	0.0050125	0.00318817	0.003	0.01	373	0	373	373	
0.4	0.5	14	100	11	4	98	17892	98	17892	0.00314286	0.000994832	0.003	0.01	182.571	21.8415	155	201	
0.4	0.5	23	101	7	4	100	30899	100	30899	0.003	0	0.003	0.003	308.99	0.1	308	309	
0.4	0.5	4	102	11	4	100	74900	100	74900	0.003	0	0.003	0.003	749	0	749	749	
0.4	0.5	39	103	14	4	53	6149	52	6024	0.00542308	0.00336269	0.003	0.01	115.846	13.2626	97	125	
0.4	0.5	9	104	4	4	100	6700	100	6700	0.003	0	0.003	0.003	67	0	67	67	
0.4	0.5	18	105	6	4	100	6700	100	6700	0.003	0	0.003	0.003	67	0	67	67	
0.4	0.5	55	106	7	4	100	9700	100	9700	0.003	0	0.003	0.003	97	0	97	97	
0.4	0.5	16	107	2	4	99	16075	99	16075	0.00307071	0.000703526	0.003	0.01	162.374	19.5806	157	233	
0.4	0.5	23	108	3	4	51	19839	51	19839	0.01	0	0.01	0.01	389	0	389	389	
0.4	0.5	37	109	17	4	74	27602	75	27975	0.00318667	0.00113535	0.003	0.01	373	0	373	373	
0.4	0.5	42	110	11	4	100	19300	100	19300	0.003	0	0.003	0.003	193	0	193	193	
0.4	0.5	15	111	2	4	100	14796	100	14796	0.003	0	0.003	0.003	147.96	52.2515	97	201	
0.4	0.5	43	112	5	4	100	32498	100	32498	0.003	0	0.003	0.003	324.98	0.2	323	325	
0.4	0.5	24	113	4	4	100	23300	100	23300	0.003	0	0.003	0.003	233	0	233	233	
0.4	0.5	13	114	9	4	100	37300	100	37300	0.003	0	0.003	0.003	373	0	373	373	
0.4	0.5	1	115	26	4	62	7750	62	7750	0.003	0	0.003	0.003	125	0	125	125	
0.4	0.5	36	116	7	4	49	29253	50	29850	0.01	0	0.01	0.01	597	0	597	597	
0.4	0.5	18	117	2	4	99	36927	99	36927	0.00314141	0.000989847	0.003	0.01	373	0	373	373	
0.4	0.5	42	118	5	4	98	9505	98	9505	0.00314286	0.000994832	0.003	0.01	96.9898	0.101015	96	97	
0.4	0.5	19	119	6	4	100	46900	100	46900	0.003	0	0.003	0.003	469	0	469	469	
0.4	0.5	2	120	4	4	100	15300	100	15300	0.003	0	0.003	0.003	153	0	153	153	
0.4	0.5	10	121	13	4	100	16264	100	16264	0.003	0	0.003	0.003	162.64	16.4	161	325	
0.4	0.5	47	122	13	4	93	12557	93	12661	0.00352688	0.00185678	0.003	0.01	136.14	50.6578	97	201	
0.4	0.5	22	123	5	4	100	27692	100	27692	0.003	0	0.003	0.003	276.92	45.2619	269	533	
0.4	0.5	52	124	28	4	84	5628	84	5628	0.003	0	0.003	0.003	67	0	67	67	
0.4	0.5	43	125	3	4	100	38900	100	38900	0.003	0	0.003	0.003	389	0	389	389	
0.4	0.5	45	126	1	4	53	5641	53	5537	0.00920755	0.00223915	0.003	0.01	104.472	27.9784	77	201	
0.4	0.5	10	127	12	4	99	16517	99	16517	0.00307071	0.000703526	0.003	0.01	166.838	19.3879	159	325	
0.4	0.5	10	128	3	4	100	27164	100	27164	0.003	0	0.003	0.003	271.64	26.4	269	533	
0.4	0.5	45	129	4	4	100	35099	100	35099	0.003	0	0.003	0.003	350.99	118.584	233	469	
0.4	0.5	53	130	1	4	100	20100	100	20100	0.003	0	0.003	0.003	201	0	201	201	
0.4	0.5	57	131	5	4	100	34900	100	34900	0.003	0	0.003	0.003	349	0	349	349	
0.4	0.5	55	132	2	4	98	4700	98	4700	0.00314286	0.000994832	0.003	0.01	47.9592	4.09656	32	49	
0.4	0.5	41	133	24	4	65	5005	66	5080	0.003	0	0.003	0.003	76.9697	0.246183	75	77	
0.4	0.5	53	134	7	4	100	23428	100	23428	0.003	0	0.003	0.003	234.28	25.0857	201	253	
0.4	0.5	30	135	10	4	100	7700	100	7700	0.003	0	0.003	0.003	77	0	77	77	
0.4	0.5	11	136	9	4	100	25300	100	25300	0.003	0	0.003	0.003	253	0	253	253	
0.4	0.5	4	137	4	4	100	46900	100	46900	0.003	0	0.003	0.003	469	0	469	469	
0.4	0.5	40	138	2	4	100	59699	100	59699	0.003	0	0.003	0.003	596.99	0.1	596	597	
0.4	0.5	34	139	1	4	99	21427	99	21427	0.00307071	0.000703526	0.003	0.01	216.434	19.8032	193	233	
0.4	0.5	34	140	5	4	100	6700	100	6700	0.003	0	0.003	0.003	67	0	67	67	
0.4	0.5	50	141	2	4	87	22009	87	22009	0.00404598	0.00251002	0.003	0.01	252.977	0.214423	251	253	
0.4	0.5	30	142	5	4	100	6700	100	6700	0.003	0	0.003	0.003	67	0	67	67	
0.4	0.5	34	143	13	4	97	7467	97	7467	0.00321649	0.00121815	0.003	0.01	76.9794	0.203069	75	77	
0.4	0.5	7	144	8	4	100	23300	100	23300	0.003	0	0.003	0.003	233	0	233	233	
0.4	0.5	42	145	6	4	87	6699	87	6699	0.00404598	0.00251002	0.003	0.01	77	0	77	77	
0.4	0.5	54	146	11	4	100	53300	100	53300	0.003	0	0.003	0.003	533	0	533	533	
0.4	0.5	6	147	10	4	100	25300	100	25300	0.003	0	0.003	0.003	253	0	253	253	
0.4	0.5	23	148	10	4	52	38948	52	38948	0.00959615	0.00164805	0.003	0.01	749	0	749	749	
0.4	0.5	49	149	8	4	100	8587	100	8517	0.003	0	0.003	0.003	85.17	30.8778	65	137	
0.4	0.5	7	150	2	4	100	45300	100	45300	0.003	0	0.003	0.003	453	0	453	453	
0.4	0.5	47	151	4	4	65	6445	65	6365	0.00687692	0.00350672	0.003	0.01	97.9231	35.4314	77	157	
0.4	0.5	4	152	1	4	100	46900	100	46900	0.003	0	0.003	0.003	469	0	469	469	
0.4	0.5	39	153	1	4	72	2303	71	2271	0.003	0	0.003	0.003	31.9859	0.118678	31	32	
0.4	0.5	8	154	1	4	100	25299	100	25299	0.003	0	0.003	0.003	252.99	0.1	252	253	
0.4	0.5	10	155	14	4	96	6500	96	6500	0.00336458	0.00156353	0.003	0.01	67.7083	7.14941	65	137	
0.4	0.5	55	156	10	4	100	19299	100	19299	0.003	0	0.003	0.003	192.99	0.1	192	193	
0.4	0.5	49	157	1	4	100	8590	100	8520	0.003	0	0.003	0.003	85.2	30.8591	67	137	
0.4	0.5	21	158	14	4	100	15300	100	15300	0.003	0	0.003	0.003	153	0	153	153	
0.4	0.5	29	159	2	4	86	24390	86	24390	0.00405814	0.00252216	0.003	0.01	283.605	29.8436	233	301	
0.4	0.5	52	160	10	4	86	2752	85	2720	0.003	0	0.003	0.003	32	0	32	32	
0.4	0.5	50	161	9	4	51	10251	49	9849	0.01	0	0.01	0.01	201	0	201	201	
0.4	0.5	19	162	9	4	100	74900	100	74900	0.003	0	0.003	0.003	749	0	749	749	
0.4	0.5	13	163	14	4	99	15147	99	15147	0.00307071	0.000703526	0.003	0.01	153	0	153	153	
0.4	0.5	41	164	28	4	64	3136	63	3087	0.003	0	0.003	0.003	49	0	49	49	
0.4	0.5	55	165	8	4	100	12500	100	12500	0.003	0	0.003	0.003	125	0	125	125	
0.4	0.5	53	166	9	4	100	25300	100	25300	0.003	0	0.003	0.003	253	0	253	253	
0.4	0.5	23	167	6	4	100	25300	100	25300	0.003	0	0.003	0.003	253	0	253	253	
0.4	0.5	14	168	8	4	67	10079	67	10079	0.00644776	0.00352602	0.003	0.01	150.433	9.4632	137	157	
0.4	0.5	56	169	3	4	97	105606	97	105606	0.00321649	0.00121815	0.003	0.01	1088.72	142.639	1056	1836	
0.4	0.5	21	170	4	4	100	15300	100	15300	0.003	0	0.003	0.003	153	0	153	153	
0.4	0.5	20	171	1	4	92	59339	92	59339	0.00360869	0.00198321	0.003	0.01	644.989	0.104257	644	645	
0.4	0.5	1	172	27	4	64	4288	64	4288	0.003	0	0.003	0.003	67	0	67	67	
0.4	0.5	17	173	2	4	56	13208	52	12388	0.00892308	0.00255025	0.003	0.01	238.231	34.9748	157	253	
0.4	0.5	47	174	1	4	75	14647	77	14797	0.00527273	0.00329927	0.003	0.01	192.169	70.2427	125	309	
0.4	0.5	42	175	15	4	71	11383	71	11391	0.00585915	0.00346532	0.003	0.01	160.437	2.06143	153	161	
0.4	0.5	37	176	11	4	53	5141	54	5238	0.00637037	0.00353044	0.003	0.01	97	0	97	97	
0.4	0.5	51	177	5	4	100	64500	100	64500	0.003	0	0.003	0.003	645	0	645	645	
0.4	0.5	14	178	10	4	98	18113	98	18113	0.00314286	0.000994832	0.003	0.01	184.827	21.3344	156	201	
0.4	0.5	54	179	1	4	87	16475	88	16676	0.00403409	0.00249804	0.003	0.01	189.5	19.4434	157	201	
0.4	0.5	11	180	10	4	100	53300	100	53300	0.003	0	0.003	0.003	533	0	533	533	
0.4	0.5	50	181	10	4	100	32500	100	32500	0.003	0	0.003	0.003	325	0	325	325	
0.4	0.5	1	182	25	4	62	7750	62	7750	0.003	0	0.003	0.003	125	0	125	125	
0.4	0.5	5	183	3	4	51	6375	51	6375	0.003	0	0.003	0.003	125	0	125	125	
0.4	0.5	23	184	8	4	100	24052	100	24052	0.003	0	0.003	0.003	240.52	22.3202	201	253	
0.4	0.5	54	185	2	4	84	15916	83	15715	0.00443373	0.00284216	0.003	0.01	189.337	19.5381	157	201	
0.4	0.5	23	186	9	4	100	30900	100	30900	0.003	0	0.003	0.003	309	0	309	309	
0.4	0.5	41	187	7	4	65	4355	64	4288	0.00398437	0.00245268	0.003	0.01	67	0	67	67	
0.4	0.5	1	188	2	4	63	7875	62	7750	0.003	0	0.003	0.003	125	0	125	125	
0.4	0.5	29	189	4	4	99	23067	99	23067	0.00307071	0.000703526	0.003	0.01	233	0	233	233	
0.4	0.5	37	190	4	4	77	28721	77	28721	0.003	0	0.003	0.003	373	0	373	373	
0.4	0.5	19	191	10	4	100	74900	100	74900	0.003	0	0.003	0.003	749	0	749	749	
0.4	0.5	48	192	9	4	100	28020	100	28020	0.003	0	0.003	0.003	280.2	54.6741	253	389	
0.4	0.5	34	193	18	4	100	23220	100	23220	0.003	0	0.003	0.003	232.2	5.62821	193	233	
0.4	0.5	54	194	6	4	100	13700	100	13700	0.003	0	0.003	0.003	137	0	137	137	
0.4	0.5	27	195	8	4	100	13700	100	13700	0.003	0	0.003	0.003	137	0	137	137	
0.4	0.5	22	196	13	4	100	16592	100	16592	0.003	0	0.003	0.003	165.92	28.1172	161	325	
0.4	0.5	19	197	11	4	86	13442	86	13462	0.00413953	0.00259938	0.003	0.01	156.535	3.03198	137	157	
0.4	0.5	27	198	1	4	100	30004	100	30004	0.003	0	0.003	0.003	300.04	20.6334	253	309	
0.4	0.5	10	199	6	4	68	5236	68	5236	0.00629412	0.00351992	0.003	0.01	77	0	77	77	
0.4	0.5	52	200	9	4	85	13685	85	13685	0.003	0	0.003	0.003	161	0	161	161	
0.4	0.5	39	201	7	4	68	3331	67	3282	0.00341791	0.00167105	0.003	0.01	48.9851	0.122169	48	49	
0.4	0.5	42	202	14	4	100	7700	100	7700	0.003	0	0.003	0.003	77	0	77	77	
0.4	0.5	18	203	1	4	100	6700	100	6700	0.003	0	0.003	0.003	67	0	67	67	
0.4	0.5	7	204	4	4	100	48500	100	48500	0.003	0	0.003	0.003	485	0	485	485	
0.4	0.5	39	205	39	4	72	9000	72	9000	0.003	0	0.003	0.003	125	0	125	125	
0.4	0.5	25	206	3	4	100	15699	100	15699	0.003	0	0.003	0.003	156.99	0.1	156	157	
0.4	0.5	48	207	5	4	100	22100	100	22100	0.003	0	0.003	0.003	221	40.2015	201	301	
0.4	0.5	14	208	3	4	98	19390	99	19591	0.00314141	0.000989847	0.003	0.01	197.889	11.3361	157	201	
0.4	0.5	49	209	4	4	100	47452	100	47076	0.003	0	0.003	0.003	470.76	165.757	373	749	
0.4	0.5	1	210	15	4	61	2989	61	2989	0.003	0	0.003	0.003	49	0	49	49	
0.4	0.5	39	211	4	4	71	5467	71	5467	0.003	0	0.003	0.003	77	0	77	77	
0.4	0.5	41	212	31	4	65	6305	65	6305	0.00321538	0.00121825	0.003	0.01	97	0	97	97	
0.4	0.5	55	213	9	4	92	34316	92	34316	0.00360869	0.00198321	0.003	0.01	373	0	373	373	
0.4	0.5	50	214	8	4	54	16974	52	16468	0.00919231	0.00225822	0.003	0.01	316.692	23.2274	253	325	
0.4	0.5	14	215	1	4	100	13700	100	13700	0.003	0	0.003	0.003	137	0	137	137	
0.4	0.5	43	216	1	4	65	20805	65	20821	0.00666154	0.00352348	0.003	0.01	320.323	7.3338	309	325	
0.4	0.5	37	217	30	4	75	7275	73	7081	0.00309589	0.000819288	0.003	0.01	97	0	97	97	
0.4	0.5	50	218	4	4	95	30555	96	30912	0.00336458	0.00156353	0.003	0.01	322	6.27778	309	325	
0.4	0.5	9	219	6	4	100	26900	100	26900	0.003	0	0.003	0.003	269	0	269	269	
0.4	0.5	21	220	8	4	91	33943	91	33943	0.00376923	0.0022014	0.003	0.01	373	0	373	373	
0.4	0.5	41	221	1	4	65	2079	66	2111	0.003	0	0.003	0.003	31.9848	0.123091	31	32	
0.4	0.5	52	222	18	4	83	12955	83	12963	0.003	0	0.003	0.003	156.181	3.939	153	161	
0.4	0.5	22	223	6	4	53	6541	51	6291	0.00958823	0.00166345	0.003	0.01	123.353	6.65379	97	125	
0.4	0.5	42	224	18	4	98	22834	98	22834	0.00314286	0.000994832	0.003	0.01	233	0	233	233	
0.4	0.5	21	225	7	4	100	12498	100	12498	0.003	0	0.003	0.003	124.98	0.2	123	125	
0.4	0.5	2	226	3	4	100	23300	100	23300	0.003	0	0.003	0.003	233	0	233	233	
0.4	0.5	22	227	12	4	96	18564	96	18564	0.00329167	0.00140613	0.003	0.01	193.375	14.6835	161	325	
0.4	0.5	45	228	6	4	90	8880	90	8880	0.00377778	0.00221221	0.003	0.01	98.6667	34.8973	49	137	
0.4	0.5	47	229	10	4	93	9721	93	9801	0.00352688	0.00185678	0.003	0.01	105.387	38.4846	77	157	
0.4	0.5	42	230	10	4	50	3850	51	3927	0.01	0	0.01	0.01	77	0	77	77	
0.4	0.5	52	231	25	4	80	5650	81	5717	0.00360494	0.00197913	0.003	0.01	70.5802	4.82407	67	77	
0.4	0.5	11	232	6	4	98	15386	98	15386	0.00314286	0.000994832	0.003	0.01	157	0	157	157	
0.4	0.5	41	233	5	4	66	10098	67	10251	0.003	0	0.003	0.003	153	0	153	153	
0.4	0.5	26	234	6	4	100	26660	100	26524	0.003	0	0.003	0.003	265.24	39.1168	253	389	
0.4	0.5	7	235	6	4	100	59698	100	59698	0.003	0	0.003	0.003	596.98	0.2	595	597	
0.4	0.5	54	236	3	4	100	74900	100	74900	0.003	0	0.003	0.003	749	0	749	749	
0.4	0.5	10	237	7	4	100	4952	100	4952	0.003	0	0.003	0.003	49.52	5.2	49	101	
0.4	0.5	8	238	3	4	51	16575	49	15925	0.01	0	0.01	0.01	325	0	325	325	
0.4	0.5	9	239	7	4	56	5352	54	5118	0.00883333	0.00263324	0.003	0.01	94.7778	6.34441	77	97	
0.4	0.5	37	240	10	4	75	5025	75	5025	0.003	0	0.003	0.003	67	0	67	67	
0.4	0.5	18	241	15	4	77	12397	76	12236	0.00521053	0.00327543	0.003	0.01	161	0	161	161	
0.4	0.5	6	242	8	4	100	53298	100	53298	0.003	0	0.003	0.003	532.98	0.2	531	533	
0.4	0.5	51	243	3	4	100	27698	100	27698	0.003	0	0.003	0.003	276.98	0.2	275	277	
0.4	0.5	36	244	5	4	100	20898	100	20898	0.003	0	0.003	0.003	208.98	0.2	207	209	
0.4	0.5	3	245	3	4	100	23300	100	23300	0.003	0	0.003	0.003	233	0	233	233	
0.4	0.5	34	246	20	4	100	26900	100	26900	0.003	0	0.003	0.003	269	0	269	269	
0.4	0.5	30	247	6	4	86	6622	87	6699	0.00412644	0.00258711	0.003	0.01	77	0	77	77	
0.4	0.5	12	248	3	4	76	72468	76	72852	0.00530263	0.00331067	0.003	0.01	958.579	78.7951	807	999	
0.4	0.5	37	249	26	4	74	11914	73	11753	0.00319178	0.00115057	0.003	0.01	161	0	161	161	
0.4	0.5	55	250	6	4	100	12500	100	12500	0.003	0	0.003	0.003	125	0	125	125	
0.4	0.5	24	251	18	4	98	12250	98	12250	0.00314286	0.000994832	0.003	0.01	125	0	125	125	
0.4	0.5	55	252	16	4	68	9704	68	9704	0.00639706	0.0035245	0.003	0.01	142.706	13.601	125	153	
0.4	0.5	14	253	4	4	100	32148	100	32148	0.003	0	0.003	0.003	321.48	6.66133	309	325	
0.4	0.5	16	254	6	4	100	38532	100	38532	0.003	0	0.003	0.003	385.32	52.0999	325	597	
0.4	0.5	52	255	4	4	77	5699	78	5776	0.00398718	0.00245211	0.003	0.01	74.0513	4.58936	67	77	
0.4	0.5	2	256	12	4	90	6929	90	6929	0.00377778	0.00221221	0.003	0.01	76.9889	0.105409	76	77	
0.4	0.5	40	257	7	4	100	23300	100	23300	0.003	0	0.003	0.003	233	0	233	233	
0.4	0.5	26	258	8	4	52	13104	53	13357	0.00933962	0.00206568	0.003	0.01	252.019	7.14275	201	253	
0.4	0.5	1	259	45	4	62	9982	61	9821	0.00311475	0.000896258	0.003	0.01	161	0	161	161	
0.4	0.5	52	260	15	4	86	4214	86	4214	0.003	0	0.003	0.003	49	0	49	49	
0.4	0.5	53	261	5	4	100	46900	100	46900	0.003	0	0.003	0.003	469	0	469	469	
0.4	0.5	42	262	2	4	100	4900	100	4900	0.003	0	0.003	0.003	49	0	49	49	
0.4	0.5	51	263	2	4	91	28367	89	27733	0.00370786	0.0021224	0.003	0.01	311.607	13.7391	277	317	
0.4	0.5	12	264	2	4	100	105600	100	105600	0.003	0	0.003	0.003	1056	0	1056	1056	
0.4	0.5	21	265	15	4	84	6467	84	6467	0.00433333	0.00276525	0.003	0.01	76.9881	0.109109	76	77	
0.4	0.5	22	266	3	4	99	15459	99	15459	0.00307071	0.000703526	0.003	0.01	156.152	22.0595	153	309	
0.4	0.5	2	267	9	4	91	11373	91	11373	0.00361538	0.00199315	0.003	0.01	124.978	0.209657	123	125	
0.4	0.5	1	268	39	4	65	8125	66	8250	0.003	0	0.003	0.003	125	0	125	125	
0.4	0.5	34	269	19	4	100	23300	100	23300	0.003	0	0.003	0.003	233	0	233	233	
0.4	0.5	24	270	1	4	95	11595	95	11595	0.00329474	0.00141326	0.003	0.01	122.053	8.63857	97	125	
0.4	0.5	31	271	5	4	83	28575	83	28735	0.00443373	0.00284216	0.003	0.01	346.205	54.5804	325	485	
0.4	0.5	9	272	3	4	99	28103	99	28103	0.00307071	0.000703526	0.003	0.01	283.869	16.0412	269	301	
0.4	0.5	13	273	6	4	78	6006	80	6160	0.004925	0.00314532	0.003	0.01	77	0	77	77	
0.4	0.5	41	274	4	4	63	4221	64	4288	0.0034375	0.00170783	0.003	0.01	67	0	67	67	
0.4	0.5	10	275	2	4	100	6770	100	6770	0.003	0	0.003	0.003	67.7	7	67	137	
0.4	0.5	15	276	13	4	87	9577	87	9577	0.00404598	0.00251002	0.003	0.01	110.08	39.6024	77	157	
0.4	0.5	34	277	11	4	100	15300	100	15300	0.003	0	0.003	0.003	153	0	153	153	
0.4	0.5	2	278	16	4	99	36927	99	36927	0.00307071	0.000703526	0.003	0.01	373	0	373	373	
0.4	0.5	52	279	11	4	86	8342	85	8245	0.00308235	0.000759257	0.003	0.01	97	0	97	97	
0.4	0.5	39	280	40	4	72	4824	72	4824	0.003	0	0.003	0.003	67	0	67	67	
0.4	0.5	42	281	12	4	100	20658	100	20658	0.003	0	0.003	0.003	206.58	19.0593	191	233	
0.4	0.5	16	282	1	4	100	48692	100	48692	0.003	0	0.003	0.003	486.92	61.0758	469	693	
0.4	0.5	17	283	9	4	100	32498	100	32498	0.003	0	0.003	0.003	324.98	0.2	323	325	
0.4	0.5	13	284	1	4	100	15300	100	15300	0.003	0	0.003	0.003	153	0	153	153	
0.4	0.5	41	285	37	4	58	4466	56	4312	0.00525	0.00329876	0.003	0.01	77	0	77	77	
0.4	0.5	10	286	1	4	100	16264	100	16264	0.003	0	0.003	0.003	162.64	16.4	161	325	
0.4	0.5	37	287	6	4	74	4958	74	4958	0.003	0	0.003	0.003	67	0	67	67	
0.4	0.5	47	288	2	4	100	32502	100	32738	0.003	0	0.003	0.003	327.38	116.174	233	469	
0.4	0.5	8	289	9	4	100	38132	100	38132	0.003	0	0.003	0.003	381.32	20.9023	325	389	
0.4	0.5	51	290	6	4	100	51698	100	51698	0.003	0	0.003	0.003	516.98	0.2	515	517	
0.4	0.5	55	291	13	4	100	9700	100	9700	0.003	0	0.003	0.003	97	0	97	97	
0.4	0.5	1	292	46	4	63	6111	62	6014	0.003	0	0.003	0.003	97	0	97	97	
0.4	0.5	18	293	10	4	100	15300	100	15300	0.003	0	0.003	0.003	153	0	153	153	
0.4	0.5	33	294	3	4	100	80700	100	80700	0.003	0	0.003	0.003	807	0	807	807	
0.4	0.5	15	295	6	4	80	10880	79	10783	0.00477215	0.00306322	0.003	0.01	136.494	50.7962	97	201	
0.4	0.5	21	296	6	4	100	15300	100	15300	0.003	0	0.003	0.003	153	0	153	153	
0.4	0.5	22	297	2	4	56	5412	55	5315	0.00885454	0.00261348	0.003	0.01	96.6364	2.6968	77	97	
0.4	0.5	40	298	3	4	100	48500	100	48500	0.003	0	0.003	0.003	485	0	485	485	
0.4	0.5	40	299	5	4	100	105600	100	105600	0.003	0	0.003	0.003	1056	0	1056	1056	
0.4	0.5	16	300	4	4	56	8692	56	8692	0.00875	0.00270521	0.003	0.01	155.214	5.75473	137	157	
0.4	0.5	41	301	3	4	66	3232	67	3281	0.003	0	0.003	0.003	48.9701	0.244339	47	49	
0.4	0.5	1	302	24	4	65	15145	65	15145	0.003	0	0.003	0.003	233	0	233	233	
0.4	0.5	50	303	3	4	61	19617	59	18999	0.00774576	0.00329887	0.003	0.01	322.017	6.28488	309	325	
0.4	0.5	22	304	10	4	100	15768	100	15768	0.003	0	0.003	0.003	157.68	26.7457	153	309	
0.4	0.5	30	305	2	4	100	7699	100	7699	0.003	0	0.003	0.003	76.99	0.1	76	77	
0.4	0.5	40	306	1	4	100	48500	100	48500	0.003	0	0.003	0.003	485	0	485	485	
0.4	0.5	20	307	2	4	100	50100	100	50100	0.003	0	0.003	0.003	501	0	501	501	
0.4	0.5	19	308	4	4	100	33523	100	33523	0.003	0	0.003	0.003	335.23	23.5856	324	389	
0.4	0.5	45	309	13	4	98	23650	98	23650	0.00314286	0.000994832	0.003	0.01	241.327	82.4044	161	325	
0.4	0.5	16	310	3	4	100	33780	100	33780	0.003	0	0.003	0.003	337.8	43.6256	325	485	
0.4	0.5	43	311	2	4	100	20100	100	20100	0.003	0	0.003	0.003	201	0	201	201	
0.4	0.5	54	312	10	4	100	46898	100	46898	0.003	0	0.003	0.003	468.98	0.2	467	469	
0.4	0.5	4	313	5	4	100	46900	100	46900	0.003	0	0.003	0.003	469	0	469	469	
0.4	0.5	55	314	15	4	100	19300	100	19300	0.003	0	0.003	0.003	193	0	193	193	
0.4	0.5	15	315	4	4	100	10130	100	10130	0.003	0	0.003	0.003	101.3	35.1693	67	137	
0.4	0.5	3	316	5	4	92	21436	92	21436	0.00360869	0.00198321	0.003	0.01	233	0	233	233	
0.4	0.5	57	317	1	4	100	50100	100	50100	0.003	0	0.003	0.003	501	0	501	501	
0.4	0.5	3	318	6	4	100	45298	100	45298	0.003	0	0.003	0.003	452.98	0.2	451	453	
0.4	0.5	11	319	7	4	100	30900	100	30900	0.003	0	0.003	0.003	309	0	309	309	
0.4	0.5	1	320	16	4	41	5124	42	5249	0.00683333	0.00352632	0.003	0.01	124.976	0.154303	124	125	
0.4	0.5	27	321	2	4	100	53300	100	53300	0.003	0	0.003	0.003	533	0	533	533	
0.4	0.5	11	322	11	4	98	14406	98	14406	0.00314286	0.000994832	0.003	0.01	147	10.0514	137	157	
0.4	0.5	14	323	5	4	100	20098	100	20098	0.003	0	0.003	0.003	200.98	0.2	199	201	
0.4	0.5	39	324	6	4	61	4697	60	4620	0.00428333	0.00273143	0.003	0.01	77	0	77	77	
0.4	0.5	27	325	5	4	100	20100	100	20100	0.003	0	0.003	0.003	201	0	201	201	
0.4	0.5	18	326	11	4	54	4158	53	4081	0.00920755	0.00223915	0.003	0.01	77	0	77	77	
0.4	0.5	26	327	9	4	100	14420	100	14348	0.003	0	0.003	0.003	143.48	20.7089	137	209	
0.4	0.5	7	328	5	4	93	25341	92	25040	0.00353261	0.00186613	0.003	0.01	272.174	33.7882	233	301	
0.4	0.5	3	329	1	4	100	80700	100	80700	0.003	0	0.003	0.003	807	0	807	807	
0.4	0.5	34	330	17	4	100	6700	100	6700	0.003	0	0.003	0.003	67	0	67	67	
0.4	0.5	5	331	50	4	49	7889	51	8211	0.00560784	0.00341806	0.003	0.01	161	0	161	161	
0.4	0.5	34	332	14	4	97	7469	97	7469	0.00321649	0.00121815	0.003	0.01	77	0	77	77	
0.4	0.5	33	333	6	4	100	30100	100	30100	0.003	0	0.003	0.003	301	0	301	301	
0.4	0.5	29	334	7	4	99	68191	99	68191	0.00307071	0.000703526	0.003	0.01	688.798	29.4126	485	693	
0.4	0.5	52	335	20	4	86	6822	87	6899	0.003	0	0.003	0.003	79.2989	6.41603	77	97	
0.4	0.5	22	336	4	4	100	24008	100	24008	0.003	0	0.003	0.003	240.08	40.4614	233	469	
0.4	0.5	46	337	2	4	100	105636	100	105636	0.003	0	0.003	0.003	1056.36	60.4397	935	1191	
0.4	0.5	34	338	15	4	100	12498	100	12498	0.003	0	0.003	0.003	124.98	0.2	123	125	
0.4	0.5	7	339	1	4	100	69300	100	69300	0.003	0	0.003	0.003	693	0	693	693	
0.4	0.5	30	340	13	4	100	37297	100	37297	0.003	0	0.003	0.003	372.97	0.171447	372	373	
0.4	0.5	15	341	5	4	65	6365	68	6616	0.00670588	0.00351992	0.003	0.01	97.2941	36.9336	67	157	
0.4	0.5	29	342	3	4	59	64605	59	64605	0.00798305	0.00319747	0.003	0.01	1095	0	1095	1095	
0.4	0.5	41	343	11	4	54	5238	54	5238	0.00753704	0.00337423	0.003	0.01	97	0	97	97	
0.4	0.5	21	344	1	4	100	15300	100	15300	0.003	0	0.003	0.003	153	0	153	153	
0.4	0.5	17	345	5	4	100	32500	100	32500	0.003	0	0.003	0.003	325	0	325	325	
0.4	0.5	54	346	4	4	56	8572	56	8572	0.008625	0.00280624	0.003	0.01	153.071	8.01784	137	157	
0.4	0.5	19	347	5	4	57	16237	58	16546	0.00843103	0.00294459	0.003	0.01	285.276	37.0177	201	309	
0.4	0.5	4	348	3	4	64	28895	62	28037	0.00695161	0.00349907	0.003	0.01	452.21	32.824	389	469	
0.4	0.5	31	349	1	4	100	14924	100	14996	0.003	0	0.003	0.003	149.96	27.8009	137	209	
0.4	0.5	15	350	8	4	95	13791	97	14089	0.00328866	0.0013991	0.003	0.01	145.247	52.1338	97	201	
0.4	0.5	35	351	1	4	100	85628	100	85628	0.003	0	0.003	0.003	856.28	93.2586	807	1031	
0.4	0.5	10	352	4	4	100	27164	100	27164	0.003	0	0.003	0.003	271.64	26.4	269	533	
0.4	0.5	52	353	14	4	84	11282	83	11129	0.00316867	0.00107996	0.003	0.01	134.084	13.2151	124	153	
0.4	0.5	51	354	4	4	100	93500	100	93500	0.003	0	0.003	0.003	935	0	935	935	
0.4	0.5	37	355	9	4	75	5025	75	5025	0.003	0	0.003	0.003	67	0	67	67	
0.4	0.5	34	356	21	4	100	19300	100	19300	0.003	0	0.003	0.003	193	0	193	193	
0.4	0.5	27	357	6	4	100	74900	100	74900	0.003	0	0.003	0.003	749	0	749	749	
0.4	0.5	14	358	2	4	100	74900	100	74900	0.003	0	0.003	0.003	749	0	749	749	
0.4	0.5	52	359	2	4	78	14190	77	13997	0.00345454	0.00173619	0.003	0.01	181.779	15.3697	161	193	
0.4	0.5	12	360	1	4	97	37733	97	37733	0.00321649	0.00121815	0.003	0.01	389	0	389	389	
0.4	0.5	52	361	16	4	79	12343	78	12190	0.00380769	0.00225087	0.003	0.01	156.282	3.96051	153	161	
0.4	0.5	25	362	2	4	62	9434	60	9120	0.00743333	0.00340173	0.003	0.01	152	8.73334	137	157	
0.4	0.5	2	363	17	4	100	4900	100	4900	0.003	0	0.003	0.003	49	0	49	49	
0.4	0.5	27	364	9	4	100	53300	100	53300	0.003	0	0.003	0.003	533	0	533	533	
0.4	0.5	34	365	10	4	98	7546	98	7546	0.00314286	0.000994832	0.003	0.01	77	0	77	77	
0.4	0.5	4	366	2	4	97	29973	98	30282	0.00321428	0.00121205	0.003	0.01	309	0	309	309	
0.4	0.5	9	367	11	4	100	37300	100	37300	0.003	0	0.003	0.003	373	0	373	373	
0.4	0.5	37	368	32	4	75	14475	74	14282	0.003	0	0.003	0.003	193	0	193	193	
0.4	0.5	17	369	8	4	99	14843	99	14883	0.00307071	0.000703526	0.003	0.01	150.333	9.47607	137	157	
0.4	0.5	32	370	2	4	100	105600	100	105600	0.003	0	0.003	0.003	1056	0	1056	1056	
0.4	0.5	21	371	2	4	100	23300	100	23300	0.003	0	0.003	0.003	233	0	233	233	
0.4	0.5	41	372	33	4	64	2046	63	2014	0.003	0	0.003	0.003	31.9683	0.251976	30	32	
0.4	0.5	3	373	4	4	100	30100	100	30100	0.003	0	0.003	0.003	301	0	301	301	
0.4	0.5	37	374	33	4	68	4556	68	4556	0.00382353	0.0022721	0.003	0.01	67	0	67	67	
0.4	0.5	3	375	7	4	100	30099	100	30099	0.003	0	0.003	0.003	300.99	0.1	300	301	
0.4	0.5	22	376	15	4	54	5098	53	5001	0.00907547	0.00239269	0.003	0.01	94.3585	6.83626	77	97	
0.4	0.5	39	377	25	4	71	6886	72	6983	0.003	0	0.003	0.003	96.9861	0.117851	96	97	
0.4	0.5	33	378	1	4	100	105600	100	105600	0.003	0	0.003	0.003	1056	0	1056	1056	
0.4	0.5	2	379	6	4	100	6700	100	6700	0.003	0	0.003	0.003	67	0	67	67	
0.4	0.5	47	380	3	4	50	3848	51	3927	0.01	0	0.01	0.01	77	0	77	77	
0.4	0.5	37	381	8	4	76	7372	76	7372	0.003	0	0.003	0.003	97	0	97	97	
0.4	0.5	20	382	5	4	71	32435	69	31545	0.00584058	0.0034625	0.003	0.01	457.174	55.0612	389	501	
0.4	0.5	53	383	11	4	100	53300	100	53300	0.003	0	0.003	0.003	533	0	533	533	
0.4	0.5	34	384	3	4	87	6699	88	6776	0.00411364	0.002575	0.003	0.01	77	0	77	77	
0.4	0.5	39	385	15	4	67	24991	68	25364	0.00341176	0.0016593	0.003	0.01	373	0	373	373	
0.4	0.5	21	386	11	4	100	3200	100	3200	0.003	0	0.003	0.003	32	0	32	32	
0.4	0.5	49	387	12	4	100	34028	100	33764	0.003	0	0.003	0.003	337.64	116.383	269	533	
0.4	0.5	29	388	8	4	100	20898	100	20898	0.003	0	0.003	0.003	208.98	0.2	207	209	
0.4	0.5	18	389	16	4	100	7700	100	7700	0.003	0	0.003	0.003	77	0	77	77	
0.4	0.5	38	390	8	4	96	23000	95	22839	0.00322105	0.00123063	0.003	0.01	240.411	82.3939	161	325	
0.4	0.5	26	391	1	4	100	78360	100	78014	0.003	0	0.003	0.003	780.14	99.5177	749	1095	
0.4	0.5	11	392	1	4	100	38900	100	38900	0.003	0	0.003	0.003	389	0	389	389	
0.4	0.5	25	393	5	4	100	74900	100	74900	0.003	0	0.003	0.003	749	0	749	749	
0.4	0.5	38	394	10	4	100	35100	100	34864	0.003	0	0.003	0.003	348.64	118.571	233	469	
0.4	0.5	38	395	3	4	65	7405	67	7559	0.00655224	0.00352602	0.003	0.01	112.821	40.0813	77	157	
0.4	0.5	26	396	3	4	100	45140	100	44916	0.003	0	0.003	0.003	449.16	86.001	389	693	
0.4	0.5	52	397	13	4	84	5628	83	5561	0.003	0	0.003	0.003	67	0	67	67	
0.4	0.5	16	398	7	4	89	13969	89	13969	0.00386517	0.00231689	0.003	0.01	156.955	9.15512	137	233	
0.4	0.5	5	399	40	4	48	3376	47	3309	0.00478723	0.00308528	0.003	0.01	70.4043	4.78975	67	77	
0.4	0.5	52	400	27	4	71	10079	72	10276	0.00513889	0.00324712	0.003	0.01	142.722	17.5043	125	161	
0.4	0.5	8	401	5	4	100	20100	100	20100	0.003	0	0.003	0.003	201	0	201	201	
0.4	0.5	52	402	29	4	85	11521	85	11521	0.003	0	0.003	0.003	135.541	13.6465	125	153	
0.4	0.5	41	403	13	4	67	3283	66	3234	0.00310606	0.00086164	0.003	0.01	49	0	49	49	
0.4	0.5	39	404	12	4	71	4757	71	4757	0.003	0	0.003	0.003	67	0	67	67	
0.4	0.5	2	405	15	4	100	9700	100	9700	0.003	0	0.003	0.003	97	0	97	97	
0.4	0.5	36	406	4	4	100	80700	100	80700	0.003	0	0.003	0.003	807	0	807	807	
0.4	0.5	38	407	11	4	100	10200	100	10130	0.003	0	0.003	0.003	101.3	35.1693	67	137	
0.4	0.5	37	408	14	4	74	9248	75	9373	0.003	0	0.003	0.003	124.973	0.23094	123	125	
0.4	0.5	42	409	16	4	100	19300	100	19300	0.003	0	0.003	0.003	193	0	193	193	
0.4	0.5	10	410	11	4	100	18696	100	18728	0.003	0	0.003	0.003	187.28	19.2485	161	325	
0.4	0.5	22	411	8	4	100	15768	100	15768	0.003	0	0.003	0.003	157.68	26.7457	153	309	
0.4	0.5	53	412	2	4	100	74900	100	74900	0.003	0	0.003	0.003	749	0	749	749	
0.4	0.5	52	413	17	4	88	1936	87	1914	0.003	0	0.003	0.003	22	0	22	22	
0.4	0.5	18	414	3	4	58	5426	55	5175	0.00834545	0.00300135	0.003	0.01	94.0909	7.11616	77	97	
0.4	0.5	36	415	8	4	83	23827	84	24264	0.0045	0.00288953	0.003	0.01	288.857	26.1999	233	301	
0.4	0.5	31	416	2	4	75	21695	76	22004	0.00539474	0.00334297	0.003	0.01	289.526	46.5072	253	453	
0.4	0.5	37	417	20	4	74	11322	74	11322	0.003	0	0.003	0.003	153	0	153	153	
0.4	0.5	1	418	31	4	60	4020	61	4087	0.00334426	0.00152627	0.003	0.01	67	0	67	67	
0.4	0.5	40	419	6	4	50	22650	51	23103	0.01	0	0.01	0.01	453	0	453	453	
0.4	0.5	8	420	8	4	100	13700	100	13700	0.003	0	0.003	0.003	137	0	137	137	
0.4	0.5	39	421	33	4	66	3233	67	3282	0.00352239	0.0018534	0.003	0.01	48.9851	0.122169	48	49	
0.4	0.5	11	422	8	4	100	18251	99	18050	0.003	0	0.003	0.003	182.323	21.8482	157	201	
0.4	0.5	50	423	6	4	100	13700	100	13700	0.003	0	0.003	0.003	137	0	137	137	
0.4	0.5	47	424	14	4	100	21381	100	21537	0.003	0	0.003	0.003	215.37	76.8135	151	309	
0.4	0.5	55	425	12	4	100	3198	100	3198	0.003	0	0.003	0.003	31.98	0.2	30	32	
0.4	0.5	41	426	16	4	64	14912	64	14912	0.00354687	0.00189343	0.003	0.01	233	0	233	233	
0.4	0.5	14	427	7	4	100	25300	100	25300	0.003	0	0.003	0.003	253	0	253	253	
0.4	0.5	18	428	9	4	55	8415	57	8721	0.00864912	0.00278703	0.003	0.01	153	0	153	153	
0.4	0.5	30	429	12	4	98	15778	98	15778	0.00314286	0.000994832	0.003	0.01	161	0	161	161	
0.4	0.5	9	430	1	4	100	11828	99	11703	0.003	0	0.003	0.003	118.212	12.0605	97	125	
0.4	0.5	15	431	9	4	97	9789	97	9789	0.00321649	0.00121815	0.003	0.01	100.918	35.165	67	137	
0.4	0.5	42	432	13	4	100	4900	100	4900	0.003	0	0.003	0.003	49	0	49	49	
0.4	0.5	41	433	14	4	66	4314	64	4180	0.00310937	0.000875	0.003	0.01	65.3125	5.28813	49	67	
0.4	0.5	17	434	10	4	100	53300	100	53300	0.003	0	0.003	0.003	533	0	533	533	
0.4	0.5	9	435	13	4	100	9700	100	9700	0.003	0	0.003	0.003	97	0	97	97	
0.4	0.5	45	436	3	4	100	29100	100	29100	0.003	0	0.003	0.003	291	98.4937	193	389	
0.4	0.5	30	437	9	4	92	11500	93	11625	0.00360215	0.00197341	0.003	0.01	125	0	125	125	
0.4	0.5	24	438	15	4	100	7700	100	7700	0.003	0	0.003	0.003	77	0	77	77	
0.4	0.5	36	439	3	4	82	18914	82	18914	0.00462195	0.00297164	0.003	0.01	230.659	7.16511	209	233	
0.4	0.5	52	440	3	4	85	10623	85	10623	0.003	0	0.003	0.003	124.976	0.21693	123	125	
0.4	0.5	34	441	8	4	100	15300	100	15300	0.003	0	0.003	0.003	153	0	153	153	
0.4	0.5	21	442	10	4	99	23067	99	23067	0.00307071	0.000703526	0.003	0.01	233	0	233	233	
0.4	0.5	19	443	12	4	100	38900	100	38900	0.003	0	0.003	0.003	389	0	389	389	
0.4	0.5	1	444	43	4	62	23126	62	23126	0.00446774	0.00287281	0.003	0.01	373	0	373	373	
0.4	0.5	20	445	3	4	100	105600	100	105600	0.003	0	0.003	0.003	1056	0	1056	1056	
0.4	0.5	9	446	9	4	100	37300	100	37300	0.003	0	0.003	0.003	373	0	373	373	
0.4	0.5	48	447	3	4	62	9614	59	9143	0.00750847	0.00338033	0.003	0.01	154.966	6.09682	137	157	
0.4	0.5	37	448	23	4	74	9248	74	9248	0.003	0	0.003	0.003	124.973	0.232495	123	125	
0.4	0.5	39	449	27	4	71	13703	72	13896	0.003	0	0.003	0.003	193	0	193	193	
0.4	0.5	52	450	12	4	89	5963	88	5896	0.003	0	0.003	0.003	67	0	67	67	
0.4	0.5	21	451	16	4	92	6644	92	6654	0.00360869	0.00198321	0.003	0.01	72.3261	5.01669	67	77	
0.4	0.5	2	452	10	4	100	6700	100	6700	0.003	0	0.003	0.003	67	0	67	67	
0.4	0.5	39	453	35	4	71	4757	72	4824	0.003	0	0.003	0.003	67	0	67	67	
0.4	0.5	29	454	5	4	100	45300	100	45300	0.003	0	0.003	0.003	453	0	453	453	
0.4	0.5	41	455	6	4	64	23872	64	23872	0.003	0	0.003	0.003	373	0	373	373	
0.4	0.5	3	456	2	4	100	20900	100	20899	0.003	0	0.003	0.003	208.99	0.1	208	209	
0.4	0.5	5	457	34	4	54	5238	53	5141	0.00313207	0.000961524	0.003	0.01	97	0	97	97	
0.4	0.5	46	458	1	4	100	105600	100	105600	0.003	0	0.003	0.003	1056	0	1056	1056	
0.4	0.5	47	459	5	4	100	9430	100	9500	0.003	0	0.003	0.003	95	34.4656	67	137	
0.4	0.5	33	460	4	4	100	48500	100	48500	0.003	0	0.003	0.003	485	0	485	485	
0.4	0.5	34	461	2	4	100	3200	100	3200	0.003	0	0.003	0.003	32	0	32	32	
0.4	0.5	52	462	24	4	84	2688	84	2688	0.003	0	0.003	0.003	32	0	32	32	
0.4	0.5	47	463	11	4	100	13756	100	13860	0.003	0	0.003	0.003	138.6	51.2061	97	201	
0.4	0.5	45	464	7	4	100	29100	100	29100	0.003	0	0.003	0.003	291	98.4937	193	389	
0.4	0.5	13	465	13	4	100	15300	100	15300	0.003	0	0.003	0.003	153	0	153	153	
0.4	0.5	13	466	11	4	100	6700	100	6700	0.003	0	0.003	0.003	67	0	67	67	
0.4	0.5	9	467	10	4	100	16100	100	16100	0.003	0	0.003	0.003	161	0	161	161	
0.4	0.5	37	468	16	4	74	11914	75	12075	0.00318667	0.00113535	0.003	0.01	161	0	161	161	
0.4	0.5	52	469	1	4	85	7345	85	7345	0.0031647	0.00106734	0.003	0.01	86.4118	10.0419	77	97	
0.4	0.5	38	470	4	4	100	24300	100	24136	0.003	0	0.003	0.003	241.36	82.3966	161	325	
0.4	0.5	36	471	1	4	100	38898	100	38898	0.003	0	0.003	0.003	388.98	0.2	387	389	
0.4	0.5	37	472	18	4	71	6886	73	7080	0.00338356	0.00160408	0.003	0.01	96.9863	0.117041	96	97	
0.4	0.5	34	473	4	4	100	6700	100	6700	0.003	0	0.003	0.003	67	0	67	67	
0.4	0.5	31	474	7	4	95	14791	96	14872	0.00351042	0.00182955	0.003	0.01	154.917	25.6944	137	233	
0.4	0.5	1	475	40	4	63	12159	63	12159	0.00344444	0.00172063	0.003	0.01	193	0	193	193	
0.4	0.5	13	476	5	4	100	26900	100	26900	0.003	0	0.003	0.003	269	0	269	269	
0.4	0.5	43	477	10	4	100	15698	100	15698	0.003	0	0.003	0.003	156.98	0.2	155	157	
0.4	0.5	18	478	13	4	88	5896	87	5829	0.00404598	0.00251002	0.003	0.01	67	0	67	67	
0.4	0.5	42	479	1	4	98	6566	97	6499	0.00314433	0.000999893	0.003	0.01	67	0	67	67	
0.4	0.5	13	480	8	4	96	35808	96	35808	0.00336458	0.00156353	0.003	0.01	373	0	373	373	
0.4	0.5	17	481	1	4	57	10929	57	11017	0.0082807	0.00303994	0.003	0.01	193.281	16.8838	157	201	
0.4	0.5	21	482	3	4	100	16098	100	16098	0.003	0	0.003	0.003	160.98	0.2	159	161	
0.4	0.5	17	483	7	4	100	32500	100	32500	0.003	0	0.003	0.003	325	0	325	325	
0.4	0.5	25	484	4	4	100	20098	100	20098	0.003	0	0.003	0.003	200.98	0.2	199	201	
0.4	0.5	39	485	13	4	57	5529	55	5335	0.00465454	0.00300135	0.003	0.01	97	0	97	97	
0.4	0.5	53	486	4	4	56	8591	55	8434	0.00872727	0.00272475	0.003	0.01	153.345	7.7775	137	157	
0.4	0.5	10	487	5	4	100	15456	100	15456	0.003	0	0.003	0.003	154.56	15.6	153	309	
0.4	0.5	39	488	29	4	71	10863	72	11016	0.003	0	0.003	0.003	153	0	153	153	
0.4	0.5	45	489	11	4	100	56100	100	56100	0.003	0	0.003	0.003	561	188.947	373	749	
0.4	0.5	39	490	16	4	72	6984	73	7081	0.003	0	0.003	0.003	97	0	97	97	
0.4	0.5	54	491	7	4	98	23442	99	23695	0.00314141	0.000989847	0.003	0.01	239.343	22.9996	201	253	
0.4	0.5	27	492	3	4	100	74900	100	74898	0.003	0	0.003	0.003	748.98	0.2	747	749	
0.4	0.5	30	493	14	4	100	7700	100	7700	0.003	0	0.003	0.003	77	0	77	77	
0.4	0.5	15	494	1	4	100	34864	100	34864	0.003	0	0.003	0.003	348.64	118.571	233	469	
0.4	0.5	30	495	7	4	100	15300	100	15300	0.003	0	0.003	0.003	153	0	153	153	
0.4	0.5	45	496	10	4	100	10200	100	10200	0.003	0	0.003	0.003	102	35.1763	67	137	
0.4	0.5	19	497	2	4	100	32500	100	32500	0.003	0	0.003	0.003	325	0	325	325	
0.4	0.5	41	498	9	4	64	4288	63	4221	0.003	0	0.003	0.003	67	0	67	67	
0.4	0.5	52	499	19	4	72	11264	72	11272	0.00426389	0.00271144	0.003	0.01	156.556	4.00313	153	161	
0.4	0.5	41	500	12	4	66	3234	65	3185	0.003	0	0.003	0.003	49	0	49	49	
0.4	0.5	37	501	15	4	74	2368	74	2368	0.003	0	0.003	0.003	32	0	32	32	
0.4	0.5	42	502	8	4	100	19300	100	19300	0.003	0	0.003	0.003	193	0	193	193	
0.4	0.5	38	503	9	4	63	13367	63	13367	0.007	0.00349193	0.003	0.01	212.175	75.9904	153	325	
0.4	0.5	52	504	22	4	74	27600	74	27600	0.00441892	0.0028333	0.003	0.01	372.973	0.163269	372	373	
0.4	0.5	37	505	1	4	75	20175	75	20175	0.003	0	0.003	0.003	269	0	269	269	
0.4	0.5	39	506	2	4	67	5159	67	5159	0.00341791	0.00167105	0.003	0.01	77	0	77	77	
0.4	0.5	25	507	10	4	100	13700	100	13700	0.003	0	0.003	0.003	137	0	137	137	
0.4	0.5	22	508	7	4	53	6513	52	6388	0.00946154	0.00188348	0.003	0.01	122.846	7.53394	97	125	
0.4	0.5	28	509	1	4	72	33272	73	33773	0.00568493	0.00342733	0.003	0.01	462.644	53.5157	389	501	
0.4	0.5	53	510	10	4	100	15699	100	15699	0.003	0	0.003	0.003	156.99	0.1	156	157	
0.4	0.5	8	511	11	4	100	15700	100	15700	0.003	0	0.003	0.003	157	0	157	157	
0.4	0.5	39	512	41	4	72	11592	71	11431	0.003	0	0.003	0.003	161	0	161	161	
0.4	0.5	53	513	3	4	100	74900	100	74900	0.003	0	0.003	0.003	749	0	749	749	
0.4	0.5	54	514	8	4	54	8378	52	8064	0.00919231	0.00225822	0.003	0.01	155.077	5.95357	137	157	
0.4	0.5	31	515	6	4	90	24266	90	24266	0.00385555	0.00230564	0.003	0.01	269.622	44.7953	253	389	
0.4	0.5	2	516	11	4	100	4898	100	4898	0.003	0	0.003	0.003	48.98	0.2	47	49	
0.4	0.5	29	517	1	4	90	35010	90	35010	0.00377778	0.00221221	0.003	0.01	389	0	389	389	
0.4	0.5	38	518	13	4	100	14900	100	14796	0.003	0	0.003	0.003	147.96	52.2515	97	201	
0.4	0.5	4	519	6	4	63	22779	64	23104	0.0069375	0.0035	0.003	0.01	361	32	325	389	
0.4	0.5	43	520	7	4	49	12397	49	12397	0.01	0	0.01	0.01	253	0	253	253	
0.4	0.5	17	521	4	4	100	13699	100	13699	0.003	0	0.003	0.003	136.99	0.1	136	137	
0.4	0.5	23	522	5	4	49	19061	51	19839	0.01	0	0.01	0.01	389	0	389	389	
0.4	0.5	41	523	25	4	68	3332	68	3332	0.003	0	0.003	0.003	49	0	49	49	
0.4	0.5	30	524	3	4	100	9700	100	9700	0.003	0	0.003	0.003	97	0	97	97	
0.4	0.5	31	525	9	4	100	21800	100	21900	0.003	0	0.003	0.003	219	38.6123	201	301	
0.4	0.5	9	526	14	4	100	23300	100	23300	0.003	0	0.003	0.003	233	0	233	233	
0.4	0.5	21	527	5	4	100	6700	100	6700	0.003	0	0.003	0.003	67	0	67	67	
0.4	0.5	52	528	7	4	82	4018	82	4018	0.00308536	0.000773021	0.003	0.01	49	0	49	49	
0.4	0.5	55	529	11	4	96	9312	95	9215	0.00336842	0.00157137	0.003	0.01	97	0	97	97	
0.4	0.5	48	530	7	4	100	15138	100	15138	0.003	0	0.003	0.003	151.38	28.9558	135	209	
0.4	0.5	12	531	4	4	100	34900	100	34900	0.003	0	0.003	0.003	349	0	349	349	
0.4	0.5	22	532	14	4	100	10012	100	10012	0.003	0	0.003	0.003	100.12	17.8304	97	201	
0.4	0.5	37	533	13	4	77	5929	78	6006	0.003	0	0.003	0.003	77	0	77	77	
0.4	0.5	39	534	10	4	72	2303	71	2271	0.003	0	0.003	0.003	31.9859	0.118678	31	32	
0.4	0.5	41	535	21	4	65	2080	64	2048	0.003	0	0.003	0.003	32	0	32	32	
0.4	0.5	37	536	5	4	53	8429	53	8437	0.00603773	0.00350254	0.003	0.01	159.189	3.38013	153	161	
0.4	0.5	8	537	10	4	100	74900	100	74900	0.003	0	0.003	0.003	749	0	749	749	
0.4	0.5	4	538	7	4	100	74900	100	74900	0.003	0	0.003	0.003	749	0	749	749	
0.4	0.5	54	539	12	4	87	13259	86	13102	0.00397674	0.00243975	0.003	0.01	152.349	8.49881	137	157	
0.4	0.5	34	540	6	4	95	10811	96	10935	0.0034375	0.00170332	0.003	0.01	113.906	13.7566	97	125	
0.4	0.5	42	541	4	4	91	6097	93	6231	0.00367742	0.00208077	0.003	0.01	67	0	67	67	
0.4	0.5	7	542	3	4	100	45298	100	45298	0.003	0	0.003	0.003	452.98	0.2	451	453	
0.4	0.5	17	543	3	4	100	38900	100	38900	0.003	0	0.003	0.003	389	0	389	389	
0.4	0.5	39	544	31	4	71	2272	72	2304	0.003	0	0.003	0.003	32	0	32	32	
0.4	0.5	41	545	8	4	66	5082	64	4928	0.00409375	0.00256174	0.003	0.01	77	0	77	77	
0.4	0.5	38	546	6	4	51	6447	51	6319	0.00972549	0.00137227	0.003	0.01	123.902	5.4891	97	125	
0.4	0.5	2	547	5	4	100	4899	100	4899	0.003	0	0.003	0.003	48.99	0.1	48	49	
0.4	0.5	50	548	1	4	100	32499	100	32499	0.003	0	0.003	0.003	324.99	0.1	324	325	
0.4	0.5	42	549	7	4	100	12498	100	12498	0.003	0	0.003	0.003	124.98	0.2	123	125	
0.4	0.5	21	550	13	4	100	12499	100	12499	0.003	0	0.003	0.003	124.99	0.1	124	125	
0.4	0.5	52	551	23	4	83	4067	84	4116	0.003	0	0.003	0.003	49	0	49	49	
0.4	0.5	48	552	8	4	100	35700	100	35700	0.003	0	0.003	0.003	357	64.3224	325	485	
0.4	0.5	39	553	26	4	46	3542	49	3773	0.007	0.0035	0.003	0.01	77	0	77	77	
0.4	0.5	8	554	6	4	100	13699	100	13699	0.003	0	0.003	0.003	136.99	0.1	136	137	
0.4	0.5	25	555	7	4	99	25047	99	25047	0.00307071	0.000703526	0.003	0.01	253	0	253	253	
0.4	0.5	48	556	2	4	100	15136	100	15136	0.003	0	0.003	0.003	151.36	28.9665	135	209	
0.4	0.5	41	557	39	4	65	4355	65	4355	0.00450769	0.00290002	0.003	0.01	67	0	67	67	
0.4	0.5	38	558	7	4	99	55725	99	55349	0.00307071	0.000703526	0.003	0.01	559.081	188.927	373	749	
0.4	0.5	38	559	5	4	97	11229	98	11306	0.00314286	0.000994832	0.003	0.01	115.367	40.1722	77	157	
0.4	0.5	44	560	1	4	100	105600	100	105600	0.003	0	0.003	0.003	1056	0	1056	1056	
0.4	0.5	6	561	3	4	100	13698	100	13698	0.003	0	0.003	0.003	136.98	0.2	135	137	
0.4	0.5	53	562	8	4	100	23532	100	23532	0.003	0	0.003	0.003	235.32	24.757	201	253	
0.4	0.5	25	563	6	4	85	26969	85	26969	0.00423529	0.00268438	0.003	0.01	317.282	8.04246	309	325	
0.4	0.5	39	564	36	4	71	4757	72	4824	0.003	0	0.003	0.003	67	0	67	67	
0.4	0.5	42	565	17	4	100	3200	99	3168	0.003	0	0.003	0.003	32	0	32	32	
0.4	0.5	38	566	12	4	99	18646	99	18518	0.00307071	0.000703526	0.003	0.01	187.051	64.2858	125	253	
0.4	0.5	5	567	51	4	51	15351	51	15351	0.003	0	0.003	0.003	301	0	301	301	
0.4	0.5	15	568	10	4	100	18772	100	18772	0.003	0	0.003	0.003	187.72	64.3096	125	253	
0.4	0.5	37	569	31	4	78	2496	77	2464	0.003	0	0.003	0.003	32	0	32	32	
0.4	0.5	11	570	4	4	100	13700	100	13700	0.003	0	0.003	0.003	137	0	137	137	
0.4	0.5	55	571	3	4	100	4900	100	4900	0.003	0	0.003	0.003	49	0	49	49	
0.4	0.5	35	572	2	4	80	69040	80	69488	0.004925	0.00314532	0.003	0.01	868.6	100.65	807	1031	
0.4	0.5	37	573	25	4	72	5544	72	5544	0.00348611	0.00179195	0.003	0.01	77	0	77	77	
0.4	0.5	40	574	4	4	99	29799	99	29799	0.00307071	0.000703526	0.003	0.01	301	0	301	301	
0.4	0.5	49	575	9	4	100	8590	100	8520	0.003	0	0.003	0.003	85.2	30.8591	67	137	
0.4	0.5	37	576	21	4	74	7178	74	7178	0.00309459	0.000813733	0.003	0.01	97	0	97	97	
0.4	0.5	45	577	12	4	100	14900	100	14900	0.003	0	0.003	0.003	149	52.262	97	201	
0.4	0.5	37	578	24	4	74	2368	74	2368	0.003	0	0.003	0.003	32	0	32	32	
0.4	0.5	52	579	30	4	58	5626	60	5820	0.00696667	0.00349802	0.003	0.01	97	0	97	97	
0.4	0.5	52	580	26	4	86	2752	84	2688	0.003	0	0.003	0.003	32	0	32	32	
0.4	0.5	37	581	28	4	78	11934	77	11781	0.003	0	0.003	0.003	153	0	153	153	
0.4	0.5	26	582	5	4	100	34100	100	33940	0.003	0	0.003	0.003	339.4	46.0198	325	485	
0.4	0.5	43	583	4	4	74	17006	76	17512	0.00539474	0.00334297	0.003	0.01	230.421	25.9452	201	253	
0.4	0.5	44	584	2	4	100	105600	100	105600	0.003	0	0.003	0.003	1056	0	1056	1056	
0.4	0.5	41	585	29	4	62	1984	62	1984	0.003	0	0.003	0.003	32	0	32	32	
0.4	0.5	2	586	14	4	100	6700	100	6700	0.003	0	0.003	0.003	67	0	67	67	
0.4	0.5	18	587	8	4	55	4235	56	4312	0.00875	0.00270521	0.003	0.01	77	0	77	77	
0.4	0.5	45	588	2	4	57	8873	56	8236	0.008625	0.00280624	0.003	0.01	147.071	52.8462	97	253	
0.4	0.5	30	589	15	4	99	9603	99	9603	0.00307071	0.000703526	0.003	0.01	97	0	97	97	
0.4	0.5	16	590	5	4	100	26387	100	26387	0.003	0	0.003	0.003	263.87	37.0848	252	389	
0.4	0.5	39	591	37	4	73	4891	73	4891	0.003	0	0.003	0.003	67	0	67	67	
0.4	0.5	45	592	5	4	100	39872	100	39872	0.003	0	0.003	0.003	398.72	131.59	233	533	
0.4	0.5	33	593	5	4	100	23300	100	23300	0.003	0	0.003	0.003	233	0	233	233	
0.4	0.5	41	594	36	4	64	8000	63	7875	0.00466667	0.00300537	0.003	0.01	125	0	125	125	
0.4	0.5	15	595	12	4	96	10992	96	11072	0.00321875	0.00122434	0.003	0.01	115.333	40.1751	77	157	
0.4	0.5	39	596	34	4	70	2240	71	2272	0.003	0	0.003	0.003	32	0	32	32	
0.4	0.5	48	597	4	4	70	10830	65	10045	0.00623077	0.00351679	0.003	0.01	154.538	6.62164	137	157	
0.4	0.5	42	598	3	4	100	15300	100	15300	0.003	0	0.003	0.003	153	0	153	153	
0.4	0.5	37	599	19	4	75	7274	75	7274	0.003	0	0.003	0.003	96.9867	0.11547	96	97	
0.4	0.5	19	600	7	4	51	12183	52	12488	0.00973077	0.00135929	0.003	0.01	240.154	24.4062	157	253	
0.4	0.5	57	601	2	4	100	105600	100	105600	0.003	0	0.003	0.003	1056	0	1056	1056	
0.4	0.5	49	602	2	4	100	8590	100	8520	0.003	0	0.003	0.003	85.2	30.8591	67	137	
0.4	0.5	43	603	9	4	100	25299	100	25299	0.003	0	0.003	0.003	252.99	0.1	252	253	
0.4	0.5	28	604	3	4	100	64500	100	64500	0.003	0	0.003	0.003	645	0	645	645	
0.4	0.5	28	605	4	4	100	80700	100	80700	0.003	0	0.003	0.003	807	0	807	807	
0.4	0.5	41	606	22	4	67	24991	67	24991	0.003	0	0.003	0.003	373	0	373	373	
0.4	0.5	37	607	22	4	77	5159	77	5159	0.003	0	0.003	0.003	67	0	67	67	
0.4	0.5	27	608	7	4	100	32500	100	32500	0.003	0	0.003	0.003	325	0	325	325	
0.4	0.5	18	609	5	4	100	12500	100	12500	0.003	0	0.003	0.003	125	0	125	125	
0.4	0.5	34	610	9	4	100	7700	100	7700	0.003	0	0.003	0.003	77	0	77	77	
0.4	0.5	35	611	3	4	100	105600	100	105600	0.003	0	0.003	0.003	1056	0	1056	1056	
0.4	0.5	23	612	4	4	100	30900	100	30900	0.003	0	0.003	0.003	309	0	309	309	
0.4	0.5	52	613	6	4	88	11000	88	11000	0.003	0	0.003	0.003	125	0	125	125	
0.4	0.5	52	614	5	4	85	8245	85	8245	0.00308235	0.000759257	0.003	0.01	97	0	97	97	
0.4	0.5	43	615	12	4	100	28156	100	28212	0.003	0	0.003	0.003	282.12	28.1185	253	309	
0.4	0.5	56	616	1	4	100	105600	100	105600	0.003	0	0.003	0.003	1056	0	1056	1056	
0.4	0.5	39	617	28	4	71	6886	72	6983	0.003	0	0.003	0.003	96.9861	0.117851	96	97	
0.4	0.5	5	618	46	4	44	3338	44	3338	0.00809091	0.00315357	0.003	0.01	75.8636	3.21038	67	77	
0.4	0.5	37	619	7	4	61	8605	61	8633	0.00518033	0.00326858	0.003	0.01	141.525	13.8848	125	153	
0.4	0.5	41	620	38	4	62	7750	63	7875	0.003	0	0.003	0.003	125	0	125	125	
0.4	0.5	2	621	18	4	98	15778	96	15456	0.00314583	0.00100503	0.003	0.01	161	0	161	161	
0.4	0.5	8	622	2	4	100	46898	100	46898	0.003	0	0.003	0.003	468.98	0.2	467	469	
0.4	0.5	12	623	5	4	100	64500	100	64500	0.003	0	0.003	0.003	645	0	645	645	
0.4	0.5	54	624	9	4	63	9431	63	9431	0.007	0.00349193	0.003	0.01	149.698	9.70639	137	157	
0.4	0.5	19	625	1	4	85	18529	85	18581	0.00431765	0.00275254	0.003	0.01	218.6	29.3952	157	253	
0.4	0.5	41	626	2	4	63	3085	64	3134	0.003	0	0.003	0.003	48.9688	0.25	47	49	
0.4	0.5	41	627	32	4	67	8375	67	8375	0.003	0	0.003	0.003	125	0	125	125	
0.4	0.5	23	628	2	4	100	32500	100	32500	0.003	0	0.003	0.003	325	0	325	325	
0.4	0.5	39	629	8	4	72	4824	71	4757	0.003	0	0.003	0.003	67	0	67	67	
0.4	0.5	10	630	8	4	100	37676	100	37676	0.003	0	0.003	0.003	376.76	37.6	373	749	
0.4	0.5	30	631	8	4	100	12500	100	12500	0.003	0	0.003	0.003	125	0	125	125	
0.4	0.5	49	632	6	4	100	8588	100	8518	0.003	0	0.003	0.003	85.18	30.8713	66	137	
0.4	0.5	24	633	14	4	100	9700	100	9700	0.003	0	0.003	0.003	97	0	97	97	
0.4	0.5	47	634	7	4	83	10755	83	10755	0.00451807	0.00290232	0.003	0.01	129.578	48.5301	97	201	
0.4	0.5	9	635	8	4	98	12250	98	12250	0.00314286	0.000994832	0.003	0.01	125	0	125	125	
0.4	0.5	48	636	1	4	100	28020	100	28020	0.003	0	0.003	0.003	280.2	54.6741	253	389	
0.4	0.5	37	637	29	4	75	7275	74	7178	0.003	0	0.003	0.003	97	0	97	97	
0.4	0.5	47	638	9	4	97	16733	97	16861	0.00321649	0.00121815	0.003	0.01	173.825	62.4978	125	253	
0.4	0.5	15	639	3	4	67	6839	67	6919	0.00634328	0.00352288	0.003	0.01	103.269	37.8528	77	157	
0.4	0.5	13	640	7	4	100	37300	100	37300	0.003	0	0.003	0.003	373	0	373	373	
0.4	0.5	57	641	4	4	85	33065	85	33065	0.00423529	0.00268438	0.003	0.01	389	0	389	389	
0.4	0.5	4	642	10	4	100	25194	100	25194	0.003	0	0.003	0.003	251.94	7.31654	201	253	
0.4	0.5	47	643	6	4	100	22496	100	22660	0.003	0	0.003	0.003	226.6	80.748	161	325	
0.4	0.5	53	644	6	4	100	25300	100	25300	0.003	0	0.003	0.003	253	0	253	253	
0.4	0.5	31	645	3	4	88	14576	88	14652	0.00395454	0.00241599	0.003	0.01	166.5	25.2787	157	233	
0.4	0.5	37	646	27	4	64	4928	63	4851	0.00433333	0.00277082	0.003	0.01	77	0	77	77	
0.4	0.5	16	647	9	4	100	40564	100	40564	0.003	0	0.003	0.003	405.64	56.7133	389	597	
0.4	0.5	18	648	14	4	100	26900	100	26900	0.003	0	0.003	0.003	269	0	269	269	
0.4	0.5	30	649	1	4	100	6700	100	6700	0.003	0	0.003	0.003	67	0	67	67	
0.4	0.5	37	650	3	4	74	4958	74	4958	0.003	0	0.003	0.003	67	0	67	67	
0.4	0.5	13	651	3	4	100	19300	100	19300	0.003	0	0.003	0.003	193	0	193	193	
0.4	0.5	27	652	4	4	100	25300	100	25300	0.003	0	0.003	0.003	253	0	253	253	
0.4	0.5	39	653	9	4	67	3282	65	3184	0.00353846	0.0018798	0.003	0.01	48.9846	0.124035	48	49	
0.4	0.5	18	654	4	4	100	9700	100	9700	0.003	0	0.003	0.003	97	0	97	97	
0.4	0.5	41	655	43	4	62	1364	62	1364	0.003	0	0.003	0.003	22	0	22	22	
0.4	0.5	18	656	12	4	98	15778	98	15778	0.00314286	0.000994832	0.003	0.01	161	0	161	161	
0.4	0.5	38	657	2	4	81	8797	82	8794	0.00462195	0.00297164	0.003	0.01	107.244	38.745	67	157	
0.4	0.5	25	658	1	4	100	13700	100	13700	0.003	0	0.003	0.003	137	0	137	137	
0.4	0.5	52	659	21	4	86	6622	86	6622	0.003	0	0.003	0.003	77	0	77	77	
0.4	0.5	36	660	2	4	81	22953	82	23390	0.00462195	0.00297164	0.003	0.01	285.244	28.8673	233	301	
0.4	0.5	5	661	44	4	52	5044	52	5044	0.00313461	0.000970725	0.003	0.01	97	0	97	97	
0.4	0.5	1	662	29	4	59	4543	59	4543	0.00311864	0.000911322	0.003	0.01	77	0	77	77	
0.4	0.5	1	663	7	4	52	4004	51	3927	0.00505882	0.00322125	0.003	0.01	77	0	77	77	
0.4	0.5	24	664	10	4	87	17669	87	17669	0.00404598	0.00251002	0.003	0.01	203.092	17.4487	193	233	
0.4	0.5	5	665	45	4	50	6250	49	6125	0.003	0	0.003	0.003	125	0	125	125	
0.4	0.5	5	666	14	4	50	4850	50	4850	0.003	0	0.003	0.003	97	0	97	97	
0.4	0.5	24	667	7	4	100	12500	100	12500	0.003	0	0.003	0.003	125	0	125	125	
0.4	0.5	5	668	48	4	49	4753	49	4753	0.003	0	0.003	0.003	97	0	97	97	
0.4	0.5	5	669	1	4	52	19396	52	19396	0.003	0	0.003	0.003	373	0	373	373	
0.4	0.5	24	670	2	4	100	4900	100	4900	0.003	0	0.003	0.003	49	0	49	49	
0.4	0.5	5	671	12	4	50	6250	50	6250	0.003	0	0.003	0.003	125	0	125	125	
0.4	0.5	43	672	8	4	100	46900	100	46900	0.003	0	0.003	0.003	469	0	469	469	
0.4	0.5	24	673	13	4	100	26468	100	26468	0.003	0	0.003	0.003	264.68	11.7576	233	269	
0.4	0.5	5	674	41	4	49	6125	49	6125	0.00314286	0.001	0.003	0.01	125	0	125	125	
0.4	0.5	1	675	14	4	53	6625	52	6500	0.00515385	0.00326229	0.003	0.01	125	0	125	125	
0.4	0.5	5	676	8	4	49	7889	49	7889	0.003	0	0.003	0.003	161	0	161	161	
0.4	0.5	5	677	13	4	50	9234	50	9234	0.00426	0.00271662	0.003	0.01	184.68	14.1788	161	193	
0.4	0.5	1	678	36	4	62	9486	63	9639	0.003	0	0.003	0.003	153	0	153	153	
0.4	0.5	5	679	24	4	50	4850	50	4850	0.00328	0.00138564	0.003	0.01	97	0	97	97	
0.4	0.5	1	680	9	4	64	8000	65	8125	0.003	0	0.003	0.003	125	0	125	125	
0.4	0.5	5	681	25	4	51	3417	51	3417	0.003	0	0.003	0.003	67	0	67	67	
0.4	0.5	5	682	15	4	49	3773	49	3773	0.003	0	0.003	0.003	77	0	77	77	
0.4	0.5	5	683	37	4	51	5983	50	5858	0.00356	0.00191833	0.003	0.01	117.16	12.6996	97	125	
0.4	0.5	1	684	33	4	59	5723	60	5820	0.00323333	0.00126714	0.003	0.01	97	0	97	97	
0.4	0.5	5	685	30	4	50	4850	50	4850	0.003	0	0.003	0.003	97	0	97	97	
0.4	0.5	1	686	3	4	64	4288	63	4221	0.003	0	0.003	0.003	67	0	67	67	
0.4	0.5	5	687	26	4	52	19396	52	19396	0.003	0	0.003	0.003	373	0	373	373	
0.4	0.5	5	688	11	4	52	13552	52	13552	0.003	0	0.003	0.003	260.615	15.278	233	269	
0.4	0.5	5	689	42	4	51	6375	51	6375	0.003	0	0.003	0.003	125	0	125	125	
0.4	0.5	5	690	6	4	49	3773	50	3850	0.0051	0.00324037	0.003	0.01	77	0	77	77	
0.4	0.5	5	691	38	4	51	11883	51	11883	0.003	0	0.003	0.003	233	0	233	233	
0.4	0.5	1	692	1	4	42	3234	43	3311	0.00723256	0.00346298	0.003	0.01	77	0	77	77	
0.4	0.5	43	693	6	4	100	46900	100	46900	0.003	0	0.003	0.003	469	0	469	469	
0.4	0.5	5	694	31	4	49	18276	50	18649	0.0037	0.00212132	0.003	0.01	372.98	0.141421	372	373	
0.4	0.5	1	695	30	4	57	7965	55	7687	0.00389091	0.00235445	0.003	0.01	139.764	14.108	125	153	
0.4	0.5	1	696	5	4	64	10304	63	10143	0.003	0	0.003	0.003	161	0	161	161	
0.4	0.5	6	697	7	4	100	25300	100	25300	0.003	0	0.003	0.003	253	0	253	253	
0.4	0.5	5	698	32	4	50	7650	50	7650	0.003	0	0.003	0.003	153	0	153	153	
0.4	0.5	5	699	28	4	47	5231	46	5134	0.00573913	0.00345405	0.003	0.01	111.609	14.1413	97	125	
0.4	0.5	1	700	34	4	59	13747	60	13980	0.00405	0.00252059	0.003	0.01	233	0	233	233	
0.4	0.5	5	701	7	4	51	3927	50	3850	0.00538	0.00334963	0.003	0.01	77	0	77	77	
0.4	0.5	24	702	3	4	100	7700	100	7700	0.003	0	0.003	0.003	77	0	77	77	
0.4	0.5	5	703	33	4	49	6125	49	6125	0.003	0	0.003	0.003	125	0	125	125	
0.4	0.5	5	704	47	4	49	13181	49	13181	0.003	0	0.003	0.003	269	0	269	269	
0.4	0.5	1	705	35	4	63	12159	64	12352	0.00310937	0.000875	0.003	0.01	193	0	193	193	
0.4	0.5	5	706	4	4	50	8050	50	8050	0.003	0	0.003	0.003	161	0	161	161	
0.4	0.5	1	707	11	4	61	9821	61	9821	0.003	0	0.003	0.003	161	0	161	161	
0.4	0.5	6	708	9	4	100	13700	100	13700	0.003	0	0.003	0.003	137	0	137	137	
0.4	0.5	5	709	23	4	48	7728	48	7728	0.00329167	0.00141359	0.003	0.01	161	0	161	161	
0.4	0.5	1	710	38	4	61	17753	62	18054	0.003	0	0.003	0.003	291.194	14.8731	269	301	
0.4	0.5	30	711	11	4	100	4900	100	4900	0.003	0	0.003	0.003	49	0	49	49	
0.4	0.5	5	712	43	4	48	6000	48	6000	0.003	0	0.003	0.003	125	0	125	125	
0.4	0.5	5	713	29	4	51	6375	51	6375	0.00382353	0.00227777	0.003	0.01	125	0	125	125	
0.4	0.5	6	714	6	4	100	25298	100	25298	0.003	0	0.003	0.003	252.98	0.2	251	253	
0.4	0.5	1	715	10	4	64	9792	64	9792	0.003	0	0.003	0.003	153	0	153	153	
0.4	0.5	5	716	5	4	50	7650	50	7650	0.003	0	0.003	0.003	153	0	153	153	
0.4	0.5	1	717	41	4	63	16945	63	16945	0.003	0	0.003	0.003	268.968	0.251976	267	269	
0.4	0.5	6	718	5	4	100	25300	100	25300	0.003	0	0.003	0.003	253	0	253	253	
0.4	0.5	1	719	42	4	63	4221	63	4221	0.003	0	0.003	0.003	67	0	67	67	
0.4	0.5	1	720	37	4	62	7750	63	7875	0.003	0	0.003	0.003	125	0	125	125	
0.4	0.5	25	721	8	4	100	20099	100	20099	0.003	0	0.003	0.003	200.99	0.1	200	201	
0.4	0.5	24	722	9	4	100	37297	100	37297	0.003	0	0.003	0.003	372.97	0.171447	372	373	
0.4	0.5	1	723	32	4	66	6401	67	6498	0.003	0	0.003	0.003	96.9851	0.122169	96	97	
0.4	0.5	6	724	4	4	100	13700	100	13700	0.003	0	0.003	0.003	137	0	137	137	
0.4	0.5	5	725	39	4	50	11650	50	11650	0.00314	0.000989949	0.003	0.01	233	0	233	233	
0.4	0.5	1	726	44	4	56	7000	55	6875	0.00389091	0.00235445	0.003	0.01	125	0	125	125	
0.4	0.5	5	727	21	4	50	7850	51	8019	0.00313725	0.000980196	0.003	0.01	157.235	4.03281	153	161	
0.4	0.5	24	728	8	4	100	23300	100	23300	0.003	0	0.003	0.003	233	0	233	233	
0.4	0.5	25	729	9	4	100	15699	100	15699	0.003	0	0.003	0.003	156.99	0.1	156	157	
0.4	0.5	5	730	27	4	49	6125	49	6125	0.003	0	0.003	0.003	125	0	125	125	
0.4	0.5	24	731	12	4	100	16099	100	16099	0.003	0	0.003	0.003	160.99	0.1	160	161	
0.4	0.5	24	732	11	4	65	8125	64	8000	0.00671875	0.00352077	0.003	0.01	125	0	125	125	
0.4	0.5	5	733	35	4	49	6125	50	6250	0.0037	0.00212132	0.003	0.01	125	0	125	125	
0.4	0.5	24	734	5	4	100	15300	100	15300	0.003	0	0.003	0.003	153	0	153	153	
0.4	0.5	24	735	19	4	100	21340	100	21380	0.003	0	0.003	0.003	213.8	20.0847	193	233	
0.4	0.5	5	736	22	4	50	7650	50	7650	0.003	0	0.003	0.003	153	0	153	153	
0.4	0.5	5	737	20	4	51	11883	50	11650	0.003	0	0.003	0.003	233	0	233	233	
0.4	0.5	24	738	17	4	98	15394	98	15402	0.00314286	0.000994832	0.003	0.01	157.163	4.01722	153	161	
0.4	0.5	1	739	28	4	45	3465	43	3311	0.00674419	0.00353279	0.003	0.01	77	0	77	77	
0.4	0.5	5	740	10	4	49	13179	49	13179	0.003	0	0.003	0.003	268.959	0.285714	267	269	
0.4	0.5	24	741	6	4	100	15300	100	15300	0.003	0	0.003	0.003	153	0	153	153	
0.4	0.5	24	742	16	4	90	9822	91	9947	0.00376923	0.0022014	0.003	0.01	109.308	13.9743	97	125	
0.4	0.5	5	743	16	4	49	6125	49	6125	0.003	0	0.003	0.003	125	0	125	125	
0.4	0.5	5	744	49	4	52	7060	52	7060	0.00326923	0.00135929	0.003	0.01	135.769	13.755	125	153	
0.4	0.5	1	745	12	4	67	8375	67	8375	0.003	0	0.003	0.003	125	0	125	125	
0.4	0.5	1	746	6	4	64	8000	63	7875	0.003	0	0.003	0.003	125	0	125	125	
0.4	0.5	5	747	9	4	52	11036	52	11036	0.00326923	0.00135929	0.003	0.01	212.231	20.1802	193	233	
0.4	0.5	1	748	13	4	61	9333	61	9333	0.003	0	0.003	0.003	153	0	153	153	
0.4	0.5	5	749	2	4	48	4656	48	4656	0.003	0	0.003	0.003	97	0	97	97	
0.4	0.5	1	750	8	4	60	4620	60	4620	0.003	0	0.003	0.003	77	0	77	77	
