% start	end	CellId	IMSI	RNTI	LCID	nTxPDUs	TxBytes	nRxPDUs	RxBytes	delay	stdDev	min	max	PduSize	stdDev	min	max
0.4	0.5	10	1	5	4	49	7693	51	8007	0.01	0	0.01	0.01	157	0	157	157	
0.4	0.5	37	2	32	4	61	1952	61	1952	0.003	0	0.003	0.003	32	0	32	32	
0.4	0.5	2	3	6	4	66	4922	65	4845	0.00644615	0.00352682	0.003	0.01	74.5385	4.34122	67	77	
0.4	0.5	51	4	7	4	100	25300	100	25300	0.003	0	0.003	0.003	253	0	253	253	
0.4	0.5	40	5	5	4	95	14887	95	14815	0.00336842	0.00157137	0.003	0.01	155.947	31.8732	137	209	
0.4	0.5	41	6	5	4	68	8500	67	8374	0.00331343	0.00145861	0.003	0.01	124.985	0.122169	124	125	
0.4	0.5	41	7	6	4	77	12397	76	12236	0.003	0	0.003	0.003	161	0	161	161	
0.4	0.5	17	8	4	4	100	15699	100	15699	0.003	0	0.003	0.003	156.99	0.1	156	157	
0.4	0.5	41	9	10	4	71	4757	70	4690	0.003	0	0.003	0.003	67	0	67	67	
0.4	0.5	34	10	11	4	100	6700	100	6700	0.003	0	0.003	0.003	67	0	67	67	
0.4	0.5	33	11	8	4	100	105600	100	105600	0.003	0	0.003	0.003	1056	0	1056	1056	
0.4	0.5	26	12	3	4	59	7075	61	7269	0.00759016	0.00335349	0.003	0.01	119.164	42.9423	97	201	
0.4	0.5	3	13	7	4	76	42076	75	41831	0.00524	0.00328732	0.003	0.01	557.747	128.789	389	693	
0.4	0.5	52	14	18	4	62	1984	63	2016	0.003	0	0.003	0.003	32	0	32	32	
0.4	0.5	10	15	7	4	100	53300	100	53300	0.003	0	0.003	0.003	533	0	533	533	
0.4	0.5	22	16	11	4	98	31642	98	32114	0.00314286	0.000994832	0.003	0.01	327.694	115.158	233	469	
0.4	0.5	38	17	13	4	100	26900	100	26900	0.003	0	0.003	0.003	269	0	269	269	
0.4	0.5	39	18	10	4	81	3969	82	4018	0.003	0	0.003	0.003	49	0	49	49	
0.4	0.5	43	19	2	4	83	6391	84	6468	0.00441667	0.00282931	0.003	0.01	77	0	77	77	
0.4	0.5	39	20	14	4	57	8721	57	8721	0.00803509	0.00317335	0.003	0.01	153	0	153	153	
0.4	0.5	8	21	4	4	99	17830	99	17918	0.00307071	0.000703526	0.003	0.01	180.99	22.0114	157	201	
0.4	0.5	41	22	12	4	71	6887	70	6790	0.003	0	0.003	0.003	97	0	97	97	
0.4	0.5	39	23	6	4	80	10000	80	10000	0.003	0	0.003	0.003	125	0	125	125	
0.4	0.5	11	24	4	4	100	105276	100	105276	0.003	0	0.003	0.003	1052.76	34.9005	935	1063	
0.4	0.5	42	25	3	4	81	60669	80	59920	0.00475	0.00305021	0.003	0.01	749	0	749	749	
0.4	0.5	21	26	3	4	100	16100	100	16100	0.003	0	0.003	0.003	161	0	161	161	
0.4	0.5	1	27	17	4	100	15300	100	15300	0.003	0	0.003	0.003	153	0	153	153	
0.4	0.5	28	28	10	4	100	42940	100	43316	0.003	0	0.003	0.003	433.16	138.538	373	749	
0.4	0.5	6	29	3	4	57	10841	57	10841	0.00840351	0.00296322	0.003	0.01	190.193	9.13283	161	193	
0.4	0.5	5	30	49	4	35	3395	35	3395	0.006	0.00351468	0.003	0.01	97	0	97	97	
0.4	0.5	39	31	26	4	79	5293	78	5226	0.003	0	0.003	0.003	67	0	67	67	
0.4	0.5	45	32	4	4	100	25300	100	25300	0.003	0	0.003	0.003	253	0	253	253	
0.4	0.5	16	33	4	4	95	59355	96	60000	0.00336458	0.00156353	0.003	0.01	625	8.99122	621	645	
0.4	0.5	5	34	1	4	40	3800	40	3800	0.004925	0.00316542	0.003	0.01	95	6.07644	77	97	
0.4	0.5	9	35	6	4	100	21308	100	21308	0.003	0	0.003	0.003	213.08	16.2305	209	277	
0.4	0.5	33	36	3	4	100	69299	100	69299	0.003	0	0.003	0.003	692.99	0.1	692	693	
0.4	0.5	53	37	4	4	100	59700	100	59700	0.003	0	0.003	0.003	597	0	597	597	
0.4	0.5	43	38	1	4	99	15147	99	15147	0.00307071	0.000703526	0.003	0.01	153	0	153	153	
0.4	0.5	55	39	5	4	100	4899	100	4899	0.003	0	0.003	0.003	48.99	0.1	48	49	
0.4	0.5	22	40	4	4	99	17367	99	17623	0.00307071	0.000703526	0.003	0.01	178.01	63.3702	125	253	
0.4	0.5	44	41	3	4	100	25300	100	25300	0.003	0	0.003	0.003	253	0	253	253	
0.4	0.5	46	42	3	4	93	27993	92	27692	0.00360869	0.00198321	0.003	0.01	301	0	301	301	
0.4	0.5	21	43	7	4	100	15300	100	15300	0.003	0	0.003	0.003	153	0	153	153	
0.4	0.5	19	44	11	4	100	20100	100	20100	0.003	0	0.003	0.003	201	0	201	201	
0.4	0.5	39	45	8	4	79	5293	80	5360	0.003	0	0.003	0.003	67	0	67	67	
0.4	0.5	56	46	10	4	100	38900	100	38900	0.003	0	0.003	0.003	389	0	389	389	
0.4	0.5	30	47	10	4	61	4627	62	4694	0.00740322	0.00340905	0.003	0.01	75.7097	3.37972	67	77	
0.4	0.5	45	48	2	4	100	74898	100	74898	0.003	0	0.003	0.003	748.98	0.2	747	749	
0.4	0.5	55	49	1	4	100	7700	100	7700	0.003	0	0.003	0.003	77	0	77	77	
0.4	0.5	26	50	2	4	100	27924	100	27728	0.003	0	0.003	0.003	277.28	97.5237	193	389	
0.4	0.5	7	51	3	4	99	13563	100	13700	0.00307	0.0007	0.003	0.01	137	0	137	137	
0.4	0.5	35	52	8	4	100	20800	100	20800	0.003	0	0.003	0.003	208	25.6432	201	301	
0.4	0.5	13	53	8	4	100	25298	100	25298	0.003	0	0.003	0.003	252.98	0.2	251	253	
0.4	0.5	30	54	14	4	85	6545	85	6545	0.00423529	0.00268438	0.003	0.01	77	0	77	77	
0.4	0.5	23	55	5	4	95	14915	94	14758	0.00337234	0.00157933	0.003	0.01	157	0	157	157	
0.4	0.5	37	56	25	4	62	4154	62	4154	0.003	0	0.003	0.003	67	0	67	67	
0.4	0.5	25	57	6	4	100	40564	100	40772	0.003	0	0.003	0.003	407.72	59.8257	389	597	
0.4	0.5	54	58	4	4	100	40500	100	40500	0.003	0	0.003	0.003	405	0	405	405	
0.4	0.5	53	59	3	4	64	14912	65	15145	0.00676923	0.00351679	0.003	0.01	233	0	233	233	
0.4	0.5	27	60	6	4	100	105600	100	105600	0.003	0	0.003	0.003	1056	0	1056	1056	
0.4	0.5	45	61	9	4	76	11232	76	11232	0.00521053	0.00327543	0.003	0.01	147.789	10.035	137	157	
0.4	0.5	4	62	10	4	50	9650	51	9843	0.01	0	0.01	0.01	193	0	193	193	
0.4	0.5	34	63	3	4	100	9698	100	9698	0.003	0	0.003	0.003	96.98	0.2	95	97	
0.4	0.5	41	64	2	4	74	9194	74	9194	0.00328378	0.00138999	0.003	0.01	124.243	4.57153	97	125	
0.4	0.5	8	65	1	4	100	32500	100	32500	0.003	0	0.003	0.003	325	0	325	325	
0.4	0.5	39	66	16	4	80	6160	81	6237	0.00317284	0.00109305	0.003	0.01	77	0	77	77	
0.4	0.5	49	67	3	4	71	45555	73	46845	0.00578082	0.00344902	0.003	0.01	641.712	8.3091	621	645	
0.4	0.5	37	68	44	4	62	4154	63	4221	0.003	0	0.003	0.003	67	0	67	67	
0.4	0.5	38	69	14	4	100	19299	100	19299	0.003	0	0.003	0.003	192.99	0.1	192	193	
0.4	0.5	2	70	3	4	94	14854	94	14870	0.00344681	0.00172032	0.003	0.01	158.191	3.8389	153	161	
0.4	0.5	10	71	9	4	99	46270	99	46270	0.00307071	0.000703526	0.003	0.01	467.374	11.3115	389	469	
0.4	0.5	8	72	9	4	100	25194	100	25194	0.003	0	0.003	0.003	251.94	7.31654	201	253	
0.4	0.5	47	73	6	4	100	59699	100	59699	0.003	0	0.003	0.003	596.99	0.1	596	597	
0.4	0.5	32	74	3	4	100	38900	100	38900	0.003	0	0.003	0.003	389	0	389	389	
0.4	0.5	43	75	10	4	100	37300	100	37300	0.003	0	0.003	0.003	373	0	373	373	
0.4	0.5	30	76	1	4	100	9699	100	9699	0.003	0	0.003	0.003	96.99	0.1	96	97	
0.4	0.5	42	77	2	4	91	23023	90	22770	0.0037	0.00211176	0.003	0.01	253	0	253	253	
0.4	0.5	52	78	19	4	62	4772	62	4772	0.00322581	0.00124689	0.003	0.01	76.9677	0.254	75	77	
0.4	0.5	44	79	8	4	57	8669	58	8826	0.00831034	0.0030216	0.003	0.01	152.172	8.63314	137	157	
0.4	0.5	13	80	2	4	100	15699	100	15699	0.003	0	0.003	0.003	156.99	0.1	156	157	
0.4	0.5	41	81	13	4	77	5159	76	5092	0.003	0	0.003	0.003	67	0	67	67	
0.4	0.5	27	82	7	4	84	22972	84	23108	0.00441667	0.00282931	0.003	0.01	275.095	33.2206	233	301	
0.4	0.5	35	83	7	4	100	77322	100	77322	0.003	0	0.003	0.003	773.22	88.7256	749	1095	
0.4	0.5	2	84	2	4	51	4827	51	4827	0.00945098	0.00190067	0.003	0.01	94.6471	6.50791	77	97	
0.4	0.5	30	85	9	4	76	5092	76	5092	0.00511842	0.00323715	0.003	0.01	67	0	67	67	
0.4	0.5	55	86	9	4	97	9407	95	9213	0.00322105	0.00123063	0.003	0.01	96.9789	0.205196	95	97	
0.4	0.5	36	87	8	4	100	48051	100	48260	0.003	0	0.003	0.003	482.6	104	389	597	
0.4	0.5	28	88	12	4	100	14420	100	14548	0.003	0	0.003	0.003	145.48	47.162	125	253	
0.4	0.5	52	89	2	4	61	7401	60	7276	0.00346667	0.00176084	0.003	0.01	121.267	9.59849	97	125	
0.4	0.5	44	90	2	4	57	8708	54	8237	0.00844444	0.0029375	0.003	0.01	152.537	8.42887	136	157	
0.4	0.5	38	91	11	4	100	16100	100	16100	0.003	0	0.003	0.003	161	0	161	161	
0.4	0.5	7	92	10	4	99	30655	99	30655	0.00307071	0.000703526	0.003	0.01	309.646	3.16651	309	325	
0.4	0.5	1	93	9	4	100	30100	100	30100	0.003	0	0.003	0.003	301	0	301	301	
0.4	0.5	37	94	13	4	64	14912	63	14679	0.003	0	0.003	0.003	233	0	233	233	
0.4	0.5	54	95	1	4	100	49908	100	49908	0.003	0	0.003	0.003	499.08	41.2667	405	517	
0.4	0.5	37	96	26	4	61	2989	61	2989	0.00311475	0.000896258	0.003	0.01	49	0	49	49	
0.4	0.5	17	97	10	4	100	74900	100	74900	0.003	0	0.003	0.003	749	0	749	749	
0.4	0.5	41	98	27	4	70	4690	70	4690	0.0031	0.00083666	0.003	0.01	67	0	67	67	
0.4	0.5	12	99	4	4	100	13700	100	13700	0.003	0	0.003	0.003	137	0	137	137	
0.4	0.5	28	100	7	4	100	17640	100	17796	0.003	0	0.003	0.003	177.96	57.4787	153	309	
0.4	0.5	39	101	18	4	82	4018	83	4067	0.003	0	0.003	0.003	49	0	49	49	
0.4	0.5	30	102	12	4	80	7760	79	7663	0.00468354	0.00301085	0.003	0.01	97	0	97	97	
0.4	0.5	37	103	47	4	57	5527	58	5624	0.00360345	0.00198184	0.003	0.01	96.9655	0.262613	95	97	
0.4	0.5	55	104	15	4	72	9000	72	9000	0.00572222	0.00343643	0.003	0.01	125	0	125	125	
0.4	0.5	15	105	7	4	100	80700	100	80700	0.003	0	0.003	0.003	807	0	807	807	
0.4	0.5	41	106	37	4	70	3430	71	3479	0.003	0	0.003	0.003	49	0	49	49	
0.4	0.5	37	107	23	4	61	1952	60	1920	0.003	0	0.003	0.003	32	0	32	32	
0.4	0.5	10	108	10	4	100	53300	100	53300	0.003	0	0.003	0.003	533	0	533	533	
0.4	0.5	1	109	8	4	100	12500	100	12500	0.003	0	0.003	0.003	125	0	125	125	
0.4	0.5	6	110	7	4	98	6566	99	6633	0.00314141	0.000989847	0.003	0.01	67	0	67	67	
0.4	0.5	26	111	13	4	100	7186	100	7134	0.003	0	0.003	0.003	71.34	25.8513	49	101	
0.4	0.5	1	112	12	4	100	15300	100	15300	0.003	0	0.003	0.003	153	0	153	153	
0.4	0.5	25	113	5	4	100	77668	100	78014	0.003	0	0.003	0.003	780.14	99.5177	749	1095	
0.4	0.5	37	114	9	4	62	23123	61	22750	0.003	0	0.003	0.003	372.951	0.284384	371	373	
0.4	0.5	30	115	11	4	100	16100	100	16100	0.003	0	0.003	0.003	161	0	161	161	
0.4	0.5	39	116	28	4	81	6237	80	6160	0.003	0	0.003	0.003	77	0	77	77	
0.4	0.5	4	117	7	4	100	28482	100	28746	0.003	0	0.003	0.003	287.46	67.704	267	533	
0.4	0.5	11	118	6	4	100	40500	100	40500	0.003	0	0.003	0.003	405	0	405	405	
0.4	0.5	41	119	24	4	73	3118	73	3101	0.00338356	0.00160408	0.003	0.01	42.4795	8.32351	32	49	
0.4	0.5	21	120	8	4	100	19300	100	19300	0.003	0	0.003	0.003	193	0	193	193	
0.4	0.5	44	121	10	4	88	24784	87	24475	0.00396552	0.00242779	0.003	0.01	281.322	28.1605	253	309	
0.4	0.5	7	122	2	4	100	32498	100	32498	0.003	0	0.003	0.003	324.98	0.2	323	325	
0.4	0.5	41	123	36	4	76	9500	76	9500	0.003	0	0.003	0.003	125	0	125	125	
0.4	0.5	3	124	3	4	100	19196	100	19348	0.003	0	0.003	0.003	193.48	38.1609	157	233	
0.4	0.5	41	125	3	4	71	1562	71	1562	0.003	0	0.003	0.003	22	0	22	22	
0.4	0.5	36	126	5	4	100	31284	100	31420	0.003	0	0.003	0.003	314.2	68	253	389	
0.4	0.5	38	127	6	4	100	12499	100	12499	0.003	0	0.003	0.003	124.99	0.1	124	125	
0.4	0.5	57	128	4	4	100	77500	100	77500	0.003	0	0.003	0.003	775	0	775	775	
0.4	0.5	47	129	1	4	87	40046	84	38495	0.00408333	0.00254695	0.003	0.01	458.274	70.993	233	485	
0.4	0.5	48	130	5	4	91	17851	89	17449	0.00370786	0.0021224	0.003	0.01	196.056	13.9743	157	201	
0.4	0.5	12	131	6	4	100	13699	100	13700	0.003	0	0.003	0.003	137	0	137	137	
0.4	0.5	31	132	2	4	67	14615	69	15173	0.00624638	0.00351637	0.003	0.01	219.899	32.7046	157	253	
0.4	0.5	4	133	5	4	100	13266	100	13396	0.003	0	0.003	0.003	133.96	32.8233	125	253	
0.4	0.5	56	134	9	4	100	30900	100	30900	0.003	0	0.003	0.003	309	0	309	309	
0.4	0.5	53	135	7	4	100	20900	100	20900	0.003	0	0.003	0.003	209	0	209	209	
0.4	0.5	52	136	6	4	60	5680	60	5680	0.00405	0.00252059	0.003	0.01	94.6667	6.47464	77	97	
0.4	0.5	55	137	3	4	91	11375	91	11375	0.00369231	0.00210128	0.003	0.01	125	0	125	125	
0.4	0.5	37	138	34	4	62	11964	62	11964	0.0031129	0.000889001	0.003	0.01	192.968	0.254	191	193	
0.4	0.5	3	139	1	4	54	8358	54	8358	0.00922222	0.00222054	0.003	0.01	154.778	6.34441	137	157	
0.4	0.5	15	140	4	4	71	21371	73	21973	0.00587671	0.00346789	0.003	0.01	301	0	301	301	
0.4	0.5	6	141	9	4	82	13088	84	13410	0.00458333	0.00294614	0.003	0.01	159.643	2.99656	153	161	
0.4	0.5	41	142	8	4	71	6887	70	6790	0.003	0	0.003	0.003	97	0	97	97	
0.4	0.5	52	143	38	4	64	6208	64	6208	0.003	0	0.003	0.003	97	0	97	97	
0.4	0.5	51	144	2	4	76	23900	72	22632	0.00533333	0.00332299	0.003	0.01	314.333	7.5954	309	325	
0.4	0.5	31	145	7	4	100	44980	100	44772	0.003	0	0.003	0.003	447.72	98.7892	325	597	
0.4	0.5	21	146	12	4	100	26900	100	26900	0.003	0	0.003	0.003	269	0	269	269	
0.4	0.5	4	147	14	4	99	16081	99	16237	0.00307071	0.000703526	0.003	0.01	164.01	40.1979	151	309	
0.4	0.5	21	148	9	4	100	4900	100	4900	0.003	0	0.003	0.003	49	0	49	49	
0.4	0.5	37	149	46	4	62	1984	62	1984	0.003	0	0.003	0.003	32	0	32	32	
0.4	0.5	20	150	7	4	100	59700	100	59700	0.003	0	0.003	0.003	597	0	597	597	
0.4	0.5	17	151	2	4	100	74900	100	74900	0.003	0	0.003	0.003	749	0	749	749	
0.4	0.5	34	152	15	4	100	7699	100	7699	0.003	0	0.003	0.003	76.99	0.1	76	77	
0.4	0.5	35	153	6	4	88	28022	88	28022	0.00403409	0.00249804	0.003	0.01	318.432	7.94202	307	325	
0.4	0.5	49	154	4	4	100	77498	100	77498	0.003	0	0.003	0.003	774.98	0.2	773	775	
0.4	0.5	5	155	6	4	46	4462	47	4559	0.00329787	0.00142821	0.003	0.01	97	0	97	97	
0.4	0.5	34	156	14	4	100	26900	100	26900	0.003	0	0.003	0.003	269	0	269	269	
0.4	0.5	17	157	7	4	100	25299	100	25299	0.003	0	0.003	0.003	252.99	0.1	252	253	
0.4	0.5	21	158	4	4	54	8478	54	8478	0.00922222	0.00222054	0.003	0.01	157	11.4199	125	161	
0.4	0.5	32	159	2	4	100	32500	100	32500	0.003	0	0.003	0.003	325	0	325	325	
0.4	0.5	2	160	16	4	100	17539	100	17571	0.003	0	0.003	0.003	175.71	16.0386	160	193	
0.4	0.5	14	161	10	4	98	45066	98	45066	0.00314286	0.000994832	0.003	0.01	459.857	36.8312	389	693	
0.4	0.5	55	162	4	4	74	5498	76	5632	0.00530263	0.00331067	0.003	0.01	74.1053	4.56532	67	77	
0.4	0.5	15	163	1	4	58	13058	61	13757	0.00781967	0.00326858	0.003	0.01	225.525	11.2066	209	233	
0.4	0.5	46	164	2	4	68	19244	67	19079	0.00634328	0.00352288	0.003	0.01	284.761	29.2109	233	301	
0.4	0.5	52	165	15	4	62	11965	63	12158	0.003	0	0.003	0.003	192.984	0.125988	192	193	
0.4	0.5	38	166	10	4	100	6700	100	6700	0.003	0	0.003	0.003	67	0	67	67	
0.4	0.5	45	167	10	4	100	30900	100	30900	0.003	0	0.003	0.003	309	0	309	309	
0.4	0.5	56	168	8	4	100	38900	100	38900	0.003	0	0.003	0.003	389	0	389	389	
0.4	0.5	6	169	10	4	100	26899	100	26899	0.003	0	0.003	0.003	268.99	0.1	268	269	
0.4	0.5	2	170	4	4	100	23300	100	23300	0.003	0	0.003	0.003	233	0	233	233	
0.4	0.5	16	171	1	4	94	28398	94	28398	0.00344681	0.00172032	0.003	0.01	302.106	19.4408	277	317	
0.4	0.5	22	172	12	4	100	52338	100	53090	0.003	0	0.003	0.003	530.9	186.53	371	749	
0.4	0.5	41	173	22	4	77	2464	75	2400	0.003	0	0.003	0.003	32	0	32	32	
0.4	0.5	26	174	8	4	100	53843	100	53467	0.003	0	0.003	0.003	534.67	187.095	372	749	
0.4	0.5	52	175	43	4	65	2080	62	1984	0.0031129	0.000889001	0.003	0.01	32	0	32	32	
0.4	0.5	32	176	5	4	53	10653	51	10251	0.00958823	0.00166345	0.003	0.01	201	0	201	201	
0.4	0.5	19	177	5	4	100	35188	100	35060	0.003	0	0.003	0.003	350.6	31.5114	325	389	
0.4	0.5	39	178	20	4	78	15054	79	15247	0.003	0	0.003	0.003	193	0	193	193	
0.4	0.5	52	179	10	4	60	13980	60	13980	0.003	0	0.003	0.003	233	0	233	233	
0.4	0.5	47	180	2	4	57	62415	56	61320	0.00825	0.00305852	0.003	0.01	1095	0	1095	1095	
0.4	0.5	42	181	1	4	100	39524	100	39524	0.003	0	0.003	0.003	395.24	35.6609	389	597	
0.4	0.5	23	182	10	4	100	30899	100	30899	0.003	0	0.003	0.003	308.99	0.1	308	309	
0.4	0.5	8	183	11	4	100	6900	100	6900	0.003	0	0.003	0.003	69	0	69	69	
0.4	0.5	37	184	35	4	62	4774	62	4774	0.003	0	0.003	0.003	77	0	77	77	
0.4	0.5	6	185	14	4	100	23300	100	23300	0.003	0	0.003	0.003	233	0	233	233	
0.4	0.5	8	186	10	4	100	13700	100	13700	0.003	0	0.003	0.003	137	0	137	137	
0.4	0.5	31	187	8	4	100	18208	100	18132	0.003	0	0.003	0.003	181.32	35.6308	157	233	
0.4	0.5	34	188	13	4	100	2200	98	2156	0.003	0	0.003	0.003	22	0	22	22	
0.4	0.5	13	189	12	4	51	15757	54	16684	0.00922222	0.00222054	0.003	0.01	308.963	0.272166	307	309	
0.4	0.5	24	190	7	4	100	26900	100	26900	0.003	0	0.003	0.003	269	0	269	269	
0.4	0.5	13	191	1	4	100	32499	100	32499	0.003	0	0.003	0.003	324.99	0.1	324	325	
0.4	0.5	39	192	1	4	80	21520	79	21251	0.003	0	0.003	0.003	269	0	269	269	
0.4	0.5	3	193	4	4	54	10470	54	10470	0.00922222	0.00222054	0.003	0.01	193.889	20.3021	137	201	
0.4	0.5	2	194	12	4	75	6855	74	6778	0.00527027	0.00329922	0.003	0.01	91.5946	8.94262	77	97	
0.4	0.5	41	195	16	4	71	8875	70	8750	0.003	0	0.003	0.003	125	0	125	125	
0.4	0.5	22	196	13	4	79	9951	80	10152	0.004925	0.00314532	0.003	0.01	126.9	47.367	97	201	
0.4	0.5	39	197	29	4	78	3822	78	3822	0.00326923	0.00135487	0.003	0.01	49	0	49	49	
0.4	0.5	16	198	5	4	100	105600	100	105600	0.003	0	0.003	0.003	1056	0	1056	1056	
0.4	0.5	42	199	6	4	100	32980	100	32980	0.003	0	0.003	0.003	329.8	27.4315	325	485	
0.4	0.5	28	200	9	4	62	7814	62	7814	0.00717742	0.00346185	0.003	0.01	126.032	35.7619	97	253	
0.4	0.5	26	201	6	4	97	22341	96	22016	0.00321875	0.00122434	0.003	0.01	229.333	81.2775	161	325	
0.4	0.5	37	202	6	4	63	7875	63	7875	0.003	0	0.003	0.003	125	0	125	125	
0.4	0.5	48	203	3	4	96	28936	95	28627	0.00329474	0.00141326	0.003	0.01	301.337	19.3482	253	309	
0.4	0.5	31	204	4	4	66	14513	68	15071	0.00639706	0.0035245	0.003	0.01	221.632	34.2139	157	301	
0.4	0.5	37	205	27	4	62	11966	62	11966	0.003	0	0.003	0.003	193	0	193	193	
0.4	0.5	4	206	13	4	87	33203	88	33576	0.00411364	0.002575	0.003	0.01	381.545	56.3574	373	749	
0.4	0.5	11	207	3	4	100	64308	100	64308	0.003	0	0.003	0.003	643.08	6.54384	621	645	
0.4	0.5	34	208	6	4	100	4899	100	4899	0.003	0	0.003	0.003	48.99	0.1	48	49	
0.4	0.5	39	209	21	4	83	1826	81	1782	0.003	0	0.003	0.003	22	0	22	22	
0.4	0.5	45	210	6	4	100	30676	100	30676	0.003	0	0.003	0.003	306.76	11.029	253	309	
0.4	0.5	50	211	1	4	100	59700	100	59700	0.003	0	0.003	0.003	597	0	597	597	
0.4	0.5	41	212	30	4	76	3724	77	3773	0.003	0	0.003	0.003	49	0	49	49	
0.4	0.5	52	213	3	4	62	4774	61	4697	0.003	0	0.003	0.003	77	0	77	77	
0.4	0.5	27	214	1	4	100	60056	100	60056	0.003	0	0.003	0.003	600.56	25.0455	597	775	
0.4	0.5	55	215	21	4	72	9000	72	9000	0.00572222	0.00343643	0.003	0.01	125	0	125	125	
0.4	0.5	2	216	9	4	90	8090	90	8130	0.00385555	0.00230564	0.003	0.01	90.3333	9.48091	77	97	
0.4	0.5	48	217	8	4	100	25300	100	25300	0.003	0	0.003	0.003	253	0	253	253	
0.4	0.5	39	218	23	4	80	29840	80	29840	0.003	0	0.003	0.003	373	0	373	373	
0.4	0.5	57	219	2	4	100	64498	100	64498	0.003	0	0.003	0.003	644.98	0.2	643	645	
0.4	0.5	52	220	26	4	63	1406	62	1384	0.003	0	0.003	0.003	22.3226	1.78127	22	32	
0.4	0.5	39	221	11	4	61	4697	61	4697	0.0072459	0.00344797	0.003	0.01	77	0	77	77	
0.4	0.5	19	222	1	4	100	25300	100	25300	0.003	0	0.003	0.003	253	0	253	253	
0.4	0.5	41	223	4	4	76	3722	76	3722	0.003	0	0.003	0.003	48.9737	0.229416	47	49	
0.4	0.5	44	224	9	4	100	50228	100	50228	0.003	0	0.003	0.003	502.28	32.1355	469	533	
0.4	0.5	32	225	8	4	99	25047	99	25047	0.00307071	0.000703526	0.003	0.01	253	0	253	253	
0.4	0.5	8	226	6	4	100	13700	100	13700	0.003	0	0.003	0.003	137	0	137	137	
0.4	0.5	27	227	4	4	100	30306	100	30307	0.003	0	0.003	0.003	303.07	14.6351	300	405	
0.4	0.5	26	228	11	4	60	7880	59	7755	0.00762712	0.00334199	0.003	0.01	131.441	36.7734	97	253	
0.4	0.5	28	229	11	4	50	4954	52	5148	0.00986538	0.000970725	0.003	0.01	99	14.4222	97	201	
0.4	0.5	17	230	1	4	100	32499	100	32499	0.003	0	0.003	0.003	324.99	0.1	324	325	
0.4	0.5	43	231	4	4	100	37300	100	37300	0.003	0	0.003	0.003	373	0	373	373	
0.4	0.5	37	232	1	4	63	4221	63	4221	0.003	0	0.003	0.003	67	0	67	67	
0.4	0.5	41	233	25	4	71	8875	70	8750	0.003	0	0.003	0.003	125	0	125	125	
0.4	0.5	21	234	1	4	100	9700	100	9700	0.003	0	0.003	0.003	97	0	97	97	
0.4	0.5	55	235	25	4	99	5985	99	5949	0.00307071	0.000703526	0.003	0.01	60.0909	8.7983	49	67	
0.4	0.5	4	236	9	4	100	39556	100	39932	0.003	0	0.003	0.003	399.32	96.4186	373	749	
0.4	0.5	55	237	22	4	100	19300	100	19300	0.003	0	0.003	0.003	193	0	193	193	
0.4	0.5	16	238	2	4	100	99899	100	99899	0.003	0	0.003	0.003	998.99	64.3124	935	1063	
0.4	0.5	2	239	17	4	100	30100	100	30100	0.003	0	0.003	0.003	301	0	301	301	
0.4	0.5	35	240	4	4	100	26252	100	26252	0.003	0	0.003	0.003	262.52	34.8748	253	389	
0.4	0.5	3	241	2	4	54	8357	54	8357	0.00922222	0.00222054	0.003	0.01	154.759	6.33926	137	157	
0.4	0.5	52	242	13	4	64	3136	65	3185	0.003	0	0.003	0.003	49	0	49	49	
0.4	0.5	41	243	41	4	75	3675	76	3724	0.0030921	0.000802955	0.003	0.01	49	0	49	49	
0.4	0.5	53	244	1	4	100	105600	100	105600	0.003	0	0.003	0.003	1056	0	1056	1056	
0.4	0.5	49	245	2	4	53	16601	53	16601	0.00933962	0.00206568	0.003	0.01	313.226	11.8039	277	317	
0.4	0.5	23	246	1	4	51	12902	51	12902	0.00986274	0.000980196	0.003	0.01	252.98	0.140028	252	253	
0.4	0.5	52	247	7	4	63	4221	63	4221	0.003	0	0.003	0.003	67	0	67	67	
0.4	0.5	56	248	3	4	100	25300	100	25300	0.003	0	0.003	0.003	253	0	253	253	
0.4	0.5	38	249	12	4	100	15300	100	15300	0.003	0	0.003	0.003	153	0	153	153	
0.4	0.5	34	250	17	4	100	7699	100	7699	0.003	0	0.003	0.003	76.99	0.1	76	77	
0.4	0.5	9	251	1	4	94	55272	94	55272	0.00344681	0.00172032	0.003	0.01	588	40.7085	485	775	
0.4	0.5	43	252	16	4	52	4004	53	4081	0.00907547	0.00239269	0.003	0.01	77	0	77	77	
0.4	0.5	20	253	3	4	100	59700	100	59700	0.003	0	0.003	0.003	597	0	597	597	
0.4	0.5	4	254	1	4	100	28196	100	28195	0.00307	0.0007	0.003	0.01	281.95	64.493	233	533	
0.4	0.5	4	255	11	4	93	9333	93	9437	0.00345161	0.00172901	0.003	0.01	101.473	21.214	97	201	
0.4	0.5	19	256	9	4	100	10100	100	10100	0.003	0	0.003	0.003	101	0	101	101	
0.4	0.5	52	257	20	4	63	3087	63	3087	0.003	0	0.003	0.003	49	0	49	49	
0.4	0.5	10	258	8	4	100	74900	100	74900	0.003	0	0.003	0.003	749	0	749	749	
0.4	0.5	28	259	1	4	99	11163	99	11267	0.00307071	0.000703526	0.003	0.01	113.808	38.477	97	201	
0.4	0.5	52	260	39	4	61	9333	60	9180	0.003	0	0.003	0.003	153	0	153	153	
0.4	0.5	56	261	1	4	100	30900	100	30900	0.003	0	0.003	0.003	309	0	309	309	
0.4	0.5	38	262	4	4	100	15300	100	15300	0.003	0	0.003	0.003	153	0	153	153	
0.4	0.5	20	263	2	4	49	19061	51	19839	0.01	0	0.01	0.01	389	0	389	389	
0.4	0.5	11	264	2	4	100	105600	100	105600	0.003	0	0.003	0.003	1056	0	1056	1056	
0.4	0.5	28	265	14	4	50	3850	51	3927	0.01	0	0.01	0.01	77	0	77	77	
0.4	0.5	43	266	7	4	100	6700	100	6700	0.003	0	0.003	0.003	67	0	67	67	
0.4	0.5	21	267	6	4	100	19299	100	19299	0.003	0	0.003	0.003	192.99	0.1	192	193	
0.4	0.5	6	268	11	4	100	6700	100	6700	0.003	0	0.003	0.003	67	0	67	67	
0.4	0.5	52	269	34	4	65	8125	65	8125	0.003	0	0.003	0.003	125	0	125	125	
0.4	0.5	55	270	20	4	81	7857	81	7857	0.00472839	0.00303732	0.003	0.01	97	0	97	97	
0.4	0.5	44	271	7	4	100	74900	100	74900	0.003	0	0.003	0.003	749	0	749	749	
0.4	0.5	8	272	5	4	100	30900	100	30900	0.003	0	0.003	0.003	309	0	309	309	
0.4	0.5	46	273	1	4	88	96360	88	96360	0.00395454	0.00241599	0.003	0.01	1095	0	1095	1095	
0.4	0.5	12	274	8	4	100	32500	100	32500	0.003	0	0.003	0.003	325	0	325	325	
0.4	0.5	12	275	9	4	100	38900	100	38900	0.003	0	0.003	0.003	389	0	389	389	
0.4	0.5	37	276	8	4	62	9486	61	9333	0.003	0	0.003	0.003	153	0	153	153	
0.4	0.5	21	277	10	4	99	15939	98	15778	0.00307143	0.000707107	0.003	0.01	161	0	161	161	
0.4	0.5	55	278	24	4	100	7700	100	7700	0.003	0	0.003	0.003	77	0	77	77	
0.4	0.5	23	279	6	4	100	74900	100	74900	0.003	0	0.003	0.003	749	0	749	749	
0.4	0.5	57	280	1	4	100	93498	100	93498	0.003	0	0.003	0.003	934.98	0.2	933	935	
0.4	0.5	48	281	6	4	100	25300	100	25300	0.003	0	0.003	0.003	253	0	253	253	
0.4	0.5	34	282	4	4	100	15300	100	15300	0.003	0	0.003	0.003	153	0	153	153	
0.4	0.5	31	283	6	4	100	23400	100	23300	0.003	0	0.003	0.003	233	46.8826	201	301	
0.4	0.5	33	284	6	4	87	20101	84	19404	0.00408333	0.00254695	0.003	0.01	231	6.67309	209	233	
0.4	0.5	23	285	7	4	100	74900	100	74900	0.003	0	0.003	0.003	749	0	749	749	
0.4	0.5	6	286	20	4	96	18208	96	18176	0.00329167	0.00140613	0.003	0.01	189.333	10.2461	161	193	
0.4	0.5	37	287	14	4	63	4221	62	4154	0.003	0	0.003	0.003	67	0	67	67	
0.4	0.5	52	288	33	4	65	6305	65	6305	0.003	0	0.003	0.003	97	0	97	97	
0.4	0.5	39	289	31	4	83	2654	82	2622	0.003	0	0.003	0.003	31.9756	0.220863	30	32	
0.4	0.5	37	290	33	4	62	1984	62	1984	0.003	0	0.003	0.003	32	0	32	32	
0.4	0.5	2	291	14	4	100	6700	100	6700	0.003	0	0.003	0.003	67	0	67	67	
0.4	0.5	7	292	6	4	100	46899	100	46899	0.003	0	0.003	0.003	468.99	0.1	468	469	
0.4	0.5	41	293	32	4	76	2432	77	2464	0.003	0	0.003	0.003	32	0	32	32	
0.4	0.5	36	294	4	4	62	10298	61	10045	0.00747541	0.00338923	0.003	0.01	164.672	31.6758	137	233	
0.4	0.5	37	295	39	4	62	1984	62	1984	0.003	0	0.003	0.003	32	0	32	32	
0.4	0.5	9	296	4	4	65	31557	67	32527	0.00676119	0.00351658	0.003	0.01	485.478	30.2517	453	645	
0.4	0.5	3	297	9	4	100	39730	99	39725	0.003	0	0.003	0.003	401.263	79.2926	323	485	
0.4	0.5	10	298	4	4	50	7830	53	8301	0.00973585	0.00134666	0.003	0.01	156.623	2.74721	137	157	
0.4	0.5	57	299	3	4	100	40499	100	40499	0.003	0	0.003	0.003	404.99	0.1	404	405	
0.4	0.5	38	300	5	4	100	12499	100	12499	0.003	0	0.003	0.003	124.99	0.1	124	125	
0.4	0.5	13	301	10	4	100	13700	100	13700	0.003	0	0.003	0.003	137	0	137	137	
0.4	0.5	48	302	1	4	100	74900	100	74900	0.003	0	0.003	0.003	749	0	749	749	
0.4	0.5	22	303	2	4	100	32740	100	33212	0.003	0	0.003	0.003	332.12	117.067	233	469	
0.4	0.5	43	304	15	4	99	19107	99	19107	0.00307071	0.000703526	0.003	0.01	193	0	193	193	
0.4	0.5	51	305	9	4	100	74899	100	74899	0.003	0	0.003	0.003	748.99	0.1	748	749	
0.4	0.5	27	306	2	4	100	48820	100	48820	0.003	0	0.003	0.003	488.2	22.5128	485	645	
0.4	0.5	14	307	9	4	51	8007	49	7693	0.01	0	0.01	0.01	157	0	157	157	
0.4	0.5	39	308	19	4	83	13363	84	13524	0.003	0	0.003	0.003	161	0	161	161	
0.4	0.5	4	309	3	4	58	7250	57	7125	0.0082807	0.00303994	0.003	0.01	125	0	125	125	
0.4	0.5	8	310	7	4	99	8590	99	8654	0.00307071	0.000703526	0.003	0.01	87.4141	15.8874	69	101	
0.4	0.5	37	311	22	4	61	2989	61	2989	0.003	0	0.003	0.003	49	0	49	49	
0.4	0.5	52	312	4	4	62	4154	62	4154	0.003	0	0.003	0.003	67	0	67	67	
0.4	0.5	12	313	2	4	100	32340	99	32015	0.003	0	0.003	0.003	323.384	4.84601	309	325	
0.4	0.5	18	314	3	4	100	105600	100	105600	0.003	0	0.003	0.003	1056	0	1056	1056	
0.4	0.5	35	315	3	4	70	11066	73	11537	0.00587671	0.00346789	0.003	0.01	158.041	8.89513	157	233	
0.4	0.5	48	316	4	4	73	17429	72	17072	0.00552778	0.00338585	0.003	0.01	237.111	24.1215	201	253	
0.4	0.5	2	317	7	4	100	6700	100	6700	0.003	0	0.003	0.003	67	0	67	67	
0.4	0.5	25	318	2	4	100	48692	100	48916	0.003	0	0.003	0.003	489.16	64.4277	469	693	
0.4	0.5	37	319	31	4	61	4087	61	4087	0.003	0	0.003	0.003	67	0	67	67	
0.4	0.5	5	320	13	4	36	4500	35	4375	0.0056	0.00343169	0.003	0.01	125	0	125	125	
0.4	0.5	34	321	16	4	100	9700	100	9700	0.003	0	0.003	0.003	97	0	97	97	
0.4	0.5	45	322	7	4	75	11599	71	10991	0.0053662	0.00333484	0.003	0.01	154.803	26.1406	137	201	
0.4	0.5	37	323	48	4	61	1950	60	1918	0.003	0	0.003	0.003	31.9667	0.258199	30	32	
0.4	0.5	23	324	11	4	100	13700	100	13700	0.003	0	0.003	0.003	137	0	137	137	
0.4	0.5	39	325	4	4	63	7873	64	7998	0.00628125	0.00352077	0.003	0.01	124.969	0.25	123	125	
0.4	0.5	1	326	14	4	91	7006	91	7006	0.00369231	0.00210128	0.003	0.01	76.989	0.104828	76	77	
0.4	0.5	21	327	11	4	100	4900	100	4900	0.003	0	0.003	0.003	49	0	49	49	
0.4	0.5	36	328	2	4	56	19320	54	18846	0.0087037	0.00274467	0.003	0.01	349	65.1037	309	453	
0.4	0.5	39	329	30	4	83	5561	82	5494	0.003	0	0.003	0.003	67	0	67	67	
0.4	0.5	41	330	9	4	61	4467	62	4564	0.00480645	0.00308799	0.003	0.01	73.6129	4.77134	67	77	
0.4	0.5	52	331	9	4	65	4355	65	4355	0.003	0	0.003	0.003	67	0	67	67	
0.4	0.5	41	332	31	4	70	8750	71	8875	0.003	0	0.003	0.003	125	0	125	125	
0.4	0.5	10	333	3	4	100	46900	100	46900	0.003	0	0.003	0.003	469	0	469	469	
0.4	0.5	52	334	29	4	62	6012	62	6012	0.00367742	0.00208644	0.003	0.01	96.9677	0.254	95	97	
0.4	0.5	36	335	3	4	100	24500	100	24600	0.003	0	0.003	0.003	246	50	201	301	
0.4	0.5	34	336	8	4	100	6700	100	6700	0.003	0	0.003	0.003	67	0	67	67	
0.4	0.5	52	337	37	4	61	9333	61	9333	0.003	0	0.003	0.003	153	0	153	153	
0.4	0.5	36	338	1	4	56	10260	54	9902	0.00883333	0.00263324	0.003	0.01	183.37	25.824	137	201	
0.4	0.5	16	339	3	4	75	46399	77	47689	0.00527273	0.00329927	0.003	0.01	619.338	34.3931	517	645	
0.4	0.5	32	340	1	4	100	74900	100	74900	0.003	0	0.003	0.003	749	0	749	749	
0.4	0.5	37	341	40	4	60	1920	61	1952	0.003	0	0.003	0.003	32	0	32	32	
0.4	0.5	4	342	4	4	99	31599	99	31919	0.00307071	0.000703526	0.003	0.01	322.414	79.7861	269	621	
0.4	0.5	28	343	3	4	100	14420	100	14548	0.003	0	0.003	0.003	145.48	47.162	125	253	
0.4	0.5	51	344	3	4	100	25300	100	25300	0.003	0	0.003	0.003	253	0	253	253	
0.4	0.5	50	345	2	4	100	48500	100	48500	0.003	0	0.003	0.003	485	0	485	485	
0.4	0.5	9	346	3	4	89	39845	89	39845	0.00386517	0.00231689	0.003	0.01	447.697	27.527	389	621	
0.4	0.5	8	347	2	4	100	13700	100	13700	0.003	0	0.003	0.003	137	0	137	137	
0.4	0.5	42	348	10	4	100	10256	100	10256	0.003	0	0.003	0.003	102.56	8.91522	101	153	
0.4	0.5	37	349	12	4	63	4851	62	4774	0.003	0	0.003	0.003	77	0	77	77	
0.4	0.5	20	350	8	4	100	30100	100	30100	0.003	0	0.003	0.003	301	0	301	301	
0.4	0.5	40	351	1	4	100	53172	100	52948	0.003	0	0.003	0.003	529.48	99.9479	469	693	
0.4	0.5	48	352	2	4	100	53300	100	53300	0.003	0	0.003	0.003	533	0	533	533	
0.4	0.5	15	353	3	4	100	105600	100	105600	0.003	0	0.003	0.003	1056	0	1056	1056	
0.4	0.5	49	354	6	4	100	105600	100	105600	0.003	0	0.003	0.003	1056	0	1056	1056	
0.4	0.5	19	355	8	4	100	30900	100	30900	0.003	0	0.003	0.003	309	0	309	309	
0.4	0.5	6	356	5	4	93	20829	93	20829	0.00352688	0.00185678	0.003	0.01	223.968	16.8151	193	233	
0.4	0.5	55	357	8	4	100	3200	100	3200	0.003	0	0.003	0.003	32	0	32	32	
0.4	0.5	52	358	40	4	67	4488	66	4421	0.003	0	0.003	0.003	66.9848	0.123091	66	67	
0.4	0.5	35	359	9	4	100	26252	100	26252	0.003	0	0.003	0.003	262.52	34.8748	253	389	
0.4	0.5	10	360	2	4	100	20100	100	20100	0.003	0	0.003	0.003	201	0	201	201	
0.4	0.5	34	361	1	4	99	6633	99	6633	0.00307071	0.000703526	0.003	0.01	67	0	67	67	
0.4	0.5	51	362	5	4	94	22118	95	22475	0.0034421	0.00171176	0.003	0.01	236.579	24.2994	201	253	
0.4	0.5	20	363	4	4	97	37733	97	37733	0.00321649	0.00121815	0.003	0.01	389	0	389	389	
0.4	0.5	42	364	9	4	100	25708	100	25708	0.003	0	0.003	0.003	257.08	23.3167	253	389	
0.4	0.5	41	365	14	4	71	2272	70	2240	0.003	0	0.003	0.003	32	0	32	32	
0.4	0.5	52	366	28	4	46	4462	47	4559	0.00627659	0.00353062	0.003	0.01	97	0	97	97	
0.4	0.5	43	367	6	4	99	7622	99	7622	0.00307071	0.000703526	0.003	0.01	76.9899	0.100504	76	77	
0.4	0.5	44	368	4	4	100	30899	100	30899	0.003	0	0.003	0.003	308.99	0.1	308	309	
0.4	0.5	18	369	2	4	100	103100	100	103100	0.003	0	0.003	0.003	1031	0	1031	1031	
0.4	0.5	11	370	1	4	100	51700	100	51700	0.003	0	0.003	0.003	517	0	517	517	
0.4	0.5	25	371	9	4	90	14510	88	14196	0.003875	0.0023283	0.003	0.01	161.318	17.6944	157	233	
0.4	0.5	40	372	3	4	96	27552	96	27416	0.00329167	0.00140613	0.003	0.01	285.583	58.3535	253	389	
0.4	0.5	30	373	13	4	100	16100	100	16100	0.003	0	0.003	0.003	161	0	161	161	
0.4	0.5	36	374	7	4	100	90124	100	90470	0.003	0	0.003	0.003	904.7	173	749	1095	
0.4	0.5	2	375	1	4	100	7700	100	7700	0.003	0	0.003	0.003	77	0	77	77	
0.4	0.5	13	376	11	4	87	13659	88	13816	0.00403409	0.00249804	0.003	0.01	157	0	157	157	
0.4	0.5	14	377	5	4	100	15776	100	15776	0.003	0	0.003	0.003	157.76	7.6	157	233	
0.4	0.5	2	378	15	4	81	11103	81	11075	0.00446913	0.0028683	0.003	0.01	136.728	13.9275	123	153	
0.4	0.5	3	379	6	4	100	75072	100	75636	0.003	0	0.003	0.003	756.36	141.597	621	903	
0.4	0.5	36	380	6	4	64	10662	65	10895	0.00709231	0.00347636	0.003	0.01	167.615	33.1491	137	233	
0.4	0.5	55	381	2	4	90	6778	92	6932	0.00376087	0.00219074	0.003	0.01	75.3478	3.7105	67	77	
0.4	0.5	32	382	6	4	100	74900	100	74900	0.003	0	0.003	0.003	749	0	749	749	
0.4	0.5	32	383	7	4	100	13699	100	13699	0.003	0	0.003	0.003	136.99	0.1	136	137	
0.4	0.5	54	384	5	4	100	51700	100	51700	0.003	0	0.003	0.003	517	0	517	517	
0.4	0.5	40	385	6	4	100	44724	100	44516	0.003	0	0.003	0.003	445.16	92.8088	389	597	
0.4	0.5	17	386	6	4	100	20100	100	20100	0.003	0	0.003	0.003	201	0	201	201	
0.4	0.5	42	387	7	4	100	7008	100	7008	0.003	0	0.003	0.003	70.08	6.17208	69	105	
0.4	0.5	54	388	3	4	100	51700	100	51700	0.003	0	0.003	0.003	517	0	517	517	
0.4	0.5	28	389	6	4	99	11059	99	11163	0.00307071	0.000703526	0.003	0.01	112.758	37.479	97	201	
0.4	0.5	46	390	7	4	100	30100	100	30100	0.003	0	0.003	0.003	301	0	301	301	
0.4	0.5	51	391	6	4	100	53300	100	53300	0.003	0	0.003	0.003	533	0	533	533	
0.4	0.5	14	392	6	4	93	22853	91	22347	0.00346154	0.00174679	0.003	0.01	245.571	18.297	201	253	
0.4	0.5	45	393	11	4	100	21555	100	21555	0.003	0	0.003	0.003	215.55	23.472	200	253	
0.4	0.5	9	394	5	4	85	76146	84	75243	0.00433333	0.00276525	0.003	0.01	895.75	68.1432	806	1239	
0.4	0.5	17	395	3	4	59	8983	58	8826	0.00818965	0.00309191	0.003	0.01	152.172	8.63314	137	157	
0.4	0.5	55	396	6	4	99	6633	99	6633	0.00307071	0.000703526	0.003	0.01	67	0	67	67	
0.4	0.5	2	397	10	4	100	3200	99	3168	0.003	0	0.003	0.003	32	0	32	32	
0.4	0.5	53	398	2	4	100	105600	100	105600	0.003	0	0.003	0.003	1056	0	1056	1056	
0.4	0.5	13	399	6	4	100	38900	100	38900	0.003	0	0.003	0.003	389	0	389	389	
0.4	0.5	38	400	1	4	100	26899	100	26899	0.003	0	0.003	0.003	268.99	0.1	268	269	
0.4	0.5	41	401	29	4	70	6790	71	6887	0.003	0	0.003	0.003	97	0	97	97	
0.4	0.5	38	402	8	4	99	7623	99	7623	0.00307071	0.000703526	0.003	0.01	77	0	77	77	
0.4	0.5	52	403	5	4	63	4221	63	4221	0.003	0	0.003	0.003	67	0	67	67	
0.4	0.5	30	404	7	4	100	16100	100	16100	0.003	0	0.003	0.003	161	0	161	161	
0.4	0.5	28	405	5	4	100	7750	100	7820	0.003	0	0.003	0.003	78.2	25.7917	67	137	
0.4	0.5	45	406	3	4	100	46740	100	46740	0.003	0	0.003	0.003	467.4	11.2564	389	469	
0.4	0.5	52	407	12	4	59	7375	60	7500	0.00358333	0.00195102	0.003	0.01	125	0	125	125	
0.4	0.5	51	408	8	4	71	10787	69	10473	0.00604348	0.00349552	0.003	0.01	151.783	8.84652	137	157	
0.4	0.5	56	409	4	4	100	32498	100	32498	0.003	0	0.003	0.003	324.98	0.2	323	325	
0.4	0.5	7	410	1	4	100	15700	100	15700	0.003	0	0.003	0.003	157	0	157	157	
0.4	0.5	7	411	8	4	100	25300	100	25300	0.003	0	0.003	0.003	253	0	253	253	
0.4	0.5	23	412	8	4	51	8006	50	7849	0.01	0	0.01	0.01	156.98	0.141421	156	157	
0.4	0.5	55	413	26	4	100	6700	100	6700	0.003	0	0.003	0.003	67	0	67	67	
0.4	0.5	52	414	21	4	63	4221	63	4221	0.003	0	0.003	0.003	67	0	67	67	
0.4	0.5	28	415	8	4	100	42940	100	43316	0.003	0	0.003	0.003	433.16	138.538	373	749	
0.4	0.5	52	416	1	4	63	4221	62	4154	0.003	0	0.003	0.003	67	0	67	67	
0.4	0.5	25	417	4	4	100	20899	100	20999	0.003	0	0.003	0.003	209.99	28.7657	200	301	
0.4	0.5	38	418	9	4	100	37300	100	37300	0.003	0	0.003	0.003	373	0	373	373	
0.4	0.5	55	419	11	4	100	4900	100	4900	0.003	0	0.003	0.003	49	0	49	49	
0.4	0.5	56	420	6	4	100	25299	100	25299	0.003	0	0.003	0.003	252.99	0.1	252	253	
0.4	0.5	25	421	8	4	81	12945	81	13019	0.00464197	0.00298458	0.003	0.01	160.728	16.5763	155	233	
0.4	0.5	23	422	3	4	100	20100	100	20100	0.003	0	0.003	0.003	201	0	201	201	
0.4	0.5	26	423	1	4	63	25971	62	25222	0.00706452	0.00348237	0.003	0.01	406.806	134.674	301	749	
0.4	0.5	26	424	9	4	89	12169	89	12065	0.00386517	0.00231689	0.003	0.01	135.562	50.5182	97	201	
0.4	0.5	52	425	36	4	63	7875	63	7875	0.003	0	0.003	0.003	125	0	125	125	
0.4	0.5	37	426	2	4	63	10143	63	10143	0.003	0	0.003	0.003	161	0	161	161	
0.4	0.5	7	427	5	4	100	13700	100	13700	0.003	0	0.003	0.003	137	0	137	137	
0.4	0.5	40	428	7	4	100	84586	100	84240	0.003	0	0.003	0.003	842.4	154.396	747	1095	
0.4	0.5	52	429	22	4	64	8000	64	8000	0.003	0	0.003	0.003	125	0	125	125	
0.4	0.5	19	430	2	4	100	25300	100	25300	0.003	0	0.003	0.003	253	0	253	253	
0.4	0.5	4	431	12	4	100	17083	100	17247	0.003	0	0.003	0.003	172.47	42.0578	160	325	
0.4	0.5	30	432	6	4	100	19298	100	19298	0.003	0	0.003	0.003	192.98	0.2	191	193	
0.4	0.5	14	433	8	4	56	13908	52	12896	0.00892308	0.00255025	0.003	0.01	248	15.4793	201	253	
0.4	0.5	37	434	7	4	62	3036	62	3036	0.003	0	0.003	0.003	48.9677	0.254	47	49	
0.4	0.5	55	435	16	4	96	12000	96	12000	0.00329167	0.00140613	0.003	0.01	125	0	125	125	
0.4	0.5	39	436	12	4	78	3822	79	3871	0.00308861	0.000787562	0.003	0.01	49	0	49	49	
0.4	0.5	41	437	11	4	76	3722	76	3722	0.003	0	0.003	0.003	48.9737	0.229416	47	49	
0.4	0.5	19	438	4	4	100	25300	100	25300	0.003	0	0.003	0.003	253	0	253	253	
0.4	0.5	53	439	6	4	100	30099	100	30099	0.003	0	0.003	0.003	300.99	0.1	300	301	
0.4	0.5	14	440	2	4	100	75246	100	75246	0.003	0	0.003	0.003	752.46	34.6	749	1095	
0.4	0.5	27	441	5	4	51	24735	50	24250	0.00972	0.00138564	0.003	0.01	485	0	485	485	
0.4	0.5	30	442	4	4	100	16100	100	16100	0.003	0	0.003	0.003	161	0	161	161	
0.4	0.5	4	443	8	4	100	7118	100	7188	0.003	0	0.003	0.003	71.88	17.9569	65	137	
0.4	0.5	46	444	6	4	100	69300	100	69300	0.003	0	0.003	0.003	693	0	693	693	
0.4	0.5	34	445	5	4	100	4900	100	4900	0.003	0	0.003	0.003	49	0	49	49	
0.4	0.5	20	446	1	4	100	45300	100	45300	0.003	0	0.003	0.003	453	0	453	453	
0.4	0.5	37	447	3	4	61	4697	60	4620	0.00381667	0.00226612	0.003	0.01	77	0	77	77	
0.4	0.5	13	448	9	4	100	53300	100	53300	0.003	0	0.003	0.003	533	0	533	533	
0.4	0.5	54	449	2	4	100	51700	100	51700	0.003	0	0.003	0.003	517	0	517	517	
0.4	0.5	39	450	5	4	82	1804	77	1694	0.003	0	0.003	0.003	22	0	22	22	
0.4	0.5	49	451	1	4	92	52036	93	52657	0.00360215	0.00197341	0.003	0.01	566.204	52.2062	517	621	
0.4	0.5	42	452	4	4	100	25708	100	25708	0.003	0	0.003	0.003	257.08	23.3167	253	389	
0.4	0.5	25	453	3	4	100	40564	100	40772	0.003	0	0.003	0.003	407.72	59.8257	389	597	
0.4	0.5	34	454	12	4	100	19299	100	19299	0.003	0	0.003	0.003	192.99	0.1	192	193	
0.4	0.5	6	455	1	4	100	15300	100	15300	0.003	0	0.003	0.003	153	0	153	153	
0.4	0.5	52	456	8	4	62	9980	62	9980	0.003	0	0.003	0.003	160.968	0.254	159	161	
0.4	0.5	42	457	8	4	100	20399	100	20399	0.003	0	0.003	0.003	203.99	17.1467	200	301	
0.4	0.5	31	458	3	4	99	29399	99	29261	0.00307071	0.000703526	0.003	0.01	295.566	63.4074	251	389	
0.4	0.5	52	459	17	4	62	4154	63	4221	0.003	0	0.003	0.003	67	0	67	67	
0.4	0.5	45	460	1	4	100	38900	100	38900	0.003	0	0.003	0.003	389	0	389	389	
0.4	0.5	37	461	21	4	63	23499	62	23126	0.003	0	0.003	0.003	373	0	373	373	
0.4	0.5	22	462	6	4	78	9438	78	9438	0.00515385	0.00325168	0.003	0.01	121	44.1014	97	201	
0.4	0.5	9	463	7	4	100	49460	100	49460	0.003	0	0.003	0.003	494.6	38.1893	485	645	
0.4	0.5	33	464	7	4	100	44403	100	44403	0.003	0	0.003	0.003	444.03	22.3152	389	453	
0.4	0.5	22	465	9	4	100	17620	100	17876	0.003	0	0.003	0.003	178.76	63.4938	125	253	
0.4	0.5	48	466	9	4	100	15700	100	15700	0.003	0	0.003	0.003	157	0	157	157	
0.4	0.5	50	467	5	4	100	38900	100	38900	0.003	0	0.003	0.003	389	0	389	389	
0.4	0.5	43	468	13	4	68	5236	69	5313	0.00634783	0.00352231	0.003	0.01	77	0	77	77	
0.4	0.5	26	469	4	4	95	25691	95	25495	0.00336842	0.00157137	0.003	0.01	268.368	95.6649	161	389	
0.4	0.5	14	470	3	4	63	12311	62	12110	0.00717742	0.00346185	0.003	0.01	195.323	14.8708	157	201	
0.4	0.5	19	471	12	4	96	15070	96	15070	0.00329167	0.00140613	0.003	0.01	156.979	0.204124	155	157	
0.4	0.5	20	472	5	4	87	26187	88	26488	0.00403409	0.00249804	0.003	0.01	301	0	301	301	
0.4	0.5	55	473	18	4	83	9030	84	9155	0.0045	0.00288953	0.003	0.01	108.988	13.9262	97	125	
0.4	0.5	51	474	4	4	100	53298	100	53298	0.003	0	0.003	0.003	532.98	0.2	531	533	
0.4	0.5	7	475	9	4	100	38900	100	38900	0.003	0	0.003	0.003	389	0	389	389	
0.4	0.5	34	476	18	4	100	26900	100	26900	0.003	0	0.003	0.003	269	0	269	269	
0.4	0.5	55	477	14	4	72	13895	73	14088	0.00578082	0.00344902	0.003	0.01	192.986	0.117041	192	193	
0.4	0.5	41	478	33	4	52	7086	53	7239	0.00537736	0.00334679	0.003	0.01	136.585	17.7042	97	153	
0.4	0.5	9	479	2	4	93	35679	93	35679	0.00352688	0.00185678	0.003	0.01	383.645	36.7023	301	517	
0.4	0.5	37	480	41	4	56	4142	56	4132	0.00425	0.00270521	0.003	0.01	73.7857	4.71251	67	77	
0.4	0.5	3	481	8	4	60	13940	61	14441	0.00759016	0.00335349	0.003	0.01	236.738	46.7611	157	301	
0.4	0.5	15	482	5	4	100	30100	100	30100	0.003	0	0.003	0.003	301	0	301	301	
0.4	0.5	50	483	3	4	100	105600	100	105600	0.003	0	0.003	0.003	1056	0	1056	1056	
0.4	0.5	57	484	5	4	100	62100	100	62100	0.003	0	0.003	0.003	621	0	621	621	
0.4	0.5	55	485	12	4	95	18335	96	18528	0.00336458	0.00156353	0.003	0.01	193	0	193	193	
0.4	0.5	24	486	16	4	100	37300	100	37300	0.003	0	0.003	0.003	373	0	373	373	
0.4	0.5	56	487	7	4	100	53300	100	53300	0.003	0	0.003	0.003	533	0	533	533	
0.4	0.5	13	488	3	4	100	32499	100	32499	0.003	0	0.003	0.003	324.99	0.1	324	325	
0.4	0.5	17	489	8	4	100	46900	100	46900	0.003	0	0.003	0.003	469	0	469	469	
0.4	0.5	37	490	45	4	62	4774	63	4851	0.003	0	0.003	0.003	77	0	77	77	
0.4	0.5	52	491	32	4	64	3136	64	3136	0.003	0	0.003	0.003	49	0	49	49	
0.4	0.5	35	492	5	4	100	20799	100	20799	0.003	0	0.003	0.003	207.99	25.6462	200	301	
0.4	0.5	19	493	10	4	100	74900	100	74900	0.003	0	0.003	0.003	749	0	749	749	
0.4	0.5	41	494	44	4	71	1562	70	1540	0.003	0	0.003	0.003	22	0	22	22	
0.4	0.5	39	495	9	4	82	12546	83	12699	0.003	0	0.003	0.003	153	0	153	153	
0.4	0.5	50	496	4	4	100	30100	100	30100	0.003	0	0.003	0.003	301	0	301	301	
0.4	0.5	31	497	5	4	100	29788	100	29652	0.003	0	0.003	0.003	296.52	63.7604	253	389	
0.4	0.5	41	498	26	4	73	3847	73	3829	0.00328767	0.0013992	0.003	0.01	52.4521	7.13567	49	67	
0.4	0.5	37	499	15	4	63	6111	62	6014	0.003	0	0.003	0.003	97	0	97	97	
0.4	0.5	12	500	3	4	99	30031	99	30031	0.00307071	0.000703526	0.003	0.01	303.343	16.961	253	309	
0.4	0.5	21	501	14	4	85	6544	83	6390	0.00418072	0.00263719	0.003	0.01	76.988	0.109764	76	77	
0.4	0.5	46	502	5	4	100	80699	100	80699	0.003	0	0.003	0.003	806.99	0.1	806	807	
0.4	0.5	47	503	8	4	100	38900	100	38900	0.003	0	0.003	0.003	389	0	389	389	
0.4	0.5	40	504	8	4	100	15714	100	15642	0.003	0	0.003	0.003	156.42	32.139	135	209	
0.4	0.5	8	505	8	4	100	13700	100	13700	0.003	0	0.003	0.003	137	0	137	137	
0.4	0.5	5	506	21	4	36	4500	35	4375	0.0062	0.00353803	0.003	0.01	125	0	125	125	
0.4	0.5	37	507	37	4	63	3087	63	3087	0.003	0	0.003	0.003	49	0	49	49	
0.4	0.5	33	508	5	4	95	27847	94	27546	0.00337234	0.00157933	0.003	0.01	293.043	21.9755	233	301	
0.4	0.5	7	509	7	4	72	14472	74	14874	0.00574324	0.00344054	0.003	0.01	201	0	201	201	
0.4	0.5	2	510	11	4	90	20970	92	21436	0.00376087	0.00219074	0.003	0.01	233	0	233	233	
0.4	0.5	55	511	23	4	100	4900	100	4900	0.003	0	0.003	0.003	49	0	49	49	
0.4	0.5	39	512	27	4	83	12699	82	12546	0.003	0	0.003	0.003	153	0	153	153	
0.4	0.5	20	513	6	4	100	80700	100	80700	0.003	0	0.003	0.003	807	0	807	807	
0.4	0.5	56	514	2	4	100	25300	100	25300	0.003	0	0.003	0.003	253	0	253	253	
0.4	0.5	52	515	14	4	54	8621	53	8460	0.00550943	0.00338902	0.003	0.01	159.623	3.02697	153	161	
0.4	0.5	43	516	5	4	99	12374	99	12374	0.00307071	0.000703526	0.003	0.01	124.99	0.100504	124	125	
0.4	0.5	34	517	9	4	100	9700	100	9700	0.003	0	0.003	0.003	97	0	97	97	
0.4	0.5	30	518	15	4	68	4556	69	4623	0.00624638	0.00351637	0.003	0.01	67	0	67	67	
0.4	0.5	39	519	3	4	67	6459	68	6556	0.0052647	0.00329911	0.003	0.01	96.4118	3.40428	77	97	
0.4	0.5	39	520	25	4	84	5628	83	5561	0.003	0	0.003	0.003	67	0	67	67	
0.4	0.5	32	521	10	4	59	9263	59	9263	0.00798305	0.00319747	0.003	0.01	157	0	157	157	
0.4	0.5	6	522	2	4	100	6700	100	6700	0.003	0	0.003	0.003	67	0	67	67	
0.4	0.5	39	523	7	4	81	3969	82	4018	0.003	0	0.003	0.003	49	0	49	49	
0.4	0.5	22	524	8	4	100	27139	100	27531	0.003	0	0.003	0.003	275.31	97.2131	193	389	
0.4	0.5	26	525	5	4	100	14276	100	14172	0.003	0	0.003	0.003	141.72	51.7473	97	201	
0.4	0.5	32	526	4	4	100	74900	100	74900	0.003	0	0.003	0.003	749	0	749	749	
0.4	0.5	55	527	13	4	72	9000	72	9000	0.00572222	0.00343643	0.003	0.01	125	0	125	125	
0.4	0.5	55	528	19	4	100	4900	100	4900	0.003	0	0.003	0.003	49	0	49	49	
0.4	0.5	5	529	50	4	37	3589	37	3589	0.00545946	0.00338784	0.003	0.01	97	0	97	97	
0.4	0.5	7	530	4	4	100	25300	100	25300	0.003	0	0.003	0.003	253	0	253	253	
0.4	0.5	37	531	24	4	62	4774	62	4774	0.003	0	0.003	0.003	77	0	77	77	
0.4	0.5	38	532	2	4	100	12499	100	12499	0.003	0	0.003	0.003	124.99	0.1	124	125	
0.4	0.5	22	533	7	4	100	22660	100	22988	0.003	0	0.003	0.003	229.88	81.3514	161	325	
0.4	0.5	36	534	9	4	100	24500	100	24600	0.003	0	0.003	0.003	246	50	201	301	
0.4	0.5	4	535	6	4	100	39556	100	39932	0.003	0	0.003	0.003	399.32	96.4186	373	749	
0.4	0.5	40	536	9	4	70	17110	70	17162	0.0059	0.00347308	0.003	0.01	245.171	29.3341	201	389	
0.4	0.5	38	537	3	4	100	23300	100	23300	0.003	0	0.003	0.003	233	0	233	233	
0.4	0.5	37	538	36	4	58	4466	58	4466	0.00408621	0.00255662	0.003	0.01	77	0	77	77	
0.4	0.5	45	539	8	4	95	21539	95	21539	0.00336842	0.00157137	0.003	0.01	226.726	26.1365	201	253	
0.4	0.5	41	540	43	4	76	7371	77	7468	0.003	0	0.003	0.003	96.987	0.113961	96	97	
0.4	0.5	1	541	13	4	100	23294	100	23294	0.003	0	0.003	0.003	232.94	0.342893	231	233	
0.4	0.5	52	542	24	4	64	2048	64	2048	0.003	0	0.003	0.003	32	0	32	32	
0.4	0.5	41	543	35	4	69	16035	70	16268	0.0031	0.00083666	0.003	0.01	232.4	4.78343	193	233	
0.4	0.5	37	544	38	4	59	9027	60	9180	0.003	0	0.003	0.003	153	0	153	153	
0.4	0.5	55	545	7	4	100	9698	100	9698	0.003	0	0.003	0.003	96.98	0.2	95	97	
0.4	0.5	26	546	10	4	97	32277	97	32041	0.00321649	0.00121815	0.003	0.01	330.32	116.777	233	469	
0.4	0.5	13	547	4	4	100	30900	100	30900	0.003	0	0.003	0.003	309	0	309	309	
0.4	0.5	51	548	10	4	100	20098	100	20098	0.003	0	0.003	0.003	200.98	0.2	199	201	
0.4	0.5	52	549	42	4	64	2048	63	2016	0.003	0	0.003	0.003	32	0	32	32	
0.4	0.5	14	550	4	4	71	14271	71	14271	0.00576056	0.00344535	0.003	0.01	201	0	201	201	
0.4	0.5	52	551	25	4	63	4221	63	4221	0.003	0	0.003	0.003	67	0	67	67	
0.4	0.5	35	552	2	4	100	20800	100	20800	0.003	0	0.003	0.003	208	25.6432	201	301	
0.4	0.5	43	553	3	4	100	12500	100	12500	0.003	0	0.003	0.003	125	0	125	125	
0.4	0.5	31	554	1	4	54	9190	55	9271	0.00885454	0.00261348	0.003	0.01	168.564	30.2255	137	233	
0.4	0.5	47	555	5	4	100	105715	100	105793	0.003	0	0.003	0.003	1057.93	8.45697	1056	1095	
0.4	0.5	56	556	5	4	100	32500	100	32500	0.003	0	0.003	0.003	325	0	325	325	
0.4	0.5	22	557	1	4	96	19020	97	19697	0.00328866	0.0013991	0.003	0.01	203.062	72.9957	125	309	
0.4	0.5	41	558	23	4	61	4477	59	4313	0.0040678	0.00253842	0.003	0.01	73.1017	4.91898	67	77	
0.4	0.5	41	559	28	4	53	3891	54	3958	0.00585185	0.00347176	0.003	0.01	73.2963	4.87438	67	77	
0.4	0.5	43	560	8	4	64	4928	67	5158	0.00676119	0.00351658	0.003	0.01	76.9851	0.122169	76	77	
0.4	0.5	21	561	13	4	100	19300	100	19300	0.003	0	0.003	0.003	193	0	193	193	
0.4	0.5	47	562	4	4	55	26673	55	26673	0.0086	0.00282581	0.003	0.01	484.964	0.26968	483	485	
0.4	0.5	30	563	8	4	100	23300	100	23300	0.003	0	0.003	0.003	233	0	233	233	
0.4	0.5	2	564	13	4	100	7700	100	7700	0.003	0	0.003	0.003	77	0	77	77	
0.4	0.5	57	565	6	4	91	28847	92	29164	0.00368478	0.00209095	0.003	0.01	317	0	317	317	
0.4	0.5	5	566	46	4	43	4171	44	4268	0.00331818	0.00147495	0.003	0.01	97	0	97	97	
0.4	0.5	39	567	15	4	79	2528	80	2560	0.003	0	0.003	0.003	32	0	32	32	
0.4	0.5	33	568	4	4	100	68148	100	68148	0.003	0	0.003	0.003	681.48	31.3535	597	693	
0.4	0.5	17	569	9	4	100	30996	100	30996	0.003	0	0.003	0.003	309.96	3.81893	309	325	
0.4	0.5	33	570	1	4	100	69299	100	69299	0.003	0	0.003	0.003	692.99	0.1	692	693	
0.4	0.5	2	571	8	4	100	12500	100	12500	0.003	0	0.003	0.003	125	0	125	125	
0.4	0.5	35	572	1	4	95	18879	93	18475	0.00337634	0.00158741	0.003	0.01	198.656	30.1137	157	301	
0.4	0.5	24	573	5	4	53	4771	53	4791	0.00907547	0.00239269	0.003	0.01	90.3962	10.367	67	97	
0.4	0.5	45	574	5	4	100	13698	100	13698	0.003	0	0.003	0.003	136.98	0.2	135	137	
0.4	0.5	34	575	10	4	100	12500	100	12500	0.003	0	0.003	0.003	125	0	125	125	
0.4	0.5	4	576	2	4	100	32020	100	32340	0.003	0	0.003	0.003	323.4	82.0584	301	621	
0.4	0.5	21	577	2	4	99	6633	99	6633	0.00307071	0.000703526	0.003	0.01	67	0	67	67	
0.4	0.5	29	578	2	4	51	109424	51	105614	0.01	0	0.01	0.01	2070.86	931.832	1056	2961	
0.4	0.5	10	579	1	4	100	74900	100	74900	0.003	0	0.003	0.003	749	0	749	749	
0.4	0.5	30	580	5	4	75	9375	77	9625	0.00518182	0.00326354	0.003	0.01	125	0	125	125	
0.4	0.5	34	581	7	4	100	6700	100	6700	0.003	0	0.003	0.003	67	0	67	67	
0.4	0.5	37	582	42	4	62	7750	63	7875	0.003	0	0.003	0.003	125	0	125	125	
0.4	0.5	52	583	23	4	62	7750	61	7625	0.00380328	0.00224959	0.003	0.01	125	0	125	125	
0.4	0.5	19	584	3	4	100	20100	100	20100	0.003	0	0.003	0.003	201	0	201	201	
0.4	0.5	26	585	14	4	62	6054	63	6041	0.00722222	0.00345218	0.003	0.01	95.8889	23.2178	67	137	
0.4	0.5	1	586	2	4	77	5928	76	5851	0.00530263	0.00331067	0.003	0.01	76.9868	0.114708	76	77	
0.4	0.5	26	587	12	4	99	17878	99	17750	0.00307071	0.000703526	0.003	0.01	179.293	63.5919	124	253	
0.4	0.5	28	588	2	4	100	42940	100	43316	0.003	0	0.003	0.003	433.16	138.538	373	749	
0.4	0.5	21	589	5	4	100	6700	100	6700	0.003	0	0.003	0.003	67	0	67	67	
0.4	0.5	19	590	6	4	100	13700	100	13700	0.003	0	0.003	0.003	137	0	137	137	
0.4	0.5	27	591	3	4	74	34448	70	32540	0.0055	0.00337832	0.003	0.01	464.857	15.538	453	485	
0.4	0.5	39	592	13	4	72	5192	72	5182	0.00455555	0.0029306	0.003	0.01	71.9722	5.01258	67	77	
0.4	0.5	29	593	3	4	100	103100	100	103100	0.003	0	0.003	0.003	1031	0	1031	1031	
0.4	0.5	40	594	4	4	100	22900	100	22800	0.003	0	0.003	0.003	228	44.6196	201	301	
0.4	0.5	3	595	5	4	100	37523	100	37811	0.003	0	0.003	0.003	378.11	72.2944	309	453	
0.4	0.5	48	596	10	4	100	15700	100	15700	0.003	0	0.003	0.003	157	0	157	157	
0.4	0.5	2	597	18	4	100	16100	100	16100	0.003	0	0.003	0.003	161	0	161	161	
0.4	0.5	18	598	1	4	99	105610	99	105610	0.00307071	0.000703526	0.003	0.01	1066.77	42.7102	1056	1239	
0.4	0.5	28	599	13	4	85	9285	84	9292	0.00425	0.00269705	0.003	0.01	110.619	35.2949	97	201	
0.4	0.5	39	600	22	4	79	7663	79	7663	0.003	0	0.003	0.003	97	0	97	97	
0.4	0.5	44	601	1	4	100	53298	100	53298	0.003	0	0.003	0.003	532.98	0.2	531	533	
0.4	0.5	32	602	9	4	100	74900	100	74900	0.003	0	0.003	0.003	749	0	749	749	
0.4	0.5	30	603	3	4	73	27229	75	27975	0.00561333	0.00340863	0.003	0.01	373	0	373	373	
0.4	0.5	55	604	10	4	100	19300	100	19300	0.003	0	0.003	0.003	193	0	193	193	
0.4	0.5	17	605	5	4	92	14444	91	14287	0.00361538	0.00199315	0.003	0.01	157	0	157	157	
0.4	0.5	8	606	3	4	80	25984	81	26309	0.00481481	0.00308671	0.003	0.01	324.802	1.77778	309	325	
0.4	0.5	15	607	2	4	100	89532	100	89532	0.003	0	0.003	0.003	895.32	26.1754	807	903	
0.4	0.5	31	608	9	4	100	37780	100	37620	0.003	0	0.003	0.003	376.2	75.0122	325	485	
0.4	0.5	53	609	5	4	100	90300	100	90300	0.003	0	0.003	0.003	903	0	903	903	
0.4	0.5	37	610	4	4	52	12112	53	12345	0.00537736	0.00334679	0.003	0.01	232.925	0.38476	231	233	
0.4	0.5	52	611	11	4	62	1984	62	1984	0.003	0	0.003	0.003	32	0	32	32	
0.4	0.5	22	612	5	4	100	27140	100	27532	0.003	0	0.003	0.003	275.32	97.2248	193	389	
0.4	0.5	47	613	7	4	87	32751	84	31584	0.00408333	0.00254695	0.003	0.01	376	43.3751	233	389	
0.4	0.5	29	614	1	4	100	105600	100	105600	0.003	0	0.003	0.003	1056	0	1056	1056	
0.4	0.5	48	615	7	4	100	30900	100	30900	0.003	0	0.003	0.003	309	0	309	309	
0.4	0.5	51	616	1	4	100	25300	100	25300	0.003	0	0.003	0.003	253	0	253	253	
0.4	0.5	26	617	7	4	76	15416	76	15416	0.00511842	0.00323715	0.003	0.01	202.842	70.9507	153	325	
0.4	0.5	13	618	5	4	52	13156	52	13156	0.00946154	0.00188348	0.003	0.01	253	0	253	253	
0.4	0.5	39	619	24	4	82	5494	81	5427	0.00317284	0.00109305	0.003	0.01	67	0	67	67	
0.4	0.5	38	620	7	4	100	15300	100	15300	0.003	0	0.003	0.003	153	0	153	153	
0.4	0.5	47	621	3	4	100	80700	100	80700	0.003	0	0.003	0.003	807	0	807	807	
0.4	0.5	41	622	34	4	75	3675	76	3724	0.0030921	0.000802955	0.003	0.01	49	0	49	49	
0.4	0.5	21	623	15	4	100	16100	100	16100	0.003	0	0.003	0.003	161	0	161	161	
0.4	0.5	15	624	6	4	100	30098	100	30098	0.003	0	0.003	0.003	300.98	0.2	299	301	
0.4	0.5	22	625	3	4	95	16355	96	16736	0.00336458	0.00156353	0.003	0.01	174.333	62.6238	125	253	
0.4	0.5	14	626	1	4	99	19998	99	19998	0.00307071	0.000703526	0.003	0.01	202	10.0519	200	301	
0.4	0.5	16	627	6	4	100	105600	100	105600	0.003	0	0.003	0.003	1056	0	1056	1056	
0.4	0.5	12	628	1	4	100	32500	100	32500	0.003	0	0.003	0.003	325	0	325	325	
0.4	0.5	19	629	7	4	100	25300	100	25300	0.003	0	0.003	0.003	253	0	253	253	
0.4	0.5	50	630	7	4	92	27691	92	27691	0.00360869	0.00198321	0.003	0.01	300.989	0.104257	300	301	
0.4	0.5	46	631	4	4	99	107645	100	108818	0.00307	0.0007	0.003	0.01	1088.18	14.7596	1056	1095	
0.4	0.5	52	632	16	4	65	3185	66	3234	0.003	0	0.003	0.003	49	0	49	49	
0.4	0.5	40	633	2	4	51	10075	51	10075	0.00945098	0.00190067	0.003	0.01	197.549	11.9471	157	201	
0.4	0.5	10	634	6	4	100	46900	100	46900	0.003	0	0.003	0.003	469	0	469	469	
0.4	0.5	37	635	29	4	62	3038	62	3038	0.003	0	0.003	0.003	49	0	49	49	
0.4	0.5	23	636	2	4	100	25300	100	25300	0.003	0	0.003	0.003	253	0	253	253	
0.4	0.5	22	637	10	4	100	32140	100	32612	0.003	0	0.003	0.003	326.12	118.595	193	469	
0.4	0.5	14	638	7	4	100	47123	100	47124	0.003	0	0.003	0.003	471.24	22.4	469	693	
0.4	0.5	41	639	15	4	77	5159	76	5092	0.003	0	0.003	0.003	67	0	67	67	
0.4	0.5	52	640	27	4	62	4154	62	4154	0.003	0	0.003	0.003	67	0	67	67	
0.4	0.5	24	641	18	4	100	6700	100	6700	0.003	0	0.003	0.003	67	0	67	67	
0.4	0.5	37	642	5	4	61	16409	61	16409	0.003	0	0.003	0.003	269	0	269	269	
0.4	0.5	37	643	30	4	61	9333	61	9333	0.003	0	0.003	0.003	153	0	153	153	
0.4	0.5	11	644	5	4	100	64498	100	64498	0.003	0	0.003	0.003	644.98	0.2	643	645	
0.4	0.5	41	645	42	4	70	1540	71	1562	0.003	0	0.003	0.003	22	0	22	22	
0.4	0.5	39	646	2	4	83	4065	82	4016	0.003	0	0.003	0.003	48.9756	0.220863	47	49	
0.4	0.5	49	647	5	4	100	31700	100	31700	0.003	0	0.003	0.003	317	0	317	317	
0.4	0.5	12	648	5	4	100	74900	100	74900	0.003	0	0.003	0.003	749	0	749	749	
0.4	0.5	50	649	6	4	100	105600	100	105600	0.003	0	0.003	0.003	1056	0	1056	1056	
0.4	0.5	6	650	16	4	100	6700	100	6700	0.003	0	0.003	0.003	67	0	67	67	
0.4	0.5	54	651	6	4	100	27700	100	27700	0.003	0	0.003	0.003	277	0	277	277	
0.4	0.5	13	652	7	4	96	29664	96	29664	0.00329167	0.00140613	0.003	0.01	309	0	309	309	
0.4	0.5	33	653	2	4	100	69300	100	69300	0.003	0	0.003	0.003	693	0	693	693	
0.4	0.5	28	654	4	4	100	26840	100	27076	0.003	0	0.003	0.003	270.76	86.9549	233	469	
0.4	0.5	2	655	5	4	51	9843	49	9457	0.01	0	0.01	0.01	193	0	193	193	
0.4	0.5	37	656	28	4	60	7500	60	7500	0.003	0	0.003	0.003	125	0	125	125	
0.4	0.5	12	657	7	4	100	32499	100	32499	0.003	0	0.003	0.003	324.99	0.1	324	325	
0.4	0.5	34	658	2	4	100	6700	100	6700	0.003	0	0.003	0.003	67	0	67	67	
0.4	0.5	44	659	6	4	100	25092	100	25092	0.003	0	0.003	0.003	250.92	10.2412	201	253	
0.4	0.5	44	660	5	4	67	13289	69	13691	0.00624638	0.00351637	0.003	0.01	198.42	10.3532	157	201	
0.4	0.5	5	661	34	4	42	6762	42	6762	0.00416667	0.00264037	0.003	0.01	161	0	161	161	
0.4	0.5	24	662	10	4	100	15300	100	15300	0.003	0	0.003	0.003	153	0	153	153	
0.4	0.5	1	663	5	4	95	15295	95	15295	0.00336842	0.00157137	0.003	0.01	161	0	161	161	
0.4	0.5	5	664	22	4	34	5474	34	5474	0.0065	0.00355263	0.003	0.01	161	0	161	161	
0.4	0.5	5	665	44	4	48	6000	48	6000	0.003	0	0.003	0.003	125	0	125	125	
0.4	0.5	5	666	14	4	47	17531	47	17531	0.003	0	0.003	0.003	373	0	373	373	
0.4	0.5	6	667	12	4	100	23300	100	23300	0.003	0	0.003	0.003	233	0	233	233	
0.4	0.5	5	668	25	4	36	5796	36	5796	0.00552778	0.00340995	0.003	0.01	161	0	161	161	
0.4	0.5	1	669	16	4	100	12864	100	12892	0.003	0	0.003	0.003	128.92	9.76458	125	153	
0.4	0.5	1	670	6	4	100	12498	100	12498	0.003	0	0.003	0.003	124.98	0.2	123	125	
0.4	0.5	5	671	32	4	37	3509	38	3606	0.0048421	0.00312381	0.003	0.01	94.8947	6.22023	77	97	
0.4	0.5	24	672	17	4	51	3927	51	3927	0.01	0	0.01	0.01	77	0	77	77	
0.4	0.5	5	673	29	4	43	8299	43	8299	0.00365116	0.00205732	0.003	0.01	193	0	193	193	
0.4	0.5	1	674	11	4	100	12500	100	12500	0.003	0	0.003	0.003	125	0	125	125	
0.4	0.5	5	675	26	4	32	2464	35	2695	0.0066	0.00354965	0.003	0.01	77	0	77	77	
0.4	0.5	5	676	8	4	45	5625	45	5625	0.003	0	0.003	0.003	125	0	125	125	
0.4	0.5	24	677	13	4	100	16100	100	16100	0.003	0	0.003	0.003	161	0	161	161	
0.4	0.5	25	678	1	4	75	11773	76	11930	0.00521053	0.00327543	0.003	0.01	156.974	0.229416	155	157	
0.4	0.5	5	679	31	4	39	4875	40	5000	0.00405	0.00253134	0.003	0.01	125	0	125	125	
0.4	0.5	5	680	23	4	45	8685	45	8685	0.003	0	0.003	0.003	193	0	193	193	
0.4	0.5	24	681	11	4	100	12500	100	12500	0.003	0	0.003	0.003	125	0	125	125	
0.4	0.5	23	682	9	4	49	7693	50	7850	0.01	0	0.01	0.01	157	0	157	157	
0.4	0.5	5	683	24	4	37	5957	38	6118	0.0048421	0.00312381	0.003	0.01	161	0	161	161	
0.4	0.5	5	684	12	4	45	5625	45	5625	0.003	0	0.003	0.003	125	0	125	125	
0.4	0.5	5	685	51	4	42	6426	43	6579	0.00381395	0.00227047	0.003	0.01	153	0	153	153	
0.4	0.5	25	686	7	4	100	14276	100	14348	0.003	0	0.003	0.003	143.48	20.7089	137	209	
0.4	0.5	5	687	4	4	44	10252	45	10485	0.00315555	0.0010435	0.003	0.01	233	0	233	233	
0.4	0.5	6	688	19	4	100	23300	100	23300	0.003	0	0.003	0.003	233	0	233	233	
0.4	0.5	5	689	60	4	35	2695	35	2695	0.006	0.00351468	0.003	0.01	77	0	77	77	
0.4	0.5	5	690	47	4	39	4875	38	4750	0.00447368	0.00289208	0.003	0.01	125	0	125	125	
0.4	0.5	1	691	4	4	71	5467	72	5544	0.00572222	0.00343643	0.003	0.01	77	0	77	77	
0.4	0.5	6	692	6	4	95	11875	94	11750	0.00337234	0.00157933	0.003	0.01	125	0	125	125	
0.4	0.5	24	693	14	4	72	26854	76	28346	0.00567105	0.00342301	0.003	0.01	372.974	0.161136	372	373	
0.4	0.5	24	694	9	4	100	9698	100	9698	0.003	0	0.003	0.003	96.98	0.2	95	97	
0.4	0.5	5	695	30	4	30	2910	29	2813	0.00734483	0.00345663	0.003	0.01	97	0	97	97	
0.4	0.5	5	696	45	4	40	5896	40	5896	0.0051	0.00324867	0.003	0.01	147.4	11.3427	125	153	
0.4	0.5	5	697	9	4	47	7191	47	7191	0.00314894	0.00102105	0.003	0.01	153	0	153	153	
0.4	0.5	5	698	5	4	46	13844	47	14145	0.003	0	0.003	0.003	300.957	0.29173	299	301	
0.4	0.5	43	699	17	4	100	37300	100	37300	0.003	0	0.003	0.003	373	0	373	373	
0.4	0.5	5	700	35	4	34	3298	35	3395	0.0062	0.00353803	0.003	0.01	97	0	97	97	
0.4	0.5	6	701	18	4	100	7700	100	7700	0.003	0	0.003	0.003	77	0	77	77	
0.4	0.5	5	702	7	4	46	7406	46	7406	0.003	0	0.003	0.003	161	0	161	161	
0.4	0.5	24	703	2	4	78	6006	78	6006	0.0050641	0.00321256	0.003	0.01	77	0	77	77	
0.4	0.5	5	704	27	4	33	2511	33	2501	0.00660606	0.00355263	0.003	0.01	75.7879	3.31434	67	77	
0.4	0.5	1	705	7	4	100	6700	100	6700	0.003	0	0.003	0.003	67	0	67	67	
0.4	0.5	5	706	33	4	42	4034	41	3937	0.00470732	0.00304339	0.003	0.01	96.0244	4.3617	77	97	
0.4	0.5	6	707	21	4	100	9700	100	9700	0.003	0	0.003	0.003	97	0	97	97	
0.4	0.5	5	708	53	4	45	6801	45	6801	0.003	0	0.003	0.003	151.133	7.06335	125	153	
0.4	0.5	5	709	56	4	33	6241	32	6048	0.0065	0.003556	0.003	0.01	189	10.7523	161	193	
0.4	0.5	5	710	3	4	46	7406	47	7567	0.003	0	0.003	0.003	161	0	161	161	
0.4	0.5	5	711	57	4	32	2484	32	2484	0.00628125	0.00354905	0.003	0.01	77.625	3.53553	77	97	
0.4	0.5	1	712	1	4	56	4152	61	4537	0.00816393	0.00310473	0.003	0.01	74.377	4.43533	67	77	
0.4	0.5	24	713	15	4	100	37297	100	37297	0.003	0	0.003	0.003	372.97	0.171447	372	373	
0.4	0.5	5	714	16	4	45	6885	45	6885	0.00331111	0.00145886	0.003	0.01	153	0	153	153	
0.4	0.5	5	715	15	4	43	8299	42	8106	0.00333333	0.00150878	0.003	0.01	193	0	193	193	
0.4	0.5	6	716	17	4	100	19300	100	19300	0.003	0	0.003	0.003	193	0	193	193	
0.4	0.5	24	717	8	4	95	11875	95	11875	0.00336842	0.00157137	0.003	0.01	125	0	125	125	
0.4	0.5	24	718	3	4	94	11750	94	11750	0.00344681	0.00172032	0.003	0.01	125	0	125	125	
0.4	0.5	6	719	15	4	100	9700	100	9700	0.003	0	0.003	0.003	97	0	97	97	
0.4	0.5	5	720	62	4	32	3999	30	3749	0.00673333	0.00355191	0.003	0.01	124.967	0.182574	124	125	
0.4	0.5	6	721	8	4	92	9456	92	9456	0.00360869	0.00198321	0.003	0.01	102.783	11.3968	97	125	
0.4	0.5	6	722	13	4	100	6700	100	6700	0.003	0	0.003	0.003	67	0	67	67	
0.4	0.5	24	723	4	4	100	19300	100	19300	0.003	0	0.003	0.003	193	0	193	193	
0.4	0.5	24	724	1	4	100	26900	100	26900	0.003	0	0.003	0.003	269	0	269	269	
0.4	0.5	1	725	3	4	99	9603	99	9603	0.00307071	0.000703526	0.003	0.01	97	0	97	97	
0.4	0.5	6	726	4	4	89	11125	88	11000	0.003875	0.0023283	0.003	0.01	125	0	125	125	
0.4	0.5	1	727	15	4	54	4158	55	4235	0.00910909	0.00235445	0.003	0.01	77	0	77	77	
0.4	0.5	43	728	12	4	100	26899	100	26899	0.003	0	0.003	0.003	268.99	0.1	268	269	
0.4	0.5	1	729	10	4	100	30100	100	30100	0.003	0	0.003	0.003	301	0	301	301	
0.4	0.5	5	730	28	4	37	3589	36	3492	0.00552778	0.00340995	0.003	0.01	97	0	97	97	
0.4	0.5	5	731	2	4	45	16785	45	16785	0.003	0	0.003	0.003	373	0	373	373	
0.4	0.5	43	732	11	4	100	37300	100	37300	0.003	0	0.003	0.003	373	0	373	373	
0.4	0.5	1	733	18	4	100	37300	100	37300	0.003	0	0.003	0.003	373	0	373	373	
0.4	0.5	5	734	59	4	44	2948	43	2881	0.00348837	0.00180439	0.003	0.01	67	0	67	67	
0.4	0.5	43	735	9	4	100	9698	99	9601	0.003	0	0.003	0.003	96.9798	0.201008	95	97	
0.4	0.5	24	736	6	4	69	6692	69	6692	0.00614493	0.00350745	0.003	0.01	96.9855	0.120386	96	97	
0.4	0.5	23	737	4	4	50	10050	49	9849	0.01	0	0.01	0.01	201	0	201	201	
0.4	0.5	5	738	48	4	46	5750	46	5750	0.00330435	0.00144329	0.003	0.01	125	0	125	125	
0.4	0.5	5	739	36	4	37	4625	36	4500	0.00494444	0.0031798	0.003	0.01	125	0	125	125	
0.4	0.5	5	740	54	4	46	17158	46	17158	0.003	0	0.003	0.003	373	0	373	373	
0.4	0.5	5	741	52	4	39	2773	40	2850	0.0051	0.00324867	0.003	0.01	71.25	5.00641	67	77	
0.4	0.5	5	742	11	4	45	5625	45	5625	0.00315555	0.0010435	0.003	0.01	125	0	125	125	
0.4	0.5	5	743	10	4	34	6562	35	6755	0.0068	0.00353803	0.003	0.01	193	0	193	193	
0.4	0.5	30	744	2	4	100	4900	100	4900	0.003	0	0.003	0.003	49	0	49	49	
0.4	0.5	24	745	12	4	100	26899	100	26899	0.003	0	0.003	0.003	268.99	0.1	268	269	
0.4	0.5	5	746	55	4	30	2300	32	2454	0.00759375	0.00337791	0.003	0.01	76.6875	1.76777	67	77	
0.4	0.5	5	747	61	4	29	2233	29	2233	0.00734483	0.00345663	0.003	0.01	77	0	77	77	
0.4	0.5	43	748	14	4	95	11875	95	11875	0.00336842	0.00157137	0.003	0.01	125	0	125	125	
0.4	0.5	5	749	58	4	35	5611	37	5933	0.00602703	0.00351573	0.003	0.01	160.351	2.2138	153	161	
0.4	0.5	5	750	63	4	37	3589	34	3298	0.00588235	0.00349688	0.003	0.01	97	0	97	97	
