% start	end	CellId	IMSI	RNTI	LCID	nTxPDUs	TxBytes	nRxPDUs	RxBytes	delay	stdDev	min	max	PduSize	stdDev	min	max
0.4	0.5	37	1	23	4	100	16100	100	16100	0.003	0	0.003	0.003	161	0	161	161	
0.4	0.5	50	2	5	4	87	20007	87	20007	0.00412644	0.00258711	0.003	0.01	229.966	8.02242	209	233	
0.4	0.5	16	3	7	4	100	30100	100	30100	0.003	0	0.003	0.003	301	0	301	301	
0.4	0.5	2	4	5	4	99	7623	99	7623	0.00307071	0.000703526	0.003	0.01	77	0	77	77	
0.4	0.5	2	5	14	4	100	15300	100	15300	0.003	0	0.003	0.003	153	0	153	153	
0.4	0.5	39	6	29	4	77	2464	74	2368	0.003	0	0.003	0.003	32	0	32	32	
0.4	0.5	17	7	13	4	100	56416	100	57168	0.003	0	0.003	0.003	571.68	201.575	373	1095	
0.4	0.5	30	8	9	4	100	74900	100	74900	0.003	0	0.003	0.003	749	0	749	749	
0.4	0.5	12	9	9	4	100	25300	100	25300	0.003	0	0.003	0.003	253	0	253	253	
0.4	0.5	49	10	6	4	100	106300	100	106300	0.003	0	0.003	0.003	1063	0	1063	1063	
0.4	0.5	10	11	4	4	93	30129	93	30129	0.00352688	0.00185678	0.003	0.01	323.968	3.95203	309	325	
0.4	0.5	39	12	12	4	76	5852	77	5929	0.00336364	0.00156364	0.003	0.01	77	0	77	77	
0.4	0.5	14	13	8	4	57	10893	58	10974	0.00831034	0.0030216	0.003	0.01	189.207	38.2819	137	301	
0.4	0.5	38	14	10	4	100	26900	100	26900	0.003	0	0.003	0.003	269	0	269	269	
0.4	0.5	56	15	2	4	100	57684	100	57684	0.003	0	0.003	0.003	576.84	43.2458	485	597	
0.4	0.5	45	16	3	4	49	7693	50	7850	0.01	0	0.01	0.01	157	0	157	157	
0.4	0.5	52	17	12	4	66	5082	64	4928	0.00365625	0.00205649	0.003	0.01	77	0	77	77	
0.4	0.5	53	18	3	4	63	45651	59	42655	0.00738983	0.00341405	0.003	0.01	722.966	51.9648	621	749	
0.4	0.5	4	19	2	4	98	38922	98	38922	0.00314286	0.000994832	0.003	0.01	397.163	24.3407	389	469	
0.4	0.5	11	20	6	4	100	62100	100	62100	0.003	0	0.003	0.003	621	0	621	621	
0.4	0.5	28	21	8	4	68	9956	67	9799	0.0062388	0.00351658	0.003	0.01	146.254	10.0474	137	157	
0.4	0.5	57	22	3	4	100	77500	100	77500	0.003	0	0.003	0.003	775	0	775	775	
0.4	0.5	9	23	12	4	100	19300	100	19300	0.003	0	0.003	0.003	193	0	193	193	
0.4	0.5	23	24	10	4	100	46900	100	46900	0.003	0	0.003	0.003	469	0	469	469	
0.4	0.5	47	25	6	4	53	8625	54	8706	0.00909259	0.00237335	0.003	0.01	161.222	17.5721	157	233	
0.4	0.5	24	26	11	4	100	26900	100	26900	0.003	0	0.003	0.003	269	0	269	269	
0.4	0.5	27	27	1	4	100	15700	100	15700	0.003	0	0.003	0.003	157	0	157	157	
0.4	0.5	27	28	4	4	100	13698	100	13698	0.003	0	0.003	0.003	136.98	0.2	135	137	
0.4	0.5	52	29	31	4	69	12836	70	12997	0.0035	0.00181579	0.003	0.01	185.671	13.5269	161	193	
0.4	0.5	45	30	4	4	100	30900	100	30900	0.003	0	0.003	0.003	309	0	309	309	
0.4	0.5	24	31	14	4	100	16100	100	16100	0.003	0	0.003	0.003	161	0	161	161	
0.4	0.5	20	32	8	4	90	36450	90	36610	0.00377778	0.00221221	0.003	0.01	406.778	80.4283	325	485	
0.4	0.5	15	33	13	4	100	11676	100	11572	0.003	0	0.003	0.003	115.72	40.1568	97	201	
0.4	0.5	7	34	13	4	92	7644	91	7567	0.00361538	0.00199315	0.003	0.01	83.1538	21.4357	77	157	
0.4	0.5	38	35	12	4	100	37300	100	37300	0.003	0	0.003	0.003	373	0	373	373	
0.4	0.5	17	36	2	4	55	6925	54	6688	0.00896296	0.00251008	0.003	0.01	123.852	39.9917	67	157	
0.4	0.5	2	37	7	4	100	12498	100	12498	0.003	0	0.003	0.003	124.98	0.2	123	125	
0.4	0.5	48	38	9	4	82	14922	82	14794	0.00445122	0.00285516	0.003	0.01	180.415	71.4412	97	389	
0.4	0.5	9	39	8	4	98	18786	98	18786	0.00314286	0.000994832	0.003	0.01	191.694	6.36422	161	193	
0.4	0.5	10	40	7	4	100	39220	100	39220	0.003	0	0.003	0.003	392.2	15.7557	389	469	
0.4	0.5	55	41	19	4	75	18877	74	18642	0.00536486	0.00333341	0.003	0.01	251.919	18.1023	231	269	
0.4	0.5	33	42	11	4	100	61396	100	61396	0.003	0	0.003	0.003	613.96	23.9941	533	621	
0.4	0.5	19	43	7	4	100	32499	100	32499	0.003	0	0.003	0.003	324.99	0.1	324	325	
0.4	0.5	53	44	8	4	100	25298	100	25298	0.003	0	0.003	0.003	252.98	0.2	251	253	
0.4	0.5	5	45	27	4	48	14448	48	14448	0.003	0	0.003	0.003	301	0	301	301	
0.4	0.5	17	46	8	4	51	3927	51	3927	0.01	0	0.01	0.01	77	0	77	77	
0.4	0.5	11	47	5	4	100	106300	100	106300	0.003	0	0.003	0.003	1063	0	1063	1063	
0.4	0.5	17	48	4	4	100	56416	100	57168	0.003	0	0.003	0.003	571.68	201.575	373	1095	
0.4	0.5	41	49	25	4	80	15440	80	15440	0.003	0	0.003	0.003	193	0	193	193	
0.4	0.5	8	50	5	4	100	7700	100	7700	0.003	0	0.003	0.003	77	0	77	77	
0.4	0.5	9	51	14	4	100	26900	100	26900	0.003	0	0.003	0.003	269	0	269	269	
0.4	0.5	8	52	2	4	100	4900	100	4900	0.003	0	0.003	0.003	49	0	49	49	
0.4	0.5	21	53	3	4	100	26899	100	26899	0.003	0	0.003	0.003	268.99	0.1	268	269	
0.4	0.5	55	54	9	4	100	3200	100	3200	0.003	0	0.003	0.003	32	0	32	32	
0.4	0.5	2	55	3	4	100	4900	100	4900	0.003	0	0.003	0.003	49	0	49	49	
0.4	0.5	30	56	10	4	100	32500	100	32500	0.003	0	0.003	0.003	325	0	325	325	
0.4	0.5	35	57	6	4	100	51700	100	51700	0.003	0	0.003	0.003	517	0	517	517	
0.4	0.5	53	58	5	4	100	74900	100	74900	0.003	0	0.003	0.003	749	0	749	749	
0.4	0.5	30	59	8	4	100	25299	100	25299	0.003	0	0.003	0.003	252.99	0.1	252	253	
0.4	0.5	11	60	1	4	56	21974	55	21569	0.00872727	0.00272475	0.003	0.01	392.164	31.2971	317	405	
0.4	0.5	15	61	7	4	100	44444	100	44068	0.003	0	0.003	0.003	440.68	145.182	373	749	
0.4	0.5	20	62	7	4	66	11881	67	12113	0.00644776	0.00352602	0.003	0.01	180.791	35.5424	156	233	
0.4	0.5	31	63	5	4	99	22923	99	22923	0.00307071	0.000703526	0.003	0.01	231.545	5.75569	209	233	
0.4	0.5	2	64	6	4	100	9700	100	9700	0.003	0	0.003	0.003	97	0	97	97	
0.4	0.5	26	65	5	4	100	25300	100	25300	0.003	0	0.003	0.003	253	0	253	253	
0.4	0.5	33	66	6	4	100	30900	100	30900	0.003	0	0.003	0.003	309	0	309	309	
0.4	0.5	37	67	5	4	100	6700	100	6700	0.003	0	0.003	0.003	67	0	67	67	
0.4	0.5	56	68	4	4	94	45110	94	45110	0.00337234	0.00157933	0.003	0.01	479.894	11.7816	453	485	
0.4	0.5	54	69	3	4	100	20900	100	20900	0.003	0	0.003	0.003	209	0	209	209	
0.4	0.5	54	70	7	4	99	29799	99	29799	0.00307071	0.000703526	0.003	0.01	301	0	301	301	
0.4	0.5	28	71	7	4	51	10251	49	9849	0.00985714	0.001	0.003	0.01	201	0	201	201	
0.4	0.5	38	72	2	4	100	23300	100	23300	0.003	0	0.003	0.003	233	0	233	233	
0.4	0.5	44	73	9	4	100	32500	100	32500	0.003	0	0.003	0.003	325	0	325	325	
0.4	0.5	5	74	28	4	51	8211	51	8211	0.003	0	0.003	0.003	161	0	161	161	
0.4	0.5	13	75	5	4	100	38900	100	38900	0.003	0	0.003	0.003	389	0	389	389	
0.4	0.5	27	76	7	4	100	20100	100	20100	0.003	0	0.003	0.003	201	0	201	201	
0.4	0.5	45	77	10	4	100	20100	100	20100	0.003	0	0.003	0.003	201	0	201	201	
0.4	0.5	22	78	4	4	100	80700	100	80700	0.003	0	0.003	0.003	807	0	807	807	
0.4	0.5	39	79	1	4	79	15247	78	15054	0.003	0	0.003	0.003	193	0	193	193	
0.4	0.5	42	80	9	4	100	16100	100	16100	0.003	0	0.003	0.003	161	0	161	161	
0.4	0.5	29	81	6	4	100	80700	100	80700	0.003	0	0.003	0.003	807	0	807	807	
0.4	0.5	34	82	15	4	100	15300	100	15300	0.003	0	0.003	0.003	153	0	153	153	
0.4	0.5	36	83	8	4	100	25300	100	25300	0.003	0	0.003	0.003	253	0	253	253	
0.4	0.5	55	84	22	4	100	4900	100	4900	0.003	0	0.003	0.003	49	0	49	49	
0.4	0.5	41	85	20	4	79	5293	79	5293	0.003	0	0.003	0.003	67	0	67	67	
0.4	0.5	8	86	13	4	100	6700	100	6700	0.003	0	0.003	0.003	67	0	67	67	
0.4	0.5	34	87	16	4	100	9700	100	9700	0.003	0	0.003	0.003	97	0	97	97	
0.4	0.5	41	88	8	4	80	21520	80	21520	0.003	0	0.003	0.003	269	0	269	269	
0.4	0.5	30	89	2	4	100	13698	100	13698	0.003	0	0.003	0.003	136.98	0.2	135	137	
0.4	0.5	56	90	7	4	100	69299	100	69299	0.003	0	0.003	0.003	692.99	0.1	692	693	
0.4	0.5	17	91	5	4	61	10697	60	10572	0.00766667	0.00332768	0.003	0.01	176.2	63.2361	125	253	
0.4	0.5	9	92	16	4	100	30036	100	30036	0.003	0	0.003	0.003	300.36	4.50257	269	301	
0.4	0.5	30	93	6	4	100	46900	100	46900	0.003	0	0.003	0.003	469	0	469	469	
0.4	0.5	39	94	4	4	77	5929	77	5929	0.003	0	0.003	0.003	77	0	77	77	
0.4	0.5	34	95	14	4	100	4898	100	4898	0.003	0	0.003	0.003	48.98	0.2	47	49	
0.4	0.5	33	96	10	4	100	32499	100	32499	0.003	0	0.003	0.003	324.99	0.1	324	325	
0.4	0.5	21	97	8	4	100	12500	100	12500	0.003	0	0.003	0.003	125	0	125	125	
0.4	0.5	34	98	17	4	100	29460	100	29428	0.003	0	0.003	0.003	294.28	13.0995	269	301	
0.4	0.5	1	99	1	4	59	4543	59	4543	0.00691525	0.00350511	0.003	0.01	77	0	77	77	
0.4	0.5	19	100	5	4	100	38900	100	38900	0.003	0	0.003	0.003	389	0	389	389	
0.4	0.5	9	101	3	4	53	6625	51	6375	0.00958823	0.00166345	0.003	0.01	125	0	125	125	
0.4	0.5	56	102	6	4	100	59700	100	59700	0.003	0	0.003	0.003	597	0	597	597	
0.4	0.5	22	103	5	4	100	69300	100	69300	0.003	0	0.003	0.003	693	0	693	693	
0.4	0.5	43	104	12	4	100	37300	100	37300	0.003	0	0.003	0.003	373	0	373	373	
0.4	0.5	26	105	7	4	100	53300	100	53300	0.003	0	0.003	0.003	533	0	533	533	
0.4	0.5	9	106	9	4	100	37300	100	37300	0.003	0	0.003	0.003	373	0	373	373	
0.4	0.5	30	107	11	4	100	32500	100	32500	0.003	0	0.003	0.003	325	0	325	325	
0.4	0.5	45	108	1	4	94	14757	94	14758	0.00344681	0.00172032	0.003	0.01	157	0	157	157	
0.4	0.5	31	109	1	4	100	30100	100	30100	0.003	0	0.003	0.003	301	0	301	301	
0.4	0.5	5	110	36	4	47	3619	47	3619	0.00329787	0.00142821	0.003	0.01	77	0	77	77	
0.4	0.5	8	111	11	4	67	8375	67	8375	0.00644776	0.00352602	0.003	0.01	125	0	125	125	
0.4	0.5	42	112	6	4	100	6700	100	6700	0.003	0	0.003	0.003	67	0	67	67	
0.4	0.5	9	113	11	4	60	5800	61	5897	0.00770492	0.00331333	0.003	0.01	96.6721	2.56074	77	97	
0.4	0.5	36	114	1	4	100	74900	100	74900	0.003	0	0.003	0.003	749	0	749	749	
0.4	0.5	41	115	26	4	81	10123	81	10123	0.003	0	0.003	0.003	124.975	0.222222	123	125	
0.4	0.5	32	116	4	4	100	51700	100	51700	0.003	0	0.003	0.003	517	0	517	517	
0.4	0.5	40	117	1	4	63	22307	60	21140	0.00708333	0.00348017	0.003	0.01	352.333	43.7507	301	389	
0.4	0.5	10	118	9	4	97	15533	97	15533	0.00321649	0.00121815	0.003	0.01	160.134	19.9016	137	201	
0.4	0.5	35	119	2	4	100	93500	100	93500	0.003	0	0.003	0.003	935	0	935	935	
0.4	0.5	39	120	19	4	78	9750	78	9750	0.003	0	0.003	0.003	125	0	125	125	
0.4	0.5	33	121	8	4	65	10953	65	10953	0.00676923	0.00351679	0.003	0.01	168.508	19.4873	157	201	
0.4	0.5	2	122	16	4	100	4899	100	4899	0.003	0	0.003	0.003	48.99	0.1	48	49	
0.4	0.5	54	123	4	4	100	38900	100	38900	0.003	0	0.003	0.003	389	0	389	389	
0.4	0.5	47	124	4	4	55	11655	54	11354	0.00896296	0.00251008	0.003	0.01	210.259	29.2582	201	301	
0.4	0.5	48	125	10	4	95	28391	95	27999	0.00336842	0.00157137	0.003	0.01	294.726	119.004	193	597	
0.4	0.5	38	126	7	4	100	15300	100	15300	0.003	0	0.003	0.003	153	0	153	153	
0.4	0.5	10	127	5	4	85	20827	85	20827	0.00423529	0.00268438	0.003	0.01	245.024	18.8187	201	253	
0.4	0.5	27	128	10	4	100	25298	100	25298	0.003	0	0.003	0.003	252.98	0.2	251	253	
0.4	0.5	41	129	9	4	80	21520	80	21520	0.003	0	0.003	0.003	269	0	269	269	
0.4	0.5	41	130	14	4	80	2559	79	2527	0.003	0	0.003	0.003	31.9873	0.112509	31	32	
0.4	0.5	34	131	7	4	100	12499	100	12499	0.003	0	0.003	0.003	124.99	0.1	124	125	
0.4	0.5	1	132	3	4	81	16433	80	16200	0.0032625	0.00133828	0.003	0.01	202.5	17.1294	193	233	
0.4	0.5	26	133	4	4	100	45778	100	45778	0.003	0	0.003	0.003	457.78	27.8914	389	469	
0.4	0.5	1	134	25	4	85	13005	85	13005	0.0031647	0.00106734	0.003	0.01	153	0	153	153	
0.4	0.5	16	135	6	4	100	38900	100	38900	0.003	0	0.003	0.003	389	0	389	389	
0.4	0.5	15	136	12	4	97	8749	97	8669	0.00321649	0.00121815	0.003	0.01	89.3711	29.0751	77	157	
0.4	0.5	15	137	11	4	100	8030	100	7960	0.003	0	0.003	0.003	79.6	27.0286	67	137	
0.4	0.5	41	138	7	4	80	6160	80	6160	0.003	0	0.003	0.003	77	0	77	77	
0.4	0.5	41	139	1	4	81	13041	81	13041	0.003	0	0.003	0.003	161	0	161	161	
0.4	0.5	37	140	6	4	80	12648	80	12648	0.0046625	0.00299765	0.003	0.01	158.1	3.87004	153	161	
0.4	0.5	52	141	1	4	68	2176	68	2176	0.00341176	0.0016593	0.003	0.01	32	0	32	32	
0.4	0.5	34	142	20	4	100	15300	100	15300	0.003	0	0.003	0.003	153	0	153	153	
0.4	0.5	2	143	2	4	100	14964	100	14964	0.003	0	0.003	0.003	149.64	9.14476	125	153	
0.4	0.5	37	144	13	4	93	7160	94	7237	0.00352128	0.00184757	0.003	0.01	76.9894	0.103142	76	77	
0.4	0.5	39	145	14	4	74	13130	75	13323	0.00318667	0.00113535	0.003	0.01	177.64	16.0949	161	193	
0.4	0.5	24	146	3	4	100	6700	100	6700	0.003	0	0.003	0.003	67	0	67	67	
0.4	0.5	7	147	10	4	99	26371	99	26371	0.00307071	0.000703526	0.003	0.01	266.374	82.6523	233	469	
0.4	0.5	57	148	5	4	100	51700	100	51700	0.003	0	0.003	0.003	517	0	517	517	
0.4	0.5	28	149	2	4	65	10913	65	11045	0.00666154	0.00352348	0.003	0.01	169.923	24.38	137	209	
0.4	0.5	52	150	21	4	73	3577	72	3528	0.003	0	0.003	0.003	49	0	49	49	
0.4	0.5	14	151	4	4	100	36084	100	36084	0.003	0	0.003	0.003	360.84	69.4682	309	453	
0.4	0.5	55	152	7	4	100	6700	100	6700	0.003	0	0.003	0.003	67	0	67	67	
0.4	0.5	41	153	23	4	81	6237	81	6237	0.003	0	0.003	0.003	77	0	77	77	
0.4	0.5	21	154	4	4	90	33568	90	33568	0.00377778	0.00221221	0.003	0.01	372.978	0.210819	371	373	
0.4	0.5	38	155	15	4	100	15300	100	15300	0.003	0	0.003	0.003	153	0	153	153	
0.4	0.5	51	156	3	4	100	46900	100	46900	0.003	0	0.003	0.003	469	0	469	469	
0.4	0.5	15	157	1	4	94	8278	94	8198	0.00344681	0.00172032	0.003	0.01	87.2128	26.84	77	157	
0.4	0.5	1	158	13	4	79	7663	78	7566	0.00344872	0.00172565	0.003	0.01	97	0	97	97	
0.4	0.5	52	159	5	4	71	8875	72	9000	0.003	0	0.003	0.003	125	0	125	125	
0.4	0.5	55	160	10	4	100	6700	100	6700	0.003	0	0.003	0.003	67	0	67	67	
0.4	0.5	25	161	5	4	87	51939	85	50745	0.00407059	0.00253447	0.003	0.01	597	0	597	597	
0.4	0.5	18	162	2	4	100	32499	100	32499	0.003	0	0.003	0.003	324.99	0.1	324	325	
0.4	0.5	18	163	6	4	54	8458	57	8929	0.00864912	0.00278703	0.003	0.01	156.649	2.64906	137	157	
0.4	0.5	41	164	30	4	79	9873	79	9873	0.00326582	0.00134649	0.003	0.01	124.975	0.225018	123	125	
0.4	0.5	45	165	5	4	91	18291	90	18090	0.0037	0.00211176	0.003	0.01	201	0	201	201	
0.4	0.5	33	166	5	4	99	25047	99	25047	0.00307071	0.000703526	0.003	0.01	253	0	253	253	
0.4	0.5	2	167	8	4	100	12498	100	12498	0.003	0	0.003	0.003	124.98	0.2	123	125	
0.4	0.5	34	168	13	4	100	12500	100	12500	0.003	0	0.003	0.003	125	0	125	125	
0.4	0.5	30	169	7	4	66	13266	69	13869	0.00655072	0.00352527	0.003	0.01	201	0	201	201	
0.4	0.5	41	170	22	4	79	9875	78	9750	0.00317949	0.00111359	0.003	0.01	125	0	125	125	
0.4	0.5	18	171	3	4	100	13698	100	13698	0.003	0	0.003	0.003	136.98	0.2	135	137	
0.4	0.5	24	172	19	4	100	19300	100	19300	0.003	0	0.003	0.003	193	0	193	193	
0.4	0.5	39	173	33	4	76	5852	75	5775	0.00318667	0.00113535	0.003	0.01	77	0	77	77	
0.4	0.5	23	174	3	4	64	12732	64	12732	0.0069375	0.0035	0.003	0.01	198.938	9.37385	157	201	
0.4	0.5	22	175	7	4	51	11883	50	11650	0.01	0	0.01	0.01	233	0	233	233	
0.4	0.5	19	176	11	4	100	46900	100	46900	0.003	0	0.003	0.003	469	0	469	469	
0.4	0.5	12	177	3	4	100	32276	100	32276	0.003	0	0.003	0.003	322.76	5.57976	309	325	
0.4	0.5	28	178	9	4	83	12906	85	13220	0.00431765	0.00275254	0.003	0.01	155.529	10.6866	137	233	
0.4	0.5	24	179	2	4	95	11873	95	11873	0.00336842	0.00157137	0.003	0.01	124.979	0.205196	123	125	
0.4	0.5	52	180	16	4	72	3528	71	3479	0.003	0	0.003	0.003	49	0	49	49	
0.4	0.5	40	181	7	4	100	69300	100	69300	0.003	0	0.003	0.003	693	0	693	693	
0.4	0.5	27	182	12	4	100	20098	100	20098	0.003	0	0.003	0.003	200.98	0.2	199	201	
0.4	0.5	54	183	2	4	100	80700	100	80700	0.003	0	0.003	0.003	807	0	807	807	
0.4	0.5	42	184	12	4	51	7803	50	7650	0.00958	0.00167929	0.003	0.01	153	0	153	153	
0.4	0.5	55	185	5	4	57	5409	56	5312	0.00825	0.00305852	0.003	0.01	94.8571	6.24188	77	97	
0.4	0.5	37	186	16	4	100	4900	100	4900	0.003	0	0.003	0.003	49	0	49	49	
0.4	0.5	13	187	6	4	100	59699	100	59699	0.003	0	0.003	0.003	596.99	0.1	596	597	
0.4	0.5	42	188	16	4	100	26900	100	26900	0.003	0	0.003	0.003	269	0	269	269	
0.4	0.5	37	189	22	4	100	3198	100	3198	0.003	0	0.003	0.003	31.98	0.2	30	32	
0.4	0.5	23	190	4	4	93	36177	95	36955	0.00351579	0.0018385	0.003	0.01	389	0	389	389	
0.4	0.5	48	191	1	4	62	30646	62	29894	0.00729032	0.00343744	0.003	0.01	482.161	172.064	373	749	
0.4	0.5	52	192	34	4	68	9956	69	10109	0.00350725	0.00182808	0.003	0.01	146.507	11.9036	125	153	
0.4	0.5	2	193	13	4	100	19300	100	19300	0.003	0	0.003	0.003	193	0	193	193	
0.4	0.5	46	194	3	4	100	13700	100	13700	0.003	0	0.003	0.003	137	0	137	137	
0.4	0.5	39	195	8	4	77	3773	76	3724	0.003	0	0.003	0.003	49	0	49	49	
0.4	0.5	15	196	8	4	100	36178	100	35858	0.003	0	0.003	0.003	358.58	123.569	299	621	
0.4	0.5	29	197	8	4	59	64605	60	65700	0.00766667	0.00332768	0.003	0.01	1095	0	1095	1095	
0.4	0.5	5	198	8	4	47	3149	48	3216	0.003	0	0.003	0.003	67	0	67	67	
0.4	0.5	20	199	3	4	72	13128	70	12738	0.0059	0.00347308	0.003	0.01	181.971	35.9545	157	233	
0.4	0.5	15	200	6	4	100	18264	100	18108	0.003	0	0.003	0.003	181.08	60.2352	153	309	
0.4	0.5	34	201	5	4	100	14852	100	14852	0.003	0	0.003	0.003	148.52	10.3167	125	153	
0.4	0.5	19	202	3	4	100	20100	100	20100	0.003	0	0.003	0.003	201	0	201	201	
0.4	0.5	20	203	1	4	55	14595	56	14848	0.00875	0.00270521	0.003	0.01	265.143	39.1321	253	389	
0.4	0.5	31	204	7	4	100	54548	100	54548	0.003	0	0.003	0.003	545.48	56.1017	485	597	
0.4	0.5	4	205	1	4	100	46900	100	46900	0.003	0	0.003	0.003	469	0	469	469	
0.4	0.5	49	206	3	4	100	27700	100	27700	0.003	0	0.003	0.003	277	0	277	277	
0.4	0.5	7	207	5	4	100	7750	100	7750	0.003	0	0.003	0.003	77.5	25.1209	67	137	
0.4	0.5	2	208	10	4	100	26899	100	26899	0.003	0	0.003	0.003	268.99	0.1	268	269	
0.4	0.5	3	209	1	4	100	50100	100	50100	0.003	0	0.003	0.003	501	0	501	501	
0.4	0.5	27	210	9	4	100	30899	100	30899	0.003	0	0.003	0.003	308.99	0.1	308	309	
0.4	0.5	33	211	12	4	100	46900	100	46900	0.003	0	0.003	0.003	469	0	469	469	
0.4	0.5	3	212	5	4	100	38900	100	38900	0.003	0	0.003	0.003	389	0	389	389	
0.4	0.5	48	213	3	4	50	3930	49	3853	0.00985714	0.001	0.003	0.01	78.6327	11.4286	77	157	
0.4	0.5	32	214	6	4	100	64500	100	64500	0.003	0	0.003	0.003	645	0	645	645	
0.4	0.5	13	215	7	4	94	102930	94	102930	0.00344681	0.00172032	0.003	0.01	1095	0	1095	1095	
0.4	0.5	37	216	21	4	100	12498	100	12498	0.003	0	0.003	0.003	124.98	0.2	123	125	
0.4	0.5	52	217	26	4	60	15166	57	14359	0.0048421	0.00310983	0.003	0.01	251.912	18.174	231	269	
0.4	0.5	35	218	5	4	100	27698	100	27698	0.003	0	0.003	0.003	276.98	0.2	275	277	
0.4	0.5	39	219	3	4	69	7673	68	7548	0.00402941	0.00249758	0.003	0.01	111	14.1041	97	125	
0.4	0.5	29	220	4	4	100	89916	100	89916	0.003	0	0.003	0.003	899.16	18.9069	807	903	
0.4	0.5	12	221	5	4	100	13700	100	13700	0.003	0	0.003	0.003	137	0	137	137	
0.4	0.5	42	222	2	4	100	7700	100	7700	0.003	0	0.003	0.003	77	0	77	77	
0.4	0.5	39	223	30	4	77	3773	76	3724	0.003	0	0.003	0.003	49	0	49	49	
0.4	0.5	37	224	20	4	100	37300	100	37300	0.003	0	0.003	0.003	373	0	373	373	
0.4	0.5	37	225	4	4	100	16100	100	16100	0.003	0	0.003	0.003	161	0	161	161	
0.4	0.5	42	226	11	4	100	4900	100	4900	0.003	0	0.003	0.003	49	0	49	49	
0.4	0.5	52	227	33	4	68	8164	69	8261	0.00360869	0.00198685	0.003	0.01	119.725	11.0292	97	125	
0.4	0.5	33	228	4	4	100	53298	100	53298	0.003	0	0.003	0.003	532.98	0.2	531	533	
0.4	0.5	52	229	28	4	59	4462	58	4385	0.00468965	0.0030216	0.003	0.01	75.6034	3.47391	67	77	
0.4	0.5	21	230	2	4	100	26899	100	26899	0.003	0	0.003	0.003	268.99	0.1	268	269	
0.4	0.5	15	231	2	4	90	19134	90	19134	0.0037	0.00211176	0.003	0.01	212.6	59.1294	193	389	
0.4	0.5	52	232	30	4	52	6100	50	5850	0.00594	0.00348999	0.003	0.01	117	16.7576	77	125	
0.4	0.5	9	233	13	4	100	37297	100	37297	0.003	0	0.003	0.003	372.97	0.222702	371	373	
0.4	0.5	24	234	15	4	52	3974	51	3897	0.00958823	0.00166345	0.003	0.01	76.4118	2.37635	67	77	
0.4	0.5	28	235	5	4	100	32820	100	32820	0.003	0	0.003	0.003	328.2	22.5128	325	485	
0.4	0.5	14	236	5	4	100	46388	100	46388	0.003	0	0.003	0.003	463.88	100.343	389	597	
0.4	0.5	43	237	9	4	99	9601	99	9601	0.00307071	0.000703526	0.003	0.01	96.9798	0.201008	95	97	
0.4	0.5	11	238	2	4	100	62100	100	62100	0.003	0	0.003	0.003	621	0	621	621	
0.4	0.5	39	239	6	4	75	5025	75	5025	0.003	0	0.003	0.003	67	0	67	67	
0.4	0.5	15	240	5	4	98	14426	98	14298	0.00314286	0.000994832	0.003	0.01	145.898	47.553	125	253	
0.4	0.5	12	241	11	4	87	13439	87	13439	0.00412644	0.00258711	0.003	0.01	154.471	6.68535	137	157	
0.4	0.5	13	242	1	4	100	69300	100	69300	0.003	0	0.003	0.003	693	0	693	693	
0.4	0.5	45	243	7	4	100	30900	100	30900	0.003	0	0.003	0.003	309	0	309	309	
0.4	0.5	55	244	13	4	100	23300	100	23300	0.003	0	0.003	0.003	233	0	233	233	
0.4	0.5	27	245	5	4	100	74900	100	74900	0.003	0	0.003	0.003	749	0	749	749	
0.4	0.5	48	246	7	4	100	19844	100	19588	0.003	0	0.003	0.003	195.88	79.1553	125	389	
0.4	0.5	34	247	19	4	100	4900	100	4900	0.003	0	0.003	0.003	49	0	49	49	
0.4	0.5	31	248	2	4	82	37786	80	36816	0.004575	0.00294152	0.003	0.01	460.2	13.4469	453	485	
0.4	0.5	52	249	24	4	76	2432	75	2400	0.003	0	0.003	0.003	32	0	32	32	
0.4	0.5	26	250	6	4	100	25300	100	25300	0.003	0	0.003	0.003	253	0	253	253	
0.4	0.5	19	251	4	4	53	8321	51	8007	0.00945098	0.00190067	0.003	0.01	157	0	157	157	
0.4	0.5	55	252	14	4	100	4900	100	4900	0.003	0	0.003	0.003	49	0	49	49	
0.4	0.5	37	253	15	4	100	14964	100	14964	0.003	0	0.003	0.003	149.64	9.14476	125	153	
0.4	0.5	30	254	5	4	100	74900	100	74900	0.003	0	0.003	0.003	749	0	749	749	
0.4	0.5	28	255	4	4	62	19502	62	19470	0.00717742	0.00346185	0.003	0.01	314.032	19.6619	253	325	
0.4	0.5	46	256	1	4	100	53300	100	53300	0.003	0	0.003	0.003	533	0	533	533	
0.4	0.5	38	257	9	4	100	37300	100	37300	0.003	0	0.003	0.003	373	0	373	373	
0.4	0.5	52	258	3	4	72	4824	73	4891	0.003	0	0.003	0.003	67	0	67	67	
0.4	0.5	8	259	4	4	99	12375	99	12375	0.00307071	0.000703526	0.003	0.01	125	0	125	125	
0.4	0.5	49	260	2	4	100	77500	100	77500	0.003	0	0.003	0.003	775	0	775	775	
0.4	0.5	18	261	9	4	100	32500	100	32500	0.003	0	0.003	0.003	325	0	325	325	
0.4	0.5	52	262	4	4	73	7081	73	7081	0.00309589	0.000819288	0.003	0.01	97	0	97	97	
0.4	0.5	4	263	6	4	98	31848	98	31848	0.00314286	0.000994832	0.003	0.01	324.98	0.202031	323	325	
0.4	0.5	40	264	4	4	100	45300	100	45300	0.003	0	0.003	0.003	453	0	453	453	
0.4	0.5	50	265	2	4	63	18963	64	19264	0.00704687	0.00348434	0.003	0.01	301	0	301	301	
0.4	0.5	38	266	1	4	100	12498	100	12498	0.003	0	0.003	0.003	124.98	0.2	123	125	
0.4	0.5	55	267	2	4	65	8125	67	8375	0.00655224	0.00352602	0.003	0.01	125	0	125	125	
0.4	0.5	22	268	3	4	100	80700	100	80700	0.003	0	0.003	0.003	807	0	807	807	
0.4	0.5	21	269	1	4	98	9506	98	9506	0.00314286	0.000994832	0.003	0.01	97	0	97	97	
0.4	0.5	53	270	7	4	100	45295	100	45215	0.003	0	0.003	0.003	452.15	32.7736	387	469	
0.4	0.5	39	271	2	4	79	3871	79	3871	0.003	0	0.003	0.003	49	0	49	49	
0.4	0.5	44	272	8	4	100	15700	100	15700	0.003	0	0.003	0.003	157	0	157	157	
0.4	0.5	52	273	32	4	53	4941	52	4824	0.00555769	0.00340365	0.003	0.01	92.7692	8.24767	77	97	
0.4	0.5	33	274	1	4	100	25746	100	25746	0.003	0	0.003	0.003	257.46	15.2755	252	309	
0.4	0.5	42	275	7	4	100	15300	100	15300	0.003	0	0.003	0.003	153	0	153	153	
0.4	0.5	39	276	7	4	78	15054	78	15054	0.003	0	0.003	0.003	193	0	193	193	
0.4	0.5	14	277	6	4	65	20381	64	20072	0.00682812	0.00351213	0.003	0.01	313.625	46.6216	253	453	
0.4	0.5	35	278	3	4	100	31700	100	31700	0.003	0	0.003	0.003	317	0	317	317	
0.4	0.5	52	279	37	4	72	2304	73	2336	0.003	0	0.003	0.003	32	0	32	32	
0.4	0.5	42	280	15	4	100	7700	100	7700	0.003	0	0.003	0.003	77	0	77	77	
0.4	0.5	39	281	27	4	77	5929	77	5929	0.00345454	0.00173619	0.003	0.01	77	0	77	77	
0.4	0.5	19	282	6	4	100	53300	100	53300	0.003	0	0.003	0.003	533	0	533	533	
0.4	0.5	1	283	29	4	57	5905	57	5849	0.00668421	0.00352622	0.003	0.01	102.614	18.2657	77	125	
0.4	0.5	53	284	1	4	100	13700	100	13700	0.003	0	0.003	0.003	137	0	137	137	
0.4	0.5	36	285	10	4	100	13698	100	13698	0.003	0	0.003	0.003	136.98	0.2	135	137	
0.4	0.5	23	286	7	4	100	25300	100	25300	0.003	0	0.003	0.003	253	0	253	253	
0.4	0.5	28	287	10	4	79	24827	79	24811	0.00486076	0.00311215	0.003	0.01	314.063	12.6282	253	325	
0.4	0.5	41	288	15	4	76	2432	74	2368	0.00337838	0.00159368	0.003	0.01	32	0	32	32	
0.4	0.5	5	289	17	4	50	7650	50	7650	0.003	0	0.003	0.003	153	0	153	153	
0.4	0.5	5	290	41	4	49	6125	49	6125	0.00371428	0.00214087	0.003	0.01	125	0	125	125	
0.4	0.5	4	291	9	4	73	14497	74	14698	0.00555405	0.00339275	0.003	0.01	198.622	10.0174	157	201	
0.4	0.5	10	292	3	4	62	11450	60	11047	0.00731667	0.00343211	0.003	0.01	184.117	21.5604	157	201	
0.4	0.5	1	293	27	4	84	13524	84	13524	0.003	0	0.003	0.003	161	0	161	161	
0.4	0.5	33	294	9	4	100	38898	100	38898	0.003	0	0.003	0.003	388.98	0.2	387	389	
0.4	0.5	38	295	5	4	100	19300	100	19300	0.003	0	0.003	0.003	193	0	193	193	
0.4	0.5	36	296	2	4	100	30900	100	30900	0.003	0	0.003	0.003	309	0	309	309	
0.4	0.5	21	297	12	4	98	5504	98	5540	0.00314286	0.000994832	0.003	0.01	56.5306	8.92489	49	67	
0.4	0.5	41	298	16	4	80	5360	80	5360	0.003	0	0.003	0.003	67	0	67	67	
0.4	0.5	6	299	8	4	100	9700	100	9700	0.003	0	0.003	0.003	97	0	97	97	
0.4	0.5	54	300	5	4	100	45300	100	45300	0.003	0	0.003	0.003	453	0	453	453	
0.4	0.5	46	301	8	4	100	20100	100	20100	0.003	0	0.003	0.003	201	0	201	201	
0.4	0.5	36	302	4	4	100	53298	100	53298	0.003	0	0.003	0.003	532.98	0.2	531	533	
0.4	0.5	41	303	29	4	79	3871	79	3871	0.003	0	0.003	0.003	49	0	49	49	
0.4	0.5	41	304	32	4	81	3969	81	3969	0.003	0	0.003	0.003	49	0	49	49	
0.4	0.5	45	305	8	4	98	15386	98	15386	0.00314286	0.000994832	0.003	0.01	157	0	157	157	
0.4	0.5	39	306	23	4	72	3528	71	3479	0.00319718	0.00116643	0.003	0.01	49	0	49	49	
0.4	0.5	57	307	2	4	100	93500	100	93500	0.003	0	0.003	0.003	935	0	935	935	
0.4	0.5	25	308	8	4	100	59699	100	59699	0.003	0	0.003	0.003	596.99	0.1	596	597	
0.4	0.5	17	309	12	4	99	34843	99	35315	0.00307071	0.000703526	0.003	0.01	356.717	127.027	233	693	
0.4	0.5	57	310	1	4	100	40500	100	40500	0.003	0	0.003	0.003	405	0	405	405	
0.4	0.5	39	311	25	4	77	5159	77	5159	0.003	0	0.003	0.003	67	0	67	67	
0.4	0.5	32	312	1	4	100	77500	100	77500	0.003	0	0.003	0.003	775	0	775	775	
0.4	0.5	42	313	13	4	100	23300	100	23300	0.003	0	0.003	0.003	233	0	233	233	
0.4	0.5	31	314	4	4	100	48500	100	48500	0.003	0	0.003	0.003	485	0	485	485	
0.4	0.5	55	315	18	4	99	6633	99	6633	0.00307071	0.000703526	0.003	0.01	67	0	67	67	
0.4	0.5	21	316	5	4	86	9602	86	9602	0.00405814	0.00252216	0.003	0.01	111.651	14.0669	97	125	
0.4	0.5	56	317	1	4	100	30100	100	30100	0.003	0	0.003	0.003	301	0	301	301	
0.4	0.5	5	318	32	4	50	6250	50	6250	0.003	0	0.003	0.003	125	0	125	125	
0.4	0.5	56	319	3	4	100	20900	100	20900	0.003	0	0.003	0.003	209	0	209	209	
0.4	0.5	26	320	10	4	100	20100	100	20100	0.003	0	0.003	0.003	201	0	201	201	
0.4	0.5	49	321	4	4	99	31383	99	31383	0.00307071	0.000703526	0.003	0.01	317	0	317	317	
0.4	0.5	38	322	3	4	80	5560	80	5560	0.00475	0.00305021	0.003	0.01	69.5	4.35745	67	77	
0.4	0.5	8	323	17	4	100	16100	100	16100	0.003	0	0.003	0.003	161	0	161	161	
0.4	0.5	37	324	12	4	100	7698	100	7698	0.003	0	0.003	0.003	76.98	0.2	75	77	
0.4	0.5	12	325	8	4	100	20100	100	20100	0.003	0	0.003	0.003	201	0	201	201	
0.4	0.5	47	326	1	4	57	10773	58	10974	0.00818965	0.00309191	0.003	0.01	189.207	21.7213	157	233	
0.4	0.5	55	327	12	4	100	16098	100	16098	0.003	0	0.003	0.003	160.98	0.2	159	161	
0.4	0.5	51	328	4	4	100	96700	100	96700	0.003	0	0.003	0.003	967	0	967	967	
0.4	0.5	38	329	16	4	98	9506	98	9506	0.00314286	0.000994832	0.003	0.01	97	0	97	97	
0.4	0.5	49	330	1	4	100	40498	100	40498	0.003	0	0.003	0.003	404.98	0.2	403	405	
0.4	0.5	10	331	6	4	88	28248	88	28248	0.003875	0.0023283	0.003	0.01	321	6.96791	309	325	
0.4	0.5	10	332	11	4	92	18492	93	18693	0.00360215	0.00197341	0.003	0.01	201	0	201	201	
0.4	0.5	12	333	6	4	73	12399	71	11997	0.00566197	0.00342238	0.003	0.01	168.972	23.1084	137	201	
0.4	0.5	2	334	17	4	100	9698	100	9698	0.003	0	0.003	0.003	96.98	0.2	95	97	
0.4	0.5	27	335	3	4	100	15700	100	15700	0.003	0	0.003	0.003	157	0	157	157	
0.4	0.5	45	336	2	4	99	30591	99	30591	0.00307071	0.000703526	0.003	0.01	309	0	309	309	
0.4	0.5	43	337	8	4	100	15188	100	15188	0.003	0	0.003	0.003	151.88	5.5145	125	153	
0.4	0.5	35	338	4	4	100	93498	100	93498	0.003	0	0.003	0.003	934.98	0.2	933	935	
0.4	0.5	39	339	31	4	78	12556	77	12395	0.003	0	0.003	0.003	160.974	0.227921	159	161	
0.4	0.5	35	340	1	4	100	62100	100	62100	0.003	0	0.003	0.003	621	0	621	621	
0.4	0.5	21	341	11	4	100	26900	100	26900	0.003	0	0.003	0.003	269	0	269	269	
0.4	0.5	53	342	4	4	100	10100	100	10100	0.003	0	0.003	0.003	101	0	101	101	
0.4	0.5	4	343	10	4	100	30900	100	30900	0.003	0	0.003	0.003	309	0	309	309	
0.4	0.5	37	344	14	4	100	4900	100	4900	0.003	0	0.003	0.003	49	0	49	49	
0.4	0.5	7	345	9	4	100	5680	100	5680	0.003	0	0.003	0.003	56.8	18.6613	49	101	
0.4	0.5	37	346	7	4	100	7700	100	7700	0.00307	0.0007	0.003	0.01	77	0	77	77	
0.4	0.5	55	347	15	4	100	6700	100	6700	0.003	0	0.003	0.003	67	0	67	67	
0.4	0.5	22	348	6	4	100	30100	100	30100	0.003	0	0.003	0.003	301	0	301	301	
0.4	0.5	7	349	1	4	100	22240	100	22240	0.003	0	0.003	0.003	222.4	70.3386	193	389	
0.4	0.5	41	350	4	4	64	4928	63	4851	0.00577778	0.00345218	0.003	0.01	77	0	77	77	
0.4	0.5	21	351	6	4	51	8211	50	8050	0.00986	0.000989949	0.003	0.01	161	0	161	161	
0.4	0.5	13	352	4	4	100	80700	100	80700	0.003	0	0.003	0.003	807	0	807	807	
0.4	0.5	36	353	7	4	100	62100	100	62100	0.003	0	0.003	0.003	621	0	621	621	
0.4	0.5	37	354	2	4	100	3200	100	3200	0.003	0	0.003	0.003	32	0	32	32	
0.4	0.5	14	355	2	4	100	63164	100	63164	0.003	0	0.003	0.003	631.64	132.183	533	807	
0.4	0.5	41	356	12	4	79	9875	79	9875	0.003	0	0.003	0.003	125	0	125	125	
0.4	0.5	39	357	28	4	78	29092	78	29092	0.003	0	0.003	0.003	372.974	0.159085	372	373	
0.4	0.5	7	358	8	4	100	22240	100	22240	0.003	0	0.003	0.003	222.4	70.3386	193	389	
0.4	0.5	52	359	40	4	75	12075	76	12236	0.003	0	0.003	0.003	161	0	161	161	
0.4	0.5	37	360	3	4	66	7998	67	8123	0.00676119	0.00351658	0.003	0.01	121.239	9.6202	97	125	
0.4	0.5	48	361	11	4	57	6777	59	6931	0.00810169	0.00313872	0.003	0.01	117.475	47.335	77	233	
0.4	0.5	31	362	3	4	100	69300	100	69300	0.003	0	0.003	0.003	693	0	693	693	
0.4	0.5	8	363	1	4	100	6700	100	6700	0.003	0	0.003	0.003	67	0	67	67	
0.4	0.5	37	364	11	4	100	37297	100	37297	0.003	0	0.003	0.003	372.97	0.171447	372	373	
0.4	0.5	18	365	8	4	100	25300	100	25300	0.003	0	0.003	0.003	253	0	253	253	
0.4	0.5	25	366	1	4	100	80699	100	80699	0.003	0	0.003	0.003	806.99	0.1	806	807	
0.4	0.5	52	367	35	4	75	2400	76	2432	0.003	0	0.003	0.003	32	0	32	32	
0.4	0.5	20	368	5	4	99	31439	99	31575	0.00307071	0.000703526	0.003	0.01	318.939	68.3147	253	389	
0.4	0.5	41	369	6	4	82	13202	82	13202	0.003	0	0.003	0.003	161	0	161	161	
0.4	0.5	37	370	9	4	58	5526	60	5720	0.0079	0.00323487	0.003	0.01	95.3333	5.57436	77	97	
0.4	0.5	23	371	1	4	100	25300	100	25300	0.003	0	0.003	0.003	253	0	253	253	
0.4	0.5	52	372	22	4	75	5025	74	4958	0.003	0	0.003	0.003	67	0	67	67	
0.4	0.5	43	373	15	4	100	37300	100	37300	0.003	0	0.003	0.003	373	0	373	373	
0.4	0.5	41	374	13	4	82	30586	82	30586	0.003	0	0.003	0.003	373	0	373	373	
0.4	0.5	52	375	20	4	75	7275	75	7275	0.003	0	0.003	0.003	97	0	97	97	
0.4	0.5	12	376	7	4	100	25300	100	25300	0.003	0	0.003	0.003	253	0	253	253	
0.4	0.5	41	377	10	4	80	15440	80	15440	0.003	0	0.003	0.003	193	0	193	193	
0.4	0.5	32	378	2	4	100	106300	100	106300	0.003	0	0.003	0.003	1063	0	1063	1063	
0.4	0.5	21	379	9	4	100	16100	100	16100	0.003	0	0.003	0.003	161	0	161	161	
0.4	0.5	26	380	8	4	100	46900	100	46900	0.003	0	0.003	0.003	469	0	469	469	
0.4	0.5	41	381	2	4	79	7663	79	7663	0.003	0	0.003	0.003	97	0	97	97	
0.4	0.5	2	382	1	4	100	4900	100	4900	0.003	0	0.003	0.003	49	0	49	49	
0.4	0.5	55	383	8	4	100	15300	100	15300	0.003	0	0.003	0.003	153	0	153	153	
0.4	0.5	15	384	3	4	100	11676	100	11572	0.003	0	0.003	0.003	115.72	40.1568	97	201	
0.4	0.5	15	385	4	4	100	14930	100	14802	0.003	0	0.003	0.003	148.02	49.4336	123	253	
0.4	0.5	45	386	6	4	100	74900	100	74900	0.003	0	0.003	0.003	749	0	749	749	
0.4	0.5	41	387	27	4	79	7662	79	7662	0.003	0	0.003	0.003	96.9873	0.112509	96	97	
0.4	0.5	37	388	19	4	100	6700	100	6700	0.003	0	0.003	0.003	67	0	67	67	
0.4	0.5	53	389	2	4	100	13700	100	13700	0.003	0	0.003	0.003	137	0	137	137	
0.4	0.5	21	390	10	4	99	9601	99	9601	0.00307071	0.000703526	0.003	0.01	96.9798	0.201008	95	97	
0.4	0.5	29	391	1	4	78	30342	77	29953	0.00509091	0.00322483	0.003	0.01	389	0	389	389	
0.4	0.5	20	392	9	4	85	31017	85	31305	0.00431765	0.00275254	0.003	0.01	368.294	71.2906	309	453	
0.4	0.5	17	393	11	4	98	34150	98	34622	0.00314286	0.000994832	0.003	0.01	353.286	122.982	233	693	
0.4	0.5	8	394	12	4	100	7700	100	7700	0.003	0	0.003	0.003	77	0	77	77	
0.4	0.5	2	395	15	4	100	25928	100	26000	0.003	0	0.003	0.003	260	15.667	233	269	
0.4	0.5	18	396	7	4	96	19296	95	19095	0.0034421	0.00171176	0.003	0.01	201	0	201	201	
0.4	0.5	38	397	13	4	95	11873	95	11873	0.00336842	0.00157137	0.003	0.01	124.979	0.205196	123	125	
0.4	0.5	19	398	8	4	100	25300	100	25300	0.003	0	0.003	0.003	253	0	253	253	
0.4	0.5	42	399	14	4	99	9603	99	9603	0.00307071	0.000703526	0.003	0.01	97	0	97	97	
0.4	0.5	52	400	29	4	69	5163	67	5009	0.00362686	0.00201386	0.003	0.01	74.7612	4.19989	67	77	
0.4	0.5	8	401	10	4	100	26900	100	26900	0.003	0	0.003	0.003	269	0	269	269	
0.4	0.5	46	402	11	4	100	46900	100	46900	0.003	0	0.003	0.003	469	0	469	469	
0.4	0.5	7	403	3	4	100	17640	100	17640	0.003	0	0.003	0.003	176.4	55.9838	153	309	
0.4	0.5	41	404	31	4	79	15247	79	15247	0.003	0	0.003	0.003	193	0	193	193	
0.4	0.5	8	405	8	4	100	19300	100	19300	0.003	0	0.003	0.003	193	0	193	193	
0.4	0.5	37	406	24	4	100	6700	100	6700	0.003	0	0.003	0.003	67	0	67	67	
0.4	0.5	22	407	2	4	100	20900	100	20900	0.003	0	0.003	0.003	209	0	209	209	
0.4	0.5	25	408	7	4	100	38900	100	38900	0.003	0	0.003	0.003	389	0	389	389	
0.4	0.5	42	409	8	4	100	7700	100	7700	0.003	0	0.003	0.003	77	0	77	77	
0.4	0.5	43	410	6	4	100	26900	100	26900	0.003	0	0.003	0.003	269	0	269	269	
0.4	0.5	36	411	6	4	100	46899	100	46899	0.003	0	0.003	0.003	468.99	0.1	468	469	
0.4	0.5	16	412	1	4	88	37046	87	36593	0.00396552	0.00242779	0.003	0.01	420.609	32.1607	389	453	
0.4	0.5	53	413	6	4	100	25298	100	25298	0.003	0	0.003	0.003	252.98	0.2	251	253	
0.4	0.5	37	414	1	4	92	7083	91	7006	0.00361538	0.00199315	0.003	0.01	76.989	0.104828	76	77	
0.4	0.5	24	415	20	4	100	26900	100	26900	0.003	0	0.003	0.003	269	0	269	269	
0.4	0.5	13	416	3	4	77	84315	76	83220	0.00521053	0.00327543	0.003	0.01	1095	0	1095	1095	
0.4	0.5	17	417	10	4	100	40384	100	40912	0.003	0	0.003	0.003	409.12	143.218	269	807	
0.4	0.5	42	418	5	4	100	23300	100	23300	0.003	0	0.003	0.003	233	0	233	233	
0.4	0.5	56	419	5	4	100	30100	100	30100	0.003	0	0.003	0.003	301	0	301	301	
0.4	0.5	43	420	13	4	75	6455	73	6261	0.00530137	0.00331111	0.003	0.01	85.7671	9.99239	77	97	
0.4	0.5	17	421	1	4	100	24455	100	24783	0.003	0	0.003	0.003	247.83	88.3967	161	485	
0.4	0.5	48	422	5	4	62	6184	60	5950	0.00731667	0.00343211	0.003	0.01	99.1667	36.1771	67	157	
0.4	0.5	57	423	4	4	100	40500	100	40500	0.003	0	0.003	0.003	405	0	405	405	
0.4	0.5	47	424	7	4	50	10250	51	10451	0.00986274	0.000980196	0.003	0.01	204.922	19.6039	201	301	
0.4	0.5	29	425	5	4	100	20898	100	20898	0.003	0	0.003	0.003	208.98	0.2	207	209	
0.4	0.5	46	426	5	4	59	18231	60	18540	0.0079	0.00323487	0.003	0.01	309	0	309	309	
0.4	0.5	8	427	14	4	100	15300	100	15300	0.003	0	0.003	0.003	153	0	153	153	
0.4	0.5	21	428	13	4	85	9981	84	9856	0.00416667	0.00262441	0.003	0.01	117.333	12.5605	97	125	
0.4	0.5	30	429	4	4	100	25300	100	25300	0.003	0	0.003	0.003	253	0	253	253	
0.4	0.5	57	430	6	4	100	77500	100	77500	0.003	0	0.003	0.003	775	0	775	775	
0.4	0.5	19	431	1	4	100	20100	100	20100	0.003	0	0.003	0.003	201	0	201	201	
0.4	0.5	47	432	5	4	100	39540	100	39540	0.003	0	0.003	0.003	395.4	102.513	325	645	
0.4	0.5	12	433	4	4	100	32500	100	32500	0.003	0	0.003	0.003	325	0	325	325	
0.4	0.5	26	434	2	4	55	20307	54	19918	0.00896296	0.00251008	0.003	0.01	368.852	48.7672	253	389	
0.4	0.5	43	435	4	4	99	20787	99	20787	0.00307071	0.000703526	0.003	0.01	209.97	19.8697	193	233	
0.4	0.5	52	436	39	4	71	2272	71	2272	0.003	0	0.003	0.003	32	0	32	32	
0.4	0.5	9	437	2	4	84	10472	84	10472	0.00441667	0.00282931	0.003	0.01	124.667	3.05505	97	125	
0.4	0.5	11	438	3	4	100	31700	100	31700	0.003	0	0.003	0.003	317	0	317	317	
0.4	0.5	8	439	6	4	100	9700	100	9700	0.003	0	0.003	0.003	97	0	97	97	
0.4	0.5	27	440	2	4	100	46900	100	46900	0.003	0	0.003	0.003	469	0	469	469	
0.4	0.5	4	441	7	4	100	62100	100	62100	0.003	0	0.003	0.003	621	0	621	621	
0.4	0.5	41	442	24	4	80	3920	80	3920	0.003	0	0.003	0.003	49	0	49	49	
0.4	0.5	21	443	16	4	100	3200	100	3200	0.003	0	0.003	0.003	32	0	32	32	
0.4	0.5	3	444	2	4	100	64500	100	64500	0.003	0	0.003	0.003	645	0	645	645	
0.4	0.5	37	445	8	4	99	6633	99	6633	0.00307071	0.000703526	0.003	0.01	67	0	67	67	
0.4	0.5	14	446	7	4	94	44982	95	45675	0.0034421	0.00171176	0.003	0.01	480.789	109.845	389	693	
0.4	0.5	9	447	15	4	100	16100	100	16100	0.003	0	0.003	0.003	161	0	161	161	
0.4	0.5	39	448	32	4	70	11270	68	10948	0.00423529	0.00268838	0.003	0.01	161	0	161	161	
0.4	0.5	48	449	8	4	100	15604	100	15396	0.003	0	0.003	0.003	153.96	62.7919	97	301	
0.4	0.5	21	450	15	4	99	9603	99	9603	0.00307071	0.000703526	0.003	0.01	97	0	97	97	
0.4	0.5	52	451	38	4	54	8010	53	7857	0.00577358	0.00345655	0.003	0.01	148.245	10.6137	125	153	
0.4	0.5	50	452	8	4	100	23294	100	23294	0.003	0	0.003	0.003	232.94	0.342893	231	233	
0.4	0.5	34	453	18	4	100	18660	100	18628	0.003	0	0.003	0.003	186.28	13.0995	161	193	
0.4	0.5	17	454	6	4	66	33874	68	35940	0.0065	0.00352602	0.003	0.01	528.529	184.119	301	749	
0.4	0.5	52	455	25	4	73	2336	72	2304	0.003	0	0.003	0.003	32	0	32	32	
0.4	0.5	44	456	2	4	100	20100	100	20100	0.003	0	0.003	0.003	201	0	201	201	
0.4	0.5	1	457	15	4	80	5360	81	5427	0.00351852	0.00184466	0.003	0.01	67	0	67	67	
0.4	0.5	5	458	9	4	50	7650	51	7803	0.003	0	0.003	0.003	153	0	153	153	
0.4	0.5	36	459	3	4	96	24288	96	24288	0.00329167	0.00140613	0.003	0.01	253	0	253	253	
0.4	0.5	52	460	2	4	74	4958	75	5025	0.003	0	0.003	0.003	67	0	67	67	
0.4	0.5	48	461	13	4	71	7573	67	7015	0.00602985	0.00349446	0.003	0.01	104.701	40.1742	67	233	
0.4	0.5	38	462	14	4	100	12498	100	12498	0.003	0	0.003	0.003	124.98	0.2	123	125	
0.4	0.5	9	463	6	4	53	4061	50	3830	0.00944	0.00191833	0.003	0.01	76.6	1.97949	67	77	
0.4	0.5	52	464	14	4	73	5621	72	5544	0.003	0	0.003	0.003	77	0	77	77	
0.4	0.5	23	465	9	4	100	20100	100	20100	0.003	0	0.003	0.003	201	0	201	201	
0.4	0.5	55	466	16	4	100	7700	100	7700	0.003	0	0.003	0.003	77	0	77	77	
0.4	0.5	15	467	10	4	100	36180	100	35860	0.003	0	0.003	0.003	358.6	123.559	301	621	
0.4	0.5	41	468	3	4	82	5494	82	5494	0.003	0	0.003	0.003	67	0	67	67	
0.4	0.5	12	469	10	4	98	15386	98	15386	0.00321428	0.00121205	0.003	0.01	157	0	157	157	
0.4	0.5	39	470	20	4	74	7178	75	7275	0.00346667	0.00175787	0.003	0.01	97	0	97	97	
0.4	0.5	18	471	5	4	100	25300	100	25300	0.003	0	0.003	0.003	253	0	253	253	
0.4	0.5	52	472	13	4	73	9125	72	9000	0.00319444	0.00115842	0.003	0.01	125	0	125	125	
0.4	0.5	27	473	6	4	100	32499	100	32499	0.003	0	0.003	0.003	324.99	0.1	324	325	
0.4	0.5	36	474	9	4	100	15700	100	15700	0.003	0	0.003	0.003	157	0	157	157	
0.4	0.5	52	475	23	4	72	3528	71	3479	0.003	0	0.003	0.003	49	0	49	49	
0.4	0.5	20	476	2	4	97	55797	95	54859	0.00322105	0.00123063	0.003	0.01	577.463	112.538	469	693	
0.4	0.5	26	477	9	4	86	13242	86	13222	0.00413953	0.00259938	0.003	0.01	153.744	7.4268	137	157	
0.4	0.5	40	478	3	4	100	20900	100	20900	0.003	0	0.003	0.003	209	0	209	209	
0.4	0.5	7	479	6	4	93	9525	91	9331	0.00353846	0.00187562	0.003	0.01	102.538	28.6947	77	201	
0.4	0.5	53	480	9	4	100	38900	100	38900	0.003	0	0.003	0.003	389	0	389	389	
0.4	0.5	50	481	6	4	100	44532	100	44532	0.003	0	0.003	0.003	445.32	20.9023	389	453	
0.4	0.5	24	482	6	4	100	23300	100	23300	0.003	0	0.003	0.003	233	0	233	233	
0.4	0.5	19	483	10	4	100	53300	100	53300	0.003	0	0.003	0.003	533	0	533	533	
0.4	0.5	39	484	11	4	78	3822	79	3871	0.003	0	0.003	0.003	49	0	49	49	
0.4	0.5	38	485	11	4	100	19300	100	19300	0.003	0	0.003	0.003	193	0	193	193	
0.4	0.5	40	486	6	4	100	105600	100	105600	0.003	0	0.003	0.003	1056	0	1056	1056	
0.4	0.5	46	487	7	4	82	38458	83	38927	0.00451807	0.00290232	0.003	0.01	469	0	469	469	
0.4	0.5	33	488	7	4	100	20099	100	20099	0.003	0	0.003	0.003	200.99	0.1	200	201	
0.4	0.5	11	489	4	4	100	64500	100	64500	0.003	0	0.003	0.003	645	0	645	645	
0.4	0.5	37	490	17	4	97	12125	97	12125	0.00321649	0.00121815	0.003	0.01	125	0	125	125	
0.4	0.5	46	491	9	4	100	20100	100	20100	0.003	0	0.003	0.003	201	0	201	201	
0.4	0.5	9	492	7	4	100	30100	100	30100	0.003	0	0.003	0.003	301	0	301	301	
0.4	0.5	34	493	2	4	99	6633	99	6633	0.00307071	0.000703526	0.003	0.01	67	0	67	67	
0.4	0.5	10	494	10	4	99	48095	99	48095	0.00307071	0.000703526	0.003	0.01	485.808	28.3072	469	533	
0.4	0.5	4	495	5	4	100	30900	100	30900	0.003	0	0.003	0.003	309	0	309	309	
0.4	0.5	2	496	12	4	100	19300	100	19300	0.003	0	0.003	0.003	193	0	193	193	
0.4	0.5	4	497	4	4	98	38122	98	38122	0.00314286	0.000994832	0.003	0.01	389	0	389	389	
0.4	0.5	50	498	3	4	91	34255	90	33866	0.0037	0.00211176	0.003	0.01	376.289	31.1088	301	389	
0.4	0.5	47	499	8	4	100	65212	100	65212	0.003	0	0.003	0.003	652.12	172.046	533	1063	
0.4	0.5	41	500	28	4	82	5494	82	5494	0.003	0	0.003	0.003	67	0	67	67	
0.4	0.5	28	501	1	4	100	48499	100	48499	0.003	0	0.003	0.003	484.99	38.7315	468	693	
0.4	0.5	8	502	15	4	97	7469	96	7392	0.00321875	0.00122434	0.003	0.01	77	0	77	77	
0.4	0.5	46	503	2	4	100	25300	100	25300	0.003	0	0.003	0.003	253	0	253	253	
0.4	0.5	39	504	26	4	78	5226	78	5226	0.003	0	0.003	0.003	67	0	67	67	
0.4	0.5	1	505	26	4	59	4543	59	4543	0.0059661	0.00348873	0.003	0.01	77	0	77	77	
0.4	0.5	7	506	4	4	100	22240	100	22240	0.003	0	0.003	0.003	222.4	70.3386	193	389	
0.4	0.5	52	507	7	4	73	19636	73	19636	0.003	0	0.003	0.003	268.986	0.117041	268	269	
0.4	0.5	32	508	5	4	100	31700	100	31700	0.003	0	0.003	0.003	317	0	317	317	
0.4	0.5	12	509	1	4	100	25300	100	25300	0.003	0	0.003	0.003	253	0	253	253	
0.4	0.5	55	510	11	4	100	6700	100	6700	0.003	0	0.003	0.003	67	0	67	67	
0.4	0.5	23	511	11	4	100	53300	100	53300	0.003	0	0.003	0.003	533	0	533	533	
0.4	0.5	2	512	9	4	99	4851	99	4851	0.00307071	0.000703526	0.003	0.01	49	0	49	49	
0.4	0.5	41	513	21	4	82	7953	82	7953	0.003	0	0.003	0.003	96.9878	0.110432	96	97	
0.4	0.5	52	514	8	4	69	5313	69	5313	0.00360869	0.00198685	0.003	0.01	77	0	77	77	
0.4	0.5	34	515	3	4	59	12955	54	11790	0.00857407	0.00284573	0.003	0.01	218.333	29.2704	161	233	
0.4	0.5	33	516	3	4	67	19357	67	19357	0.00634328	0.00352288	0.003	0.01	288.91	27.0318	253	309	
0.4	0.5	48	517	4	4	88	12990	88	12886	0.003875	0.0023283	0.003	0.01	146.432	60.5309	97	301	
0.4	0.5	21	518	14	4	100	6700	100	6700	0.003	0	0.003	0.003	67	0	67	67	
0.4	0.5	9	519	5	4	100	12500	100	12500	0.003	0	0.003	0.003	125	0	125	125	
0.4	0.5	38	520	6	4	100	6700	100	6700	0.003	0	0.003	0.003	67	0	67	67	
0.4	0.5	46	521	6	4	100	38900	100	38900	0.003	0	0.003	0.003	389	0	389	389	
0.4	0.5	44	522	7	4	51	8007	52	8164	0.00959615	0.00164805	0.003	0.01	157	0	157	157	
0.4	0.5	29	523	7	4	93	45105	93	45105	0.00352688	0.00185678	0.003	0.01	485	0	485	485	
0.4	0.5	44	524	4	4	100	20099	100	20099	0.003	0	0.003	0.003	200.99	0.1	200	201	
0.4	0.5	46	525	4	4	100	25298	100	25298	0.003	0	0.003	0.003	252.98	0.2	251	253	
0.4	0.5	52	526	9	4	72	2303	72	2303	0.003	0	0.003	0.003	31.9861	0.117851	31	32	
0.4	0.5	55	527	6	4	100	9700	100	9700	0.003	0	0.003	0.003	97	0	97	97	
0.4	0.5	10	528	8	4	100	20100	100	20100	0.003	0	0.003	0.003	201	0	201	201	
0.4	0.5	34	529	12	4	100	6700	100	6700	0.003	0	0.003	0.003	67	0	67	67	
0.4	0.5	15	530	9	4	100	17732	100	17576	0.003	0	0.003	0.003	175.76	62.3802	125	309	
0.4	0.5	44	531	5	4	100	30900	100	30900	0.003	0	0.003	0.003	309	0	309	309	
0.4	0.5	8	532	7	4	100	23300	100	23300	0.003	0	0.003	0.003	233	0	233	233	
0.4	0.5	40	533	5	4	62	17166	58	15962	0.00734483	0.00342617	0.003	0.01	275.207	33.2828	233	301	
0.4	0.5	45	534	9	4	100	38900	100	38900	0.003	0	0.003	0.003	389	0	389	389	
0.4	0.5	47	535	10	4	54	8546	55	8703	0.00885454	0.00261348	0.003	0.01	158.236	19.4574	137	233	
0.4	0.5	55	536	21	4	100	21820	100	21860	0.003	0	0.003	0.003	218.6	19.2967	193	233	
0.4	0.5	14	537	3	4	70	56392	68	54894	0.00588235	0.00347068	0.003	0.01	807.265	152.97	621	1095	
0.4	0.5	37	538	10	4	100	12499	100	12499	0.003	0	0.003	0.003	124.99	0.1	124	125	
0.4	0.5	24	539	5	4	91	11375	91	11375	0.00361538	0.00199315	0.003	0.01	125	0	125	125	
0.4	0.5	40	540	2	4	100	45300	100	45300	0.003	0	0.003	0.003	453	0	453	453	
0.4	0.5	36	541	5	4	100	15699	100	15699	0.003	0	0.003	0.003	156.99	0.1	156	157	
0.4	0.5	31	542	6	4	100	105600	100	105600	0.003	0	0.003	0.003	1056	0	1056	1056	
0.4	0.5	51	543	2	4	100	46900	100	46900	0.003	0	0.003	0.003	469	0	469	469	
0.4	0.5	43	544	14	4	99	36927	99	36927	0.00307071	0.000703526	0.003	0.01	373	0	373	373	
0.4	0.5	25	545	3	4	100	59700	100	59700	0.003	0	0.003	0.003	597	0	597	597	
0.4	0.5	14	546	9	4	100	70252	100	70164	0.003	0	0.003	0.003	701.64	141.039	533	903	
0.4	0.5	4	547	3	4	100	53298	100	53298	0.003	0	0.003	0.003	532.98	0.2	531	533	
0.4	0.5	18	548	10	4	100	38900	100	38900	0.003	0	0.003	0.003	389	0	389	389	
0.4	0.5	25	549	6	4	100	80699	100	80699	0.003	0	0.003	0.003	806.99	0.1	806	807	
0.4	0.5	2	550	11	4	100	9698	100	9698	0.003	0	0.003	0.003	96.98	0.2	95	97	
0.4	0.5	34	551	8	4	100	4900	100	4898	0.003	0	0.003	0.003	48.98	0.2	47	49	
0.4	0.5	16	552	5	4	100	59700	100	59700	0.003	0	0.003	0.003	597	0	597	597	
0.4	0.5	52	553	15	4	74	2238	73	2206	0.00309589	0.000819288	0.003	0.01	30.2192	3.8523	22	32	
0.4	0.5	20	554	6	4	53	11653	52	11552	0.00932692	0.00208375	0.003	0.01	222.154	41.2384	201	301	
0.4	0.5	54	555	6	4	100	69300	100	69300	0.003	0	0.003	0.003	693	0	693	693	
0.4	0.5	34	556	11	4	98	8966	98	8966	0.00314286	0.000994832	0.003	0.01	91.4898	8.98136	77	97	
0.4	0.5	39	557	21	4	76	3724	76	3724	0.003	0	0.003	0.003	49	0	49	49	
0.4	0.5	7	558	11	4	100	11260	100	11260	0.003	0	0.003	0.003	112.6	37.3225	97	201	
0.4	0.5	38	559	4	4	100	12498	100	12498	0.003	0	0.003	0.003	124.98	0.2	123	125	
0.4	0.5	47	560	2	4	51	19838	52	20227	0.00973077	0.00135929	0.003	0.01	388.981	0.138675	388	389	
0.4	0.5	5	561	43	4	46	5274	45	5149	0.00548889	0.00338863	0.003	0.01	114.422	13.7287	97	125	
0.4	0.5	3	562	4	4	100	99900	100	99900	0.003	0	0.003	0.003	999	0	999	999	
0.4	0.5	17	563	7	4	50	5994	51	5987	0.00986274	0.000980196	0.003	0.01	117.392	41.7018	97	201	
0.4	0.5	19	564	9	4	100	15699	100	15699	0.003	0	0.003	0.003	156.99	0.1	156	157	
0.4	0.5	42	565	3	4	100	15300	100	15300	0.003	0	0.003	0.003	153	0	153	153	
0.4	0.5	55	566	20	4	100	9440	100	9460	0.003	0	0.003	0.003	94.6	6.53197	77	97	
0.4	0.5	9	567	1	4	99	19107	99	19107	0.00307071	0.000703526	0.003	0.01	193	0	193	193	
0.4	0.5	8	568	16	4	100	6700	100	6700	0.003	0	0.003	0.003	67	0	67	67	
0.4	0.5	23	569	2	4	100	25300	100	25300	0.003	0	0.003	0.003	253	0	253	253	
0.4	0.5	10	570	1	4	50	7848	50	7848	0.01	0	0.01	0.01	156.96	0.282843	155	157	
0.4	0.5	16	571	8	4	100	30100	100	30100	0.003	0	0.003	0.003	301	0	301	301	
0.4	0.5	42	572	4	4	54	6750	54	6750	0.00896296	0.00251008	0.003	0.01	125	0	125	125	
0.4	0.5	26	573	1	4	100	32500	100	32500	0.003	0	0.003	0.003	325	0	325	325	
0.4	0.5	34	574	4	4	100	9700	100	9700	0.003	0	0.003	0.003	97	0	97	97	
0.4	0.5	17	575	3	4	57	7029	58	7106	0.00806896	0.00315596	0.003	0.01	122.517	39.9637	77	157	
0.4	0.5	12	576	2	4	100	20100	100	20100	0.003	0	0.003	0.003	201	0	201	201	
0.4	0.5	23	577	8	4	100	32500	100	32500	0.003	0	0.003	0.003	325	0	325	325	
0.4	0.5	43	578	7	4	82	12786	82	12770	0.00453658	0.00291524	0.003	0.01	155.732	3.81695	153	161	
0.4	0.5	52	579	6	4	68	5106	69	5183	0.00381159	0.00225751	0.003	0.01	75.1159	3.93901	67	77	
0.4	0.5	34	580	6	4	100	9700	100	9700	0.003	0	0.003	0.003	97	0	97	97	
0.4	0.5	50	581	4	4	92	44172	92	44172	0.00368478	0.00209095	0.003	0.01	480.13	11.557	453	485	
0.4	0.5	44	582	6	4	100	32500	100	32500	0.003	0	0.003	0.003	325	0	325	325	
0.4	0.5	7	583	7	4	100	22240	100	22240	0.003	0	0.003	0.003	222.4	70.3386	193	389	
0.4	0.5	43	584	11	4	100	9698	100	9698	0.003	0	0.003	0.003	96.98	0.2	95	97	
0.4	0.5	50	585	1	4	100	105607	100	105685	0.003	0	0.003	0.003	1056.85	5.52199	1056	1095	
0.4	0.5	37	586	18	4	99	3056	98	3034	0.00307143	0.000707107	0.003	0.01	30.9592	3.04238	22	32	
0.4	0.5	50	587	7	4	87	26187	87	26187	0.00404598	0.00251002	0.003	0.01	301	0	301	301	
0.4	0.5	10	588	2	4	78	12246	80	12560	0.004925	0.00314532	0.003	0.01	157	0	157	157	
0.4	0.5	18	589	4	4	100	20099	100	20099	0.003	0	0.003	0.003	200.99	0.1	200	201	
0.4	0.5	39	590	15	4	76	5852	77	5929	0.00309091	0.000797724	0.003	0.01	77	0	77	77	
0.4	0.5	30	591	1	4	100	38900	100	38900	0.003	0	0.003	0.003	389	0	389	389	
0.4	0.5	55	592	17	4	100	19540	100	19540	0.003	0	0.003	0.003	195.4	9.54733	193	233	
0.4	0.5	39	593	16	4	77	7469	78	7566	0.003	0	0.003	0.003	97	0	97	97	
0.4	0.5	8	594	9	4	88	6776	89	6853	0.00402247	0.00248622	0.003	0.01	77	0	77	77	
0.4	0.5	39	595	10	4	78	3822	77	3773	0.003	0	0.003	0.003	49	0	49	49	
0.4	0.5	16	596	4	4	65	25285	65	25285	0.00676923	0.00351679	0.003	0.01	389	0	389	389	
0.4	0.5	26	597	3	4	100	62097	100	62097	0.003	0	0.003	0.003	620.97	0.171447	620	621	
0.4	0.5	34	598	1	4	100	6700	100	6700	0.003	0	0.003	0.003	67	0	67	67	
0.4	0.5	51	599	1	4	100	105600	100	105600	0.003	0	0.003	0.003	1056	0	1056	1056	
0.4	0.5	55	600	4	4	100	7698	100	7698	0.003	0	0.003	0.003	76.98	0.2	75	77	
0.4	0.5	44	601	1	4	100	46900	100	46900	0.003	0	0.003	0.003	469	0	469	469	
0.4	0.5	46	602	10	4	98	15386	99	15543	0.00314141	0.000989847	0.003	0.01	157	0	157	157	
0.4	0.5	44	603	3	4	100	25299	100	25299	0.003	0	0.003	0.003	252.99	0.1	252	253	
0.4	0.5	19	604	2	4	100	13698	100	13698	0.003	0	0.003	0.003	136.98	0.2	135	137	
0.4	0.5	38	605	8	4	50	3850	51	3927	0.00986274	0.000980196	0.003	0.01	77	0	77	77	
0.4	0.5	28	606	3	4	79	17795	80	18048	0.0048375	0.00309938	0.003	0.01	225.6	28.3565	201	301	
0.4	0.5	55	607	1	4	100	6700	100	6700	0.003	0	0.003	0.003	67	0	67	67	
0.4	0.5	3	608	3	4	72	36072	73	36573	0.00568493	0.00342733	0.003	0.01	501	0	501	501	
0.4	0.5	39	609	5	4	61	4697	59	4543	0.0059661	0.00348873	0.003	0.01	77	0	77	77	
0.4	0.5	27	610	11	4	100	38898	100	38898	0.003	0	0.003	0.003	388.98	0.2	387	389	
0.4	0.5	8	611	3	4	100	9699	100	9699	0.003	0	0.003	0.003	96.99	0.1	96	97	
0.4	0.5	42	612	1	4	100	9700	100	9700	0.003	0	0.003	0.003	97	0	97	97	
0.4	0.5	48	613	2	4	100	42008	100	41480	0.003	0	0.003	0.003	414.8	162.301	269	807	
0.4	0.5	25	614	2	4	100	105600	100	105600	0.003	0	0.003	0.003	1056	0	1056	1056	
0.4	0.5	39	615	18	4	79	12719	80	12880	0.003	0	0.003	0.003	161	0	161	161	
0.4	0.5	48	616	12	4	72	14647	70	13845	0.0058	0.00345405	0.003	0.01	197.786	73.0731	125	309	
0.4	0.5	9	617	4	4	88	14152	89	14313	0.00386517	0.00231689	0.003	0.01	160.82	1.19242	153	161	
0.4	0.5	28	618	6	4	100	32723	100	32723	0.003	0	0.003	0.003	327.23	22.9712	309	485	
0.4	0.5	49	619	5	4	100	40500	100	40500	0.003	0	0.003	0.003	405	0	405	405	
0.4	0.5	1	620	8	4	83	16019	83	16019	0.003	0	0.003	0.003	193	0	193	193	
0.4	0.5	29	621	2	4	100	69300	100	69300	0.003	0	0.003	0.003	693	0	693	693	
0.4	0.5	41	622	18	4	80	12880	80	12880	0.003	0	0.003	0.003	161	0	161	161	
0.4	0.5	16	623	2	4	100	30100	100	30100	0.003	0	0.003	0.003	301	0	301	301	
0.4	0.5	34	624	9	4	100	4900	100	4900	0.003	0	0.003	0.003	49	0	49	49	
0.4	0.5	54	625	1	4	100	45300	100	45300	0.003	0	0.003	0.003	453	0	453	453	
0.4	0.5	4	626	8	4	50	12650	50	12650	0.01	0	0.01	0.01	253	0	253	253	
0.4	0.5	9	627	10	4	80	9188	78	8938	0.00488461	0.00312502	0.003	0.01	114.59	13.6195	97	125	
0.4	0.5	7	628	2	4	100	30860	100	30860	0.003	0	0.003	0.003	308.6	94.7418	269	533	
0.4	0.5	17	629	9	4	51	3927	51	3927	0.01	0	0.01	0.01	77	0	77	77	
0.4	0.5	27	630	8	4	100	15700	100	15700	0.003	0	0.003	0.003	157	0	157	157	
0.4	0.5	23	631	5	4	100	13700	100	13700	0.003	0	0.003	0.003	137	0	137	137	
0.4	0.5	39	632	24	4	77	12395	77	12395	0.003	0	0.003	0.003	160.974	0.227921	159	161	
0.4	0.5	14	633	1	4	86	29126	86	29126	0.00422093	0.00267186	0.003	0.01	338.674	66.1619	253	453	
0.4	0.5	18	634	1	4	81	11497	79	11183	0.00468354	0.00301085	0.003	0.01	141.557	8.44249	137	157	
0.4	0.5	32	635	3	4	100	31700	100	31700	0.003	0	0.003	0.003	317	0	317	317	
0.4	0.5	48	636	6	4	72	7518	70	7204	0.0058	0.00345405	0.003	0.01	102.914	40.2059	67	209	
0.4	0.5	39	637	13	4	77	7467	78	7564	0.003	0	0.003	0.003	96.9744	0.226455	95	97	
0.4	0.5	47	638	3	4	78	18534	79	18739	0.00503797	0.00320033	0.003	0.01	237.203	37.1381	201	301	
0.4	0.5	6	639	15	4	100	23300	100	23300	0.003	0	0.003	0.003	233	0	233	233	
0.4	0.5	29	640	3	4	100	30100	100	30100	0.003	0	0.003	0.003	301	0	301	301	
0.4	0.5	34	641	10	4	100	12500	100	12500	0.003	0	0.003	0.003	125	0	125	125	
0.4	0.5	16	642	3	4	100	30100	100	30100	0.003	0	0.003	0.003	301	0	301	301	
0.4	0.5	47	643	9	4	68	12044	67	11963	0.0062388	0.00351658	0.003	0.01	178.552	34.5145	157	233	
0.4	0.5	39	644	9	4	78	5226	78	5226	0.003	0	0.003	0.003	67	0	67	67	
0.4	0.5	23	645	6	4	95	14915	95	14915	0.00336842	0.00157137	0.003	0.01	157	0	157	157	
0.4	0.5	21	646	7	4	100	28178	100	28242	0.003	0	0.003	0.003	282.42	15.8918	267	301	
0.4	0.5	33	647	2	4	96	47520	95	46987	0.00329474	0.00141326	0.003	0.01	494.6	31.5198	469	533	
0.4	0.5	42	648	10	4	97	7469	97	7469	0.00321649	0.00121815	0.003	0.01	77	0	77	77	
0.4	0.5	44	649	10	4	100	13700	100	13700	0.003	0	0.003	0.003	137	0	137	137	
0.4	0.5	24	650	10	4	100	19300	100	19300	0.003	0	0.003	0.003	193	0	193	193	
0.4	0.5	39	651	22	4	78	5226	78	5226	0.003	0	0.003	0.003	67	0	67	67	
0.4	0.5	55	652	3	4	83	6391	85	6545	0.0044	0.00281662	0.003	0.01	77	0	77	77	
0.4	0.5	52	653	10	4	57	4309	56	4232	0.005375	0.00334426	0.003	0.01	75.5714	3.53094	67	77	
0.4	0.5	41	654	11	4	81	7857	81	7857	0.003	0	0.003	0.003	97	0	97	97	
0.4	0.5	41	655	5	4	79	12719	79	12719	0.003	0	0.003	0.003	161	0	161	161	
0.4	0.5	7	656	12	4	100	14420	100	14420	0.003	0	0.003	0.003	144.2	45.9354	125	253	
0.4	0.5	22	657	1	4	100	30100	100	30100	0.003	0	0.003	0.003	301	0	301	301	
0.4	0.5	20	658	4	4	90	28481	90	28617	0.00377778	0.00221221	0.003	0.01	317.967	68.3242	252	389	
0.4	0.5	41	659	19	4	81	6237	80	6160	0.003	0	0.003	0.003	77	0	77	77	
0.4	0.5	13	660	2	4	100	105600	100	105600	0.003	0	0.003	0.003	1056	0	1056	1056	
0.4	0.5	6	661	11	4	100	6700	100	6700	0.003	0	0.003	0.003	67	0	67	67	
0.4	0.5	5	662	5	4	51	13718	51	13718	0.003	0	0.003	0.003	268.98	0.140028	268	269	
0.4	0.5	25	663	4	4	100	20900	100	20900	0.003	0	0.003	0.003	209	0	209	209	
0.4	0.5	5	664	49	4	48	17904	48	17904	0.003	0	0.003	0.003	373	0	373	373	
0.4	0.5	5	665	39	4	49	7497	49	7497	0.003	0	0.003	0.003	153	0	153	153	
0.4	0.5	5	666	26	4	48	3216	47	3149	0.003	0	0.003	0.003	67	0	67	67	
0.4	0.5	24	667	8	4	100	15300	100	15300	0.003	0	0.003	0.003	153	0	153	153	
0.4	0.5	43	668	5	4	100	30036	100	30036	0.003	0	0.003	0.003	300.36	4.50257	269	301	
0.4	0.5	6	669	9	4	100	19300	100	19300	0.003	0	0.003	0.003	193	0	193	193	
0.4	0.5	5	670	31	4	44	3388	44	3388	0.00713636	0.00348145	0.003	0.01	77	0	77	77	
0.4	0.5	1	671	2	4	86	10750	86	10750	0.003	0	0.003	0.003	125	0	125	125	
0.4	0.5	5	672	18	4	47	7567	47	7567	0.003	0	0.003	0.003	161	0	161	161	
0.4	0.5	1	673	4	4	68	5236	68	5236	0.00444118	0.00285146	0.003	0.01	77	0	77	77	
0.4	0.5	1	674	14	4	84	21514	84	21550	0.003	0	0.003	0.003	256.548	17.2532	231	269	
0.4	0.5	5	675	29	4	48	6000	48	6000	0.003	0	0.003	0.003	125	0	125	125	
0.4	0.5	5	676	3	4	50	18648	50	18648	0.003	0	0.003	0.003	372.96	0.282843	371	373	
0.4	0.5	5	677	21	4	46	5749	46	5749	0.003	0	0.003	0.003	124.978	0.147442	124	125	
0.4	0.5	5	678	30	4	48	7344	48	7344	0.00475	0.00306316	0.003	0.01	153	0	153	153	
0.4	0.5	5	679	4	4	48	9264	48	9264	0.003875	0.00233953	0.003	0.01	193	0	193	193	
0.4	0.5	5	680	37	4	49	4753	49	4753	0.003	0	0.003	0.003	97	0	97	97	
0.4	0.5	5	681	34	4	48	6000	47	5875	0.00329787	0.00142821	0.003	0.01	125	0	125	125	
0.4	0.5	5	682	13	4	48	4656	48	4656	0.00329167	0.00141359	0.003	0.01	97	0	97	97	
0.4	0.5	24	683	17	4	100	9700	100	9700	0.003	0	0.003	0.003	97	0	97	97	
0.4	0.5	24	684	9	4	70	6650	69	6553	0.00594203	0.00348055	0.003	0.01	94.971	6.08269	77	97	
0.4	0.5	30	685	3	4	100	13700	100	13700	0.003	0	0.003	0.003	137	0	137	137	
0.4	0.5	1	686	18	4	84	6468	83	6391	0.003	0	0.003	0.003	77	0	77	77	
0.4	0.5	24	687	4	4	94	11750	94	11750	0.00344681	0.00172032	0.003	0.01	125	0	125	125	
0.4	0.5	5	688	48	4	50	3850	50	3850	0.003	0	0.003	0.003	77	0	77	77	
0.4	0.5	5	689	22	4	49	3773	48	3696	0.00372917	0.00216096	0.003	0.01	77	0	77	77	
0.4	0.5	6	690	10	4	100	7699	100	7699	0.003	0	0.003	0.003	76.99	0.1	76	77	
0.4	0.5	1	691	10	4	86	10750	87	10875	0.003	0	0.003	0.003	125	0	125	125	
0.4	0.5	24	692	13	4	98	7546	98	7546	0.00314286	0.000994832	0.003	0.01	77	0	77	77	
0.4	0.5	1	693	23	4	87	10875	87	10875	0.003	0	0.003	0.003	125	0	125	125	
0.4	0.5	5	694	12	4	46	4462	46	4462	0.003	0	0.003	0.003	97	0	97	97	
0.4	0.5	6	695	4	4	100	9699	100	9699	0.003	0	0.003	0.003	96.99	0.1	96	97	
0.4	0.5	1	696	17	4	71	8874	70	8749	0.0046	0.00296061	0.003	0.01	124.986	0.119523	124	125	
0.4	0.5	1	697	24	4	50	3850	49	3773	0.00828571	0.00304138	0.003	0.01	77	0	77	77	
0.4	0.5	5	698	15	4	47	7567	49	7889	0.00471428	0.00304138	0.003	0.01	161	0	161	161	
0.4	0.5	5	699	10	4	47	3149	48	3216	0.003	0	0.003	0.003	67	0	67	67	
0.4	0.5	1	700	5	4	69	6692	70	6789	0.0048	0.0030815	0.003	0.01	96.9857	0.119523	96	97	
0.4	0.5	5	701	47	4	49	7497	49	7497	0.003	0	0.003	0.003	153	0	153	153	
0.4	0.5	6	702	5	4	88	7536	87	7459	0.00388506	0.00233987	0.003	0.01	85.7356	9.97725	77	97	
0.4	0.5	5	703	42	4	48	12912	48	12912	0.003	0	0.003	0.003	269	0	269	269	
0.4	0.5	6	704	1	4	100	15300	100	15300	0.003	0	0.003	0.003	153	0	153	153	
0.4	0.5	5	705	40	4	48	4656	48	4656	0.00314583	0.00101036	0.003	0.01	97	0	97	97	
0.4	0.5	6	706	3	4	98	7546	98	7546	0.00314286	0.000994832	0.003	0.01	77	0	77	77	
0.4	0.5	5	707	20	4	46	17158	46	17158	0.003	0	0.003	0.003	373	0	373	373	
0.4	0.5	5	708	25	4	50	11650	49	11417	0.003	0	0.003	0.003	233	0	233	233	
0.4	0.5	6	709	2	4	100	19300	100	19300	0.003	0	0.003	0.003	193	0	193	193	
0.4	0.5	1	710	12	4	87	13311	87	13311	0.003	0	0.003	0.003	153	0	153	153	
0.4	0.5	43	711	10	4	100	16099	100	16099	0.003	0	0.003	0.003	160.99	0.1	160	161	
0.4	0.5	1	712	21	4	86	16598	86	16598	0.003	0	0.003	0.003	193	0	193	193	
0.4	0.5	1	713	11	4	87	4263	87	4263	0.003	0	0.003	0.003	49	0	49	49	
0.4	0.5	5	714	46	4	46	7269	44	6947	0.00395454	0.00242999	0.003	0.01	157.886	3.92497	153	161	
0.4	0.5	24	715	18	4	100	12500	100	12500	0.003	0	0.003	0.003	125	0	125	125	
0.4	0.5	5	716	44	4	48	3216	48	3216	0.003	0	0.003	0.003	67	0	67	67	
0.4	0.5	43	717	2	4	100	19300	100	19300	0.003	0	0.003	0.003	193	0	193	193	
0.4	0.5	1	718	20	4	54	4118	56	4272	0.00775	0.00329876	0.003	0.01	76.2857	2.5987	67	77	
0.4	0.5	43	719	1	4	100	16100	100	16100	0.003	0	0.003	0.003	161	0	161	161	
0.4	0.5	1	720	22	4	85	13005	85	13005	0.003	0	0.003	0.003	153	0	153	153	
0.4	0.5	6	721	13	4	100	16100	100	16100	0.003	0	0.003	0.003	161	0	161	161	
0.4	0.5	5	722	11	4	49	3283	49	3283	0.00314286	0.001	0.003	0.01	67	0	67	67	
0.4	0.5	6	723	12	4	100	6700	100	6700	0.003	0	0.003	0.003	67	0	67	67	
0.4	0.5	24	724	1	4	100	16100	100	16100	0.003	0	0.003	0.003	161	0	161	161	
0.4	0.5	5	725	7	4	46	7038	47	7191	0.003	0	0.003	0.003	153	0	153	153	
0.4	0.5	5	726	45	4	50	6250	50	6250	0.003	0	0.003	0.003	125	0	125	125	
0.4	0.5	5	727	19	4	50	8050	50	8050	0.00314	0.000989949	0.003	0.01	161	0	161	161	
0.4	0.5	5	728	23	4	49	18277	49	18277	0.003	0	0.003	0.003	373	0	373	373	
0.4	0.5	6	729	7	4	100	7698	100	7698	0.003	0	0.003	0.003	76.98	0.2	75	77	
0.4	0.5	5	730	33	4	50	4850	50	4850	0.003	0	0.003	0.003	97	0	97	97	
0.4	0.5	5	731	14	4	49	11417	49	11417	0.003	0	0.003	0.003	233	0	233	233	
0.4	0.5	24	732	12	4	98	9506	98	9506	0.00314286	0.000994832	0.003	0.01	97	0	97	97	
0.4	0.5	6	733	14	4	100	6700	100	6700	0.003	0	0.003	0.003	67	0	67	67	
0.4	0.5	1	734	9	4	83	13363	84	13524	0.003	0	0.003	0.003	161	0	161	161	
0.4	0.5	24	735	7	4	100	6700	100	6700	0.003	0	0.003	0.003	67	0	67	67	
0.4	0.5	1	736	6	4	77	5929	77	5929	0.00390909	0.00236855	0.003	0.01	77	0	77	77	
0.4	0.5	5	737	6	4	51	4947	51	4947	0.00313725	0.000980196	0.003	0.01	97	0	97	97	
0.4	0.5	5	738	38	4	48	6000	48	6000	0.003	0	0.003	0.003	125	0	125	125	
0.4	0.5	6	739	6	4	100	12500	100	12500	0.003	0	0.003	0.003	125	0	125	125	
0.4	0.5	5	740	24	4	48	3696	48	3696	0.00314583	0.00101036	0.003	0.01	77	0	77	77	
0.4	0.5	43	741	3	4	100	37300	100	37300	0.003	0	0.003	0.003	373	0	373	373	
0.4	0.5	24	742	16	4	100	9700	100	9700	0.003	0	0.003	0.003	97	0	97	97	
0.4	0.5	5	743	16	4	47	7191	47	7191	0.003	0	0.003	0.003	153	0	153	153	
0.4	0.5	5	744	1	4	49	4753	50	4850	0.003	0	0.003	0.003	97	0	97	97	
0.4	0.5	1	745	16	4	85	5695	85	5695	0.0031647	0.00106734	0.003	0.01	67	0	67	67	
0.4	0.5	1	746	7	4	87	10875	87	10875	0.003	0	0.003	0.003	125	0	125	125	
0.4	0.5	1	747	28	4	87	20271	87	20271	0.00308046	0.000750479	0.003	0.01	233	0	233	233	
0.4	0.5	5	748	2	4	49	4752	48	4655	0.003875	0.00233953	0.003	0.01	96.9792	0.144338	96	97	
0.4	0.5	5	749	35	4	44	5498	47	5873	0.00731915	0.00343958	0.003	0.01	124.957	0.29173	123	125	
0.4	0.5	1	750	19	4	84	10500	83	10375	0.003	0	0.003	0.003	125	0	125	125	
