% start	end	CellId	IMSI	RNTI	LCID	nTxPDUs	TxBytes	nRxPDUs	RxBytes	delay	stdDev	min	max	PduSize	stdDev	min	max
0.4	0.5	11	1	7	4	100	15260	100	15260	0.003	0	0.003	0.003	152.6	8.32666	137	157	
0.4	0.5	6	2	5	4	100	37300	100	37300	0.003	0	0.003	0.003	373	0	373	373	
0.4	0.5	9	3	1	4	100	48498	100	48498	0.003	0	0.003	0.003	484.98	0.2	483	485	
0.4	0.5	22	4	2	4	100	48500	100	48500	0.003	0	0.003	0.003	485	0	485	485	
0.4	0.5	21	5	15	4	100	3200	100	3200	0.003	0	0.003	0.003	32	0	32	32	
0.4	0.5	6	6	6	4	100	16100	100	16100	0.003	0	0.003	0.003	161	0	161	161	
0.4	0.5	36	7	3	4	100	105600	100	105600	0.003	0	0.003	0.003	1056	0	1056	1056	
0.4	0.5	52	8	12	4	81	30213	81	30213	0.003	0	0.003	0.003	373	0	373	373	
0.4	0.5	28	9	5	4	69	16467	68	16162	0.00629412	0.00351992	0.003	0.01	237.676	23.8518	201	253	
0.4	0.5	37	10	14	4	65	8124	64	7999	0.00420312	0.00266178	0.003	0.01	124.984	0.125	124	125	
0.4	0.5	39	11	26	4	81	13041	81	13041	0.003	0	0.003	0.003	161	0	161	161	
0.4	0.5	40	12	5	4	100	80699	100	80699	0.003	0	0.003	0.003	806.99	0.1	806	807	
0.4	0.5	36	13	1	4	100	105600	100	105600	0.003	0	0.003	0.003	1056	0	1056	1056	
0.4	0.5	31	14	4	4	84	16244	83	16043	0.00426506	0.00270989	0.003	0.01	193.289	20.9602	137	201	
0.4	0.5	34	15	9	4	100	12500	100	12500	0.003	0	0.003	0.003	125	0	125	125	
0.4	0.5	32	16	15	4	100	16100	100	16100	0.003	0	0.003	0.003	161	0	161	161	
0.4	0.5	42	17	14	4	100	16100	100	16100	0.003	0	0.003	0.003	161	0	161	161	
0.4	0.5	2	18	2	4	100	26900	100	26900	0.003	0	0.003	0.003	269	0	269	269	
0.4	0.5	52	19	9	4	80	2559	80	2559	0.003	0	0.003	0.003	31.9875	0.111803	31	32	
0.4	0.5	37	20	32	4	71	4967	71	4947	0.00349296	0.00180375	0.003	0.01	69.6761	4.45862	67	77	
0.4	0.5	10	21	7	4	57	11149	55	10747	0.00872727	0.00272475	0.003	0.01	195.4	14.7994	157	201	
0.4	0.5	55	22	10	4	100	9700	100	9700	0.003	0	0.003	0.003	97	0	97	97	
0.4	0.5	24	23	7	4	99	15939	99	15939	0.00307071	0.000703526	0.003	0.01	161	0	161	161	
0.4	0.5	8	24	9	4	100	38899	100	38899	0.003	0	0.003	0.003	388.99	0.1	388	389	
0.4	0.5	1	25	21	4	76	14668	76	14668	0.003	0	0.003	0.003	193	0	193	193	
0.4	0.5	21	26	3	4	100	37297	100	37298	0.003	0	0.003	0.003	372.98	0.140705	372	373	
0.4	0.5	54	27	11	4	100	15698	100	15698	0.003	0	0.003	0.003	156.98	0.2	155	157	
0.4	0.5	18	28	8	4	100	18264	100	18264	0.003	0	0.003	0.003	182.64	61.5073	153	309	
0.4	0.5	3	29	2	4	100	96699	100	96699	0.003	0	0.003	0.003	966.99	0.1	966	967	
0.4	0.5	32	30	3	4	100	26900	100	26900	0.003	0	0.003	0.003	269	0	269	269	
0.4	0.5	10	31	12	4	100	20100	100	20100	0.003	0	0.003	0.003	201	0	201	201	
0.4	0.5	50	32	8	4	100	13698	100	13698	0.003	0	0.003	0.003	136.98	0.2	135	137	
0.4	0.5	52	33	2	4	80	29840	80	29840	0.003	0	0.003	0.003	373	0	373	373	
0.4	0.5	39	34	21	4	80	7760	80	7760	0.003	0	0.003	0.003	97	0	97	97	
0.4	0.5	39	35	34	4	79	3871	79	3871	0.00326582	0.00134649	0.003	0.01	49	0	49	49	
0.4	0.5	39	36	24	4	81	6237	81	6237	0.003	0	0.003	0.003	77	0	77	77	
0.4	0.5	10	37	11	4	100	38900	100	38900	0.003	0	0.003	0.003	389	0	389	389	
0.4	0.5	50	38	6	4	100	30900	100	30900	0.003	0	0.003	0.003	309	0	309	309	
0.4	0.5	14	39	8	4	100	14796	100	14588	0.003	0	0.003	0.003	145.88	52.1678	97	201	
0.4	0.5	49	40	10	4	100	7680	100	7750	0.003	0	0.003	0.003	77.5	25.1209	67	137	
0.4	0.5	37	41	24	4	77	7469	77	7469	0.003	0	0.003	0.003	97	0	97	97	
0.4	0.5	11	42	8	4	100	74900	100	74900	0.003	0	0.003	0.003	749	0	749	749	
0.4	0.5	1	43	28	4	71	13703	70	13510	0.003	0	0.003	0.003	193	0	193	193	
0.4	0.5	15	44	1	4	87	80161	88	81064	0.00411364	0.002575	0.003	0.01	921.182	29.0281	903	967	
0.4	0.5	41	45	34	4	75	7275	76	7372	0.0030921	0.000802955	0.003	0.01	97	0	97	97	
0.4	0.5	52	46	1	4	78	12558	78	12558	0.003	0	0.003	0.003	161	0	161	161	
0.4	0.5	11	47	1	4	100	46900	100	46900	0.003	0	0.003	0.003	469	0	469	469	
0.4	0.5	28	48	7	4	100	53300	100	53300	0.003	0	0.003	0.003	533	0	533	533	
0.4	0.5	17	49	4	4	100	68148	100	68148	0.003	0	0.003	0.003	681.48	31.3535	597	693	
0.4	0.5	27	50	4	4	100	20900	100	20900	0.003	0	0.003	0.003	209	0	209	209	
0.4	0.5	35	51	2	4	100	20100	100	20100	0.003	0	0.003	0.003	201	0	201	201	
0.4	0.5	37	52	18	4	70	2240	71	2272	0.003	0	0.003	0.003	32	0	32	32	
0.4	0.5	18	53	2	4	100	44444	100	44444	0.003	0	0.003	0.003	444.44	148.248	373	749	
0.4	0.5	55	54	25	4	100	7700	100	7700	0.003	0	0.003	0.003	77	0	77	77	
0.4	0.5	44	55	4	4	100	30100	100	30100	0.003	0	0.003	0.003	301	0	301	301	
0.4	0.5	2	56	11	4	100	9700	100	9700	0.003	0	0.003	0.003	97	0	97	97	
0.4	0.5	32	57	1	4	94	18142	93	17949	0.00345161	0.00172901	0.003	0.01	193	0	193	193	
0.4	0.5	37	58	11	4	76	5092	77	5159	0.003	0	0.003	0.003	67	0	67	67	
0.4	0.5	52	59	5	4	82	12546	81	12393	0.003	0	0.003	0.003	153	0	153	153	
0.4	0.5	9	60	3	4	100	69300	100	69300	0.003	0	0.003	0.003	693	0	693	693	
0.4	0.5	34	61	15	4	100	3200	100	3200	0.003	0	0.003	0.003	32	0	32	32	
0.4	0.5	19	62	7	4	100	46900	100	46900	0.003	0	0.003	0.003	469	0	469	469	
0.4	0.5	49	63	12	4	100	17483	100	17639	0.003	0	0.003	0.003	176.39	55.9881	152	309	
0.4	0.5	5	64	16	4	38	5814	38	5814	0.003	0	0.003	0.003	153	0	153	153	
0.4	0.5	1	65	13	4	67	10787	67	10787	0.00404478	0.00251319	0.003	0.01	161	0	161	161	
0.4	0.5	21	66	7	4	100	19300	100	19300	0.003	0	0.003	0.003	193	0	193	193	
0.4	0.5	4	67	6	4	100	38899	100	38899	0.003	0	0.003	0.003	388.99	0.1	388	389	
0.4	0.5	8	68	10	4	100	32499	100	32499	0.003	0	0.003	0.003	324.99	0.1	324	325	
0.4	0.5	35	69	10	4	99	15403	99	15403	0.00307071	0.000703526	0.003	0.01	155.586	5.15279	137	157	
0.4	0.5	42	70	2	4	100	7700	100	7700	0.003	0	0.003	0.003	77	0	77	77	
0.4	0.5	43	71	1	4	100	13700	100	13700	0.003	0	0.003	0.003	137	0	137	137	
0.4	0.5	56	72	7	4	100	30900	100	30900	0.003	0	0.003	0.003	309	0	309	309	
0.4	0.5	54	73	9	4	100	46899	100	46899	0.003	0	0.003	0.003	468.99	0.1	468	469	
0.4	0.5	52	74	15	4	81	5427	81	5427	0.003	0	0.003	0.003	67	0	67	67	
0.4	0.5	54	75	4	4	100	74898	100	74898	0.003	0	0.003	0.003	748.98	0.2	747	749	
0.4	0.5	12	76	4	4	100	13700	100	13700	0.003	0	0.003	0.003	137	0	137	137	
0.4	0.5	27	77	2	4	100	20900	100	20900	0.003	0	0.003	0.003	209	0	209	209	
0.4	0.5	32	78	6	4	89	17177	88	16984	0.00395454	0.00241599	0.003	0.01	193	0	193	193	
0.4	0.5	8	79	3	4	100	15699	100	15699	0.003	0	0.003	0.003	156.99	0.1	156	157	
0.4	0.5	49	80	3	4	100	17483	100	17639	0.003	0	0.003	0.003	176.39	55.9881	152	309	
0.4	0.5	4	81	5	4	100	20100	100	20100	0.003	0	0.003	0.003	201	0	201	201	
0.4	0.5	18	82	4	4	100	44444	100	44444	0.003	0	0.003	0.003	444.44	148.248	373	749	
0.4	0.5	14	83	10	4	100	45780	100	45140	0.003	0	0.003	0.003	451.4	160.516	301	621	
0.4	0.5	55	84	7	4	100	4900	100	4900	0.003	0	0.003	0.003	49	0	49	49	
0.4	0.5	7	85	6	4	93	22957	93	22957	0.00360215	0.00197341	0.003	0.01	246.849	16.8838	201	253	
0.4	0.5	4	86	2	4	100	32498	100	32498	0.003	0	0.003	0.003	324.98	0.2	323	325	
0.4	0.5	41	87	3	4	73	3577	73	3577	0.00338356	0.00160408	0.003	0.01	49	0	49	49	
0.4	0.5	21	88	4	4	100	7700	100	7700	0.003	0	0.003	0.003	77	0	77	77	
0.4	0.5	48	89	1	4	68	12272	68	12196	0.0065	0.00352602	0.003	0.01	179.353	34.8865	157	233	
0.4	0.5	29	90	5	4	100	20100	100	20100	0.003	0	0.003	0.003	201	0	201	201	
0.4	0.5	20	91	5	4	99	48015	99	48015	0.00307071	0.000703526	0.003	0.01	485	0	485	485	
0.4	0.5	6	92	13	4	100	15300	100	15300	0.003	0	0.003	0.003	153	0	153	153	
0.4	0.5	39	93	33	4	75	5775	75	5775	0.00374667	0.00217537	0.003	0.01	77	0	77	77	
0.4	0.5	57	94	12	4	51	4085	50	4008	0.00958	0.00167929	0.003	0.01	80.16	15.6392	77	157	
0.4	0.5	23	95	1	4	100	64500	100	64500	0.003	0	0.003	0.003	645	0	645	645	
0.4	0.5	34	96	1	4	96	4704	95	4655	0.00322105	0.00123063	0.003	0.01	49	0	49	49	
0.4	0.5	1	97	3	4	72	6984	73	7081	0.00338356	0.00160408	0.003	0.01	97	0	97	97	
0.4	0.5	41	98	35	4	70	11269	69	11108	0.00310145	0.000842701	0.003	0.01	160.986	0.120386	160	161	
0.4	0.5	41	99	17	4	71	8875	70	8750	0.003	0	0.003	0.003	125	0	125	125	
0.4	0.5	34	100	16	4	100	7699	100	7699	0.003	0	0.003	0.003	76.99	0.1	76	77	
0.4	0.5	17	101	6	4	100	20900	100	20900	0.003	0	0.003	0.003	209	0	209	209	
0.4	0.5	55	102	9	4	100	16100	100	16100	0.003	0	0.003	0.003	161	0	161	161	
0.4	0.5	18	103	11	4	100	19215	100	19215	0.003	0	0.003	0.003	192.15	64.6664	160	325	
0.4	0.5	29	104	6	4	100	30900	100	30900	0.003	0	0.003	0.003	309	0	309	309	
0.4	0.5	35	105	7	4	100	13700	100	13700	0.003	0	0.003	0.003	137	0	137	137	
0.4	0.5	10	106	3	4	72	23032	69	22041	0.00594203	0.00348055	0.003	0.01	319.435	7.67632	309	325	
0.4	0.5	29	107	2	4	99	37167	99	37167	0.00307071	0.000703526	0.003	0.01	375.424	26.297	325	389	
0.4	0.5	52	108	28	4	82	7954	82	7954	0.003	0	0.003	0.003	97	0	97	97	
0.4	0.5	55	109	5	4	100	19300	100	19300	0.003	0	0.003	0.003	193	0	193	193	
0.4	0.5	9	110	5	4	100	59700	100	59700	0.003	0	0.003	0.003	597	0	597	597	
0.4	0.5	43	111	6	4	100	25300	100	25300	0.003	0	0.003	0.003	253	0	253	253	
0.4	0.5	19	112	11	4	100	46900	100	46900	0.003	0	0.003	0.003	469	0	469	469	
0.4	0.5	21	113	14	4	100	16100	100	16100	0.003	0	0.003	0.003	161	0	161	161	
0.4	0.5	21	114	18	4	100	4900	100	4900	0.003	0	0.003	0.003	49	0	49	49	
0.4	0.5	19	115	2	4	100	53298	100	53298	0.003	0	0.003	0.003	532.98	0.2	531	533	
0.4	0.5	5	116	44	4	40	14920	39	14547	0.00317949	0.0011209	0.003	0.01	373	0	373	373	
0.4	0.5	41	117	8	4	71	19099	70	18830	0.003	0	0.003	0.003	269	0	269	269	
0.4	0.5	6	118	18	4	100	23300	100	23300	0.003	0	0.003	0.003	233	0	233	233	
0.4	0.5	49	119	5	4	56	5640	58	5938	0.00831034	0.0030216	0.003	0.01	102.379	23.234	97	201	
0.4	0.5	25	120	2	4	100	53299	100	53299	0.003	0	0.003	0.003	532.99	0.1	532	533	
0.4	0.5	25	121	8	4	100	25300	100	25300	0.003	0	0.003	0.003	253	0	253	253	
0.4	0.5	31	122	2	4	100	20098	100	20098	0.003	0	0.003	0.003	200.98	0.2	199	201	
0.4	0.5	51	123	1	4	100	77500	100	77500	0.003	0	0.003	0.003	775	0	775	775	
0.4	0.5	56	124	2	4	100	30900	100	30900	0.003	0	0.003	0.003	309	0	309	309	
0.4	0.5	7	125	4	4	95	24034	96	24287	0.00336458	0.00156353	0.003	0.01	252.99	0.102062	252	253	
0.4	0.5	51	126	2	4	100	64499	100	64499	0.003	0	0.003	0.003	644.99	0.1	644	645	
0.4	0.5	54	127	1	4	100	13698	100	13698	0.003	0	0.003	0.003	136.98	0.2	135	137	
0.4	0.5	45	128	4	4	100	40498	100	40498	0.003	0	0.003	0.003	404.98	0.2	403	405	
0.4	0.5	39	129	28	4	80	5360	80	5360	0.003	0	0.003	0.003	67	0	67	67	
0.4	0.5	49	130	9	4	100	11156	100	11260	0.003	0	0.003	0.003	112.6	37.3225	97	201	
0.4	0.5	37	131	3	4	76	5092	76	5092	0.003	0	0.003	0.003	67	0	67	67	
0.4	0.5	30	132	12	4	100	13700	100	13700	0.003	0	0.003	0.003	137	0	137	137	
0.4	0.5	47	133	4	4	97	33853	98	34202	0.00321428	0.00121205	0.003	0.01	349	0	349	349	
0.4	0.5	7	134	7	4	100	38900	100	38900	0.003	0	0.003	0.003	389	0	389	389	
0.4	0.5	34	135	8	4	100	7700	100	7700	0.003	0	0.003	0.003	77	0	77	77	
0.4	0.5	28	136	8	4	100	15699	100	15699	0.003	0	0.003	0.003	156.99	0.1	156	157	
0.4	0.5	2	137	12	4	100	37297	100	37297	0.003	0	0.003	0.003	372.97	0.171447	372	373	
0.4	0.5	37	138	26	4	71	1561	70	1539	0.003	0	0.003	0.003	21.9857	0.119523	21	22	
0.4	0.5	41	139	20	4	76	5092	76	5092	0.003	0	0.003	0.003	67	0	67	67	
0.4	0.5	32	140	8	4	100	16100	100	16100	0.003	0	0.003	0.003	161	0	161	161	
0.4	0.5	44	141	3	4	100	20900	100	20900	0.003	0	0.003	0.003	209	0	209	209	
0.4	0.5	30	142	7	4	100	38900	100	38900	0.003	0	0.003	0.003	389	0	389	389	
0.4	0.5	31	143	3	4	100	32500	100	32500	0.003	0	0.003	0.003	325	0	325	325	
0.4	0.5	8	144	7	4	100	38900	100	38900	0.003	0	0.003	0.003	389	0	389	389	
0.4	0.5	4	145	3	4	100	62100	100	62100	0.003	0	0.003	0.003	621	0	621	621	
0.4	0.5	57	146	5	4	100	33500	100	32972	0.003	0	0.003	0.003	329.72	111.659	269	533	
0.4	0.5	42	147	12	4	99	4849	99	4849	0.00307071	0.000703526	0.003	0.01	48.9798	0.201008	47	49	
0.4	0.5	54	148	3	4	100	32500	100	32500	0.003	0	0.003	0.003	325	0	325	325	
0.4	0.5	55	149	2	4	100	37300	100	37300	0.003	0	0.003	0.003	373	0	373	373	
0.4	0.5	7	150	10	4	97	15229	97	15229	0.00321649	0.00121815	0.003	0.01	157	0	157	157	
0.4	0.5	48	151	7	4	98	58001	98	58047	0.00314286	0.000994832	0.003	0.01	592.316	93.675	469	807	
0.4	0.5	6	152	4	4	100	12500	100	12500	0.003	0	0.003	0.003	125	0	125	125	
0.4	0.5	2	153	18	4	100	7700	100	7700	0.003	0	0.003	0.003	77	0	77	77	
0.4	0.5	2	154	4	4	99	9601	99	9601	0.00307071	0.000703526	0.003	0.01	96.9798	0.201008	95	97	
0.4	0.5	39	155	32	4	79	7662	79	7662	0.003	0	0.003	0.003	96.9873	0.112509	96	97	
0.4	0.5	54	156	7	4	100	13698	100	13698	0.003	0	0.003	0.003	136.98	0.2	135	137	
0.4	0.5	49	157	8	4	100	17483	100	17639	0.003	0	0.003	0.003	176.39	55.9881	152	309	
0.4	0.5	24	158	2	4	99	15939	99	15939	0.00307071	0.000703526	0.003	0.01	161	0	161	161	
0.4	0.5	42	159	7	4	100	7698	100	7698	0.003	0	0.003	0.003	76.98	0.2	75	77	
0.4	0.5	21	160	1	4	100	26900	100	26900	0.003	0	0.003	0.003	269	0	269	269	
0.4	0.5	16	161	4	4	100	34900	100	34900	0.003	0	0.003	0.003	349	0	349	349	
0.4	0.5	43	162	3	4	100	25300	100	25300	0.003	0	0.003	0.003	253	0	253	253	
0.4	0.5	42	163	1	4	100	4900	100	4900	0.003	0	0.003	0.003	49	0	49	49	
0.4	0.5	55	164	16	4	99	23067	99	23067	0.00307071	0.000703526	0.003	0.01	233	0	233	233	
0.4	0.5	3	165	1	4	100	42100	100	42100	0.003	0	0.003	0.003	421	0	421	421	
0.4	0.5	27	166	3	4	100	69299	100	69299	0.003	0	0.003	0.003	692.99	0.1	692	693	
0.4	0.5	10	167	1	4	100	13700	100	13700	0.003	0	0.003	0.003	137	0	137	137	
0.4	0.5	39	168	35	4	79	3871	80	3920	0.003	0	0.003	0.003	49	0	49	49	
0.4	0.5	24	169	18	4	100	16100	100	16100	0.003	0	0.003	0.003	161	0	161	161	
0.4	0.5	31	170	7	4	98	36586	98	36586	0.00321428	0.00121205	0.003	0.01	373.327	27.6632	325	389	
0.4	0.5	49	171	2	4	100	42564	100	42940	0.003	0	0.003	0.003	429.4	134.935	373	749	
0.4	0.5	21	172	16	4	100	9700	100	9700	0.003	0	0.003	0.003	97	0	97	97	
0.4	0.5	21	173	2	4	98	9506	98	9506	0.00314286	0.000994832	0.003	0.01	97	0	97	97	
0.4	0.5	4	174	4	4	94	22950	94	23054	0.00344681	0.00172032	0.003	0.01	245.255	18.6126	201	253	
0.4	0.5	22	175	4	4	100	69300	100	69300	0.003	0	0.003	0.003	693	0	693	693	
0.4	0.5	46	176	3	4	100	25300	100	25300	0.003	0	0.003	0.003	253	0	253	253	
0.4	0.5	54	177	6	4	100	38900	100	38900	0.003	0	0.003	0.003	389	0	389	389	
0.4	0.5	32	178	7	4	100	16100	100	16100	0.003	0	0.003	0.003	161	0	161	161	
0.4	0.5	52	179	26	4	78	5226	78	5226	0.00335897	0.001554	0.003	0.01	67	0	67	67	
0.4	0.5	26	180	4	4	100	38900	100	38900	0.003	0	0.003	0.003	389	0	389	389	
0.4	0.5	14	181	1	4	100	39835	100	39307	0.003	0	0.003	0.003	393.07	132.415	269	533	
0.4	0.5	41	182	9	4	76	7372	76	7372	0.003	0	0.003	0.003	97	0	97	97	
0.4	0.5	41	183	24	4	76	28348	77	28721	0.003	0	0.003	0.003	373	0	373	373	
0.4	0.5	31	184	6	4	100	20100	100	20100	0.003	0	0.003	0.003	201	0	201	201	
0.4	0.5	31	185	9	4	100	20100	100	20100	0.003	0	0.003	0.003	201	0	201	201	
0.4	0.5	20	186	3	4	100	105600	100	105600	0.003	0	0.003	0.003	1056	0	1056	1056	
0.4	0.5	5	187	42	4	43	5375	43	5375	0.003	0	0.003	0.003	125	0	125	125	
0.4	0.5	31	188	5	4	100	25300	100	25300	0.003	0	0.003	0.003	253	0	253	253	
0.4	0.5	39	189	29	4	82	6314	81	6237	0.00308642	0.000777778	0.003	0.01	77	0	77	77	
0.4	0.5	10	190	9	4	100	32500	100	32500	0.003	0	0.003	0.003	325	0	325	325	
0.4	0.5	35	191	6	4	100	10100	100	10100	0.003	0	0.003	0.003	101	0	101	101	
0.4	0.5	32	192	14	4	100	23300	100	23300	0.003	0	0.003	0.003	233	0	233	233	
0.4	0.5	42	193	6	4	100	4899	100	4899	0.003	0	0.003	0.003	48.99	0.1	48	49	
0.4	0.5	2	194	17	4	100	12498	100	12498	0.003	0	0.003	0.003	124.98	0.2	123	125	
0.4	0.5	44	195	6	4	100	105600	100	105600	0.003	0	0.003	0.003	1056	0	1056	1056	
0.4	0.5	31	196	1	4	100	53300	100	53300	0.003	0	0.003	0.003	533	0	533	533	
0.4	0.5	41	197	31	4	70	13510	71	13703	0.003	0	0.003	0.003	193	0	193	193	
0.4	0.5	37	198	20	4	71	6887	71	6887	0.003	0	0.003	0.003	97	0	97	97	
0.4	0.5	52	199	24	4	81	2592	81	2592	0.00308642	0.000777778	0.003	0.01	32	0	32	32	
0.4	0.5	34	200	13	4	100	6700	100	6700	0.003	0	0.003	0.003	67	0	67	67	
0.4	0.5	30	201	4	4	100	46900	100	46900	0.003	0	0.003	0.003	469	0	469	469	
0.4	0.5	34	202	12	4	77	4763	77	4763	0.00509091	0.00322483	0.003	0.01	61.8571	8.18489	49	67	
0.4	0.5	5	203	47	4	40	2680	39	2613	0.003	0	0.003	0.003	67	0	67	67	
0.4	0.5	34	204	14	4	100	19300	100	19300	0.003	0	0.003	0.003	193	0	193	193	
0.4	0.5	45	205	1	4	100	62100	100	62100	0.003	0	0.003	0.003	621	0	621	621	
0.4	0.5	42	206	8	4	100	6700	100	6700	0.003	0	0.003	0.003	67	0	67	67	
0.4	0.5	5	207	60	4	39	5967	39	5967	0.003	0	0.003	0.003	153	0	153	153	
0.4	0.5	29	208	7	4	100	38900	100	38900	0.003	0	0.003	0.003	389	0	389	389	
0.4	0.5	41	209	16	4	76	5852	75	5775	0.00309333	0.00080829	0.003	0.01	77	0	77	77	
0.4	0.5	42	210	16	4	100	37300	100	37300	0.003	0	0.003	0.003	373	0	373	373	
0.4	0.5	47	211	3	4	100	80700	100	80700	0.003	0	0.003	0.003	807	0	807	807	
0.4	0.5	33	212	2	4	100	105600	100	105600	0.003	0	0.003	0.003	1056	0	1056	1056	
0.4	0.5	34	213	11	4	100	4900	100	4900	0.003	0	0.003	0.003	49	0	49	49	
0.4	0.5	5	214	59	4	40	3080	40	3080	0.003	0	0.003	0.003	77	0	77	77	
0.4	0.5	7	215	9	4	100	38900	100	38900	0.003	0	0.003	0.003	389	0	389	389	
0.4	0.5	20	216	7	4	100	23300	100	23300	0.003	0	0.003	0.003	233	0	233	233	
0.4	0.5	34	217	10	4	100	23220	100	23220	0.003	0	0.003	0.003	232.2	5.62821	193	233	
0.4	0.5	2	218	5	4	100	6700	100	6700	0.003	0	0.003	0.003	67	0	67	67	
0.4	0.5	14	219	6	4	100	45780	100	45140	0.003	0	0.003	0.003	451.4	160.516	301	621	
0.4	0.5	28	220	10	4	96	19815	95	19510	0.00329474	0.00141326	0.003	0.01	205.368	14.5208	200	253	
0.4	0.5	39	221	16	4	78	3822	78	3822	0.00326923	0.00135487	0.003	0.01	49	0	49	49	
0.4	0.5	34	222	2	4	100	12500	100	12500	0.003	0	0.003	0.003	125	0	125	125	
0.4	0.5	14	223	12	4	100	34864	100	34392	0.003	0	0.003	0.003	343.92	118.381	233	469	
0.4	0.5	46	224	7	4	100	74900	100	74900	0.003	0	0.003	0.003	749	0	749	749	
0.4	0.5	9	225	7	4	100	48500	100	48500	0.003	0	0.003	0.003	485	0	485	485	
0.4	0.5	11	226	10	4	100	13700	100	13700	0.003	0	0.003	0.003	137	0	137	137	
0.4	0.5	22	227	5	4	100	30100	100	30100	0.003	0	0.003	0.003	301	0	301	301	
0.4	0.5	24	228	16	4	100	12500	100	12500	0.003	0	0.003	0.003	125	0	125	125	
0.4	0.5	42	229	11	4	100	12500	100	12500	0.003	0	0.003	0.003	125	0	125	125	
0.4	0.5	57	230	7	4	100	6200	100	6096	0.003	0	0.003	0.003	60.96	21.9935	49	101	
0.4	0.5	18	231	5	4	100	23024	100	23024	0.003	0	0.003	0.003	230.24	77.2783	193	389	
0.4	0.5	20	232	4	4	100	59700	100	59700	0.003	0	0.003	0.003	597	0	597	597	
0.4	0.5	14	233	7	4	100	28904	100	28512	0.003	0	0.003	0.003	285.12	98.3163	193	389	
0.4	0.5	41	234	13	4	77	28721	76	28348	0.003	0	0.003	0.003	373	0	373	373	
0.4	0.5	22	235	8	4	100	30100	100	30100	0.003	0	0.003	0.003	301	0	301	301	
0.4	0.5	40	236	1	4	100	23294	100	23294	0.003	0	0.003	0.003	232.94	0.342893	231	233	
0.4	0.5	15	237	3	4	100	105600	100	105600	0.003	0	0.003	0.003	1056	0	1056	1056	
0.4	0.5	37	238	1	4	71	4757	70	4690	0.003	0	0.003	0.003	67	0	67	67	
0.4	0.5	48	239	5	4	57	14405	56	14152	0.0085	0.00289828	0.003	0.01	252.714	19.0823	201	301	
0.4	0.5	5	240	33	4	39	2613	40	2680	0.003	0	0.003	0.003	67	0	67	67	
0.4	0.5	42	241	10	4	100	16100	100	16100	0.003	0	0.003	0.003	161	0	161	161	
0.4	0.5	18	242	13	4	100	31916	100	31916	0.003	0	0.003	0.003	319.16	104.089	269	533	
0.4	0.5	50	243	11	4	100	20100	100	20100	0.003	0	0.003	0.003	201	0	201	201	
0.4	0.5	39	244	14	4	78	7566	78	7566	0.003	0	0.003	0.003	97	0	97	97	
0.4	0.5	14	245	11	4	97	18013	97	17757	0.00321649	0.00121815	0.003	0.01	183.062	64.055	125	253	
0.4	0.5	42	246	18	4	100	12499	100	12499	0.003	0	0.003	0.003	124.99	0.1	124	125	
0.4	0.5	2	247	6	4	100	19300	100	19300	0.003	0	0.003	0.003	193	0	193	193	
0.4	0.5	46	248	6	4	100	20100	100	20100	0.003	0	0.003	0.003	201	0	201	201	
0.4	0.5	38	249	3	4	85	19805	85	19805	0.00423529	0.00268438	0.003	0.01	233	0	233	233	
0.4	0.5	41	250	6	4	67	3283	67	3283	0.00341791	0.00167105	0.003	0.01	49	0	49	49	
0.4	0.5	44	251	5	4	100	69300	100	69300	0.003	0	0.003	0.003	693	0	693	693	
0.4	0.5	55	252	3	4	100	12498	100	12498	0.003	0	0.003	0.003	124.98	0.2	123	125	
0.4	0.5	50	253	1	4	100	62096	100	62096	0.003	0	0.003	0.003	620.96	0.196946	620	621	
0.4	0.5	41	254	30	4	57	7125	56	7000	0.0055	0.00338446	0.003	0.01	125	0	125	125	
0.4	0.5	49	255	13	4	100	17484	100	17640	0.003	0	0.003	0.003	176.4	55.9838	153	309	
0.4	0.5	12	256	6	4	100	15700	100	15700	0.003	0	0.003	0.003	157	0	157	157	
0.4	0.5	26	257	5	4	100	23300	100	23300	0.003	0	0.003	0.003	233	0	233	233	
0.4	0.5	19	258	4	4	100	46900	100	46900	0.003	0	0.003	0.003	469	0	469	469	
0.4	0.5	17	259	3	4	100	20900	100	20900	0.003	0	0.003	0.003	209	0	209	209	
0.4	0.5	7	260	8	4	100	74900	100	74900	0.003	0	0.003	0.003	749	0	749	749	
0.4	0.5	10	261	5	4	55	13019	56	13272	0.008375	0.00298214	0.003	0.01	237	31.1524	157	253	
0.4	0.5	30	262	9	4	100	74900	100	74900	0.003	0	0.003	0.003	749	0	749	749	
0.4	0.5	41	263	4	4	71	8875	71	8875	0.003	0	0.003	0.003	125	0	125	125	
0.4	0.5	39	264	1	4	82	5494	82	5494	0.003	0	0.003	0.003	67	0	67	67	
0.4	0.5	44	265	2	4	100	90300	100	90300	0.003	0	0.003	0.003	903	0	903	903	
0.4	0.5	43	266	7	4	78	12246	77	12089	0.005	0.00318301	0.003	0.01	157	0	157	157	
0.4	0.5	41	267	27	4	68	3332	69	3381	0.0032029	0.00118296	0.003	0.01	49	0	49	49	
0.4	0.5	1	268	19	4	48	7728	49	7889	0.00728571	0.00344601	0.003	0.01	161	0	161	161	
0.4	0.5	26	269	3	4	100	59700	100	59700	0.003	0	0.003	0.003	597	0	597	597	
0.4	0.5	21	270	8	4	70	6790	73	7081	0.0059726	0.00348398	0.003	0.01	97	0	97	97	
0.4	0.5	45	271	2	4	100	62097	100	62097	0.003	0	0.003	0.003	620.97	0.222702	619	621	
0.4	0.5	39	272	31	4	80	2560	78	2496	0.00308974	0.000792594	0.003	0.01	32	0	32	32	
0.4	0.5	30	273	8	4	97	15228	98	15385	0.00321428	0.00121205	0.003	0.01	156.99	0.101015	156	157	
0.4	0.5	5	274	54	4	39	6279	39	6279	0.003	0	0.003	0.003	161	0	161	161	
0.4	0.5	6	275	10	4	100	12500	100	12500	0.003	0	0.003	0.003	125	0	125	125	
0.4	0.5	57	276	2	4	95	14819	97	14812	0.00336082	0.00155581	0.003	0.01	152.701	52.9969	124	253	
0.4	0.5	18	277	10	4	100	11676	100	11676	0.003	0	0.003	0.003	116.76	41.0048	97	201	
0.4	0.5	41	278	26	4	76	5092	77	5159	0.003	0	0.003	0.003	67	0	67	67	
0.4	0.5	28	279	3	4	95	24595	96	24904	0.00336458	0.00156353	0.003	0.01	259.417	17.9307	253	309	
0.4	0.5	25	280	3	4	100	38900	100	38900	0.003	0	0.003	0.003	389	0	389	389	
0.4	0.5	27	281	7	4	100	20900	100	20900	0.003	0	0.003	0.003	209	0	209	209	
0.4	0.5	26	282	6	4	100	45300	100	45300	0.003	0	0.003	0.003	453	0	453	453	
0.4	0.5	8	283	6	4	100	30900	100	30900	0.003	0	0.003	0.003	309	0	309	309	
0.4	0.5	6	284	15	4	92	7084	92	7084	0.00360869	0.00198321	0.003	0.01	77	0	77	77	
0.4	0.5	5	285	43	4	38	6118	38	6118	0.003	0	0.003	0.003	161	0	161	161	
0.4	0.5	22	286	3	4	100	20900	100	20900	0.003	0	0.003	0.003	209	0	209	209	
0.4	0.5	55	287	21	4	100	4900	100	4900	0.003	0	0.003	0.003	49	0	49	49	
0.4	0.5	13	288	2	4	100	105600	100	105600	0.003	0	0.003	0.003	1056	0	1056	1056	
0.4	0.5	14	289	2	4	100	55724	100	54972	0.003	0	0.003	0.003	549.72	188.607	373	749	
0.4	0.5	34	290	3	4	100	7700	100	7700	0.003	0	0.003	0.003	77	0	77	77	
0.4	0.5	39	291	12	4	80	9998	80	9998	0.003	0	0.003	0.003	124.975	0.223607	123	125	
0.4	0.5	6	292	14	4	69	5313	67	5159	0.00613433	0.00350712	0.003	0.01	77	0	77	77	
0.4	0.5	2	293	16	4	100	7700	100	7700	0.003	0	0.003	0.003	77	0	77	77	
0.4	0.5	40	294	6	4	100	105729	100	105807	0.003	0	0.003	0.003	1058.07	8.5991	1056	1095	
0.4	0.5	14	295	3	4	51	4027	53	4181	0.00920755	0.00223915	0.003	0.01	78.8868	15.9394	67	157	
0.4	0.5	2	296	19	4	100	9699	100	9699	0.003	0	0.003	0.003	96.99	0.1	96	97	
0.4	0.5	41	297	29	4	70	26109	71	26481	0.003	0	0.003	0.003	372.972	0.166633	372	373	
0.4	0.5	37	298	4	4	69	3381	70	3430	0.0031	0.00083666	0.003	0.01	49	0	49	49	
0.4	0.5	8	299	5	4	100	13700	100	13700	0.003	0	0.003	0.003	137	0	137	137	
0.4	0.5	52	300	23	4	80	18319	79	18086	0.00308861	0.000787562	0.003	0.01	228.937	12.1406	193	233	
0.4	0.5	26	301	7	4	100	38900	100	38900	0.003	0	0.003	0.003	389	0	389	389	
0.4	0.5	11	302	3	4	100	53298	100	53298	0.003	0	0.003	0.003	532.98	0.2	531	533	
0.4	0.5	5	303	15	4	40	6440	40	6440	0.003	0	0.003	0.003	161	0	161	161	
0.4	0.5	56	304	3	4	66	10182	63	9711	0.00655555	0.00352767	0.003	0.01	154.143	7.05476	137	157	
0.4	0.5	57	305	1	4	100	15700	100	15444	0.003	0	0.003	0.003	154.44	54.1379	125	253	
0.4	0.5	34	306	4	4	100	19300	100	19300	0.003	0	0.003	0.003	193	0	193	193	
0.4	0.5	33	307	3	4	100	105600	100	105600	0.003	0	0.003	0.003	1056	0	1056	1056	
0.4	0.5	49	308	4	4	100	22044	100	22240	0.003	0	0.003	0.003	222.4	70.3386	193	389	
0.4	0.5	38	309	6	4	51	24735	50	24250	0.01	0	0.01	0.01	485	0	485	485	
0.4	0.5	41	310	5	4	77	5929	76	5852	0.003	0	0.003	0.003	77	0	77	77	
0.4	0.5	30	311	3	4	100	74900	100	74900	0.003	0	0.003	0.003	749	0	749	749	
0.4	0.5	28	312	2	4	100	74900	100	74900	0.003	0	0.003	0.003	749	0	749	749	
0.4	0.5	18	313	9	4	100	19215	100	19215	0.003	0	0.003	0.003	192.15	64.6664	160	325	
0.4	0.5	57	314	9	4	100	20200	100	19872	0.003	0	0.003	0.003	198.72	69.3642	161	325	
0.4	0.5	19	315	1	4	100	53298	100	53298	0.003	0	0.003	0.003	532.98	0.2	531	533	
0.4	0.5	2	316	13	4	100	12500	100	12500	0.003	0	0.003	0.003	125	0	125	125	
0.4	0.5	39	317	25	4	78	9748	78	9750	0.003	0	0.003	0.003	125	0	125	125	
0.4	0.5	2	318	14	4	100	37300	100	37300	0.003	0	0.003	0.003	373	0	373	373	
0.4	0.5	51	319	5	4	100	62100	100	62100	0.003	0	0.003	0.003	621	0	621	621	
0.4	0.5	40	320	4	4	100	90300	100	90300	0.003	0	0.003	0.003	903	0	903	903	
0.4	0.5	27	321	6	4	100	23294	100	23294	0.003	0	0.003	0.003	232.94	0.342893	231	233	
0.4	0.5	25	322	9	4	100	13700	100	13700	0.003	0	0.003	0.003	137	0	137	137	
0.4	0.5	7	323	3	4	89	13971	90	14128	0.00385555	0.00230564	0.003	0.01	156.978	0.210819	155	157	
0.4	0.5	44	324	1	4	100	45298	100	45298	0.003	0	0.003	0.003	452.98	0.2	451	453	
0.4	0.5	52	325	18	4	79	3871	80	3920	0.003	0	0.003	0.003	49	0	49	49	
0.4	0.5	39	326	9	4	81	18873	82	19106	0.003	0	0.003	0.003	233	0	233	233	
0.4	0.5	46	327	9	4	100	25300	100	25300	0.003	0	0.003	0.003	253	0	253	253	
0.4	0.5	47	328	1	4	100	105600	100	105600	0.003	0	0.003	0.003	1056	0	1056	1056	
0.4	0.5	37	329	6	4	70	4690	71	4757	0.003	0	0.003	0.003	67	0	67	67	
0.4	0.5	44	330	8	4	100	80699	100	80699	0.003	0	0.003	0.003	806.99	0.1	806	807	
0.4	0.5	37	331	5	4	73	10497	74	10650	0.00328378	0.00138999	0.003	0.01	143.919	13.1969	125	153	
0.4	0.5	12	332	3	4	100	13698	100	13698	0.003	0	0.003	0.003	136.98	0.2	135	137	
0.4	0.5	35	333	4	4	100	15699	100	15699	0.003	0	0.003	0.003	156.99	0.1	156	157	
0.4	0.5	35	334	9	4	100	10100	100	10100	0.003	0	0.003	0.003	101	0	101	101	
0.4	0.5	41	335	21	4	70	2240	71	2272	0.003	0	0.003	0.003	32	0	32	32	
0.4	0.5	37	336	9	4	75	3673	76	3722	0.0030921	0.000802955	0.003	0.01	48.9737	0.229416	47	49	
0.4	0.5	53	337	6	4	100	39108	100	39108	0.003	0	0.003	0.003	391.08	20.8	389	597	
0.4	0.5	51	338	6	4	100	51698	100	51698	0.003	0	0.003	0.003	516.98	0.2	515	517	
0.4	0.5	41	339	23	4	70	11270	71	11431	0.003	0	0.003	0.003	161	0	161	161	
0.4	0.5	4	340	1	4	100	46899	100	46899	0.003	0	0.003	0.003	468.99	0.1	468	469	
0.4	0.5	55	341	15	4	100	6700	100	6700	0.003	0	0.003	0.003	67	0	67	67	
0.4	0.5	25	342	12	4	100	74900	100	74900	0.003	0	0.003	0.003	749	0	749	749	
0.4	0.5	38	343	8	4	100	80699	100	80699	0.003	0	0.003	0.003	806.99	0.1	806	807	
0.4	0.5	44	344	7	4	100	15300	100	15300	0.003	0	0.003	0.003	153	0	153	153	
0.4	0.5	1	345	8	4	70	26107	71	26480	0.003	0	0.003	0.003	372.958	0.263852	371	373	
0.4	0.5	11	346	6	4	100	25300	100	25300	0.003	0	0.003	0.003	253	0	253	253	
0.4	0.5	56	347	9	4	96	18812	96	18812	0.00329167	0.00140613	0.003	0.01	195.958	14.0884	157	201	
0.4	0.5	46	348	8	4	100	25300	100	25300	0.003	0	0.003	0.003	253	0	253	253	
0.4	0.5	56	349	10	4	100	74900	100	74900	0.003	0	0.003	0.003	749	0	749	749	
0.4	0.5	8	350	2	4	100	20099	100	20099	0.003	0	0.003	0.003	200.99	0.1	200	201	
0.4	0.5	42	351	4	4	100	16100	100	16100	0.003	0	0.003	0.003	161	0	161	161	
0.4	0.5	50	352	2	4	98	19696	98	19696	0.00314286	0.000994832	0.003	0.01	200.98	0.202031	199	201	
0.4	0.5	28	353	1	4	100	32498	100	32498	0.003	0	0.003	0.003	324.98	0.2	323	325	
0.4	0.5	10	354	10	4	100	32500	100	32500	0.003	0	0.003	0.003	325	0	325	325	
0.4	0.5	37	355	28	4	60	22380	59	22007	0.00430508	0.00274963	0.003	0.01	373	0	373	373	
0.4	0.5	55	356	4	4	100	7700	100	7700	0.003	0	0.003	0.003	77	0	77	77	
0.4	0.5	57	357	14	4	100	9700	100	9540	0.003	0	0.003	0.003	95.4	33.8362	77	157	
0.4	0.5	37	358	38	4	71	3479	70	3430	0.003	0	0.003	0.003	49	0	49	49	
0.4	0.5	52	359	31	4	79	2528	77	2464	0.00309091	0.000797724	0.003	0.01	32	0	32	32	
0.4	0.5	35	360	3	4	53	10141	53	10141	0.0089434	0.00252994	0.003	0.01	191.34	23.1309	137	201	
0.4	0.5	55	361	6	4	100	9700	100	9700	0.003	0	0.003	0.003	97	0	97	97	
0.4	0.5	32	362	13	4	100	16100	100	16100	0.003	0	0.003	0.003	161	0	161	161	
0.4	0.5	51	363	3	4	100	51698	100	51698	0.003	0	0.003	0.003	516.98	0.2	515	517	
0.4	0.5	2	364	3	4	97	7469	97	7469	0.00321649	0.00121815	0.003	0.01	77	0	77	77	
0.4	0.5	3	365	3	4	100	30900	100	30900	0.003	0	0.003	0.003	309	0	309	309	
0.4	0.5	37	366	40	4	71	4757	70	4690	0.003	0	0.003	0.003	67	0	67	67	
0.4	0.5	42	367	19	4	100	9698	100	9698	0.003	0	0.003	0.003	96.98	0.2	95	97	
0.4	0.5	37	368	12	4	70	6790	71	6887	0.003	0	0.003	0.003	97	0	97	97	
0.4	0.5	24	369	17	4	93	6231	92	6164	0.00353261	0.00186613	0.003	0.01	67	0	67	67	
0.4	0.5	37	370	8	4	70	13510	71	13703	0.003	0	0.003	0.003	193	0	193	193	
0.4	0.5	29	371	10	4	100	49844	100	49972	0.003	0	0.003	0.003	499.72	32.1355	469	533	
0.4	0.5	2	372	9	4	100	6700	100	6700	0.003	0	0.003	0.003	67	0	67	67	
0.4	0.5	39	373	23	4	80	9998	80	9998	0.003	0	0.003	0.003	124.975	0.223607	123	125	
0.4	0.5	32	374	2	4	100	37300	100	37300	0.003	0	0.003	0.003	373	0	373	373	
0.4	0.5	41	375	11	4	74	4958	73	4891	0.00328767	0.0013992	0.003	0.01	67	0	67	67	
0.4	0.5	41	376	25	4	70	4690	71	4757	0.003	0	0.003	0.003	67	0	67	67	
0.4	0.5	55	377	1	4	100	6700	100	6700	0.003	0	0.003	0.003	67	0	67	67	
0.4	0.5	37	378	39	4	76	3724	75	3675	0.00309333	0.00080829	0.003	0.01	49	0	49	49	
0.4	0.5	9	379	4	4	100	105600	100	105600	0.003	0	0.003	0.003	1056	0	1056	1056	
0.4	0.5	55	380	11	4	97	6139	97	6139	0.00321649	0.00121815	0.003	0.01	63.2887	7.32001	49	67	
0.4	0.5	41	381	32	4	76	3724	77	3773	0.003	0	0.003	0.003	49	0	49	49	
0.4	0.5	29	382	4	4	88	16808	90	17210	0.00393333	0.00239287	0.003	0.01	191.222	18.395	157	201	
0.4	0.5	21	383	13	4	100	15300	100	15300	0.003	0	0.003	0.003	153	0	153	153	
0.4	0.5	21	384	12	4	100	3200	100	3200	0.003	0	0.003	0.003	32	0	32	32	
0.4	0.5	50	385	5	4	100	74900	100	74900	0.003	0	0.003	0.003	749	0	749	749	
0.4	0.5	21	386	11	4	100	6700	100	6700	0.003	0	0.003	0.003	67	0	67	67	
0.4	0.5	54	387	5	4	92	12532	92	12532	0.00360869	0.00198321	0.003	0.01	136.217	5.27867	101	137	
0.4	0.5	13	388	1	4	100	103100	100	103100	0.003	0	0.003	0.003	1031	0	1031	1031	
0.4	0.5	45	389	5	4	100	64500	100	64500	0.003	0	0.003	0.003	645	0	645	645	
0.4	0.5	52	390	21	4	80	6160	80	6160	0.003	0	0.003	0.003	77	0	77	77	
0.4	0.5	52	391	32	4	82	2624	81	2592	0.003	0	0.003	0.003	32	0	32	32	
0.4	0.5	35	392	5	4	100	25300	100	25300	0.003	0	0.003	0.003	253	0	253	253	
0.4	0.5	18	393	1	4	100	18264	100	18264	0.003	0	0.003	0.003	182.64	61.5073	153	309	
0.4	0.5	49	394	14	4	93	24737	94	24970	0.00352128	0.00184757	0.003	0.01	265.638	81.907	233	469	
0.4	0.5	9	395	6	4	55	60225	54	59130	0.00883333	0.00263324	0.003	0.01	1095	0	1095	1095	
0.4	0.5	15	396	4	4	100	105600	100	105600	0.003	0	0.003	0.003	1056	0	1056	1056	
0.4	0.5	39	397	4	4	73	4891	75	5025	0.00393333	0.00239557	0.003	0.01	67	0	67	67	
0.4	0.5	47	398	2	4	55	27555	55	27555	0.00885454	0.00261348	0.003	0.01	501	0	501	501	
0.4	0.5	10	399	4	4	97	72653	98	73402	0.00321428	0.00121205	0.003	0.01	749	0	749	749	
0.4	0.5	42	400	17	4	100	6700	100	6700	0.003	0	0.003	0.003	67	0	67	67	
0.4	0.5	12	401	7	4	99	29415	99	29415	0.00307071	0.000703526	0.003	0.01	297.121	23.0099	253	309	
0.4	0.5	53	402	7	4	74	54658	75	55407	0.00542667	0.00335379	0.003	0.01	738.76	34.9594	621	749	
0.4	0.5	21	403	5	4	100	16100	100	16100	0.003	0	0.003	0.003	161	0	161	161	
0.4	0.5	41	404	19	4	70	4690	69	4623	0.00310145	0.000842701	0.003	0.01	67	0	67	67	
0.4	0.5	56	405	1	4	100	25298	100	25298	0.003	0	0.003	0.003	252.98	0.2	251	253	
0.4	0.5	20	406	2	4	100	38900	100	38900	0.003	0	0.003	0.003	389	0	389	389	
0.4	0.5	27	407	5	4	100	30100	100	30100	0.003	0	0.003	0.003	301	0	301	301	
0.4	0.5	42	408	3	4	100	23300	100	23300	0.003	0	0.003	0.003	233	0	233	233	
0.4	0.5	35	409	1	4	53	9965	54	10166	0.00883333	0.00263324	0.003	0.01	188.259	24.4742	137	201	
0.4	0.5	23	410	5	4	100	77499	100	77499	0.003	0	0.003	0.003	774.99	0.1	774	775	
0.4	0.5	5	411	3	4	40	2680	40	2680	0.003	0	0.003	0.003	67	0	67	67	
0.4	0.5	48	412	4	4	100	64260	100	64534	0.003	0	0.003	0.003	645.34	135.441	533	807	
0.4	0.5	19	413	10	4	100	25300	100	25300	0.003	0	0.003	0.003	253	0	253	253	
0.4	0.5	27	414	1	4	100	59700	100	59700	0.003	0	0.003	0.003	597	0	597	597	
0.4	0.5	37	415	27	4	77	3773	76	3724	0.003	0	0.003	0.003	49	0	49	49	
0.4	0.5	25	416	6	4	100	38900	100	38900	0.003	0	0.003	0.003	389	0	389	389	
0.4	0.5	23	417	3	4	100	105600	100	105600	0.003	0	0.003	0.003	1056	0	1056	1056	
0.4	0.5	5	418	28	4	38	10222	38	10222	0.003	0	0.003	0.003	269	0	269	269	
0.4	0.5	28	419	6	4	97	31141	97	31157	0.00314433	0.000999893	0.003	0.01	321.206	6.84035	309	325	
0.4	0.5	41	420	1	4	77	2463	77	2463	0.003	0	0.003	0.003	31.987	0.113961	31	32	
0.4	0.5	19	421	5	4	100	74900	100	74900	0.003	0	0.003	0.003	749	0	749	749	
0.4	0.5	8	422	4	4	100	13700	100	13700	0.003	0	0.003	0.003	137	0	137	137	
0.4	0.5	29	423	9	4	87	13259	87	13259	0.00404598	0.00251002	0.003	0.01	152.402	8.46396	137	157	
0.4	0.5	12	424	2	4	100	13698	100	13698	0.003	0	0.003	0.003	136.98	0.2	135	137	
0.4	0.5	37	425	37	4	77	2464	76	2432	0.003	0	0.003	0.003	32	0	32	32	
0.4	0.5	52	426	17	4	81	13041	82	13202	0.003	0	0.003	0.003	161	0	161	161	
0.4	0.5	48	427	9	4	59	9175	57	8785	0.0082807	0.00303994	0.003	0.01	154.123	13.4325	137	233	
0.4	0.5	40	428	8	4	100	30100	100	30100	0.003	0	0.003	0.003	301	0	301	301	
0.4	0.5	15	429	2	4	100	105600	100	105600	0.003	0	0.003	0.003	1056	0	1056	1056	
0.4	0.5	6	430	17	4	100	12500	100	12500	0.003	0	0.003	0.003	125	0	125	125	
0.4	0.5	5	431	66	4	38	4750	38	4750	0.003	0	0.003	0.003	125	0	125	125	
0.4	0.5	49	432	1	4	60	4850	58	4696	0.00794827	0.00321413	0.003	0.01	80.9655	17.9609	67	157	
0.4	0.5	46	433	4	4	100	25300	100	25300	0.003	0	0.003	0.003	253	0	253	253	
0.4	0.5	32	434	4	4	87	20271	89	20737	0.00402247	0.00248622	0.003	0.01	233	0	233	233	
0.4	0.5	7	435	2	4	100	25299	100	25299	0.003	0	0.003	0.003	252.99	0.1	252	253	
0.4	0.5	53	436	4	4	100	13772	100	13772	0.003	0	0.003	0.003	137.72	7.2	137	209	
0.4	0.5	52	437	16	4	79	2528	78	2496	0.00308974	0.000792594	0.003	0.01	32	0	32	32	
0.4	0.5	23	438	2	4	100	26100	100	26100	0.003	0	0.003	0.003	261	0	261	261	
0.4	0.5	56	439	11	4	100	38900	100	38900	0.003	0	0.003	0.003	389	0	389	389	
0.4	0.5	38	440	5	4	100	30100	100	30100	0.003	0	0.003	0.003	301	0	301	301	
0.4	0.5	12	441	8	4	100	25300	100	25300	0.003	0	0.003	0.003	253	0	253	253	
0.4	0.5	37	442	7	4	76	7372	77	7469	0.003	0	0.003	0.003	97	0	97	97	
0.4	0.5	38	443	1	4	77	33815	76	33362	0.00511842	0.00323715	0.003	0.01	438.974	44.2387	301	453	
0.4	0.5	5	444	25	4	38	14174	38	14174	0.003	0	0.003	0.003	373	0	373	373	
0.4	0.5	43	445	2	4	100	25300	100	25300	0.003	0	0.003	0.003	253	0	253	253	
0.4	0.5	37	446	19	4	76	9500	77	9625	0.003	0	0.003	0.003	125	0	125	125	
0.4	0.5	18	447	7	4	86	11390	86	11390	0.00413953	0.00259938	0.003	0.01	132.442	30.1286	125	253	
0.4	0.5	56	448	5	4	100	20100	100	20100	0.003	0	0.003	0.003	201	0	201	201	
0.4	0.5	32	449	11	4	100	12500	100	12500	0.003	0	0.003	0.003	125	0	125	125	
0.4	0.5	21	450	10	4	100	12498	100	12498	0.003	0	0.003	0.003	124.98	0.2	123	125	
0.4	0.5	14	451	5	4	91	15335	91	15183	0.00369231	0.00210128	0.003	0.01	166.846	54.5016	97	253	
0.4	0.5	4	452	10	4	100	25300	100	25300	0.003	0	0.003	0.003	253	0	253	253	
0.4	0.5	14	453	9	4	100	14796	100	14588	0.003	0	0.003	0.003	145.88	52.1678	97	201	
0.4	0.5	17	454	1	4	100	80700	100	80700	0.003	0	0.003	0.003	807	0	807	807	
0.4	0.5	55	455	8	4	100	12498	100	12498	0.003	0	0.003	0.003	124.98	0.2	123	125	
0.4	0.5	52	456	20	4	80	7759	80	7759	0.003	0	0.003	0.003	96.9875	0.111803	96	97	
0.4	0.5	26	457	2	4	100	30100	100	30100	0.003	0	0.003	0.003	301	0	301	301	
0.4	0.5	52	458	8	4	79	7663	79	7663	0.003	0	0.003	0.003	97	0	97	97	
0.4	0.5	39	459	11	4	81	6237	81	6237	0.003	0	0.003	0.003	77	0	77	77	
0.4	0.5	1	460	6	4	69	6693	70	6790	0.0031	0.00083666	0.003	0.01	97	0	97	97	
0.4	0.5	13	461	3	4	100	78756	100	78756	0.003	0	0.003	0.003	787.56	52.909	645	807	
0.4	0.5	37	462	31	4	71	2272	70	2240	0.003	0	0.003	0.003	32	0	32	32	
0.4	0.5	16	463	6	4	100	34900	100	34900	0.003	0	0.003	0.003	349	0	349	349	
0.4	0.5	30	464	11	4	100	32500	100	32500	0.003	0	0.003	0.003	325	0	325	325	
0.4	0.5	56	465	8	4	100	20098	100	20098	0.003	0	0.003	0.003	200.98	0.2	199	201	
0.4	0.5	52	466	10	4	80	10000	81	10125	0.00317284	0.00109305	0.003	0.01	125	0	125	125	
0.4	0.5	10	467	2	4	100	25300	100	25300	0.003	0	0.003	0.003	253	0	253	253	
0.4	0.5	32	468	12	4	100	37300	100	37300	0.003	0	0.003	0.003	373	0	373	373	
0.4	0.5	30	469	5	4	75	56175	75	56175	0.00552	0.00338263	0.003	0.01	749	0	749	749	
0.4	0.5	43	470	5	4	100	46898	100	46898	0.003	0	0.003	0.003	468.98	0.2	467	469	
0.4	0.5	46	471	1	4	76	24700	76	24700	0.00521053	0.00327543	0.003	0.01	325	0	325	325	
0.4	0.5	52	472	19	4	81	1782	79	1738	0.003	0	0.003	0.003	22	0	22	22	
0.4	0.5	53	473	3	4	97	72653	98	73402	0.00321428	0.00121205	0.003	0.01	749	0	749	749	
0.4	0.5	5	474	38	4	38	2926	37	2849	0.00337838	0.0016047	0.003	0.01	77	0	77	77	
0.4	0.5	51	475	4	4	100	106300	100	106300	0.003	0	0.003	0.003	1063	0	1063	1063	
0.4	0.5	48	476	3	4	100	16580	100	16652	0.003	0	0.003	0.003	166.52	35.5904	137	209	
0.4	0.5	57	477	8	4	50	3850	51	3927	0.00986274	0.000980196	0.003	0.01	77	0	77	77	
0.4	0.5	11	478	9	4	89	28509	89	28509	0.00378652	0.00222318	0.003	0.01	320.326	7.31713	309	325	
0.4	0.5	5	479	46	4	39	10491	38	10222	0.003	0	0.003	0.003	269	0	269	269	
0.4	0.5	18	480	3	4	89	12405	89	12405	0.00386517	0.00231689	0.003	0.01	139.382	40.6525	125	253	
0.4	0.5	25	481	1	4	100	46900	100	46900	0.003	0	0.003	0.003	469	0	469	469	
0.4	0.5	57	482	10	4	49	3772	51	4006	0.01	0	0.01	0.01	78.549	11.2059	76	157	
0.4	0.5	4	483	8	4	100	25300	100	25300	0.003	0	0.003	0.003	253	0	253	253	
0.4	0.5	52	484	6	4	80	18640	79	18407	0.003	0	0.003	0.003	233	0	233	233	
0.4	0.5	5	485	67	4	35	4375	35	4375	0.008	0.00320844	0.003	0.01	125	0	125	125	
0.4	0.5	2	486	8	4	100	3200	100	3200	0.003	0	0.003	0.003	32	0	32	32	
0.4	0.5	22	487	1	4	100	20900	100	20900	0.003	0	0.003	0.003	209	0	209	209	
0.4	0.5	5	488	12	4	41	2747	41	2747	0.003	0	0.003	0.003	67	0	67	67	
0.4	0.5	22	489	6	4	58	17458	59	17759	0.00786441	0.00325077	0.003	0.01	301	0	301	301	
0.4	0.5	2	490	1	4	100	9700	100	9700	0.003	0	0.003	0.003	97	0	97	97	
0.4	0.5	52	491	3	4	82	5494	82	5494	0.003	0	0.003	0.003	67	0	67	67	
0.4	0.5	10	492	8	4	96	71904	95	71155	0.00336842	0.00157137	0.003	0.01	749	0	749	749	
0.4	0.5	19	493	12	4	100	38900	100	38900	0.003	0	0.003	0.003	389	0	389	389	
0.4	0.5	39	494	15	4	81	5427	81	5427	0.003	0	0.003	0.003	67	0	67	67	
0.4	0.5	11	495	2	4	100	15700	100	15700	0.003	0	0.003	0.003	157	0	157	157	
0.4	0.5	20	496	1	4	100	30100	100	30100	0.003	0	0.003	0.003	301	0	301	301	
0.4	0.5	28	497	9	4	100	38900	100	38900	0.003	0	0.003	0.003	389	0	389	389	
0.4	0.5	50	498	9	4	100	74900	100	74900	0.003	0	0.003	0.003	749	0	749	749	
0.4	0.5	45	499	3	4	100	93499	100	93499	0.003	0	0.003	0.003	934.99	0.1	934	935	
0.4	0.5	11	500	4	4	100	25300	100	25300	0.003	0	0.003	0.003	253	0	253	253	
0.4	0.5	46	501	2	4	100	13700	100	13700	0.003	0	0.003	0.003	137	0	137	137	
0.4	0.5	31	502	11	4	59	14303	60	14556	0.00766667	0.00332768	0.003	0.01	242.6	20.9755	201	253	
0.4	0.5	53	503	10	4	99	31679	100	32004	0.00307	0.0007	0.003	0.01	320.04	7.43717	309	325	
0.4	0.5	53	504	9	4	100	25434	100	25434	0.003	0	0.003	0.003	254.34	13.6035	251	389	
0.4	0.5	43	505	8	4	100	20100	100	20100	0.003	0	0.003	0.003	201	0	201	201	
0.4	0.5	40	506	7	4	89	97455	87	95265	0.00388506	0.00233987	0.003	0.01	1095	0	1095	1095	
0.4	0.5	31	507	10	4	65	12493	62	11890	0.00706452	0.00348237	0.003	0.01	191.774	18.0577	157	201	
0.4	0.5	41	508	2	4	66	3149	66	3149	0.0035303	0.00186646	0.003	0.01	47.7121	4.53284	32	49	
0.4	0.5	12	509	5	4	91	23023	91	23023	0.00369231	0.00210128	0.003	0.01	253	0	253	253	
0.4	0.5	37	510	33	4	71	11431	70	11270	0.003	0	0.003	0.003	161	0	161	161	
0.4	0.5	41	511	33	4	70	3430	71	3479	0.003	0	0.003	0.003	49	0	49	49	
0.4	0.5	52	512	14	4	80	5360	80	5360	0.003	0	0.003	0.003	67	0	67	67	
0.4	0.5	52	513	4	4	80	7760	80	7760	0.0030875	0.000782624	0.003	0.01	97	0	97	97	
0.4	0.5	39	514	2	4	80	5360	80	5360	0.003	0	0.003	0.003	67	0	67	67	
0.4	0.5	17	515	2	4	100	80700	100	80700	0.003	0	0.003	0.003	807	0	807	807	
0.4	0.5	9	516	2	4	100	105600	100	105600	0.003	0	0.003	0.003	1056	0	1056	1056	
0.4	0.5	39	517	7	4	79	5293	79	5293	0.003	0	0.003	0.003	67	0	67	67	
0.4	0.5	40	518	2	4	100	80699	100	80699	0.003	0	0.003	0.003	806.99	0.1	806	807	
0.4	0.5	38	519	4	4	100	38900	100	38900	0.003	0	0.003	0.003	389	0	389	389	
0.4	0.5	34	520	7	4	95	7315	96	7392	0.00336458	0.00156353	0.003	0.01	77	0	77	77	
0.4	0.5	55	521	14	4	100	16100	100	16100	0.003	0	0.003	0.003	161	0	161	161	
0.4	0.5	21	522	17	4	100	15300	100	15300	0.003	0	0.003	0.003	153	0	153	153	
0.4	0.5	39	523	10	4	80	7760	80	7760	0.003	0	0.003	0.003	97	0	97	97	
0.4	0.5	42	524	13	4	97	7469	97	7469	0.00321649	0.00121815	0.003	0.01	77	0	77	77	
0.4	0.5	29	525	3	4	100	13700	100	13700	0.003	0	0.003	0.003	137	0	137	137	
0.4	0.5	53	526	1	4	100	53574	100	53574	0.003	0	0.003	0.003	535.74	27.4	533	807	
0.4	0.5	38	527	7	4	100	48500	100	48500	0.003	0	0.003	0.003	485	0	485	485	
0.4	0.5	2	528	7	4	100	15300	100	15300	0.003	0	0.003	0.003	153	0	153	153	
0.4	0.5	12	529	9	4	100	15700	100	15700	0.003	0	0.003	0.003	157	0	157	157	
0.4	0.5	22	530	7	4	100	38900	100	38900	0.003	0	0.003	0.003	389	0	389	389	
0.4	0.5	24	531	5	4	100	15300	100	15300	0.003	0	0.003	0.003	153	0	153	153	
0.4	0.5	29	532	1	4	100	15700	100	15700	0.003	0	0.003	0.003	157	0	157	157	
0.4	0.5	50	533	4	4	100	32500	100	32500	0.003	0	0.003	0.003	325	0	325	325	
0.4	0.5	6	534	16	4	100	23300	100	23300	0.003	0	0.003	0.003	233	0	233	233	
0.4	0.5	52	535	30	4	81	21789	81	21789	0.003	0	0.003	0.003	269	0	269	269	
0.4	0.5	57	536	11	4	100	12300	100	12092	0.003	0	0.003	0.003	120.92	43.9871	97	201	
0.4	0.5	48	537	6	4	87	23295	86	23090	0.00405814	0.00252216	0.003	0.01	268.488	38.7416	201	389	
0.4	0.5	31	538	8	4	100	25300	100	25300	0.003	0	0.003	0.003	253	0	253	253	
0.4	0.5	30	539	10	4	97	21525	97	21473	0.00328866	0.0013991	0.003	0.01	221.371	25.5152	201	253	
0.4	0.5	57	540	6	4	100	46700	100	45948	0.003	0	0.003	0.003	459.48	159.03	373	749	
0.4	0.5	52	541	22	4	81	10123	81	10123	0.003	0	0.003	0.003	124.975	0.222222	123	125	
0.4	0.5	17	542	7	4	100	105600	100	105600	0.003	0	0.003	0.003	1056	0	1056	1056	
0.4	0.5	32	543	5	4	75	12075	75	12075	0.00552	0.00338263	0.003	0.01	161	0	161	161	
0.4	0.5	41	544	7	4	75	2400	73	2336	0.00319178	0.00115057	0.003	0.01	32	0	32	32	
0.4	0.5	57	545	4	4	100	15700	100	15444	0.003	0	0.003	0.003	154.44	54.1379	125	253	
0.4	0.5	39	546	27	4	81	6237	81	6237	0.003	0	0.003	0.003	77	0	77	77	
0.4	0.5	1	547	31	4	76	7372	76	7372	0.003	0	0.003	0.003	97	0	97	97	
0.4	0.5	2	548	21	4	100	7700	100	7700	0.003	0	0.003	0.003	77	0	77	77	
0.4	0.5	4	549	7	4	100	38900	100	38900	0.003	0	0.003	0.003	389	0	389	389	
0.4	0.5	54	550	12	4	100	13700	100	13700	0.003	0	0.003	0.003	137	0	137	137	
0.4	0.5	37	551	35	4	71	2272	70	2240	0.003	0	0.003	0.003	32	0	32	32	
0.4	0.5	37	552	30	4	70	5390	68	5236	0.00372059	0.00214299	0.003	0.01	77	0	77	77	
0.4	0.5	42	553	15	4	100	23300	100	23300	0.003	0	0.003	0.003	233	0	233	233	
0.4	0.5	48	554	2	4	100	64260	100	64534	0.003	0	0.003	0.003	645.34	135.441	533	807	
0.4	0.5	37	555	41	4	77	2464	76	2432	0.003	0	0.003	0.003	32	0	32	32	
0.4	0.5	35	556	12	4	100	74900	100	74900	0.003	0	0.003	0.003	749	0	749	749	
0.4	0.5	25	557	11	4	100	15700	100	15700	0.003	0	0.003	0.003	157	0	157	157	
0.4	0.5	37	558	16	4	76	7372	77	7469	0.003	0	0.003	0.003	97	0	97	97	
0.4	0.5	35	559	8	4	100	10100	100	10100	0.003	0	0.003	0.003	101	0	101	101	
0.4	0.5	55	560	13	4	100	37300	100	37300	0.003	0	0.003	0.003	373	0	373	373	
0.4	0.5	41	561	22	4	76	11628	77	11781	0.003	0	0.003	0.003	153	0	153	153	
0.4	0.5	52	562	25	4	78	9748	78	9750	0.003	0	0.003	0.003	125	0	125	125	
0.4	0.5	33	563	1	4	100	105600	100	105600	0.003	0	0.003	0.003	1056	0	1056	1056	
0.4	0.5	25	564	10	4	100	10094	100	10094	0.003	0	0.003	0.003	100.94	0.342893	99	101	
0.4	0.5	55	565	20	4	100	6700	100	6700	0.003	0	0.003	0.003	67	0	67	67	
0.4	0.5	54	566	2	4	100	46898	100	46898	0.003	0	0.003	0.003	468.98	0.2	467	469	
0.4	0.5	56	567	6	4	100	46900	100	46900	0.003	0	0.003	0.003	469	0	469	469	
0.4	0.5	40	568	3	4	100	23300	100	23300	0.003	0	0.003	0.003	233	0	233	233	
0.4	0.5	8	569	8	4	51	15759	49	15141	0.01	0	0.01	0.01	309	0	309	309	
0.4	0.5	39	570	3	4	80	3920	79	3871	0.003	0	0.003	0.003	49	0	49	49	
0.4	0.5	53	571	2	4	100	13772	100	13772	0.003	0	0.003	0.003	137.72	7.2	137	209	
0.4	0.5	41	572	14	4	71	5467	70	5390	0.003	0	0.003	0.003	77	0	77	77	
0.4	0.5	7	573	1	4	100	30900	100	30900	0.003	0	0.003	0.003	309	0	309	309	
0.4	0.5	1	574	7	4	76	5092	76	5092	0.003	0	0.003	0.003	67	0	67	67	
0.4	0.5	39	575	30	4	81	10123	80	9998	0.003	0	0.003	0.003	124.975	0.223607	123	125	
0.4	0.5	16	576	3	4	100	77500	100	77500	0.003	0	0.003	0.003	775	0	775	775	
0.4	0.5	2	577	15	4	100	16100	100	16100	0.003	0	0.003	0.003	161	0	161	161	
0.4	0.5	48	578	8	4	100	30740	100	30876	0.003	0	0.003	0.003	308.76	67.2263	253	389	
0.4	0.5	37	579	34	4	77	17941	76	17708	0.003	0	0.003	0.003	233	0	233	233	
0.4	0.5	25	580	5	4	100	30900	100	30900	0.003	0	0.003	0.003	309	0	309	309	
0.4	0.5	18	581	12	4	100	14932	100	14932	0.003	0	0.003	0.003	149.32	50.4675	125	253	
0.4	0.5	33	582	4	4	100	53812	100	54068	0.003	0	0.003	0.003	540.68	63.8576	469	597	
0.4	0.5	14	583	13	4	100	22944	100	22632	0.003	0	0.003	0.003	226.32	78.2517	153	309	
0.4	0.5	52	584	29	4	80	12240	80	12240	0.003	0	0.003	0.003	153	0	153	153	
0.4	0.5	47	585	5	4	100	73080	100	73340	0.003	0	0.003	0.003	733.4	60.9474	645	775	
0.4	0.5	17	586	5	4	100	38900	100	38900	0.003	0	0.003	0.003	389	0	389	389	
0.4	0.5	42	587	9	4	100	12500	100	12500	0.003	0	0.003	0.003	125	0	125	125	
0.4	0.5	52	588	11	4	79	12087	79	12087	0.003	0	0.003	0.003	153	0	153	153	
0.4	0.5	50	589	10	4	100	30900	100	30900	0.003	0	0.003	0.003	309	0	309	309	
0.4	0.5	57	590	13	4	99	12099	99	11891	0.00307071	0.000703526	0.003	0.01	120.111	43.457	97	201	
0.4	0.5	5	591	4	4	40	3080	40	3080	0.003	0	0.003	0.003	77	0	77	77	
0.4	0.5	39	592	8	4	79	6083	80	6160	0.0032625	0.00133828	0.003	0.01	77	0	77	77	
0.4	0.5	20	593	6	4	91	27391	91	27391	0.00353846	0.00187562	0.003	0.01	301	0	301	301	
0.4	0.5	37	594	21	4	71	4432	70	4366	0.0035	0.00181579	0.003	0.01	62.3714	7.92386	49	67	
0.4	0.5	34	595	6	4	81	6236	80	6159	0.004575	0.00294152	0.003	0.01	76.9875	0.111803	76	77	
0.4	0.5	49	596	6	4	99	10955	99	11059	0.00307071	0.000703526	0.003	0.01	111.707	36.423	97	201	
0.4	0.5	19	597	8	4	100	38898	100	38898	0.003	0	0.003	0.003	388.98	0.2	387	389	
0.4	0.5	41	598	28	4	76	9500	77	9625	0.00309091	0.000797724	0.003	0.01	125	0	125	125	
0.4	0.5	41	599	12	4	71	2272	69	2208	0.003	0	0.003	0.003	32	0	32	32	
0.4	0.5	24	600	14	4	100	12500	100	12500	0.003	0	0.003	0.003	125	0	125	125	
0.4	0.5	16	601	2	4	75	28814	76	29203	0.00539474	0.00334297	0.003	0.01	384.25	13.0058	349	389	
0.4	0.5	34	602	17	4	100	6700	100	6700	0.003	0	0.003	0.003	67	0	67	67	
0.4	0.5	7	603	5	4	100	25299	100	25299	0.003	0	0.003	0.003	252.99	0.1	252	253	
0.4	0.5	12	604	1	4	100	30900	100	30900	0.003	0	0.003	0.003	309	0	309	309	
0.4	0.5	52	605	13	4	80	7760	79	7663	0.00317721	0.00110662	0.003	0.01	97	0	97	97	
0.4	0.5	39	606	5	4	80	15440	80	15440	0.003	0	0.003	0.003	193	0	193	193	
0.4	0.5	42	607	5	4	100	4900	100	4900	0.003	0	0.003	0.003	49	0	49	49	
0.4	0.5	38	608	2	4	99	23067	99	23067	0.00307071	0.000703526	0.003	0.01	233	0	233	233	
0.4	0.5	55	609	22	4	100	7700	100	7700	0.003	0	0.003	0.003	77	0	77	77	
0.4	0.5	39	610	22	4	81	5427	81	5427	0.003	0	0.003	0.003	67	0	67	67	
0.4	0.5	8	611	1	4	100	30900	100	30900	0.003	0	0.003	0.003	309	0	309	309	
0.4	0.5	28	612	4	4	100	46900	100	46900	0.003	0	0.003	0.003	469	0	469	469	
0.4	0.5	23	613	4	4	100	80700	100	80700	0.003	0	0.003	0.003	807	0	807	807	
0.4	0.5	41	614	18	4	77	12397	76	12236	0.003	0	0.003	0.003	161	0	161	161	
0.4	0.5	29	615	8	4	100	36724	100	36852	0.003	0	0.003	0.003	368.52	30.0049	325	389	
0.4	0.5	41	616	10	4	71	3479	70	3430	0.003	0	0.003	0.003	49	0	49	49	
0.4	0.5	30	617	1	4	100	13700	100	13700	0.003	0	0.003	0.003	137	0	137	137	
0.4	0.5	55	618	23	4	100	9700	100	9700	0.003	0	0.003	0.003	97	0	97	97	
0.4	0.5	49	619	7	4	92	17600	91	17507	0.00361538	0.00199315	0.003	0.01	192.385	54.1928	161	389	
0.4	0.5	46	620	5	4	100	30900	100	30900	0.003	0	0.003	0.003	309	0	309	309	
0.4	0.5	55	621	12	4	100	9700	100	9700	0.003	0	0.003	0.003	97	0	97	97	
0.4	0.5	2	622	10	4	100	7700	100	7700	0.003	0	0.003	0.003	77	0	77	77	
0.4	0.5	32	623	9	4	98	9506	98	9506	0.00314286	0.000994832	0.003	0.01	97	0	97	97	
0.4	0.5	37	624	15	4	70	2240	71	2272	0.003	0	0.003	0.003	32	0	32	32	
0.4	0.5	37	625	10	4	70	5389	71	5466	0.003	0	0.003	0.003	76.9859	0.118678	76	77	
0.4	0.5	3	626	4	4	100	42100	100	42100	0.003	0	0.003	0.003	421	0	421	421	
0.4	0.5	54	627	10	4	85	16865	85	16865	0.00423529	0.00268438	0.003	0.01	198.412	10.4144	157	201	
0.4	0.5	35	628	11	4	100	25092	100	25092	0.003	0	0.003	0.003	250.92	10.2412	201	253	
0.4	0.5	49	629	11	4	64	6416	64	6416	0.00704687	0.00348434	0.003	0.01	100.25	18.2383	97	201	
0.4	0.5	14	630	4	4	51	4037	52	4114	0.00932692	0.00208375	0.003	0.01	79.1154	16.0069	67	157	
0.4	0.5	45	631	6	4	100	27700	100	27700	0.003	0	0.003	0.003	277	0	277	277	
0.4	0.5	21	632	6	4	100	26900	100	26900	0.003	0	0.003	0.003	269	0	269	269	
0.4	0.5	50	633	7	4	100	13700	100	13700	0.003	0	0.003	0.003	137	0	137	137	
0.4	0.5	37	634	23	4	71	13702	71	13702	0.003	0	0.003	0.003	192.986	0.118678	192	193	
0.4	0.5	32	635	10	4	100	16100	100	16100	0.003	0	0.003	0.003	161	0	161	161	
0.4	0.5	11	636	5	4	100	30900	100	30900	0.003	0	0.003	0.003	309	0	309	309	
0.4	0.5	55	637	24	4	100	7700	100	7700	0.003	0	0.003	0.003	77	0	77	77	
0.4	0.5	18	638	6	4	100	14932	100	14932	0.003	0	0.003	0.003	149.32	50.4675	125	253	
0.4	0.5	53	639	8	4	100	13772	100	13772	0.003	0	0.003	0.003	137.72	7.2	137	209	
0.4	0.5	34	640	5	4	100	12500	100	12500	0.003	0	0.003	0.003	125	0	125	125	
0.4	0.5	39	641	13	4	81	2592	80	2560	0.003	0	0.003	0.003	32	0	32	32	
0.4	0.5	24	642	1	4	100	12499	100	12499	0.003	0	0.003	0.003	124.99	0.1	124	125	
0.4	0.5	2	643	20	4	100	12498	100	12498	0.003	0	0.003	0.003	124.98	0.2	123	125	
0.4	0.5	50	644	3	4	69	17457	68	17204	0.00639706	0.0035245	0.003	0.01	253	0	253	253	
0.4	0.5	26	645	1	4	99	23067	99	23067	0.00307071	0.000703526	0.003	0.01	233	0	233	233	
0.4	0.5	56	646	4	4	100	38900	100	38900	0.003	0	0.003	0.003	389	0	389	389	
0.4	0.5	8	647	11	4	100	20100	100	20100	0.003	0	0.003	0.003	201	0	201	201	
0.4	0.5	39	648	6	4	80	5360	80	5360	0.003175	0.00109977	0.003	0.01	67	0	67	67	
0.4	0.5	1	649	18	4	71	19099	70	18830	0.003	0	0.003	0.003	269	0	269	269	
0.4	0.5	4	650	9	4	93	18693	94	18894	0.00352128	0.00184757	0.003	0.01	201	0	201	201	
0.4	0.5	30	651	2	4	100	53298	100	53298	0.003	0	0.003	0.003	532.98	0.2	531	533	
0.4	0.5	52	652	7	4	77	5929	77	5929	0.00372727	0.00214989	0.003	0.01	77	0	77	77	
0.4	0.5	19	653	3	4	100	13700	100	13700	0.003	0	0.003	0.003	137	0	137	137	
0.4	0.5	19	654	6	4	100	38898	100	38898	0.003	0	0.003	0.003	388.98	0.2	387	389	
0.4	0.5	16	655	1	4	100	99898	100	99898	0.003	0	0.003	0.003	998.98	0.2	997	999	
0.4	0.5	10	656	6	4	53	10653	54	10854	0.00922222	0.00222054	0.003	0.01	201	0	201	201	
0.4	0.5	21	657	9	4	77	7469	78	7566	0.00515385	0.00325168	0.003	0.01	97	0	97	97	
0.4	0.5	36	658	2	4	100	105600	100	105600	0.003	0	0.003	0.003	1056	0	1056	1056	
0.4	0.5	19	659	9	4	100	13700	100	13700	0.003	0	0.003	0.003	137	0	137	137	
0.4	0.5	57	660	3	4	100	20200	100	19872	0.003	0	0.003	0.003	198.72	69.3642	161	325	
0.4	0.5	5	661	50	4	39	3003	39	3003	0.003	0	0.003	0.003	77	0	77	77	
0.4	0.5	5	662	37	4	38	4750	39	4875	0.003	0	0.003	0.003	125	0	125	125	
0.4	0.5	5	663	62	4	40	2680	40	2680	0.003	0	0.003	0.003	67	0	67	67	
0.4	0.5	5	664	32	4	38	4750	39	4875	0.003	0	0.003	0.003	125	0	125	125	
0.4	0.5	1	665	11	4	76	5092	77	5159	0.003	0	0.003	0.003	67	0	67	67	
0.4	0.5	1	666	12	4	71	4757	71	4757	0.003	0	0.003	0.003	67	0	67	67	
0.4	0.5	1	667	26	4	66	4422	65	4355	0.00353846	0.0018798	0.003	0.01	67	0	67	67	
0.4	0.5	43	668	10	4	100	46900	100	46900	0.003	0	0.003	0.003	469	0	469	469	
0.4	0.5	24	669	4	4	90	13770	89	13617	0.00378652	0.00222318	0.003	0.01	153	0	153	153	
0.4	0.5	5	670	40	4	38	4750	38	4750	0.003	0	0.003	0.003	125	0	125	125	
0.4	0.5	5	671	30	4	38	3686	38	3686	0.003	0	0.003	0.003	97	0	97	97	
0.4	0.5	25	672	7	4	72	18216	71	17963	0.00576056	0.00344535	0.003	0.01	253	0	253	253	
0.4	0.5	5	673	29	4	39	3783	39	3783	0.003	0	0.003	0.003	97	0	97	97	
0.4	0.5	24	674	15	4	100	12500	100	12500	0.003	0	0.003	0.003	125	0	125	125	
0.4	0.5	6	675	2	4	100	7700	100	7700	0.003	0	0.003	0.003	77	0	77	77	
0.4	0.5	5	676	49	4	42	6426	41	6273	0.003	0	0.003	0.003	153	0	153	153	
0.4	0.5	5	677	35	4	40	4048	41	4145	0.003	0	0.003	0.003	101.098	10.0195	97	125	
0.4	0.5	1	678	16	4	71	19099	71	19099	0.003	0	0.003	0.003	269	0	269	269	
0.4	0.5	1	679	15	4	69	4623	69	4623	0.00371014	0.00212894	0.003	0.01	67	0	67	67	
0.4	0.5	5	680	8	4	41	2747	41	2747	0.003	0	0.003	0.003	67	0	67	67	
0.4	0.5	5	681	57	4	40	3080	40	3080	0.003	0	0.003	0.003	77	0	77	77	
0.4	0.5	5	682	13	4	39	4875	39	4875	0.00317949	0.0011209	0.003	0.01	125	0	125	125	
0.4	0.5	24	683	13	4	100	6700	100	6700	0.003	0	0.003	0.003	67	0	67	67	
0.4	0.5	5	684	48	4	40	5000	39	4875	0.003	0	0.003	0.003	125	0	125	125	
0.4	0.5	5	685	11	4	40	5000	40	5000	0.003	0	0.003	0.003	125	0	125	125	
0.4	0.5	24	686	10	4	100	23300	100	23300	0.003	0	0.003	0.003	233	0	233	233	
0.4	0.5	5	687	9	4	38	2926	38	2926	0.003	0	0.003	0.003	77	0	77	77	
0.4	0.5	5	688	68	4	40	14920	39	14547	0.00317949	0.0011209	0.003	0.01	373	0	373	373	
0.4	0.5	6	689	9	4	87	6699	85	6545	0.00398823	0.00245189	0.003	0.01	77	0	77	77	
0.4	0.5	43	690	9	4	100	46900	100	46900	0.003	0	0.003	0.003	469	0	469	469	
0.4	0.5	5	691	63	4	38	14174	38	14174	0.003	0	0.003	0.003	373	0	373	373	
0.4	0.5	5	692	24	4	41	5125	41	5125	0.003	0	0.003	0.003	125	0	125	125	
0.4	0.5	5	693	6	4	39	5967	40	6120	0.003	0	0.003	0.003	153	0	153	153	
0.4	0.5	5	694	39	4	41	2747	41	2747	0.003	0	0.003	0.003	67	0	67	67	
0.4	0.5	6	695	7	4	100	7700	100	7700	0.003	0	0.003	0.003	77	0	77	77	
0.4	0.5	1	696	17	4	73	9125	74	9250	0.00337838	0.00159368	0.003	0.01	125	0	125	125	
0.4	0.5	5	697	7	4	38	14174	38	14174	0.003	0	0.003	0.003	373	0	373	373	
0.4	0.5	6	698	3	4	100	7700	100	7700	0.003	0	0.003	0.003	77	0	77	77	
0.4	0.5	5	699	2	4	39	3783	39	3783	0.003	0	0.003	0.003	97	0	97	97	
0.4	0.5	30	700	6	4	100	13698	100	13698	0.003	0	0.003	0.003	136.98	0.2	135	137	
0.4	0.5	24	701	12	4	100	16100	100	16100	0.003	0	0.003	0.003	161	0	161	161	
0.4	0.5	1	702	24	4	62	4774	60	4620	0.00393333	0.00239962	0.003	0.01	77	0	77	77	
0.4	0.5	5	703	51	4	38	6118	38	6118	0.003	0	0.003	0.003	161	0	161	161	
0.4	0.5	1	704	23	4	76	5852	75	5775	0.00309333	0.00080829	0.003	0.01	77	0	77	77	
0.4	0.5	1	705	27	4	77	5929	76	5852	0.003	0	0.003	0.003	77	0	77	77	
0.4	0.5	5	706	55	4	40	9320	40	9320	0.003	0	0.003	0.003	233	0	233	233	
0.4	0.5	1	707	34	4	70	6790	71	6887	0.003	0	0.003	0.003	97	0	97	97	
0.4	0.5	24	708	6	4	100	6700	100	6700	0.003	0	0.003	0.003	67	0	67	67	
0.4	0.5	5	709	31	4	38	4750	39	4875	0.00335897	0.00156419	0.003	0.01	125	0	125	125	
0.4	0.5	5	710	5	4	42	2814	42	2814	0.003	0	0.003	0.003	67	0	67	67	
0.4	0.5	5	711	52	4	39	3783	39	3783	0.003	0	0.003	0.003	97	0	97	97	
0.4	0.5	1	712	5	4	76	9500	77	9625	0.003	0	0.003	0.003	125	0	125	125	
0.4	0.5	5	713	34	4	39	9087	40	9320	0.003	0	0.003	0.003	233	0	233	233	
0.4	0.5	5	714	45	4	40	6120	39	5967	0.003	0	0.003	0.003	153	0	153	153	
0.4	0.5	6	715	8	4	100	16100	100	16100	0.003	0	0.003	0.003	161	0	161	161	
0.4	0.5	1	716	30	4	59	5723	59	5723	0.00442373	0.00284183	0.003	0.01	97	0	97	97	
0.4	0.5	5	717	10	4	40	9320	40	9320	0.003	0	0.003	0.003	233	0	233	233	
0.4	0.5	1	718	4	4	70	10710	71	10863	0.003	0	0.003	0.003	153	0	153	153	
0.4	0.5	5	719	56	4	38	3686	38	3686	0.00465789	0.00301596	0.003	0.01	97	0	97	97	
0.4	0.5	1	720	25	4	77	11781	76	11628	0.003	0	0.003	0.003	153	0	153	153	
0.4	0.5	5	721	36	4	38	7334	39	7527	0.00748718	0.00340179	0.003	0.01	193	0	193	193	
0.4	0.5	5	722	65	4	43	6923	43	6923	0.003	0	0.003	0.003	161	0	161	161	
0.4	0.5	1	723	29	4	57	7125	55	6875	0.00567273	0.00343217	0.003	0.01	125	0	125	125	
0.4	0.5	5	724	1	4	40	5000	40	5000	0.003175	0.0011068	0.003	0.01	125	0	125	125	
0.4	0.5	5	725	58	4	37	2849	37	2849	0.00735135	0.00344171	0.003	0.01	77	0	77	77	
0.4	0.5	5	726	41	4	40	3080	40	3080	0.003	0	0.003	0.003	77	0	77	77	
0.4	0.5	24	727	8	4	100	9700	100	9700	0.003	0	0.003	0.003	97	0	97	97	
0.4	0.5	1	728	1	4	76	5852	77	5929	0.003	0	0.003	0.003	77	0	77	77	
0.4	0.5	1	729	9	4	57	7125	54	6750	0.00546296	0.00337423	0.003	0.01	125	0	125	125	
0.4	0.5	24	730	11	4	100	16100	100	16100	0.003	0	0.003	0.003	161	0	161	161	
0.4	0.5	1	731	10	4	69	13317	70	13510	0.0031	0.00083666	0.003	0.01	193	0	193	193	
0.4	0.5	5	732	14	4	39	3003	39	3003	0.003	0	0.003	0.003	77	0	77	77	
0.4	0.5	43	733	4	4	100	38898	100	38898	0.003	0	0.003	0.003	388.98	0.2	387	389	
0.4	0.5	1	734	33	4	76	7372	77	7469	0.003	0	0.003	0.003	97	0	97	97	
0.4	0.5	5	735	64	4	40	6120	40	6120	0.003	0	0.003	0.003	153	0	153	153	
0.4	0.5	24	736	3	4	100	16099	100	16099	0.003	0	0.003	0.003	160.99	0.1	160	161	
0.4	0.5	25	737	4	4	100	10100	100	10100	0.003	0	0.003	0.003	101	0	101	101	
0.4	0.5	1	738	22	4	61	4697	60	4620	0.00416667	0.00263076	0.003	0.01	77	0	77	77	
0.4	0.5	1	739	2	4	70	6790	71	6887	0.003	0	0.003	0.003	97	0	97	97	
0.4	0.5	6	740	12	4	100	15300	100	15300	0.003	0	0.003	0.003	153	0	153	153	
0.4	0.5	5	741	26	4	43	16039	43	16039	0.003	0	0.003	0.003	373	0	373	373	
0.4	0.5	6	742	1	4	100	19300	100	19300	0.003	0	0.003	0.003	193	0	193	193	
0.4	0.5	6	743	11	4	100	12500	100	12500	0.003	0	0.003	0.003	125	0	125	125	
0.4	0.5	1	744	20	4	64	4928	63	4851	0.00366667	0.00207131	0.003	0.01	77	0	77	77	
0.4	0.5	5	745	61	4	39	6279	39	6279	0.003	0	0.003	0.003	161	0	161	161	
0.4	0.5	1	746	32	4	66	5082	66	5082	0.00342424	0.00168304	0.003	0.01	77	0	77	77	
0.4	0.5	5	747	53	4	40	5000	40	5000	0.003	0	0.003	0.003	125	0	125	125	
0.4	0.5	5	748	27	4	39	14547	39	14547	0.00425641	0.00272143	0.003	0.01	373	0	373	373	
0.4	0.5	1	749	14	4	71	8875	71	8875	0.003	0	0.003	0.003	125	0	125	125	
0.4	0.5	24	750	9	4	100	26899	100	26899	0.003	0	0.003	0.003	268.99	0.1	268	269	
