% start	end	CellId	IMSI	RNTI	LCID	nTxPDUs	TxBytes	nRxPDUs	RxBytes	delay	stdDev	min	max	PduSize	stdDev	min	max
0.4	0.5	3	1	3	4	59	5583	61	5657	0.00759016	0.00335349	0.003	0.01	92.7377	32.0655	77	157	
0.4	0.5	42	2	15	4	100	19300	100	19300	0.003	0	0.003	0.003	193	0	193	193	
0.4	0.5	34	3	4	4	100	12498	100	12498	0.003	0	0.003	0.003	124.98	0.2	123	125	
0.4	0.5	9	4	5	4	54	13082	53	12733	0.00907547	0.00239269	0.003	0.01	240.245	32.8422	156	253	
0.4	0.5	55	5	23	4	100	3200	99	3168	0.003	0	0.003	0.003	32	0	32	32	
0.4	0.5	20	6	4	4	98	73402	98	73402	0.00314286	0.000994832	0.003	0.01	749	0	749	749	
0.4	0.5	9	7	6	4	100	50484	100	50356	0.003	0	0.003	0.003	503.56	32.0581	469	533	
0.4	0.5	41	8	20	4	87	5541	87	5523	0.00404598	0.00251002	0.003	0.01	63.4828	7.17856	49	67	
0.4	0.5	52	9	20	4	82	7953	82	7953	0.003	0	0.003	0.003	96.9878	0.110432	96	97	
0.4	0.5	12	10	3	4	100	48788	100	48788	0.003	0	0.003	0.003	487.88	49.3745	405	517	
0.4	0.5	51	11	10	4	100	38900	100	38900	0.003	0	0.003	0.003	389	0	389	389	
0.4	0.5	15	12	1	4	100	105600	100	105600	0.003	0	0.003	0.003	1056	0	1056	1056	
0.4	0.5	41	13	14	4	100	6700	100	6700	0.003	0	0.003	0.003	67	0	67	67	
0.4	0.5	34	14	14	4	98	7546	98	7546	0.00314286	0.000994832	0.003	0.01	77	0	77	77	
0.4	0.5	41	15	19	4	100	2200	97	2134	0.003	0	0.003	0.003	22	0	22	22	
0.4	0.5	34	16	7	4	100	4899	100	4899	0.003	0	0.003	0.003	48.99	0.1	48	49	
0.4	0.5	43	17	1	4	100	15300	100	15300	0.003	0	0.003	0.003	153	0	153	153	
0.4	0.5	40	18	2	4	100	46900	100	46900	0.003	0	0.003	0.003	469	0	469	469	
0.4	0.5	7	19	1	4	100	20900	100	20900	0.003	0	0.003	0.003	209	0	209	209	
0.4	0.5	39	20	35	4	75	4393	76	4424	0.0030921	0.000802955	0.003	0.01	58.2105	9.03374	49	67	
0.4	0.5	55	21	12	4	100	6700	100	6700	0.003	0	0.003	0.003	67	0	67	67	
0.4	0.5	37	22	16	4	64	9792	62	9486	0.00616129	0.00351201	0.003	0.01	153	0	153	153	
0.4	0.5	55	23	3	4	81	5837	84	6068	0.00458333	0.00294614	0.003	0.01	72.2381	5.02432	67	77	
0.4	0.5	53	24	4	4	100	62097	100	62097	0.003	0	0.003	0.003	620.97	0.222702	619	621	
0.4	0.5	16	25	3	4	100	105651	100	105729	0.003	0	0.003	0.003	1057.29	6.77234	1056	1095	
0.4	0.5	5	26	10	4	49	13181	49	13181	0.003	0	0.003	0.003	269	0	269	269	
0.4	0.5	45	27	8	4	100	43683	100	43475	0.003	0	0.003	0.003	434.75	86.6027	388	597	
0.4	0.5	44	28	11	4	100	47412	100	47412	0.003	0	0.003	0.003	474.12	17.4502	469	533	
0.4	0.5	37	29	31	4	82	13202	81	13041	0.003	0	0.003	0.003	161	0	161	161	
0.4	0.5	26	30	6	4	100	74900	100	74900	0.003	0	0.003	0.003	749	0	749	749	
0.4	0.5	56	31	5	4	100	53299	100	53299	0.003	0	0.003	0.003	532.99	0.1	532	533	
0.4	0.5	34	32	21	4	100	7700	100	7700	0.003	0	0.003	0.003	77	0	77	77	
0.4	0.5	34	33	20	4	97	6085	97	6103	0.00314433	0.000999893	0.003	0.01	62.9175	7.57693	49	67	
0.4	0.5	27	34	8	4	100	31652	100	31388	0.003	0	0.003	0.003	313.88	99.6666	269	533	
0.4	0.5	2	35	4	4	100	12498	100	12498	0.003	0	0.003	0.003	124.98	0.2	123	125	
0.4	0.5	6	36	11	4	99	19899	99	19899	0.00307071	0.000703526	0.003	0.01	201	0	201	201	
0.4	0.5	46	37	2	4	81	31509	82	31898	0.00453658	0.00291524	0.003	0.01	389	0	389	389	
0.4	0.5	56	38	3	4	100	25300	100	25300	0.003	0	0.003	0.003	253	0	253	253	
0.4	0.5	39	39	6	4	72	3526	71	3477	0.00309859	0.000830747	0.003	0.01	48.9718	0.237356	47	49	
0.4	0.5	35	40	1	4	100	74900	100	74900	0.003	0	0.003	0.003	749	0	749	749	
0.4	0.5	37	41	24	4	79	9287	80	9412	0.0032625	0.00133828	0.003	0.01	117.65	12.3975	97	125	
0.4	0.5	9	42	8	4	100	38900	100	38900	0.003	0	0.003	0.003	389	0	389	389	
0.4	0.5	39	43	28	4	72	3528	72	3528	0.003	0	0.003	0.003	49	0	49	49	
0.4	0.5	54	44	4	4	100	25300	100	25300	0.003	0	0.003	0.003	253	0	253	253	
0.4	0.5	13	45	6	4	100	20900	100	20900	0.003	0	0.003	0.003	209	0	209	209	
0.4	0.5	41	46	23	4	94	17790	94	17790	0.00344681	0.00172032	0.003	0.01	189.255	10.3414	161	193	
0.4	0.5	51	47	6	4	100	20100	100	20100	0.003	0	0.003	0.003	201	0	201	201	
0.4	0.5	9	48	1	4	100	25300	100	25300	0.003	0	0.003	0.003	253	0	253	253	
0.4	0.5	39	49	39	4	72	26854	72	26854	0.003	0	0.003	0.003	372.972	0.165489	372	373	
0.4	0.5	36	50	4	4	70	103530	69	102051	0.00604348	0.00349552	0.003	0.01	1479	0	1479	1479	
0.4	0.5	31	51	5	4	100	28564	100	28700	0.003	0	0.003	0.003	287	59.1864	253	389	
0.4	0.5	26	52	1	4	100	20100	100	20100	0.003	0	0.003	0.003	201	0	201	201	
0.4	0.5	32	53	8	4	100	59700	100	59700	0.003	0	0.003	0.003	597	0	597	597	
0.4	0.5	31	54	8	4	100	22498	100	22598	0.003	0	0.003	0.003	225.98	43.5315	199	301	
0.4	0.5	6	55	6	4	100	32500	100	32500	0.003	0	0.003	0.003	325	0	325	325	
0.4	0.5	35	56	3	4	99	15541	99	15541	0.00307071	0.000703526	0.003	0.01	156.98	0.201008	155	157	
0.4	0.5	15	57	3	4	100	50100	100	50100	0.003	0	0.003	0.003	501	0	501	501	
0.4	0.5	24	58	20	4	100	23300	100	23300	0.003	0	0.003	0.003	233	0	233	233	
0.4	0.5	28	59	10	4	100	49708	100	49708	0.003	0	0.003	0.003	497.08	177.691	373	749	
0.4	0.5	12	60	5	4	100	51700	100	51700	0.003	0	0.003	0.003	517	0	517	517	
0.4	0.5	8	61	3	4	58	9274	57	9113	0.00815789	0.00310983	0.003	0.01	159.877	2.80351	153	161	
0.4	0.5	8	62	13	4	100	7700	100	7700	0.003	0	0.003	0.003	77	0	77	77	
0.4	0.5	30	63	3	4	100	53300	100	53300	0.003	0	0.003	0.003	533	0	533	533	
0.4	0.5	56	64	8	4	100	53044	100	53044	0.003	0	0.003	0.003	530.44	12.6046	469	533	
0.4	0.5	57	65	10	4	100	25298	100	25298	0.003	0	0.003	0.003	252.98	0.2	251	253	
0.4	0.5	2	66	9	4	100	23300	100	23300	0.003	0	0.003	0.003	233	0	233	233	
0.4	0.5	37	67	28	4	84	2688	83	2656	0.003	0	0.003	0.003	32	0	32	32	
0.4	0.5	37	68	33	4	59	5703	57	5509	0.00742105	0.00340665	0.003	0.01	96.6491	2.64906	77	97	
0.4	0.5	52	69	4	4	81	6236	81	6236	0.00308642	0.000777778	0.003	0.01	76.9877	0.111111	76	77	
0.4	0.5	18	70	7	4	100	65630	100	65630	0.003	0	0.003	0.003	656.3	137	533	807	
0.4	0.5	21	71	10	4	100	7700	100	7700	0.003	0	0.003	0.003	77	0	77	77	
0.4	0.5	23	72	11	4	100	18772	100	18644	0.003	0	0.003	0.003	186.44	64.2709	125	253	
0.4	0.5	37	73	1	4	83	8051	82	7954	0.003	0	0.003	0.003	97	0	97	97	
0.4	0.5	42	74	9	4	100	12500	100	12500	0.003	0	0.003	0.003	125	0	125	125	
0.4	0.5	39	75	38	4	69	2208	69	2208	0.003	0	0.003	0.003	32	0	32	32	
0.4	0.5	55	76	21	4	100	15300	100	15300	0.003	0	0.003	0.003	153	0	153	153	
0.4	0.5	7	77	7	4	100	20898	100	20898	0.003	0	0.003	0.003	208.98	0.2	207	209	
0.4	0.5	21	78	21	4	100	6700	100	6700	0.003	0	0.003	0.003	67	0	67	67	
0.4	0.5	33	79	8	4	100	80700	100	80700	0.003	0	0.003	0.003	807	0	807	807	
0.4	0.5	45	80	6	4	100	22400	100	22300	0.003	0	0.003	0.003	223	41.6333	201	301	
0.4	0.5	4	81	3	4	100	34644	100	34500	0.003	0	0.003	0.003	345	62.668	309	453	
0.4	0.5	16	82	2	4	100	23300	100	23300	0.003	0	0.003	0.003	233	0	233	233	
0.4	0.5	28	83	1	4	100	35612	100	35612	0.003	0	0.003	0.003	356.12	124.762	269	533	
0.4	0.5	37	84	10	4	83	2654	83	2654	0.003	0	0.003	0.003	31.9759	0.219529	30	32	
0.4	0.5	10	85	7	4	100	13700	100	13700	0.003	0	0.003	0.003	137	0	137	137	
0.4	0.5	20	86	1	4	100	13699	100	13699	0.003	0	0.003	0.003	136.99	0.1	136	137	
0.4	0.5	39	87	27	4	68	8498	68	8498	0.00310294	0.000848875	0.003	0.01	124.971	0.242536	123	125	
0.4	0.5	45	88	4	4	100	15356	100	15284	0.003	0	0.003	0.003	152.84	29.976	137	209	
0.4	0.5	46	89	6	4	73	20717	73	20717	0.00549315	0.00337525	0.003	0.01	283.795	33.6827	233	405	
0.4	0.5	41	90	13	4	100	4900	100	4900	0.003	0	0.003	0.003	49	0	49	49	
0.4	0.5	44	91	2	4	100	19132	100	19132	0.003	0	0.003	0.003	191.32	18.3187	157	201	
0.4	0.5	30	92	2	4	100	24052	100	24052	0.003	0	0.003	0.003	240.52	22.3202	201	253	
0.4	0.5	57	93	5	4	61	18849	61	18849	0.00736065	0.00342069	0.003	0.01	309	0	309	309	
0.4	0.5	11	94	9	4	100	53298	100	53298	0.003	0	0.003	0.003	532.98	0.2	531	533	
0.4	0.5	8	95	10	4	100	12500	100	12500	0.003	0	0.003	0.003	125	0	125	125	
0.4	0.5	5	96	19	4	49	6125	49	6125	0.003	0	0.003	0.003	125	0	125	125	
0.4	0.5	22	97	5	4	98	101358	98	101070	0.00314286	0.000994832	0.003	0.01	1031.33	60.3923	999	1143	
0.4	0.5	14	98	1	4	98	23546	98	23442	0.00314286	0.000994832	0.003	0.01	239.204	23.0758	201	253	
0.4	0.5	21	99	17	4	100	6700	100	6700	0.003	0	0.003	0.003	67	0	67	67	
0.4	0.5	21	100	2	4	100	6700	100	6700	0.003	0	0.003	0.003	67	0	67	67	
0.4	0.5	55	101	15	4	98	7546	98	7546	0.00314286	0.000994832	0.003	0.01	77	0	77	77	
0.4	0.5	11	102	5	4	77	12049	77	12049	0.005	0.00318301	0.003	0.01	156.481	3.20202	137	157	
0.4	0.5	12	103	1	4	56	17752	56	17752	0.008625	0.00280624	0.003	0.01	317	0	317	317	
0.4	0.5	44	104	7	4	100	13700	100	13700	0.003	0	0.003	0.003	137	0	137	137	
0.4	0.5	53	105	3	4	100	64500	100	64500	0.003	0	0.003	0.003	645	0	645	645	
0.4	0.5	34	106	9	4	100	3200	100	3200	0.003	0	0.003	0.003	32	0	32	32	
0.4	0.5	56	107	7	4	100	57524	100	57436	0.003	0	0.003	0.003	574.36	44.142	533	621	
0.4	0.5	43	108	7	4	100	7700	100	7700	0.003	0	0.003	0.003	77	0	77	77	
0.4	0.5	39	109	16	4	70	8750	70	8750	0.003	0	0.003	0.003	125	0	125	125	
0.4	0.5	37	110	35	4	82	10248	81	10123	0.003	0	0.003	0.003	124.975	0.222222	123	125	
0.4	0.5	25	111	2	4	100	21652	100	21652	0.003	0	0.003	0.003	216.52	64.0133	193	389	
0.4	0.5	27	112	2	4	63	8259	65	8509	0.00687692	0.00350672	0.003	0.01	130.908	27.0657	125	253	
0.4	0.5	21	113	13	4	100	6700	100	6700	0.003	0	0.003	0.003	67	0	67	67	
0.4	0.5	41	114	1	4	100	15300	100	15300	0.003	0	0.003	0.003	153	0	153	153	
0.4	0.5	25	115	11	4	97	39565	97	39565	0.00321649	0.00121815	0.003	0.01	407.887	109.655	373	749	
0.4	0.5	35	116	11	4	100	13700	100	13700	0.003	0	0.003	0.003	137	0	137	137	
0.4	0.5	21	117	5	4	100	6700	100	6700	0.003	0	0.003	0.003	67	0	67	67	
0.4	0.5	20	118	11	4	100	10094	100	10094	0.003	0	0.003	0.003	100.94	0.342893	99	101	
0.4	0.5	37	119	26	4	74	11294	75	11447	0.00384	0.00229005	0.003	0.01	152.627	3.23316	125	153	
0.4	0.5	52	120	17	4	81	6237	80	6160	0.003	0	0.003	0.003	77	0	77	77	
0.4	0.5	25	121	13	4	100	14036	100	14036	0.003	0	0.003	0.003	140.36	41.8046	125	253	
0.4	0.5	21	122	25	4	100	6700	100	6700	0.003	0	0.003	0.003	67	0	67	67	
0.4	0.5	52	123	25	4	83	2656	83	2656	0.003	0	0.003	0.003	32	0	32	32	
0.4	0.5	41	124	24	4	100	9700	100	9700	0.003	0	0.003	0.003	97	0	97	97	
0.4	0.5	18	125	9	4	100	90470	100	90470	0.003	0	0.003	0.003	904.7	173	749	1095	
0.4	0.5	21	126	4	4	94	7237	95	7314	0.0034421	0.00171176	0.003	0.01	76.9895	0.102598	76	77	
0.4	0.5	23	127	4	4	100	22944	100	22788	0.003	0	0.003	0.003	227.88	78.3302	153	309	
0.4	0.5	20	128	8	4	100	53298	100	53298	0.003	0	0.003	0.003	532.98	0.2	531	533	
0.4	0.5	2	129	1	4	97	4430	97	4430	0.00321649	0.00121815	0.003	0.01	45.6701	6.7819	32	49	
0.4	0.5	41	130	10	4	100	15300	100	15300	0.003	0	0.003	0.003	153	0	153	153	
0.4	0.5	39	131	8	4	73	4891	72	4824	0.003	0	0.003	0.003	67	0	67	67	
0.4	0.5	1	132	27	4	86	20038	85	19805	0.003	0	0.003	0.003	233	0	233	233	
0.4	0.5	32	133	2	4	100	80700	100	80700	0.003	0	0.003	0.003	807	0	807	807	
0.4	0.5	49	134	2	4	100	38900	100	38900	0.003	0	0.003	0.003	389	0	389	389	
0.4	0.5	49	135	3	4	100	20900	100	20900	0.003	0	0.003	0.003	209	0	209	209	
0.4	0.5	52	136	30	4	80	2560	79	2528	0.003	0	0.003	0.003	32	0	32	32	
0.4	0.5	54	137	2	4	97	19495	97	19495	0.00321649	0.00121815	0.003	0.01	200.979	0.203069	199	201	
0.4	0.5	47	138	3	4	51	38812	51	38812	0.00945098	0.00190067	0.003	0.01	761.02	48.3258	597	775	
0.4	0.5	54	139	1	4	100	20098	100	20098	0.003	0	0.003	0.003	200.98	0.2	199	201	
0.4	0.5	36	140	1	4	100	64499	100	64499	0.003	0	0.003	0.003	644.99	0.1	644	645	
0.4	0.5	3	141	11	4	96	10672	96	10592	0.00329167	0.00140613	0.003	0.01	110.333	39.6476	77	157	
0.4	0.5	42	142	11	4	100	16100	100	16100	0.003	0	0.003	0.003	161	0	161	161	
0.4	0.5	8	143	7	4	98	36554	98	36554	0.00314286	0.000994832	0.003	0.01	373	0	373	373	
0.4	0.5	32	144	6	4	100	59700	100	59700	0.003	0	0.003	0.003	597	0	597	597	
0.4	0.5	11	145	3	4	85	16029	83	15627	0.00426506	0.00270989	0.003	0.01	188.277	20.0696	157	201	
0.4	0.5	27	146	5	4	100	9140	100	9060	0.003	0	0.003	0.003	90.6	30.202	77	157	
0.4	0.5	27	147	11	4	98	14298	98	14170	0.00314286	0.000994832	0.003	0.01	144.592	46.3229	125	253	
0.4	0.5	4	148	7	4	97	17052	97	16976	0.00321649	0.00121815	0.003	0.01	175.01	32.4976	156	233	
0.4	0.5	42	149	5	4	55	10295	54	10102	0.00896296	0.00251008	0.003	0.01	187.074	14.3433	153	193	
0.4	0.5	40	150	8	4	100	15699	100	15699	0.003	0	0.003	0.003	156.99	0.1	156	157	
0.4	0.5	21	151	15	4	100	26900	100	26900	0.003	0	0.003	0.003	269	0	269	269	
0.4	0.5	39	152	33	4	72	3528	73	3577	0.003	0	0.003	0.003	49	0	49	49	
0.4	0.5	21	153	7	4	61	9333	58	8874	0.00782759	0.00326673	0.003	0.01	153	0	153	153	
0.4	0.5	11	154	12	4	100	32500	100	32500	0.003	0	0.003	0.003	325	0	325	325	
0.4	0.5	46	155	3	4	100	60234	100	60056	0.003	0	0.003	0.003	600.56	25.0455	597	775	
0.4	0.5	49	156	6	4	100	23300	100	23300	0.003	0	0.003	0.003	233	0	233	233	
0.4	0.5	34	157	6	4	100	30100	100	30100	0.003	0	0.003	0.003	301	0	301	301	
0.4	0.5	41	158	4	4	100	12500	100	12500	0.003	0	0.003	0.003	125	0	125	125	
0.4	0.5	8	159	6	4	100	12500	100	12500	0.003	0	0.003	0.003	125	0	125	125	
0.4	0.5	55	160	1	4	99	23067	99	23067	0.00307071	0.000703526	0.003	0.01	233	0	233	233	
0.4	0.5	44	161	8	4	100	34292	100	34164	0.003	0	0.003	0.003	341.64	28.214	325	389	
0.4	0.5	57	162	7	4	100	53298	100	53298	0.003	0	0.003	0.003	532.98	0.2	531	533	
0.4	0.5	3	163	7	4	81	41869	81	41493	0.00464197	0.00298458	0.003	0.01	512.259	182.703	373	749	
0.4	0.5	25	164	4	4	100	30067	100	30067	0.003	0	0.003	0.003	300.67	86.2258	268	533	
0.4	0.5	33	165	2	4	100	38900	100	38900	0.003	0	0.003	0.003	389	0	389	389	
0.4	0.5	54	166	7	4	100	25300	100	25300	0.003	0	0.003	0.003	253	0	253	253	
0.4	0.5	39	167	2	4	61	4697	61	4697	0.00426229	0.00271356	0.003	0.01	77	0	77	77	
0.4	0.5	17	168	8	4	96	21786	96	21682	0.00329167	0.00140613	0.003	0.01	225.854	27.0419	201	301	
0.4	0.5	51	169	7	4	100	44020	100	43860	0.003	0	0.003	0.003	438.6	39.0265	389	469	
0.4	0.5	39	170	37	4	52	9556	50	9170	0.00664	0.0035327	0.003	0.01	183.4	14.8131	161	193	
0.4	0.5	40	171	4	4	100	46900	100	46900	0.003	0	0.003	0.003	469	0	469	469	
0.4	0.5	55	172	5	4	100	3200	100	3200	0.003	0	0.003	0.003	32	0	32	32	
0.4	0.5	6	173	1	4	100	46900	100	46900	0.003	0	0.003	0.003	469	0	469	469	
0.4	0.5	51	174	2	4	100	74900	100	74900	0.003	0	0.003	0.003	749	0	749	749	
0.4	0.5	18	175	1	4	100	56242	100	56242	0.003	0	0.003	0.003	562.42	109.837	389	693	
0.4	0.5	41	176	16	4	97	4565	97	4565	0.00321649	0.00121815	0.003	0.01	47.0619	5.41567	32	49	
0.4	0.5	27	177	7	4	87	7659	88	7656	0.00403409	0.00249804	0.003	0.01	87	26.6091	77	157	
0.4	0.5	19	178	5	4	73	5571	75	5725	0.00570667	0.00343186	0.003	0.01	76.3333	10.1786	67	157	
0.4	0.5	28	179	12	4	100	13132	100	13132	0.003	0	0.003	0.003	131.32	49.1485	97	201	
0.4	0.5	12	180	2	4	100	51700	100	51700	0.003	0	0.003	0.003	517	0	517	517	
0.4	0.5	34	181	8	4	100	6700	100	6700	0.003	0	0.003	0.003	67	0	67	67	
0.4	0.5	52	182	33	4	80	10000	80	10000	0.003	0	0.003	0.003	125	0	125	125	
0.4	0.5	28	183	13	4	100	40660	100	40660	0.003	0	0.003	0.003	406.6	151.226	301	621	
0.4	0.5	30	184	10	4	100	74900	100	74900	0.003	0	0.003	0.003	749	0	749	749	
0.4	0.5	39	185	15	4	71	13637	71	13637	0.003	0	0.003	0.003	192.07	5.33271	161	193	
0.4	0.5	13	186	4	4	87	20271	86	20038	0.00405814	0.00252216	0.003	0.01	233	0	233	233	
0.4	0.5	21	187	20	4	68	5236	64	4928	0.00671875	0.00352077	0.003	0.01	77	0	77	77	
0.4	0.5	34	188	13	4	99	9603	99	9603	0.00307071	0.000703526	0.003	0.01	97	0	97	97	
0.4	0.5	44	189	1	4	100	13700	100	13700	0.003	0	0.003	0.003	137	0	137	137	
0.4	0.5	28	190	4	4	99	20987	99	20987	0.00307071	0.000703526	0.003	0.01	211.99	76.2003	153	325	
0.4	0.5	7	191	3	4	100	38900	100	38900	0.003	0	0.003	0.003	389	0	389	389	
0.4	0.5	10	192	5	4	100	20100	100	20100	0.003	0	0.003	0.003	201	0	201	201	
0.4	0.5	9	193	2	4	96	14812	95	14655	0.00329474	0.00141326	0.003	0.01	154.263	6.91008	137	157	
0.4	0.5	21	194	23	4	97	12123	98	12248	0.00321428	0.00121205	0.003	0.01	124.98	0.202031	123	125	
0.4	0.5	42	195	8	4	100	28628	100	28564	0.003	0	0.003	0.003	285.64	16.0677	269	301	
0.4	0.5	37	196	12	4	62	22766	63	23139	0.00622222	0.00351698	0.003	0.01	367.286	19.6185	301	373	
0.4	0.5	55	197	16	4	100	37297	100	37297	0.003	0	0.003	0.003	372.97	0.171447	372	373	
0.4	0.5	19	198	1	4	100	34292	100	34820	0.003	0	0.003	0.003	348.2	121.589	269	533	
0.4	0.5	30	199	4	4	78	58422	75	56175	0.00514667	0.0032495	0.003	0.01	749	0	749	749	
0.4	0.5	46	200	4	4	99	87957	99	87621	0.00307071	0.000703526	0.003	0.01	885.061	53.8126	807	1239	
0.4	0.5	38	201	7	4	100	20100	100	20100	0.003	0	0.003	0.003	201	0	201	201	
0.4	0.5	57	202	11	4	100	13700	100	13700	0.003	0	0.003	0.003	137	0	137	137	
0.4	0.5	37	203	6	4	78	5226	78	5226	0.003	0	0.003	0.003	67	0	67	67	
0.4	0.5	18	204	8	4	55	8547	56	8704	0.008625	0.00280624	0.003	0.01	155.429	9.87717	137	209	
0.4	0.5	7	205	5	4	100	105600	100	105600	0.003	0	0.003	0.003	1056	0	1056	1056	
0.4	0.5	2	206	14	4	82	16906	83	17059	0.00451807	0.00290232	0.003	0.01	205.53	18.6654	193	233	
0.4	0.5	28	207	8	4	100	25768	100	25768	0.003	0	0.003	0.003	257.68	92.626	193	389	
0.4	0.5	13	208	7	4	100	30100	100	30100	0.003	0	0.003	0.003	301	0	301	301	
0.4	0.5	26	209	9	4	100	46899	100	46899	0.003	0	0.003	0.003	468.99	0.1	468	469	
0.4	0.5	20	210	2	4	100	9076	100	9012	0.003	0	0.003	0.003	90.12	15.235	69	101	
0.4	0.5	45	211	1	4	100	15264	100	15192	0.003	0	0.003	0.003	151.92	29.8405	101	209	
0.4	0.5	25	212	6	4	100	14036	100	14036	0.003	0	0.003	0.003	140.36	41.8046	125	253	
0.4	0.5	5	213	13	4	51	3887	50	3810	0.00636	0.0035327	0.003	0.01	76.2	2.74048	67	77	
0.4	0.5	17	214	3	4	100	16004	100	16004	0.003	0	0.003	0.003	160.04	14.9679	157	233	
0.4	0.5	2	215	16	4	96	7352	96	7352	0.00329167	0.00140613	0.003	0.01	76.5833	2.00875	67	77	
0.4	0.5	6	216	7	4	100	30004	100	30004	0.003	0	0.003	0.003	300.04	20.6334	253	309	
0.4	0.5	3	217	1	4	100	33920	100	33684	0.003	0	0.003	0.003	336.84	117.737	233	469	
0.4	0.5	37	218	3	4	81	2592	80	2560	0.003	0	0.003	0.003	32	0	32	32	
0.4	0.5	43	219	11	4	100	12500	100	12500	0.003	0	0.003	0.003	125	0	125	125	
0.4	0.5	52	220	1	4	78	3820	78	3820	0.003	0	0.003	0.003	48.9744	0.226455	47	49	
0.4	0.5	38	221	3	4	100	13700	100	13700	0.003	0	0.003	0.003	137	0	137	137	
0.4	0.5	52	222	15	4	80	5360	80	5360	0.003	0	0.003	0.003	67	0	67	67	
0.4	0.5	52	223	5	4	73	5621	72	5544	0.00358333	0.00194827	0.003	0.01	77	0	77	77	
0.4	0.5	41	224	12	4	100	6700	100	6700	0.003	0	0.003	0.003	67	0	67	67	
0.4	0.5	14	225	11	4	100	15700	100	15700	0.003	0	0.003	0.003	157	0	157	157	
0.4	0.5	37	226	9	4	82	5494	82	5494	0.003	0	0.003	0.003	67	0	67	67	
0.4	0.5	34	227	11	4	100	7700	100	7700	0.003	0	0.003	0.003	77	0	77	77	
0.4	0.5	9	228	7	4	100	10100	100	10100	0.003	0	0.003	0.003	101	0	101	101	
0.4	0.5	40	229	3	4	100	20100	100	20100	0.003	0	0.003	0.003	201	0	201	201	
0.4	0.5	34	230	17	4	100	9160	100	9180	0.003	0	0.003	0.003	91.8	8.81688	77	97	
0.4	0.5	27	231	3	4	99	43319	99	42943	0.00307071	0.000703526	0.003	0.01	433.768	139.109	373	749	
0.4	0.5	8	232	12	4	100	15300	100	15300	0.003	0	0.003	0.003	153	0	153	153	
0.4	0.5	38	233	5	4	100	32500	100	32500	0.003	0	0.003	0.003	325	0	325	325	
0.4	0.5	28	234	9	4	100	16724	100	16724	0.003	0	0.003	0.003	167.24	60.4904	125	253	
0.4	0.5	42	235	3	4	100	26900	100	26900	0.003	0	0.003	0.003	269	0	269	269	
0.4	0.5	46	236	5	4	99	30111	98	29706	0.00307143	0.000707107	0.003	0.01	303.122	14.7804	301	405	
0.4	0.5	28	237	3	4	100	35612	100	35612	0.003	0	0.003	0.003	356.12	124.762	269	533	
0.4	0.5	23	238	7	4	54	7220	54	7092	0.0087037	0.00274467	0.003	0.01	131.333	35.7048	97	253	
0.4	0.5	23	239	8	4	100	34864	100	34628	0.003	0	0.003	0.003	346.28	118.5	233	469	
0.4	0.5	32	240	5	4	100	69300	100	69300	0.003	0	0.003	0.003	693	0	693	693	
0.4	0.5	55	241	19	4	100	15188	100	15188	0.003	0	0.003	0.003	151.88	5.5145	125	153	
0.4	0.5	42	242	4	4	100	6700	100	6700	0.003	0	0.003	0.003	67	0	67	67	
0.4	0.5	14	243	8	4	100	37236	100	37108	0.003	0	0.003	0.003	371.08	28.8807	325	389	
0.4	0.5	44	244	4	4	50	15146	52	15764	0.00973077	0.00135929	0.003	0.01	303.154	29.516	157	309	
0.4	0.5	56	245	2	4	100	46900	100	46900	0.003	0	0.003	0.003	469	0	469	469	
0.4	0.5	57	246	12	4	100	15700	100	15700	0.003	0	0.003	0.003	157	0	157	157	
0.4	0.5	52	247	8	4	79	3869	78	3820	0.003	0	0.003	0.003	48.9744	0.226455	47	49	
0.4	0.5	38	248	8	4	75	22279	75	22279	0.00533333	0.00332205	0.003	0.01	297.053	23.0955	253	309	
0.4	0.5	42	249	7	4	64	4758	63	4681	0.00711111	0.00347392	0.003	0.01	74.3016	4.47443	67	77	
0.4	0.5	3	250	6	4	94	21518	94	21354	0.00344681	0.00172032	0.003	0.01	227.17	81.8741	153	325	
0.4	0.5	1	251	24	4	74	10538	74	10510	0.00413513	0.00259781	0.003	0.01	142.027	13.7621	125	153	
0.4	0.5	13	252	1	4	50	13758	51	14127	0.00986274	0.000980196	0.003	0.01	277	32.8195	233	301	
0.4	0.5	11	253	2	4	100	74900	100	74900	0.003	0	0.003	0.003	749	0	749	749	
0.4	0.5	54	254	8	4	99	15543	99	15543	0.00307071	0.000703526	0.003	0.01	157	0	157	157	
0.4	0.5	39	255	9	4	70	10710	69	10557	0.003	0	0.003	0.003	153	0	153	153	
0.4	0.5	17	256	2	4	97	28357	97	28357	0.00321649	0.00121815	0.003	0.01	292.34	35.5278	253	453	
0.4	0.5	51	257	8	4	100	13700	100	13700	0.003	0	0.003	0.003	137	0	137	137	
0.4	0.5	37	258	34	4	78	2496	77	2464	0.003	0	0.003	0.003	32	0	32	32	
0.4	0.5	40	259	11	4	98	29218	98	29162	0.00314286	0.000994832	0.003	0.01	297.571	22.6857	253	309	
0.4	0.5	27	260	6	4	100	27548	100	27312	0.003	0	0.003	0.003	273.12	89.0959	233	469	
0.4	0.5	46	261	7	4	100	45804	100	45636	0.003	0	0.003	0.003	456.36	23.6385	453	621	
0.4	0.5	43	262	8	4	100	9700	100	9700	0.003	0	0.003	0.003	97	0	97	97	
0.4	0.5	51	263	4	4	77	15477	76	15276	0.00511842	0.00323715	0.003	0.01	201	0	201	201	
0.4	0.5	19	264	2	4	100	24788	100	25180	0.003	0	0.003	0.003	251.8	90.271	193	389	
0.4	0.5	21	265	18	4	78	6006	75	5775	0.00514667	0.0032495	0.003	0.01	77	0	77	77	
0.4	0.5	2	266	6	4	89	4901	90	4950	0.00393333	0.00239287	0.003	0.01	55	8.53282	49	67	
0.4	0.5	23	267	13	4	100	10130	100	10060	0.003	0	0.003	0.003	100.6	35.1482	67	137	
0.4	0.5	49	268	7	4	99	48015	100	48500	0.00307	0.0007	0.003	0.01	485	0	485	485	
0.4	0.5	35	269	7	4	100	74900	100	74900	0.003	0	0.003	0.003	749	0	749	749	
0.4	0.5	15	270	5	4	100	105600	100	105600	0.003	0	0.003	0.003	1056	0	1056	1056	
0.4	0.5	4	271	4	4	100	60424	100	60150	0.003	0	0.003	0.003	601.5	119.243	533	807	
0.4	0.5	12	272	6	4	100	51700	100	51700	0.003	0	0.003	0.003	517	0	517	517	
0.4	0.5	41	273	2	4	92	4168	92	4168	0.00360869	0.00198321	0.003	0.01	45.3043	7.05043	32	49	
0.4	0.5	34	274	22	4	100	19300	100	19300	0.003	0	0.003	0.003	193	0	193	193	
0.4	0.5	21	275	8	4	100	16100	100	16100	0.003	0	0.003	0.003	161	0	161	161	
0.4	0.5	14	276	3	4	100	15700	100	15700	0.003	0	0.003	0.003	157	0	157	157	
0.4	0.5	34	277	3	4	100	7700	100	7700	0.003	0	0.003	0.003	77	0	77	77	
0.4	0.5	32	278	7	4	100	30100	100	30100	0.003	0	0.003	0.003	301	0	301	301	
0.4	0.5	55	279	8	4	98	9506	98	9506	0.00314286	0.000994832	0.003	0.01	97	0	97	97	
0.4	0.5	44	280	6	4	100	32500	100	32500	0.003	0	0.003	0.003	325	0	325	325	
0.4	0.5	16	281	7	4	100	45300	100	45300	0.003	0	0.003	0.003	453	0	453	453	
0.4	0.5	17	282	5	4	100	19706	100	19706	0.003	0	0.003	0.003	197.06	27.2103	157	301	
0.4	0.5	6	283	3	4	100	13700	100	13700	0.003	0	0.003	0.003	137	0	137	137	
0.4	0.5	55	284	6	4	100	37297	100	37297	0.003	0	0.003	0.003	372.97	0.171447	372	373	
0.4	0.5	15	285	2	4	100	105600	100	105600	0.003	0	0.003	0.003	1056	0	1056	1056	
0.4	0.5	24	286	10	4	55	12815	54	12582	0.0087037	0.00274467	0.003	0.01	233	0	233	233	
0.4	0.5	7	287	2	4	100	20900	100	20900	0.003	0	0.003	0.003	209	0	209	209	
0.4	0.5	3	288	4	4	100	22320	100	22164	0.003	0	0.003	0.003	221.64	77.8265	153	309	
0.4	0.5	30	289	5	4	100	25300	100	25300	0.003	0	0.003	0.003	253	0	253	253	
0.4	0.5	38	290	6	4	100	74900	100	74900	0.003	0	0.003	0.003	749	0	749	749	
0.4	0.5	10	291	9	4	100	25299	100	25299	0.003	0	0.003	0.003	252.99	0.1	252	253	
0.4	0.5	34	292	10	4	100	7700	100	7700	0.003	0	0.003	0.003	77	0	77	77	
0.4	0.5	8	293	11	4	100	16100	100	16100	0.003	0	0.003	0.003	161	0	161	161	
0.4	0.5	42	294	23	4	100	6700	100	6700	0.003	0	0.003	0.003	67	0	67	67	
0.4	0.5	6	295	4	4	100	46900	100	46900	0.003	0	0.003	0.003	469	0	469	469	
0.4	0.5	37	296	23	4	80	2560	81	2592	0.003	0	0.003	0.003	32	0	32	32	
0.4	0.5	50	297	2	4	100	85692	100	85436	0.003	0	0.003	0.003	854.36	62.4425	775	903	
0.4	0.5	56	298	6	4	100	46900	100	46900	0.003	0	0.003	0.003	469	0	469	469	
0.4	0.5	16	299	8	4	100	38900	100	38900	0.003	0	0.003	0.003	389	0	389	389	
0.4	0.5	41	300	22	4	95	9055	95	9055	0.00336842	0.00157137	0.003	0.01	95.3158	5.58353	77	97	
0.4	0.5	39	301	36	4	68	3331	69	3380	0.00310145	0.000842701	0.003	0.01	48.9855	0.120386	48	49	
0.4	0.5	25	302	1	4	94	7718	94	7718	0.00344681	0.00172032	0.003	0.01	82.1064	19.6608	77	157	
0.4	0.5	57	303	6	4	100	25300	100	25300	0.003	0	0.003	0.003	253	0	253	253	
0.4	0.5	39	304	34	4	68	5236	69	5313	0.00310145	0.000842701	0.003	0.01	77	0	77	77	
0.4	0.5	18	305	2	4	100	65630	100	65630	0.003	0	0.003	0.003	656.3	137	533	807	
0.4	0.5	3	306	8	4	99	24880	99	24620	0.00307071	0.000703526	0.003	0.01	248.687	92.4891	160	389	
0.4	0.5	45	307	9	4	100	28428	100	28292	0.003	0	0.003	0.003	282.92	56.6213	253	389	
0.4	0.5	29	308	1	4	100	59700	100	59700	0.003	0	0.003	0.003	597	0	597	597	
0.4	0.5	52	309	7	4	81	5427	80	5360	0.003	0	0.003	0.003	67	0	67	67	
0.4	0.5	8	310	2	4	86	32078	86	32078	0.00422093	0.00267186	0.003	0.01	373	0	373	373	
0.4	0.5	48	311	6	4	100	105600	100	105600	0.003	0	0.003	0.003	1056	0	1056	1056	
0.4	0.5	39	312	26	4	72	2304	71	2272	0.003	0	0.003	0.003	32	0	32	32	
0.4	0.5	42	313	19	4	77	5699	77	5699	0.00509091	0.00322483	0.003	0.01	74.013	4.6069	67	77	
0.4	0.5	2	314	12	4	83	8611	84	8680	0.00441667	0.00282931	0.003	0.01	103.333	11.7845	97	125	
0.4	0.5	19	315	13	4	100	34292	100	34820	0.003	0	0.003	0.003	348.2	121.589	269	533	
0.4	0.5	1	316	10	4	86	10750	86	10750	0.003	0	0.003	0.003	125	0	125	125	
0.4	0.5	23	317	12	4	100	55724	100	55348	0.003	0	0.003	0.003	553.48	188.796	373	749	
0.4	0.5	29	318	4	4	100	77500	100	77500	0.003	0	0.003	0.003	775	0	775	775	
0.4	0.5	2	319	15	4	100	19300	100	19300	0.003	0	0.003	0.003	193	0	193	193	
0.4	0.5	11	320	11	4	100	13700	100	13700	0.003	0	0.003	0.003	137	0	137	137	
0.4	0.5	41	321	26	4	100	37300	100	37300	0.003	0	0.003	0.003	373	0	373	373	
0.4	0.5	1	322	12	4	86	32076	86	32076	0.003	0	0.003	0.003	372.977	0.151599	372	373	
0.4	0.5	44	323	3	4	99	17743	99	17655	0.00307071	0.000703526	0.003	0.01	178.333	22.1018	157	201	
0.4	0.5	36	324	6	4	100	93500	100	93500	0.003	0	0.003	0.003	935	0	935	935	
0.4	0.5	57	325	2	4	100	44180	100	44180	0.003	0	0.003	0.003	441.8	38.0876	389	469	
0.4	0.5	53	326	1	4	100	31700	100	31700	0.003	0	0.003	0.003	317	0	317	317	
0.4	0.5	53	327	2	4	100	27700	100	27700	0.003	0	0.003	0.003	277	0	277	277	
0.4	0.5	10	328	3	4	100	32500	100	32500	0.003	0	0.003	0.003	325	0	325	325	
0.4	0.5	2	329	7	4	100	8978	100	8938	0.003	0	0.003	0.003	89.38	9.74294	77	97	
0.4	0.5	13	330	3	4	100	23300	100	23300	0.003	0	0.003	0.003	233	0	233	233	
0.4	0.5	37	331	4	4	79	9651	79	9651	0.00317721	0.00110662	0.003	0.01	122.165	8.50103	97	125	
0.4	0.5	28	332	6	4	68	24948	67	24575	0.00634328	0.00352288	0.003	0.01	366.791	54.4695	301	749	
0.4	0.5	34	333	12	4	100	15300	100	15300	0.003	0	0.003	0.003	153	0	153	153	
0.4	0.5	24	334	5	4	100	37300	100	37300	0.003	0	0.003	0.003	373	0	373	373	
0.4	0.5	38	335	2	4	100	36084	100	36084	0.003	0	0.003	0.003	360.84	31.9288	325	389	
0.4	0.5	18	336	5	4	100	37124	100	37124	0.003	0	0.003	0.003	371.24	70.2373	309	453	
0.4	0.5	19	337	12	4	98	12210	98	12418	0.00314286	0.000994832	0.003	0.01	126.714	47.224	97	201	
0.4	0.5	25	338	12	4	100	7539	100	7539	0.003	0	0.003	0.003	75.39	22.8658	66	137	
0.4	0.5	23	339	6	4	100	55724	100	55348	0.003	0	0.003	0.003	553.48	188.796	373	749	
0.4	0.5	41	340	15	4	100	26900	100	26900	0.003	0	0.003	0.003	269	0	269	269	
0.4	0.5	21	341	22	4	94	7238	95	7315	0.0034421	0.00171176	0.003	0.01	77	0	77	77	
0.4	0.5	3	342	9	4	92	8754	92	8754	0.00353261	0.00186613	0.003	0.01	95.1522	34.5116	67	137	
0.4	0.5	27	343	10	4	100	7958	100	7888	0.003	0	0.003	0.003	78.88	26.4366	65	137	
0.4	0.5	10	344	2	4	100	46900	100	46900	0.003	0	0.003	0.003	469	0	469	469	
0.4	0.5	5	345	9	4	50	11650	50	11650	0.003	0	0.003	0.003	233	0	233	233	
0.4	0.5	28	346	5	4	100	13132	100	13132	0.003	0	0.003	0.003	131.32	49.1485	97	201	
0.4	0.5	52	347	13	4	82	13202	83	13363	0.003	0	0.003	0.003	161	0	161	161	
0.4	0.5	39	348	3	4	71	10863	70	10710	0.003	0	0.003	0.003	153	0	153	153	
0.4	0.5	3	349	2	4	100	54220	100	53844	0.003	0	0.003	0.003	538.44	187.582	373	749	
0.4	0.5	19	350	9	4	100	34292	100	34820	0.003	0	0.003	0.003	348.2	121.589	269	533	
0.4	0.5	31	351	3	4	73	17605	72	17300	0.005625	0.00341264	0.003	0.01	240.278	32.7058	201	389	
0.4	0.5	21	352	9	4	100	37300	100	37300	0.003	0	0.003	0.003	373	0	373	373	
0.4	0.5	27	353	9	4	96	18408	95	18083	0.00329474	0.00141326	0.003	0.01	190.347	63.196	161	325	
0.4	0.5	8	354	1	4	100	37297	100	37297	0.003	0	0.003	0.003	372.97	0.171447	372	373	
0.4	0.5	34	355	18	4	100	7700	100	7700	0.003	0	0.003	0.003	77	0	77	77	
0.4	0.5	40	356	5	4	99	34223	99	34095	0.00307071	0.000703526	0.003	0.01	344.394	29.562	325	389	
0.4	0.5	57	357	3	4	55	16511	55	16511	0.0086	0.00282581	0.003	0.01	300.2	50.0572	201	325	
0.4	0.5	52	358	2	4	81	7857	81	7857	0.003	0	0.003	0.003	97	0	97	97	
0.4	0.5	40	359	7	4	100	46900	100	46900	0.003	0	0.003	0.003	469	0	469	469	
0.4	0.5	33	360	7	4	81	37557	79	36395	0.00468354	0.00301085	0.003	0.01	460.696	42.0099	389	485	
0.4	0.5	37	361	20	4	75	9375	77	9625	0.00363636	0.00202555	0.003	0.01	125	0	125	125	
0.4	0.5	35	362	9	4	100	53300	100	53300	0.003	0	0.003	0.003	533	0	533	533	
0.4	0.5	48	363	5	4	92	28204	93	28441	0.00360215	0.00197341	0.003	0.01	305.817	18.0488	277	317	
0.4	0.5	21	364	1	4	98	18914	98	18914	0.00321428	0.00121205	0.003	0.01	193	0	193	193	
0.4	0.5	47	365	4	4	100	105600	100	105600	0.003	0	0.003	0.003	1056	0	1056	1056	
0.4	0.5	41	366	18	4	100	19300	100	19300	0.003	0	0.003	0.003	193	0	193	193	
0.4	0.5	4	367	6	4	58	8962	56	8648	0.008375	0.00298214	0.003	0.01	154.429	13.3524	137	233	
0.4	0.5	3	368	5	4	100	9850	100	9780	0.003	0	0.003	0.003	97.8	34.9221	67	137	
0.4	0.5	4	369	2	4	66	10666	66	10666	0.0065	0.00352682	0.003	0.01	161.606	18.273	157	233	
0.4	0.5	52	370	11	4	78	15054	78	15054	0.003	0	0.003	0.003	193	0	193	193	
0.4	0.5	41	371	8	4	70	8414	69	8289	0.00614493	0.00350745	0.003	0.01	120.13	10.6907	97	125	
0.4	0.5	7	372	4	4	100	22772	100	22772	0.003	0	0.003	0.003	227.72	9.992	209	233	
0.4	0.5	39	373	1	4	70	4690	70	4690	0.003	0	0.003	0.003	67	0	67	67	
0.4	0.5	47	374	1	4	100	77500	100	77500	0.003	0	0.003	0.003	775	0	775	775	
0.4	0.5	30	375	11	4	100	74900	100	74900	0.003	0	0.003	0.003	749	0	749	749	
0.4	0.5	21	376	24	4	100	19300	100	19300	0.003	0	0.003	0.003	193	0	193	193	
0.4	0.5	37	377	30	4	68	25364	67	24991	0.00508955	0.0032274	0.003	0.01	373	0	373	373	
0.4	0.5	45	378	2	4	100	17447	100	17371	0.003	0	0.003	0.003	173.71	31.6468	156	233	
0.4	0.5	52	379	26	4	80	5360	80	5360	0.003	0	0.003	0.003	67	0	67	67	
0.4	0.5	11	380	10	4	100	74900	100	74900	0.003	0	0.003	0.003	749	0	749	749	
0.4	0.5	22	381	2	4	100	96444	100	96444	0.003	0	0.003	0.003	964.44	74.1356	807	999	
0.4	0.5	57	382	9	4	100	10100	100	10100	0.003	0	0.003	0.003	101	0	101	101	
0.4	0.5	52	383	27	4	78	7566	78	7566	0.003	0	0.003	0.003	97	0	97	97	
0.4	0.5	55	384	14	4	97	4753	98	4802	0.00321428	0.00121205	0.003	0.01	49	0	49	49	
0.4	0.5	42	385	6	4	100	6700	100	6700	0.003	0	0.003	0.003	67	0	67	67	
0.4	0.5	31	386	2	4	89	15493	90	15802	0.00385555	0.00230564	0.003	0.01	175.578	32.8445	157	233	
0.4	0.5	37	387	14	4	78	29090	79	29463	0.003	0	0.003	0.003	372.949	0.272629	371	373	
0.4	0.5	39	388	32	4	70	4690	71	4757	0.003	0	0.003	0.003	67	0	67	67	
0.4	0.5	55	389	26	4	100	7700	100	7700	0.003	0	0.003	0.003	77	0	77	77	
0.4	0.5	52	390	16	4	77	5569	76	5502	0.00327631	0.00137209	0.003	0.01	72.3947	5.01751	67	77	
0.4	0.5	27	391	12	4	100	44068	100	43692	0.003	0	0.003	0.003	436.92	141.949	373	749	
0.4	0.5	55	392	20	4	100	15300	100	15300	0.003	0	0.003	0.003	153	0	153	153	
0.4	0.5	16	393	6	4	100	105651	100	105729	0.003	0	0.003	0.003	1057.29	6.77234	1056	1095	
0.4	0.5	55	394	2	4	98	4800	98	4800	0.00314286	0.000994832	0.003	0.01	48.9796	0.202031	47	49	
0.4	0.5	51	395	3	4	100	74900	100	74900	0.003	0	0.003	0.003	749	0	749	749	
0.4	0.5	50	396	4	4	100	59700	100	59700	0.003	0	0.003	0.003	597	0	597	597	
0.4	0.5	54	397	3	4	100	53300	100	53298	0.003	0	0.003	0.003	532.98	0.2	531	533	
0.4	0.5	28	398	2	4	100	31087	100	31087	0.003	0	0.003	0.003	310.87	111.536	232	469	
0.4	0.5	25	399	8	4	97	9876	96	9779	0.00321875	0.00122434	0.003	0.01	101.865	30.4771	77	201	
0.4	0.5	40	400	9	4	100	32499	100	32499	0.003	0	0.003	0.003	324.99	0.1	324	325	
0.4	0.5	35	401	8	4	100	20100	100	20100	0.003	0	0.003	0.003	201	0	201	201	
0.4	0.5	4	402	1	4	100	22699	100	22599	0.003	0	0.003	0.003	225.99	43.5021	201	301	
0.4	0.5	9	403	4	4	100	32500	100	32500	0.003	0	0.003	0.003	325	0	325	325	
0.4	0.5	34	404	15	4	100	30100	100	30100	0.003	0	0.003	0.003	301	0	301	301	
0.4	0.5	33	405	5	4	100	105715	100	105793	0.003	0	0.003	0.003	1057.93	8.45697	1056	1095	
0.4	0.5	21	406	11	4	100	26900	100	26900	0.003	0	0.003	0.003	269	0	269	269	
0.4	0.5	8	407	5	4	100	6700	100	6700	0.003	0	0.003	0.003	67	0	67	67	
0.4	0.5	35	408	5	4	100	37235	100	37235	0.003	0	0.003	0.003	372.35	28.2311	324	389	
0.4	0.5	29	409	3	4	49	37975	51	39525	0.01	0	0.01	0.01	775	0	775	775	
0.4	0.5	21	410	6	4	100	5908	100	5872	0.003	0	0.003	0.003	58.72	9.01635	49	67	
0.4	0.5	31	411	4	4	93	18817	93	18805	0.00352688	0.00185678	0.003	0.01	202.204	33.131	157	301	
0.4	0.5	25	412	7	4	100	14036	100	14036	0.003	0	0.003	0.003	140.36	41.8046	125	253	
0.4	0.5	31	413	6	4	100	28564	100	28700	0.003	0	0.003	0.003	287	59.1864	253	389	
0.4	0.5	39	414	29	4	70	17642	71	17839	0.003	0	0.003	0.003	251.254	18.1263	233	269	
0.4	0.5	35	415	10	4	100	13700	100	13700	0.003	0	0.003	0.003	137	0	137	137	
0.4	0.5	55	416	10	4	100	23300	100	23300	0.003	0	0.003	0.003	233	0	233	233	
0.4	0.5	40	417	10	4	68	12588	69	12725	0.00634783	0.00352231	0.003	0.01	184.42	25.8528	137	201	
0.4	0.5	34	418	23	4	100	7700	100	7700	0.003	0	0.003	0.003	77	0	77	77	
0.4	0.5	26	419	7	4	72	50856	70	49358	0.0059	0.00347308	0.003	0.01	705.114	61.1957	621	749	
0.4	0.5	36	420	5	4	100	105600	100	105600	0.003	0	0.003	0.003	1056	0	1056	1056	
0.4	0.5	38	421	4	4	100	38900	100	38900	0.003	0	0.003	0.003	389	0	389	389	
0.4	0.5	42	422	10	4	97	18177	97	18177	0.00321649	0.00121815	0.003	0.01	187.392	12.2292	161	193	
0.4	0.5	13	423	5	4	100	38900	100	38900	0.003	0	0.003	0.003	389	0	389	389	
0.4	0.5	37	424	29	4	80	3920	79	3871	0.003	0	0.003	0.003	49	0	49	49	
0.4	0.5	2	425	5	4	93	10113	94	10210	0.00359574	0.00196375	0.003	0.01	108.617	13.8697	97	125	
0.4	0.5	20	426	10	4	100	20100	100	20100	0.003	0	0.003	0.003	201	0	201	201	
0.4	0.5	39	427	11	4	68	8360	69	8485	0.0032029	0.00118296	0.003	0.01	122.971	7.3123	97	125	
0.4	0.5	33	428	4	4	100	69300	100	69300	0.003	0	0.003	0.003	693	0	693	693	
0.4	0.5	52	429	31	4	77	12395	77	12395	0.003	0	0.003	0.003	160.974	0.227921	159	161	
0.4	0.5	56	430	4	4	100	25300	100	25300	0.003	0	0.003	0.003	253	0	253	253	
0.4	0.5	46	431	1	4	52	24210	51	23725	0.00945098	0.00190067	0.003	0.01	465.196	68.4132	233	485	
0.4	0.5	9	432	3	4	100	32500	100	32500	0.003	0	0.003	0.003	325	0	325	325	
0.4	0.5	19	433	4	4	100	19668	100	19979	0.003	0	0.003	0.003	199.79	71.833	153	309	
0.4	0.5	4	434	8	4	100	44308	100	44100	0.003	0	0.003	0.003	441	90.5204	389	597	
0.4	0.5	39	435	14	4	70	8748	70	8748	0.003	0	0.003	0.003	124.971	0.239046	123	125	
0.4	0.5	49	436	5	4	100	90300	100	90300	0.003	0	0.003	0.003	903	0	903	903	
0.4	0.5	55	437	24	4	100	19300	100	19300	0.003	0	0.003	0.003	193	0	193	193	
0.4	0.5	29	438	2	4	100	105600	100	105600	0.003	0	0.003	0.003	1056	0	1056	1056	
0.4	0.5	39	439	12	4	47	4229	46	4132	0.00786956	0.00325651	0.003	0.01	89.8261	12.938	67	97	
0.4	0.5	20	440	6	4	99	14823	100	14940	0.00307	0.0007	0.003	0.01	149.4	9.75663	137	157	
0.4	0.5	1	441	4	4	86	13846	86	13846	0.003	0	0.003	0.003	161	0	161	161	
0.4	0.5	42	442	14	4	100	26900	100	26900	0.003	0	0.003	0.003	269	0	269	269	
0.4	0.5	19	443	3	4	100	9940	100	10100	0.003	0	0.003	0.003	101	36.8453	77	157	
0.4	0.5	45	444	5	4	51	23919	51	23919	0.00958823	0.00166345	0.003	0.01	469	0	469	469	
0.4	0.5	14	445	7	4	75	18091	74	17734	0.00536486	0.00333341	0.003	0.01	239.649	22.8709	201	253	
0.4	0.5	54	446	5	4	100	13700	100	13700	0.003	0	0.003	0.003	137	0	137	137	
0.4	0.5	20	447	5	4	100	74900	100	74900	0.003	0	0.003	0.003	749	0	749	749	
0.4	0.5	37	448	13	4	81	30211	82	30584	0.003	0	0.003	0.003	372.976	0.155207	372	373	
0.4	0.5	37	449	21	4	82	30586	83	30959	0.003	0	0.003	0.003	373	0	373	373	
0.4	0.5	38	450	9	4	100	19572	100	19572	0.003	0	0.003	0.003	195.72	14.3703	157	201	
0.4	0.5	57	451	4	4	100	10100	100	10100	0.003	0	0.003	0.003	101	0	101	101	
0.4	0.5	49	452	1	4	100	30100	100	30100	0.003	0	0.003	0.003	301	0	301	301	
0.4	0.5	19	453	10	4	100	47828	100	48580	0.003	0	0.003	0.003	485.8	173.173	373	749	
0.4	0.5	16	454	4	4	100	48500	100	48500	0.003	0	0.003	0.003	485	0	485	485	
0.4	0.5	41	455	21	4	94	15046	94	15046	0.00344681	0.00172032	0.003	0.01	160.064	2.58535	153	161	
0.4	0.5	18	456	4	4	52	8600	52	8524	0.00946154	0.00188348	0.003	0.01	163.923	22.9183	137	233	
0.4	0.5	33	457	3	4	100	56788	100	56564	0.003	0	0.003	0.003	565.64	50.5412	485	597	
0.4	0.5	38	458	1	4	100	20098	100	20098	0.003	0	0.003	0.003	200.98	0.2	199	201	
0.4	0.5	31	459	7	4	100	83204	100	83550	0.003	0	0.003	0.003	835.5	150.577	749	1095	
0.4	0.5	9	460	10	4	100	37746	100	37746	0.003	0	0.003	0.003	377.46	24.7033	325	389	
0.4	0.5	11	461	4	4	100	10100	100	10100	0.003	0	0.003	0.003	101	0	101	101	
0.4	0.5	55	462	27	4	100	12498	100	12498	0.003	0	0.003	0.003	124.98	0.2	123	125	
0.4	0.5	39	463	7	4	74	9250	73	9125	0.003	0	0.003	0.003	125	0	125	125	
0.4	0.5	42	464	17	4	100	22020	100	22020	0.003	0	0.003	0.003	220.2	18.753	193	233	
0.4	0.5	39	465	25	4	69	16077	69	16077	0.003	0	0.003	0.003	233	0	233	233	
0.4	0.5	20	466	3	4	100	13698	100	13698	0.003	0	0.003	0.003	136.98	0.2	135	137	
0.4	0.5	2	467	3	4	100	4900	100	4900	0.003	0	0.003	0.003	49	0	49	49	
0.4	0.5	17	468	7	4	76	16832	75	16579	0.00542667	0.00335379	0.003	0.01	221.053	33.3012	157	389	
0.4	0.5	4	469	9	4	100	28836	100	28700	0.003	0	0.003	0.003	287	59.1864	253	389	
0.4	0.5	42	470	1	4	96	13484	96	13456	0.00336458	0.00156353	0.003	0.01	140.167	14.0245	125	153	
0.4	0.5	35	471	4	4	99	18843	99	18843	0.00307071	0.000703526	0.003	0.01	190.333	18.9521	157	201	
0.4	0.5	26	472	8	4	100	25300	100	25300	0.003	0	0.003	0.003	253	0	253	253	
0.4	0.5	11	473	8	4	100	25300	100	25300	0.003	0	0.003	0.003	253	0	253	253	
0.4	0.5	41	474	25	4	100	3198	100	3198	0.003	0	0.003	0.003	31.98	0.2	30	32	
0.4	0.5	10	475	10	4	100	32498	100	32498	0.003	0	0.003	0.003	324.98	0.2	323	325	
0.4	0.5	52	476	18	4	81	6237	81	6237	0.003	0	0.003	0.003	77	0	77	77	
0.4	0.5	9	477	9	4	99	44991	99	44991	0.00307071	0.000703526	0.003	0.01	454.455	31.0126	389	469	
0.4	0.5	42	478	2	4	69	25737	69	25737	0.00604348	0.00349552	0.003	0.01	373	0	373	373	
0.4	0.5	28	479	11	4	100	49708	100	49708	0.003	0	0.003	0.003	497.08	177.691	373	749	
0.4	0.5	28	480	7	4	100	10340	100	10340	0.003	0	0.003	0.003	103.4	37.8065	77	157	
0.4	0.5	56	481	1	4	100	25300	100	25300	0.003	0	0.003	0.003	253	0	253	253	
0.4	0.5	20	482	9	4	100	38900	100	38900	0.003	0	0.003	0.003	389	0	389	389	
0.4	0.5	30	483	6	4	87	17223	85	16821	0.00398823	0.00245189	0.003	0.01	197.894	11.3369	157	201	
0.4	0.5	2	484	2	4	75	24663	77	25337	0.00536364	0.0033321	0.003	0.01	329.052	35.3419	301	373	
0.4	0.5	8	485	8	4	100	37297	100	37297	0.003	0	0.003	0.003	372.97	0.171447	372	373	
0.4	0.5	52	486	19	4	77	5159	77	5159	0.003	0	0.003	0.003	67	0	67	67	
0.4	0.5	11	487	7	4	100	32499	100	32499	0.003	0	0.003	0.003	324.99	0.1	324	325	
0.4	0.5	22	488	3	4	68	32498	70	33500	0.0063	0.00351951	0.003	0.01	478.571	45.1097	389	501	
0.4	0.5	2	489	17	4	98	15616	98	15608	0.00314286	0.000994832	0.003	0.01	159.265	3.34464	151	161	
0.4	0.5	37	490	32	4	81	2592	81	2592	0.003	0	0.003	0.003	32	0	32	32	
0.4	0.5	39	491	30	4	70	2240	71	2272	0.003	0	0.003	0.003	32	0	32	32	
0.4	0.5	35	492	6	4	91	12467	91	12467	0.00376923	0.0022014	0.003	0.01	137	0	137	137	
0.4	0.5	39	493	13	4	70	11270	71	11431	0.003	0	0.003	0.003	161	0	161	161	
0.4	0.5	42	494	22	4	97	20801	96	20488	0.00321875	0.00122434	0.003	0.01	213.417	20.1006	193	233	
0.4	0.5	39	495	22	4	72	5543	72	5543	0.003	0	0.003	0.003	76.9861	0.117851	76	77	
0.4	0.5	8	496	4	4	100	6700	100	6700	0.003	0	0.003	0.003	67	0	67	67	
0.4	0.5	30	497	8	4	100	53300	100	53300	0.003	0	0.003	0.003	533	0	533	533	
0.4	0.5	24	498	4	4	67	6217	66	6120	0.00660606	0.0035252	0.003	0.01	92.7273	8.30115	75	97	
0.4	0.5	30	499	1	4	100	53300	100	53300	0.003	0	0.003	0.003	533	0	533	533	
0.4	0.5	21	500	19	4	100	6700	100	6700	0.003	0	0.003	0.003	67	0	67	67	
0.4	0.5	56	501	9	4	100	20099	100	20099	0.003	0	0.003	0.003	200.99	0.1	200	201	
0.4	0.5	54	502	9	4	100	74900	100	74900	0.003	0	0.003	0.003	749	0	749	749	
0.4	0.5	45	503	3	4	54	10854	55	11055	0.00872727	0.00272475	0.003	0.01	201	0	201	201	
0.4	0.5	3	504	10	4	100	54220	100	53844	0.003	0	0.003	0.003	538.44	187.582	373	749	
0.4	0.5	22	505	4	4	100	105600	100	105600	0.003	0	0.003	0.003	1056	0	1056	1056	
0.4	0.5	4	506	5	4	93	32513	95	32971	0.00351579	0.0018385	0.003	0.01	347.063	55.5326	309	485	
0.4	0.5	40	507	1	4	100	25299	100	25299	0.003	0	0.003	0.003	252.99	0.1	252	253	
0.4	0.5	8	508	9	4	100	9700	100	9700	0.003	0	0.003	0.003	97	0	97	97	
0.4	0.5	45	509	7	4	100	15356	100	15284	0.003	0	0.003	0.003	152.84	29.976	137	209	
0.4	0.5	53	510	5	4	100	51700	100	51700	0.003	0	0.003	0.003	517	0	517	517	
0.4	0.5	18	511	3	4	51	8399	56	9412	0.009125	0.00233598	0.003	0.01	168.071	27.9115	137	233	
0.4	0.5	26	512	2	4	100	29667	100	29667	0.003	0	0.003	0.003	296.67	23.3095	253	309	
0.4	0.5	35	513	12	4	100	15179	100	15179	0.003	0	0.003	0.003	151.79	8.83439	136	157	
0.4	0.5	48	514	2	4	100	62100	100	62100	0.003	0	0.003	0.003	621	0	621	621	
0.4	0.5	43	515	3	4	100	37300	100	37300	0.003	0	0.003	0.003	373	0	373	373	
0.4	0.5	50	516	1	4	100	105600	100	105600	0.003	0	0.003	0.003	1056	0	1056	1056	
0.4	0.5	52	517	10	4	81	10125	81	10125	0.003	0	0.003	0.003	125	0	125	125	
0.4	0.5	39	518	5	4	69	5313	68	5236	0.00310294	0.000848875	0.003	0.01	77	0	77	77	
0.4	0.5	5	519	26	4	54	10422	54	10422	0.003	0	0.003	0.003	193	0	193	193	
0.4	0.5	1	520	9	4	100	23300	100	23300	0.003	0	0.003	0.003	233	0	233	233	
0.4	0.5	19	521	6	4	100	29908	100	30380	0.003	0	0.003	0.003	303.8	108.694	233	469	
0.4	0.5	30	522	7	4	100	15700	100	15700	0.003	0	0.003	0.003	157	0	157	157	
0.4	0.5	52	523	29	4	82	4018	82	4018	0.003	0	0.003	0.003	49	0	49	49	
0.4	0.5	14	524	10	4	100	18956	100	18868	0.003	0	0.003	0.003	188.68	19.8555	157	201	
0.4	0.5	27	525	14	4	52	5356	52	5356	0.00959615	0.00164805	0.003	0.01	103	24.4853	97	201	
0.4	0.5	37	526	5	4	80	10000	80	10000	0.003	0	0.003	0.003	125	0	125	125	
0.4	0.5	11	527	6	4	65	20885	67	21535	0.00665672	0.00352288	0.003	0.01	321.418	6.71982	309	325	
0.4	0.5	43	528	4	4	100	9700	100	9700	0.003	0	0.003	0.003	97	0	97	97	
0.4	0.5	16	529	5	4	100	23300	100	23300	0.003	0	0.003	0.003	233	0	233	233	
0.4	0.5	14	530	2	4	100	46900	100	46900	0.003	0	0.003	0.003	469	0	469	469	
0.4	0.5	32	531	4	4	100	48500	100	48500	0.003	0	0.003	0.003	485	0	485	485	
0.4	0.5	44	532	9	4	100	31348	100	31316	0.003	0	0.003	0.003	313.16	7.0535	309	325	
0.4	0.5	23	533	10	4	55	7035	54	6734	0.0087037	0.00274467	0.003	0.01	124.704	31.0019	77	253	
0.4	0.5	51	534	1	4	100	25300	100	25300	0.003	0	0.003	0.003	253	0	253	253	
0.4	0.5	55	535	9	4	100	15300	100	15300	0.003	0	0.003	0.003	153	0	153	153	
0.4	0.5	11	536	1	4	100	30788	100	30788	0.003	0	0.003	0.003	307.88	7.8795	253	309	
0.4	0.5	12	537	4	4	100	31698	100	31698	0.003	0	0.003	0.003	316.98	0.2	315	317	
0.4	0.5	43	538	13	4	100	12498	100	12498	0.003	0	0.003	0.003	124.98	0.2	123	125	
0.4	0.5	26	539	5	4	97	24541	97	24541	0.00321649	0.00121815	0.003	0.01	253	0	253	253	
0.4	0.5	14	540	12	4	100	74900	100	74900	0.003	0	0.003	0.003	749	0	749	749	
0.4	0.5	34	541	1	4	100	4900	100	4900	0.003	0	0.003	0.003	49	0	49	49	
0.4	0.5	39	542	10	4	63	5671	64	5748	0.00398437	0.00245268	0.003	0.01	89.8125	9.67221	77	97	
0.4	0.5	47	543	2	4	51	38991	51	38991	0.00958823	0.00166345	0.003	0.01	764.529	42.2991	597	775	
0.4	0.5	2	544	10	4	99	9603	99	9603	0.00307071	0.000703526	0.003	0.01	97	0	97	97	
0.4	0.5	36	545	2	4	100	38916	100	38916	0.003	0	0.003	0.003	389.16	33.9788	317	405	
0.4	0.5	44	546	5	4	100	46900	100	46900	0.003	0	0.003	0.003	469	0	469	469	
0.4	0.5	34	547	19	4	100	12498	100	12498	0.003	0	0.003	0.003	124.98	0.2	123	125	
0.4	0.5	41	548	5	4	78	13054	79	13167	0.00494937	0.00315781	0.003	0.01	166.671	19.0934	153	193	
0.4	0.5	41	549	11	4	100	16100	100	16100	0.003	0	0.003	0.003	161	0	161	161	
0.4	0.5	48	550	4	4	100	64498	100	64498	0.003	0	0.003	0.003	644.98	0.2	643	645	
0.4	0.5	2	551	18	4	100	14740	100	14712	0.003	0	0.003	0.003	147.12	11.4621	125	153	
0.4	0.5	53	552	6	4	100	93500	100	93500	0.003	0	0.003	0.003	935	0	935	935	
0.4	0.5	37	553	25	4	77	12381	78	12542	0.00317949	0.00111359	0.003	0.01	160.795	1.27268	153	161	
0.4	0.5	36	554	3	4	100	40500	100	40500	0.003	0	0.003	0.003	405	0	405	405	
0.4	0.5	2	555	8	4	100	6700	100	6700	0.003	0	0.003	0.003	67	0	67	67	
0.4	0.5	30	556	9	4	50	7809	52	8124	0.00973077	0.00135929	0.003	0.01	156.231	3.88368	137	157	
0.4	0.5	19	557	7	4	100	6356	100	6460	0.003	0	0.003	0.003	64.6	23.9494	49	101	
0.4	0.5	31	558	9	4	63	9471	59	8863	0.00762712	0.00334199	0.003	0.01	150.22	9.54855	137	157	
0.4	0.5	55	559	11	4	82	10250	83	10375	0.00460241	0.00295882	0.003	0.01	125	0	125	125	
0.4	0.5	48	560	3	4	100	106300	100	106300	0.003	0	0.003	0.003	1063	0	1063	1063	
0.4	0.5	37	561	15	4	76	2432	76	2432	0.00346053	0.00174693	0.003	0.01	32	0	32	32	
0.4	0.5	2	562	11	4	100	4900	100	4900	0.003	0	0.003	0.003	49	0	49	49	
0.4	0.5	50	563	3	4	100	105578	100	105354	0.003	0	0.003	0.003	1053.54	102.83	967	1191	
0.4	0.5	52	564	12	4	81	10125	81	10125	0.003	0	0.003	0.003	125	0	125	125	
0.4	0.5	22	565	1	4	71	34115	70	33614	0.0059	0.00347308	0.003	0.01	480.2	43.8686	389	501	
0.4	0.5	2	566	21	4	93	6921	93	6911	0.00352688	0.00185678	0.003	0.01	74.3118	4.45748	67	77	
0.4	0.5	7	567	6	4	100	68340	100	68340	0.003	0	0.003	0.003	683.4	28.9451	597	693	
0.4	0.5	55	568	22	4	94	15062	96	15384	0.0034375	0.00170332	0.003	0.01	160.25	5.16873	125	161	
0.4	0.5	26	569	4	4	100	25299	100	25299	0.003	0	0.003	0.003	252.99	0.1	252	253	
0.4	0.5	52	570	3	4	82	7954	82	7954	0.003	0	0.003	0.003	97	0	97	97	
0.4	0.5	39	571	4	4	73	27229	72	26856	0.003	0	0.003	0.003	373	0	373	373	
0.4	0.5	51	572	5	4	100	32500	100	32500	0.003	0	0.003	0.003	325	0	325	325	
0.4	0.5	10	573	1	4	100	25299	100	25299	0.003	0	0.003	0.003	252.99	0.1	252	253	
0.4	0.5	25	574	9	4	100	18067	100	18068	0.003	0	0.003	0.003	180.68	53.5622	161	325	
0.4	0.5	54	575	6	4	100	30900	100	30900	0.003	0	0.003	0.003	309	0	309	309	
0.4	0.5	17	576	1	4	100	76284	100	76284	0.003	0	0.003	0.003	762.84	68.1434	749	1095	
0.4	0.5	42	577	13	4	100	12500	100	12500	0.003	0	0.003	0.003	125	0	125	125	
0.4	0.5	23	578	2	4	99	28515	99	28319	0.00307071	0.000703526	0.003	0.01	286.051	98.373	193	389	
0.4	0.5	3	579	12	4	100	38778	100	38514	0.003	0	0.003	0.003	385.14	131.684	269	533	
0.4	0.5	20	580	7	4	100	20100	100	20100	0.003	0	0.003	0.003	201	0	201	201	
0.4	0.5	52	581	21	4	82	30586	83	30959	0.003	0	0.003	0.003	373	0	373	373	
0.4	0.5	10	582	6	4	99	19899	99	19899	0.00307071	0.000703526	0.003	0.01	201	0	201	201	
0.4	0.5	52	583	6	4	83	10374	83	10374	0.003	0	0.003	0.003	124.988	0.109764	124	125	
0.4	0.5	57	584	8	4	49	15141	51	15759	0.01	0	0.01	0.01	309	0	309	309	
0.4	0.5	34	585	5	4	100	12500	100	12500	0.003	0	0.003	0.003	125	0	125	125	
0.4	0.5	6	586	10	4	100	13700	100	13700	0.003	0	0.003	0.003	137	0	137	137	
0.4	0.5	43	587	14	4	100	23300	100	23300	0.003	0	0.003	0.003	233	0	233	233	
0.4	0.5	39	588	40	4	70	3430	70	3430	0.003	0	0.003	0.003	49	0	49	49	
0.4	0.5	34	589	2	4	100	37297	100	37297	0.003	0	0.003	0.003	372.97	0.171447	372	373	
0.4	0.5	33	590	6	4	74	27378	73	26813	0.00549315	0.00337525	0.003	0.01	367.301	38.192	301	389	
0.4	0.5	33	591	1	4	100	23300	100	23300	0.003	0	0.003	0.003	233	0	233	233	
0.4	0.5	14	592	6	4	98	49546	98	49418	0.00314286	0.000994832	0.003	0.01	504.265	31.9966	469	533	
0.4	0.5	21	593	3	4	100	6700	100	6700	0.003	0	0.003	0.003	67	0	67	67	
0.4	0.5	5	594	36	4	50	6250	50	6250	0.003	0	0.003	0.003	125	0	125	125	
0.4	0.5	19	595	8	4	100	16084	100	16340	0.003	0	0.003	0.003	163.4	58.9525	125	253	
0.4	0.5	37	596	11	4	75	5754	75	5754	0.00412	0.00258352	0.003	0.01	76.72	1.62381	67	77	
0.4	0.5	1	597	1	4	100	16100	100	16100	0.003	0	0.003	0.003	161	0	161	161	
0.4	0.5	44	598	10	4	100	46900	100	46900	0.003	0	0.003	0.003	469	0	469	469	
0.4	0.5	42	599	18	4	100	12498	100	12498	0.003	0	0.003	0.003	124.98	0.2	123	125	
0.4	0.5	52	600	32	4	82	6314	82	6314	0.0032561	0.00132228	0.003	0.01	77	0	77	77	
0.4	0.5	52	601	23	4	79	29467	78	29094	0.00326923	0.00135487	0.003	0.01	373	0	373	373	
0.4	0.5	23	602	9	4	100	39836	100	39572	0.003	0	0.003	0.003	395.72	132.559	269	533	
0.4	0.5	26	603	3	4	100	13698	100	13698	0.003	0	0.003	0.003	136.98	0.2	135	137	
0.4	0.5	42	604	20	4	61	9841	59	9583	0.00774576	0.00329887	0.003	0.01	162.424	26.8407	97	193	
0.4	0.5	18	605	6	4	100	19120	100	19120	0.003	0	0.003	0.003	191.2	38	157	233	
0.4	0.5	39	606	31	4	71	3479	72	3528	0.003	0	0.003	0.003	49	0	49	49	
0.4	0.5	31	607	1	4	100	34354	100	34498	0.003	0	0.003	0.003	344.98	62.6335	309	453	
0.4	0.5	35	608	2	4	63	9591	63	9591	0.00711111	0.00347392	0.003	0.01	152.238	8.58678	137	157	
0.4	0.5	21	609	27	4	100	3200	100	3200	0.003	0	0.003	0.003	32	0	32	32	
0.4	0.5	14	610	4	4	94	17838	94	17750	0.00344681	0.00172032	0.003	0.01	188.83	19.7874	157	201	
0.4	0.5	3	611	13	4	92	20719	90	20241	0.00362222	0.00200324	0.003	0.01	224.9	79.0471	152	325	
0.4	0.5	2	612	13	4	100	16100	100	16100	0.003	0	0.003	0.003	161	0	161	161	
0.4	0.5	51	613	9	4	100	30900	100	30900	0.003	0	0.003	0.003	309	0	309	309	
0.4	0.5	41	614	17	4	100	4899	100	4899	0.003	0	0.003	0.003	48.99	0.1	48	49	
0.4	0.5	32	615	1	4	100	59699	100	59699	0.003	0	0.003	0.003	596.99	0.1	596	597	
0.4	0.5	42	616	16	4	100	19300	100	19300	0.003	0	0.003	0.003	193	0	193	193	
0.4	0.5	17	617	9	4	100	13988	100	13988	0.003	0	0.003	0.003	139.88	14.1801	137	209	
0.4	0.5	49	618	4	4	100	69300	100	69300	0.003	0	0.003	0.003	693	0	693	693	
0.4	0.5	23	619	1	4	100	55724	100	55348	0.003	0	0.003	0.003	553.48	188.796	373	749	
0.4	0.5	40	620	6	4	100	25299	100	25299	0.003	0	0.003	0.003	252.99	0.1	252	253	
0.4	0.5	27	621	4	4	100	44068	100	43692	0.003	0	0.003	0.003	436.92	141.949	373	749	
0.4	0.5	14	622	9	4	100	25300	100	25300	0.003	0	0.003	0.003	253	0	253	253	
0.4	0.5	2	623	19	4	94	14998	94	14990	0.00344681	0.00172032	0.003	0.01	159.468	3.16466	153	161	
0.4	0.5	17	624	6	4	100	33140	100	33140	0.003	0	0.003	0.003	331.4	31.5114	325	485	
0.4	0.5	37	625	22	4	78	3822	78	3822	0.00326923	0.00135487	0.003	0.01	49	0	49	49	
0.4	0.5	41	626	6	4	100	3200	99	3168	0.003	0	0.003	0.003	32	0	32	32	
0.4	0.5	23	627	5	4	100	10130	100	10060	0.003	0	0.003	0.003	100.6	35.1482	67	137	
0.4	0.5	39	628	23	4	69	2208	69	2208	0.003	0	0.003	0.003	32	0	32	32	
0.4	0.5	27	629	13	4	55	4235	52	4004	0.00892308	0.00255025	0.003	0.01	77	0	77	77	
0.4	0.5	10	630	8	4	100	38900	100	38900	0.003	0	0.003	0.003	389	0	389	389	
0.4	0.5	25	631	10	4	100	8660	100	8660	0.003	0	0.003	0.003	86.6	26.1279	77	157	
0.4	0.5	13	632	8	4	100	59700	100	59700	0.003	0	0.003	0.003	597	0	597	597	
0.4	0.5	52	633	9	4	77	5719	76	5632	0.00355263	0.00190014	0.003	0.01	74.1053	4.56532	67	77	
0.4	0.5	32	634	3	4	100	48500	100	48500	0.003	0	0.003	0.003	485	0	485	485	
0.4	0.5	10	635	4	4	100	15700	100	15700	0.003	0	0.003	0.003	157	0	157	157	
0.4	0.5	19	636	11	4	100	16084	100	16340	0.003	0	0.003	0.003	163.4	58.9525	125	253	
0.4	0.5	55	637	4	4	100	6700	100	6700	0.003	0	0.003	0.003	67	0	67	67	
0.4	0.5	15	638	4	4	100	105600	100	105600	0.003	0	0.003	0.003	1056	0	1056	1056	
0.4	0.5	57	639	1	4	100	46900	100	46900	0.003	0	0.003	0.003	469	0	469	469	
0.4	0.5	52	640	24	4	77	3773	78	3822	0.003	0	0.003	0.003	49	0	49	49	
0.4	0.5	21	641	26	4	98	9506	98	9506	0.00314286	0.000994832	0.003	0.01	97	0	97	97	
0.4	0.5	16	642	1	4	100	38900	100	38900	0.003	0	0.003	0.003	389	0	389	389	
0.4	0.5	39	643	24	4	76	7371	76	7371	0.003	0	0.003	0.003	96.9868	0.114708	96	97	
0.4	0.5	37	644	27	4	59	7627	58	7474	0.00662069	0.00352847	0.003	0.01	128.862	27.9746	97	153	
0.4	0.5	41	645	3	4	67	7943	66	7818	0.0065	0.00352682	0.003	0.01	118.455	16.5986	77	125	
0.4	0.5	2	646	20	4	68	10948	67	10787	0.0062388	0.00351658	0.003	0.01	161	0	161	161	
0.4	0.5	41	647	7	4	100	3200	100	3200	0.003	0	0.003	0.003	32	0	32	32	
0.4	0.5	14	648	5	4	100	20100	100	20100	0.003	0	0.003	0.003	201	0	201	201	
0.4	0.5	8	649	14	4	100	6700	100	6700	0.003	0	0.003	0.003	67	0	67	67	
0.4	0.5	48	650	1	4	100	106300	100	106300	0.003	0	0.003	0.003	1063	0	1063	1063	
0.4	0.5	17	651	4	4	99	27847	99	27735	0.00307071	0.000703526	0.003	0.01	280.152	40.0134	253	453	
0.4	0.5	55	652	7	4	100	23300	100	23300	0.003	0	0.003	0.003	233	0	233	233	
0.4	0.5	34	653	16	4	100	6700	100	6700	0.003	0	0.003	0.003	67	0	67	67	
0.4	0.5	37	654	8	4	60	5700	59	5603	0.0070339	0.00348873	0.003	0.01	94.9661	6.09682	77	97	
0.4	0.5	27	655	1	4	100	27548	100	27312	0.003	0	0.003	0.003	273.12	89.0959	233	469	
0.4	0.5	13	656	2	4	100	48500	100	48500	0.003	0	0.003	0.003	485	0	485	485	
0.4	0.5	52	657	28	4	82	6314	82	6314	0.003	0	0.003	0.003	77	0	77	77	
0.4	0.5	42	658	12	4	100	4900	100	4900	0.003	0	0.003	0.003	49	0	49	49	
0.4	0.5	55	659	25	4	100	6700	100	6700	0.003	0	0.003	0.003	67	0	67	67	
0.4	0.5	21	660	14	4	100	15300	100	15300	0.003	0	0.003	0.003	153	0	153	153	
0.4	0.5	24	661	9	4	71	5227	72	5294	0.00581944	0.00345729	0.003	0.01	73.5278	4.79428	67	77	
0.4	0.5	5	662	35	4	51	7803	51	7803	0.003	0	0.003	0.003	153	0	153	153	
0.4	0.5	24	663	6	4	61	22751	59	22005	0.00750847	0.00338033	0.003	0.01	372.966	0.182521	372	373	
0.4	0.5	5	664	25	4	52	7956	52	7956	0.003	0	0.003	0.003	153	0	153	153	
0.4	0.5	5	665	45	4	49	6125	48	6000	0.00504167	0.00321538	0.003	0.01	125	0	125	125	
0.4	0.5	24	666	16	4	100	37300	100	37300	0.003	0	0.003	0.003	373	0	373	373	
0.4	0.5	1	667	14	4	85	10625	86	10750	0.003	0	0.003	0.003	125	0	125	125	
0.4	0.5	1	668	26	4	80	5650	78	5506	0.0036282	0.00201365	0.003	0.01	70.5897	4.82805	67	77	
0.4	0.5	43	669	10	4	83	19339	85	19805	0.00431765	0.00275254	0.003	0.01	233	0	233	233	
0.4	0.5	24	670	3	4	100	23300	100	23300	0.003	0	0.003	0.003	233	0	233	233	
0.4	0.5	43	671	9	4	100	37300	100	37300	0.003	0	0.003	0.003	373	0	373	373	
0.4	0.5	23	672	3	4	100	10130	100	10060	0.003	0	0.003	0.003	100.6	35.1482	67	137	
0.4	0.5	43	673	6	4	100	37300	100	37300	0.003	0	0.003	0.003	373	0	373	373	
0.4	0.5	5	674	22	4	50	7650	50	7650	0.003	0	0.003	0.003	153	0	153	153	
0.4	0.5	5	675	41	4	52	8370	52	8370	0.003	0	0.003	0.003	160.962	0.27735	159	161	
0.4	0.5	1	676	20	4	84	11675	85	11772	0.00308235	0.000759257	0.003	0.01	138.494	14.0625	125	153	
0.4	0.5	1	677	11	4	86	10750	86	10750	0.003	0	0.003	0.003	125	0	125	125	
0.4	0.5	5	678	6	4	48	3216	48	3216	0.003	0	0.003	0.003	67	0	67	67	
0.4	0.5	1	679	5	4	100	6700	100	6700	0.003	0	0.003	0.003	67	0	67	67	
0.4	0.5	5	680	38	4	54	5238	54	5238	0.00312963	0.000952579	0.003	0.01	97	0	97	97	
0.4	0.5	5	681	3	4	52	12116	52	12116	0.00326923	0.00135929	0.003	0.01	233	0	233	233	
0.4	0.5	1	682	2	4	86	10750	86	10750	0.003	0	0.003	0.003	125	0	125	125	
0.4	0.5	6	683	2	4	100	30900	100	30900	0.003	0	0.003	0.003	309	0	309	309	
0.4	0.5	1	684	17	4	88	13864	89	14017	0.00402247	0.00248622	0.003	0.01	157.494	3.99182	153	161	
0.4	0.5	5	685	5	4	49	6013	52	6388	0.00582692	0.00346818	0.003	0.01	122.846	7.53394	97	125	
0.4	0.5	5	686	48	4	48	6000	48	6000	0.003	0	0.003	0.003	125	0	125	125	
0.4	0.5	5	687	40	4	48	3216	48	3216	0.00314583	0.00101036	0.003	0.01	67	0	67	67	
0.4	0.5	24	688	1	4	100	12500	100	12500	0.003	0	0.003	0.003	125	0	125	125	
0.4	0.5	1	689	22	4	86	13158	85	13005	0.003	0	0.003	0.003	153	0	153	153	
0.4	0.5	6	690	8	4	100	13700	100	13700	0.003	0	0.003	0.003	137	0	137	137	
0.4	0.5	5	691	30	4	49	6125	50	6250	0.003	0	0.003	0.003	125	0	125	125	
0.4	0.5	1	692	16	4	85	5695	86	5762	0.003	0	0.003	0.003	67	0	67	67	
0.4	0.5	24	693	2	4	99	19043	99	19043	0.00307071	0.000703526	0.003	0.01	192.354	4.52502	161	193	
0.4	0.5	5	694	31	4	51	7803	52	7956	0.003	0	0.003	0.003	153	0	153	153	
0.4	0.5	5	695	39	4	50	3710	49	3643	0.00685714	0.00351781	0.003	0.01	74.3469	4.46071	67	77	
0.4	0.5	24	696	7	4	99	15579	99	15563	0.00307071	0.000703526	0.003	0.01	157.202	4.01523	153	161	
0.4	0.5	5	697	29	4	51	3587	51	3577	0.00368627	0.00210229	0.003	0.01	70.1373	4.68623	67	77	
0.4	0.5	5	698	4	4	47	5875	46	5750	0.00786956	0.00325651	0.003	0.01	125	0	125	125	
0.4	0.5	24	699	15	4	100	4900	100	4900	0.003	0	0.003	0.003	49	0	49	49	
0.4	0.5	5	700	18	4	49	6125	49	6125	0.003	0	0.003	0.003	125	0	125	125	
0.4	0.5	43	701	2	4	100	37300	100	37300	0.003	0	0.003	0.003	373	0	373	373	
0.4	0.5	1	702	28	4	86	8341	85	8244	0.003	0	0.003	0.003	96.9882	0.108465	96	97	
0.4	0.5	1	703	8	4	61	4497	60	4420	0.00615	0.00351184	0.003	0.01	73.6667	4.75383	67	77	
0.4	0.5	24	704	21	4	49	9457	51	9843	0.01	0	0.01	0.01	193	0	193	193	
0.4	0.5	1	705	7	4	86	23134	86	23134	0.003	0	0.003	0.003	269	0	269	269	
0.4	0.5	5	706	37	4	51	13717	51	13717	0.003	0	0.003	0.003	268.961	0.280056	267	269	
0.4	0.5	5	707	21	4	49	6125	49	6125	0.003	0	0.003	0.003	125	0	125	125	
0.4	0.5	1	708	21	4	100	13928	100	13872	0.003	0	0.003	0.003	138.72	14.0677	125	153	
0.4	0.5	24	709	8	4	100	12500	100	12500	0.003	0	0.003	0.003	125	0	125	125	
0.4	0.5	5	710	11	4	52	6500	52	6500	0.003	0	0.003	0.003	125	0	125	125	
0.4	0.5	5	711	15	4	51	11723	50	11490	0.003	0	0.003	0.003	229.8	10.9619	193	233	
0.4	0.5	5	712	7	4	50	7398	50	7398	0.003	0	0.003	0.003	147.96	10.8665	125	153	
0.4	0.5	24	713	13	4	100	37300	100	37300	0.003	0	0.003	0.003	373	0	373	373	
0.4	0.5	5	714	44	4	49	3773	49	3773	0.00314286	0.001	0.003	0.01	77	0	77	77	
0.4	0.5	5	715	1	4	49	9457	50	9650	0.003	0	0.003	0.003	193	0	193	193	
0.4	0.5	5	716	17	4	50	3350	50	3350	0.003	0	0.003	0.003	67	0	67	67	
0.4	0.5	5	717	8	4	51	4827	51	4827	0.00341176	0.00166345	0.003	0.01	94.6471	6.50791	77	97	
0.4	0.5	5	718	14	4	51	3417	51	3417	0.003	0	0.003	0.003	67	0	67	67	
0.4	0.5	5	719	28	4	49	6125	49	6125	0.003	0	0.003	0.003	125	0	125	125	
0.4	0.5	5	720	23	4	49	4753	49	4753	0.003	0	0.003	0.003	97	0	97	97	
0.4	0.5	5	721	42	4	51	6375	51	6375	0.003	0	0.003	0.003	125	0	125	125	
0.4	0.5	1	722	6	4	86	6622	85	6545	0.003	0	0.003	0.003	77	0	77	77	
0.4	0.5	1	723	19	4	85	22864	86	23133	0.003	0	0.003	0.003	268.988	0.107833	268	269	
0.4	0.5	5	724	24	4	51	3647	51	3627	0.00341176	0.00166345	0.003	0.01	71.1176	4.9705	67	77	
0.4	0.5	5	725	46	4	49	9457	49	9457	0.003	0	0.003	0.003	193	0	193	193	
0.4	0.5	24	726	12	4	100	12500	100	12500	0.003	0	0.003	0.003	125	0	125	125	
0.4	0.5	5	727	12	4	53	10229	53	10229	0.003	0	0.003	0.003	193	0	193	193	
0.4	0.5	24	728	22	4	99	6633	99	6633	0.00307071	0.000703526	0.003	0.01	67	0	67	67	
0.4	0.5	1	729	15	4	75	8479	74	8326	0.00404054	0.00250719	0.003	0.01	112.514	14.013	97	125	
0.4	0.5	5	730	50	4	50	3850	50	3850	0.003	0	0.003	0.003	77	0	77	77	
0.4	0.5	43	731	12	4	100	9700	100	9700	0.003	0	0.003	0.003	97	0	97	97	
0.4	0.5	25	732	3	4	100	18067	100	18068	0.003	0	0.003	0.003	180.68	53.5622	161	325	
0.4	0.5	1	733	18	4	53	6261	53	6233	0.00735849	0.00342555	0.003	0.01	117.604	12.4628	97	125	
0.4	0.5	1	734	13	4	67	5159	68	5236	0.00629412	0.00351992	0.003	0.01	77	0	77	77	
0.4	0.5	25	735	5	4	100	7540	100	7540	0.003	0	0.003	0.003	75.4	22.8619	67	137	
0.4	0.5	5	736	43	4	49	6125	49	6125	0.003	0	0.003	0.003	125	0	125	125	
0.4	0.5	5	737	16	4	50	9650	50	9650	0.003	0	0.003	0.003	193	0	193	193	
0.4	0.5	6	738	9	4	100	25300	100	25300	0.003	0	0.003	0.003	253	0	253	253	
0.4	0.5	5	739	49	4	51	9843	51	9843	0.003	0	0.003	0.003	193	0	193	193	
0.4	0.5	5	740	47	4	48	6000	45	5625	0.00408889	0.0025657	0.003	0.01	125	0	125	125	
0.4	0.5	24	741	11	4	100	9700	100	9700	0.003	0	0.003	0.003	97	0	97	97	
0.4	0.5	1	742	23	4	81	6237	80	6160	0.0034375	0.00170512	0.003	0.01	77	0	77	77	
0.4	0.5	24	743	14	4	100	12500	100	12500	0.003	0	0.003	0.003	125	0	125	125	
0.4	0.5	43	744	5	4	99	12375	99	12375	0.00307071	0.000703526	0.003	0.01	125	0	125	125	
0.4	0.5	1	745	25	4	100	16100	100	16100	0.003	0	0.003	0.003	161	0	161	161	
0.4	0.5	5	746	20	4	49	18277	49	18277	0.003	0	0.003	0.003	373	0	373	373	
0.4	0.5	5	747	27	4	50	6250	50	6250	0.003	0	0.003	0.003	125	0	125	125	
0.4	0.5	1	748	3	4	86	13846	86	13846	0.003	0	0.003	0.003	161	0	161	161	
0.4	0.5	5	749	2	4	51	7803	51	7803	0.003	0	0.003	0.003	153	0	153	153	
0.4	0.5	6	750	5	4	100	30900	100	30900	0.003	0	0.003	0.003	309	0	309	309	
