% start	end	CellId	IMSI	RNTI	LCID	nTxPDUs	TxBytes	nRxPDUs	RxBytes	delay	stdDev	min	max	PduSize	stdDev	min	max
0.4	0.5	19	1	2	4	100	38899	100	38899	0.003	0	0.003	0.003	388.99	0.1	388	389	
0.4	0.5	34	2	18	4	100	37300	100	37300	0.003	0	0.003	0.003	373	0	373	373	
0.4	0.5	24	3	6	4	84	8147	81	7856	0.00438272	0.00280432	0.003	0.01	96.9877	0.111111	96	97	
0.4	0.5	26	4	8	4	100	30100	100	30100	0.003	0	0.003	0.003	301	0	301	301	
0.4	0.5	55	5	2	4	96	12000	96	12000	0.00329167	0.00140613	0.003	0.01	125	0	125	125	
0.4	0.5	45	6	7	4	100	46900	100	46900	0.003	0	0.003	0.003	469	0	469	469	
0.4	0.5	7	7	7	4	100	48500	100	48500	0.003	0	0.003	0.003	485	0	485	485	
0.4	0.5	2	8	16	4	99	12373	98	12248	0.00307143	0.000707107	0.003	0.01	124.98	0.202031	123	125	
0.4	0.5	46	9	5	4	100	38898	100	38898	0.003	0	0.003	0.003	388.98	0.2	387	389	
0.4	0.5	23	10	8	4	100	30900	100	30900	0.003	0	0.003	0.003	309	0	309	309	
0.4	0.5	10	11	5	4	57	13281	56	13048	0.008375	0.00298214	0.003	0.01	233	0	233	233	
0.4	0.5	20	12	2	4	100	27698	100	27698	0.003	0	0.003	0.003	276.98	0.2	275	277	
0.4	0.5	26	13	6	4	100	69300	100	69300	0.003	0	0.003	0.003	693	0	693	693	
0.4	0.5	52	14	22	4	67	6498	67	6498	0.003	0	0.003	0.003	96.9851	0.122169	96	97	
0.4	0.5	49	15	5	4	100	46899	100	46899	0.003	0	0.003	0.003	468.99	0.1	468	469	
0.4	0.5	2	16	17	4	98	12248	98	12248	0.00314286	0.000994832	0.003	0.01	124.98	0.202031	123	125	
0.4	0.5	6	17	13	4	99	15939	99	15939	0.00307071	0.000703526	0.003	0.01	161	0	161	161	
0.4	0.5	41	18	31	4	71	4757	71	4757	0.003	0	0.003	0.003	67	0	67	67	
0.4	0.5	53	19	7	4	100	30100	100	30100	0.003	0	0.003	0.003	301	0	301	301	
0.4	0.5	51	20	8	4	100	20100	100	20100	0.003	0	0.003	0.003	201	0	201	201	
0.4	0.5	31	21	4	4	100	38900	100	38900	0.003	0	0.003	0.003	389	0	389	389	
0.4	0.5	50	22	4	4	100	105600	100	105600	0.003	0	0.003	0.003	1056	0	1056	1056	
0.4	0.5	16	23	6	4	100	46900	100	46900	0.003	0	0.003	0.003	469	0	469	469	
0.4	0.5	41	24	1	4	64	6208	65	6305	0.00321538	0.00121825	0.003	0.01	97	0	97	97	
0.4	0.5	21	25	9	4	100	7700	100	7700	0.003	0	0.003	0.003	77	0	77	77	
0.4	0.5	56	26	7	4	100	23300	100	23300	0.003	0	0.003	0.003	233	0	233	233	
0.4	0.5	21	27	24	4	100	6700	100	6700	0.003	0	0.003	0.003	67	0	67	67	
0.4	0.5	22	28	9	4	100	62100	100	62100	0.003	0	0.003	0.003	621	0	621	621	
0.4	0.5	39	29	7	4	72	4824	72	4824	0.003	0	0.003	0.003	67	0	67	67	
0.4	0.5	6	30	10	4	100	12500	100	12500	0.003	0	0.003	0.003	125	0	125	125	
0.4	0.5	18	31	4	4	100	25300	100	25300	0.003	0	0.003	0.003	253	0	253	253	
0.4	0.5	37	32	1	4	86	5762	87	5829	0.003	0	0.003	0.003	67	0	67	67	
0.4	0.5	1	33	17	4	95	7315	95	7315	0.00336842	0.00157137	0.003	0.01	77	0	77	77	
0.4	0.5	2	34	6	4	100	4900	100	4900	0.003	0	0.003	0.003	49	0	49	49	
0.4	0.5	12	35	2	4	100	13700	100	13700	0.003	0	0.003	0.003	137	0	137	137	
0.4	0.5	52	36	25	4	66	5082	67	5159	0.003	0	0.003	0.003	77	0	77	77	
0.4	0.5	35	37	2	4	56	15848	55	15615	0.0086	0.00282581	0.003	0.01	283.909	34.8325	209	301	
0.4	0.5	15	38	5	4	100	20100	100	20100	0.003	0	0.003	0.003	201	0	201	201	
0.4	0.5	16	39	7	4	100	38900	100	38900	0.003	0	0.003	0.003	389	0	389	389	
0.4	0.5	41	40	2	4	66	4422	67	4489	0.003	0	0.003	0.003	67	0	67	67	
0.4	0.5	26	41	7	4	100	44020	100	44020	0.003	0	0.003	0.003	440.2	25.729	389	453	
0.4	0.5	19	42	8	4	100	15700	100	15700	0.003	0	0.003	0.003	157	0	157	157	
0.4	0.5	1	43	7	4	51	3927	51	3927	0.00972549	0.00137227	0.003	0.01	77	0	77	77	
0.4	0.5	22	44	4	4	99	30591	100	30900	0.00307	0.0007	0.003	0.01	309	0	309	309	
0.4	0.5	15	45	6	4	100	25300	100	25300	0.003	0	0.003	0.003	253	0	253	253	
0.4	0.5	39	46	36	4	71	16539	72	16772	0.003	0	0.003	0.003	232.944	0.330978	231	233	
0.4	0.5	39	47	29	4	71	6887	72	6984	0.003	0	0.003	0.003	97	0	97	97	
0.4	0.5	29	48	7	4	89	20731	89	20731	0.00386517	0.00231689	0.003	0.01	232.933	0.362997	231	233	
0.4	0.5	45	49	8	4	100	25300	100	25300	0.003	0	0.003	0.003	253	0	253	253	
0.4	0.5	44	50	7	4	100	15300	100	15300	0.003	0	0.003	0.003	153	0	153	153	
0.4	0.5	16	51	11	4	100	38900	100	38900	0.003	0	0.003	0.003	389	0	389	389	
0.4	0.5	40	52	10	4	100	32498	100	32498	0.003	0	0.003	0.003	324.98	0.2	323	325	
0.4	0.5	3	53	1	4	100	20100	100	20100	0.003	0	0.003	0.003	201	0	201	201	
0.4	0.5	22	54	8	4	100	15700	100	15700	0.003	0	0.003	0.003	157	0	157	157	
0.4	0.5	28	55	6	4	100	53300	100	53300	0.003	0	0.003	0.003	533	0	533	533	
0.4	0.5	41	56	38	4	66	2112	67	2144	0.003	0	0.003	0.003	32	0	32	32	
0.4	0.5	8	57	5	4	100	37300	100	37300	0.003	0	0.003	0.003	373	0	373	373	
0.4	0.5	30	58	7	4	100	74900	100	74900	0.003	0	0.003	0.003	749	0	749	749	
0.4	0.5	56	59	3	4	100	38900	100	38900	0.003	0	0.003	0.003	389	0	389	389	
0.4	0.5	52	60	1	4	67	2144	66	2112	0.003	0	0.003	0.003	32	0	32	32	
0.4	0.5	23	61	11	4	100	46900	100	46900	0.003	0	0.003	0.003	469	0	469	469	
0.4	0.5	2	62	11	4	100	23300	100	23300	0.003	0	0.003	0.003	233	0	233	233	
0.4	0.5	10	63	1	4	68	30804	69	31257	0.00634783	0.00352231	0.003	0.01	453	0	453	453	
0.4	0.5	3	64	3	4	100	38900	100	38900	0.003	0	0.003	0.003	389	0	389	389	
0.4	0.5	1	65	4	4	100	19299	100	19299	0.003	0	0.003	0.003	192.99	0.1	192	193	
0.4	0.5	37	66	29	4	80	12880	80	12880	0.003	0	0.003	0.003	161	0	161	161	
0.4	0.5	51	67	10	4	100	32500	100	32500	0.003	0	0.003	0.003	325	0	325	325	
0.4	0.5	37	68	28	4	92	4508	92	4508	0.003	0	0.003	0.003	49	0	49	49	
0.4	0.5	30	69	10	4	100	32498	100	32498	0.003	0	0.003	0.003	324.98	0.2	323	325	
0.4	0.5	21	70	5	4	100	9700	100	9700	0.003	0	0.003	0.003	97	0	97	97	
0.4	0.5	33	71	5	4	93	27993	94	28294	0.00352128	0.00184757	0.003	0.01	301	0	301	301	
0.4	0.5	40	72	7	4	100	30900	100	30900	0.003	0	0.003	0.003	309	0	309	309	
0.4	0.5	21	73	8	4	99	7623	99	7623	0.00307071	0.000703526	0.003	0.01	77	0	77	77	
0.4	0.5	51	74	5	4	100	13698	100	13698	0.003	0	0.003	0.003	136.98	0.2	135	137	
0.4	0.5	52	75	21	4	67	4489	67	4489	0.003	0	0.003	0.003	67	0	67	67	
0.4	0.5	39	76	33	4	71	3479	72	3528	0.003	0	0.003	0.003	49	0	49	49	
0.4	0.5	35	77	6	4	100	48500	100	48500	0.003	0	0.003	0.003	485	0	485	485	
0.4	0.5	47	78	4	4	100	15700	100	15700	0.003	0	0.003	0.003	157	0	157	157	
0.4	0.5	40	79	5	4	100	13700	100	13700	0.003	0	0.003	0.003	137	0	137	137	
0.4	0.5	26	80	3	4	100	23300	100	23300	0.003	0	0.003	0.003	233	0	233	233	
0.4	0.5	22	81	2	4	100	10100	100	10100	0.003	0	0.003	0.003	101	0	101	101	
0.4	0.5	22	82	5	4	98	24794	99	25047	0.00314141	0.000989847	0.003	0.01	253	0	253	253	
0.4	0.5	39	83	13	4	68	8500	67	8375	0.00331343	0.00145861	0.003	0.01	125	0	125	125	
0.4	0.5	37	84	7	4	87	13311	88	13464	0.003	0	0.003	0.003	153	0	153	153	
0.4	0.5	3	85	8	4	100	25300	100	25300	0.003	0	0.003	0.003	253	0	253	253	
0.4	0.5	13	86	3	4	100	25300	100	25300	0.003	0	0.003	0.003	253	0	253	253	
0.4	0.5	8	87	1	4	100	16100	100	16100	0.003	0	0.003	0.003	161	0	161	161	
0.4	0.5	11	88	5	4	100	74900	100	74900	0.003	0	0.003	0.003	749	0	749	749	
0.4	0.5	23	89	5	4	100	20100	100	20100	0.003	0	0.003	0.003	201	0	201	201	
0.4	0.5	27	90	5	4	100	30900	100	30900	0.003	0	0.003	0.003	309	0	309	309	
0.4	0.5	9	91	7	4	100	38900	100	38900	0.003	0	0.003	0.003	389	0	389	389	
0.4	0.5	39	92	30	4	71	4757	72	4824	0.003	0	0.003	0.003	67	0	67	67	
0.4	0.5	27	93	2	4	100	13700	100	13700	0.003	0	0.003	0.003	137	0	137	137	
0.4	0.5	39	94	26	4	71	4757	70	4690	0.003	0	0.003	0.003	67	0	67	67	
0.4	0.5	34	95	16	4	100	23300	100	23300	0.003	0	0.003	0.003	233	0	233	233	
0.4	0.5	23	96	4	4	62	12461	65	13064	0.00709231	0.00347636	0.003	0.01	200.985	0.124035	200	201	
0.4	0.5	55	97	9	4	100	19299	100	19299	0.003	0	0.003	0.003	192.99	0.1	192	193	
0.4	0.5	23	98	6	4	100	32498	100	32498	0.003	0	0.003	0.003	324.98	0.2	323	325	
0.4	0.5	32	99	3	4	49	30429	50	31050	0.01	0	0.01	0.01	621	0	621	621	
0.4	0.5	21	100	20	4	93	11623	93	11623	0.00352688	0.00185678	0.003	0.01	124.978	0.20739	123	125	
0.4	0.5	37	101	27	4	80	12240	80	12240	0.003	0	0.003	0.003	153	0	153	153	
0.4	0.5	52	102	39	4	67	8375	66	8250	0.003	0	0.003	0.003	125	0	125	125	
0.4	0.5	13	103	6	4	100	13700	100	13700	0.003	0	0.003	0.003	137	0	137	137	
0.4	0.5	57	104	5	4	100	32500	100	32500	0.003	0	0.003	0.003	325	0	325	325	
0.4	0.5	16	105	3	4	75	11775	77	12089	0.00527273	0.00329927	0.003	0.01	157	0	157	157	
0.4	0.5	42	106	1	4	100	26900	100	26900	0.003	0	0.003	0.003	269	0	269	269	
0.4	0.5	9	107	9	4	79	30731	78	30342	0.00488461	0.00312502	0.003	0.01	389	0	389	389	
0.4	0.5	51	108	6	4	100	13698	100	13698	0.003	0	0.003	0.003	136.98	0.2	135	137	
0.4	0.5	13	109	7	4	100	25300	100	25300	0.003	0	0.003	0.003	253	0	253	253	
0.4	0.5	8	110	13	4	100	4900	100	4900	0.003	0	0.003	0.003	49	0	49	49	
0.4	0.5	37	111	6	4	81	5427	81	5427	0.003	0	0.003	0.003	67	0	67	67	
0.4	0.5	46	112	1	4	51	16575	49	15925	0.01	0	0.01	0.01	325	0	325	325	
0.4	0.5	52	113	24	4	65	8125	66	8250	0.00342424	0.00168304	0.003	0.01	125	0	125	125	
0.4	0.5	7	114	2	4	100	38900	100	38900	0.003	0	0.003	0.003	389	0	389	389	
0.4	0.5	35	115	7	4	100	45300	100	45300	0.003	0	0.003	0.003	453	0	453	453	
0.4	0.5	5	116	55	4	38	3686	37	3589	0.00394594	0.00242608	0.003	0.01	97	0	97	97	
0.4	0.5	45	117	6	4	100	74900	100	74900	0.003	0	0.003	0.003	749	0	749	749	
0.4	0.5	40	118	4	4	99	25046	99	25046	0.00307071	0.000703526	0.003	0.01	252.99	0.100504	252	253	
0.4	0.5	27	119	7	4	100	74900	100	74900	0.003	0	0.003	0.003	749	0	749	749	
0.4	0.5	30	120	8	4	100	32500	100	32500	0.003	0	0.003	0.003	325	0	325	325	
0.4	0.5	27	121	8	4	100	13700	100	13700	0.003	0	0.003	0.003	137	0	137	137	
0.4	0.5	24	122	2	4	100	12498	100	12498	0.003	0	0.003	0.003	124.98	0.2	123	125	
0.4	0.5	30	123	1	4	100	13698	100	13698	0.003	0	0.003	0.003	136.98	0.2	135	137	
0.4	0.5	18	124	5	4	100	15700	100	15700	0.003	0	0.003	0.003	157	0	157	157	
0.4	0.5	36	125	8	4	100	42852	100	42852	0.003	0	0.003	0.003	428.52	82.0097	389	597	
0.4	0.5	36	126	4	4	100	17144	99	16987	0.003	0	0.003	0.003	171.586	30.0819	157	233	
0.4	0.5	21	127	14	4	100	4900	100	4900	0.003	0	0.003	0.003	49	0	49	49	
0.4	0.5	44	128	8	4	87	20271	86	20038	0.00397674	0.00243975	0.003	0.01	233	0	233	233	
0.4	0.5	57	129	11	4	100	62100	100	62100	0.003	0	0.003	0.003	621	0	621	621	
0.4	0.5	3	130	6	4	100	32499	100	32498	0.003	0	0.003	0.003	324.98	0.140705	324	325	
0.4	0.5	51	131	7	4	100	74898	100	74898	0.003	0	0.003	0.003	748.98	0.2	747	749	
0.4	0.5	52	132	36	4	67	4489	67	4489	0.003	0	0.003	0.003	67	0	67	67	
0.4	0.5	49	133	8	4	100	13700	100	13700	0.003	0	0.003	0.003	137	0	137	137	
0.4	0.5	42	134	6	4	100	9700	100	9700	0.003	0	0.003	0.003	97	0	97	97	
0.4	0.5	37	135	36	4	80	7759	81	7856	0.003	0	0.003	0.003	96.9877	0.111111	96	97	
0.4	0.5	17	136	3	4	100	31700	100	31700	0.003	0	0.003	0.003	317	0	317	317	
0.4	0.5	55	137	12	4	100	6700	100	6700	0.003	0	0.003	0.003	67	0	67	67	
0.4	0.5	57	138	1	4	99	25046	99	25046	0.00307071	0.000703526	0.003	0.01	252.99	0.100504	252	253	
0.4	0.5	11	139	1	4	99	13563	99	13563	0.00307071	0.000703526	0.003	0.01	137	0	137	137	
0.4	0.5	38	140	6	4	100	46899	100	46899	0.003	0	0.003	0.003	468.99	0.1	468	469	
0.4	0.5	52	141	32	4	67	2144	67	2144	0.003	0	0.003	0.003	32	0	32	32	
0.4	0.5	55	142	13	4	100	9700	100	9700	0.003	0	0.003	0.003	97	0	97	97	
0.4	0.5	41	143	34	4	67	18023	68	18292	0.003	0	0.003	0.003	269	0	269	269	
0.4	0.5	52	144	31	4	66	4422	67	4489	0.003	0	0.003	0.003	67	0	67	67	
0.4	0.5	52	145	9	4	66	2112	65	2080	0.003	0	0.003	0.003	32	0	32	32	
0.4	0.5	52	146	14	4	67	3283	67	3283	0.003	0	0.003	0.003	49	0	49	49	
0.4	0.5	12	147	5	4	100	30899	100	30899	0.003	0	0.003	0.003	308.99	0.1	308	309	
0.4	0.5	14	148	7	4	100	20898	100	20898	0.003	0	0.003	0.003	208.98	0.2	207	209	
0.4	0.5	2	149	19	4	100	15300	100	15300	0.003	0	0.003	0.003	153	0	153	153	
0.4	0.5	37	150	33	4	78	3822	78	3822	0.00317949	0.00111359	0.003	0.01	49	0	49	49	
0.4	0.5	23	151	7	4	100	25300	100	25300	0.003	0	0.003	0.003	253	0	253	253	
0.4	0.5	37	152	14	4	80	6160	80	6160	0.003	0	0.003	0.003	77	0	77	77	
0.4	0.5	41	153	20	4	77	7469	76	7372	0.003	0	0.003	0.003	97	0	97	97	
0.4	0.5	4	154	6	4	100	105715	100	105793	0.003	0	0.003	0.003	1057.93	8.45697	1056	1095	
0.4	0.5	57	155	6	4	100	20100	100	20100	0.003	0	0.003	0.003	201	0	201	201	
0.4	0.5	39	156	6	4	72	3526	72	3526	0.003	0	0.003	0.003	48.9722	0.235702	47	49	
0.4	0.5	46	157	7	4	100	13698	100	13698	0.003	0	0.003	0.003	136.98	0.2	135	137	
0.4	0.5	52	158	37	4	68	3332	67	3283	0.003	0	0.003	0.003	49	0	49	49	
0.4	0.5	3	159	7	4	100	25300	100	25300	0.003	0	0.003	0.003	253	0	253	253	
0.4	0.5	14	160	6	4	100	23300	100	23300	0.003	0	0.003	0.003	233	0	233	233	
0.4	0.5	45	161	2	4	100	46900	100	46900	0.003	0	0.003	0.003	469	0	469	469	
0.4	0.5	6	162	14	4	100	9700	100	9700	0.003	0	0.003	0.003	97	0	97	97	
0.4	0.5	42	163	15	4	100	23300	100	23300	0.003	0	0.003	0.003	233	0	233	233	
0.4	0.5	38	164	9	4	92	22392	92	22444	0.00368478	0.00209095	0.003	0.01	243.957	19.8178	201	253	
0.4	0.5	26	165	5	4	100	48500	100	48500	0.003	0	0.003	0.003	485	0	485	485	
0.4	0.5	35	166	4	4	100	30100	100	30100	0.003	0	0.003	0.003	301	0	301	301	
0.4	0.5	27	167	10	4	100	13698	100	13698	0.003	0	0.003	0.003	136.98	0.2	135	137	
0.4	0.5	3	168	4	4	100	30899	100	30899	0.003	0	0.003	0.003	308.99	0.1	308	309	
0.4	0.5	12	169	3	4	99	25047	99	25047	0.00307071	0.000703526	0.003	0.01	253	0	253	253	
0.4	0.5	41	170	8	4	66	5081	66	5081	0.00310606	0.00086164	0.003	0.01	76.9848	0.123091	76	77	
0.4	0.5	52	171	38	4	65	6305	64	6208	0.00332812	0.00149129	0.003	0.01	97	0	97	97	
0.4	0.5	52	172	23	4	93	7161	92	7084	0.003	0	0.003	0.003	77	0	77	77	
0.4	0.5	18	173	8	4	99	15543	99	15543	0.00307071	0.000703526	0.003	0.01	157	0	157	157	
0.4	0.5	42	174	8	4	100	19300	100	19300	0.003	0	0.003	0.003	193	0	193	193	
0.4	0.5	34	175	6	4	96	15456	96	15456	0.00329167	0.00140613	0.003	0.01	161	0	161	161	
0.4	0.5	44	176	6	4	72	34920	70	33950	0.0057	0.00343195	0.003	0.01	485	0	485	485	
0.4	0.5	16	177	1	4	93	17857	93	17857	0.00352688	0.00185678	0.003	0.01	192.011	17.8365	157	201	
0.4	0.5	37	178	24	4	81	5427	81	5427	0.003	0	0.003	0.003	67	0	67	67	
0.4	0.5	23	179	2	4	100	53298	100	53298	0.003	0	0.003	0.003	532.98	0.2	531	533	
0.4	0.5	14	180	3	4	100	59700	100	59700	0.003	0	0.003	0.003	597	0	597	597	
0.4	0.5	55	181	10	4	100	15300	100	15300	0.003	0	0.003	0.003	153	0	153	153	
0.4	0.5	2	182	8	4	100	12498	100	12498	0.003	0	0.003	0.003	124.98	0.2	123	125	
0.4	0.5	24	183	9	4	100	16100	100	16100	0.003	0	0.003	0.003	161	0	161	161	
0.4	0.5	53	184	1	4	100	20900	100	20900	0.003	0	0.003	0.003	209	0	209	209	
0.4	0.5	45	185	9	4	100	13700	100	13700	0.003	0	0.003	0.003	137	0	137	137	
0.4	0.5	18	186	9	4	100	15698	100	15698	0.003	0	0.003	0.003	156.98	0.2	155	157	
0.4	0.5	29	187	2	4	100	105715	100	105793	0.003	0	0.003	0.003	1057.93	8.45697	1056	1095	
0.4	0.5	29	188	4	4	100	48500	100	48500	0.003	0	0.003	0.003	485	0	485	485	
0.4	0.5	7	189	6	4	64	14912	64	14912	0.0069375	0.0035	0.003	0.01	233	0	233	233	
0.4	0.5	40	190	8	4	100	20100	100	20100	0.003	0	0.003	0.003	201	0	201	201	
0.4	0.5	49	191	3	4	100	30900	100	30900	0.003	0	0.003	0.003	309	0	309	309	
0.4	0.5	54	192	6	4	100	77500	100	77500	0.003	0	0.003	0.003	775	0	775	775	
0.4	0.5	54	193	5	4	100	31700	100	31700	0.003	0	0.003	0.003	317	0	317	317	
0.4	0.5	21	194	17	4	100	3199	100	3199	0.003	0	0.003	0.003	31.99	0.1	31	32	
0.4	0.5	39	195	11	4	72	4824	71	4757	0.003	0	0.003	0.003	67	0	67	67	
0.4	0.5	21	196	2	4	63	6109	63	6109	0.007	0.00349193	0.003	0.01	96.9683	0.251976	95	97	
0.4	0.5	34	197	12	4	100	4900	100	4900	0.003	0	0.003	0.003	49	0	49	49	
0.4	0.5	42	198	3	4	100	16100	100	16100	0.003	0	0.003	0.003	161	0	161	161	
0.4	0.5	57	199	7	4	100	30900	100	30900	0.003	0	0.003	0.003	309	0	309	309	
0.4	0.5	50	200	2	4	100	80700	100	80700	0.003	0	0.003	0.003	807	0	807	807	
0.4	0.5	47	201	11	4	100	10100	100	10100	0.003	0	0.003	0.003	101	0	101	101	
0.4	0.5	39	202	20	4	72	6984	71	6887	0.003	0	0.003	0.003	97	0	97	97	
0.4	0.5	48	203	7	4	100	38900	100	38900	0.003	0	0.003	0.003	389	0	389	389	
0.4	0.5	40	204	12	4	100	25300	100	25300	0.003	0	0.003	0.003	253	0	253	253	
0.4	0.5	56	205	1	4	100	45300	100	45300	0.003	0	0.003	0.003	453	0	453	453	
0.4	0.5	47	206	10	4	86	13502	86	13502	0.00413953	0.00259938	0.003	0.01	157	0	157	157	
0.4	0.5	39	207	21	4	72	3528	71	3479	0.003	0	0.003	0.003	49	0	49	49	
0.4	0.5	11	208	3	4	100	20100	100	20100	0.003	0	0.003	0.003	201	0	201	201	
0.4	0.5	40	209	9	4	100	30900	100	30900	0.003	0	0.003	0.003	309	0	309	309	
0.4	0.5	47	210	5	4	100	38900	100	38900	0.003	0	0.003	0.003	389	0	389	389	
0.4	0.5	12	211	9	4	100	10100	100	10100	0.003	0	0.003	0.003	101	0	101	101	
0.4	0.5	16	212	9	4	100	38900	100	38900	0.003	0	0.003	0.003	389	0	389	389	
0.4	0.5	5	213	34	4	36	5794	35	5633	0.003	0	0.003	0.003	160.943	0.338062	159	161	
0.4	0.5	44	214	1	4	100	38899	100	38899	0.003	0	0.003	0.003	388.99	0.1	388	389	
0.4	0.5	8	215	9	4	100	16100	100	16100	0.003	0	0.003	0.003	161	0	161	161	
0.4	0.5	33	216	2	4	100	105600	100	105600	0.003	0	0.003	0.003	1056	0	1056	1056	
0.4	0.5	27	217	6	4	100	13698	100	13698	0.003	0	0.003	0.003	136.98	0.2	135	137	
0.4	0.5	41	218	6	4	68	2176	69	2208	0.003	0	0.003	0.003	32	0	32	32	
0.4	0.5	44	219	2	4	50	11650	51	11883	0.01	0	0.01	0.01	233	0	233	233	
0.4	0.5	52	220	13	4	66	8250	66	8250	0.003	0	0.003	0.003	125	0	125	125	
0.4	0.5	40	221	11	4	100	15700	100	15700	0.003	0	0.003	0.003	157	0	157	157	
0.4	0.5	48	222	4	4	100	30899	100	30899	0.003	0	0.003	0.003	308.99	0.1	308	309	
0.4	0.5	42	223	14	4	100	16098	100	16098	0.003	0	0.003	0.003	160.98	0.2	159	161	
0.4	0.5	41	224	29	4	67	4489	66	4422	0.003	0	0.003	0.003	67	0	67	67	
0.4	0.5	20	225	3	4	100	77500	100	77500	0.003	0	0.003	0.003	775	0	775	775	
0.4	0.5	41	226	32	4	77	11781	77	11781	0.003	0	0.003	0.003	153	0	153	153	
0.4	0.5	4	227	2	4	100	80700	100	80700	0.003	0	0.003	0.003	807	0	807	807	
0.4	0.5	25	228	7	4	100	10100	100	10100	0.003	0	0.003	0.003	101	0	101	101	
0.4	0.5	52	229	3	4	45	4365	46	4462	0.00710869	0.00348475	0.003	0.01	97	0	97	97	
0.4	0.5	19	230	6	4	100	74900	100	74900	0.003	0	0.003	0.003	749	0	749	749	
0.4	0.5	31	231	6	4	100	80700	100	80700	0.003	0	0.003	0.003	807	0	807	807	
0.4	0.5	41	232	26	4	67	3283	66	3234	0.003	0	0.003	0.003	49	0	49	49	
0.4	0.5	5	233	41	4	35	2695	34	2618	0.00855882	0.00287298	0.003	0.01	77	0	77	77	
0.4	0.5	17	234	6	4	78	24726	78	24726	0.0050641	0.00321256	0.003	0.01	317	0	317	317	
0.4	0.5	36	235	1	4	85	14105	83	13791	0.00426506	0.00270989	0.003	0.01	166.157	24.8902	157	233	
0.4	0.5	38	236	5	4	71	14271	70	14070	0.006	0.00348911	0.003	0.01	201	0	201	201	
0.4	0.5	41	237	19	4	72	3528	71	3479	0.003	0	0.003	0.003	49	0	49	49	
0.4	0.5	36	238	7	4	59	12159	64	13264	0.00759375	0.00335099	0.003	0.01	207.25	24.3975	201	301	
0.4	0.5	7	239	8	4	100	30100	100	30100	0.003	0	0.003	0.003	301	0	301	301	
0.4	0.5	51	240	4	4	100	20100	100	20100	0.003	0	0.003	0.003	201	0	201	201	
0.4	0.5	39	241	27	4	71	10863	71	10863	0.003	0	0.003	0.003	153	0	153	153	
0.4	0.5	26	242	4	4	100	105600	100	105600	0.003	0	0.003	0.003	1056	0	1056	1056	
0.4	0.5	47	243	3	4	100	30900	100	30900	0.003	0	0.003	0.003	309	0	309	309	
0.4	0.5	56	244	2	4	100	23294	100	23292	0.003	0	0.003	0.003	232.92	0.393893	231	233	
0.4	0.5	14	245	5	4	79	30731	80	31120	0.0048375	0.00309938	0.003	0.01	389	0	389	389	
0.4	0.5	39	246	38	4	71	3479	71	3479	0.003	0	0.003	0.003	49	0	49	49	
0.4	0.5	39	247	23	4	72	4824	71	4757	0.003	0	0.003	0.003	67	0	67	67	
0.4	0.5	30	248	5	4	100	20100	100	20100	0.003	0	0.003	0.003	201	0	201	201	
0.4	0.5	39	249	2	4	70	1540	69	1518	0.003	0	0.003	0.003	22	0	22	22	
0.4	0.5	41	250	10	4	67	3281	67	3281	0.003	0	0.003	0.003	48.9701	0.244339	47	49	
0.4	0.5	21	251	7	4	100	37298	100	37298	0.003	0	0.003	0.003	372.98	0.2	371	373	
0.4	0.5	56	252	5	4	100	105600	100	105600	0.003	0	0.003	0.003	1056	0	1056	1056	
0.4	0.5	50	253	3	4	100	105600	100	105600	0.003	0	0.003	0.003	1056	0	1056	1056	
0.4	0.5	4	254	5	4	100	38900	100	38900	0.003	0	0.003	0.003	389	0	389	389	
0.4	0.5	22	255	6	4	100	74900	100	74900	0.003	0	0.003	0.003	749	0	749	749	
0.4	0.5	30	256	3	4	100	10100	100	10100	0.003	0	0.003	0.003	101	0	101	101	
0.4	0.5	20	257	6	4	100	31700	100	31700	0.003	0	0.003	0.003	317	0	317	317	
0.4	0.5	49	258	7	4	99	32174	99	32174	0.00307071	0.000703526	0.003	0.01	324.99	0.100504	324	325	
0.4	0.5	2	259	7	4	100	12500	100	12500	0.003	0	0.003	0.003	125	0	125	125	
0.4	0.5	32	260	1	4	100	105600	100	105600	0.003	0	0.003	0.003	1056	0	1056	1056	
0.4	0.5	37	261	2	4	80	3918	80	3918	0.0030875	0.000782624	0.003	0.01	48.975	0.223607	47	49	
0.4	0.5	25	262	10	4	100	32499	100	32499	0.003	0	0.003	0.003	324.99	0.1	324	325	
0.4	0.5	25	263	6	4	70	10990	68	10676	0.00608823	0.00350154	0.003	0.01	157	0	157	157	
0.4	0.5	12	264	10	4	57	8849	57	8849	0.0082807	0.00303994	0.003	0.01	155.246	5.70802	137	157	
0.4	0.5	22	265	10	4	100	25300	100	25300	0.003	0	0.003	0.003	253	0	253	253	
0.4	0.5	39	266	8	4	72	5543	72	5543	0.003	0	0.003	0.003	76.9861	0.117851	76	77	
0.4	0.5	4	267	4	4	100	20900	100	20900	0.003	0	0.003	0.003	209	0	209	209	
0.4	0.5	40	268	1	4	100	32498	100	32498	0.003	0	0.003	0.003	324.98	0.2	323	325	
0.4	0.5	30	269	2	4	100	15700	100	15700	0.003	0	0.003	0.003	157	0	157	157	
0.4	0.5	23	270	12	4	100	13700	100	13700	0.003	0	0.003	0.003	137	0	137	137	
0.4	0.5	20	271	4	4	100	40500	100	40500	0.003	0	0.003	0.003	405	0	405	405	
0.4	0.5	42	272	5	4	99	4851	100	4900	0.00307	0.0007	0.003	0.01	49	0	49	49	
0.4	0.5	34	273	5	4	98	12250	98	12250	0.00314286	0.000994832	0.003	0.01	125	0	125	125	
0.4	0.5	39	274	19	4	72	4824	71	4757	0.003	0	0.003	0.003	67	0	67	67	
0.4	0.5	2	275	9	4	98	6566	98	6566	0.00314286	0.000994832	0.003	0.01	67	0	67	67	
0.4	0.5	45	276	4	4	99	15542	99	15542	0.00307071	0.000703526	0.003	0.01	156.99	0.100504	156	157	
0.4	0.5	55	277	14	4	99	7623	99	7623	0.00307071	0.000703526	0.003	0.01	77	0	77	77	
0.4	0.5	13	278	1	4	100	13700	100	13700	0.003	0	0.003	0.003	137	0	137	137	
0.4	0.5	54	279	1	4	100	27700	100	27700	0.003	0	0.003	0.003	277	0	277	277	
0.4	0.5	41	280	39	4	66	10626	67	10787	0.003	0	0.003	0.003	161	0	161	161	
0.4	0.5	37	281	26	4	80	3920	80	3920	0.003	0	0.003	0.003	49	0	49	49	
0.4	0.5	16	282	4	4	99	19899	99	19899	0.00307071	0.000703526	0.003	0.01	201	0	201	201	
0.4	0.5	37	283	12	4	81	24381	80	24080	0.003	0	0.003	0.003	301	0	301	301	
0.4	0.5	42	284	4	4	100	23300	100	23300	0.003	0	0.003	0.003	233	0	233	233	
0.4	0.5	28	285	5	4	100	13698	100	13698	0.003	0	0.003	0.003	136.98	0.2	135	137	
0.4	0.5	3	286	2	4	100	13700	100	13700	0.003	0	0.003	0.003	137	0	137	137	
0.4	0.5	40	287	6	4	57	8949	57	8949	0.00815789	0.00310983	0.003	0.01	157	0	157	157	
0.4	0.5	3	288	10	4	100	38900	100	38900	0.003	0	0.003	0.003	389	0	389	389	
0.4	0.5	43	289	2	4	100	15700	100	15700	0.003	0	0.003	0.003	157	0	157	157	
0.4	0.5	53	290	3	4	100	80700	100	80700	0.003	0	0.003	0.003	807	0	807	807	
0.4	0.5	19	291	9	4	100	25300	100	25300	0.003	0	0.003	0.003	253	0	253	253	
0.4	0.5	32	292	4	4	100	93500	100	93500	0.003	0	0.003	0.003	935	0	935	935	
0.4	0.5	52	293	15	4	40	2680	38	2546	0.00797368	0.00321724	0.003	0.01	67	0	67	67	
0.4	0.5	15	294	2	4	99	15543	99	15543	0.00307071	0.000703526	0.003	0.01	157	0	157	157	
0.4	0.5	37	295	10	4	92	2944	91	2912	0.003	0	0.003	0.003	32	0	32	32	
0.4	0.5	36	296	2	4	99	80379	99	80379	0.00307071	0.000703526	0.003	0.01	811.909	134.129	749	1095	
0.4	0.5	39	297	5	4	67	5159	67	5159	0.00362686	0.00201386	0.003	0.01	77	0	77	77	
0.4	0.5	15	298	8	4	100	13700	100	13700	0.003	0	0.003	0.003	137	0	137	137	
0.4	0.5	25	299	9	4	100	15700	100	15700	0.003	0	0.003	0.003	157	0	157	157	
0.4	0.5	27	300	1	4	100	32500	100	32500	0.003	0	0.003	0.003	325	0	325	325	
0.4	0.5	3	301	9	4	100	25300	100	25300	0.003	0	0.003	0.003	253	0	253	253	
0.4	0.5	55	302	5	4	100	6700	100	6700	0.003	0	0.003	0.003	67	0	67	67	
0.4	0.5	6	303	4	4	96	11998	96	11998	0.00329167	0.00140613	0.003	0.01	124.979	0.204124	123	125	
0.4	0.5	49	304	4	4	100	74900	100	74900	0.003	0	0.003	0.003	749	0	749	749	
0.4	0.5	41	305	40	4	65	5003	66	5080	0.00310606	0.00086164	0.003	0.01	76.9697	0.246183	75	77	
0.4	0.5	15	306	3	4	100	20100	100	20100	0.003	0	0.003	0.003	201	0	201	201	
0.4	0.5	48	307	10	4	100	13700	100	13700	0.003	0	0.003	0.003	137	0	137	137	
0.4	0.5	34	308	17	4	100	12498	100	12498	0.003	0	0.003	0.003	124.98	0.2	123	125	
0.4	0.5	8	309	4	4	100	7700	100	7700	0.003	0	0.003	0.003	77	0	77	77	
0.4	0.5	21	310	6	4	100	15300	100	15300	0.003	0	0.003	0.003	153	0	153	153	
0.4	0.5	23	311	9	4	100	38900	100	38900	0.003	0	0.003	0.003	389	0	389	389	
0.4	0.5	39	312	24	4	70	2240	68	2176	0.00320588	0.0011915	0.003	0.01	32	0	32	32	
0.4	0.5	48	313	6	4	100	32498	100	32498	0.003	0	0.003	0.003	324.98	0.2	323	325	
0.4	0.5	18	314	3	4	97	15227	97	15227	0.00321649	0.00121815	0.003	0.01	156.979	0.203069	155	157	
0.4	0.5	36	315	6	4	100	27884	100	27884	0.003	0	0.003	0.003	278.84	53.6217	253	389	
0.4	0.5	37	316	32	4	80	3920	80	3920	0.003	0	0.003	0.003	49	0	49	49	
0.4	0.5	13	317	8	4	95	14915	96	15072	0.00336458	0.00156353	0.003	0.01	157	0	157	157	
0.4	0.5	39	318	15	4	71	26483	70	26110	0.003	0	0.003	0.003	373	0	373	373	
0.4	0.5	8	319	12	4	100	9700	100	9700	0.003	0	0.003	0.003	97	0	97	97	
0.4	0.5	16	320	8	4	100	32498	100	32498	0.003	0	0.003	0.003	324.98	0.2	323	325	
0.4	0.5	11	321	8	4	86	17284	88	17686	0.00411364	0.002575	0.003	0.01	200.977	0.213201	199	201	
0.4	0.5	41	322	5	4	77	20712	78	20981	0.003	0	0.003	0.003	268.987	0.113228	268	269	
0.4	0.5	41	323	16	4	82	4018	81	3969	0.003	0	0.003	0.003	49	0	49	49	
0.4	0.5	21	324	12	4	100	15300	100	15300	0.003	0	0.003	0.003	153	0	153	153	
0.4	0.5	25	325	3	4	100	20100	100	20100	0.003	0	0.003	0.003	201	0	201	201	
0.4	0.5	7	326	1	4	100	30100	100	30100	0.003	0	0.003	0.003	301	0	301	301	
0.4	0.5	50	327	1	4	66	25674	65	25285	0.00666154	0.00352348	0.003	0.01	389	0	389	389	
0.4	0.5	52	328	33	4	66	12738	67	12931	0.00320895	0.00120022	0.003	0.01	193	0	193	193	
0.4	0.5	37	329	35	4	80	24080	81	24381	0.003	0	0.003	0.003	301	0	301	301	
0.4	0.5	15	330	7	4	75	23175	74	22866	0.00536486	0.00333341	0.003	0.01	309	0	309	309	
0.4	0.5	22	331	3	4	100	46900	100	46900	0.003	0	0.003	0.003	469	0	469	469	
0.4	0.5	28	332	10	4	100	38900	100	38900	0.003	0	0.003	0.003	389	0	389	389	
0.4	0.5	7	333	5	4	93	21669	93	21669	0.00352688	0.00185678	0.003	0.01	233	0	233	233	
0.4	0.5	52	334	2	4	68	10404	67	10251	0.003	0	0.003	0.003	153	0	153	153	
0.4	0.5	34	335	4	4	100	3200	100	3200	0.003	0	0.003	0.003	32	0	32	32	
0.4	0.5	41	336	9	4	60	4020	61	4087	0.00391803	0.00238254	0.003	0.01	67	0	67	67	
0.4	0.5	41	337	25	4	67	3283	66	3234	0.003	0	0.003	0.003	49	0	49	49	
0.4	0.5	49	338	6	4	100	32498	100	32498	0.003	0	0.003	0.003	324.98	0.2	323	325	
0.4	0.5	49	339	2	4	100	38900	100	38900	0.003	0	0.003	0.003	389	0	389	389	
0.4	0.5	18	340	10	4	100	62100	100	62100	0.003	0	0.003	0.003	621	0	621	621	
0.4	0.5	49	341	9	4	100	62097	100	62097	0.003	0	0.003	0.003	620.97	0.222702	619	621	
0.4	0.5	6	342	9	4	100	6700	100	6700	0.003	0	0.003	0.003	67	0	67	67	
0.4	0.5	50	343	5	4	61	30561	61	30561	0.00759016	0.00335349	0.003	0.01	501	0	501	501	
0.4	0.5	25	344	1	4	100	74900	100	74900	0.003	0	0.003	0.003	749	0	749	749	
0.4	0.5	26	345	1	4	79	23778	77	23176	0.00481818	0.00308957	0.003	0.01	300.987	0.113961	300	301	
0.4	0.5	31	346	7	4	100	69300	100	69300	0.003	0	0.003	0.003	693	0	693	693	
0.4	0.5	52	347	5	4	67	10787	66	10626	0.00310606	0.00086164	0.003	0.01	161	0	161	161	
0.4	0.5	18	348	2	4	100	13698	100	13698	0.003	0	0.003	0.003	136.98	0.2	135	137	
0.4	0.5	35	349	8	4	100	45300	100	45300	0.003	0	0.003	0.003	453	0	453	453	
0.4	0.5	39	350	37	4	71	3479	72	3528	0.003	0	0.003	0.003	49	0	49	49	
0.4	0.5	10	351	4	4	57	13281	59	13747	0.00786441	0.00325077	0.003	0.01	233	0	233	233	
0.4	0.5	34	352	2	4	100	6700	100	6700	0.003	0	0.003	0.003	67	0	67	67	
0.4	0.5	22	353	11	4	100	25299	100	25299	0.003	0	0.003	0.003	252.99	0.1	252	253	
0.4	0.5	28	354	7	4	100	20099	100	20099	0.003	0	0.003	0.003	200.99	0.1	200	201	
0.4	0.5	28	355	9	4	91	28119	90	27810	0.0037	0.00211176	0.003	0.01	309	0	309	309	
0.4	0.5	53	356	6	4	100	48500	100	48500	0.003	0	0.003	0.003	485	0	485	485	
0.4	0.5	52	357	34	4	67	20166	68	20467	0.003	0	0.003	0.003	300.985	0.121268	300	301	
0.4	0.5	49	358	1	4	100	25300	100	25300	0.003	0	0.003	0.003	253	0	253	253	
0.4	0.5	48	359	3	4	100	32498	100	32498	0.003	0	0.003	0.003	324.98	0.2	323	325	
0.4	0.5	2	360	5	4	100	37300	100	37300	0.003	0	0.003	0.003	373	0	373	373	
0.4	0.5	11	361	11	4	100	20100	100	20100	0.003	0	0.003	0.003	201	0	201	201	
0.4	0.5	46	362	8	4	100	32500	100	32500	0.003	0	0.003	0.003	325	0	325	325	
0.4	0.5	41	363	23	4	67	8375	66	8250	0.003	0	0.003	0.003	125	0	125	125	
0.4	0.5	32	364	2	4	100	93500	100	93500	0.003	0	0.003	0.003	935	0	935	935	
0.4	0.5	36	365	5	4	100	51156	100	51156	0.003	0	0.003	0.003	511.56	88.3181	469	693	
0.4	0.5	39	366	1	4	69	8625	70	8750	0.0032	0.00117461	0.003	0.01	125	0	125	125	
0.4	0.5	3	367	11	4	100	15700	100	15700	0.003	0	0.003	0.003	157	0	157	157	
0.4	0.5	31	368	1	4	100	48500	100	48500	0.003	0	0.003	0.003	485	0	485	485	
0.4	0.5	51	369	1	4	100	53300	100	53300	0.003	0	0.003	0.003	533	0	533	533	
0.4	0.5	28	370	8	4	100	13698	100	13698	0.003	0	0.003	0.003	136.98	0.2	135	137	
0.4	0.5	40	371	2	4	100	38900	100	38900	0.003	0	0.003	0.003	389	0	389	389	
0.4	0.5	21	372	18	4	100	23300	100	23300	0.003	0	0.003	0.003	233	0	233	233	
0.4	0.5	46	373	4	4	100	53300	100	53300	0.003	0	0.003	0.003	533	0	533	533	
0.4	0.5	6	374	7	4	100	6700	100	6700	0.003	0	0.003	0.003	67	0	67	67	
0.4	0.5	39	375	3	4	71	8875	72	9000	0.003	0	0.003	0.003	125	0	125	125	
0.4	0.5	2	376	10	4	100	12498	100	12498	0.003	0	0.003	0.003	124.98	0.2	123	125	
0.4	0.5	9	377	4	4	100	53298	100	53298	0.003	0	0.003	0.003	532.98	0.2	531	533	
0.4	0.5	52	378	35	4	93	21669	93	21669	0.003	0	0.003	0.003	233	0	233	233	
0.4	0.5	11	379	4	4	100	10100	100	10100	0.003	0	0.003	0.003	101	0	101	101	
0.4	0.5	29	380	8	4	100	105715	100	105793	0.003	0	0.003	0.003	1057.93	8.45697	1056	1095	
0.4	0.5	38	381	7	4	76	22812	76	22756	0.00511842	0.00323715	0.003	0.01	299.421	21.2272	253	309	
0.4	0.5	5	382	27	4	38	14174	38	14174	0.00318421	0.00113555	0.003	0.01	373	0	373	373	
0.4	0.5	52	383	30	4	67	1474	67	1474	0.003	0	0.003	0.003	22	0	22	22	
0.4	0.5	52	384	4	4	68	5235	67	5158	0.003	0	0.003	0.003	76.9851	0.122169	76	77	
0.4	0.5	11	385	9	4	100	74900	100	74900	0.003	0	0.003	0.003	749	0	749	749	
0.4	0.5	15	386	4	4	100	38900	100	38900	0.003	0	0.003	0.003	389	0	389	389	
0.4	0.5	10	387	3	4	94	21902	95	22135	0.0034421	0.00171176	0.003	0.01	233	0	233	233	
0.4	0.5	8	388	7	4	100	7700	100	7700	0.003	0	0.003	0.003	77	0	77	77	
0.4	0.5	45	389	3	4	100	20100	100	20100	0.003	0	0.003	0.003	201	0	201	201	
0.4	0.5	2	390	4	4	100	16098	100	16098	0.003	0	0.003	0.003	160.98	0.2	159	161	
0.4	0.5	41	391	27	4	67	10251	66	10098	0.003	0	0.003	0.003	153	0	153	153	
0.4	0.5	35	392	1	4	100	38900	100	38900	0.003	0	0.003	0.003	389	0	389	389	
0.4	0.5	34	393	11	4	100	6700	100	6700	0.003	0	0.003	0.003	67	0	67	67	
0.4	0.5	41	394	22	4	68	2176	68	2176	0.003	0	0.003	0.003	32	0	32	32	
0.4	0.5	43	395	10	4	100	20100	100	20100	0.003	0	0.003	0.003	201	0	201	201	
0.4	0.5	52	396	11	4	66	4422	66	4422	0.003	0	0.003	0.003	67	0	67	67	
0.4	0.5	41	397	21	4	68	3332	67	3283	0.003	0	0.003	0.003	49	0	49	49	
0.4	0.5	19	398	5	4	100	53300	100	53300	0.003	0	0.003	0.003	533	0	533	533	
0.4	0.5	8	399	14	4	100	19300	100	19300	0.003	0	0.003	0.003	193	0	193	193	
0.4	0.5	33	400	1	4	100	105600	100	105600	0.003	0	0.003	0.003	1056	0	1056	1056	
0.4	0.5	39	401	16	4	68	2176	67	2144	0.00352239	0.0018534	0.003	0.01	32	0	32	32	
0.4	0.5	30	402	6	4	100	20100	100	20100	0.003	0	0.003	0.003	201	0	201	201	
0.4	0.5	41	403	15	4	65	5003	66	5080	0.00321212	0.00120913	0.003	0.01	76.9697	0.246183	75	77	
0.4	0.5	34	404	9	4	100	18724	100	18724	0.003	0	0.003	0.003	187.24	12.3559	161	193	
0.4	0.5	35	405	3	4	87	25165	86	24796	0.00397674	0.00243975	0.003	0.01	288.326	26.6067	233	301	
0.4	0.5	14	406	8	4	100	38898	100	38898	0.003	0	0.003	0.003	388.98	0.2	387	389	
0.4	0.5	21	407	22	4	82	6314	81	6237	0.00455555	0.00292831	0.003	0.01	77	0	77	77	
0.4	0.5	48	408	9	4	100	15700	100	15700	0.003	0	0.003	0.003	157	0	157	157	
0.4	0.5	38	409	1	4	51	8007	50	7850	0.01	0	0.01	0.01	157	0	157	157	
0.4	0.5	17	410	5	4	100	27700	100	27700	0.003	0	0.003	0.003	277	0	277	277	
0.4	0.5	27	411	3	4	100	25300	100	25300	0.003	0	0.003	0.003	253	0	253	253	
0.4	0.5	1	412	12	4	99	15147	99	15147	0.00307071	0.000703526	0.003	0.01	153	0	153	153	
0.4	0.5	43	413	12	4	100	13698	100	13698	0.003	0	0.003	0.003	136.98	0.2	135	137	
0.4	0.5	8	414	2	4	100	19300	100	19300	0.003	0	0.003	0.003	193	0	193	193	
0.4	0.5	55	415	1	4	98	12250	99	12375	0.00314141	0.000989847	0.003	0.01	125	0	125	125	
0.4	0.5	41	416	28	4	67	4489	66	4422	0.003	0	0.003	0.003	67	0	67	67	
0.4	0.5	6	417	8	4	100	12500	100	12500	0.003	0	0.003	0.003	125	0	125	125	
0.4	0.5	39	418	22	4	72	1584	70	1540	0.003	0	0.003	0.003	22	0	22	22	
0.4	0.5	24	419	11	4	100	23300	100	23300	0.003	0	0.003	0.003	233	0	233	233	
0.4	0.5	33	420	7	4	100	69300	100	69300	0.003	0	0.003	0.003	693	0	693	693	
0.4	0.5	38	421	2	4	97	28851	97	28851	0.00321649	0.00121815	0.003	0.01	297.433	22.7637	253	309	
0.4	0.5	32	422	5	4	100	62100	100	62100	0.003	0	0.003	0.003	621	0	621	621	
0.4	0.5	46	423	6	4	100	46900	100	46900	0.003	0	0.003	0.003	469	0	469	469	
0.4	0.5	20	424	1	4	100	51699	100	51699	0.003	0	0.003	0.003	516.99	0.1	516	517	
0.4	0.5	37	425	8	4	80	24079	80	24079	0.003	0	0.003	0.003	300.987	0.111803	300	301	
0.4	0.5	33	426	3	4	100	80700	100	80700	0.003	0	0.003	0.003	807	0	807	807	
0.4	0.5	52	427	27	4	66	2112	67	2144	0.003	0	0.003	0.003	32	0	32	32	
0.4	0.5	47	428	1	4	100	30900	100	30900	0.003	0	0.003	0.003	309	0	309	309	
0.4	0.5	10	429	6	4	100	30100	100	30100	0.003	0	0.003	0.003	301	0	301	301	
0.4	0.5	37	430	16	4	92	4508	92	4508	0.003	0	0.003	0.003	49	0	49	49	
0.4	0.5	55	431	7	4	100	19300	100	19300	0.003	0	0.003	0.003	193	0	193	193	
0.4	0.5	2	432	3	4	100	23300	100	23300	0.003	0	0.003	0.003	233	0	233	233	
0.4	0.5	30	433	9	4	100	38900	100	38900	0.003	0	0.003	0.003	389	0	389	389	
0.4	0.5	14	434	1	4	50	11650	51	11883	0.00986274	0.000980196	0.003	0.01	233	0	233	233	
0.4	0.5	22	435	7	4	100	32498	100	32498	0.003	0	0.003	0.003	324.98	0.2	323	325	
0.4	0.5	43	436	7	4	100	38900	100	38900	0.003	0	0.003	0.003	389	0	389	389	
0.4	0.5	16	437	10	4	100	25299	100	25299	0.003	0	0.003	0.003	252.99	0.1	252	253	
0.4	0.5	46	438	3	4	100	15700	100	15700	0.003	0	0.003	0.003	157	0	157	157	
0.4	0.5	31	439	2	4	100	30100	100	30100	0.003	0	0.003	0.003	301	0	301	301	
0.4	0.5	41	440	35	4	66	4422	67	4489	0.003	0	0.003	0.003	67	0	67	67	
0.4	0.5	55	441	8	4	95	6365	96	6432	0.00336458	0.00156353	0.003	0.01	67	0	67	67	
0.4	0.5	23	442	3	4	100	30900	100	30900	0.003	0	0.003	0.003	309	0	309	309	
0.4	0.5	48	443	8	4	100	32500	100	32500	0.003	0	0.003	0.003	325	0	325	325	
0.4	0.5	24	444	15	4	100	26900	100	26900	0.003	0	0.003	0.003	269	0	269	269	
0.4	0.5	35	445	5	4	100	30100	100	30100	0.003	0	0.003	0.003	301	0	301	301	
0.4	0.5	9	446	6	4	100	32500	100	32500	0.003	0	0.003	0.003	325	0	325	325	
0.4	0.5	6	447	15	4	100	19299	100	19299	0.003	0	0.003	0.003	192.99	0.1	192	193	
0.4	0.5	46	448	9	4	100	20099	100	20099	0.003	0	0.003	0.003	200.99	0.1	200	201	
0.4	0.5	10	449	2	4	100	105729	100	105807	0.003	0	0.003	0.003	1058.07	8.5991	1056	1095	
0.4	0.5	52	450	26	4	66	8250	67	8375	0.003	0	0.003	0.003	125	0	125	125	
0.4	0.5	36	451	9	4	100	35540	100	35540	0.003	0	0.003	0.003	355.4	63.0844	325	485	
0.4	0.5	28	452	1	4	100	25300	100	25300	0.003	0	0.003	0.003	253	0	253	253	
0.4	0.5	51	453	9	4	100	15700	100	15700	0.003	0	0.003	0.003	157	0	157	157	
0.4	0.5	14	454	2	4	100	80700	100	80700	0.003	0	0.003	0.003	807	0	807	807	
0.4	0.5	37	455	9	4	71	2272	72	2304	0.003875	0.00233128	0.003	0.01	32	0	32	32	
0.4	0.5	8	456	10	4	100	9698	100	9698	0.003	0	0.003	0.003	96.98	0.2	95	97	
0.4	0.5	29	457	3	4	98	22834	97	22601	0.00307216	0.000710742	0.003	0.01	233	0	233	233	
0.4	0.5	19	458	7	4	100	30900	100	30900	0.003	0	0.003	0.003	309	0	309	309	
0.4	0.5	39	459	28	4	68	3332	67	3283	0.00320895	0.00120022	0.003	0.01	49	0	49	49	
0.4	0.5	30	460	4	4	100	20100	100	20100	0.003	0	0.003	0.003	201	0	201	201	
0.4	0.5	28	461	4	4	70	16982	69	16833	0.00624638	0.00351637	0.003	0.01	243.957	19.8542	201	253	
0.4	0.5	48	462	5	4	100	38900	100	38900	0.003	0	0.003	0.003	389	0	389	389	
0.4	0.5	17	463	4	4	95	58995	96	59616	0.00336458	0.00156353	0.003	0.01	621	0	621	621	
0.4	0.5	2	464	20	4	100	26900	100	26900	0.003	0	0.003	0.003	269	0	269	269	
0.4	0.5	47	465	6	4	100	20100	100	20100	0.003	0	0.003	0.003	201	0	201	201	
0.4	0.5	5	466	2	4	39	3783	39	3783	0.003	0	0.003	0.003	97	0	97	97	
0.4	0.5	42	467	7	4	100	19300	100	19300	0.003	0	0.003	0.003	193	0	193	193	
0.4	0.5	21	468	21	4	100	9700	100	9700	0.003	0	0.003	0.003	97	0	97	97	
0.4	0.5	57	469	8	4	50	15450	49	15141	0.01	0	0.01	0.01	309	0	309	309	
0.4	0.5	55	470	3	4	100	6700	100	6700	0.003	0	0.003	0.003	67	0	67	67	
0.4	0.5	15	471	9	4	100	74898	100	74898	0.003	0	0.003	0.003	748.98	0.2	747	749	
0.4	0.5	52	472	20	4	67	6498	67	6498	0.003	0	0.003	0.003	96.9851	0.122169	96	97	
0.4	0.5	57	473	9	4	63	15939	63	15939	0.00722222	0.00345218	0.003	0.01	253	0	253	253	
0.4	0.5	5	474	3	4	39	3783	39	3783	0.00587179	0.00348817	0.003	0.01	97	0	97	97	
0.4	0.5	4	475	3	4	100	48500	100	48500	0.003	0	0.003	0.003	485	0	485	485	
0.4	0.5	37	476	11	4	80	7760	79	7663	0.003	0	0.003	0.003	97	0	97	97	
0.4	0.5	21	477	3	4	90	14490	90	14490	0.0037	0.00211176	0.003	0.01	161	0	161	161	
0.4	0.5	39	478	12	4	72	5544	71	5467	0.003	0	0.003	0.003	77	0	77	77	
0.4	0.5	25	479	5	4	100	20098	100	20098	0.003	0	0.003	0.003	200.98	0.2	199	201	
0.4	0.5	12	480	6	4	100	38898	100	38898	0.003	0	0.003	0.003	388.98	0.2	387	389	
0.4	0.5	26	481	2	4	100	38900	100	38900	0.003	0	0.003	0.003	389	0	389	389	
0.4	0.5	52	482	40	4	68	5236	67	5159	0.003	0	0.003	0.003	77	0	77	77	
0.4	0.5	2	483	21	4	100	12498	100	12498	0.003	0	0.003	0.003	124.98	0.2	123	125	
0.4	0.5	42	484	13	4	100	19300	100	19300	0.003	0	0.003	0.003	193	0	193	193	
0.4	0.5	17	485	2	4	100	27700	100	27700	0.003	0	0.003	0.003	277	0	277	277	
0.4	0.5	39	486	9	4	72	4824	72	4824	0.003	0	0.003	0.003	67	0	67	67	
0.4	0.5	21	487	13	4	100	7700	100	7700	0.003	0	0.003	0.003	77	0	77	77	
0.4	0.5	11	488	6	4	100	74900	100	74900	0.003	0	0.003	0.003	749	0	749	749	
0.4	0.5	33	489	6	4	100	48499	100	48499	0.003	0	0.003	0.003	484.99	0.1	484	485	
0.4	0.5	16	490	5	4	100	25300	100	25300	0.003	0	0.003	0.003	253	0	253	253	
0.4	0.5	52	491	12	4	67	4489	67	4489	0.003	0	0.003	0.003	67	0	67	67	
0.4	0.5	9	492	3	4	100	30900	100	30900	0.003	0	0.003	0.003	309	0	309	309	
0.4	0.5	54	493	2	4	100	106300	100	106300	0.003	0	0.003	0.003	1063	0	1063	1063	
0.4	0.5	51	494	3	4	56	17304	58	17922	0.00855172	0.00286033	0.003	0.01	309	0	309	309	
0.4	0.5	57	495	4	4	100	46900	100	46900	0.003	0	0.003	0.003	469	0	469	469	
0.4	0.5	30	496	11	4	100	15700	100	15700	0.003	0	0.003	0.003	157	0	157	157	
0.4	0.5	14	497	4	4	100	45300	99	44847	0.003	0	0.003	0.003	453	0	453	453	
0.4	0.5	18	498	1	4	100	20100	100	20100	0.003	0	0.003	0.003	201	0	201	201	
0.4	0.5	43	499	4	4	100	20099	100	20099	0.003	0	0.003	0.003	200.99	0.1	200	201	
0.4	0.5	19	500	3	4	100	25300	100	25300	0.003	0	0.003	0.003	253	0	253	253	
0.4	0.5	37	501	3	4	80	7760	80	7760	0.003	0	0.003	0.003	97	0	97	97	
0.4	0.5	39	502	32	4	71	13703	72	13896	0.003	0	0.003	0.003	193	0	193	193	
0.4	0.5	16	503	2	4	100	13700	100	13700	0.003	0	0.003	0.003	137	0	137	137	
0.4	0.5	8	504	6	4	100	6700	100	6700	0.003	0	0.003	0.003	67	0	67	67	
0.4	0.5	27	505	4	4	100	20100	100	20100	0.003	0	0.003	0.003	201	0	201	201	
0.4	0.5	47	506	9	4	100	13700	100	13700	0.003	0	0.003	0.003	137	0	137	137	
0.4	0.5	43	507	3	4	100	25300	100	25300	0.003	0	0.003	0.003	253	0	253	253	
0.4	0.5	29	508	1	4	100	105600	100	105600	0.003	0	0.003	0.003	1056	0	1056	1056	
0.4	0.5	41	509	3	4	81	2590	81	2590	0.003	0	0.003	0.003	31.9753	0.222222	30	32	
0.4	0.5	15	510	1	4	100	20100	100	20100	0.003	0	0.003	0.003	201	0	201	201	
0.4	0.5	34	511	13	4	100	7700	100	7700	0.003	0	0.003	0.003	77	0	77	77	
0.4	0.5	41	512	33	4	67	10787	67	10787	0.003	0	0.003	0.003	161	0	161	161	
0.4	0.5	34	513	14	4	100	16100	100	16100	0.003	0	0.003	0.003	161	0	161	161	
0.4	0.5	17	514	1	4	49	15533	49	15533	0.01	0	0.01	0.01	317	0	317	317	
0.4	0.5	2	515	15	4	99	23067	99	23067	0.00307071	0.000703526	0.003	0.01	233	0	233	233	
0.4	0.5	52	516	6	4	44	4268	44	4268	0.00745454	0.00340625	0.003	0.01	97	0	97	97	
0.4	0.5	38	517	11	4	93	17901	93	17857	0.00345161	0.00172901	0.003	0.01	192.011	17.8365	157	201	
0.4	0.5	34	518	15	4	100	9700	100	9700	0.003	0	0.003	0.003	97	0	97	97	
0.4	0.5	11	519	2	4	100	46900	100	46900	0.003	0	0.003	0.003	469	0	469	469	
0.4	0.5	47	520	7	4	98	13426	99	13563	0.00314141	0.000989847	0.003	0.01	137	0	137	137	
0.4	0.5	43	521	5	4	100	30900	100	30900	0.003	0	0.003	0.003	309	0	309	309	
0.4	0.5	9	522	1	4	88	13816	86	13502	0.00397674	0.00243975	0.003	0.01	157	0	157	157	
0.4	0.5	39	523	10	4	72	9000	72	9000	0.003	0	0.003	0.003	125	0	125	125	
0.4	0.5	18	524	6	4	100	15700	100	15700	0.003	0	0.003	0.003	157	0	157	157	
0.4	0.5	42	525	9	4	100	26900	100	26900	0.003	0	0.003	0.003	269	0	269	269	
0.4	0.5	6	526	12	4	100	23300	100	23300	0.003	0	0.003	0.003	233	0	233	233	
0.4	0.5	31	527	3	4	100	23300	100	23300	0.003	0	0.003	0.003	233	0	233	233	
0.4	0.5	21	528	15	4	100	15300	100	15300	0.003	0	0.003	0.003	153	0	153	153	
0.4	0.5	48	529	1	4	100	74900	100	74900	0.003	0	0.003	0.003	749	0	749	749	
0.4	0.5	34	530	7	4	100	16100	100	16100	0.003	0	0.003	0.003	161	0	161	161	
0.4	0.5	39	531	35	4	71	8875	72	9000	0.003	0	0.003	0.003	125	0	125	125	
0.4	0.5	4	532	8	4	100	105715	100	105793	0.003	0	0.003	0.003	1057.93	8.45697	1056	1095	
0.4	0.5	21	533	25	4	100	19300	100	19300	0.003	0	0.003	0.003	193	0	193	193	
0.4	0.5	38	534	3	4	61	9357	62	9494	0.00729032	0.00343744	0.003	0.01	153.129	7.96608	137	157	
0.4	0.5	21	535	23	4	100	15300	100	15300	0.003	0	0.003	0.003	153	0	153	153	
0.4	0.5	11	536	7	4	99	25047	99	25047	0.00307071	0.000703526	0.003	0.01	253	0	253	253	
0.4	0.5	2	537	14	4	100	9698	100	9698	0.003	0	0.003	0.003	96.98	0.2	95	97	
0.4	0.5	21	538	1	4	87	13311	88	13464	0.003875	0.0023283	0.003	0.01	153	0	153	153	
0.4	0.5	12	539	11	4	100	13700	100	13700	0.003	0	0.003	0.003	137	0	137	137	
0.4	0.5	42	540	2	4	100	4899	100	4899	0.003	0	0.003	0.003	48.99	0.1	48	49	
0.4	0.5	19	541	1	4	100	20098	100	20098	0.003	0	0.003	0.003	200.98	0.2	199	201	
0.4	0.5	41	542	7	4	67	6499	68	6596	0.003	0	0.003	0.003	97	0	97	97	
0.4	0.5	2	543	1	4	100	4900	100	4900	0.003	0	0.003	0.003	49	0	49	49	
0.4	0.5	43	544	1	4	51	8006	50	7849	0.01	0	0.01	0.01	156.98	0.141421	156	157	
0.4	0.5	9	545	2	4	100	32498	100	32498	0.003	0	0.003	0.003	324.98	0.2	323	325	
0.4	0.5	52	546	28	4	67	3283	68	3332	0.003	0	0.003	0.003	49	0	49	49	
0.4	0.5	6	547	11	4	100	7700	100	7700	0.003	0	0.003	0.003	77	0	77	77	
0.4	0.5	4	548	7	4	100	20900	100	20900	0.003	0	0.003	0.003	209	0	209	209	
0.4	0.5	38	549	4	4	49	12397	51	12903	0.01	0	0.01	0.01	253	0	253	253	
0.4	0.5	55	550	6	4	100	12499	100	12499	0.003	0	0.003	0.003	124.99	0.1	124	125	
0.4	0.5	29	551	6	4	100	80700	100	80700	0.003	0	0.003	0.003	807	0	807	807	
0.4	0.5	56	552	4	4	100	38898	100	38898	0.003	0	0.003	0.003	388.98	0.2	387	389	
0.4	0.5	40	553	3	4	76	11931	77	12088	0.00527273	0.00329927	0.003	0.01	156.987	0.113961	156	157	
0.4	0.5	9	554	10	4	100	62100	100	62100	0.003	0	0.003	0.003	621	0	621	621	
0.4	0.5	42	555	12	4	100	3200	97	3104	0.003	0	0.003	0.003	32	0	32	32	
0.4	0.5	57	556	10	4	100	53300	100	53300	0.003	0	0.003	0.003	533	0	533	533	
0.4	0.5	54	557	4	4	100	31700	100	31700	0.003	0	0.003	0.003	317	0	317	317	
0.4	0.5	13	558	4	4	100	15698	100	15698	0.003	0	0.003	0.003	156.98	0.2	155	157	
0.4	0.5	37	559	15	4	73	7079	73	7079	0.00367123	0.00207535	0.003	0.01	96.9726	0.234082	95	97	
0.4	0.5	12	560	1	4	100	25300	100	25300	0.003	0	0.003	0.003	253	0	253	253	
0.4	0.5	21	561	11	4	100	4900	100	4900	0.003	0	0.003	0.003	49	0	49	49	
0.4	0.5	2	562	13	4	96	7392	97	7469	0.00336082	0.00155581	0.003	0.01	77	0	77	77	
0.4	0.5	42	563	10	4	100	23300	100	23300	0.003	0	0.003	0.003	233	0	233	233	
0.4	0.5	41	564	30	4	82	5494	81	5427	0.003	0	0.003	0.003	67	0	67	67	
0.4	0.5	27	565	9	4	100	15700	100	15700	0.003	0	0.003	0.003	157	0	157	157	
0.4	0.5	41	566	4	4	71	3477	72	3526	0.003	0	0.003	0.003	48.9722	0.235702	47	49	
0.4	0.5	10	567	8	4	100	59700	100	59700	0.003	0	0.003	0.003	597	0	597	597	
0.4	0.5	8	568	8	4	100	15300	100	15300	0.003	0	0.003	0.003	153	0	153	153	
0.4	0.5	39	569	25	4	71	2272	70	2240	0.0031	0.00083666	0.003	0.01	32	0	32	32	
0.4	0.5	7	570	4	4	100	20900	100	20900	0.003	0	0.003	0.003	209	0	209	209	
0.4	0.5	1	571	3	4	100	6700	100	6700	0.003	0	0.003	0.003	67	0	67	67	
0.4	0.5	11	572	10	4	99	30591	99	30591	0.00307071	0.000703526	0.003	0.01	309	0	309	309	
0.4	0.5	6	573	3	4	94	35062	95	35435	0.0034421	0.00171176	0.003	0.01	373	0	373	373	
0.4	0.5	53	574	4	4	100	20900	100	20900	0.003	0	0.003	0.003	209	0	209	209	
0.4	0.5	28	575	3	4	82	16482	83	16683	0.00451807	0.00290232	0.003	0.01	201	0	201	201	
0.4	0.5	28	576	2	4	82	25338	82	25338	0.00462195	0.00297164	0.003	0.01	309	0	309	309	
0.4	0.5	13	577	9	4	100	32500	100	32500	0.003	0	0.003	0.003	325	0	325	325	
0.4	0.5	36	578	3	4	71	11527	70	11370	0.0059	0.00347308	0.003	0.01	162.429	19.7143	157	233	
0.4	0.5	3	579	5	4	100	30900	100	30900	0.003	0	0.003	0.003	309	0	309	309	
0.4	0.5	37	580	23	4	80	12880	80	12880	0.003	0	0.003	0.003	161	0	161	161	
0.4	0.5	25	581	2	4	53	8321	53	8321	0.00933962	0.00206568	0.003	0.01	157	0	157	157	
0.4	0.5	57	582	2	4	100	25299	100	25299	0.003	0	0.003	0.003	252.99	0.1	252	253	
0.4	0.5	39	583	14	4	70	4690	69	4623	0.0032029	0.00118296	0.003	0.01	67	0	67	67	
0.4	0.5	42	584	11	4	100	7700	100	7700	0.003	0	0.003	0.003	77	0	77	77	
0.4	0.5	37	585	4	4	90	14490	88	14168	0.00331818	0.00146645	0.003	0.01	161	0	161	161	
0.4	0.5	37	586	13	4	87	8439	87	8439	0.003	0	0.003	0.003	97	0	97	97	
0.4	0.5	41	587	14	4	62	3038	61	2989	0.00368852	0.00210191	0.003	0.01	49	0	49	49	
0.4	0.5	45	588	5	4	100	20100	100	20100	0.003	0	0.003	0.003	201	0	201	201	
0.4	0.5	52	589	8	4	68	5236	69	5313	0.003	0	0.003	0.003	77	0	77	77	
0.4	0.5	55	590	11	4	96	9311	96	9311	0.00329167	0.00140613	0.003	0.01	96.9896	0.102062	96	97	
0.4	0.5	54	591	3	4	100	77500	100	77500	0.003	0	0.003	0.003	775	0	775	775	
0.4	0.5	53	592	2	4	100	105600	100	105600	0.003	0	0.003	0.003	1056	0	1056	1056	
0.4	0.5	46	593	2	4	100	13698	100	13698	0.003	0	0.003	0.003	136.98	0.2	135	137	
0.4	0.5	9	594	5	4	100	15700	100	15700	0.003	0	0.003	0.003	157	0	157	157	
0.4	0.5	56	595	6	4	100	59699	100	59699	0.003	0	0.003	0.003	596.99	0.1	596	597	
0.4	0.5	37	596	31	4	80	12880	81	13041	0.00369136	0.00210144	0.003	0.01	161	0	161	161	
0.4	0.5	5	597	8	4	36	2772	36	2772	0.00902778	0.00245515	0.003	0.01	77	0	77	77	
0.4	0.5	51	598	11	4	100	30900	100	30900	0.003	0	0.003	0.003	309	0	309	309	
0.4	0.5	44	599	4	4	100	59698	100	59698	0.003	0	0.003	0.003	596.98	0.2	595	597	
0.4	0.5	38	600	8	4	62	11890	62	11890	0.00729032	0.00343744	0.003	0.01	191.774	18.0577	157	201	
0.4	0.5	51	601	2	4	100	53298	100	53298	0.003	0	0.003	0.003	532.98	0.2	531	533	
0.4	0.5	9	602	8	4	100	53298	100	53298	0.003	0	0.003	0.003	532.98	0.2	531	533	
0.4	0.5	44	603	3	4	100	30100	100	30100	0.003	0	0.003	0.003	301	0	301	301	
0.4	0.5	34	604	10	4	100	6700	100	6700	0.003	0	0.003	0.003	67	0	67	67	
0.4	0.5	37	605	34	4	91	8826	91	8826	0.003	0	0.003	0.003	96.989	0.104828	96	97	
0.4	0.5	23	606	1	4	100	46899	100	46899	0.003	0	0.003	0.003	468.99	0.1	468	469	
0.4	0.5	4	607	1	4	100	48500	100	48500	0.003	0	0.003	0.003	485	0	485	485	
0.4	0.5	18	608	7	4	49	7693	50	7850	0.01	0	0.01	0.01	157	0	157	157	
0.4	0.5	32	609	6	4	100	51700	100	51700	0.003	0	0.003	0.003	517	0	517	517	
0.4	0.5	47	610	2	4	49	7692	51	8006	0.01	0	0.01	0.01	156.98	0.140028	156	157	
0.4	0.5	48	611	2	4	96	19296	95	19095	0.00329474	0.00141326	0.003	0.01	201	0	201	201	
0.4	0.5	38	612	10	4	100	25299	100	25299	0.003	0	0.003	0.003	252.99	0.1	252	253	
0.4	0.5	2	613	12	4	100	15300	100	15300	0.003	0	0.003	0.003	153	0	153	153	
0.4	0.5	39	614	31	4	68	4556	69	4623	0.00330435	0.00143798	0.003	0.01	67	0	67	67	
0.4	0.5	2	615	18	4	100	12498	100	12498	0.003	0	0.003	0.003	124.98	0.2	123	125	
0.4	0.5	52	616	29	4	66	6401	67	6498	0.003	0	0.003	0.003	96.9851	0.122169	96	97	
0.4	0.5	9	617	11	4	100	53300	100	53300	0.003	0	0.003	0.003	533	0	533	533	
0.4	0.5	34	618	1	4	76	5851	75	5774	0.00524	0.00328732	0.003	0.01	76.9867	0.11547	76	77	
0.4	0.5	8	619	3	4	66	5082	65	5005	0.00666154	0.00352348	0.003	0.01	77	0	77	77	
0.4	0.5	19	620	4	4	86	11782	86	11782	0.00405814	0.00252216	0.003	0.01	137	0	137	137	
0.4	0.5	5	621	46	4	39	7527	38	7334	0.003	0	0.003	0.003	193	0	193	193	
0.4	0.5	23	622	10	4	100	30900	100	30900	0.003	0	0.003	0.003	309	0	309	309	
0.4	0.5	34	623	3	4	100	37298	100	37298	0.003	0	0.003	0.003	372.98	0.2	371	373	
0.4	0.5	2	624	2	4	100	9700	100	9700	0.003	0	0.003	0.003	97	0	97	97	
0.4	0.5	39	625	4	4	71	3477	72	3526	0.003	0	0.003	0.003	48.9722	0.235702	47	49	
0.4	0.5	22	626	1	4	99	74151	99	74151	0.00307071	0.000703526	0.003	0.01	749	0	749	749	
0.4	0.5	13	627	2	4	100	15699	100	15699	0.003	0	0.003	0.003	156.99	0.1	156	157	
0.4	0.5	43	628	8	4	100	13700	100	13700	0.003	0	0.003	0.003	137	0	137	137	
0.4	0.5	53	629	8	4	100	23300	100	23300	0.003	0	0.003	0.003	233	0	233	233	
0.4	0.5	53	630	5	4	100	23300	100	23300	0.003	0	0.003	0.003	233	0	233	233	
0.4	0.5	31	631	5	4	100	69300	100	69300	0.003	0	0.003	0.003	693	0	693	693	
0.4	0.5	21	632	10	4	100	26900	100	26900	0.003	0	0.003	0.003	269	0	269	269	
0.4	0.5	57	633	3	4	99	25047	99	25047	0.00307071	0.000703526	0.003	0.01	253	0	253	253	
0.4	0.5	52	634	16	4	66	3234	66	3234	0.003	0	0.003	0.003	49	0	49	49	
0.4	0.5	37	635	30	4	81	3969	81	3969	0.003	0	0.003	0.003	49	0	49	49	
0.4	0.5	10	636	7	4	100	105729	100	105807	0.003	0	0.003	0.003	1058.07	8.5991	1056	1095	
0.4	0.5	41	637	37	4	65	8125	66	8250	0.00342424	0.00168304	0.003	0.01	125	0	125	125	
0.4	0.5	34	638	8	4	100	4900	100	4900	0.003	0	0.003	0.003	49	0	49	49	
0.4	0.5	45	639	1	4	49	7693	51	8007	0.01	0	0.01	0.01	157	0	157	157	
0.4	0.5	5	640	14	4	34	5474	35	5635	0.003	0	0.003	0.003	161	0	161	161	
0.4	0.5	41	641	13	4	62	4154	63	4221	0.00355555	0.00190735	0.003	0.01	67	0	67	67	
0.4	0.5	41	642	12	4	67	24988	67	24988	0.003	0	0.003	0.003	372.955	0.271519	371	373	
0.4	0.5	44	643	5	4	100	30099	100	30099	0.003	0	0.003	0.003	300.99	0.1	300	301	
0.4	0.5	21	644	19	4	100	37300	100	37300	0.003	0	0.003	0.003	373	0	373	373	
0.4	0.5	33	645	4	4	99	29799	99	29799	0.00307071	0.000703526	0.003	0.01	301	0	301	301	
0.4	0.5	21	646	4	4	100	4900	100	4900	0.003	0	0.003	0.003	49	0	49	49	
0.4	0.5	37	647	25	4	87	4263	87	4263	0.003	0	0.003	0.003	49	0	49	49	
0.4	0.5	47	648	8	4	75	11775	76	11932	0.00521053	0.00327543	0.003	0.01	157	0	157	157	
0.4	0.5	37	649	5	4	80	5360	80	5360	0.003	0	0.003	0.003	67	0	67	67	
0.4	0.5	7	650	3	4	100	59698	100	59698	0.003	0	0.003	0.003	596.98	0.2	595	597	
0.4	0.5	20	651	5	4	100	64500	100	64500	0.003	0	0.003	0.003	645	0	645	645	
0.4	0.5	52	652	7	4	93	4557	92	4508	0.003	0	0.003	0.003	49	0	49	49	
0.4	0.5	8	653	11	4	100	4900	100	4900	0.003	0	0.003	0.003	49	0	49	49	
0.4	0.5	12	654	8	4	87	21283	90	22146	0.00401111	0.00247456	0.003	0.01	246.067	17.7756	201	253	
0.4	0.5	13	655	5	4	100	20100	100	20100	0.003	0	0.003	0.003	201	0	201	201	
0.4	0.5	12	656	7	4	100	20100	100	20100	0.003	0	0.003	0.003	201	0	201	201	
0.4	0.5	55	657	4	4	100	3198	98	3134	0.003	0	0.003	0.003	31.9796	0.202031	30	32	
0.4	0.5	41	658	24	4	67	3283	66	3234	0.003	0	0.003	0.003	49	0	49	49	
0.4	0.5	6	659	6	4	100	26898	100	26898	0.003	0	0.003	0.003	268.98	0.2	267	269	
0.4	0.5	29	660	5	4	100	45300	100	45300	0.003	0	0.003	0.003	453	0	453	453	
0.4	0.5	5	661	7	4	37	5957	38	6118	0.00392105	0.00239799	0.003	0.01	161	0	161	161	
0.4	0.5	5	662	51	4	36	4500	37	4625	0.00716216	0.0034842	0.003	0.01	125	0	125	125	
0.4	0.5	5	663	4	4	37	7140	37	7140	0.00356757	0.00193707	0.003	0.01	192.973	0.164399	192	193	
0.4	0.5	5	664	26	4	37	3589	38	3686	0.0048421	0.00312381	0.003	0.01	97	0	97	97	
0.4	0.5	5	665	28	4	36	6948	36	6948	0.003	0	0.003	0.003	193	0	193	193	
0.4	0.5	24	666	16	4	100	7699	100	7699	0.003	0	0.003	0.003	76.99	0.1	76	77	
0.4	0.5	6	667	5	4	98	12250	99	12375	0.00314141	0.000989847	0.003	0.01	125	0	125	125	
0.4	0.5	43	668	6	4	100	74900	100	74900	0.003	0	0.003	0.003	749	0	749	749	
0.4	0.5	5	669	21	4	35	4375	36	4500	0.003	0	0.003	0.003	125	0	125	125	
0.4	0.5	1	670	1	4	100	6700	100	6700	0.003	0	0.003	0.003	67	0	67	67	
0.4	0.5	25	671	4	4	99	15542	99	15542	0.00307071	0.000703526	0.003	0.01	156.99	0.100504	156	157	
0.4	0.5	43	672	9	4	100	32499	100	32499	0.003	0	0.003	0.003	324.99	0.1	324	325	
0.4	0.5	24	673	26	4	100	23300	100	23300	0.003	0	0.003	0.003	233	0	233	233	
0.4	0.5	24	674	7	4	77	5929	77	5929	0.005	0.00318301	0.003	0.01	77	0	77	77	
0.4	0.5	5	675	43	4	36	8388	35	8155	0.003	0	0.003	0.003	233	0	233	233	
0.4	0.5	1	676	15	4	70	8750	70	8750	0.0059	0.00347308	0.003	0.01	125	0	125	125	
0.4	0.5	43	677	11	4	100	20100	100	20100	0.003	0	0.003	0.003	201	0	201	201	
0.4	0.5	5	678	64	4	35	9415	35	9415	0.003	0	0.003	0.003	269	0	269	269	
0.4	0.5	5	679	31	4	37	4625	36	4500	0.003	0	0.003	0.003	125	0	125	125	
0.4	0.5	24	680	14	4	100	16100	100	16100	0.003	0	0.003	0.003	161	0	161	161	
0.4	0.5	24	681	22	4	78	6006	79	6083	0.00503797	0.00320033	0.003	0.01	77	0	77	77	
0.4	0.5	5	682	33	4	36	5508	35	5355	0.003	0	0.003	0.003	153	0	153	153	
0.4	0.5	5	683	32	4	35	2345	33	2211	0.00490909	0.00316587	0.003	0.01	67	0	67	67	
0.4	0.5	5	684	30	4	35	4375	35	4375	0.0036	0.0019882	0.003	0.01	125	0	125	125	
0.4	0.5	5	685	13	4	35	8155	36	8388	0.003	0	0.003	0.003	233	0	233	233	
0.4	0.5	5	686	47	4	36	6948	35	6755	0.003	0	0.003	0.003	193	0	193	193	
0.4	0.5	6	687	1	4	100	23300	100	23300	0.003	0	0.003	0.003	233	0	233	233	
0.4	0.5	24	688	25	4	100	16100	100	16100	0.003	0	0.003	0.003	161	0	161	161	
0.4	0.5	5	689	60	4	37	8621	37	8621	0.003	0	0.003	0.003	233	0	233	233	
0.4	0.5	5	690	29	4	37	2849	37	2849	0.0082973	0.00304471	0.003	0.01	77	0	77	77	
0.4	0.5	5	691	12	4	36	4500	36	4500	0.003	0	0.003	0.003	125	0	125	125	
0.4	0.5	1	692	6	4	100	16100	100	16100	0.003	0	0.003	0.003	161	0	161	161	
0.4	0.5	5	693	39	4	35	4375	34	4250	0.00341176	0.00167183	0.003	0.01	125	0	125	125	
0.4	0.5	5	694	19	4	34	2618	34	2618	0.00629412	0.00354648	0.003	0.01	77	0	77	77	
0.4	0.5	24	695	28	4	100	19300	100	19300	0.003	0	0.003	0.003	193	0	193	193	
0.4	0.5	5	696	38	4	37	7139	36	6946	0.003	0	0.003	0.003	192.944	0.333333	191	193	
0.4	0.5	5	697	62	4	37	13801	37	13801	0.0047027	0.00304471	0.003	0.01	373	0	373	373	
0.4	0.5	1	698	9	4	91	14651	92	14812	0.00368478	0.00209095	0.003	0.01	161	0	161	161	
0.4	0.5	5	699	50	4	38	10222	38	10222	0.003	0	0.003	0.003	269	0	269	269	
0.4	0.5	5	700	24	4	35	6755	36	6948	0.003	0	0.003	0.003	193	0	193	193	
0.4	0.5	5	701	5	4	40	14920	41	15293	0.003	0	0.003	0.003	373	0	373	373	
0.4	0.5	1	702	18	4	100	16099	100	16099	0.003	0	0.003	0.003	160.99	0.1	160	161	
0.4	0.5	5	703	22	4	39	3003	41	3157	0.0062439	0.00353398	0.003	0.01	77	0	77	77	
0.4	0.5	1	704	5	4	100	37296	100	37297	0.003	0	0.003	0.003	372.97	0.222702	371	373	
0.4	0.5	5	705	53	4	37	2849	38	2924	0.00336842	0.00158406	0.003	0.01	76.9474	0.324443	75	77	
0.4	0.5	5	706	58	4	36	4500	36	4500	0.003	0	0.003	0.003	125	0	125	125	
0.4	0.5	24	707	24	4	100	26900	100	26900	0.003	0	0.003	0.003	269	0	269	269	
0.4	0.5	1	708	10	4	100	6700	100	6700	0.003	0	0.003	0.003	67	0	67	67	
0.4	0.5	5	709	44	4	35	13055	34	12682	0.003	0	0.003	0.003	373	0	373	373	
0.4	0.5	5	710	52	4	36	2772	36	2772	0.00844444	0.00295146	0.003	0.01	77	0	77	77	
0.4	0.5	24	711	23	4	100	26900	100	26900	0.003	0	0.003	0.003	269	0	269	269	
0.4	0.5	5	712	61	4	36	2770	36	2770	0.00358333	0.00196214	0.003	0.01	76.9444	0.333333	75	77	
0.4	0.5	24	713	21	4	100	6700	100	6700	0.003	0	0.003	0.003	67	0	67	67	
0.4	0.5	5	714	15	4	35	4375	36	4500	0.003	0	0.003	0.003	125	0	125	125	
0.4	0.5	24	715	1	4	99	15939	99	15939	0.00307071	0.000703526	0.003	0.01	161	0	161	161	
0.4	0.5	24	716	27	4	100	19300	100	19300	0.003	0	0.003	0.003	193	0	193	193	
0.4	0.5	5	717	48	4	38	2926	40	3080	0.0072	0.00347297	0.003	0.01	77	0	77	77	
0.4	0.5	5	718	6	4	36	4500	36	4500	0.003	0	0.003	0.003	125	0	125	125	
0.4	0.5	5	719	10	4	37	3589	36	3492	0.00377778	0.00223109	0.003	0.01	97	0	97	97	
0.4	0.5	5	720	42	4	36	5794	35	5633	0.003	0	0.003	0.003	160.943	0.338062	159	161	
0.4	0.5	1	721	11	4	100	7700	100	7700	0.003	0	0.003	0.003	77	0	77	77	
0.4	0.5	1	722	2	4	100	37296	100	37297	0.003	0	0.003	0.003	372.97	0.222702	371	373	
0.4	0.5	24	723	10	4	92	11500	92	11500	0.00360869	0.00198321	0.003	0.01	125	0	125	125	
0.4	0.5	5	724	40	4	36	5796	35	5635	0.003	0	0.003	0.003	161	0	161	161	
0.4	0.5	24	725	3	4	81	10125	79	9875	0.00468354	0.00301085	0.003	0.01	125	0	125	125	
0.4	0.5	5	726	25	4	39	14547	40	14920	0.003	0	0.003	0.003	373	0	373	373	
0.4	0.5	5	727	20	4	37	13800	38	14173	0.003	0	0.003	0.003	372.974	0.162221	372	373	
0.4	0.5	5	728	59	4	36	5796	36	5796	0.00319444	0.00116667	0.003	0.01	161	0	161	161	
0.4	0.5	24	729	12	4	100	16099	100	16099	0.003	0	0.003	0.003	160.99	0.1	160	161	
0.4	0.5	5	730	63	4	35	4375	35	4375	0.0054	0.00337116	0.003	0.01	125	0	125	125	
0.4	0.5	5	731	45	4	40	3880	40	3880	0.005625	0.00343203	0.003	0.01	97	0	97	97	
0.4	0.5	24	732	8	4	92	7084	94	7238	0.00359574	0.00196375	0.003	0.01	77	0	77	77	
0.4	0.5	24	733	5	4	100	15300	100	15300	0.003	0	0.003	0.003	153	0	153	153	
0.4	0.5	5	734	57	4	35	8155	35	8155	0.0034	0.00164853	0.003	0.01	233	0	233	233	
0.4	0.5	25	735	8	4	100	13700	100	13700	0.003	0	0.003	0.003	137	0	137	137	
0.4	0.5	5	736	9	4	35	3393	35	3395	0.0034	0.00164853	0.003	0.01	97	0	97	97	
0.4	0.5	5	737	54	4	36	4500	36	4500	0.00319444	0.00116667	0.003	0.01	125	0	125	125	
0.4	0.5	5	738	16	4	35	13055	36	13428	0.003	0	0.003	0.003	373	0	373	373	
0.4	0.5	24	739	13	4	50	3850	51	3927	0.00986274	0.000980196	0.003	0.01	77	0	77	77	
0.4	0.5	5	740	1	4	38	3686	38	3686	0.00318421	0.00113555	0.003	0.01	97	0	97	97	
0.4	0.5	5	741	11	4	36	6948	36	6948	0.00319444	0.00116667	0.003	0.01	193	0	193	193	
0.4	0.5	1	742	8	4	95	11875	96	12000	0.00336458	0.00156353	0.003	0.01	125	0	125	125	
0.4	0.5	5	743	56	4	35	5635	35	5635	0.003	0	0.003	0.003	161	0	161	161	
0.4	0.5	1	744	13	4	100	37300	100	37300	0.003	0	0.003	0.003	373	0	373	373	
0.4	0.5	5	745	23	4	37	3589	41	3977	0.00658536	0.00354243	0.003	0.01	97	0	97	97	
0.4	0.5	6	746	2	4	100	12500	100	12500	0.003	0	0.003	0.003	125	0	125	125	
0.4	0.5	24	747	4	4	69	6691	68	6594	0.00639706	0.0035245	0.003	0.01	96.9706	0.242536	95	97	
0.4	0.5	1	748	14	4	97	15616	97	15616	0.00321649	0.00121815	0.003	0.01	160.99	0.101535	160	161	
0.4	0.5	1	749	16	4	100	12498	100	12498	0.003	0	0.003	0.003	124.98	0.2	123	125	
0.4	0.5	5	750	49	4	39	3003	40	3080	0.00755	0.00338132	0.003	0.01	77	0	77	77	
