% start	end	CellId	IMSI	RNTI	LCID	nTxPDUs	TxBytes	nRxPDUs	RxBytes	delay	stdDev	min	max	PduSize	stdDev	min	max
0.4	0.5	51	1	9	4	50	8078	51	8235	0.00972549	0.00137227	0.003	0.01	161.471	18.0603	157	233	
0.4	0.5	37	2	34	4	91	11373	91	11373	0.003	0	0.003	0.003	124.978	0.209657	123	125	
0.4	0.5	51	3	8	4	100	17524	100	17524	0.003	0	0.003	0.003	175.24	32.6218	157	233	
0.4	0.5	24	4	8	4	100	15300	100	15300	0.003	0	0.003	0.003	153	0	153	153	
0.4	0.5	1	5	27	4	53	6625	53	6625	0.00762264	0.00334679	0.003	0.01	125	0	125	125	
0.4	0.5	51	6	6	4	100	83204	100	83204	0.003	0	0.003	0.003	832.04	148.515	749	1095	
0.4	0.5	38	7	5	4	100	38900	100	38900	0.003	0	0.003	0.003	389	0	389	389	
0.4	0.5	9	8	9	4	72	23848	73	24285	0.00568493	0.00342733	0.003	0.01	332.671	43.1728	309	453	
0.4	0.5	39	9	34	4	58	4464	56	4310	0.005375	0.00334426	0.003	0.01	76.9643	0.267261	75	77	
0.4	0.5	27	10	9	4	100	36724	100	36724	0.003	0	0.003	0.003	367.24	30.4701	325	389	
0.4	0.5	21	11	21	4	100	6700	100	6700	0.003	0	0.003	0.003	67	0	67	67	
0.4	0.5	26	12	13	4	100	12500	100	12500	0.003	0	0.003	0.003	125	0	125	125	
0.4	0.5	48	13	9	4	68	10676	67	10519	0.00634328	0.00352288	0.003	0.01	157	0	157	157	
0.4	0.5	1	14	8	4	87	32449	87	32449	0.003	0	0.003	0.003	372.977	0.150736	372	373	
0.4	0.5	46	15	3	4	51	12851	50	12598	0.01	0	0.01	0.01	251.96	7.35391	201	253	
0.4	0.5	52	16	8	4	78	2496	78	2496	0.003	0	0.003	0.003	32	0	32	32	
0.4	0.5	21	17	8	4	100	6700	100	6700	0.003	0	0.003	0.003	67	0	67	67	
0.4	0.5	20	18	1	4	100	20100	100	20100	0.003	0	0.003	0.003	201	0	201	201	
0.4	0.5	26	19	8	4	100	19300	100	19300	0.003	0	0.003	0.003	193	0	193	193	
0.4	0.5	55	20	1	4	91	4459	91	4459	0.003	0	0.003	0.003	49	0	49	49	
0.4	0.5	3	21	6	4	100	23300	100	23300	0.003	0	0.003	0.003	233	0	233	233	
0.4	0.5	39	22	7	4	76	28348	77	28721	0.003	0	0.003	0.003	373	0	373	373	
0.4	0.5	1	23	12	4	86	6622	86	6622	0.003	0	0.003	0.003	77	0	77	77	
0.4	0.5	55	24	9	4	92	7084	92	7084	0.00307609	0.0007298	0.003	0.01	77	0	77	77	
0.4	0.5	37	25	31	4	92	34316	92	34316	0.003	0	0.003	0.003	373	0	373	373	
0.4	0.5	34	26	24	4	100	6700	100	6700	0.003	0	0.003	0.003	67	0	67	67	
0.4	0.5	14	27	9	4	100	55346	100	55346	0.003	0	0.003	0.003	553.46	188.775	373	749	
0.4	0.5	7	28	6	4	100	38900	100	38900	0.003	0	0.003	0.003	389	0	389	389	
0.4	0.5	23	29	11	4	100	37297	100	37297	0.003	0	0.003	0.003	372.97	0.171447	372	373	
0.4	0.5	39	30	22	4	71	3479	71	3479	0.003	0	0.003	0.003	49	0	49	49	
0.4	0.5	57	31	6	4	100	25299	100	25299	0.003	0	0.003	0.003	252.99	0.1	252	253	
0.4	0.5	43	32	14	4	100	37300	100	37300	0.003	0	0.003	0.003	373	0	373	373	
0.4	0.5	36	33	3	4	100	34900	100	34900	0.003	0	0.003	0.003	349	0	349	349	
0.4	0.5	41	34	1	4	85	13685	86	13846	0.003	0	0.003	0.003	161	0	161	161	
0.4	0.5	57	35	4	4	100	30900	100	30900	0.003	0	0.003	0.003	309	0	309	309	
0.4	0.5	28	36	7	4	100	20100	100	20100	0.003	0	0.003	0.003	201	0	201	201	
0.4	0.5	11	37	8	4	100	30788	100	30788	0.003	0	0.003	0.003	307.88	7.8795	253	309	
0.4	0.5	51	38	2	4	99	33903	99	33903	0.00307071	0.000703526	0.003	0.01	342.455	61.1227	309	453	
0.4	0.5	55	39	27	4	91	11373	91	11373	0.003	0	0.003	0.003	124.978	0.209657	123	125	
0.4	0.5	2	40	12	4	100	26900	100	26900	0.003	0	0.003	0.003	269	0	269	269	
0.4	0.5	3	41	5	4	100	23300	100	23300	0.003	0	0.003	0.003	233	0	233	233	
0.4	0.5	39	42	32	4	77	14861	76	14668	0.003	0	0.003	0.003	193	0	193	193	
0.4	0.5	6	43	9	4	100	23300	100	23300	0.003	0	0.003	0.003	233	0	233	233	
0.4	0.5	34	44	7	4	89	6853	87	6699	0.00388506	0.00233987	0.003	0.01	77	0	77	77	
0.4	0.5	37	45	35	4	60	5679	61	5756	0.00701639	0.00349042	0.003	0.01	94.3607	6.80204	77	97	
0.4	0.5	2	46	10	4	100	16099	100	16099	0.003	0	0.003	0.003	160.99	0.1	160	161	
0.4	0.5	46	47	11	4	100	38900	100	38900	0.003	0	0.003	0.003	389	0	389	389	
0.4	0.5	37	48	27	4	92	17756	92	17756	0.003	0	0.003	0.003	193	0	193	193	
0.4	0.5	26	49	15	4	100	7700	100	7700	0.003	0	0.003	0.003	77	0	77	77	
0.4	0.5	37	50	5	4	95	6365	95	6365	0.003	0	0.003	0.003	67	0	67	67	
0.4	0.5	52	51	13	4	75	2400	75	2400	0.003	0	0.003	0.003	32	0	32	32	
0.4	0.5	42	52	15	4	59	10907	58	10746	0.00818965	0.00309191	0.003	0.01	185.276	13.813	161	193	
0.4	0.5	23	53	14	4	100	9700	100	9700	0.003	0	0.003	0.003	97	0	97	97	
0.4	0.5	21	54	18	4	100	16100	100	16100	0.003	0	0.003	0.003	161	0	161	161	
0.4	0.5	42	55	17	4	96	24348	95	24079	0.00329474	0.00141326	0.003	0.01	253.463	17.9253	233	269	
0.4	0.5	32	56	11	4	94	27030	93	26665	0.00345161	0.00172901	0.003	0.01	286.72	27.558	253	309	
0.4	0.5	2	57	2	4	100	6700	100	6700	0.003	0	0.003	0.003	67	0	67	67	
0.4	0.5	42	58	18	4	100	9700	100	9700	0.003	0	0.003	0.003	97	0	97	97	
0.4	0.5	26	59	4	4	99	7623	99	7623	0.00307071	0.000703526	0.003	0.01	77	0	77	77	
0.4	0.5	48	60	10	4	100	53300	100	53574	0.003	0	0.003	0.003	535.74	27.4	533	807	
0.4	0.5	9	61	2	4	64	10616	64	10528	0.00715625	0.0034651	0.003	0.01	164.5	25.1522	137	233	
0.4	0.5	52	62	17	4	76	9500	77	9625	0.003	0	0.003	0.003	125	0	125	125	
0.4	0.5	1	63	9	4	87	13311	87	13311	0.003	0	0.003	0.003	153	0	153	153	
0.4	0.5	9	64	3	4	100	86318	100	86664	0.003	0	0.003	0.003	866.64	164.729	749	1095	
0.4	0.5	48	65	7	4	100	74900	100	75246	0.003	0	0.003	0.003	752.46	34.6	749	1095	
0.4	0.5	55	66	26	4	94	4606	94	4606	0.003	0	0.003	0.003	49	0	49	49	
0.4	0.5	6	67	3	4	81	6237	81	6237	0.00464197	0.00298458	0.003	0.01	77	0	77	77	
0.4	0.5	45	68	8	4	100	34644	100	34644	0.003	0	0.003	0.003	346.44	63.4815	309	453	
0.4	0.5	37	69	26	4	93	11623	93	11623	0.003	0	0.003	0.003	124.978	0.20739	123	125	
0.4	0.5	4	70	6	4	74	11410	77	12325	0.00545454	0.00336212	0.003	0.01	160.065	60.1363	97	253	
0.4	0.5	47	71	5	4	68	29092	70	29870	0.0061	0.00350217	0.003	0.01	426.714	40.223	389	469	
0.4	0.5	54	72	1	4	100	105600	100	105600	0.003	0	0.003	0.003	1056	0	1056	1056	
0.4	0.5	39	73	9	4	76	5092	77	5159	0.003	0	0.003	0.003	67	0	67	67	
0.4	0.5	4	74	11	4	100	56100	100	56100	0.003	0	0.003	0.003	561	188.947	373	749	
0.4	0.5	26	75	5	4	100	12498	100	12498	0.003	0	0.003	0.003	124.98	0.2	123	125	
0.4	0.5	39	76	15	4	69	5313	70	5390	0.0037	0.00211516	0.003	0.01	77	0	77	77	
0.4	0.5	41	77	13	4	87	13311	86	13158	0.003	0	0.003	0.003	153	0	153	153	
0.4	0.5	43	78	1	4	79	6542	81	6736	0.00498765	0.00317606	0.003	0.01	83.1605	9.27828	77	97	
0.4	0.5	39	79	26	4	70	6789	69	6692	0.003	0	0.003	0.003	96.9855	0.120386	96	97	
0.4	0.5	36	80	1	4	100	77500	100	77500	0.003	0	0.003	0.003	775	0	775	775	
0.4	0.5	11	81	4	4	100	13700	100	13700	0.003	0	0.003	0.003	137	0	137	137	
0.4	0.5	19	82	6	4	100	13700	100	13700	0.003	0	0.003	0.003	137	0	137	137	
0.4	0.5	34	83	2	4	100	4898	100	4898	0.003	0	0.003	0.003	48.98	0.2	47	49	
0.4	0.5	22	84	7	4	100	74900	100	74900	0.003	0	0.003	0.003	749	0	749	749	
0.4	0.5	53	85	6	4	100	20098	100	20098	0.003	0	0.003	0.003	200.98	0.2	199	201	
0.4	0.5	9	86	8	4	100	86318	100	86664	0.003	0	0.003	0.003	866.64	164.729	749	1095	
0.4	0.5	53	87	8	4	100	25300	100	25300	0.003	0	0.003	0.003	253	0	253	253	
0.4	0.5	7	88	2	4	56	16584	57	16885	0.00840351	0.00296322	0.003	0.01	296.228	17.5245	233	301	
0.4	0.5	56	89	5	4	100	64500	100	64500	0.003	0	0.003	0.003	645	0	645	645	
0.4	0.5	28	90	10	4	100	53300	100	53300	0.003	0	0.003	0.003	533	0	533	533	
0.4	0.5	42	91	4	4	99	36927	99	36927	0.00307071	0.000703526	0.003	0.01	373	0	373	373	
0.4	0.5	22	92	4	4	98	23494	98	23598	0.00314286	0.000994832	0.003	0.01	240.796	22.1513	201	253	
0.4	0.5	37	93	8	4	92	7084	92	7084	0.00322826	0.00125008	0.003	0.01	77	0	77	77	
0.4	0.5	11	94	5	4	100	15700	100	15700	0.003	0	0.003	0.003	157	0	157	157	
0.4	0.5	39	95	6	4	70	13510	71	13703	0.003	0	0.003	0.003	193	0	193	193	
0.4	0.5	40	96	2	4	62	14446	63	14679	0.00711111	0.00347392	0.003	0.01	233	0	233	233	
0.4	0.5	2	97	9	4	100	6700	100	6700	0.003	0	0.003	0.003	67	0	67	67	
0.4	0.5	40	98	1	4	100	105665	100	105743	0.003	0	0.003	0.003	1057.43	7.13117	1056	1095	
0.4	0.5	43	99	6	4	79	12719	79	12719	0.00477215	0.00306322	0.003	0.01	161	0	161	161	
0.4	0.5	28	100	5	4	100	25299	100	25299	0.003	0	0.003	0.003	252.99	0.1	252	253	
0.4	0.5	37	101	4	4	89	8633	89	8633	0.0031573	0.00104337	0.003	0.01	97	0	97	97	
0.4	0.5	35	102	1	4	100	25300	100	25300	0.003	0	0.003	0.003	253	0	253	253	
0.4	0.5	49	103	1	4	100	14058	100	14058	0.003	0	0.003	0.003	140.58	15.777	135	209	
0.4	0.5	20	104	6	4	100	46900	100	46900	0.003	0	0.003	0.003	469	0	469	469	
0.4	0.5	37	105	28	4	86	8340	86	8340	0.00340698	0.00164766	0.003	0.01	96.9767	0.215666	95	97	
0.4	0.5	37	106	1	4	91	21203	91	21203	0.003	0	0.003	0.003	233	0	233	233	
0.4	0.5	21	107	23	4	100	23300	100	23300	0.003	0	0.003	0.003	233	0	233	233	
0.4	0.5	21	108	6	4	100	15300	100	15300	0.003	0	0.003	0.003	153	0	153	153	
0.4	0.5	32	109	4	4	100	32276	100	32276	0.003	0	0.003	0.003	322.76	5.57976	309	325	
0.4	0.5	21	110	4	4	100	6700	100	6700	0.003	0	0.003	0.003	67	0	67	67	
0.4	0.5	52	111	25	4	78	15054	78	15054	0.003	0	0.003	0.003	193	0	193	193	
0.4	0.5	36	112	5	4	100	105600	100	105600	0.003	0	0.003	0.003	1056	0	1056	1056	
0.4	0.5	27	113	1	4	100	46900	100	46900	0.003	0	0.003	0.003	469	0	469	469	
0.4	0.5	26	114	11	4	84	13316	85	13477	0.00431765	0.00275254	0.003	0.01	158.553	3.70812	153	161	
0.4	0.5	15	115	4	4	100	64499	100	64499	0.003	0	0.003	0.003	644.99	0.1	644	645	
0.4	0.5	55	116	19	4	93	7161	93	7161	0.003	0	0.003	0.003	77	0	77	77	
0.4	0.5	32	117	2	4	100	74900	100	74899	0.003	0	0.003	0.003	748.99	0.1	748	749	
0.4	0.5	30	118	4	4	96	23396	96	23296	0.00329167	0.00140613	0.003	0.01	242.667	49.5595	201	301	
0.4	0.5	44	119	7	4	100	13700	100	13700	0.003	0	0.003	0.003	137	0	137	137	
0.4	0.5	33	120	4	4	100	105715	100	105793	0.003	0	0.003	0.003	1057.93	8.45697	1056	1095	
0.4	0.5	41	121	33	4	80	5360	82	5494	0.00351219	0.00183413	0.003	0.01	67	0	67	67	
0.4	0.5	34	122	11	4	100	12500	100	12500	0.003	0	0.003	0.003	125	0	125	125	
0.4	0.5	34	123	10	4	100	12500	100	12500	0.003	0	0.003	0.003	125	0	125	125	
0.4	0.5	51	124	1	4	100	17524	100	17524	0.003	0	0.003	0.003	175.24	32.6218	157	233	
0.4	0.5	57	125	9	4	100	53300	100	53300	0.003	0	0.003	0.003	533	0	533	533	
0.4	0.5	10	126	2	4	89	67501	88	66662	0.00395454	0.00241599	0.003	0.01	757.523	56.9254	645	807	
0.4	0.5	23	127	15	4	100	26898	100	26898	0.003	0	0.003	0.003	268.98	0.2	267	269	
0.4	0.5	30	128	5	4	100	36948	100	36804	0.003	0	0.003	0.003	368.04	71.1808	309	453	
0.4	0.5	33	129	5	4	100	38900	100	38900	0.003	0	0.003	0.003	389	0	389	389	
0.4	0.5	46	130	2	4	52	8124	51	7967	0.00972549	0.00137227	0.003	0.01	156.216	3.92078	137	157	
0.4	0.5	14	131	2	4	100	12635	100	12571	0.003	0	0.003	0.003	125.71	44.4566	77	201	
0.4	0.5	17	132	6	4	59	11638	57	11236	0.00815789	0.00310983	0.003	0.01	197.123	12.5528	157	201	
0.4	0.5	34	133	13	4	100	26899	100	26899	0.003	0	0.003	0.003	268.99	0.1	268	269	
0.4	0.5	35	134	2	4	100	13700	100	13700	0.003	0	0.003	0.003	137	0	137	137	
0.4	0.5	14	135	3	4	99	11383	99	11383	0.00307071	0.000703526	0.003	0.01	114.98	40.1523	77	157	
0.4	0.5	50	136	2	4	100	106300	100	106300	0.003	0	0.003	0.003	1063	0	1063	1063	
0.4	0.5	37	137	24	4	66	5082	66	5082	0.00607576	0.00350082	0.003	0.01	77	0	77	77	
0.4	0.5	33	138	6	4	90	20970	89	20737	0.00378652	0.00222318	0.003	0.01	233	0	233	233	
0.4	0.5	13	139	9	4	100	53300	100	53300	0.003	0	0.003	0.003	533	0	533	533	
0.4	0.5	40	140	5	4	100	30100	100	30100	0.003	0	0.003	0.003	301	0	301	301	
0.4	0.5	39	141	2	4	70	3430	69	3381	0.00310145	0.000842701	0.003	0.01	49	0	49	49	
0.4	0.5	53	142	5	4	100	25300	100	25300	0.003	0	0.003	0.003	253	0	253	253	
0.4	0.5	48	143	1	4	74	16902	74	16902	0.00564865	0.00341805	0.003	0.01	228.405	26.1392	201	253	
0.4	0.5	10	144	1	4	84	105631	83	104799	0.0043494	0.00277811	0.003	0.01	1262.64	313.014	1056	1836	
0.4	0.5	8	145	10	4	100	19494	100	19494	0.003	0	0.003	0.003	194.94	19.603	191	389	
0.4	0.5	20	146	5	4	100	30900	100	30900	0.003	0	0.003	0.003	309	0	309	309	
0.4	0.5	37	147	14	4	94	4606	95	4655	0.003	0	0.003	0.003	49	0	49	49	
0.4	0.5	14	148	12	4	100	10060	100	10060	0.003	0	0.003	0.003	100.6	35.1482	67	137	
0.4	0.5	28	149	11	4	100	43140	100	43140	0.003	0	0.003	0.003	431.4	40.1291	389	469	
0.4	0.5	20	150	2	4	100	20099	100	20099	0.003	0	0.003	0.003	200.99	0.1	200	201	
0.4	0.5	34	151	1	4	100	9700	100	9700	0.003	0	0.003	0.003	97	0	97	97	
0.4	0.5	37	152	11	4	95	4655	95	4655	0.003	0	0.003	0.003	49	0	49	49	
0.4	0.5	34	153	15	4	100	4900	100	4900	0.003	0	0.003	0.003	49	0	49	49	
0.4	0.5	2	154	5	4	100	4900	100	4900	0.003	0	0.003	0.003	49	0	49	49	
0.4	0.5	55	155	18	4	92	6164	92	6164	0.003	0	0.003	0.003	67	0	67	67	
0.4	0.5	46	156	4	4	51	37943	53	39441	0.0094717	0.00186675	0.003	0.01	744.17	24.6247	621	749	
0.4	0.5	53	157	10	4	99	15543	99	15543	0.00307071	0.000703526	0.003	0.01	157	0	157	157	
0.4	0.5	47	158	7	4	60	9140	60	9140	0.00778333	0.00328371	0.003	0.01	152.333	8.53044	137	157	
0.4	0.5	37	159	6	4	90	6030	90	6030	0.003	0	0.003	0.003	67	0	67	67	
0.4	0.5	2	160	3	4	100	16100	100	16100	0.003	0	0.003	0.003	161	0	161	161	
0.4	0.5	30	161	9	4	70	15750	70	15662	0.0059	0.00347308	0.003	0.01	223.743	49.2473	157	301	
0.4	0.5	15	162	1	4	100	40500	100	40500	0.003	0	0.003	0.003	405	0	405	405	
0.4	0.5	33	163	7	4	98	26572	98	26572	0.00314286	0.000994832	0.003	0.01	271.143	33.9001	233	301	
0.4	0.5	32	164	8	4	100	20100	100	20100	0.003	0	0.003	0.003	201	0	201	201	
0.4	0.5	4	165	13	4	61	9085	61	9209	0.00759016	0.00335349	0.003	0.01	150.967	52.5338	77	201	
0.4	0.5	13	166	8	4	100	25300	100	25300	0.003	0	0.003	0.003	253	0	253	253	
0.4	0.5	39	167	12	4	70	4690	71	4757	0.003	0	0.003	0.003	67	0	67	67	
0.4	0.5	46	168	12	4	100	23532	100	23532	0.003	0	0.003	0.003	235.32	24.757	201	253	
0.4	0.5	17	169	8	4	100	25300	100	25300	0.003	0	0.003	0.003	253	0	253	253	
0.4	0.5	8	170	2	4	100	30418	100	30418	0.003	0	0.003	0.003	304.18	32.0026	299	621	
0.4	0.5	8	171	6	4	100	12628	100	12628	0.003	0	0.003	0.003	126.28	12.8	125	253	
0.4	0.5	44	172	2	4	100	13700	100	13700	0.003	0	0.003	0.003	137	0	137	137	
0.4	0.5	24	173	18	4	100	37300	100	37300	0.003	0	0.003	0.003	373	0	373	373	
0.4	0.5	22	174	6	4	100	74900	100	74900	0.003	0	0.003	0.003	749	0	749	749	
0.4	0.5	56	175	4	4	100	51698	100	51698	0.003	0	0.003	0.003	516.98	0.2	515	517	
0.4	0.5	4	176	5	4	100	40100	100	40100	0.003	0	0.003	0.003	401	132.665	269	533	
0.4	0.5	57	177	7	4	100	25300	100	25300	0.003	0	0.003	0.003	253	0	253	253	
0.4	0.5	7	178	8	4	100	45300	100	45300	0.003	0	0.003	0.003	453	0	453	453	
0.4	0.5	54	179	6	4	61	14069	60	13812	0.00743333	0.00340173	0.003	0.01	230.2	7.76956	209	233	
0.4	0.5	41	180	16	4	86	13158	86	13158	0.003	0	0.003	0.003	153	0	153	153	
0.4	0.5	50	181	1	4	100	26748	100	26748	0.003	0	0.003	0.003	267.48	23.714	209	277	
0.4	0.5	52	182	32	4	77	9625	77	9625	0.003	0	0.003	0.003	125	0	125	125	
0.4	0.5	28	183	2	4	100	25972	100	25860	0.003	0	0.003	0.003	258.6	16.8846	253	309	
0.4	0.5	43	184	7	4	100	19300	100	19300	0.003	0	0.003	0.003	193	0	193	193	
0.4	0.5	8	185	4	4	99	19107	99	19107	0.00307071	0.000703526	0.003	0.01	193	0	193	193	
0.4	0.5	53	186	11	4	100	53300	100	53300	0.003	0	0.003	0.003	533	0	533	533	
0.4	0.5	47	187	3	4	54	8318	55	8475	0.00898182	0.00249066	0.003	0.01	154.091	7.11616	137	157	
0.4	0.5	21	188	13	4	51	13718	50	13449	0.00986	0.000989949	0.003	0.01	268.98	0.141421	268	269	
0.4	0.5	4	189	9	4	92	16084	92	16004	0.00360869	0.00198321	0.003	0.01	173.957	67.9091	97	253	
0.4	0.5	8	190	1	4	100	23536	100	23536	0.003	0	0.003	0.003	235.36	23.6	233	469	
0.4	0.5	42	191	1	4	62	9230	63	9323	0.00722222	0.00345218	0.003	0.01	147.984	20.0511	125	193	
0.4	0.5	41	192	27	4	87	2784	86	2752	0.003	0	0.003	0.003	32	0	32	32	
0.4	0.5	22	193	9	4	100	25299	100	25299	0.003	0	0.003	0.003	252.99	0.1	252	253	
0.4	0.5	33	194	1	4	71	29667	70	29214	0.0061	0.00350217	0.003	0.01	417.343	32.0199	389	453	
0.4	0.5	3	195	3	4	100	23300	100	23300	0.003	0	0.003	0.003	233	0	233	233	
0.4	0.5	46	196	10	4	99	32175	99	32175	0.00307071	0.000703526	0.003	0.01	325	0	325	325	
0.4	0.5	52	197	11	4	85	10625	85	10625	0.003	0	0.003	0.003	125	0	125	125	
0.4	0.5	2	198	4	4	100	12500	100	12500	0.003	0	0.003	0.003	125	0	125	125	
0.4	0.5	44	199	3	4	100	25300	100	25300	0.003	0	0.003	0.003	253	0	253	253	
0.4	0.5	39	200	14	4	70	11270	71	11431	0.003	0	0.003	0.003	161	0	161	161	
0.4	0.5	48	201	8	4	82	16480	82	16580	0.00445122	0.00285516	0.003	0.01	202.195	11.0481	199	301	
0.4	0.5	8	202	8	4	100	6770	100	6770	0.003	0	0.003	0.003	67.7	7	67	137	
0.4	0.5	42	203	16	4	51	7803	49	7497	0.01	0	0.01	0.01	153	0	153	153	
0.4	0.5	17	204	1	4	100	25298	100	25298	0.003	0	0.003	0.003	252.98	0.2	251	253	
0.4	0.5	45	205	2	4	73	15473	73	15473	0.00558904	0.00340276	0.003	0.01	211.959	31.4539	201	301	
0.4	0.5	39	206	18	4	71	3479	71	3479	0.003	0	0.003	0.003	49	0	49	49	
0.4	0.5	39	207	5	4	76	5092	77	5159	0.003	0	0.003	0.003	67	0	67	67	
0.4	0.5	41	208	9	4	87	2784	86	2752	0.003	0	0.003	0.003	32	0	32	32	
0.4	0.5	19	209	7	4	100	15700	100	15700	0.003	0	0.003	0.003	157	0	157	157	
0.4	0.5	55	210	3	4	90	4240	90	4240	0.00323333	0.00126358	0.003	0.01	47.1111	5.37252	32	49	
0.4	0.5	23	211	9	4	49	7889	51	8211	0.01	0	0.01	0.01	161	0	161	161	
0.4	0.5	38	212	4	4	100	80700	100	80700	0.003	0	0.003	0.003	807	0	807	807	
0.4	0.5	41	213	5	4	85	8245	86	8342	0.00308139	0.000754829	0.003	0.01	97	0	97	97	
0.4	0.5	31	214	8	4	100	32484	100	32484	0.003	0	0.003	0.003	324.84	45.2831	309	453	
0.4	0.5	8	215	7	4	100	15456	100	15456	0.003	0	0.003	0.003	154.56	15.6	153	309	
0.4	0.5	16	216	8	4	100	45300	100	45300	0.003	0	0.003	0.003	453	0	453	453	
0.4	0.5	56	217	1	4	100	64500	100	64500	0.003	0	0.003	0.003	645	0	645	645	
0.4	0.5	8	218	9	4	100	9804	100	9804	0.003	0	0.003	0.003	98.04	10.4	97	201	
0.4	0.5	45	219	9	4	63	24555	61	23649	0.00713115	0.00347119	0.003	0.01	387.689	42.3618	325	597	
0.4	0.5	47	220	11	4	100	38900	100	38900	0.003	0	0.003	0.003	389	0	389	389	
0.4	0.5	37	221	29	4	94	4606	94	4606	0.003	0	0.003	0.003	49	0	49	49	
0.4	0.5	13	222	5	4	100	15700	100	15700	0.003	0	0.003	0.003	157	0	157	157	
0.4	0.5	39	223	27	4	76	5852	76	5852	0.003	0	0.003	0.003	77	0	77	77	
0.4	0.5	11	224	9	4	100	74900	100	74900	0.003	0	0.003	0.003	749	0	749	749	
0.4	0.5	21	225	15	4	100	19300	100	19300	0.003	0	0.003	0.003	193	0	193	193	
0.4	0.5	45	226	1	4	70	11598	71	11831	0.00585915	0.00346532	0.003	0.01	166.634	25.4655	157	233	
0.4	0.5	55	227	20	4	91	4459	91	4459	0.003	0	0.003	0.003	49	0	49	49	
0.4	0.5	32	228	6	4	100	25300	100	25300	0.003	0	0.003	0.003	253	0	253	253	
0.4	0.5	39	229	19	4	71	3479	72	3528	0.00368055	0.00208837	0.003	0.01	49	0	49	49	
0.4	0.5	42	230	9	4	98	6566	98	6566	0.00314286	0.000994832	0.003	0.01	67	0	67	67	
0.4	0.5	19	231	5	4	100	13700	100	13700	0.003	0	0.003	0.003	137	0	137	137	
0.4	0.5	21	232	14	4	100	6700	100	6700	0.003	0	0.003	0.003	67	0	67	67	
0.4	0.5	44	233	10	4	84	16048	84	16136	0.00433333	0.00276525	0.003	0.01	192.095	17.7843	157	201	
0.4	0.5	39	234	28	4	71	10863	70	10710	0.003	0	0.003	0.003	153	0	153	153	
0.4	0.5	57	235	8	4	100	74900	100	74900	0.003	0	0.003	0.003	749	0	749	749	
0.4	0.5	26	236	7	4	97	12125	97	12125	0.00321649	0.00121815	0.003	0.01	125	0	125	125	
0.4	0.5	38	237	3	4	100	105600	100	105600	0.003	0	0.003	0.003	1056	0	1056	1056	
0.4	0.5	46	238	9	4	100	31986	100	31986	0.003	0	0.003	0.003	319.86	7.53312	307	325	
0.4	0.5	34	239	23	4	100	9700	100	9700	0.003	0	0.003	0.003	97	0	97	97	
0.4	0.5	50	240	3	4	100	64500	100	64500	0.003	0	0.003	0.003	645	0	645	645	
0.4	0.5	34	241	9	4	100	16100	100	16100	0.003	0	0.003	0.003	161	0	161	161	
0.4	0.5	16	242	6	4	100	23300	100	23300	0.003	0	0.003	0.003	233	0	233	233	
0.4	0.5	1	243	3	4	87	23401	86	23132	0.003	0	0.003	0.003	268.977	0.215666	267	269	
0.4	0.5	52	244	33	4	76	2432	76	2432	0.003	0	0.003	0.003	32	0	32	32	
0.4	0.5	38	245	1	4	100	48500	100	48500	0.003	0	0.003	0.003	485	0	485	485	
0.4	0.5	9	246	5	4	66	10266	66	10266	0.00671212	0.00352034	0.003	0.01	155.545	19.2363	137	233	
0.4	0.5	35	247	4	4	84	25507	85	25816	0.0044	0.00281662	0.003	0.01	303.718	16.4856	252	309	
0.4	0.5	29	248	4	4	97	19745	97	19845	0.00321649	0.00121815	0.003	0.01	204.588	29.6225	157	301	
0.4	0.5	7	249	1	4	100	59700	100	59700	0.003	0	0.003	0.003	597	0	597	597	
0.4	0.5	23	250	16	4	100	37300	100	37300	0.003	0	0.003	0.003	373	0	373	373	
0.4	0.5	16	251	1	4	98	22834	96	22368	0.00314583	0.00100503	0.003	0.01	233	0	233	233	
0.4	0.5	19	252	3	4	100	10100	100	10100	0.003	0	0.003	0.003	101	0	101	101	
0.4	0.5	8	253	13	4	100	9804	100	9804	0.003	0	0.003	0.003	98.04	10.4	97	201	
0.4	0.5	20	254	9	4	95	14914	95	14914	0.00336842	0.00157137	0.003	0.01	156.989	0.102598	156	157	
0.4	0.5	29	255	1	4	100	20700	100	20800	0.003	0	0.003	0.003	208	25.6432	201	301	
0.4	0.5	41	256	8	4	83	2646	82	2614	0.00334146	0.00151714	0.003	0.01	31.878	1.10432	22	32	
0.4	0.5	43	257	3	4	100	37300	100	37300	0.003	0	0.003	0.003	373	0	373	373	
0.4	0.5	15	258	6	4	100	31700	100	31700	0.003	0	0.003	0.003	317	0	317	317	
0.4	0.5	22	259	3	4	100	10100	100	10100	0.003	0	0.003	0.003	101	0	101	101	
0.4	0.5	23	260	12	4	64	9296	65	9421	0.00687692	0.00350672	0.003	0.01	144.938	18.0346	125	161	
0.4	0.5	22	261	10	4	100	74900	100	74900	0.003	0	0.003	0.003	749	0	749	749	
0.4	0.5	31	262	2	4	81	12869	82	13026	0.00462195	0.00297164	0.003	0.01	158.854	11.7957	157	233	
0.4	0.5	41	263	23	4	87	5829	87	5829	0.003	0	0.003	0.003	67	0	67	67	
0.4	0.5	22	264	1	4	55	8635	57	8949	0.00840351	0.00296322	0.003	0.01	157	0	157	157	
0.4	0.5	30	265	3	4	85	19853	85	19809	0.00431765	0.00275254	0.003	0.01	233.047	52.0165	157	301	
0.4	0.5	53	266	1	4	100	38900	100	38900	0.003	0	0.003	0.003	389	0	389	389	
0.4	0.5	26	267	10	4	97	7469	97	7469	0.00321649	0.00121815	0.003	0.01	77	0	77	77	
0.4	0.5	17	268	9	4	100	25300	100	25300	0.003	0	0.003	0.003	253	0	253	253	
0.4	0.5	30	269	6	4	100	56132	100	55908	0.003	0	0.003	0.003	559.08	110.936	389	693	
0.4	0.5	34	270	12	4	100	15300	100	15300	0.003	0	0.003	0.003	153	0	153	153	
0.4	0.5	54	271	4	4	100	38900	100	38900	0.003	0	0.003	0.003	389	0	389	389	
0.4	0.5	52	272	19	4	84	12852	85	13005	0.003	0	0.003	0.003	153	0	153	153	
0.4	0.5	32	273	7	4	100	46900	100	46900	0.003	0	0.003	0.003	469	0	469	469	
0.4	0.5	37	274	13	4	92	34316	91	33943	0.003	0	0.003	0.003	373	0	373	373	
0.4	0.5	52	275	9	4	77	3773	77	3773	0.003	0	0.003	0.003	49	0	49	49	
0.4	0.5	52	276	35	4	76	5092	75	5025	0.003	0	0.003	0.003	67	0	67	67	
0.4	0.5	54	277	7	4	100	48436	100	48436	0.003	0	0.003	0.003	484.36	4.50257	453	485	
0.4	0.5	7	278	4	4	100	38900	100	38900	0.003	0	0.003	0.003	389	0	389	389	
0.4	0.5	3	279	4	4	100	48500	100	48500	0.003	0	0.003	0.003	485	0	485	485	
0.4	0.5	4	280	8	4	100	35100	100	35100	0.003	0	0.003	0.003	351	118.594	233	469	
0.4	0.5	52	281	4	4	77	7469	76	7372	0.003	0	0.003	0.003	97	0	97	97	
0.4	0.5	50	282	5	4	100	64500	100	64500	0.003	0	0.003	0.003	645	0	645	645	
0.4	0.5	21	283	3	4	100	15300	100	15300	0.003	0	0.003	0.003	153	0	153	153	
0.4	0.5	41	284	25	4	86	4214	86	4214	0.003	0	0.003	0.003	49	0	49	49	
0.4	0.5	42	285	11	4	99	22107	99	22027	0.00307071	0.000703526	0.003	0.01	222.495	17.692	193	233	
0.4	0.5	6	286	18	4	95	7315	96	7392	0.00336458	0.00156353	0.003	0.01	77	0	77	77	
0.4	0.5	37	287	25	4	91	11373	92	11498	0.003	0	0.003	0.003	124.978	0.208514	123	125	
0.4	0.5	16	288	5	4	100	48244	100	48244	0.003	0	0.003	0.003	482.44	8.72512	453	485	
0.4	0.5	51	289	7	4	70	11216	70	11216	0.006	0.00348911	0.003	0.01	160.229	15.5117	155	233	
0.4	0.5	1	290	26	4	83	6971	83	6971	0.00325301	0.00131449	0.003	0.01	83.988	9.59356	77	97	
0.4	0.5	13	291	2	4	100	74898	100	74898	0.003	0	0.003	0.003	748.98	0.2	747	749	
0.4	0.5	41	292	2	4	85	2720	85	2720	0.003	0	0.003	0.003	32	0	32	32	
0.4	0.5	35	293	9	4	94	24902	93	24481	0.00345161	0.00172901	0.003	0.01	263.237	21.7613	253	309	
0.4	0.5	43	294	12	4	56	7000	57	7125	0.0082807	0.00303994	0.003	0.01	125	0	125	125	
0.4	0.5	22	295	5	4	100	20100	100	20100	0.003	0	0.003	0.003	201	0	201	201	
0.4	0.5	39	296	25	4	72	3528	72	3528	0.00348611	0.00179195	0.003	0.01	49	0	49	49	
0.4	0.5	17	297	2	4	100	15700	100	15700	0.003	0	0.003	0.003	157	0	157	157	
0.4	0.5	54	298	2	4	100	48500	100	48500	0.003	0	0.003	0.003	485	0	485	485	
0.4	0.5	1	299	15	4	79	6081	80	6160	0.0036125	0.00199044	0.003	0.01	77	0	77	77	
0.4	0.5	52	300	36	4	78	1716	76	1672	0.003	0	0.003	0.003	22	0	22	22	
0.4	0.5	19	301	4	4	100	32500	100	32500	0.003	0	0.003	0.003	325	0	325	325	
0.4	0.5	14	302	11	4	100	18642	100	18642	0.003	0	0.003	0.003	186.42	64.2906	123	253	
0.4	0.5	52	303	12	4	77	11781	77	11781	0.003	0	0.003	0.003	153	0	153	153	
0.4	0.5	48	304	3	4	84	13188	85	13345	0.00431765	0.00275254	0.003	0.01	157	0	157	157	
0.4	0.5	51	305	5	4	100	43892	100	43892	0.003	0	0.003	0.003	438.92	89.2808	389	597	
0.4	0.5	39	306	29	4	77	5159	76	5092	0.003	0	0.003	0.003	67	0	67	67	
0.4	0.5	43	307	2	4	97	10921	97	10921	0.00321649	0.00121815	0.003	0.01	112.588	13.9819	97	125	
0.4	0.5	42	308	13	4	50	9650	49	9457	0.01	0	0.01	0.01	193	0	193	193	
0.4	0.5	55	309	13	4	69	5313	70	5390	0.006	0.00348911	0.003	0.01	77	0	77	77	
0.4	0.5	6	310	19	4	99	19107	99	19107	0.00307071	0.000703526	0.003	0.01	193	0	193	193	
0.4	0.5	41	311	3	4	86	6622	86	6622	0.003	0	0.003	0.003	77	0	77	77	
0.4	0.5	6	312	20	4	100	12498	100	12498	0.003	0	0.003	0.003	124.98	0.2	123	125	
0.4	0.5	30	313	7	4	53	17945	52	17780	0.00905769	0.0024125	0.003	0.01	341.923	54.803	253	485	
0.4	0.5	18	314	1	4	100	51700	100	51700	0.003	0	0.003	0.003	517	0	517	517	
0.4	0.5	11	315	6	4	100	13700	100	13700	0.003	0	0.003	0.003	137	0	137	137	
0.4	0.5	3	316	7	4	100	45296	100	45296	0.003	0	0.003	0.003	452.96	0.281411	451	453	
0.4	0.5	12	317	1	4	100	105600	100	105600	0.003	0	0.003	0.003	1056	0	1056	1056	
0.4	0.5	53	318	9	4	100	15700	100	15700	0.003	0	0.003	0.003	157	0	157	157	
0.4	0.5	21	319	5	4	50	4848	52	5042	0.00986538	0.000970725	0.003	0.01	96.9615	0.27735	95	97	
0.4	0.5	34	320	19	4	100	4900	100	4900	0.003	0	0.003	0.003	49	0	49	49	
0.4	0.5	2	321	13	4	100	6700	100	6700	0.003	0	0.003	0.003	67	0	67	67	
0.4	0.5	27	322	2	4	51	19839	49	19061	0.01	0	0.01	0.01	389	0	389	389	
0.4	0.5	49	323	7	4	96	21186	96	21134	0.00336458	0.00156353	0.003	0.01	220.146	32.502	200	389	
0.4	0.5	18	324	6	4	100	64500	100	64500	0.003	0	0.003	0.003	645	0	645	645	
0.4	0.5	21	325	22	4	100	19300	100	19300	0.003	0	0.003	0.003	193	0	193	193	
0.4	0.5	55	326	12	4	92	14076	93	14229	0.003	0	0.003	0.003	153	0	153	153	
0.4	0.5	41	327	21	4	86	4214	86	4214	0.003	0	0.003	0.003	49	0	49	49	
0.4	0.5	12	328	2	4	100	93500	100	93500	0.003	0	0.003	0.003	935	0	935	935	
0.4	0.5	21	329	9	4	100	16100	100	16100	0.003	0	0.003	0.003	161	0	161	161	
0.4	0.5	56	330	6	4	100	40500	100	40500	0.003	0	0.003	0.003	405	0	405	405	
0.4	0.5	49	331	5	4	100	39940	100	39940	0.003	0	0.003	0.003	399.4	45.5609	389	597	
0.4	0.5	21	332	19	4	100	19300	100	19300	0.003	0	0.003	0.003	193	0	193	193	
0.4	0.5	32	333	10	4	100	38900	100	38900	0.003	0	0.003	0.003	389	0	389	389	
0.4	0.5	33	334	2	4	100	48500	100	48500	0.003	0	0.003	0.003	485	0	485	485	
0.4	0.5	30	335	2	4	63	50905	64	53038	0.00715625	0.0034651	0.003	0.01	828.719	164.006	621	1095	
0.4	0.5	21	336	16	4	100	23300	100	23300	0.003	0	0.003	0.003	233	0	233	233	
0.4	0.5	45	337	5	4	99	17443	99	17443	0.00307071	0.000703526	0.003	0.01	176.192	33.1871	157	233	
0.4	0.5	55	338	14	4	91	2911	91	2911	0.003	0	0.003	0.003	31.989	0.104828	31	32	
0.4	0.5	42	339	6	4	100	26899	100	26899	0.003	0	0.003	0.003	268.99	0.1	268	269	
0.4	0.5	57	340	1	4	87	13659	89	13973	0.00402247	0.00248622	0.003	0.01	157	0	157	157	
0.4	0.5	35	341	10	4	100	74900	100	74900	0.003	0	0.003	0.003	749	0	749	749	
0.4	0.5	26	342	1	4	100	16100	100	16100	0.003	0	0.003	0.003	161	0	161	161	
0.4	0.5	22	343	2	4	100	62100	100	62100	0.003	0	0.003	0.003	621	0	621	621	
0.4	0.5	28	344	9	4	100	23012	100	23012	0.003	0	0.003	0.003	230.12	25.9422	201	253	
0.4	0.5	42	345	5	4	100	4900	100	4900	0.003	0	0.003	0.003	49	0	49	49	
0.4	0.5	47	346	8	4	95	71155	94	70406	0.00337234	0.00157933	0.003	0.01	749	0	749	749	
0.4	0.5	22	347	8	4	100	74900	100	74900	0.003	0	0.003	0.003	749	0	749	749	
0.4	0.5	39	348	13	4	76	28348	76	28348	0.003	0	0.003	0.003	373	0	373	373	
0.4	0.5	26	349	6	4	55	5175	56	5272	0.0085	0.00289828	0.003	0.01	94.1429	7.06188	77	97	
0.4	0.5	46	350	8	4	100	13700	100	13700	0.003	0	0.003	0.003	137	0	137	137	
0.4	0.5	52	351	27	4	76	5852	76	5852	0.003	0	0.003	0.003	77	0	77	77	
0.4	0.5	55	352	11	4	90	6030	90	6030	0.003	0	0.003	0.003	67	0	67	67	
0.4	0.5	2	353	7	4	100	23300	100	23300	0.003	0	0.003	0.003	233	0	233	233	
0.4	0.5	37	354	9	4	90	33570	90	33570	0.003	0	0.003	0.003	373	0	373	373	
0.4	0.5	44	355	4	4	100	38900	100	38900	0.003	0	0.003	0.003	389	0	389	389	
0.4	0.5	8	356	12	4	100	3237	100	3237	0.003	0	0.003	0.003	32.37	3.7	32	69	
0.4	0.5	41	357	32	4	85	5695	86	5762	0.00308139	0.000754829	0.003	0.01	67	0	67	67	
0.4	0.5	40	358	8	4	100	30100	100	30100	0.003	0	0.003	0.003	301	0	301	301	
0.4	0.5	27	359	12	4	100	25300	100	25300	0.003	0	0.003	0.003	253	0	253	253	
0.4	0.5	25	360	6	4	100	105600	100	105600	0.003	0	0.003	0.003	1056	0	1056	1056	
0.4	0.5	39	361	16	4	70	3430	71	3479	0.003	0	0.003	0.003	49	0	49	49	
0.4	0.5	41	362	10	4	85	10623	85	10625	0.00308235	0.000759257	0.003	0.01	125	0	125	125	
0.4	0.5	6	363	6	4	100	6700	100	6700	0.003	0	0.003	0.003	67	0	67	67	
0.4	0.5	34	364	18	4	100	6700	100	6700	0.003	0	0.003	0.003	67	0	67	67	
0.4	0.5	4	365	2	4	49	9035	50	9196	0.01	0	0.01	0.01	183.92	57.5006	159	325	
0.4	0.5	47	366	6	4	83	22175	84	22372	0.00433333	0.00276525	0.003	0.01	266.333	23.9946	253	309	
0.4	0.5	19	367	8	4	100	32500	100	32500	0.003	0	0.003	0.003	325	0	325	325	
0.4	0.5	32	368	9	4	85	63665	85	63665	0.00415294	0.00261181	0.003	0.01	749	0	749	749	
0.4	0.5	2	369	1	4	100	9699	100	9699	0.003	0	0.003	0.003	96.99	0.1	96	97	
0.4	0.5	21	370	2	4	100	3200	100	3200	0.003	0	0.003	0.003	32	0	32	32	
0.4	0.5	10	371	3	4	100	50100	100	50100	0.003	0	0.003	0.003	501	0	501	501	
0.4	0.5	2	372	6	4	100	7700	100	7700	0.003	0	0.003	0.003	77	0	77	77	
0.4	0.5	41	373	11	4	84	6468	83	6391	0.00316867	0.00107996	0.003	0.01	77	0	77	77	
0.4	0.5	15	374	2	4	100	105600	100	105600	0.003	0	0.003	0.003	1056	0	1056	1056	
0.4	0.5	30	375	8	4	79	18491	77	18045	0.005	0.00318301	0.003	0.01	234.351	52.1884	157	301	
0.4	0.5	34	376	22	4	100	4900	100	4900	0.003	0	0.003	0.003	49	0	49	49	
0.4	0.5	39	377	4	4	70	8748	71	8873	0.003	0	0.003	0.003	124.972	0.237356	123	125	
0.4	0.5	9	378	7	4	100	37779	100	37939	0.003	0	0.003	0.003	379.39	76.1613	325	485	
0.4	0.5	41	379	7	4	81	5427	81	5427	0.0034321	0.00169513	0.003	0.01	67	0	67	67	
0.4	0.5	31	380	3	4	100	41188	100	41188	0.003	0	0.003	0.003	411.88	65.4089	389	597	
0.4	0.5	18	381	5	4	100	31700	100	31700	0.003	0	0.003	0.003	317	0	317	317	
0.4	0.5	7	382	5	4	100	58132	100	58132	0.003	0	0.003	0.003	581.32	39.0583	485	597	
0.4	0.5	28	383	6	4	100	51892	100	51764	0.003	0	0.003	0.003	517.64	27.471	469	533	
0.4	0.5	55	384	2	4	85	6505	86	6582	0.00397674	0.00243975	0.003	0.01	76.5349	2.11825	67	77	
0.4	0.5	8	385	3	4	100	7780	100	7780	0.003	0	0.003	0.003	77.8	8	77	157	
0.4	0.5	32	386	3	4	100	30900	100	30900	0.003	0	0.003	0.003	309	0	309	309	
0.4	0.5	49	387	9	4	100	31164	100	31052	0.003	0	0.003	0.003	310.52	34.4271	253	453	
0.4	0.5	30	388	1	4	66	14810	65	14765	0.00666154	0.00352348	0.003	0.01	227.154	49.8752	157	301	
0.4	0.5	38	389	2	4	96	22272	96	22272	0.00329167	0.00140613	0.003	0.01	232	4.82101	209	233	
0.4	0.5	55	390	23	4	94	3008	94	3008	0.003	0	0.003	0.003	32	0	32	32	
0.4	0.5	52	391	14	4	81	2592	81	2592	0.003	0	0.003	0.003	32	0	32	32	
0.4	0.5	55	392	6	4	93	14229	93	14229	0.003	0	0.003	0.003	153	0	153	153	
0.4	0.5	23	393	4	4	100	16100	100	16100	0.003	0	0.003	0.003	161	0	161	161	
0.4	0.5	6	394	11	4	100	6700	100	6700	0.003	0	0.003	0.003	67	0	67	67	
0.4	0.5	28	395	8	4	100	59987	100	59812	0.003	0	0.003	0.003	598.12	38.7943	533	621	
0.4	0.5	16	396	2	4	100	38900	100	38900	0.003	0	0.003	0.003	389	0	389	389	
0.4	0.5	47	397	10	4	95	30187	95	30187	0.00336842	0.00157137	0.003	0.01	317.758	8.00627	309	325	
0.4	0.5	45	398	7	4	100	28836	100	28836	0.003	0	0.003	0.003	288.36	59.9548	253	389	
0.4	0.5	47	399	4	4	81	20493	81	20493	0.00455555	0.00292831	0.003	0.01	253	0	253	253	
0.4	0.5	18	400	2	4	100	61060	100	61060	0.003	0	0.003	0.003	610.6	31.3572	517	621	
0.4	0.5	34	401	20	4	100	19300	100	19300	0.003	0	0.003	0.003	193	0	193	193	
0.4	0.5	23	402	3	4	100	37296	100	37296	0.003	0	0.003	0.003	372.96	0.242878	371	373	
0.4	0.5	35	403	6	4	100	30676	100	30676	0.003	0	0.003	0.003	306.76	11.029	253	309	
0.4	0.5	45	404	6	4	100	22700	100	22700	0.003	0	0.003	0.003	227	44.0844	201	301	
0.4	0.5	11	405	1	4	100	25300	100	25300	0.003	0	0.003	0.003	253	0	253	253	
0.4	0.5	45	406	3	4	100	15570	100	15570	0.003	0	0.003	0.003	155.7	31.7533	135	209	
0.4	0.5	41	407	22	4	86	20038	86	20038	0.00308139	0.000754829	0.003	0.01	233	0	233	233	
0.4	0.5	48	408	2	4	83	14614	82	14369	0.00453658	0.00291524	0.003	0.01	175.232	21.821	156	201	
0.4	0.5	37	409	16	4	64	12192	64	12192	0.00660937	0.00352595	0.003	0.01	190.5	8.65567	161	193	
0.4	0.5	16	410	3	4	100	59698	100	59698	0.003	0	0.003	0.003	596.98	0.2	595	597	
0.4	0.5	26	411	14	4	100	15300	100	15300	0.003	0	0.003	0.003	153	0	153	153	
0.4	0.5	17	412	5	4	100	30900	100	30900	0.003	0	0.003	0.003	309	0	309	309	
0.4	0.5	10	413	5	4	100	80699	100	80699	0.003	0	0.003	0.003	806.99	0.1	806	807	
0.4	0.5	19	414	1	4	100	20100	100	20100	0.003	0	0.003	0.003	201	0	201	201	
0.4	0.5	34	415	8	4	96	9312	96	9312	0.00329167	0.00140613	0.003	0.01	97	0	97	97	
0.4	0.5	43	416	4	4	100	30100	100	30100	0.003	0	0.003	0.003	301	0	301	301	
0.4	0.5	34	417	21	4	100	7700	100	7700	0.003	0	0.003	0.003	77	0	77	77	
0.4	0.5	54	418	3	4	100	38900	100	38900	0.003	0	0.003	0.003	389	0	389	389	
0.4	0.5	55	419	17	4	91	24479	91	24479	0.003	0	0.003	0.003	269	0	269	269	
0.4	0.5	55	420	25	4	91	8826	91	8826	0.003	0	0.003	0.003	96.989	0.104828	96	97	
0.4	0.5	29	421	2	4	100	26116	100	26252	0.003	0	0.003	0.003	262.52	34.8748	253	389	
0.4	0.5	37	422	12	4	91	8827	90	8730	0.003	0	0.003	0.003	97	0	97	97	
0.4	0.5	52	423	15	4	76	5092	76	5092	0.003	0	0.003	0.003	67	0	67	67	
0.4	0.5	21	424	7	4	100	26900	100	26900	0.003	0	0.003	0.003	269	0	269	269	
0.4	0.5	52	425	2	4	74	5698	73	5621	0.00328767	0.0013992	0.003	0.01	77	0	77	77	
0.4	0.5	27	426	4	4	100	25194	100	25194	0.003	0	0.003	0.003	251.94	7.31654	201	253	
0.4	0.5	21	427	20	4	100	19298	100	19298	0.003	0	0.003	0.003	192.98	0.2	191	193	
0.4	0.5	34	428	17	4	100	19300	100	19300	0.003	0	0.003	0.003	193	0	193	193	
0.4	0.5	3	429	1	4	54	16254	53	15953	0.00907547	0.00239269	0.003	0.01	301	0	301	301	
0.4	0.5	41	430	6	4	85	8245	85	8245	0.00308235	0.000759257	0.003	0.01	97	0	97	97	
0.4	0.5	24	431	5	4	100	16099	100	16099	0.003	0	0.003	0.003	160.99	0.1	160	161	
0.4	0.5	20	432	7	4	97	15228	97	15228	0.00321649	0.00121815	0.003	0.01	156.99	0.101535	156	157	
0.4	0.5	13	433	1	4	97	15228	97	15228	0.00321649	0.00121815	0.003	0.01	156.99	0.101535	156	157	
0.4	0.5	11	434	7	4	100	32468	100	32468	0.003	0	0.003	0.003	324.68	2.25128	309	325	
0.4	0.5	55	435	4	4	90	8730	90	8730	0.003	0	0.003	0.003	97	0	97	97	
0.4	0.5	37	436	15	4	87	8439	86	8342	0.00324419	0.00129193	0.003	0.01	97	0	97	97	
0.4	0.5	40	437	7	4	90	20970	90	20970	0.00377778	0.00221221	0.003	0.01	233	0	233	233	
0.4	0.5	53	438	4	4	100	20100	100	20100	0.003	0	0.003	0.003	201	0	201	201	
0.4	0.5	17	439	4	4	100	13700	100	13700	0.003	0	0.003	0.003	137	0	137	137	
0.4	0.5	16	440	7	4	100	80700	100	80700	0.003	0	0.003	0.003	807	0	807	807	
0.4	0.5	3	441	8	4	100	105600	100	105600	0.003	0	0.003	0.003	1056	0	1056	1056	
0.4	0.5	52	442	16	4	72	26856	73	27229	0.0039589	0.00242349	0.003	0.01	373	0	373	373	
0.4	0.5	43	443	9	4	74	14282	75	14475	0.00542667	0.00335379	0.003	0.01	193	0	193	193	
0.4	0.5	5	444	49	4	50	18650	50	18650	0.003	0	0.003	0.003	373	0	373	373	
0.4	0.5	23	445	10	4	100	6700	100	6700	0.003	0	0.003	0.003	67	0	67	67	
0.4	0.5	41	446	4	4	78	3788	79	3837	0.00370886	0.00212526	0.003	0.01	48.5696	2.6875	32	49	
0.4	0.5	38	447	7	4	100	48500	100	48500	0.003	0	0.003	0.003	485	0	485	485	
0.4	0.5	5	448	9	4	49	7641	49	7633	0.00457143	0.00295099	0.003	0.01	155.776	3.84743	153	161	
0.4	0.5	1	449	20	4	85	8244	86	8341	0.003	0	0.003	0.003	96.9884	0.107833	96	97	
0.4	0.5	28	450	1	4	100	13700	100	13700	0.003	0	0.003	0.003	137	0	137	137	
0.4	0.5	27	451	5	4	96	71902	96	71902	0.00329167	0.00140613	0.003	0.01	748.979	0.204124	747	749	
0.4	0.5	5	452	45	4	49	3633	49	3623	0.00671428	0.00352964	0.003	0.01	73.9388	4.65657	67	77	
0.4	0.5	55	453	10	4	94	6298	93	6231	0.003	0	0.003	0.003	67	0	67	67	
0.4	0.5	52	454	3	4	85	8245	84	8148	0.003	0	0.003	0.003	97	0	97	97	
0.4	0.5	21	455	10	4	100	6700	100	6700	0.003	0	0.003	0.003	67	0	67	67	
0.4	0.5	6	456	14	4	100	9700	100	9700	0.003	0	0.003	0.003	97	0	97	97	
0.4	0.5	50	457	4	4	100	51700	100	51700	0.003	0	0.003	0.003	517	0	517	517	
0.4	0.5	29	458	5	4	79	58915	78	58166	0.00488461	0.00312502	0.003	0.01	745.718	20.3629	621	749	
0.4	0.5	44	459	6	4	100	13700	100	13700	0.003	0	0.003	0.003	137	0	137	137	
0.4	0.5	21	460	1	4	93	14349	95	14687	0.00351579	0.0018385	0.003	0.01	154.6	3.21698	153	161	
0.4	0.5	17	461	7	4	100	20100	100	20100	0.003	0	0.003	0.003	201	0	201	201	
0.4	0.5	24	462	17	4	100	9699	100	9699	0.003	0	0.003	0.003	96.99	0.1	96	97	
0.4	0.5	57	463	2	4	100	25300	100	25300	0.003	0	0.003	0.003	253	0	253	253	
0.4	0.5	57	464	10	4	100	25300	100	25300	0.003	0	0.003	0.003	253	0	253	253	
0.4	0.5	14	465	1	4	100	22788	100	22788	0.003	0	0.003	0.003	227.88	78.3302	153	309	
0.4	0.5	37	466	3	4	90	17370	90	17370	0.003	0	0.003	0.003	193	0	193	193	
0.4	0.5	4	467	3	4	51	9926	53	10380	0.00933962	0.00206568	0.003	0.01	195.849	63.7921	97	253	
0.4	0.5	35	468	5	4	96	23820	95	23567	0.00329474	0.00141326	0.003	0.01	248.074	15.309	201	253	
0.4	0.5	7	469	7	4	100	59700	100	59700	0.003	0	0.003	0.003	597	0	597	597	
0.4	0.5	53	470	7	4	100	74900	100	74900	0.003	0	0.003	0.003	749	0	749	749	
0.4	0.5	29	471	8	4	100	54944	100	55218	0.003	0	0.003	0.003	552.18	70.2625	533	807	
0.4	0.5	29	472	3	4	100	63792	100	64074	0.003	0	0.003	0.003	640.74	72.3139	621	903	
0.4	0.5	52	473	20	4	76	5852	77	5929	0.003	0	0.003	0.003	77	0	77	77	
0.4	0.5	44	474	1	4	100	20098	100	20098	0.003	0	0.003	0.003	200.98	0.2	199	201	
0.4	0.5	39	475	17	4	76	3724	77	3773	0.003	0	0.003	0.003	49	0	49	49	
0.4	0.5	39	476	23	4	77	2464	76	2432	0.003	0	0.003	0.003	32	0	32	32	
0.4	0.5	43	477	11	4	100	30098	100	30098	0.003	0	0.003	0.003	300.98	0.2	299	301	
0.4	0.5	40	478	3	4	100	48500	100	48500	0.003	0	0.003	0.003	485	0	485	485	
0.4	0.5	31	479	6	4	100	78706	100	78706	0.003	0	0.003	0.003	787.06	108.805	749	1095	
0.4	0.5	1	480	10	4	85	8245	85	8245	0.00308235	0.000759257	0.003	0.01	97	0	97	97	
0.4	0.5	23	481	2	4	100	37297	100	37297	0.003	0	0.003	0.003	372.97	0.171447	372	373	
0.4	0.5	32	482	1	4	100	13700	100	13700	0.003	0	0.003	0.003	137	0	137	137	
0.4	0.5	42	483	12	4	100	4900	100	4900	0.003	0	0.003	0.003	49	0	49	49	
0.4	0.5	52	484	21	4	75	5025	76	5092	0.003	0	0.003	0.003	67	0	67	67	
0.4	0.5	49	485	8	4	85	16821	88	17336	0.00419318	0.00264731	0.003	0.01	197	12.7216	157	201	
0.4	0.5	19	486	9	4	100	74900	100	74900	0.003	0	0.003	0.003	749	0	749	749	
0.4	0.5	46	487	6	4	63	33451	66	35050	0.00692424	0.00350082	0.003	0.01	531.061	11.0549	469	533	
0.4	0.5	36	488	2	4	100	99900	100	99900	0.003	0	0.003	0.003	999	0	999	999	
0.4	0.5	39	489	20	4	71	8875	71	8875	0.003	0	0.003	0.003	125	0	125	125	
0.4	0.5	13	490	6	4	100	25300	100	25300	0.003	0	0.003	0.003	253	0	253	253	
0.4	0.5	49	491	3	4	100	25980	100	25980	0.003	0	0.003	0.003	259.8	29.7898	253	389	
0.4	0.5	52	492	1	4	74	2366	73	2334	0.00328767	0.0013992	0.003	0.01	31.9726	0.234082	30	32	
0.4	0.5	55	493	5	4	75	4917	72	4716	0.00504167	0.00320404	0.003	0.01	65.5	5.00985	49	67	
0.4	0.5	55	494	22	4	62	7526	63	7679	0.00666667	0.00352411	0.003	0.01	121.889	8.87023	97	125	
0.4	0.5	9	495	1	4	100	45764	100	45972	0.003	0	0.003	0.003	459.72	99.0278	389	597	
0.4	0.5	52	496	10	4	76	9499	76	9499	0.003	0	0.003	0.003	124.987	0.114708	124	125	
0.4	0.5	19	497	2	4	100	10100	100	10100	0.003	0	0.003	0.003	101	0	101	101	
0.4	0.5	52	498	26	4	77	9625	77	9625	0.003	0	0.003	0.003	125	0	125	125	
0.4	0.5	57	499	3	4	100	13700	100	13700	0.003	0	0.003	0.003	137	0	137	137	
0.4	0.5	27	500	7	4	100	13700	100	13700	0.003	0	0.003	0.003	137	0	137	137	
0.4	0.5	31	501	4	4	100	21200	100	21200	0.003	0	0.003	0.003	212	31.4466	201	301	
0.4	0.5	14	502	5	4	100	18644	100	18644	0.003	0	0.003	0.003	186.44	64.2709	125	253	
0.4	0.5	2	503	11	4	100	6700	100	6700	0.003	0	0.003	0.003	67	0	67	67	
0.4	0.5	48	504	6	4	98	23442	100	23896	0.00321	0.00120013	0.003	0.01	238.96	23.2022	201	253	
0.4	0.5	34	505	16	4	100	6700	100	6700	0.003	0	0.003	0.003	67	0	67	67	
0.4	0.5	41	506	31	4	86	20038	86	20038	0.003	0	0.003	0.003	233	0	233	233	
0.4	0.5	40	507	4	4	100	30100	100	30100	0.003	0	0.003	0.003	301	0	301	301	
0.4	0.5	8	508	15	4	100	4952	100	4952	0.003	0	0.003	0.003	49.52	5.2	49	101	
0.4	0.5	36	509	4	4	94	47094	94	47094	0.00344681	0.00172032	0.003	0.01	501	0	501	501	
0.4	0.5	20	510	3	4	100	46900	100	46900	0.003	0	0.003	0.003	469	0	469	469	
0.4	0.5	41	511	30	4	86	1892	84	1848	0.003	0	0.003	0.003	22	0	22	22	
0.4	0.5	52	512	6	4	81	13041	81	13041	0.003	0	0.003	0.003	161	0	161	161	
0.4	0.5	3	513	2	4	100	30100	100	30100	0.003	0	0.003	0.003	301	0	301	301	
0.4	0.5	23	514	1	4	98	15778	98	15778	0.00314286	0.000994832	0.003	0.01	161	0	161	161	
0.4	0.5	37	515	32	4	66	8249	66	8249	0.00586364	0.00346804	0.003	0.01	124.985	0.123091	124	125	
0.4	0.5	55	516	8	4	86	6622	86	6622	0.00332558	0.00148278	0.003	0.01	77	0	77	77	
0.4	0.5	8	517	11	4	100	16264	100	16264	0.003	0	0.003	0.003	162.64	16.4	161	325	
0.4	0.5	15	518	5	4	100	31700	100	31700	0.003	0	0.003	0.003	317	0	317	317	
0.4	0.5	39	519	1	4	77	5159	76	5092	0.003	0	0.003	0.003	67	0	67	67	
0.4	0.5	37	520	2	4	94	11750	94	11750	0.00307447	0.000721995	0.003	0.01	125	0	125	125	
0.4	0.5	14	521	8	4	100	18644	100	18644	0.003	0	0.003	0.003	186.44	64.2709	125	253	
0.4	0.5	48	522	5	4	88	22264	88	22400	0.003875	0.0023283	0.003	0.01	254.545	14.4976	253	389	
0.4	0.5	39	523	33	4	71	8875	70	8750	0.003	0	0.003	0.003	125	0	125	125	
0.4	0.5	57	524	5	4	100	30899	100	30899	0.003	0	0.003	0.003	308.99	0.1	308	309	
0.4	0.5	55	525	21	4	92	11498	92	11498	0.003	0	0.003	0.003	124.978	0.208514	123	125	
0.4	0.5	44	526	9	4	100	25300	100	25300	0.003	0	0.003	0.003	253	0	253	253	
0.4	0.5	14	527	6	4	100	11540	100	11540	0.003	0	0.003	0.003	115.4	40.1693	77	157	
0.4	0.5	39	528	21	4	74	9250	73	9125	0.00328767	0.0013992	0.003	0.01	125	0	125	125	
0.4	0.5	37	529	10	4	91	8827	91	8827	0.003	0	0.003	0.003	97	0	97	97	
0.4	0.5	26	530	12	4	53	7913	55	8219	0.00898182	0.00249066	0.003	0.01	149.436	9.4178	125	153	
0.4	0.5	54	531	5	4	100	59700	100	59700	0.003	0	0.003	0.003	597	0	597	597	
0.4	0.5	29	532	6	4	80	15068	78	14666	0.00488461	0.00312502	0.003	0.01	188.026	25.0272	157	301	
0.4	0.5	32	533	5	4	100	46900	100	46900	0.003	0	0.003	0.003	469	0	469	469	
0.4	0.5	4	534	10	4	100	46100	100	46100	0.003	0	0.003	0.003	461	160.806	301	621	
0.4	0.5	34	535	4	4	74	7178	74	7178	0.00555405	0.00339275	0.003	0.01	97	0	97	97	
0.4	0.5	52	536	34	4	80	12240	81	12393	0.003	0	0.003	0.003	153	0	153	153	
0.4	0.5	10	537	4	4	100	38900	100	38900	0.003	0	0.003	0.003	389	0	389	389	
0.4	0.5	27	538	6	4	51	15651	50	15342	0.00986	0.000989949	0.003	0.01	306.84	15.2735	201	309	
0.4	0.5	13	539	3	4	100	74900	100	74900	0.003	0	0.003	0.003	749	0	749	749	
0.4	0.5	25	540	5	4	90	35497	91	36214	0.00376923	0.0022014	0.003	0.01	397.956	55.3757	316	517	
0.4	0.5	26	541	9	4	100	19300	100	19300	0.003	0	0.003	0.003	193	0	193	193	
0.4	0.5	11	542	2	4	100	46900	100	46900	0.003	0	0.003	0.003	469	0	469	469	
0.4	0.5	28	543	4	4	100	32500	100	32500	0.003	0	0.003	0.003	325	0	325	325	
0.4	0.5	44	544	5	4	100	20100	100	20100	0.003	0	0.003	0.003	201	0	201	201	
0.4	0.5	24	545	16	4	68	8080	71	8427	0.00595775	0.00348235	0.003	0.01	118.69	11.7821	97	125	
0.4	0.5	44	546	8	4	100	74900	100	74900	0.003	0	0.003	0.003	749	0	749	749	
0.4	0.5	35	547	3	4	100	30676	100	30676	0.003	0	0.003	0.003	306.76	11.029	253	309	
0.4	0.5	31	548	7	4	100	49364	100	49364	0.003	0	0.003	0.003	493.64	70.4404	469	693	
0.4	0.5	41	549	28	4	87	8439	87	8439	0.003	0	0.003	0.003	97	0	97	97	
0.4	0.5	42	550	10	4	100	6700	100	6700	0.003	0	0.003	0.003	67	0	67	67	
0.4	0.5	33	551	3	4	100	59700	100	59700	0.003	0	0.003	0.003	597	0	597	597	
0.4	0.5	33	552	8	4	100	59700	100	59700	0.003	0	0.003	0.003	597	0	597	597	
0.4	0.5	14	553	4	4	69	7053	69	6973	0.00614493	0.00350745	0.003	0.01	101.058	37.311	67	157	
0.4	0.5	18	554	3	4	100	62100	100	62100	0.003	0	0.003	0.003	621	0	621	621	
0.4	0.5	47	555	9	4	100	47412	100	47284	0.003	0	0.003	0.003	472.84	15.2757	469	533	
0.4	0.5	47	556	1	4	64	14736	65	14937	0.00687692	0.00350672	0.003	0.01	229.8	26.05	201	253	
0.4	0.5	28	557	3	4	100	74900	100	74900	0.003	0	0.003	0.003	749	0	749	749	
0.4	0.5	29	558	7	4	100	14132	100	14204	0.003	0	0.003	0.003	142.04	18.4631	137	209	
0.4	0.5	34	559	3	4	72	4824	73	4891	0.00578082	0.00344902	0.003	0.01	67	0	67	67	
0.4	0.5	39	560	24	4	71	8875	70	8750	0.003	0	0.003	0.003	125	0	125	125	
0.4	0.5	21	561	11	4	100	15300	100	15300	0.003	0	0.003	0.003	153	0	153	153	
0.4	0.5	47	562	2	4	85	21503	84	21250	0.00425	0.00269705	0.003	0.01	252.976	0.218218	251	253	
0.4	0.5	49	563	6	4	100	48020	100	48020	0.003	0	0.003	0.003	480.2	49.0656	469	693	
0.4	0.5	52	564	18	4	75	5025	76	5092	0.003	0	0.003	0.003	67	0	67	67	
0.4	0.5	15	565	3	4	100	27700	100	27700	0.003	0	0.003	0.003	277	0	277	277	
0.4	0.5	38	566	6	4	100	23300	100	23300	0.003	0	0.003	0.003	233	0	233	233	
0.4	0.5	6	567	1	4	100	9700	100	9700	0.003	0	0.003	0.003	97	0	97	97	
0.4	0.5	24	568	1	4	100	9698	100	9698	0.003	0	0.003	0.003	96.98	0.2	95	97	
0.4	0.5	25	569	4	4	50	15690	53	16641	0.0094717	0.00186675	0.003	0.01	313.981	10.6672	277	317	
0.4	0.5	27	570	10	4	100	74900	100	74900	0.003	0	0.003	0.003	749	0	749	749	
0.4	0.5	9	571	4	4	100	45764	100	45972	0.003	0	0.003	0.003	459.72	99.0278	389	597	
0.4	0.5	35	572	8	4	100	13700	100	13700	0.003	0	0.003	0.003	137	0	137	137	
0.4	0.5	27	573	8	4	100	25300	100	25300	0.003	0	0.003	0.003	253	0	253	253	
0.4	0.5	41	574	15	4	86	32076	86	32076	0.003	0	0.003	0.003	372.977	0.151599	372	373	
0.4	0.5	42	575	3	4	100	19300	100	19300	0.003	0	0.003	0.003	193	0	193	193	
0.4	0.5	14	576	13	4	58	5186	59	5263	0.00798305	0.00319747	0.003	0.01	89.2034	29.0106	77	157	
0.4	0.5	43	577	10	4	91	13970	94	14454	0.00367021	0.00207073	0.003	0.01	153.766	2.36655	153	161	
0.4	0.5	4	578	1	4	52	4484	50	4170	0.00972	0.00138564	0.003	0.01	83.4	21.9238	77	157	
0.4	0.5	35	579	7	4	100	20100	100	20100	0.003	0	0.003	0.003	201	0	201	201	
0.4	0.5	20	580	4	4	100	15699	100	15699	0.003	0	0.003	0.003	156.99	0.1	156	157	
0.4	0.5	14	581	7	4	72	7704	74	7778	0.00545946	0.00336456	0.003	0.01	105.108	38.4521	77	157	
0.4	0.5	14	582	10	4	100	11540	100	11540	0.003	0	0.003	0.003	115.4	40.1693	77	157	
0.4	0.5	5	583	20	4	51	3925	51	3925	0.00327451	0.00137227	0.003	0.01	76.9608	0.280056	75	77	
0.4	0.5	51	584	4	4	100	22500	100	22500	0.003	0	0.003	0.003	225	42.9235	201	301	
0.4	0.5	23	585	5	4	100	37297	100	37297	0.003	0	0.003	0.003	372.97	0.171447	372	373	
0.4	0.5	23	586	7	4	100	12498	100	12498	0.003	0	0.003	0.003	124.98	0.2	123	125	
0.4	0.5	53	587	3	4	100	74900	100	74900	0.003	0	0.003	0.003	749	0	749	749	
0.4	0.5	56	588	2	4	100	77500	100	77500	0.003	0	0.003	0.003	775	0	775	775	
0.4	0.5	29	589	9	4	89	28125	90	28610	0.00401111	0.00247456	0.003	0.01	317.889	31.6485	309	485	
0.4	0.5	42	590	14	4	100	12500	100	12500	0.003	0	0.003	0.003	125	0	125	125	
0.4	0.5	39	591	31	4	71	3479	70	3430	0.003	0	0.003	0.003	49	0	49	49	
0.4	0.5	50	592	6	4	100	40500	100	40500	0.003	0	0.003	0.003	405	0	405	405	
0.4	0.5	7	593	3	4	100	48500	100	48500	0.003	0	0.003	0.003	485	0	485	485	
0.4	0.5	39	594	3	4	76	22876	76	22876	0.003	0	0.003	0.003	301	0	301	301	
0.4	0.5	24	595	10	4	100	37296	100	37296	0.003	0	0.003	0.003	372.96	0.242878	371	373	
0.4	0.5	11	596	3	4	100	13700	100	13700	0.003	0	0.003	0.003	137	0	137	137	
0.4	0.5	5	597	2	4	51	11481	51	11481	0.003	0	0.003	0.003	225.118	16.022	193	233	
0.4	0.5	25	598	3	4	100	27700	100	27700	0.003	0	0.003	0.003	277	0	277	277	
0.4	0.5	55	599	15	4	88	11000	88	11000	0.00339773	0.00162975	0.003	0.01	125	0	125	125	
0.4	0.5	56	600	3	4	100	106300	100	106300	0.003	0	0.003	0.003	1063	0	1063	1063	
0.4	0.5	41	601	12	4	86	6622	85	6545	0.003	0	0.003	0.003	77	0	77	77	
0.4	0.5	13	602	7	4	100	13700	100	13700	0.003	0	0.003	0.003	137	0	137	137	
0.4	0.5	1	603	6	4	86	8342	86	8342	0.003	0	0.003	0.003	97	0	97	97	
0.4	0.5	52	604	7	4	76	11628	76	11628	0.003	0	0.003	0.003	153	0	153	153	
0.4	0.5	6	605	16	4	100	7700	100	7700	0.003	0	0.003	0.003	77	0	77	77	
0.4	0.5	55	606	24	4	90	6930	90	6930	0.00315555	0.00103762	0.003	0.01	77	0	77	77	
0.4	0.5	41	607	26	4	61	4697	63	4851	0.00588889	0.00347392	0.003	0.01	77	0	77	77	
0.4	0.5	16	608	4	4	100	29420	100	29420	0.003	0	0.003	0.003	294.2	20.5028	233	301	
0.4	0.5	23	609	6	4	100	9700	100	9700	0.003	0	0.003	0.003	97	0	97	97	
0.4	0.5	21	610	17	4	100	6700	100	6700	0.003	0	0.003	0.003	67	0	67	67	
0.4	0.5	26	611	3	4	100	12500	100	12500	0.003	0	0.003	0.003	125	0	125	125	
0.4	0.5	37	612	7	4	90	11250	90	11250	0.00307778	0.000737865	0.003	0.01	125	0	125	125	
0.4	0.5	25	613	1	4	100	105600	100	105600	0.003	0	0.003	0.003	1056	0	1056	1056	
0.4	0.5	31	614	1	4	100	41188	100	41188	0.003	0	0.003	0.003	411.88	65.4089	389	597	
0.4	0.5	34	615	6	4	100	15300	100	15300	0.003	0	0.003	0.003	153	0	153	153	
0.4	0.5	55	616	7	4	93	6231	93	6231	0.003	0	0.003	0.003	67	0	67	67	
0.4	0.5	13	617	4	4	100	74900	100	74900	0.003	0	0.003	0.003	749	0	749	749	
0.4	0.5	41	618	29	4	85	5695	85	5695	0.00308235	0.000759257	0.003	0.01	67	0	67	67	
0.4	0.5	4	619	4	4	99	34631	99	34631	0.00307071	0.000703526	0.003	0.01	349.808	118.594	233	469	
0.4	0.5	42	620	2	4	100	3199	100	3199	0.003	0	0.003	0.003	31.99	0.1	31	32	
0.4	0.5	41	621	14	4	87	5829	86	5762	0.003	0	0.003	0.003	67	0	67	67	
0.4	0.5	39	622	10	4	70	3430	71	3479	0.003	0	0.003	0.003	49	0	49	49	
0.4	0.5	34	623	14	4	100	19300	100	19300	0.003	0	0.003	0.003	193	0	193	193	
0.4	0.5	27	624	11	4	99	32175	99	32175	0.00307071	0.000703526	0.003	0.01	325	0	325	325	
0.4	0.5	27	625	3	4	100	32498	100	32498	0.003	0	0.003	0.003	324.98	0.2	323	325	
0.4	0.5	41	626	24	4	85	5695	85	5695	0.00308235	0.000759257	0.003	0.01	67	0	67	67	
0.4	0.5	53	627	2	4	100	32500	100	32500	0.003	0	0.003	0.003	325	0	325	325	
0.4	0.5	52	628	29	4	85	31705	85	31705	0.003	0	0.003	0.003	373	0	373	373	
0.4	0.5	42	629	7	4	92	21436	92	21436	0.00368478	0.00209095	0.003	0.01	233	0	233	233	
0.4	0.5	49	630	4	4	99	45023	99	45023	0.00307071	0.000703526	0.003	0.01	454.778	56.123	389	693	
0.4	0.5	52	631	23	4	76	5092	75	5025	0.003	0	0.003	0.003	67	0	67	67	
0.4	0.5	40	632	6	4	100	23300	100	23300	0.003	0	0.003	0.003	233	0	233	233	
0.4	0.5	48	633	4	4	100	46900	100	47124	0.003	0	0.003	0.003	471.24	22.4	469	693	
0.4	0.5	51	634	3	4	88	19486	90	19888	0.00401111	0.00247456	0.003	0.01	220.978	40.2358	199	301	
0.4	0.5	42	635	8	4	100	4900	100	4900	0.003	0	0.003	0.003	49	0	49	49	
0.4	0.5	9	636	6	4	95	30475	96	30808	0.00336458	0.00156353	0.003	0.01	320.917	61.8371	253	453	
0.4	0.5	45	637	4	4	100	34644	100	34644	0.003	0	0.003	0.003	346.44	63.4815	309	453	
0.4	0.5	52	638	5	4	74	2366	73	2334	0.00309589	0.000819288	0.003	0.01	31.9726	0.234082	30	32	
0.4	0.5	4	639	12	4	53	6801	52	6724	0.00946154	0.00188348	0.003	0.01	129.308	38.4308	77	157	
0.4	0.5	24	640	12	4	100	7698	100	7698	0.003	0	0.003	0.003	76.98	0.2	75	77	
0.4	0.5	39	641	8	4	65	3185	66	3234	0.00363636	0.00202778	0.003	0.01	49	0	49	49	
0.4	0.5	55	642	16	4	93	9021	93	9021	0.003	0	0.003	0.003	97	0	97	97	
0.4	0.5	18	643	4	4	100	51700	100	51700	0.003	0	0.003	0.003	517	0	517	517	
0.4	0.5	17	644	3	4	100	25300	100	25300	0.003	0	0.003	0.003	253	0	253	253	
0.4	0.5	2	645	8	4	100	16100	100	16100	0.003	0	0.003	0.003	161	0	161	161	
0.4	0.5	39	646	35	4	71	1562	70	1540	0.003	0	0.003	0.003	22	0	22	22	
0.4	0.5	34	647	5	4	100	19300	100	19300	0.003	0	0.003	0.003	193	0	193	193	
0.4	0.5	26	648	2	4	70	4510	67	4309	0.00602985	0.00349446	0.003	0.01	64.3134	6.4625	49	67	
0.4	0.5	39	649	11	4	76	7372	77	7469	0.003	0	0.003	0.003	97	0	97	97	
0.4	0.5	31	650	9	4	51	8159	52	8316	0.00986538	0.000970725	0.003	0.01	159.923	14.758	157	233	
0.4	0.5	37	651	33	4	94	3008	94	3008	0.003	0	0.003	0.003	32	0	32	32	
0.4	0.5	24	652	14	4	60	4600	61	4677	0.00770492	0.00331333	0.003	0.01	76.6721	1.79556	67	77	
0.4	0.5	4	653	7	4	100	46100	100	46100	0.003	0	0.003	0.003	461	160.806	301	621	
0.4	0.5	21	654	12	4	100	3199	99	3167	0.003	0	0.003	0.003	31.9899	0.100504	31	32	
0.4	0.5	46	655	7	4	100	38900	100	38900	0.003	0	0.003	0.003	389	0	389	389	
0.4	0.5	52	656	22	4	79	7663	80	7760	0.0030875	0.000782624	0.003	0.01	97	0	97	97	
0.4	0.5	49	657	2	4	61	15257	61	15205	0.00736065	0.00342069	0.003	0.01	249.262	24.6887	201	389	
0.4	0.5	46	658	1	4	100	32500	100	32500	0.003	0	0.003	0.003	325	0	325	325	
0.4	0.5	31	659	5	4	94	24734	94	24734	0.00344681	0.00172032	0.003	0.01	263.128	35.8957	253	389	
0.4	0.5	46	660	5	4	100	46900	100	46900	0.003	0	0.003	0.003	469	0	469	469	
0.4	0.5	1	661	2	4	86	6622	85	6545	0.003	0	0.003	0.003	77	0	77	77	
0.4	0.5	5	662	7	4	56	7000	56	7000	0.003	0	0.003	0.003	125	0	125	125	
0.4	0.5	43	663	15	4	100	26900	100	26900	0.003	0	0.003	0.003	269	0	269	269	
0.4	0.5	5	664	29	4	54	5238	54	5238	0.00351852	0.00185045	0.003	0.01	97	0	97	97	
0.4	0.5	5	665	8	4	51	6375	51	6375	0.003	0	0.003	0.003	125	0	125	125	
0.4	0.5	1	666	5	4	49	6125	50	6250	0.00804	0.0031749	0.003	0.01	125	0	125	125	
0.4	0.5	5	667	14	4	53	6624	52	6499	0.003	0	0.003	0.003	124.981	0.138675	124	125	
0.4	0.5	23	668	17	4	100	6700	100	6700	0.003	0	0.003	0.003	67	0	67	67	
0.4	0.5	6	669	4	4	99	7623	99	7623	0.00307071	0.000703526	0.003	0.01	77	0	77	77	
0.4	0.5	5	670	47	4	49	9457	49	9457	0.003	0	0.003	0.003	193	0	193	193	
0.4	0.5	24	671	7	4	100	37296	100	37296	0.003	0	0.003	0.003	372.96	0.242878	371	373	
0.4	0.5	5	672	33	4	54	6750	54	6750	0.003	0	0.003	0.003	125	0	125	125	
0.4	0.5	20	673	8	4	100	13700	100	13700	0.003	0	0.003	0.003	137	0	137	137	
0.4	0.5	5	674	30	4	48	7728	47	7567	0.00687234	0.00351776	0.003	0.01	161	0	161	161	
0.4	0.5	1	675	1	4	86	6620	85	6543	0.003	0	0.003	0.003	76.9765	0.21693	75	77	
0.4	0.5	5	676	32	4	52	19395	52	19395	0.003	0	0.003	0.003	372.981	0.138675	372	373	
0.4	0.5	5	677	42	4	51	3927	50	3850	0.003	0	0.003	0.003	77	0	77	77	
0.4	0.5	5	678	4	4	49	3773	49	3773	0.00371428	0.00214087	0.003	0.01	77	0	77	77	
0.4	0.5	1	679	14	4	87	16790	87	16790	0.003	0	0.003	0.003	192.989	0.107211	192	193	
0.4	0.5	1	680	22	4	57	5529	56	5432	0.006625	0.00352942	0.003	0.01	97	0	97	97	
0.4	0.5	5	681	44	4	50	8050	50	8050	0.003	0	0.003	0.003	161	0	161	161	
0.4	0.5	1	682	28	4	87	5829	86	5762	0.003	0	0.003	0.003	67	0	67	67	
0.4	0.5	23	683	13	4	100	7698	100	7698	0.003	0	0.003	0.003	76.98	0.2	75	77	
0.4	0.5	5	684	26	4	50	9650	50	9650	0.003	0	0.003	0.003	193	0	193	193	
0.4	0.5	5	685	23	4	51	6375	51	6375	0.00327451	0.00137227	0.003	0.01	125	0	125	125	
0.4	0.5	1	686	4	4	87	13311	86	13158	0.003	0	0.003	0.003	153	0	153	153	
0.4	0.5	24	687	13	4	85	16405	87	16791	0.00428736	0.00272759	0.003	0.01	193	0	193	193	
0.4	0.5	5	688	15	4	51	6375	51	6375	0.003	0	0.003	0.003	125	0	125	125	
0.4	0.5	5	689	11	4	52	3484	52	3484	0.003	0	0.003	0.003	67	0	67	67	
0.4	0.5	6	690	8	4	100	19300	100	19300	0.003	0	0.003	0.003	193	0	193	193	
0.4	0.5	6	691	7	4	100	12500	100	12500	0.003	0	0.003	0.003	125	0	125	125	
0.4	0.5	5	692	1	4	50	8050	52	8372	0.00663461	0.00353153	0.003	0.01	161	0	161	161	
0.4	0.5	5	693	48	4	49	4753	49	4753	0.003	0	0.003	0.003	97	0	97	97	
0.4	0.5	24	694	11	4	100	23300	100	23300	0.003	0	0.003	0.003	233	0	233	233	
0.4	0.5	1	695	18	4	86	5762	87	5829	0.003	0	0.003	0.003	67	0	67	67	
0.4	0.5	5	696	13	4	58	7250	59	7375	0.00311864	0.000911322	0.003	0.01	125	0	125	125	
0.4	0.5	5	697	3	4	50	7650	50	7650	0.003	0	0.003	0.003	153	0	153	153	
0.4	0.5	5	698	41	4	57	21261	56	20888	0.003	0	0.003	0.003	373	0	373	373	
0.4	0.5	6	699	10	4	99	9603	99	9603	0.00307071	0.000703526	0.003	0.01	97	0	97	97	
0.4	0.5	6	700	2	4	100	16099	100	16099	0.003	0	0.003	0.003	160.99	0.1	160	161	
0.4	0.5	5	701	50	4	51	9843	51	9843	0.003	0	0.003	0.003	193	0	193	193	
0.4	0.5	1	702	25	4	52	6500	53	6623	0.00762264	0.00334679	0.003	0.01	124.962	0.274721	123	125	
0.4	0.5	5	703	38	4	53	6625	53	6625	0.003	0	0.003	0.003	125	0	125	125	
0.4	0.5	43	704	5	4	100	37300	100	37300	0.003	0	0.003	0.003	373	0	373	373	
0.4	0.5	1	705	13	4	82	10250	82	10250	0.00342683	0.00168531	0.003	0.01	125	0	125	125	
0.4	0.5	5	706	18	4	51	9843	51	9843	0.003	0	0.003	0.003	193	0	193	193	
0.4	0.5	6	707	17	4	100	15300	100	15300	0.003	0	0.003	0.003	153	0	153	153	
0.4	0.5	5	708	21	4	51	8211	51	8211	0.003	0	0.003	0.003	161	0	161	161	
0.4	0.5	1	709	21	4	85	10625	86	10750	0.003	0	0.003	0.003	125	0	125	125	
0.4	0.5	6	710	5	4	82	5494	83	5561	0.00460241	0.00295882	0.003	0.01	67	0	67	67	
0.4	0.5	5	711	46	4	50	4850	50	4850	0.00328	0.00138564	0.003	0.01	97	0	97	97	
0.4	0.5	5	712	12	4	51	19023	52	19396	0.003	0	0.003	0.003	373	0	373	373	
0.4	0.5	6	713	13	4	100	6700	100	6700	0.003	0	0.003	0.003	67	0	67	67	
0.4	0.5	6	714	15	4	100	16100	100	16100	0.003	0	0.003	0.003	161	0	161	161	
0.4	0.5	25	715	2	4	57	21413	61	23121	0.00793443	0.00321905	0.003	0.01	379.033	40.4681	317	405	
0.4	0.5	43	716	8	4	51	7803	51	7803	0.00986274	0.000980196	0.003	0.01	153	0	153	153	
0.4	0.5	5	717	16	4	50	6250	50	6250	0.003	0	0.003	0.003	125	0	125	125	
0.4	0.5	23	718	8	4	67	5159	66	5082	0.0065	0.00352682	0.003	0.01	77	0	77	77	
0.4	0.5	5	719	6	4	54	10422	54	10422	0.003	0	0.003	0.003	193	0	193	193	
0.4	0.5	5	720	43	4	50	18650	50	18650	0.00314	0.000989949	0.003	0.01	373	0	373	373	
0.4	0.5	1	721	24	4	86	5762	87	5829	0.003	0	0.003	0.003	67	0	67	67	
0.4	0.5	1	722	29	4	79	9875	79	9875	0.00353164	0.00186627	0.003	0.01	125	0	125	125	
0.4	0.5	43	723	16	4	100	37300	100	37300	0.003	0	0.003	0.003	373	0	373	373	
0.4	0.5	5	724	5	4	53	6625	53	6625	0.00313207	0.000961524	0.003	0.01	125	0	125	125	
0.4	0.5	1	725	17	4	86	6620	86	6620	0.003	0	0.003	0.003	76.9767	0.215666	75	77	
0.4	0.5	24	726	4	4	100	16099	100	16099	0.003	0	0.003	0.003	160.99	0.1	160	161	
0.4	0.5	5	727	40	4	55	5335	56	5432	0.003	0	0.003	0.003	97	0	97	97	
0.4	0.5	5	728	39	4	52	4004	52	4004	0.00340385	0.00164805	0.003	0.01	77	0	77	77	
0.4	0.5	5	729	51	4	49	3773	49	3773	0.003	0	0.003	0.003	77	0	77	77	
0.4	0.5	5	730	31	4	54	3618	54	3618	0.003	0	0.003	0.003	67	0	67	67	
0.4	0.5	5	731	28	4	52	6500	52	6500	0.003	0	0.003	0.003	125	0	125	125	
0.4	0.5	5	732	25	4	53	5141	53	5141	0.003	0	0.003	0.003	97	0	97	97	
0.4	0.5	24	733	2	4	100	19300	100	19300	0.003	0	0.003	0.003	193	0	193	193	
0.4	0.5	24	734	3	4	90	6928	90	6928	0.0037	0.00211176	0.003	0.01	76.9778	0.210819	75	77	
0.4	0.5	5	735	19	4	50	6250	50	6250	0.003	0	0.003	0.003	125	0	125	125	
0.4	0.5	24	736	9	4	100	12498	100	12498	0.003	0	0.003	0.003	124.98	0.2	123	125	
0.4	0.5	24	737	6	4	100	30099	100	30099	0.003	0	0.003	0.003	300.99	0.1	300	301	
0.4	0.5	1	738	16	4	86	20038	86	20038	0.003	0	0.003	0.003	233	0	233	233	
0.4	0.5	5	739	27	4	51	8211	49	7889	0.00585714	0.00347611	0.003	0.01	161	0	161	161	
0.4	0.5	43	740	13	4	100	37300	100	37300	0.003	0	0.003	0.003	373	0	373	373	
0.4	0.5	1	741	7	4	86	10750	86	10750	0.003	0	0.003	0.003	125	0	125	125	
0.4	0.5	1	742	19	4	79	9875	81	10125	0.00360494	0.00197913	0.003	0.01	125	0	125	125	
0.4	0.5	5	743	24	4	50	3850	50	3850	0.003	0	0.003	0.003	77	0	77	77	
0.4	0.5	1	744	23	4	86	10750	87	10875	0.003	0	0.003	0.003	125	0	125	125	
0.4	0.5	24	745	15	4	96	15456	96	15456	0.00329167	0.00140613	0.003	0.01	161	0	161	161	
0.4	0.5	1	746	11	4	48	3696	48	3696	0.0086875	0.0027611	0.003	0.01	77	0	77	77	
0.4	0.5	6	747	12	4	100	15300	100	15300	0.003	0	0.003	0.003	153	0	153	153	
0.4	0.5	6	748	21	4	100	6700	100	6700	0.003	0	0.003	0.003	67	0	67	67	
0.4	0.5	5	749	10	4	52	19396	52	19396	0.003	0	0.003	0.003	373	0	373	373	
0.4	0.5	5	750	22	4	51	4947	51	4947	0.003	0	0.003	0.003	97	0	97	97	
