% start	end	CellId	IMSI	RNTI	LCID	nTxPDUs	TxBytes	nRxPDUs	RxBytes	delay	stdDev	min	max	PduSize	stdDev	min	max
0.4	0.5	38	1	5	4	100	53300	100	53300	0.003	0	0.003	0.003	533	0	533	533	
0.4	0.5	52	2	33	4	57	21261	57	21261	0.003	0	0.003	0.003	373	0	373	373	
0.4	0.5	41	3	11	4	100	16100	100	16100	0.003	0	0.003	0.003	161	0	161	161	
0.4	0.5	33	4	3	4	100	64500	100	64500	0.003	0	0.003	0.003	645	0	645	645	
0.4	0.5	45	5	2	4	100	51700	100	51700	0.003	0	0.003	0.003	517	0	517	517	
0.4	0.5	47	6	4	4	100	64500	100	64500	0.003	0	0.003	0.003	645	0	645	645	
0.4	0.5	21	7	1	4	97	7468	97	7468	0.00321649	0.00121815	0.003	0.01	76.9897	0.101535	76	77	
0.4	0.5	54	8	5	4	100	48500	100	48500	0.003	0	0.003	0.003	485	0	485	485	
0.4	0.5	1	9	7	4	80	12880	80	12880	0.003	0	0.003	0.003	161	0	161	161	
0.4	0.5	37	10	3	4	92	2944	90	2880	0.00362222	0.00200324	0.003	0.01	32	0	32	32	
0.4	0.5	26	11	3	4	100	105600	100	105600	0.003	0	0.003	0.003	1056	0	1056	1056	
0.4	0.5	2	12	16	4	97	6499	97	6499	0.00321649	0.00121815	0.003	0.01	67	0	67	67	
0.4	0.5	3	13	4	4	100	63970	100	64148	0.003	0	0.003	0.003	641.48	77.4763	596	775	
0.4	0.5	52	14	19	4	58	2842	57	2793	0.003	0	0.003	0.003	49	0	49	49	
0.4	0.5	57	15	1	4	100	105600	100	105600	0.003	0	0.003	0.003	1056	0	1056	1056	
0.4	0.5	10	16	11	4	100	15700	100	15700	0.003	0	0.003	0.003	157	0	157	157	
0.4	0.5	14	17	1	4	100	30100	100	30100	0.003	0	0.003	0.003	301	0	301	301	
0.4	0.5	32	18	8	4	100	46900	100	46900	0.003	0	0.003	0.003	469	0	469	469	
0.4	0.5	56	19	7	4	100	20100	100	20100	0.003	0	0.003	0.003	201	0	201	201	
0.4	0.5	31	20	5	4	98	13426	98	13426	0.00314286	0.000994832	0.003	0.01	137	0	137	137	
0.4	0.5	46	21	8	4	100	30900	100	30900	0.003	0	0.003	0.003	309	0	309	309	
0.4	0.5	13	22	8	4	50	11650	51	11883	0.00986274	0.000980196	0.003	0.01	233	0	233	233	
0.4	0.5	39	23	4	4	71	8873	71	8873	0.00309859	0.000830747	0.003	0.01	124.972	0.237356	123	125	
0.4	0.5	53	24	7	4	100	105600	100	105600	0.003	0	0.003	0.003	1056	0	1056	1056	
0.4	0.5	42	25	22	4	100	4900	100	4900	0.003	0	0.003	0.003	49	0	49	49	
0.4	0.5	39	26	21	4	67	2144	67	2144	0.003	0	0.003	0.003	32	0	32	32	
0.4	0.5	20	27	7	4	100	76976	100	76976	0.003	0	0.003	0.003	769.76	82.5844	749	1095	
0.4	0.5	56	28	6	4	100	74900	100	74900	0.003	0	0.003	0.003	749	0	749	749	
0.4	0.5	4	29	5	4	100	10012	100	10012	0.003	0	0.003	0.003	100.12	17.8304	97	201	
0.4	0.5	4	30	8	4	100	6910	100	6910	0.003	0	0.003	0.003	69.1	12.0013	67	137	
0.4	0.5	2	31	4	4	72	13896	71	13703	0.00576056	0.00344535	0.003	0.01	193	0	193	193	
0.4	0.5	39	32	30	4	67	4489	67	4489	0.003	0	0.003	0.003	67	0	67	67	
0.4	0.5	8	33	3	4	100	9700	100	9700	0.003	0	0.003	0.003	97	0	97	97	
0.4	0.5	51	34	9	4	100	46900	100	46900	0.003	0	0.003	0.003	469	0	469	469	
0.4	0.5	2	35	10	4	97	12125	97	12125	0.00321649	0.00121815	0.003	0.01	125	0	125	125	
0.4	0.5	55	36	19	4	100	7700	100	7700	0.003	0	0.003	0.003	77	0	77	77	
0.4	0.5	38	37	9	4	100	74900	100	74900	0.003	0	0.003	0.003	749	0	749	749	
0.4	0.5	36	38	14	4	100	12499	100	12499	0.003	0	0.003	0.003	124.99	0.1	124	125	
0.4	0.5	43	39	7	4	100	20099	100	20099	0.003	0	0.003	0.003	200.99	0.1	200	201	
0.4	0.5	40	40	9	4	100	13698	100	13698	0.003	0	0.003	0.003	136.98	0.2	135	137	
0.4	0.5	55	41	13	4	100	9700	100	9700	0.003	0	0.003	0.003	97	0	97	97	
0.4	0.5	44	42	10	4	96	12000	95	11875	0.00329474	0.00141326	0.003	0.01	125	0	125	125	
0.4	0.5	43	43	9	4	100	13700	100	13700	0.003	0	0.003	0.003	137	0	137	137	
0.4	0.5	39	44	11	4	68	4556	67	4489	0.003	0	0.003	0.003	67	0	67	67	
0.4	0.5	4	45	1	4	100	7940	100	7940	0.003	0	0.003	0.003	79.4	13.7157	77	157	
0.4	0.5	13	46	3	4	100	30100	100	30100	0.003	0	0.003	0.003	301	0	301	301	
0.4	0.5	50	47	1	4	100	105600	100	105600	0.003	0	0.003	0.003	1056	0	1056	1056	
0.4	0.5	2	48	5	4	100	6700	100	6700	0.003	0	0.003	0.003	67	0	67	67	
0.4	0.5	30	49	12	4	100	10094	100	10094	0.003	0	0.003	0.003	100.94	0.342893	99	101	
0.4	0.5	31	50	2	4	100	32500	100	32500	0.003	0	0.003	0.003	325	0	325	325	
0.4	0.5	27	51	6	4	100	30099	100	30099	0.003	0	0.003	0.003	300.99	0.1	300	301	
0.4	0.5	29	52	2	4	100	25300	100	25300	0.003	0	0.003	0.003	253	0	253	253	
0.4	0.5	35	53	5	4	100	64500	100	64500	0.003	0	0.003	0.003	645	0	645	645	
0.4	0.5	9	54	7	4	100	25092	100	25092	0.003	0	0.003	0.003	250.92	10.2412	201	253	
0.4	0.5	41	55	3	4	100	37300	100	37300	0.003	0	0.003	0.003	373	0	373	373	
0.4	0.5	2	56	13	4	95	15015	95	15023	0.00336842	0.00157137	0.003	0.01	158.137	3.85539	153	161	
0.4	0.5	49	57	7	4	100	32500	100	32500	0.003	0	0.003	0.003	325	0	325	325	
0.4	0.5	55	58	23	4	100	9700	100	9700	0.003	0	0.003	0.003	97	0	97	97	
0.4	0.5	24	59	12	4	100	6700	100	6700	0.003	0	0.003	0.003	67	0	67	67	
0.4	0.5	26	60	1	4	100	62100	100	62100	0.003	0	0.003	0.003	621	0	621	621	
0.4	0.5	9	61	1	4	100	32498	100	32498	0.003	0	0.003	0.003	324.98	0.2	323	325	
0.4	0.5	14	62	6	4	100	30100	100	30100	0.003	0	0.003	0.003	301	0	301	301	
0.4	0.5	37	63	17	4	96	9312	96	9312	0.003	0	0.003	0.003	97	0	97	97	
0.4	0.5	52	64	13	4	57	5529	58	5626	0.003	0	0.003	0.003	97	0	97	97	
0.4	0.5	13	65	6	4	100	106801	100	106879	0.003	0	0.003	0.003	1068.79	18.3332	1056	1095	
0.4	0.5	52	66	30	4	57	2793	57	2793	0.003	0	0.003	0.003	49	0	49	49	
0.4	0.5	1	67	15	4	85	5695	84	5628	0.003	0	0.003	0.003	67	0	67	67	
0.4	0.5	17	68	6	4	100	13700	100	13700	0.003	0	0.003	0.003	137	0	137	137	
0.4	0.5	37	69	22	4	95	9215	95	9215	0.00314737	0.00101025	0.003	0.01	97	0	97	97	
0.4	0.5	46	70	1	4	100	38900	100	38900	0.003	0	0.003	0.003	389	0	389	389	
0.4	0.5	10	71	3	4	100	32500	100	32500	0.003	0	0.003	0.003	325	0	325	325	
0.4	0.5	42	72	1	4	100	19300	100	19300	0.003	0	0.003	0.003	193	0	193	193	
0.4	0.5	3	73	7	4	60	14316	60	14400	0.00766667	0.00332768	0.003	0.01	240	23.4123	233	317	
0.4	0.5	29	74	5	4	100	25300	100	25300	0.003	0	0.003	0.003	253	0	253	253	
0.4	0.5	41	75	2	4	100	3200	98	3136	0.003	0	0.003	0.003	32	0	32	32	
0.4	0.5	37	76	24	4	97	4753	97	4753	0.003	0	0.003	0.003	49	0	49	49	
0.4	0.5	40	77	3	4	100	30900	100	30900	0.003	0	0.003	0.003	309	0	309	309	
0.4	0.5	41	78	10	4	99	6633	99	6633	0.00307071	0.000703526	0.003	0.01	67	0	67	67	
0.4	0.5	9	79	3	4	51	12851	51	12851	0.00972549	0.00137227	0.003	0.01	251.98	7.28146	201	253	
0.4	0.5	42	80	13	4	82	10250	82	10250	0.00453658	0.00291524	0.003	0.01	125	0	125	125	
0.4	0.5	42	81	5	4	100	4900	100	4900	0.003	0	0.003	0.003	49	0	49	49	
0.4	0.5	23	82	9	4	100	30900	100	30900	0.003	0	0.003	0.003	309	0	309	309	
0.4	0.5	25	83	2	4	100	69300	100	69300	0.003	0	0.003	0.003	693	0	693	693	
0.4	0.5	42	84	4	4	100	9700	100	9700	0.003	0	0.003	0.003	97	0	97	97	
0.4	0.5	50	85	2	4	100	20900	100	20900	0.003	0	0.003	0.003	209	0	209	209	
0.4	0.5	16	86	11	4	100	20100	100	20100	0.003	0	0.003	0.003	201	0	201	201	
0.4	0.5	39	87	25	4	78	20982	77	20713	0.003	0	0.003	0.003	269	0	269	269	
0.4	0.5	39	88	17	4	70	5388	70	5388	0.003	0	0.003	0.003	76.9714	0.239046	75	77	
0.4	0.5	52	89	14	4	72	26853	72	26853	0.003	0	0.003	0.003	372.958	0.262034	371	373	
0.4	0.5	12	90	3	4	100	38899	100	38899	0.003	0	0.003	0.003	388.99	0.1	388	389	
0.4	0.5	55	91	7	4	100	4900	100	4900	0.003	0	0.003	0.003	49	0	49	49	
0.4	0.5	4	92	2	4	100	12884	100	12884	0.003	0	0.003	0.003	128.84	21.9452	125	253	
0.4	0.5	39	93	38	4	78	1716	74	1628	0.003	0	0.003	0.003	22	0	22	22	
0.4	0.5	36	94	1	4	100	12500	100	12500	0.003	0	0.003	0.003	125	0	125	125	
0.4	0.5	52	95	38	4	57	3819	57	3819	0.003	0	0.003	0.003	67	0	67	67	
0.4	0.5	55	96	4	4	100	23300	100	23300	0.003	0	0.003	0.003	233	0	233	233	
0.4	0.5	1	97	16	4	82	12546	81	12393	0.003	0	0.003	0.003	153	0	153	153	
0.4	0.5	55	98	12	4	100	12498	100	12498	0.003	0	0.003	0.003	124.98	0.2	123	125	
0.4	0.5	18	99	4	4	100	40498	100	40498	0.003	0	0.003	0.003	404.98	0.2	403	405	
0.4	0.5	36	100	5	4	77	9625	75	9375	0.00505333	0.00320849	0.003	0.01	125	0	125	125	
0.4	0.5	56	101	3	4	100	32499	100	32499	0.003	0	0.003	0.003	324.99	0.1	324	325	
0.4	0.5	40	102	2	4	100	46900	100	46900	0.003	0	0.003	0.003	469	0	469	469	
0.4	0.5	52	103	29	4	48	3686	50	3840	0.00426	0.00271662	0.003	0.01	76.8	1.41421	67	77	
0.4	0.5	36	104	8	4	96	6432	95	6365	0.00329474	0.00141326	0.003	0.01	67	0	67	67	
0.4	0.5	40	105	7	4	100	15700	100	15700	0.003	0	0.003	0.003	157	0	157	157	
0.4	0.5	22	106	7	4	100	23300	100	23300	0.003	0	0.003	0.003	233	0	233	233	
0.4	0.5	20	107	4	4	91	14363	92	14520	0.00368478	0.00209095	0.003	0.01	157.826	7.92355	157	233	
0.4	0.5	57	108	5	4	100	30100	100	30100	0.003	0	0.003	0.003	301	0	301	301	
0.4	0.5	10	109	6	4	100	30900	100	30900	0.003	0	0.003	0.003	309	0	309	309	
0.4	0.5	9	110	6	4	51	7987	53	8301	0.0094717	0.00186675	0.003	0.01	156.623	2.74721	137	157	
0.4	0.5	21	111	10	4	100	26900	100	26900	0.003	0	0.003	0.003	269	0	269	269	
0.4	0.5	52	112	43	4	57	1824	57	1824	0.003	0	0.003	0.003	32	0	32	32	
0.4	0.5	30	113	2	4	100	13700	100	13700	0.003	0	0.003	0.003	137	0	137	137	
0.4	0.5	51	114	11	4	100	25300	100	25300	0.003	0	0.003	0.003	253	0	253	253	
0.4	0.5	41	115	5	4	100	30100	100	30100	0.003	0	0.003	0.003	301	0	301	301	
0.4	0.5	55	116	22	4	100	12498	100	12498	0.003	0	0.003	0.003	124.98	0.2	123	125	
0.4	0.5	52	117	31	4	57	1824	57	1824	0.003	0	0.003	0.003	32	0	32	32	
0.4	0.5	21	118	21	4	100	6700	100	6700	0.003	0	0.003	0.003	67	0	67	67	
0.4	0.5	51	119	6	4	100	13698	100	13698	0.003	0	0.003	0.003	136.98	0.2	135	137	
0.4	0.5	23	120	5	4	95	14915	95	14915	0.0034421	0.00171176	0.003	0.01	157	0	157	157	
0.4	0.5	55	121	5	4	100	19300	100	19300	0.003	0	0.003	0.003	193	0	193	193	
0.4	0.5	38	122	8	4	100	15700	100	15700	0.003	0	0.003	0.003	157	0	157	157	
0.4	0.5	50	123	3	4	100	45300	100	45300	0.003	0	0.003	0.003	453	0	453	453	
0.4	0.5	6	124	11	4	100	25300	100	25300	0.003	0	0.003	0.003	253	0	253	253	
0.4	0.5	25	125	5	4	99	23067	99	23067	0.00307071	0.000703526	0.003	0.01	233	0	233	233	
0.4	0.5	30	126	6	4	100	13700	100	13700	0.003	0	0.003	0.003	137	0	137	137	
0.4	0.5	57	127	7	4	84	25284	83	24983	0.00426506	0.00270989	0.003	0.01	301	0	301	301	
0.4	0.5	45	128	1	4	100	51699	100	51699	0.003	0	0.003	0.003	516.99	0.1	516	517	
0.4	0.5	34	129	18	4	65	5005	68	5236	0.00660294	0.0035245	0.003	0.01	77	0	77	77	
0.4	0.5	41	130	12	4	100	4900	100	4898	0.003	0	0.003	0.003	48.98	0.2	47	49	
0.4	0.5	37	131	23	4	95	15295	95	15295	0.003	0	0.003	0.003	161	0	161	161	
0.4	0.5	16	132	10	4	100	74900	100	74900	0.003	0	0.003	0.003	749	0	749	749	
0.4	0.5	20	133	6	4	49	7691	51	8005	0.01	0	0.01	0.01	156.961	0.280056	155	157	
0.4	0.5	23	134	1	4	100	25300	100	25300	0.003	0	0.003	0.003	253	0	253	253	
0.4	0.5	32	135	4	4	100	15700	100	15700	0.003	0	0.003	0.003	157	0	157	157	
0.4	0.5	52	136	16	4	58	7250	57	7125	0.003	0	0.003	0.003	125	0	125	125	
0.4	0.5	7	137	3	4	100	53300	100	53300	0.003	0	0.003	0.003	533	0	533	533	
0.4	0.5	17	138	4	4	100	38900	100	38900	0.003	0	0.003	0.003	389	0	389	389	
0.4	0.5	7	139	10	4	100	74900	100	74900	0.003	0	0.003	0.003	749	0	749	749	
0.4	0.5	37	140	18	4	96	9312	96	9312	0.003	0	0.003	0.003	97	0	97	97	
0.4	0.5	20	141	3	4	100	16155	100	16155	0.003	0	0.003	0.003	161.55	18.1427	156	233	
0.4	0.5	49	142	1	4	100	32500	100	32500	0.003	0	0.003	0.003	325	0	325	325	
0.4	0.5	55	143	21	4	100	7700	100	7700	0.003	0	0.003	0.003	77	0	77	77	
0.4	0.5	24	144	23	4	100	6700	100	6700	0.003	0	0.003	0.003	67	0	67	67	
0.4	0.5	52	145	7	4	57	5529	57	5529	0.003	0	0.003	0.003	97	0	97	97	
0.4	0.5	13	146	1	4	96	43486	96	43486	0.00329167	0.00140613	0.003	0.01	452.979	0.204124	451	453	
0.4	0.5	41	147	23	4	100	6700	100	6700	0.003	0	0.003	0.003	67	0	67	67	
0.4	0.5	2	148	2	4	100	37297	100	37297	0.003	0	0.003	0.003	372.97	0.171447	372	373	
0.4	0.5	44	149	7	4	100	9804	100	9804	0.003	0	0.003	0.003	98.04	10.4	97	201	
0.4	0.5	55	150	3	4	100	4898	100	4898	0.003	0	0.003	0.003	48.98	0.2	47	49	
0.4	0.5	32	151	9	4	100	38900	100	38900	0.003	0	0.003	0.003	389	0	389	389	
0.4	0.5	10	152	10	4	100	30900	100	30900	0.003	0	0.003	0.003	309	0	309	309	
0.4	0.5	42	153	8	4	100	30100	100	30100	0.003	0	0.003	0.003	301	0	301	301	
0.4	0.5	10	154	8	4	100	10100	100	10100	0.003	0	0.003	0.003	101	0	101	101	
0.4	0.5	17	155	5	4	100	25300	100	25300	0.003	0	0.003	0.003	253	0	253	253	
0.4	0.5	40	156	1	4	100	25300	100	25300	0.003	0	0.003	0.003	253	0	253	253	
0.4	0.5	34	157	9	4	100	9700	100	9700	0.003	0	0.003	0.003	97	0	97	97	
0.4	0.5	32	158	1	4	100	25300	100	25300	0.003	0	0.003	0.003	253	0	253	253	
0.4	0.5	24	159	5	4	98	7546	98	7546	0.00321428	0.00121205	0.003	0.01	77	0	77	77	
0.4	0.5	37	160	10	4	96	4702	96	4702	0.003	0	0.003	0.003	48.9792	0.204124	47	49	
0.4	0.5	50	161	4	4	100	105600	100	105600	0.003	0	0.003	0.003	1056	0	1056	1056	
0.4	0.5	7	162	2	4	100	20100	100	20100	0.003	0	0.003	0.003	201	0	201	201	
0.4	0.5	43	163	3	4	100	13700	100	13700	0.003	0	0.003	0.003	137	0	137	137	
0.4	0.5	37	164	16	4	96	35805	96	35805	0.003	0	0.003	0.003	372.969	0.174906	372	373	
0.4	0.5	2	165	12	4	100	16100	100	16100	0.003	0	0.003	0.003	161	0	161	161	
0.4	0.5	11	166	3	4	100	77500	100	77500	0.003	0	0.003	0.003	775	0	775	775	
0.4	0.5	7	167	7	4	100	13698	100	13698	0.003	0	0.003	0.003	136.98	0.2	135	137	
0.4	0.5	36	168	12	4	100	37300	100	37300	0.003	0	0.003	0.003	373	0	373	373	
0.4	0.5	44	169	11	4	93	15137	93	15137	0.00352688	0.00185678	0.003	0.01	162.763	17.006	161	325	
0.4	0.5	7	170	8	4	100	25300	100	25300	0.003	0	0.003	0.003	253	0	253	253	
0.4	0.5	37	171	15	4	96	12000	96	12000	0.003	0	0.003	0.003	125	0	125	125	
0.4	0.5	29	172	6	4	100	13698	100	13698	0.003	0	0.003	0.003	136.98	0.2	135	137	
0.4	0.5	21	173	16	4	100	4900	100	4900	0.003	0	0.003	0.003	49	0	49	49	
0.4	0.5	26	174	5	4	100	77500	100	77500	0.003	0	0.003	0.003	775	0	775	775	
0.4	0.5	52	175	12	4	57	1824	58	1856	0.003	0	0.003	0.003	32	0	32	32	
0.4	0.5	44	176	12	4	100	9804	100	9804	0.003	0	0.003	0.003	98.04	10.4	97	201	
0.4	0.5	12	177	10	4	100	30900	100	30900	0.003	0	0.003	0.003	309	0	309	309	
0.4	0.5	12	178	12	4	100	20098	100	20098	0.003	0	0.003	0.003	200.98	0.2	199	201	
0.4	0.5	43	179	6	4	100	46900	100	46900	0.003	0	0.003	0.003	469	0	469	469	
0.4	0.5	21	180	19	4	100	12498	100	12498	0.003	0	0.003	0.003	124.98	0.2	123	125	
0.4	0.5	52	181	3	4	56	4312	56	4312	0.003125	0.000935414	0.003	0.01	77	0	77	77	
0.4	0.5	2	182	17	4	55	4915	54	4818	0.0087037	0.00274467	0.003	0.01	89.2222	9.84151	77	97	
0.4	0.5	56	183	4	4	100	74900	100	74900	0.003	0	0.003	0.003	749	0	749	749	
0.4	0.5	49	184	9	4	100	25300	100	25300	0.003	0	0.003	0.003	253	0	253	253	
0.4	0.5	8	185	15	4	100	16100	100	16100	0.003	0	0.003	0.003	161	0	161	161	
0.4	0.5	28	186	3	4	100	42100	100	42100	0.003	0	0.003	0.003	421	0	421	421	
0.4	0.5	35	187	3	4	100	64500	100	64500	0.003	0	0.003	0.003	645	0	645	645	
0.4	0.5	52	188	39	4	57	4389	57	4389	0.003	0	0.003	0.003	77	0	77	77	
0.4	0.5	17	189	2	4	100	25299	100	25299	0.003	0	0.003	0.003	252.99	0.1	252	253	
0.4	0.5	41	190	1	4	95	11875	94	11750	0.00337234	0.00157933	0.003	0.01	125	0	125	125	
0.4	0.5	34	191	7	4	100	9700	100	9700	0.003	0	0.003	0.003	97	0	97	97	
0.4	0.5	33	192	6	4	100	61684	100	61684	0.003	0	0.003	0.003	616.84	20.4824	517	621	
0.4	0.5	49	193	2	4	100	20100	100	20100	0.003	0	0.003	0.003	201	0	201	201	
0.4	0.5	34	194	6	4	79	12719	77	12397	0.00490909	0.00313798	0.003	0.01	161	0	161	161	
0.4	0.5	29	195	10	4	100	46900	100	46900	0.003	0	0.003	0.003	469	0	469	469	
0.4	0.5	2	196	7	4	85	10625	84	10500	0.00425	0.00269705	0.003	0.01	125	0	125	125	
0.4	0.5	49	197	5	4	100	13698	100	13698	0.003	0	0.003	0.003	136.98	0.2	135	137	
0.4	0.5	52	198	27	4	57	2793	57	2793	0.003	0	0.003	0.003	49	0	49	49	
0.4	0.5	37	199	1	4	98	36551	97	36178	0.003	0	0.003	0.003	372.969	0.174022	372	373	
0.4	0.5	52	200	37	4	57	8721	57	8721	0.003	0	0.003	0.003	153	0	153	153	
0.4	0.5	22	201	6	4	100	90300	100	90300	0.003	0	0.003	0.003	903	0	903	903	
0.4	0.5	12	202	5	4	99	15542	100	15699	0.00307	0.0007	0.003	0.01	156.99	0.1	156	157	
0.4	0.5	3	203	2	4	74	23833	71	23034	0.00556338	0.00339635	0.003	0.01	324.423	43.7697	300	405	
0.4	0.5	56	204	1	4	100	46899	100	46899	0.003	0	0.003	0.003	468.99	0.1	468	469	
0.4	0.5	44	205	14	4	100	37676	100	37676	0.003	0	0.003	0.003	376.76	37.6	373	749	
0.4	0.5	24	206	4	4	100	37300	100	37300	0.003	0	0.003	0.003	373	0	373	373	
0.4	0.5	56	207	8	4	100	15699	100	15699	0.003	0	0.003	0.003	156.99	0.1	156	157	
0.4	0.5	44	208	5	4	100	9804	100	9804	0.003	0	0.003	0.003	98.04	10.4	97	201	
0.4	0.5	38	209	4	4	100	32499	100	32499	0.003	0	0.003	0.003	324.99	0.1	324	325	
0.4	0.5	39	210	6	4	67	8373	67	8373	0.003	0	0.003	0.003	124.97	0.244339	123	125	
0.4	0.5	22	211	4	4	100	20898	100	20900	0.003	0	0.003	0.003	209	0	209	209	
0.4	0.5	7	212	5	4	100	38900	100	38900	0.003	0	0.003	0.003	389	0	389	389	
0.4	0.5	40	213	5	4	100	25300	100	25300	0.003	0	0.003	0.003	253	0	253	253	
0.4	0.5	21	214	12	4	70	5330	71	5397	0.00595775	0.00348235	0.003	0.01	76.0141	3.00235	67	77	
0.4	0.5	6	215	8	4	52	13104	51	12851	0.00986274	0.000980196	0.003	0.01	251.98	7.28146	201	253	
0.4	0.5	4	216	6	4	97	15617	98	15778	0.00321428	0.00121205	0.003	0.01	161	0	161	161	
0.4	0.5	3	217	1	4	71	28259	71	28259	0.00605634	0.00349648	0.003	0.01	398.014	32.9829	389	517	
0.4	0.5	54	218	1	4	63	18963	63	18963	0.00711111	0.00347392	0.003	0.01	301	0	301	301	
0.4	0.5	50	219	7	4	100	30100	100	30100	0.003	0	0.003	0.003	301	0	301	301	
0.4	0.5	2	220	11	4	100	23300	100	23300	0.003	0	0.003	0.003	233	0	233	233	
0.4	0.5	18	221	2	4	100	40500	100	40500	0.003	0	0.003	0.003	405	0	405	405	
0.4	0.5	52	222	26	4	57	4389	57	4389	0.003	0	0.003	0.003	77	0	77	77	
0.4	0.5	44	223	3	4	84	8148	83	8051	0.0043494	0.00277811	0.003	0.01	97	0	97	97	
0.4	0.5	4	224	4	4	100	38428	100	38428	0.003	0	0.003	0.003	384.28	64.4639	373	749	
0.4	0.5	39	225	27	4	67	2144	66	2112	0.003	0	0.003	0.003	32	0	32	32	
0.4	0.5	54	226	7	4	100	48500	100	48500	0.003	0	0.003	0.003	485	0	485	485	
0.4	0.5	54	227	4	4	100	48500	100	48500	0.003	0	0.003	0.003	485	0	485	485	
0.4	0.5	41	228	13	4	100	12500	100	12500	0.003	0	0.003	0.003	125	0	125	125	
0.4	0.5	5	229	45	4	47	12643	47	12643	0.003	0	0.003	0.003	269	0	269	269	
0.4	0.5	30	230	1	4	100	25300	100	25300	0.003	0	0.003	0.003	253	0	253	253	
0.4	0.5	34	231	5	4	100	6700	100	6700	0.003	0	0.003	0.003	67	0	67	67	
0.4	0.5	21	232	13	4	97	11845	97	11789	0.00321649	0.00121815	0.003	0.01	121.536	9.26695	97	125	
0.4	0.5	43	233	5	4	100	20099	100	20099	0.003	0	0.003	0.003	200.99	0.1	200	201	
0.4	0.5	36	234	2	4	97	18721	97	18721	0.00321649	0.00121815	0.003	0.01	193	0	193	193	
0.4	0.5	32	235	2	4	100	30900	100	30900	0.003	0	0.003	0.003	309	0	309	309	
0.4	0.5	44	236	8	4	95	13387	96	13484	0.00336458	0.00156353	0.003	0.01	140.458	13.9969	125	153	
0.4	0.5	39	237	20	4	67	5159	68	5236	0.00310294	0.000848875	0.003	0.01	77	0	77	77	
0.4	0.5	37	238	9	4	96	9312	96	9312	0.003	0	0.003	0.003	97	0	97	97	
0.4	0.5	21	239	17	4	97	12069	98	12194	0.00321428	0.00121205	0.003	0.01	124.429	3.97933	97	125	
0.4	0.5	8	240	2	4	100	7700	100	7700	0.003	0	0.003	0.003	77	0	77	77	
0.4	0.5	6	241	12	4	100	20012	100	20012	0.003	0	0.003	0.003	200.12	6.19103	157	201	
0.4	0.5	42	242	2	4	100	4900	100	4900	0.003	0	0.003	0.003	49	0	49	49	
0.4	0.5	15	243	1	4	100	105600	100	105600	0.003	0	0.003	0.003	1056	0	1056	1056	
0.4	0.5	52	244	45	4	57	9177	57	9177	0.003	0	0.003	0.003	161	0	161	161	
0.4	0.5	55	245	8	4	100	6700	100	6700	0.003	0	0.003	0.003	67	0	67	67	
0.4	0.5	37	246	2	4	93	34687	93	34687	0.00315054	0.00102094	0.003	0.01	372.978	0.145848	372	373	
0.4	0.5	33	247	2	4	100	51699	100	51699	0.003	0	0.003	0.003	516.99	0.1	516	517	
0.4	0.5	42	248	11	4	100	19300	100	19300	0.003	0	0.003	0.003	193	0	193	193	
0.4	0.5	34	249	2	4	100	16100	100	16100	0.003	0	0.003	0.003	161	0	161	161	
0.4	0.5	15	250	5	4	100	50100	100	50100	0.003	0	0.003	0.003	501	0	501	501	
0.4	0.5	36	251	3	4	100	30100	100	30100	0.003	0	0.003	0.003	301	0	301	301	
0.4	0.5	34	252	11	4	97	6499	97	6499	0.00321649	0.00121815	0.003	0.01	67	0	67	67	
0.4	0.5	20	253	9	4	100	26116	100	26116	0.003	0	0.003	0.003	261.16	32.4609	253	389	
0.4	0.5	35	254	4	4	100	64500	100	64500	0.003	0	0.003	0.003	645	0	645	645	
0.4	0.5	53	255	3	4	100	23300	100	23300	0.003	0	0.003	0.003	233	0	233	233	
0.4	0.5	14	256	3	4	99	23067	99	23067	0.00307071	0.000703526	0.003	0.01	233	0	233	233	
0.4	0.5	13	257	7	4	100	45300	100	45300	0.003	0	0.003	0.003	453	0	453	453	
0.4	0.5	51	258	10	4	100	30900	100	30900	0.003	0	0.003	0.003	309	0	309	309	
0.4	0.5	32	259	6	4	100	62100	100	62100	0.003	0	0.003	0.003	621	0	621	621	
0.4	0.5	41	260	21	4	100	12498	100	12498	0.003	0	0.003	0.003	124.98	0.2	123	125	
0.4	0.5	38	261	6	4	100	32499	100	32499	0.003	0	0.003	0.003	324.99	0.1	324	325	
0.4	0.5	55	262	17	4	100	4900	100	4900	0.003	0	0.003	0.003	49	0	49	49	
0.4	0.5	24	263	8	4	100	7700	100	7700	0.003	0	0.003	0.003	77	0	77	77	
0.4	0.5	4	264	13	4	100	12884	100	12884	0.003	0	0.003	0.003	128.84	21.9452	125	253	
0.4	0.5	21	265	5	4	100	9700	100	9700	0.003	0	0.003	0.003	97	0	97	97	
0.4	0.5	5	266	31	4	47	3619	47	3619	0.003	0	0.003	0.003	77	0	77	77	
0.4	0.5	46	267	2	4	100	46900	100	46900	0.003	0	0.003	0.003	469	0	469	469	
0.4	0.5	27	268	8	4	100	90300	100	90300	0.003	0	0.003	0.003	903	0	903	903	
0.4	0.5	31	269	3	4	100	20100	100	20100	0.003	0	0.003	0.003	201	0	201	201	
0.4	0.5	57	270	2	4	49	11417	50	11650	0.01	0	0.01	0.01	233	0	233	233	
0.4	0.5	45	271	5	4	100	31698	100	31698	0.003	0	0.003	0.003	316.98	0.2	315	317	
0.4	0.5	27	272	4	4	100	38900	100	38900	0.003	0	0.003	0.003	389	0	389	389	
0.4	0.5	24	273	11	4	100	12498	100	12498	0.003	0	0.003	0.003	124.98	0.2	123	125	
0.4	0.5	39	274	8	4	68	3332	67	3283	0.003	0	0.003	0.003	49	0	49	49	
0.4	0.5	32	275	3	4	100	38900	100	38900	0.003	0	0.003	0.003	389	0	389	389	
0.4	0.5	27	276	7	4	100	48500	100	48500	0.003	0	0.003	0.003	485	0	485	485	
0.4	0.5	39	277	31	4	68	2176	68	2176	0.003	0	0.003	0.003	32	0	32	32	
0.4	0.5	41	278	8	4	100	37297	100	37297	0.003	0	0.003	0.003	372.97	0.171447	372	373	
0.4	0.5	44	279	13	4	97	12253	97	12253	0.00321649	0.00121815	0.003	0.01	126.32	12.9964	125	253	
0.4	0.5	48	280	3	4	100	62097	100	62097	0.003	0	0.003	0.003	620.97	0.171447	620	621	
0.4	0.5	34	281	3	4	98	7544	97	7467	0.00321649	0.00121815	0.003	0.01	76.9794	0.203069	75	77	
0.4	0.5	21	282	6	4	100	30099	100	30099	0.003	0	0.003	0.003	300.99	0.1	300	301	
0.4	0.5	39	283	2	4	59	4543	59	4543	0.00454237	0.00292623	0.003	0.01	77	0	77	77	
0.4	0.5	39	284	35	4	67	5159	68	5236	0.003	0	0.003	0.003	77	0	77	77	
0.4	0.5	25	285	8	4	100	69300	100	69300	0.003	0	0.003	0.003	693	0	693	693	
0.4	0.5	39	286	24	4	36	2772	39	3003	0.00964102	0.00156419	0.003	0.01	77	0	77	77	
0.4	0.5	13	287	2	4	100	69300	100	69300	0.003	0	0.003	0.003	693	0	693	693	
0.4	0.5	8	288	9	4	100	4900	100	4900	0.003	0	0.003	0.003	49	0	49	49	
0.4	0.5	46	289	9	4	100	15700	100	15700	0.003	0	0.003	0.003	157	0	157	157	
0.4	0.5	21	290	8	4	100	19300	100	19300	0.003	0	0.003	0.003	193	0	193	193	
0.4	0.5	6	291	6	4	100	32500	100	32500	0.003	0	0.003	0.003	325	0	325	325	
0.4	0.5	46	292	10	4	100	25300	100	25300	0.003	0	0.003	0.003	253	0	253	253	
0.4	0.5	39	293	32	4	66	10624	66	10624	0.003	0	0.003	0.003	160.97	0.246183	159	161	
0.4	0.5	39	294	23	4	56	4312	57	4389	0.00435088	0.00278703	0.003	0.01	77	0	77	77	
0.4	0.5	48	295	5	4	100	62097	100	62097	0.003	0	0.003	0.003	620.97	0.171447	620	621	
0.4	0.5	55	296	6	4	100	12500	100	12500	0.003	0	0.003	0.003	125	0	125	125	
0.4	0.5	17	297	8	4	100	53300	100	53300	0.003	0	0.003	0.003	533	0	533	533	
0.4	0.5	51	298	3	4	100	20098	100	20098	0.003	0	0.003	0.003	200.98	0.2	199	201	
0.4	0.5	42	299	24	4	98	7526	98	7526	0.00314286	0.000994832	0.003	0.01	76.7959	1.42119	67	77	
0.4	0.5	52	300	6	4	57	3819	57	3819	0.003	0	0.003	0.003	67	0	67	67	
0.4	0.5	20	301	5	4	100	26116	100	26116	0.003	0	0.003	0.003	261.16	32.4609	253	389	
0.4	0.5	31	302	1	4	100	32500	100	32500	0.003	0	0.003	0.003	325	0	325	325	
0.4	0.5	48	303	1	4	100	40500	100	40500	0.003	0	0.003	0.003	405	0	405	405	
0.4	0.5	30	304	3	4	100	13700	100	13700	0.003	0	0.003	0.003	137	0	137	137	
0.4	0.5	16	305	6	4	97	24540	97	24540	0.00321649	0.00121815	0.003	0.01	252.99	0.101535	252	253	
0.4	0.5	9	306	2	4	60	19500	59	19175	0.00762712	0.00334199	0.003	0.01	325	0	325	325	
0.4	0.5	14	307	7	4	100	59699	100	59699	0.003	0	0.003	0.003	596.99	0.1	596	597	
0.4	0.5	5	308	50	4	51	3417	50	3350	0.003	0	0.003	0.003	67	0	67	67	
0.4	0.5	32	309	7	4	100	32498	100	32498	0.003	0	0.003	0.003	324.98	0.2	323	325	
0.4	0.5	29	310	11	4	100	15700	100	15700	0.003	0	0.003	0.003	157	0	157	157	
0.4	0.5	42	311	14	4	100	9700	100	9700	0.003	0	0.003	0.003	97	0	97	97	
0.4	0.5	52	312	20	4	58	4466	57	4389	0.003	0	0.003	0.003	77	0	77	77	
0.4	0.5	55	313	1	4	100	9700	100	9700	0.003	0	0.003	0.003	97	0	97	97	
0.4	0.5	57	314	8	4	100	59700	100	59700	0.003	0	0.003	0.003	597	0	597	597	
0.4	0.5	17	315	1	4	100	13700	100	13700	0.003	0	0.003	0.003	137	0	137	137	
0.4	0.5	13	316	5	4	100	38898	100	38898	0.003	0	0.003	0.003	388.98	0.2	387	389	
0.4	0.5	42	317	23	4	100	19300	100	19300	0.003	0	0.003	0.003	193	0	193	193	
0.4	0.5	12	318	6	4	100	30900	100	30900	0.003	0	0.003	0.003	309	0	309	309	
0.4	0.5	39	319	34	4	67	3283	68	3332	0.003	0	0.003	0.003	49	0	49	49	
0.4	0.5	43	320	12	4	100	38900	100	38900	0.003	0	0.003	0.003	389	0	389	389	
0.4	0.5	39	321	10	4	67	12931	66	12738	0.003	0	0.003	0.003	193	0	193	193	
0.4	0.5	52	322	28	4	71	5467	71	5467	0.003	0	0.003	0.003	77	0	77	77	
0.4	0.5	10	323	2	4	100	74900	100	74900	0.003	0	0.003	0.003	749	0	749	749	
0.4	0.5	45	324	3	4	100	27698	100	27698	0.003	0	0.003	0.003	276.98	0.2	275	277	
0.4	0.5	34	325	14	4	100	6700	100	6700	0.003	0	0.003	0.003	67	0	67	67	
0.4	0.5	9	326	4	4	100	53300	100	53300	0.003	0	0.003	0.003	533	0	533	533	
0.4	0.5	38	327	11	4	100	30899	100	30899	0.003	0	0.003	0.003	308.99	0.1	308	309	
0.4	0.5	36	328	13	4	100	23294	100	23294	0.003	0	0.003	0.003	232.94	0.342893	231	233	
0.4	0.5	19	329	4	4	100	74900	100	74900	0.003	0	0.003	0.003	749	0	749	749	
0.4	0.5	34	330	13	4	100	15300	100	15300	0.003	0	0.003	0.003	153	0	153	153	
0.4	0.5	28	331	4	4	100	105600	100	105600	0.003	0	0.003	0.003	1056	0	1056	1056	
0.4	0.5	48	332	6	4	100	31700	100	31700	0.003	0	0.003	0.003	317	0	317	317	
0.4	0.5	29	333	8	4	100	38900	100	38900	0.003	0	0.003	0.003	389	0	389	389	
0.4	0.5	39	334	5	4	67	6499	67	6499	0.003	0	0.003	0.003	97	0	97	97	
0.4	0.5	52	335	4	4	57	2791	57	2791	0.003	0	0.003	0.003	48.9649	0.264906	47	49	
0.4	0.5	36	336	10	4	83	8051	83	8051	0.00443373	0.00284216	0.003	0.01	97	0	97	97	
0.4	0.5	9	337	8	4	100	74900	100	74900	0.003	0	0.003	0.003	749	0	749	749	
0.4	0.5	19	338	5	4	99	25047	98	24794	0.00307143	0.000707107	0.003	0.01	253	0	253	253	
0.4	0.5	47	339	1	4	100	51700	100	51700	0.003	0	0.003	0.003	517	0	517	517	
0.4	0.5	39	340	16	4	70	5390	70	5390	0.0031	0.00083666	0.003	0.01	77	0	77	77	
0.4	0.5	14	341	5	4	100	38900	100	38900	0.003	0	0.003	0.003	389	0	389	389	
0.4	0.5	16	342	2	4	60	15180	59	14927	0.00762712	0.00334199	0.003	0.01	253	0	253	253	
0.4	0.5	44	343	9	4	100	37676	100	37676	0.003	0	0.003	0.003	376.76	37.6	373	749	
0.4	0.5	52	344	32	4	57	2793	57	2793	0.003	0	0.003	0.003	49	0	49	49	
0.4	0.5	37	345	11	4	96	7390	96	7390	0.003	0	0.003	0.003	76.9792	0.204124	75	77	
0.4	0.5	33	346	5	4	100	51700	100	51700	0.003	0	0.003	0.003	517	0	517	517	
0.4	0.5	30	347	10	4	100	13700	100	13700	0.003	0	0.003	0.003	137	0	137	137	
0.4	0.5	42	348	15	4	100	23300	100	23300	0.003	0	0.003	0.003	233	0	233	233	
0.4	0.5	33	349	1	4	100	40500	100	40500	0.003	0	0.003	0.003	405	0	405	405	
0.4	0.5	4	350	10	4	100	16592	100	16592	0.003	0	0.003	0.003	165.92	28.1172	161	325	
0.4	0.5	53	351	2	4	100	30100	100	30100	0.003	0	0.003	0.003	301	0	301	301	
0.4	0.5	21	352	2	4	100	4900	100	4900	0.003	0	0.003	0.003	49	0	49	49	
0.4	0.5	37	353	5	4	96	14688	97	14841	0.003	0	0.003	0.003	153	0	153	153	
0.4	0.5	52	354	11	4	57	9175	58	9336	0.003	0	0.003	0.003	160.966	0.262613	159	161	
0.4	0.5	21	355	11	4	70	13510	70	13510	0.0061	0.00350217	0.003	0.01	193	0	193	193	
0.4	0.5	29	356	1	4	100	38900	100	38900	0.003	0	0.003	0.003	389	0	389	389	
0.4	0.5	1	357	8	4	89	33195	89	33195	0.003	0	0.003	0.003	372.978	0.149052	372	373	
0.4	0.5	8	358	12	4	100	4900	100	4900	0.003	0	0.003	0.003	49	0	49	49	
0.4	0.5	43	359	8	4	100	46900	100	46900	0.003	0	0.003	0.003	469	0	469	469	
0.4	0.5	46	360	12	4	100	74900	100	74900	0.003	0	0.003	0.003	749	0	749	749	
0.4	0.5	21	361	15	4	100	4900	100	4900	0.003	0	0.003	0.003	49	0	49	49	
0.4	0.5	38	362	3	4	100	38900	100	38900	0.003	0	0.003	0.003	389	0	389	389	
0.4	0.5	51	363	5	4	58	9106	57	8949	0.0082807	0.00303994	0.003	0.01	157	0	157	157	
0.4	0.5	57	364	6	4	98	47530	98	47530	0.00314286	0.000994832	0.003	0.01	485	0	485	485	
0.4	0.5	45	365	6	4	100	51700	100	51700	0.003	0	0.003	0.003	517	0	517	517	
0.4	0.5	34	366	8	4	100	4900	100	4900	0.003	0	0.003	0.003	49	0	49	49	
0.4	0.5	21	367	14	4	100	12500	100	12500	0.003	0	0.003	0.003	125	0	125	125	
0.4	0.5	39	368	9	4	68	4556	67	4489	0.003	0	0.003	0.003	67	0	67	67	
0.4	0.5	41	369	4	4	77	3771	76	3722	0.00511842	0.00323715	0.003	0.01	48.9737	0.229416	47	49	
0.4	0.5	3	370	5	4	100	41972	100	42100	0.003	0	0.003	0.003	421	55.7048	389	517	
0.4	0.5	52	371	35	4	57	1822	56	1790	0.003	0	0.003	0.003	31.9643	0.267261	30	32	
0.4	0.5	8	372	11	4	100	15300	100	15300	0.003	0	0.003	0.003	153	0	153	153	
0.4	0.5	41	373	27	4	100	2200	96	2112	0.003	0	0.003	0.003	22	0	22	22	
0.4	0.5	33	374	4	4	100	64498	100	64498	0.003	0	0.003	0.003	644.98	0.2	643	645	
0.4	0.5	21	375	18	4	99	15939	99	15939	0.003	0	0.003	0.003	161	0	161	161	
0.4	0.5	12	376	7	4	98	19696	97	19495	0.00314433	0.000999893	0.003	0.01	200.979	0.203069	199	201	
0.4	0.5	52	377	42	4	54	2646	54	2646	0.00338889	0.00161849	0.003	0.01	49	0	49	49	
0.4	0.5	12	378	2	4	100	13700	100	13700	0.003	0	0.003	0.003	137	0	137	137	
0.4	0.5	49	379	3	4	100	25300	100	25300	0.003	0	0.003	0.003	253	0	253	253	
0.4	0.5	18	380	3	4	77	24409	76	24092	0.00502631	0.00319572	0.003	0.01	317	0	317	317	
0.4	0.5	54	381	2	4	100	20898	100	20898	0.003	0	0.003	0.003	208.98	0.2	207	209	
0.4	0.5	9	382	10	4	100	32468	100	32468	0.003	0	0.003	0.003	324.68	2.25128	309	325	
0.4	0.5	45	383	4	4	100	31700	100	31700	0.003	0	0.003	0.003	317	0	317	317	
0.4	0.5	39	384	28	4	69	20769	69	20769	0.003	0	0.003	0.003	301	0	301	301	
0.4	0.5	9	385	11	4	100	25196	100	25196	0.003	0	0.003	0.003	251.96	7.31668	201	253	
0.4	0.5	5	386	60	4	47	3149	47	3149	0.003	0	0.003	0.003	67	0	67	67	
0.4	0.5	51	387	4	4	100	25300	100	25300	0.003	0	0.003	0.003	253	0	253	253	
0.4	0.5	54	388	3	4	100	23300	100	23300	0.003	0	0.003	0.003	233	0	233	233	
0.4	0.5	52	389	40	4	72	19368	71	19099	0.003	0	0.003	0.003	269	0	269	269	
0.4	0.5	48	390	2	4	100	40500	100	40500	0.003	0	0.003	0.003	405	0	405	405	
0.4	0.5	6	391	1	4	100	30900	100	30900	0.003	0	0.003	0.003	309	0	309	309	
0.4	0.5	11	392	4	4	100	62096	100	62096	0.003	0	0.003	0.003	620.96	0.196946	620	621	
0.4	0.5	46	393	3	4	100	20099	100	20099	0.003	0	0.003	0.003	200.99	0.1	200	201	
0.4	0.5	55	394	18	4	100	6700	100	6700	0.003	0	0.003	0.003	67	0	67	67	
0.4	0.5	34	395	4	4	100	6700	100	6700	0.003	0	0.003	0.003	67	0	67	67	
0.4	0.5	41	396	7	4	100	9700	99	9603	0.003	0	0.003	0.003	97	0	97	97	
0.4	0.5	47	397	5	4	100	51700	100	51700	0.003	0	0.003	0.003	517	0	517	517	
0.4	0.5	41	398	20	4	100	16100	100	16100	0.003	0	0.003	0.003	161	0	161	161	
0.4	0.5	52	399	25	4	57	4387	57	4387	0.003	0	0.003	0.003	76.9649	0.264906	75	77	
0.4	0.5	16	400	7	4	98	24793	99	25046	0.00314141	0.000989847	0.003	0.01	252.99	0.100504	252	253	
0.4	0.5	47	401	2	4	52	20884	53	21289	0.00960377	0.00163307	0.003	0.01	401.679	16.9295	317	405	
0.4	0.5	12	402	9	4	100	13700	100	13700	0.003	0	0.003	0.003	137	0	137	137	
0.4	0.5	2	403	15	4	100	14571	100	14599	0.003	0	0.003	0.003	145.99	12.2032	124	153	
0.4	0.5	19	404	10	4	100	32499	100	32499	0.003	0	0.003	0.003	324.99	0.1	324	325	
0.4	0.5	55	405	15	4	100	12498	100	12498	0.003	0	0.003	0.003	124.98	0.2	123	125	
0.4	0.5	38	406	7	4	100	32500	100	32500	0.003	0	0.003	0.003	325	0	325	325	
0.4	0.5	42	407	9	4	100	16100	100	16100	0.003	0	0.003	0.003	161	0	161	161	
0.4	0.5	7	408	4	4	99	19899	99	19899	0.00307071	0.000703526	0.003	0.01	201	0	201	201	
0.4	0.5	49	409	6	4	100	20100	100	20100	0.003	0	0.003	0.003	201	0	201	201	
0.4	0.5	28	410	1	4	100	59700	100	59700	0.003	0	0.003	0.003	597	0	597	597	
0.4	0.5	44	411	6	4	94	15114	94	15114	0.00344681	0.00172032	0.003	0.01	160.787	15.8093	153	309	
0.4	0.5	31	412	7	4	100	20100	100	20100	0.003	0	0.003	0.003	201	0	201	201	
0.4	0.5	23	413	2	4	100	13700	100	13700	0.003	0	0.003	0.003	137	0	137	137	
0.4	0.5	51	414	12	4	100	38899	100	38899	0.003	0	0.003	0.003	388.99	0.1	388	389	
0.4	0.5	17	415	7	4	100	13700	100	13700	0.003	0	0.003	0.003	137	0	137	137	
0.4	0.5	8	416	13	4	100	16100	100	16100	0.003	0	0.003	0.003	161	0	161	161	
0.4	0.5	20	417	8	4	98	20198	98	20198	0.00314286	0.000994832	0.003	0.01	206.102	22.1171	201	301	
0.4	0.5	2	418	9	4	100	4900	100	4900	0.003	0	0.003	0.003	49	0	49	49	
0.4	0.5	2	419	6	4	100	7700	100	7700	0.003	0	0.003	0.003	77	0	77	77	
0.4	0.5	7	420	11	4	100	20100	100	20100	0.003	0	0.003	0.003	201	0	201	201	
0.4	0.5	4	421	12	4	100	19886	100	19886	0.003	0	0.003	0.003	198.86	33.6077	191	389	
0.4	0.5	52	422	10	4	57	11001	58	11194	0.003	0	0.003	0.003	193	0	193	193	
0.4	0.5	56	423	5	4	100	38900	100	38900	0.003	0	0.003	0.003	389	0	389	389	
0.4	0.5	39	424	7	4	67	2143	67	2143	0.003	0	0.003	0.003	31.9851	0.122169	31	32	
0.4	0.5	11	425	6	4	100	27700	100	27700	0.003	0	0.003	0.003	277	0	277	277	
0.4	0.5	26	426	2	4	100	77500	100	77500	0.003	0	0.003	0.003	775	0	775	775	
0.4	0.5	39	427	14	4	67	3283	67	3283	0.003	0	0.003	0.003	49	0	49	49	
0.4	0.5	52	428	44	4	57	2793	57	2793	0.003	0	0.003	0.003	49	0	49	49	
0.4	0.5	22	429	1	4	100	38898	100	38898	0.003	0	0.003	0.003	388.98	0.2	387	389	
0.4	0.5	2	430	1	4	73	8621	74	8746	0.00536486	0.00333341	0.003	0.01	118.189	12.0951	97	125	
0.4	0.5	10	431	5	4	100	13700	100	13700	0.003	0	0.003	0.003	137	0	137	137	
0.4	0.5	39	432	33	4	67	15611	68	15844	0.003	0	0.003	0.003	233	0	233	233	
0.4	0.5	52	433	21	4	58	9338	57	9177	0.003	0	0.003	0.003	161	0	161	161	
0.4	0.5	16	434	8	4	77	23793	77	23793	0.00509091	0.00322483	0.003	0.01	309	0	309	309	
0.4	0.5	41	435	14	4	97	6499	97	6499	0.00321649	0.00121815	0.003	0.01	67	0	67	67	
0.4	0.5	41	436	9	4	100	3200	99	3168	0.003	0	0.003	0.003	32	0	32	32	
0.4	0.5	46	437	5	4	100	25300	100	25300	0.003	0	0.003	0.003	253	0	253	253	
0.4	0.5	55	438	14	4	100	15300	100	15300	0.003	0	0.003	0.003	153	0	153	153	
0.4	0.5	15	439	3	4	100	105600	100	105600	0.003	0	0.003	0.003	1056	0	1056	1056	
0.4	0.5	43	440	11	4	100	15700	100	15700	0.003	0	0.003	0.003	157	0	157	157	
0.4	0.5	9	441	9	4	100	30786	100	30786	0.003	0	0.003	0.003	307.86	7.87916	253	309	
0.4	0.5	52	442	2	4	57	3819	57	3819	0.003	0	0.003	0.003	67	0	67	67	
0.4	0.5	46	443	11	4	100	15700	100	15700	0.003	0	0.003	0.003	157	0	157	157	
0.4	0.5	42	444	21	4	100	23300	100	23300	0.003	0	0.003	0.003	233	0	233	233	
0.4	0.5	15	445	4	4	100	105600	100	105600	0.003	0	0.003	0.003	1056	0	1056	1056	
0.4	0.5	34	446	17	4	100	37300	100	37300	0.003	0	0.003	0.003	373	0	373	373	
0.4	0.5	30	447	7	4	100	74900	100	74900	0.003	0	0.003	0.003	749	0	749	749	
0.4	0.5	4	448	7	4	100	38428	100	38428	0.003	0	0.003	0.003	384.28	64.4639	373	749	
0.4	0.5	14	449	2	4	100	59700	100	59700	0.003	0	0.003	0.003	597	0	597	597	
0.4	0.5	40	450	8	4	100	46900	100	46900	0.003	0	0.003	0.003	469	0	469	469	
0.4	0.5	18	451	6	4	100	40500	100	40500	0.003	0	0.003	0.003	405	0	405	405	
0.4	0.5	30	452	5	4	100	25300	100	25300	0.003	0	0.003	0.003	253	0	253	253	
0.4	0.5	10	453	9	4	100	13700	100	13700	0.003	0	0.003	0.003	137	0	137	137	
0.4	0.5	51	454	7	4	100	38900	100	38900	0.003	0	0.003	0.003	389	0	389	389	
0.4	0.5	37	455	14	4	81	6237	82	6314	0.00436585	0.00279113	0.003	0.01	77	0	77	77	
0.4	0.5	19	456	8	4	100	13700	100	13700	0.003	0	0.003	0.003	137	0	137	137	
0.4	0.5	34	457	15	4	100	9698	100	9698	0.003	0	0.003	0.003	96.98	0.2	95	97	
0.4	0.5	10	458	7	4	100	38900	100	38900	0.003	0	0.003	0.003	389	0	389	389	
0.4	0.5	37	459	19	4	96	7392	96	7392	0.003	0	0.003	0.003	77	0	77	77	
0.4	0.5	20	460	2	4	100	76976	100	76976	0.003	0	0.003	0.003	769.76	82.5844	749	1095	
0.4	0.5	36	461	9	4	85	6544	84	6467	0.00425	0.00269705	0.003	0.01	76.9881	0.109109	76	77	
0.4	0.5	37	462	7	4	96	12000	97	12125	0.003	0	0.003	0.003	125	0	125	125	
0.4	0.5	39	463	19	4	66	3234	66	3234	0.003	0	0.003	0.003	49	0	49	49	
0.4	0.5	27	464	5	4	100	48500	100	48500	0.003	0	0.003	0.003	485	0	485	485	
0.4	0.5	42	465	3	4	100	7700	100	7700	0.003	0	0.003	0.003	77	0	77	77	
0.4	0.5	12	466	1	4	95	19095	97	19497	0.00336082	0.00155581	0.003	0.01	201	0	201	201	
0.4	0.5	42	467	12	4	100	4898	100	4898	0.003	0	0.003	0.003	48.98	0.2	47	49	
0.4	0.5	57	468	3	4	100	69298	100	69298	0.003	0	0.003	0.003	692.98	0.2	691	693	
0.4	0.5	52	469	1	4	71	2272	71	2272	0.003	0	0.003	0.003	32	0	32	32	
0.4	0.5	46	470	7	4	100	38900	100	38900	0.003	0	0.003	0.003	389	0	389	389	
0.4	0.5	2	471	14	4	100	16100	100	16100	0.003	0	0.003	0.003	161	0	161	161	
0.4	0.5	4	472	3	4	100	24008	100	24008	0.003	0	0.003	0.003	240.08	40.4614	233	469	
0.4	0.5	39	473	26	4	73	11751	73	11751	0.003	0	0.003	0.003	160.973	0.234082	159	161	
0.4	0.5	15	474	2	4	100	105600	100	105600	0.003	0	0.003	0.003	1056	0	1056	1056	
0.4	0.5	38	475	1	4	100	46900	100	46900	0.003	0	0.003	0.003	469	0	469	469	
0.4	0.5	38	476	2	4	100	53300	100	53300	0.003	0	0.003	0.003	533	0	533	533	
0.4	0.5	10	477	4	4	100	15700	100	15700	0.003	0	0.003	0.003	157	0	157	157	
0.4	0.5	26	478	6	4	100	31700	100	31700	0.003	0	0.003	0.003	317	0	317	317	
0.4	0.5	42	479	10	4	100	15300	100	15300	0.003	0	0.003	0.003	153	0	153	153	
0.4	0.5	23	480	3	4	100	30900	100	30900	0.003	0	0.003	0.003	309	0	309	309	
0.4	0.5	37	481	25	4	90	8730	90	8730	0.00331111	0.00145064	0.003	0.01	97	0	97	97	
0.4	0.5	3	482	6	4	69	28121	68	27732	0.00629412	0.00351992	0.003	0.01	407.824	45.6701	389	517	
0.4	0.5	12	483	4	4	100	25300	100	25300	0.003	0	0.003	0.003	253	0	253	253	
0.4	0.5	8	484	14	4	100	19300	100	19300	0.003	0	0.003	0.003	193	0	193	193	
0.4	0.5	37	485	26	4	97	3104	97	3104	0.003	0	0.003	0.003	32	0	32	32	
0.4	0.5	19	486	6	4	100	30900	100	30900	0.003	0	0.003	0.003	309	0	309	309	
0.4	0.5	6	487	4	4	51	16575	49	15925	0.01	0	0.01	0.01	325	0	325	325	
0.4	0.5	55	488	10	4	100	12500	100	12500	0.003	0	0.003	0.003	125	0	125	125	
0.4	0.5	27	489	2	4	100	20900	100	20900	0.003	0	0.003	0.003	209	0	209	209	
0.4	0.5	48	490	4	4	100	27700	100	27700	0.003	0	0.003	0.003	277	0	277	277	
0.4	0.5	40	491	4	4	71	53179	70	52430	0.006	0.00348911	0.003	0.01	749	0	749	749	
0.4	0.5	46	492	4	4	100	53298	100	53298	0.003	0	0.003	0.003	532.98	0.2	531	533	
0.4	0.5	56	493	10	4	100	25300	100	25300	0.003	0	0.003	0.003	253	0	253	253	
0.4	0.5	23	494	4	4	100	38900	100	38900	0.003	0	0.003	0.003	389	0	389	389	
0.4	0.5	52	495	22	4	71	2272	71	2272	0.00309859	0.000830747	0.003	0.01	32	0	32	32	
0.4	0.5	12	496	11	4	100	74900	100	74900	0.003	0	0.003	0.003	749	0	749	749	
0.4	0.5	6	497	9	4	99	15543	99	15543	0.00307071	0.000703526	0.003	0.01	157	0	157	157	
0.4	0.5	31	498	9	4	100	25300	100	25300	0.003	0	0.003	0.003	253	0	253	253	
0.4	0.5	24	499	15	4	100	15300	100	15300	0.003	0	0.003	0.003	153	0	153	153	
0.4	0.5	23	500	6	4	100	13700	100	13700	0.003	0	0.003	0.003	137	0	137	137	
0.4	0.5	21	501	9	4	88	10132	89	10201	0.00394382	0.00240435	0.003	0.01	114.618	13.6011	97	125	
0.4	0.5	25	502	6	4	100	38899	100	38899	0.003	0	0.003	0.003	388.99	0.1	388	389	
0.4	0.5	22	503	5	4	100	48499	100	48499	0.003	0	0.003	0.003	484.99	0.1	484	485	
0.4	0.5	41	504	19	4	100	4900	100	4900	0.003	0	0.003	0.003	49	0	49	49	
0.4	0.5	1	505	13	4	81	7857	80	7760	0.003	0	0.003	0.003	97	0	97	97	
0.4	0.5	24	506	14	4	100	12500	100	12500	0.003	0	0.003	0.003	125	0	125	125	
0.4	0.5	34	507	10	4	100	4900	100	4900	0.003	0	0.003	0.003	49	0	49	49	
0.4	0.5	16	508	4	4	100	30900	100	30900	0.003	0	0.003	0.003	309	0	309	309	
0.4	0.5	39	509	18	4	68	10404	68	10404	0.003	0	0.003	0.003	153	0	153	153	
0.4	0.5	39	510	12	4	75	9375	74	9250	0.00337838	0.00159368	0.003	0.01	125	0	125	125	
0.4	0.5	19	511	7	4	100	20100	100	20100	0.003	0	0.003	0.003	201	0	201	201	
0.4	0.5	19	512	1	4	100	46900	100	46900	0.003	0	0.003	0.003	469	0	469	469	
0.4	0.5	22	513	3	4	100	48499	100	48499	0.003	0	0.003	0.003	484.99	0.1	484	485	
0.4	0.5	16	514	5	4	100	30899	100	30899	0.003	0	0.003	0.003	308.99	0.1	308	309	
0.4	0.5	19	515	9	4	100	15700	100	15700	0.003	0	0.003	0.003	157	0	157	157	
0.4	0.5	37	516	12	4	96	35808	96	35808	0.003	0	0.003	0.003	373	0	373	373	
0.4	0.5	42	517	27	4	100	4900	100	4900	0.003	0	0.003	0.003	49	0	49	49	
0.4	0.5	14	518	8	4	100	20900	100	20900	0.003	0	0.003	0.003	209	0	209	209	
0.4	0.5	39	519	29	4	71	19099	71	19099	0.003	0	0.003	0.003	269	0	269	269	
0.4	0.5	8	520	4	4	100	12500	100	12500	0.003	0	0.003	0.003	125	0	125	125	
0.4	0.5	52	521	24	4	57	1824	57	1824	0.003	0	0.003	0.003	32	0	32	32	
0.4	0.5	43	522	2	4	100	13698	100	13698	0.003	0	0.003	0.003	136.98	0.2	135	137	
0.4	0.5	26	523	4	4	100	40500	100	40500	0.003	0	0.003	0.003	405	0	405	405	
0.4	0.5	16	524	3	4	98	15384	99	15541	0.00314141	0.000989847	0.003	0.01	156.98	0.201008	155	157	
0.4	0.5	52	525	9	4	57	3819	58	3886	0.003	0	0.003	0.003	67	0	67	67	
0.4	0.5	50	526	5	4	100	30100	100	30100	0.003	0	0.003	0.003	301	0	301	301	
0.4	0.5	52	527	15	4	58	4466	57	4389	0.003	0	0.003	0.003	77	0	77	77	
0.4	0.5	14	528	4	4	100	23300	100	23300	0.003	0	0.003	0.003	233	0	233	233	
0.4	0.5	24	529	19	4	100	26900	100	26900	0.003	0	0.003	0.003	269	0	269	269	
0.4	0.5	17	530	9	4	100	20100	100	20100	0.003	0	0.003	0.003	201	0	201	201	
0.4	0.5	24	531	20	4	100	23300	100	23300	0.003	0	0.003	0.003	233	0	233	233	
0.4	0.5	20	532	1	4	100	63792	100	63792	0.003	0	0.003	0.003	637.92	67.3087	621	903	
0.4	0.5	55	533	2	4	100	16100	100	16100	0.003	0	0.003	0.003	161	0	161	161	
0.4	0.5	29	534	9	4	100	30900	100	30900	0.003	0	0.003	0.003	309	0	309	309	
0.4	0.5	36	535	11	4	88	8536	88	8536	0.00395454	0.00241599	0.003	0.01	97	0	97	97	
0.4	0.5	53	536	1	4	100	90300	100	90300	0.003	0	0.003	0.003	903	0	903	903	
0.4	0.5	36	537	7	4	71	6886	70	6789	0.0059	0.00347308	0.003	0.01	96.9857	0.119523	96	97	
0.4	0.5	54	538	8	4	100	69300	100	69300	0.003	0	0.003	0.003	693	0	693	693	
0.4	0.5	29	539	4	4	100	20100	100	20100	0.003	0	0.003	0.003	201	0	201	201	
0.4	0.5	34	540	16	4	100	7699	100	7699	0.003	0	0.003	0.003	76.99	0.1	76	77	
0.4	0.5	41	541	22	4	100	9699	100	9699	0.003	0	0.003	0.003	96.99	0.1	96	97	
0.4	0.5	12	542	8	4	100	20100	100	20100	0.003	0	0.003	0.003	201	0	201	201	
0.4	0.5	32	543	5	4	100	74900	100	74900	0.003	0	0.003	0.003	749	0	749	749	
0.4	0.5	52	544	34	4	71	10863	72	11016	0.003	0	0.003	0.003	153	0	153	153	
0.4	0.5	32	545	10	4	100	15700	100	15700	0.003	0	0.003	0.003	157	0	157	157	
0.4	0.5	21	546	20	4	100	15300	100	15300	0.003	0	0.003	0.003	153	0	153	153	
0.4	0.5	37	547	21	4	95	4655	95	4655	0.00307368	0.000718185	0.003	0.01	49	0	49	49	
0.4	0.5	35	548	2	4	100	105600	100	105600	0.003	0	0.003	0.003	1056	0	1056	1056	
0.4	0.5	18	549	1	4	49	19845	50	20250	0.01	0	0.01	0.01	405	0	405	405	
0.4	0.5	18	550	5	4	55	17435	54	17118	0.00883333	0.00263324	0.003	0.01	317	0	317	317	
0.4	0.5	47	551	6	4	100	105600	100	105600	0.003	0	0.003	0.003	1056	0	1056	1056	
0.4	0.5	41	552	15	4	100	14628	100	14628	0.003	0	0.003	0.003	146.28	12.0186	125	153	
0.4	0.5	42	553	7	4	100	16099	100	16099	0.003	0	0.003	0.003	160.99	0.1	160	161	
0.4	0.5	16	554	1	4	100	74900	100	74900	0.003	0	0.003	0.003	749	0	749	749	
0.4	0.5	49	555	4	4	100	20100	100	20100	0.003	0	0.003	0.003	201	0	201	201	
0.4	0.5	8	556	5	4	100	16100	100	16100	0.003	0	0.003	0.003	161	0	161	161	
0.4	0.5	53	557	4	4	100	48500	100	48500	0.003	0	0.003	0.003	485	0	485	485	
0.4	0.5	41	558	24	4	100	4900	100	4900	0.003	0	0.003	0.003	49	0	49	49	
0.4	0.5	24	559	6	4	92	6164	93	6231	0.00360215	0.00197341	0.003	0.01	67	0	67	67	
0.4	0.5	52	560	36	4	57	5529	57	5529	0.003	0	0.003	0.003	97	0	97	97	
0.4	0.5	42	561	6	4	80	29836	82	30582	0.00470732	0.00302454	0.003	0.01	372.951	0.267703	371	373	
0.4	0.5	31	562	4	4	100	38900	100	38900	0.003	0	0.003	0.003	389	0	389	389	
0.4	0.5	24	563	9	4	100	37300	100	37300	0.003	0	0.003	0.003	373	0	373	373	
0.4	0.5	39	564	3	4	69	2207	69	2207	0.003	0	0.003	0.003	31.9855	0.120386	31	32	
0.4	0.5	36	565	16	4	100	26900	100	26900	0.003	0	0.003	0.003	269	0	269	269	
0.4	0.5	53	566	5	4	79	47161	79	47161	0.00477215	0.00306322	0.003	0.01	596.975	0.225018	595	597	
0.4	0.5	55	567	9	4	100	6700	100	6700	0.003	0	0.003	0.003	67	0	67	67	
0.4	0.5	5	568	46	4	50	4850	50	4850	0.00314	0.000989949	0.003	0.01	97	0	97	97	
0.4	0.5	31	569	8	4	100	38900	100	38900	0.003	0	0.003	0.003	389	0	389	389	
0.4	0.5	23	570	7	4	100	74899	100	74899	0.003	0	0.003	0.003	748.99	0.1	748	749	
0.4	0.5	37	571	13	4	96	11998	96	11998	0.003	0	0.003	0.003	124.979	0.204124	123	125	
0.4	0.5	2	572	8	4	100	14572	100	14572	0.003	0	0.003	0.003	145.72	12.3436	125	153	
0.4	0.5	52	573	8	4	71	4757	72	4824	0.003	0	0.003	0.003	67	0	67	67	
0.4	0.5	34	574	12	4	100	12500	100	12500	0.003	0	0.003	0.003	125	0	125	125	
0.4	0.5	8	575	6	4	100	12500	100	12500	0.003	0	0.003	0.003	125	0	125	125	
0.4	0.5	11	576	1	4	100	31700	100	31700	0.003	0	0.003	0.003	317	0	317	317	
0.4	0.5	21	577	4	4	90	8730	91	8827	0.00376923	0.0022014	0.003	0.01	97	0	97	97	
0.4	0.5	19	578	3	4	100	30900	100	30900	0.003	0	0.003	0.003	309	0	309	309	
0.4	0.5	30	579	9	4	100	25300	100	25300	0.003	0	0.003	0.003	253	0	253	253	
0.4	0.5	51	580	8	4	100	32500	100	32500	0.003	0	0.003	0.003	325	0	325	325	
0.4	0.5	49	581	11	4	100	13698	100	13698	0.003	0	0.003	0.003	136.98	0.2	135	137	
0.4	0.5	49	582	8	4	100	13700	100	13700	0.003	0	0.003	0.003	137	0	137	137	
0.4	0.5	29	583	7	4	100	53298	100	53298	0.003	0	0.003	0.003	532.98	0.2	531	533	
0.4	0.5	35	584	6	4	100	51700	100	51700	0.003	0	0.003	0.003	517	0	517	517	
0.4	0.5	8	585	1	4	100	12498	100	12498	0.003	0	0.003	0.003	124.98	0.2	123	125	
0.4	0.5	56	586	2	4	100	38900	100	38900	0.003	0	0.003	0.003	389	0	389	389	
0.4	0.5	24	587	24	4	100	16100	100	16100	0.003	0	0.003	0.003	161	0	161	161	
0.4	0.5	7	588	9	4	100	20100	100	20100	0.003	0	0.003	0.003	201	0	201	201	
0.4	0.5	39	589	1	4	73	4891	73	4891	0.003	0	0.003	0.003	67	0	67	67	
0.4	0.5	2	590	3	4	100	6700	100	6700	0.003	0	0.003	0.003	67	0	67	67	
0.4	0.5	23	591	10	4	100	10100	100	10100	0.003	0	0.003	0.003	101	0	101	101	
0.4	0.5	16	592	9	4	97	15227	97	15227	0.00321649	0.00121815	0.003	0.01	156.979	0.203069	155	157	
0.4	0.5	36	593	15	4	84	12852	84	12852	0.00433333	0.00276525	0.003	0.01	153	0	153	153	
0.4	0.5	55	594	20	4	100	19300	100	19300	0.003	0	0.003	0.003	193	0	193	193	
0.4	0.5	11	595	2	4	100	31698	100	31698	0.003	0	0.003	0.003	316.98	0.2	315	317	
0.4	0.5	36	596	4	4	64	4928	63	4851	0.00711111	0.00347392	0.003	0.01	77	0	77	77	
0.4	0.5	27	597	3	4	100	30100	100	30100	0.003	0	0.003	0.003	301	0	301	301	
0.4	0.5	49	598	10	4	100	10100	100	10100	0.003	0	0.003	0.003	101	0	101	101	
0.4	0.5	31	599	6	4	65	10205	66	10362	0.00660606	0.0035252	0.003	0.01	157	0	157	157	
0.4	0.5	44	600	2	4	93	15137	93	15137	0.00352688	0.00185678	0.003	0.01	162.763	17.006	161	325	
0.4	0.5	50	601	6	4	100	48500	100	48500	0.003	0	0.003	0.003	485	0	485	485	
0.4	0.5	23	602	8	4	97	24539	97	24539	0.00321649	0.00121815	0.003	0.01	252.979	0.203069	251	253	
0.4	0.5	25	603	7	4	100	20900	100	20900	0.003	0	0.003	0.003	209	0	209	209	
0.4	0.5	44	604	1	4	100	37676	100	37676	0.003	0	0.003	0.003	376.76	37.6	373	749	
0.4	0.5	4	605	11	4	100	38428	100	38428	0.003	0	0.003	0.003	384.28	64.4639	373	749	
0.4	0.5	57	606	4	4	100	30100	100	30100	0.003	0	0.003	0.003	301	0	301	301	
0.4	0.5	17	607	10	4	100	62100	100	62100	0.003	0	0.003	0.003	621	0	621	621	
0.4	0.5	5	608	27	4	47	2303	47	2303	0.003	0	0.003	0.003	49	0	49	49	
0.4	0.5	52	609	41	4	57	1824	57	1824	0.003	0	0.003	0.003	32	0	32	32	
0.4	0.5	8	610	10	4	100	4900	100	4900	0.003	0	0.003	0.003	49	0	49	49	
0.4	0.5	11	611	5	4	100	62100	100	62100	0.003	0	0.003	0.003	621	0	621	621	
0.4	0.5	46	612	6	4	100	13698	100	13698	0.003	0	0.003	0.003	136.98	0.2	135	137	
0.4	0.5	40	613	6	4	100	43220	100	43060	0.003	0	0.003	0.003	430.6	40.1693	389	469	
0.4	0.5	39	614	13	4	74	5698	74	5698	0.003	0	0.003	0.003	77	0	77	77	
0.4	0.5	41	615	6	4	100	12498	100	12498	0.003	0	0.003	0.003	124.98	0.2	123	125	
0.4	0.5	10	616	1	4	100	15700	100	15700	0.003	0	0.003	0.003	157	0	157	157	
0.4	0.5	9	617	5	4	100	25300	100	25300	0.003	0	0.003	0.003	253	0	253	253	
0.4	0.5	39	618	36	4	66	10098	67	10251	0.003	0	0.003	0.003	153	0	153	153	
0.4	0.5	3	619	3	4	67	34255	68	34900	0.00619118	0.00351227	0.003	0.01	513.235	61.4487	485	645	
0.4	0.5	54	620	6	4	100	69300	100	69300	0.003	0	0.003	0.003	693	0	693	693	
0.4	0.5	7	621	1	4	100	13700	100	13700	0.003	0	0.003	0.003	137	0	137	137	
0.4	0.5	52	622	23	4	57	8721	57	8721	0.003	0	0.003	0.003	153	0	153	153	
0.4	0.5	4	623	9	4	100	19888	100	19888	0.003	0	0.003	0.003	198.88	33.6035	193	389	
0.4	0.5	17	624	3	4	95	14913	94	14756	0.00337234	0.00157933	0.003	0.01	156.979	0.206284	155	157	
0.4	0.5	37	625	27	4	95	4655	95	4655	0.003	0	0.003	0.003	49	0	49	49	
0.4	0.5	42	626	26	4	100	15244	100	15244	0.003	0	0.003	0.003	152.44	3.93975	125	153	
0.4	0.5	55	627	11	4	95	7315	95	7315	0.00336842	0.00157137	0.003	0.01	77	0	77	77	
0.4	0.5	21	628	7	4	73	6981	72	6884	0.00572222	0.00343643	0.003	0.01	95.6111	5.11985	77	97	
0.4	0.5	28	629	2	4	98	45962	98	45962	0.00314286	0.000994832	0.003	0.01	469	0	469	469	
0.4	0.5	35	630	1	4	100	62096	100	62096	0.003	0	0.003	0.003	620.96	0.196946	620	621	
0.4	0.5	47	631	3	4	98	50218	98	50218	0.00314286	0.000994832	0.003	0.01	512.429	22.2748	405	517	
0.4	0.5	42	632	16	4	100	6700	100	6700	0.003	0	0.003	0.003	67	0	67	67	
0.4	0.5	1	633	1	4	80	10000	81	10125	0.003	0	0.003	0.003	125	0	125	125	
0.4	0.5	30	634	8	4	100	46899	100	46899	0.003	0	0.003	0.003	468.99	0.1	468	469	
0.4	0.5	8	635	8	4	100	30100	100	30100	0.003	0	0.003	0.003	301	0	301	301	
0.4	0.5	27	636	1	4	100	38900	100	38900	0.003	0	0.003	0.003	389	0	389	389	
0.4	0.5	55	637	16	4	100	12498	100	12498	0.003	0	0.003	0.003	124.98	0.2	123	125	
0.4	0.5	37	638	6	4	96	4702	96	4702	0.003	0	0.003	0.003	48.9792	0.204124	47	49	
0.4	0.5	13	639	4	4	100	30100	100	30100	0.003	0	0.003	0.003	301	0	301	301	
0.4	0.5	36	640	6	4	56	9016	57	9177	0.00852631	0.00287914	0.003	0.01	161	0	161	161	
0.4	0.5	25	641	3	4	100	38900	100	38900	0.003	0	0.003	0.003	389	0	389	389	
0.4	0.5	29	642	3	4	100	53300	100	53300	0.003	0	0.003	0.003	533	0	533	533	
0.4	0.5	1	643	3	4	84	22272	85	22469	0.003	0	0.003	0.003	264.341	12.1553	233	269	
0.4	0.5	41	644	16	4	100	22258	100	22258	0.003	0	0.003	0.003	222.58	17.623	193	233	
0.4	0.5	56	645	9	4	100	38900	100	38900	0.003	0	0.003	0.003	389	0	389	389	
0.4	0.5	37	646	20	4	96	3072	95	3040	0.003	0	0.003	0.003	32	0	32	32	
0.4	0.5	37	647	8	4	96	7391	96	7391	0.003	0	0.003	0.003	76.9896	0.102062	76	77	
0.4	0.5	44	648	4	4	100	37676	100	37676	0.003	0	0.003	0.003	376.76	37.6	373	749	
0.4	0.5	7	649	6	4	100	20100	100	20100	0.003	0	0.003	0.003	201	0	201	201	
0.4	0.5	51	650	2	4	97	19497	97	19497	0.00321649	0.00121815	0.003	0.01	201	0	201	201	
0.4	0.5	34	651	1	4	99	6633	98	6566	0.00307143	0.000707107	0.003	0.01	67	0	67	67	
0.4	0.5	30	652	11	4	100	25300	100	25300	0.003	0	0.003	0.003	253	0	253	253	
0.4	0.5	55	653	24	4	100	9700	100	9700	0.003	0	0.003	0.003	97	0	97	97	
0.4	0.5	39	654	22	4	67	3283	67	3283	0.003	0	0.003	0.003	49	0	49	49	
0.4	0.5	8	655	7	4	97	12125	97	12125	0.00314433	0.000999893	0.003	0.01	125	0	125	125	
0.4	0.5	51	656	1	4	100	13700	100	13700	0.003	0	0.003	0.003	137	0	137	137	
0.4	0.5	19	657	2	4	100	25300	100	25300	0.003	0	0.003	0.003	253	0	253	253	
0.4	0.5	53	658	6	4	100	20900	100	20900	0.003	0	0.003	0.003	209	0	209	209	
0.4	0.5	22	659	2	4	100	47731	99	47246	0.003	0	0.003	0.003	477.232	13.8017	452	485	
0.4	0.5	38	660	10	4	100	15700	100	15700	0.003	0	0.003	0.003	157	0	157	157	
0.4	0.5	5	661	53	4	46	4462	47	4559	0.003	0	0.003	0.003	97	0	97	97	
0.4	0.5	1	662	6	4	83	8051	84	8148	0.003	0	0.003	0.003	97	0	97	97	
0.4	0.5	6	663	2	4	100	53298	100	53298	0.003	0	0.003	0.003	532.98	0.2	531	533	
0.4	0.5	25	664	4	4	100	20900	100	20900	0.003	0	0.003	0.003	209	0	209	209	
0.4	0.5	1	665	14	4	88	8536	87	8439	0.003	0	0.003	0.003	97	0	97	97	
0.4	0.5	24	666	22	4	100	15300	100	15300	0.003	0	0.003	0.003	153	0	153	153	
0.4	0.5	1	667	21	4	85	10623	85	10623	0.003	0	0.003	0.003	124.976	0.21693	123	125	
0.4	0.5	1	668	24	4	83	30959	83	30959	0.003	0	0.003	0.003	373	0	373	373	
0.4	0.5	1	669	17	4	81	12393	80	12240	0.003	0	0.003	0.003	153	0	153	153	
0.4	0.5	24	670	7	4	100	16100	100	16100	0.003	0	0.003	0.003	161	0	161	161	
0.4	0.5	5	671	8	4	48	7728	48	7728	0.003	0	0.003	0.003	161	0	161	161	
0.4	0.5	5	672	54	4	49	3283	49	3283	0.003	0	0.003	0.003	67	0	67	67	
0.4	0.5	5	673	52	4	48	7728	48	7728	0.00314583	0.00101036	0.003	0.01	161	0	161	161	
0.4	0.5	5	674	56	4	48	3216	48	3216	0.003	0	0.003	0.003	67	0	67	67	
0.4	0.5	1	675	22	4	81	10123	82	10248	0.00308536	0.000773021	0.003	0.01	124.976	0.220863	123	125	
0.4	0.5	5	676	5	4	47	9071	47	9071	0.003	0	0.003	0.003	193	0	193	193	
0.4	0.5	5	677	1	4	47	3619	47	3619	0.003	0	0.003	0.003	77	0	77	77	
0.4	0.5	25	678	1	4	100	30100	100	30100	0.003	0	0.003	0.003	301	0	301	301	
0.4	0.5	1	679	2	4	87	5829	88	5896	0.003	0	0.003	0.003	67	0	67	67	
0.4	0.5	5	680	34	4	49	4753	49	4753	0.003	0	0.003	0.003	97	0	97	97	
0.4	0.5	5	681	62	4	49	3283	49	3283	0.003	0	0.003	0.003	67	0	67	67	
0.4	0.5	5	682	29	4	49	7889	49	7889	0.003	0	0.003	0.003	161	0	161	161	
0.4	0.5	1	683	29	4	81	5427	81	5427	0.003	0	0.003	0.003	67	0	67	67	
0.4	0.5	5	684	9	4	47	7567	47	7567	0.003	0	0.003	0.003	161	0	161	161	
0.4	0.5	5	685	23	4	48	6000	48	6000	0.003	0	0.003	0.003	125	0	125	125	
0.4	0.5	5	686	10	4	47	5875	47	5875	0.003	0	0.003	0.003	125	0	125	125	
0.4	0.5	5	687	48	4	48	7344	48	7344	0.003	0	0.003	0.003	153	0	153	153	
0.4	0.5	5	688	13	4	48	11184	48	11184	0.003	0	0.003	0.003	233	0	233	233	
0.4	0.5	5	689	59	4	49	7887	49	7887	0.003	0	0.003	0.003	160.959	0.285714	159	161	
0.4	0.5	24	690	18	4	100	12498	100	12498	0.003	0	0.003	0.003	124.98	0.2	123	125	
0.4	0.5	5	691	35	4	46	5750	46	5750	0.003	0	0.003	0.003	125	0	125	125	
0.4	0.5	24	692	21	4	100	19300	100	19300	0.003	0	0.003	0.003	193	0	193	193	
0.4	0.5	43	693	1	4	100	74900	100	74900	0.003	0	0.003	0.003	749	0	749	749	
0.4	0.5	5	694	37	4	49	11417	49	11417	0.003	0	0.003	0.003	233	0	233	233	
0.4	0.5	5	695	26	4	49	4753	49	4753	0.003	0	0.003	0.003	97	0	97	97	
0.4	0.5	5	696	63	4	49	7889	49	7889	0.003	0	0.003	0.003	161	0	161	161	
0.4	0.5	30	697	4	4	100	13700	100	13700	0.003	0	0.003	0.003	137	0	137	137	
0.4	0.5	5	698	57	4	46	5750	46	5750	0.003	0	0.003	0.003	125	0	125	125	
0.4	0.5	6	699	10	4	100	25299	100	25299	0.003	0	0.003	0.003	252.99	0.1	252	253	
0.4	0.5	43	700	10	4	98	15386	98	15386	0.00314286	0.000994832	0.003	0.01	157	0	157	157	
0.4	0.5	5	701	51	4	47	7565	47	7565	0.003	0	0.003	0.003	160.957	0.29173	159	161	
0.4	0.5	5	702	6	4	47	5875	47	5875	0.003	0	0.003	0.003	125	0	125	125	
0.4	0.5	5	703	30	4	49	7889	49	7889	0.003	0	0.003	0.003	161	0	161	161	
0.4	0.5	5	704	15	4	50	8050	49	7889	0.003	0	0.003	0.003	161	0	161	161	
0.4	0.5	5	705	7	4	50	18650	50	18650	0.003	0	0.003	0.003	373	0	373	373	
0.4	0.5	1	706	23	4	81	10125	81	10125	0.003	0	0.003	0.003	125	0	125	125	
0.4	0.5	1	707	30	4	69	8625	67	8375	0.00435821	0.00278906	0.003	0.01	125	0	125	125	
0.4	0.5	5	708	47	4	47	5875	47	5875	0.003	0	0.003	0.003	125	0	125	125	
0.4	0.5	5	709	58	4	49	6125	49	6125	0.003	0	0.003	0.003	125	0	125	125	
0.4	0.5	5	710	11	4	49	6125	49	6125	0.00314286	0.001	0.003	0.01	125	0	125	125	
0.4	0.5	5	711	14	4	46	3542	47	3619	0.00314894	0.00102105	0.003	0.01	77	0	77	77	
0.4	0.5	24	712	13	4	100	19300	100	19300	0.003	0	0.003	0.003	193	0	193	193	
0.4	0.5	1	713	25	4	81	10125	81	10125	0.003	0	0.003	0.003	125	0	125	125	
0.4	0.5	5	714	61	4	47	3149	47	3149	0.003	0	0.003	0.003	67	0	67	67	
0.4	0.5	1	715	18	4	83	13363	83	13363	0.003	0	0.003	0.003	161	0	161	161	
0.4	0.5	1	716	10	4	82	12546	82	12546	0.003	0	0.003	0.003	153	0	153	153	
0.4	0.5	1	717	27	4	85	13005	85	13005	0.003	0	0.003	0.003	153	0	153	153	
0.4	0.5	24	718	2	4	100	16100	100	16100	0.003	0	0.003	0.003	161	0	161	161	
0.4	0.5	1	719	12	4	83	4066	83	4066	0.003	0	0.003	0.003	48.988	0.109764	48	49	
0.4	0.5	5	720	44	4	47	4559	47	4559	0.003	0	0.003	0.003	97	0	97	97	
0.4	0.5	1	721	4	4	80	6160	81	6237	0.00317284	0.00109305	0.003	0.01	77	0	77	77	
0.4	0.5	1	722	9	4	85	31703	85	31703	0.003	0	0.003	0.003	372.976	0.152477	372	373	
0.4	0.5	5	723	24	4	45	5625	46	5750	0.00345652	0.00174746	0.003	0.01	125	0	125	125	
0.4	0.5	24	724	10	4	100	15300	100	15300	0.003	0	0.003	0.003	153	0	153	153	
0.4	0.5	1	725	19	4	81	12393	81	12393	0.003	0	0.003	0.003	153	0	153	153	
0.4	0.5	1	726	20	4	88	32824	88	32824	0.003	0	0.003	0.003	373	0	373	373	
0.4	0.5	5	727	49	4	47	2302	47	2302	0.003	0	0.003	0.003	48.9787	0.145865	48	49	
0.4	0.5	1	728	28	4	82	19106	82	19106	0.003	0	0.003	0.003	233	0	233	233	
0.4	0.5	5	729	2	4	42	3234	42	3234	0.00416667	0.00264037	0.003	0.01	77	0	77	77	
0.4	0.5	6	730	7	4	100	13698	100	13698	0.003	0	0.003	0.003	136.98	0.2	135	137	
0.4	0.5	6	731	3	4	99	32015	99	31983	0.00307071	0.000703526	0.003	0.01	323.061	5.24855	309	325	
0.4	0.5	5	732	32	4	47	3619	47	3619	0.003	0	0.003	0.003	77	0	77	77	
0.4	0.5	6	733	5	4	100	13698	100	13698	0.003	0	0.003	0.003	136.98	0.2	135	137	
0.4	0.5	5	734	3	4	49	6124	49	6124	0.003	0	0.003	0.003	124.98	0.142857	124	125	
0.4	0.5	5	735	4	4	47	4559	47	4559	0.00314894	0.00102105	0.003	0.01	97	0	97	97	
0.4	0.5	5	736	25	4	49	6125	49	6125	0.003	0	0.003	0.003	125	0	125	125	
0.4	0.5	5	737	16	4	48	6000	48	6000	0.003	0	0.003	0.003	125	0	125	125	
0.4	0.5	5	738	55	4	49	4753	49	4753	0.003	0	0.003	0.003	97	0	97	97	
0.4	0.5	5	739	38	4	48	14448	48	14448	0.003	0	0.003	0.003	301	0	301	301	
0.4	0.5	43	740	4	4	100	32500	100	32500	0.003	0	0.003	0.003	325	0	325	325	
0.4	0.5	24	741	3	4	98	36554	98	36554	0.00314286	0.000994832	0.003	0.01	373	0	373	373	
0.4	0.5	5	742	36	4	48	7728	48	7728	0.003	0	0.003	0.003	161	0	161	161	
0.4	0.5	24	743	16	4	100	15300	100	15300	0.003	0	0.003	0.003	153	0	153	153	
0.4	0.5	1	744	26	4	88	16984	88	16984	0.003	0	0.003	0.003	193	0	193	193	
0.4	0.5	5	745	33	4	49	6125	49	6125	0.003	0	0.003	0.003	125	0	125	125	
0.4	0.5	1	746	11	4	72	5544	73	5621	0.00415068	0.00261232	0.003	0.01	77	0	77	77	
0.4	0.5	1	747	5	4	80	7760	80	7760	0.003	0	0.003	0.003	97	0	97	97	
0.4	0.5	5	748	28	4	47	3149	47	3149	0.003	0	0.003	0.003	67	0	67	67	
0.4	0.5	24	749	1	4	100	37300	100	37300	0.003	0	0.003	0.003	373	0	373	373	
0.4	0.5	5	750	12	4	47	10951	47	10951	0.003	0	0.003	0.003	233	0	233	233	
