% start	end	CellId	IMSI	RNTI	LCID	nTxPDUs	TxBytes	nRxPDUs	RxBytes	delay	stdDev	min	max	PduSize	stdDev	min	max
0.4	0.5	42	1	9	4	100	13700	100	13700	0.003	0	0.003	0.003	137	0	137	137	
0.4	0.5	18	2	7	4	100	48500	100	48500	0.003	0	0.003	0.003	485	0	485	485	
0.4	0.5	34	3	10	4	83	6391	85	6545	0.00374118	0.00216659	0.003	0.01	77	0	77	77	
0.4	0.5	46	4	4	4	90	21214	91	21047	0.00376923	0.0022014	0.003	0.01	231.286	81.6086	161	325	
0.4	0.5	36	5	11	4	97	12765	98	12890	0.00314286	0.000994832	0.003	0.01	131.531	28.3098	125	253	
0.4	0.5	41	6	27	4	93	2976	92	2944	0.003	0	0.003	0.003	32	0	32	32	
0.4	0.5	11	7	9	4	100	38900	100	38900	0.003	0	0.003	0.003	389	0	389	389	
0.4	0.5	52	8	13	4	99	6633	99	6633	0.00307071	0.000703526	0.003	0.01	67	0	67	67	
0.4	0.5	41	9	7	4	89	8633	89	8633	0.003	0	0.003	0.003	97	0	97	97	
0.4	0.5	6	10	2	4	100	16100	100	16100	0.003	0	0.003	0.003	161	0	161	161	
0.4	0.5	43	11	3	4	100	13700	100	13700	0.003	0	0.003	0.003	137	0	137	137	
0.4	0.5	54	12	2	4	100	6770	100	6700	0.003	0	0.003	0.003	67	0	67	67	
0.4	0.5	28	13	6	4	100	106300	100	106300	0.003	0	0.003	0.003	1063	0	1063	1063	
0.4	0.5	54	14	10	4	100	23536	100	23300	0.003	0	0.003	0.003	233	0	233	233	
0.4	0.5	39	15	27	4	58	21634	57	21261	0.00570175	0.00343805	0.003	0.01	373	0	373	373	
0.4	0.5	29	16	7	4	100	53300	100	53300	0.003	0	0.003	0.003	533	0	533	533	
0.4	0.5	57	17	6	4	100	15699	100	15699	0.003	0	0.003	0.003	156.99	0.1	156	157	
0.4	0.5	52	18	14	4	100	3200	100	3200	0.003	0	0.003	0.003	32	0	32	32	
0.4	0.5	21	19	1	4	100	38900	100	38900	0.003	0	0.003	0.003	389	0	389	389	
0.4	0.5	3	20	3	4	100	62097	100	62097	0.003	0	0.003	0.003	620.97	0.222702	619	621	
0.4	0.5	23	21	3	4	100	30900	100	30900	0.003	0	0.003	0.003	309	0	309	309	
0.4	0.5	32	22	11	4	100	53300	100	53300	0.003	0	0.003	0.003	533	0	533	533	
0.4	0.5	26	23	7	4	100	48498	100	48498	0.003	0	0.003	0.003	484.98	0.2	483	485	
0.4	0.5	1	24	18	4	98	14994	98	14994	0.003	0	0.003	0.003	153	0	153	153	
0.4	0.5	16	25	2	4	51	16087	51	16087	0.00972549	0.00137227	0.003	0.01	315.431	7.84157	277	317	
0.4	0.5	53	26	1	4	100	30900	100	30900	0.003	0	0.003	0.003	309	0	309	309	
0.4	0.5	40	27	9	4	68	15862	67	15709	0.00644776	0.00352602	0.003	0.01	234.463	78.5417	151	309	
0.4	0.5	20	28	6	4	95	6365	95	6365	0.00329474	0.00141326	0.003	0.01	67	0	67	67	
0.4	0.5	11	29	1	4	100	53300	100	53300	0.003	0	0.003	0.003	533	0	533	533	
0.4	0.5	36	30	7	4	100	18806	100	18806	0.003	0	0.003	0.003	188.06	38.2332	159	389	
0.4	0.5	41	31	30	4	93	2976	92	2944	0.003	0	0.003	0.003	32	0	32	32	
0.4	0.5	25	32	9	4	100	9698	100	9698	0.003	0	0.003	0.003	96.98	0.2	95	97	
0.4	0.5	37	33	44	4	57	15333	57	15333	0.003	0	0.003	0.003	269	0	269	269	
0.4	0.5	37	34	25	4	57	3819	57	3819	0.003	0	0.003	0.003	67	0	67	67	
0.4	0.5	32	35	1	4	89	21113	89	21217	0.00386517	0.00231689	0.003	0.01	238.393	23.5032	201	253	
0.4	0.5	26	36	2	4	100	48500	100	48500	0.003	0	0.003	0.003	485	0	485	485	
0.4	0.5	37	37	30	4	50	3850	50	3850	0.003	0	0.003	0.003	77	0	77	77	
0.4	0.5	40	38	4	4	100	56474	100	56474	0.003	0	0.003	0.003	564.74	188.91	372	749	
0.4	0.5	16	39	3	4	78	22070	77	21793	0.005	0.00318301	0.003	0.01	283.026	20.0171	209	317	
0.4	0.5	48	40	1	4	100	46900	100	46900	0.003	0	0.003	0.003	469	0	469	469	
0.4	0.5	49	41	5	4	100	9570	100	9640	0.003	0	0.003	0.003	96.4	34.7231	67	137	
0.4	0.5	36	42	15	4	51	3927	51	3927	0.00986274	0.000980196	0.003	0.01	77	0	77	77	
0.4	0.5	41	43	21	4	92	11498	92	11498	0.003	0	0.003	0.003	124.978	0.208514	123	125	
0.4	0.5	32	44	8	4	100	46900	100	46900	0.003	0	0.003	0.003	469	0	469	469	
0.4	0.5	4	45	3	4	100	105600	100	105600	0.003	0	0.003	0.003	1056	0	1056	1056	
0.4	0.5	11	46	2	4	100	13700	100	13700	0.003	0	0.003	0.003	137	0	137	137	
0.4	0.5	23	47	7	4	100	74900	100	74900	0.003	0	0.003	0.003	749	0	749	749	
0.4	0.5	49	48	9	4	61	7553	60	7428	0.00766667	0.00332768	0.003	0.01	123.8	17.3389	97	201	
0.4	0.5	25	49	3	4	92	7084	92	7084	0.00368478	0.00209095	0.003	0.01	77	0	77	77	
0.4	0.5	53	50	2	4	100	13698	100	13698	0.003	0	0.003	0.003	136.98	0.2	135	137	
0.4	0.5	24	51	16	4	77	28721	77	28721	0.003	0	0.003	0.003	373	0	373	373	
0.4	0.5	19	52	1	4	100	32500	100	32500	0.003	0	0.003	0.003	325	0	325	325	
0.4	0.5	39	53	24	4	76	28348	76	28348	0.003	0	0.003	0.003	373	0	373	373	
0.4	0.5	47	54	5	4	100	13700	100	13700	0.003	0	0.003	0.003	137	0	137	137	
0.4	0.5	52	55	5	4	100	9700	100	9700	0.003	0	0.003	0.003	97	0	97	97	
0.4	0.5	33	56	15	4	100	15300	100	15300	0.003	0	0.003	0.003	153	0	153	153	
0.4	0.5	48	57	4	4	100	59700	100	59700	0.003	0	0.003	0.003	597	0	597	597	
0.4	0.5	40	58	2	4	100	56476	100	56476	0.003	0	0.003	0.003	564.76	188.909	373	749	
0.4	0.5	14	59	6	4	100	13700	100	13700	0.003	0	0.003	0.003	137	0	137	137	
0.4	0.5	34	60	25	4	93	17949	92	17756	0.003	0	0.003	0.003	193	0	193	193	
0.4	0.5	32	61	5	4	98	23702	98	23806	0.00314286	0.000994832	0.003	0.01	242.918	20.6631	201	253	
0.4	0.5	38	62	5	4	100	46900	100	46900	0.003	0	0.003	0.003	469	0	469	469	
0.4	0.5	39	63	3	4	77	5159	78	5226	0.003	0	0.003	0.003	67	0	67	67	
0.4	0.5	22	64	10	4	100	49588	100	49652	0.003	0	0.003	0.003	496.52	31.8445	469	533	
0.4	0.5	21	65	7	4	100	105600	100	105600	0.003	0	0.003	0.003	1056	0	1056	1056	
0.4	0.5	2	66	10	4	51	4947	49	4753	0.01	0	0.01	0.01	97	0	97	97	
0.4	0.5	34	67	30	4	93	25017	93	25017	0.003	0	0.003	0.003	269	0	269	269	
0.4	0.5	34	68	12	4	92	4508	92	4508	0.003	0	0.003	0.003	49	0	49	49	
0.4	0.5	36	69	13	4	98	7866	98	7866	0.00307143	0.000707107	0.003	0.01	80.2653	15.9105	77	157	
0.4	0.5	41	70	28	4	89	5963	89	5963	0.003	0	0.003	0.003	67	0	67	67	
0.4	0.5	10	71	3	4	100	105600	100	105600	0.003	0	0.003	0.003	1056	0	1056	1056	
0.4	0.5	44	72	8	4	51	8007	49	7693	0.01	0	0.01	0.01	157	0	157	157	
0.4	0.5	55	73	3	4	100	12499	100	12499	0.003	0	0.003	0.003	124.99	0.1	124	125	
0.4	0.5	9	74	2	4	100	105600	100	105600	0.003	0	0.003	0.003	1056	0	1056	1056	
0.4	0.5	4	75	1	4	100	105600	100	105600	0.003	0	0.003	0.003	1056	0	1056	1056	
0.4	0.5	21	76	4	4	100	23300	100	23300	0.003	0	0.003	0.003	233	0	233	233	
0.4	0.5	20	77	5	4	100	15300	100	15300	0.003	0	0.003	0.003	153	0	153	153	
0.4	0.5	47	78	1	4	100	46900	100	46900	0.003	0	0.003	0.003	469	0	469	469	
0.4	0.5	47	79	8	4	100	30900	100	30900	0.003	0	0.003	0.003	309	0	309	309	
0.4	0.5	50	80	3	4	100	80700	100	80700	0.003	0	0.003	0.003	807	0	807	807	
0.4	0.5	38	81	7	4	90	22770	89	22517	0.00386517	0.00231689	0.003	0.01	253	0	253	253	
0.4	0.5	2	82	11	4	100	9700	100	9700	0.003	0	0.003	0.003	97	0	97	97	
0.4	0.5	41	83	15	4	92	8924	93	9021	0.003	0	0.003	0.003	97	0	97	97	
0.4	0.5	15	84	4	4	100	77499	100	77499	0.003	0	0.003	0.003	774.99	0.1	774	775	
0.4	0.5	37	85	7	4	50	7650	50	7650	0.003	0	0.003	0.003	153	0	153	153	
0.4	0.5	2	86	15	4	100	16100	100	16100	0.003	0	0.003	0.003	161	0	161	161	
0.4	0.5	13	87	7	4	100	25300	100	25300	0.003	0	0.003	0.003	253	0	253	253	
0.4	0.5	52	88	1	4	100	6700	100	6700	0.003	0	0.003	0.003	67	0	67	67	
0.4	0.5	2	89	20	4	100	19300	100	19300	0.003	0	0.003	0.003	193	0	193	193	
0.4	0.5	14	90	2	4	100	30900	100	30900	0.003	0	0.003	0.003	309	0	309	309	
0.4	0.5	50	91	4	4	100	69300	100	69300	0.003	0	0.003	0.003	693	0	693	693	
0.4	0.5	25	92	15	4	100	9700	100	9700	0.003	0	0.003	0.003	97	0	97	97	
0.4	0.5	37	93	52	4	50	8050	50	8050	0.003	0	0.003	0.003	161	0	161	161	
0.4	0.5	3	94	4	4	100	61892	100	61892	0.003	0	0.003	0.003	618.92	14.6334	517	621	
0.4	0.5	48	95	2	4	100	59700	100	59700	0.003	0	0.003	0.003	597	0	597	597	
0.4	0.5	37	96	6	4	50	4850	50	4850	0.003	0	0.003	0.003	97	0	97	97	
0.4	0.5	37	97	26	4	56	1792	55	1760	0.003	0	0.003	0.003	32	0	32	32	
0.4	0.5	4	98	5	4	100	77500	100	77500	0.003	0	0.003	0.003	775	0	775	775	
0.4	0.5	34	99	22	4	93	9021	92	8924	0.003	0	0.003	0.003	97	0	97	97	
0.4	0.5	34	100	8	4	92	11498	92	11498	0.003	0	0.003	0.003	124.978	0.208514	123	125	
0.4	0.5	48	101	3	4	100	59700	100	59700	0.003	0	0.003	0.003	597	0	597	597	
0.4	0.5	7	102	11	4	100	32500	100	32500	0.003	0	0.003	0.003	325	0	325	325	
0.4	0.5	41	103	3	4	89	4359	89	4359	0.003	0	0.003	0.003	48.9775	0.212	47	49	
0.4	0.5	26	104	5	4	100	20900	100	20900	0.003	0	0.003	0.003	209	0	209	209	
0.4	0.5	28	105	3	4	100	40500	100	40500	0.003	0	0.003	0.003	405	0	405	405	
0.4	0.5	57	106	10	4	100	74900	100	74900	0.003	0	0.003	0.003	749	0	749	749	
0.4	0.5	53	107	10	4	100	53300	100	53300	0.003	0	0.003	0.003	533	0	533	533	
0.4	0.5	1	108	21	4	95	6365	95	6365	0.003	0	0.003	0.003	67	0	67	67	
0.4	0.5	36	109	14	4	100	10219	100	10219	0.003	0	0.003	0.003	102.19	22.783	96	201	
0.4	0.5	42	110	4	4	100	13700	100	13700	0.003	0	0.003	0.003	137	0	137	137	
0.4	0.5	34	111	16	4	93	25017	93	25017	0.003	0	0.003	0.003	269	0	269	269	
0.4	0.5	37	112	12	4	51	4945	51	4945	0.003	0	0.003	0.003	96.9608	0.280056	95	97	
0.4	0.5	7	113	7	4	100	20099	100	20099	0.003	0	0.003	0.003	200.99	0.1	200	201	
0.4	0.5	15	114	3	4	100	77498	100	77498	0.003	0	0.003	0.003	774.98	0.2	773	775	
0.4	0.5	18	115	4	4	100	30100	100	30100	0.003	0	0.003	0.003	301	0	301	301	
0.4	0.5	43	116	5	4	100	22804	100	22804	0.003	0	0.003	0.003	228.04	26.1101	201	253	
0.4	0.5	33	117	11	4	63	9639	61	9333	0.00713115	0.00347119	0.003	0.01	153	0	153	153	
0.4	0.5	39	118	10	4	74	4958	74	4958	0.003	0	0.003	0.003	67	0	67	67	
0.4	0.5	50	119	1	4	100	80700	100	80700	0.003	0	0.003	0.003	807	0	807	807	
0.4	0.5	35	120	9	4	49	15509	51	16159	0.01	0	0.01	0.01	316.843	8.07805	309	325	
0.4	0.5	12	121	3	4	100	105600	100	105600	0.003	0	0.003	0.003	1056	0	1056	1056	
0.4	0.5	43	122	9	4	100	13700	100	13700	0.003	0	0.003	0.003	137	0	137	137	
0.4	0.5	49	123	8	4	99	10823	99	10903	0.00307071	0.000703526	0.003	0.01	110.131	39.6064	77	157	
0.4	0.5	20	124	1	4	100	6700	100	6700	0.003	0	0.003	0.003	67	0	67	67	
0.4	0.5	8	125	8	4	100	74898	100	74898	0.003	0	0.003	0.003	748.98	0.2	747	749	
0.4	0.5	44	126	2	4	100	49092	100	49092	0.003	0	0.003	0.003	490.92	104.503	389	597	
0.4	0.5	39	127	20	4	74	4958	74	4958	0.003	0	0.003	0.003	67	0	67	67	
0.4	0.5	37	128	42	4	51	2499	51	2498	0.003	0	0.003	0.003	48.9804	0.140028	48	49	
0.4	0.5	55	129	5	4	51	3907	51	3907	0.00972549	0.00137227	0.003	0.01	76.6078	1.96039	67	77	
0.4	0.5	40	130	7	4	100	56474	100	56474	0.003	0	0.003	0.003	564.74	188.91	372	749	
0.4	0.5	44	131	3	4	99	31575	99	31575	0.00307071	0.000703526	0.003	0.01	318.939	68.3147	253	389	
0.4	0.5	45	132	6	4	100	20900	100	20900	0.003	0	0.003	0.003	209	0	209	209	
0.4	0.5	20	133	7	4	96	18528	96	18528	0.00336458	0.00156353	0.003	0.01	193	0	193	193	
0.4	0.5	1	134	22	4	95	6365	95	6365	0.003	0	0.003	0.003	67	0	67	67	
0.4	0.5	27	135	5	4	82	89790	82	89790	0.00462195	0.00297164	0.003	0.01	1095	0	1095	1095	
0.4	0.5	37	136	38	4	50	6250	51	6375	0.00739216	0.00341806	0.003	0.01	125	0	125	125	
0.4	0.5	29	137	2	4	100	32499	100	32499	0.003	0	0.003	0.003	324.99	0.1	324	325	
0.4	0.5	30	138	2	4	100	51700	100	51700	0.003	0	0.003	0.003	517	0	517	517	
0.4	0.5	52	139	19	4	100	37300	100	37300	0.003	0	0.003	0.003	373	0	373	373	
0.4	0.5	34	140	23	4	94	11748	93	11623	0.003	0	0.003	0.003	124.978	0.20739	123	125	
0.4	0.5	8	141	2	4	100	25300	100	25300	0.003	0	0.003	0.003	253	0	253	253	
0.4	0.5	49	142	3	4	100	21696	100	21852	0.003	0	0.003	0.003	218.52	77.383	153	309	
0.4	0.5	51	143	4	4	100	25300	100	25300	0.003	0	0.003	0.003	253	0	253	253	
0.4	0.5	51	144	10	4	100	13700	100	13700	0.003	0	0.003	0.003	137	0	137	137	
0.4	0.5	29	145	10	4	58	21986	56	21208	0.008125	0.00312795	0.003	0.01	378.714	23.7178	325	389	
0.4	0.5	37	146	1	4	50	2450	50	2450	0.003	0	0.003	0.003	49	0	49	49	
0.4	0.5	8	147	9	4	100	15700	100	15700	0.003	0	0.003	0.003	157	0	157	157	
0.4	0.5	29	148	12	4	100	46900	100	46900	0.003	0	0.003	0.003	469	0	469	469	
0.4	0.5	33	149	13	4	100	26900	100	26900	0.003	0	0.003	0.003	269	0	269	269	
0.4	0.5	15	150	1	4	100	105600	100	105600	0.003	0	0.003	0.003	1056	0	1056	1056	
0.4	0.5	25	151	1	4	100	6700	100	6700	0.003	0	0.003	0.003	67	0	67	67	
0.4	0.5	2	152	3	4	83	6391	84	6468	0.00433333	0.00276525	0.003	0.01	77	0	77	77	
0.4	0.5	41	153	13	4	90	33567	90	33568	0.003	0	0.003	0.003	372.978	0.148231	372	373	
0.4	0.5	52	154	12	4	100	3200	100	3200	0.003	0	0.003	0.003	32	0	32	32	
0.4	0.5	57	155	2	4	100	15700	100	15700	0.003	0	0.003	0.003	157	0	157	157	
0.4	0.5	23	156	10	4	100	25300	100	25300	0.003	0	0.003	0.003	253	0	253	253	
0.4	0.5	44	157	1	4	100	66726	100	66726	0.003	0	0.003	0.003	667.26	137.663	533	807	
0.4	0.5	5	158	34	4	50	13450	50	13450	0.003	0	0.003	0.003	269	0	269	269	
0.4	0.5	36	159	4	4	100	7050	100	7050	0.003	0	0.003	0.003	70.5	15.333	67	137	
0.4	0.5	25	160	10	4	100	9698	100	9698	0.003	0	0.003	0.003	96.98	0.2	95	97	
0.4	0.5	40	161	6	4	49	3773	51	3927	0.01	0	0.01	0.01	77	0	77	77	
0.4	0.5	34	162	32	4	92	2944	89	2848	0.00307865	0.000741999	0.003	0.01	32	0	32	32	
0.4	0.5	37	163	9	4	50	3850	51	3927	0.00698039	0.00350137	0.003	0.01	77	0	77	77	
0.4	0.5	55	164	14	4	95	7313	94	7236	0.00337234	0.00157933	0.003	0.01	76.9787	0.206284	75	77	
0.4	0.5	51	165	2	4	100	32500	100	32500	0.003	0	0.003	0.003	325	0	325	325	
0.4	0.5	23	166	1	4	100	25298	100	25298	0.003	0	0.003	0.003	252.98	0.2	251	253	
0.4	0.5	35	167	2	4	100	49508	100	49508	0.003	0	0.003	0.003	495.08	104.503	389	597	
0.4	0.5	39	168	21	4	74	4958	74	4958	0.00309459	0.000813733	0.003	0.01	67	0	67	67	
0.4	0.5	12	169	1	4	100	77500	100	77500	0.003	0	0.003	0.003	775	0	775	775	
0.4	0.5	52	170	11	4	100	9700	100	9700	0.003	0	0.003	0.003	97	0	97	97	
0.4	0.5	20	171	14	4	100	37300	100	37300	0.003	0	0.003	0.003	373	0	373	373	
0.4	0.5	52	172	20	4	100	7700	100	7700	0.003	0	0.003	0.003	77	0	77	77	
0.4	0.5	17	173	5	4	100	13700	100	13700	0.003	0	0.003	0.003	137	0	137	137	
0.4	0.5	14	174	4	4	100	20100	100	20100	0.003	0	0.003	0.003	201	0	201	201	
0.4	0.5	54	175	6	4	100	9804	100	9700	0.003	0	0.003	0.003	97	0	97	97	
0.4	0.5	32	176	2	4	59	42143	60	43020	0.00766667	0.00332768	0.003	0.01	717	55.8934	621	749	
0.4	0.5	27	177	8	4	100	38900	100	38900	0.003	0	0.003	0.003	389	0	389	389	
0.4	0.5	54	178	8	4	100	6770	100	6700	0.003	0	0.003	0.003	67	0	67	67	
0.4	0.5	13	179	1	4	100	13700	100	13700	0.003	0	0.003	0.003	137	0	137	137	
0.4	0.5	41	180	9	4	93	6231	93	6231	0.003	0	0.003	0.003	67	0	67	67	
0.4	0.5	39	181	15	4	77	5929	76	5852	0.003	0	0.003	0.003	77	0	77	77	
0.4	0.5	1	182	3	4	72	26856	69	25737	0.00584058	0.0034625	0.003	0.01	373	0	373	373	
0.4	0.5	53	183	6	4	100	13700	100	13700	0.003	0	0.003	0.003	137	0	137	137	
0.4	0.5	11	184	12	4	95	30427	95	30443	0.00336842	0.00157137	0.003	0.01	320.453	7.25489	309	325	
0.4	0.5	57	185	5	4	100	13700	100	13700	0.003	0	0.003	0.003	137	0	137	137	
0.4	0.5	56	186	6	4	100	105600	100	105600	0.003	0	0.003	0.003	1056	0	1056	1056	
0.4	0.5	24	187	15	4	74	5697	74	5697	0.00394594	0.00240941	0.003	0.01	76.9865	0.116248	76	77	
0.4	0.5	27	188	7	4	100	105729	100	105807	0.003	0	0.003	0.003	1058.07	8.5991	1056	1095	
0.4	0.5	24	189	29	4	78	23478	78	23478	0.003	0	0.003	0.003	301	0	301	301	
0.4	0.5	45	190	7	4	100	30100	100	30100	0.003	0	0.003	0.003	301	0	301	301	
0.4	0.5	2	191	8	4	100	26900	100	26900	0.003	0	0.003	0.003	269	0	269	269	
0.4	0.5	32	192	7	4	100	25300	100	25300	0.003	0	0.003	0.003	253	0	253	253	
0.4	0.5	10	193	1	4	100	105600	100	105600	0.003	0	0.003	0.003	1056	0	1056	1056	
0.4	0.5	52	194	17	4	100	6700	100	6700	0.003	0	0.003	0.003	67	0	67	67	
0.4	0.5	18	195	5	4	100	38900	100	38900	0.003	0	0.003	0.003	389	0	389	389	
0.4	0.5	37	196	45	4	58	11194	57	11001	0.00312281	0.000927173	0.003	0.01	193	0	193	193	
0.4	0.5	34	197	11	4	59	4543	58	4466	0.00746552	0.00339357	0.003	0.01	77	0	77	77	
0.4	0.5	34	198	28	4	89	14329	90	14490	0.00338889	0.00161241	0.003	0.01	161	0	161	161	
0.4	0.5	13	199	10	4	100	30900	100	30900	0.003	0	0.003	0.003	309	0	309	309	
0.4	0.5	52	200	22	4	100	16100	100	16100	0.003	0	0.003	0.003	161	0	161	161	
0.4	0.5	34	201	26	4	94	6298	93	6231	0.003	0	0.003	0.003	67	0	67	67	
0.4	0.5	34	202	20	4	91	11373	91	11373	0.003	0	0.003	0.003	124.978	0.209657	123	125	
0.4	0.5	23	203	8	4	100	32500	100	32500	0.003	0	0.003	0.003	325	0	325	325	
0.4	0.5	57	204	7	4	69	17457	65	16445	0.00644615	0.00352682	0.003	0.01	253	0	253	253	
0.4	0.5	11	205	10	4	100	32500	100	32500	0.003	0	0.003	0.003	325	0	325	325	
0.4	0.5	33	206	10	4	100	12500	100	12500	0.003	0	0.003	0.003	125	0	125	125	
0.4	0.5	50	207	6	4	84	18444	82	18026	0.00436585	0.00279113	0.003	0.01	219.829	12.0162	209	233	
0.4	0.5	49	208	11	4	100	17748	100	17876	0.003	0	0.003	0.003	178.76	63.4938	125	253	
0.4	0.5	7	209	10	4	100	46900	100	46900	0.003	0	0.003	0.003	469	0	469	469	
0.4	0.5	11	210	4	4	56	20214	56	20294	0.008375	0.00298214	0.003	0.01	362.393	50.5114	253	389	
0.4	0.5	31	211	5	4	100	38900	100	38900	0.003	0	0.003	0.003	389	0	389	389	
0.4	0.5	6	212	6	4	65	4915	64	4838	0.0069375	0.0035	0.003	0.01	75.5937	3.50382	67	77	
0.4	0.5	55	213	9	4	50	3840	50	3840	0.00986	0.000989949	0.003	0.01	76.8	1.41421	67	77	
0.4	0.5	33	214	14	4	100	6700	100	6700	0.003	0	0.003	0.003	67	0	67	67	
0.4	0.5	16	215	4	4	100	105600	100	105600	0.003	0	0.003	0.003	1056	0	1056	1056	
0.4	0.5	25	216	14	4	63	7875	62	7750	0.00740322	0.00340905	0.003	0.01	125	0	125	125	
0.4	0.5	39	217	7	4	74	1628	72	1584	0.003	0	0.003	0.003	22	0	22	22	
0.4	0.5	52	218	9	4	100	15300	100	15300	0.003	0	0.003	0.003	153	0	153	153	
0.4	0.5	39	219	18	4	72	11592	71	11431	0.00359155	0.00196089	0.003	0.01	161	0	161	161	
0.4	0.5	55	220	7	4	76	8602	76	8630	0.00511842	0.00323715	0.003	0.01	113.553	13.8317	97	125	
0.4	0.5	30	221	3	4	100	106300	100	106300	0.003	0	0.003	0.003	1063	0	1063	1063	
0.4	0.5	50	222	5	4	100	48500	100	48500	0.003	0	0.003	0.003	485	0	485	485	
0.4	0.5	13	223	3	4	100	25300	100	25300	0.003	0	0.003	0.003	253	0	253	253	
0.4	0.5	39	224	31	4	74	3626	75	3675	0.003	0	0.003	0.003	49	0	49	49	
0.4	0.5	52	225	24	4	100	15300	100	15300	0.003	0	0.003	0.003	153	0	153	153	
0.4	0.5	39	226	14	4	77	5929	76	5852	0.003	0	0.003	0.003	77	0	77	77	
0.4	0.5	15	227	2	4	100	34900	100	34900	0.003	0	0.003	0.003	349	0	349	349	
0.4	0.5	37	228	53	4	50	1600	50	1600	0.003	0	0.003	0.003	32	0	32	32	
0.4	0.5	26	229	3	4	100	20900	100	20900	0.003	0	0.003	0.003	209	0	209	209	
0.4	0.5	13	230	4	4	100	13698	100	13698	0.003	0	0.003	0.003	136.98	0.2	135	137	
0.4	0.5	47	231	2	4	100	10100	100	10100	0.003	0	0.003	0.003	101	0	101	101	
0.4	0.5	13	232	5	4	100	32498	100	32498	0.003	0	0.003	0.003	324.98	0.2	323	325	
0.4	0.5	51	233	7	4	100	13700	100	13700	0.003	0	0.003	0.003	137	0	137	137	
0.4	0.5	24	234	24	4	78	5226	79	5293	0.003	0	0.003	0.003	67	0	67	67	
0.4	0.5	28	235	1	4	100	27698	100	27698	0.003	0	0.003	0.003	276.98	0.2	275	277	
0.4	0.5	37	236	15	4	60	22378	60	22378	0.003	0	0.003	0.003	372.967	0.258199	371	373	
0.4	0.5	37	237	47	4	53	6625	53	6625	0.003	0	0.003	0.003	125	0	125	125	
0.4	0.5	38	238	4	4	100	38900	100	38900	0.003	0	0.003	0.003	389	0	389	389	
0.4	0.5	51	239	5	4	57	10796	56	10639	0.00825	0.00305852	0.003	0.01	189.982	19.215	157	201	
0.4	0.5	7	240	9	4	100	20100	100	20100	0.003	0	0.003	0.003	201	0	201	201	
0.4	0.5	39	241	38	4	74	1628	73	1606	0.003	0	0.003	0.003	22	0	22	22	
0.4	0.5	39	242	11	4	70	3430	70	3430	0.0036	0.00197374	0.003	0.01	49	0	49	49	
0.4	0.5	2	243	14	4	97	7469	97	7469	0.00314433	0.000999893	0.003	0.01	77	0	77	77	
0.4	0.5	29	244	8	4	100	13700	100	13700	0.003	0	0.003	0.003	137	0	137	137	
0.4	0.5	55	245	10	4	100	12500	100	12500	0.003	0	0.003	0.003	125	0	125	125	
0.4	0.5	55	246	6	4	100	3200	100	3200	0.003	0	0.003	0.003	32	0	32	32	
0.4	0.5	41	247	5	4	96	12000	96	12000	0.003	0	0.003	0.003	125	0	125	125	
0.4	0.5	45	248	3	4	100	38900	100	38900	0.003	0	0.003	0.003	389	0	389	389	
0.4	0.5	55	249	12	4	100	12499	100	12499	0.003	0	0.003	0.003	124.99	0.1	124	125	
0.4	0.5	53	250	7	4	100	20100	100	20100	0.003	0	0.003	0.003	201	0	201	201	
0.4	0.5	52	251	4	4	100	12500	100	12500	0.003	0	0.003	0.003	125	0	125	125	
0.4	0.5	23	252	6	4	100	32499	100	32499	0.003	0	0.003	0.003	324.99	0.1	324	325	
0.4	0.5	20	253	13	4	58	6856	57	6703	0.00815789	0.00310983	0.003	0.01	117.596	12.421	97	125	
0.4	0.5	20	254	12	4	50	4710	50	4710	0.01	0	0.01	0.01	94.2	7.0102	77	97	
0.4	0.5	49	255	2	4	100	37724	100	37988	0.003	0	0.003	0.003	379.88	130.956	269	533	
0.4	0.5	42	256	11	4	100	15700	100	15700	0.003	0	0.003	0.003	157	0	157	157	
0.4	0.5	40	257	10	4	98	23814	98	23650	0.00321428	0.00121205	0.003	0.01	241.327	82.4044	161	325	
0.4	0.5	54	258	1	4	99	23303	99	23067	0.00307071	0.000703526	0.003	0.01	233	0	233	233	
0.4	0.5	38	259	9	4	100	74900	100	74900	0.003	0	0.003	0.003	749	0	749	749	
0.4	0.5	13	260	8	4	100	53300	100	53300	0.003	0	0.003	0.003	533	0	533	533	
0.4	0.5	42	261	6	4	67	10519	69	10833	0.00624638	0.00351637	0.003	0.01	157	0	157	157	
0.4	0.5	26	262	1	4	100	20900	100	20900	0.003	0	0.003	0.003	209	0	209	209	
0.4	0.5	45	263	1	4	100	80700	100	80700	0.003	0	0.003	0.003	807	0	807	807	
0.4	0.5	37	264	50	4	56	3752	56	3752	0.00325	0.00131079	0.003	0.01	67	0	67	67	
0.4	0.5	33	265	2	4	100	6700	100	6700	0.003	0	0.003	0.003	67	0	67	67	
0.4	0.5	27	266	2	4	100	80699	100	80699	0.003	0	0.003	0.003	806.99	0.1	806	807	
0.4	0.5	6	267	5	4	99	14015	97	13749	0.00307216	0.000710742	0.003	0.01	141.742	13.8001	125	153	
0.4	0.5	46	268	3	4	100	10270	100	10130	0.003	0	0.003	0.003	101.3	35.1693	67	137	
0.4	0.5	24	269	21	4	78	15054	78	15054	0.003	0	0.003	0.003	193	0	193	193	
0.4	0.5	7	270	12	4	100	15700	100	15700	0.003	0	0.003	0.003	157	0	157	157	
0.4	0.5	37	271	2	4	50	18648	50	18648	0.003	0	0.003	0.003	372.96	0.282843	371	373	
0.4	0.5	51	272	8	4	100	38900	100	38900	0.003	0	0.003	0.003	389	0	389	389	
0.4	0.5	42	273	5	4	100	30900	100	30900	0.003	0	0.003	0.003	309	0	309	309	
0.4	0.5	41	274	8	4	93	34687	94	35060	0.00329787	0.00142051	0.003	0.01	372.979	0.145079	372	373	
0.4	0.5	34	275	31	4	92	6164	92	6164	0.003	0	0.003	0.003	67	0	67	67	
0.4	0.5	32	276	4	4	100	38900	100	38900	0.003	0	0.003	0.003	389	0	389	389	
0.4	0.5	9	277	3	4	50	38750	50	38749	0.01	0	0.01	0.01	774.98	0.141421	774	775	
0.4	0.5	5	278	21	4	48	6000	48	6000	0.003	0	0.003	0.003	125	0	125	125	
0.4	0.5	31	279	6	4	100	20900	100	20900	0.003	0	0.003	0.003	209	0	209	209	
0.4	0.5	49	280	12	4	100	17748	100	17876	0.003	0	0.003	0.003	178.76	63.4938	125	253	
0.4	0.5	40	281	5	4	63	15555	63	15719	0.007	0.00349193	0.003	0.01	249.508	82.3979	161	325	
0.4	0.5	13	282	2	4	95	71153	95	71153	0.00336842	0.00157137	0.003	0.01	748.979	0.205196	747	749	
0.4	0.5	36	283	8	4	97	16437	98	16598	0.00321428	0.00121205	0.003	0.01	169.367	36.272	161	325	
0.4	0.5	50	284	7	4	100	23300	100	23300	0.003	0	0.003	0.003	233	0	233	233	
0.4	0.5	55	285	17	4	97	12124	97	12124	0.00321649	0.00121815	0.003	0.01	124.99	0.101535	124	125	
0.4	0.5	34	286	7	4	92	7084	93	7161	0.003	0	0.003	0.003	77	0	77	77	
0.4	0.5	2	287	18	4	100	15300	100	15300	0.003	0	0.003	0.003	153	0	153	153	
0.4	0.5	39	288	13	4	75	11475	74	11322	0.003	0	0.003	0.003	153	0	153	153	
0.4	0.5	39	289	6	4	68	5236	68	5236	0.00392647	0.00238976	0.003	0.01	77	0	77	77	
0.4	0.5	46	290	2	4	100	11780	100	11620	0.003	0	0.003	0.003	116.2	40.1935	77	157	
0.4	0.5	15	291	5	4	100	80700	100	80700	0.003	0	0.003	0.003	807	0	807	807	
0.4	0.5	23	292	2	4	100	13700	100	13700	0.003	0	0.003	0.003	137	0	137	137	
0.4	0.5	43	293	7	4	100	38899	100	38899	0.003	0	0.003	0.003	388.99	0.1	388	389	
0.4	0.5	40	294	12	4	71	6857	73	7151	0.00558904	0.00340276	0.003	0.01	97.9589	36.9746	67	157	
0.4	0.5	20	295	15	4	96	15456	97	15617	0.00328866	0.0013991	0.003	0.01	161	0	161	161	
0.4	0.5	8	296	7	4	100	53298	100	53298	0.003	0	0.003	0.003	532.98	0.2	531	533	
0.4	0.5	5	297	45	4	46	3542	45	3465	0.00735555	0.00343217	0.003	0.01	77	0	77	77	
0.4	0.5	27	298	1	4	100	38900	100	38900	0.003	0	0.003	0.003	389	0	389	389	
0.4	0.5	33	299	1	4	99	12374	99	12374	0.00307071	0.000703526	0.003	0.01	124.99	0.100504	124	125	
0.4	0.5	46	300	5	4	100	23254	100	22942	0.003	0	0.003	0.003	229.42	78.3972	151	309	
0.4	0.5	37	301	3	4	50	2450	50	2450	0.00342	0.00167929	0.003	0.01	49	0	49	49	
0.4	0.5	2	302	16	4	100	9580	100	9580	0.003	0	0.003	0.003	95.8	4.77367	77	97	
0.4	0.5	2	303	7	4	51	8211	49	7889	0.01	0	0.01	0.01	161	0	161	161	
0.4	0.5	37	304	49	4	55	2694	55	2694	0.003	0	0.003	0.003	48.9818	0.13484	48	49	
0.4	0.5	41	305	14	4	94	3008	94	3008	0.003	0	0.003	0.003	32	0	32	32	
0.4	0.5	42	306	1	4	100	6900	100	6900	0.003	0	0.003	0.003	69	0	69	69	
0.4	0.5	2	307	5	4	88	20688	86	20114	0.00405814	0.00252216	0.003	0.01	233.884	17.819	193	269	
0.4	0.5	25	308	7	4	100	23300	100	23300	0.003	0	0.003	0.003	233	0	233	233	
0.4	0.5	41	309	10	4	91	8827	91	8827	0.003	0	0.003	0.003	97	0	97	97	
0.4	0.5	40	310	8	4	51	8111	54	8742	0.00922222	0.00222054	0.003	0.01	161.889	59.9102	97	253	
0.4	0.5	40	311	1	4	100	40364	100	40364	0.003	0	0.003	0.003	403.64	132.638	269	533	
0.4	0.5	19	312	3	4	100	20100	100	20100	0.003	0	0.003	0.003	201	0	201	201	
0.4	0.5	3	313	1	4	53	17817	50	16866	0.00944	0.00191833	0.003	0.01	337.32	38.8306	277	405	
0.4	0.5	25	314	13	4	100	15300	100	15300	0.003	0	0.003	0.003	153	0	153	153	
0.4	0.5	44	315	5	4	100	19424	100	19424	0.003	0	0.003	0.003	194.24	38.1838	157	233	
0.4	0.5	11	316	11	4	100	25300	100	25300	0.003	0	0.003	0.003	253	0	253	253	
0.4	0.5	19	317	5	4	100	74900	100	74900	0.003	0	0.003	0.003	749	0	749	749	
0.4	0.5	51	318	1	4	100	20100	100	20100	0.003	0	0.003	0.003	201	0	201	201	
0.4	0.5	41	319	29	4	96	4704	96	4704	0.003	0	0.003	0.003	49	0	49	49	
0.4	0.5	49	320	13	4	99	9433	99	9503	0.00307071	0.000703526	0.003	0.01	95.9899	34.6556	67	137	
0.4	0.5	11	321	8	4	100	53298	100	53298	0.003	0	0.003	0.003	532.98	0.2	531	533	
0.4	0.5	39	322	9	4	76	5852	76	5852	0.003	0	0.003	0.003	77	0	77	77	
0.4	0.5	37	323	27	4	51	8211	51	8211	0.003	0	0.003	0.003	161	0	161	161	
0.4	0.5	35	324	4	4	100	58324	100	58324	0.003	0	0.003	0.003	583.24	112.542	469	693	
0.4	0.5	17	325	8	4	100	20100	100	20100	0.003	0	0.003	0.003	201	0	201	201	
0.4	0.5	56	326	5	4	100	93500	100	93500	0.003	0	0.003	0.003	935	0	935	935	
0.4	0.5	17	327	1	4	100	32499	100	32499	0.003	0	0.003	0.003	324.99	0.1	324	325	
0.4	0.5	39	328	23	4	76	12236	76	12236	0.003	0	0.003	0.003	161	0	161	161	
0.4	0.5	6	329	14	4	100	7700	100	7700	0.003	0	0.003	0.003	77	0	77	77	
0.4	0.5	34	330	6	4	92	7084	93	7161	0.003	0	0.003	0.003	77	0	77	77	
0.4	0.5	40	331	13	4	100	56476	100	56476	0.003	0	0.003	0.003	564.76	188.909	373	749	
0.4	0.5	52	332	21	4	100	6700	100	6700	0.003	0	0.003	0.003	67	0	67	67	
0.4	0.5	8	333	4	4	100	30900	100	30900	0.003	0	0.003	0.003	309	0	309	309	
0.4	0.5	14	334	8	4	100	30900	100	30900	0.003	0	0.003	0.003	309	0	309	309	
0.4	0.5	14	335	7	4	98	15386	98	15386	0.00314286	0.000994832	0.003	0.01	157	0	157	157	
0.4	0.5	24	336	19	4	76	5852	76	5852	0.003	0	0.003	0.003	77	0	77	77	
0.4	0.5	22	337	3	4	74	11158	74	11158	0.00527027	0.00329922	0.003	0.01	150.784	9.3197	137	157	
0.4	0.5	18	338	2	4	100	38900	100	38900	0.003	0	0.003	0.003	389	0	389	389	
0.4	0.5	49	339	1	4	100	17748	100	17876	0.003	0	0.003	0.003	178.76	63.4938	125	253	
0.4	0.5	47	340	9	4	100	25300	100	25300	0.003	0	0.003	0.003	253	0	253	253	
0.4	0.5	42	341	7	4	100	30900	100	30900	0.003	0	0.003	0.003	309	0	309	309	
0.4	0.5	1	342	7	4	94	6298	94	6298	0.003	0	0.003	0.003	67	0	67	67	
0.4	0.5	37	343	48	4	56	5432	56	5432	0.003	0	0.003	0.003	97	0	97	97	
0.4	0.5	57	344	8	4	100	74900	100	74900	0.003	0	0.003	0.003	749	0	749	749	
0.4	0.5	52	345	25	4	100	2200	98	2156	0.003	0	0.003	0.003	22	0	22	22	
0.4	0.5	36	346	5	4	65	6305	64	6208	0.00660937	0.00352595	0.003	0.01	97	0	97	97	
0.4	0.5	49	347	10	4	85	9865	85	9969	0.00423529	0.00268438	0.003	0.01	117.282	35.9777	77	201	
0.4	0.5	23	348	9	4	100	53300	100	53236	0.003	0	0.003	0.003	532.36	6.4	469	533	
0.4	0.5	41	349	18	4	89	5963	89	5963	0.00307865	0.000741999	0.003	0.01	67	0	67	67	
0.4	0.5	28	350	4	4	100	106300	100	106300	0.003	0	0.003	0.003	1063	0	1063	1063	
0.4	0.5	36	351	3	4	71	6991	72	7088	0.00581944	0.00345729	0.003	0.01	98.4444	12.2565	97	201	
0.4	0.5	17	352	9	4	100	13698	100	13698	0.003	0	0.003	0.003	136.98	0.2	135	137	
0.4	0.5	24	353	3	4	77	14861	77	14861	0.003	0	0.003	0.003	193	0	193	193	
0.4	0.5	19	354	6	4	100	46900	100	46900	0.003	0	0.003	0.003	469	0	469	469	
0.4	0.5	39	355	22	4	69	5313	68	5236	0.0035147	0.00184061	0.003	0.01	77	0	77	77	
0.4	0.5	37	356	34	4	50	1600	50	1600	0.00328	0.00138564	0.003	0.01	32	0	32	32	
0.4	0.5	27	357	3	4	100	37492	100	37668	0.003	0	0.003	0.003	376.68	30.6887	301	389	
0.4	0.5	36	358	6	4	67	5007	65	4853	0.00666154	0.00352348	0.003	0.01	74.6615	4.23629	67	77	
0.4	0.5	52	359	18	4	100	4900	100	4900	0.003	0	0.003	0.003	49	0	49	49	
0.4	0.5	35	360	1	4	100	92546	100	92546	0.003	0	0.003	0.003	925.46	173.837	749	1095	
0.4	0.5	47	361	6	4	100	25299	100	25299	0.003	0	0.003	0.003	252.99	0.1	252	253	
0.4	0.5	52	362	2	4	100	23300	100	23300	0.003	0	0.003	0.003	233	0	233	233	
0.4	0.5	39	363	19	4	74	2368	74	2368	0.003	0	0.003	0.003	32	0	32	32	
0.4	0.5	55	364	15	4	98	10626	98	10682	0.00314286	0.000994832	0.003	0.01	109	13.9276	97	125	
0.4	0.5	18	365	3	4	100	59699	100	59699	0.003	0	0.003	0.003	596.99	0.1	596	597	
0.4	0.5	39	366	30	4	76	3724	77	3773	0.003	0	0.003	0.003	49	0	49	49	
0.4	0.5	29	367	5	4	100	25300	100	25300	0.003	0	0.003	0.003	253	0	253	253	
0.4	0.5	13	368	9	4	100	32500	100	32500	0.003	0	0.003	0.003	325	0	325	325	
0.4	0.5	34	369	15	4	92	6164	92	6164	0.003	0	0.003	0.003	67	0	67	67	
0.4	0.5	55	370	2	4	100	9700	100	9700	0.003	0	0.003	0.003	97	0	97	97	
0.4	0.5	54	371	13	4	56	5082	55	5005	0.0086	0.00282581	0.003	0.01	91	10.6458	67	97	
0.4	0.5	51	372	9	4	100	25300	100	25300	0.003	0	0.003	0.003	253	0	253	253	
0.4	0.5	17	373	2	4	100	15700	100	15700	0.003	0	0.003	0.003	157	0	157	157	
0.4	0.5	18	374	8	4	100	69300	100	69300	0.003	0	0.003	0.003	693	0	693	693	
0.4	0.5	17	375	7	4	56	14168	58	14674	0.00831034	0.0030216	0.003	0.01	253	0	253	253	
0.4	0.5	41	376	31	4	89	11123	89	11123	0.003	0	0.003	0.003	124.978	0.212	123	125	
0.4	0.5	21	377	5	4	59	40119	57	38733	0.00803509	0.00317335	0.003	0.01	679.526	33.6421	597	693	
0.4	0.5	33	378	12	4	100	37297	100	37297	0.003	0	0.003	0.003	372.97	0.222702	371	373	
0.4	0.5	24	379	7	4	79	9875	78	9750	0.003	0	0.003	0.003	125	0	125	125	
0.4	0.5	53	380	8	4	100	25300	100	25300	0.003	0	0.003	0.003	253	0	253	253	
0.4	0.5	33	381	9	4	100	19300	100	19300	0.003	0	0.003	0.003	193	0	193	193	
0.4	0.5	42	382	10	4	100	20100	100	20100	0.003	0	0.003	0.003	201	0	201	201	
0.4	0.5	8	383	3	4	100	74898	100	74898	0.003	0	0.003	0.003	748.98	0.2	747	749	
0.4	0.5	14	384	1	4	100	13700	100	13700	0.003	0	0.003	0.003	137	0	137	137	
0.4	0.5	16	385	5	4	100	76980	100	76980	0.003	0	0.003	0.003	769.8	25.603	645	775	
0.4	0.5	39	386	5	4	74	4958	74	4958	0.003	0	0.003	0.003	67	0	67	67	
0.4	0.5	54	387	3	4	100	6770	100	6700	0.003	0	0.003	0.003	67	0	67	67	
0.4	0.5	11	388	5	4	100	15700	100	15700	0.003	0	0.003	0.003	157	0	157	157	
0.4	0.5	49	389	4	4	100	17748	100	17876	0.003	0	0.003	0.003	178.76	63.4938	125	253	
0.4	0.5	38	390	3	4	100	25300	100	25300	0.003	0	0.003	0.003	253	0	253	253	
0.4	0.5	37	391	37	4	50	6250	50	6250	0.003	0	0.003	0.003	125	0	125	125	
0.4	0.5	55	392	11	4	79	6083	78	6006	0.00497436	0.00317038	0.003	0.01	77	0	77	77	
0.4	0.5	47	393	7	4	100	53300	100	53300	0.003	0	0.003	0.003	533	0	533	533	
0.4	0.5	46	394	11	4	100	19026	100	18770	0.003	0	0.003	0.003	187.7	64.2894	125	253	
0.4	0.5	53	395	3	4	100	74900	100	74900	0.003	0	0.003	0.003	749	0	749	749	
0.4	0.5	2	396	6	4	96	9312	97	9409	0.00328866	0.0013991	0.003	0.01	97	0	97	97	
0.4	0.5	37	397	28	4	50	3350	50	3350	0.00328	0.00138564	0.003	0.01	67	0	67	67	
0.4	0.5	7	398	8	4	100	32500	100	32500	0.003	0	0.003	0.003	325	0	325	325	
0.4	0.5	33	399	5	4	100	4898	100	4898	0.003	0	0.003	0.003	48.98	0.2	47	49	
0.4	0.5	31	400	8	4	86	40174	86	40142	0.00413953	0.00259938	0.003	0.01	466.767	15.9364	453	485	
0.4	0.5	35	401	5	4	100	17370	100	17370	0.003	0	0.003	0.003	173.7	36.155	137	209	
0.4	0.5	52	402	23	4	100	16100	100	16100	0.003	0	0.003	0.003	161	0	161	161	
0.4	0.5	14	403	10	4	77	57673	76	56924	0.00511842	0.00323715	0.003	0.01	749	0	749	749	
0.4	0.5	17	404	4	4	100	25299	100	25299	0.003	0	0.003	0.003	252.99	0.1	252	253	
0.4	0.5	19	405	10	4	100	10094	100	10094	0.003	0	0.003	0.003	100.94	0.342893	99	101	
0.4	0.5	42	406	3	4	100	10100	100	10100	0.003	0	0.003	0.003	101	0	101	101	
0.4	0.5	1	407	6	4	76	13932	75	13739	0.00514667	0.0032495	0.003	0.01	183.187	14.8549	161	193	
0.4	0.5	39	408	16	4	75	3675	74	3626	0.003	0	0.003	0.003	49	0	49	49	
0.4	0.5	37	409	5	4	50	2450	50	2450	0.003	0	0.003	0.003	49	0	49	49	
0.4	0.5	29	410	11	4	51	12799	50	12494	0.00958	0.00167929	0.003	0.01	249.88	12.4747	201	253	
0.4	0.5	52	411	7	4	93	2976	92	2944	0.00345652	0.00173783	0.003	0.01	32	0	32	32	
0.4	0.5	18	412	6	4	100	20900	100	20900	0.003	0	0.003	0.003	209	0	209	209	
0.4	0.5	30	413	1	4	87	36915	85	36105	0.00407059	0.00253447	0.003	0.01	424.765	42.95	405	517	
0.4	0.5	5	414	26	4	47	17531	47	17531	0.003	0	0.003	0.003	373	0	373	373	
0.4	0.5	43	415	4	4	100	20100	100	20100	0.003	0	0.003	0.003	201	0	201	201	
0.4	0.5	20	416	8	4	100	9699	100	9699	0.003	0	0.003	0.003	96.99	0.1	96	97	
0.4	0.5	34	417	2	4	90	5850	90	5850	0.00315555	0.00103762	0.003	0.01	65	5.68855	49	67	
0.4	0.5	44	418	6	4	100	37956	100	37956	0.003	0	0.003	0.003	379.56	72.3482	309	453	
0.4	0.5	8	419	5	4	100	10100	100	10100	0.003	0	0.003	0.003	101	0	101	101	
0.4	0.5	54	420	12	4	99	28431	99	28231	0.00307071	0.000703526	0.003	0.01	285.162	16.0806	269	301	
0.4	0.5	1	421	24	4	95	22135	95	22135	0.003	0	0.003	0.003	233	0	233	233	
0.4	0.5	7	422	2	4	100	25300	100	25300	0.003	0	0.003	0.003	253	0	253	253	
0.4	0.5	24	423	31	4	79	12087	79	12087	0.003	0	0.003	0.003	153	0	153	153	
0.4	0.5	54	424	7	4	92	19596	91	19403	0.00353846	0.00187562	0.003	0.01	213.22	20.1096	193	233	
0.4	0.5	37	425	14	4	53	1696	53	1696	0.003	0	0.003	0.003	32	0	32	32	
0.4	0.5	47	426	4	4	100	38900	100	38900	0.003	0	0.003	0.003	389	0	389	389	
0.4	0.5	41	427	19	4	94	35062	94	35062	0.00307447	0.000721995	0.003	0.01	373	0	373	373	
0.4	0.5	25	428	11	4	100	9698	100	9698	0.003	0	0.003	0.003	96.98	0.2	95	97	
0.4	0.5	37	429	11	4	51	3497	51	3507	0.00313725	0.000980196	0.003	0.01	68.7647	3.85013	67	77	
0.4	0.5	43	430	11	4	100	20100	100	20100	0.003	0	0.003	0.003	201	0	201	201	
0.4	0.5	7	431	6	4	100	32500	100	32500	0.003	0	0.003	0.003	325	0	325	325	
0.4	0.5	38	432	8	4	99	15463	99	15463	0.00307071	0.000703526	0.003	0.01	156.192	3.95814	137	157	
0.4	0.5	36	433	9	4	51	3927	49	3773	0.01	0	0.01	0.01	77	0	77	77	
0.4	0.5	29	434	9	4	69	17457	67	16899	0.00613433	0.00350712	0.003	0.01	252.224	6.35281	201	253	
0.4	0.5	32	435	9	4	99	11007	99	11007	0.00307071	0.000703526	0.003	0.01	111.182	16.296	101	137	
0.4	0.5	56	436	4	4	100	31698	100	31698	0.003	0	0.003	0.003	316.98	0.2	315	317	
0.4	0.5	39	437	8	4	77	3773	77	3773	0.003	0	0.003	0.003	49	0	49	49	
0.4	0.5	31	438	1	4	100	59700	100	59700	0.003	0	0.003	0.003	597	0	597	597	
0.4	0.5	22	439	2	4	69	10453	70	10630	0.0061	0.00350217	0.003	0.01	151.857	8.80429	137	157	
0.4	0.5	19	440	4	4	100	53298	100	53298	0.003	0	0.003	0.003	532.98	0.2	531	533	
0.4	0.5	55	441	18	4	100	6700	100	6700	0.003	0	0.003	0.003	67	0	67	67	
0.4	0.5	50	442	8	4	100	20900	100	20900	0.003	0	0.003	0.003	209	0	209	209	
0.4	0.5	32	443	10	4	100	74900	100	74900	0.003	0	0.003	0.003	749	0	749	749	
0.4	0.5	19	444	2	4	100	30900	100	30900	0.003	0	0.003	0.003	309	0	309	309	
0.4	0.5	55	445	13	4	99	7623	99	7623	0.003	0	0.003	0.003	77	0	77	77	
0.4	0.5	38	446	6	4	100	32498	100	32498	0.003	0	0.003	0.003	324.98	0.2	323	325	
0.4	0.5	26	447	4	4	100	36260	100	36436	0.003	0	0.003	0.003	364.36	39.711	301	389	
0.4	0.5	43	448	6	4	100	15699	100	15699	0.003	0	0.003	0.003	156.99	0.1	156	157	
0.4	0.5	2	449	19	4	100	12498	100	12498	0.003	0	0.003	0.003	124.98	0.2	123	125	
0.4	0.5	8	450	6	4	99	15543	99	15543	0.00307071	0.000703526	0.003	0.01	157	0	157	157	
0.4	0.5	14	451	9	4	100	32500	100	32500	0.003	0	0.003	0.003	325	0	325	325	
0.4	0.5	39	452	2	4	74	1628	75	1650	0.003	0	0.003	0.003	22	0	22	22	
0.4	0.5	41	453	23	4	96	6432	95	6365	0.003	0	0.003	0.003	67	0	67	67	
0.4	0.5	52	454	10	4	100	12500	100	12500	0.003	0	0.003	0.003	125	0	125	125	
0.4	0.5	34	455	24	4	91	8827	91	8827	0.003	0	0.003	0.003	97	0	97	97	
0.4	0.5	6	456	13	4	100	23294	100	23294	0.003	0	0.003	0.003	232.94	0.342893	231	233	
0.4	0.5	39	457	28	4	76	3724	76	3724	0.003	0	0.003	0.003	49	0	49	49	
0.4	0.5	20	458	11	4	65	10241	64	10080	0.0069375	0.0035	0.003	0.01	157.5	4	153	161	
0.4	0.5	45	459	5	4	89	21689	87	21223	0.00388506	0.00233987	0.003	0.01	243.943	25.1319	233	301	
0.4	0.5	55	460	1	4	100	6700	100	6700	0.003	0	0.003	0.003	67	0	67	67	
0.4	0.5	5	461	23	4	51	9843	51	9843	0.003	0	0.003	0.003	193	0	193	193	
0.4	0.5	28	462	2	4	100	62096	100	62097	0.003	0	0.003	0.003	620.97	0.171447	620	621	
0.4	0.5	24	463	2	4	77	9625	77	9625	0.003	0	0.003	0.003	125	0	125	125	
0.4	0.5	3	464	2	4	100	51700	100	51700	0.003	0	0.003	0.003	517	0	517	517	
0.4	0.5	41	465	22	4	89	6853	89	6853	0.003	0	0.003	0.003	77	0	77	77	
0.4	0.5	41	466	2	4	93	6231	93	6231	0.003	0	0.003	0.003	67	0	67	67	
0.4	0.5	22	467	5	4	100	38900	100	38900	0.003	0	0.003	0.003	389	0	389	389	
0.4	0.5	24	468	33	4	76	5852	76	5852	0.0030921	0.000802955	0.003	0.01	77	0	77	77	
0.4	0.5	27	469	4	4	100	38900	100	38900	0.003	0	0.003	0.003	389	0	389	389	
0.4	0.5	25	470	16	4	100	9700	100	9700	0.003	0	0.003	0.003	97	0	97	97	
0.4	0.5	45	471	8	4	100	48500	100	48500	0.003	0	0.003	0.003	485	0	485	485	
0.4	0.5	36	472	2	4	100	7050	100	7050	0.003	0	0.003	0.003	70.5	15.333	67	137	
0.4	0.5	40	473	3	4	99	24139	99	24139	0.00307071	0.000703526	0.003	0.01	243.828	82.4131	161	325	
0.4	0.5	24	474	14	4	79	15247	79	15247	0.003	0	0.003	0.003	193	0	193	193	
0.4	0.5	57	475	1	4	100	53298	100	53298	0.003	0	0.003	0.003	532.98	0.2	531	533	
0.4	0.5	5	476	2	4	49	6125	49	6125	0.003	0	0.003	0.003	125	0	125	125	
0.4	0.5	6	477	1	4	100	12500	100	12500	0.003	0	0.003	0.003	125	0	125	125	
0.4	0.5	20	478	2	4	100	7700	100	7700	0.003	0	0.003	0.003	77	0	77	77	
0.4	0.5	43	479	8	4	63	9891	64	10048	0.0069375	0.0035	0.003	0.01	157	0	157	157	
0.4	0.5	39	480	25	4	74	1628	73	1606	0.003	0	0.003	0.003	22	0	22	22	
0.4	0.5	40	481	11	4	91	14811	91	14939	0.00361538	0.00199315	0.003	0.01	164.165	56.702	97	253	
0.4	0.5	46	482	7	4	72	9792	72	9896	0.005625	0.00341264	0.003	0.01	137.444	51.0556	97	201	
0.4	0.5	36	483	12	4	100	16080	100	16080	0.003	0	0.003	0.003	160.8	34.1707	153	309	
0.4	0.5	17	484	6	4	100	46900	100	46900	0.003	0	0.003	0.003	469	0	469	469	
0.4	0.5	54	485	4	4	98	18694	98	18498	0.00314286	0.000994832	0.003	0.01	188.755	10.9102	161	193	
0.4	0.5	35	486	7	4	100	32236	100	32236	0.003	0	0.003	0.003	322.36	68.3289	253	389	
0.4	0.5	9	487	4	4	100	46900	100	46900	0.003	0	0.003	0.003	469	0	469	469	
0.4	0.5	54	488	9	4	93	11585	94	11582	0.00352128	0.00184757	0.003	0.01	123.213	6.88129	97	125	
0.4	0.5	12	489	2	4	100	42100	100	42100	0.003	0	0.003	0.003	421	0	421	421	
0.4	0.5	51	490	3	4	60	11268	59	11111	0.00762712	0.00334199	0.003	0.01	188.322	20.0984	157	201	
0.4	0.5	46	491	8	4	100	15004	100	14796	0.003	0	0.003	0.003	147.96	52.2515	97	201	
0.4	0.5	33	492	3	4	100	9700	100	9700	0.003	0	0.003	0.003	97	0	97	97	
0.4	0.5	36	493	1	4	100	13140	100	13140	0.003	0	0.003	0.003	131.4	28.0375	125	253	
0.4	0.5	21	494	2	4	100	30100	100	30100	0.003	0	0.003	0.003	301	0	301	301	
0.4	0.5	56	495	2	4	100	64500	100	64500	0.003	0	0.003	0.003	645	0	645	645	
0.4	0.5	14	496	5	4	100	53300	100	53300	0.003	0	0.003	0.003	533	0	533	533	
0.4	0.5	57	497	3	4	100	46899	100	46899	0.003	0	0.003	0.003	468.99	0.1	468	469	
0.4	0.5	24	498	25	4	76	12236	77	12397	0.003	0	0.003	0.003	161	0	161	161	
0.4	0.5	11	499	6	4	100	30900	100	30900	0.003	0	0.003	0.003	309	0	309	309	
0.4	0.5	24	500	20	4	76	9498	77	9623	0.00327273	0.0013634	0.003	0.01	124.974	0.227921	123	125	
0.4	0.5	55	501	8	4	100	6700	100	6700	0.003	0	0.003	0.003	67	0	67	67	
0.4	0.5	19	502	9	4	100	10094	100	10094	0.003	0	0.003	0.003	100.94	0.342893	99	101	
0.4	0.5	34	503	5	4	92	4508	92	4508	0.003	0	0.003	0.003	49	0	49	49	
0.4	0.5	52	504	15	4	100	4900	100	4900	0.003	0	0.003	0.003	49	0	49	49	
0.4	0.5	38	505	10	4	51	7967	51	7967	0.00972549	0.00137227	0.003	0.01	156.216	3.92078	137	157	
0.4	0.5	34	506	1	4	93	25017	93	25017	0.003	0	0.003	0.003	269	0	269	269	
0.4	0.5	29	507	6	4	100	13700	100	13700	0.003	0	0.003	0.003	137	0	137	137	
0.4	0.5	22	508	8	4	87	12759	88	12936	0.00403409	0.00249804	0.003	0.01	147	10.0573	137	157	
0.4	0.5	34	509	14	4	91	24479	91	24479	0.003	0	0.003	0.003	269	0	269	269	
0.4	0.5	37	510	51	4	52	12116	52	12116	0.00313461	0.000970725	0.003	0.01	233	0	233	233	
0.4	0.5	20	511	3	4	100	37300	100	37300	0.003	0	0.003	0.003	373	0	373	373	
0.4	0.5	44	512	7	4	100	91854	100	91854	0.003	0	0.003	0.003	918.54	173.837	749	1095	
0.4	0.5	23	513	5	4	99	15543	99	15543	0.00307071	0.000703526	0.003	0.01	157	0	157	157	
0.4	0.5	25	514	2	4	49	7888	51	8210	0.01	0	0.01	0.01	160.98	0.140028	160	161	
0.4	0.5	39	515	12	4	60	4620	60	4620	0.00533333	0.00332768	0.003	0.01	77	0	77	77	
0.4	0.5	20	516	16	4	100	15300	100	15300	0.003	0	0.003	0.003	153	0	153	153	
0.4	0.5	11	517	3	4	86	27950	86	27950	0.00413953	0.00259938	0.003	0.01	325	0	325	325	
0.4	0.5	37	518	39	4	51	19023	51	19023	0.003	0	0.003	0.003	373	0	373	373	
0.4	0.5	46	519	9	4	100	56476	100	55724	0.003	0	0.003	0.003	557.24	188.909	373	749	
0.4	0.5	52	520	16	4	56	10808	56	10808	0.0085	0.00289828	0.003	0.01	193	0	193	193	
0.4	0.5	35	521	8	4	49	12397	51	12903	0.01	0	0.01	0.01	253	0	253	253	
0.4	0.5	51	522	11	4	70	22750	70	22750	0.006	0.00348911	0.003	0.01	325	0	325	325	
0.4	0.5	53	523	4	4	100	38900	100	38900	0.003	0	0.003	0.003	389	0	389	389	
0.4	0.5	5	524	31	4	50	3850	50	3850	0.00314	0.000989949	0.003	0.01	77	0	77	77	
0.4	0.5	30	525	6	4	100	27700	100	27700	0.003	0	0.003	0.003	277	0	277	277	
0.4	0.5	24	526	13	4	77	7469	77	7469	0.003	0	0.003	0.003	97	0	97	97	
0.4	0.5	10	527	2	4	100	105600	100	105600	0.003	0	0.003	0.003	1056	0	1056	1056	
0.4	0.5	39	528	1	4	65	5005	65	5005	0.00429231	0.00273703	0.003	0.01	77	0	77	77	
0.4	0.5	44	529	4	4	100	91854	100	91854	0.003	0	0.003	0.003	918.54	173.837	749	1095	
0.4	0.5	49	530	7	4	100	32976	100	33212	0.003	0	0.003	0.003	332.12	117.067	233	469	
0.4	0.5	7	531	3	4	100	13700	100	13700	0.003	0	0.003	0.003	137	0	137	137	
0.4	0.5	12	532	4	4	100	46900	100	46900	0.003	0	0.003	0.003	469	0	469	469	
0.4	0.5	54	533	14	4	99	13719	98	13594	0.003	0	0.003	0.003	138.714	14.069	125	153	
0.4	0.5	54	534	5	4	100	37676	100	37300	0.003	0	0.003	0.003	373	0	373	373	
0.4	0.5	37	535	46	4	58	1854	57	1822	0.003	0	0.003	0.003	31.9649	0.264906	30	32	
0.4	0.5	22	536	4	4	100	74900	100	74900	0.003	0	0.003	0.003	749	0	749	749	
0.4	0.5	37	537	24	4	56	9016	56	9016	0.003	0	0.003	0.003	161	0	161	161	
0.4	0.5	13	538	11	4	100	58400	100	58400	0.003	0	0.003	0.003	584	43.6591	531	621	
0.4	0.5	4	539	4	4	100	80700	100	80700	0.003	0	0.003	0.003	807	0	807	807	
0.4	0.5	49	540	6	4	100	17748	100	17876	0.003	0	0.003	0.003	178.76	63.4938	125	253	
0.4	0.5	34	541	13	4	93	6231	93	6231	0.003	0	0.003	0.003	67	0	67	67	
0.4	0.5	14	542	3	4	100	62100	100	62100	0.003	0	0.003	0.003	621	0	621	621	
0.4	0.5	41	543	11	4	93	4555	94	4604	0.003	0	0.003	0.003	48.9787	0.206284	47	49	
0.4	0.5	8	544	11	4	100	6900	100	6900	0.003	0	0.003	0.003	69	0	69	69	
0.4	0.5	36	545	10	4	100	10220	100	10220	0.003	0	0.003	0.003	102.2	22.7805	97	201	
0.4	0.5	32	546	3	4	100	37236	100	37364	0.003	0	0.003	0.003	373.64	27.471	325	389	
0.4	0.5	29	547	1	4	100	38900	100	38900	0.003	0	0.003	0.003	389	0	389	389	
0.4	0.5	26	548	6	4	100	15300	100	15300	0.003	0	0.003	0.003	153	0	153	153	
0.4	0.5	37	549	10	4	51	3927	51	3927	0.00354902	0.00190067	0.003	0.01	77	0	77	77	
0.4	0.5	57	550	9	4	100	10100	100	10100	0.003	0	0.003	0.003	101	0	101	101	
0.4	0.5	31	551	4	4	100	80700	100	80700	0.003	0	0.003	0.003	807	0	807	807	
0.4	0.5	34	552	9	4	92	4508	93	4557	0.003	0	0.003	0.003	49	0	49	49	
0.4	0.5	55	553	4	4	100	12500	100	12500	0.003	0	0.003	0.003	125	0	125	125	
0.4	0.5	33	554	4	4	100	23294	100	23294	0.003	0	0.003	0.003	232.94	0.342893	231	233	
0.4	0.5	47	555	3	4	100	74900	100	74900	0.003	0	0.003	0.003	749	0	749	749	
0.4	0.5	21	556	6	4	100	38900	100	38900	0.003	0	0.003	0.003	389	0	389	389	
0.4	0.5	19	557	7	4	100	46900	100	46900	0.003	0	0.003	0.003	469	0	469	469	
0.4	0.5	37	558	13	4	55	3685	55	3685	0.003	0	0.003	0.003	67	0	67	67	
0.4	0.5	39	559	17	4	73	14089	75	14475	0.00346667	0.00175787	0.003	0.01	193	0	193	193	
0.4	0.5	33	560	7	4	100	7700	100	7700	0.003	0	0.003	0.003	77	0	77	77	
0.4	0.5	46	561	1	4	100	46420	100	45780	0.003	0	0.003	0.003	457.8	160.774	301	621	
0.4	0.5	56	562	1	4	100	64498	100	64498	0.003	0	0.003	0.003	644.98	0.2	643	645	
0.4	0.5	37	563	33	4	50	4850	50	4850	0.00342	0.00167929	0.003	0.01	97	0	97	97	
0.4	0.5	37	564	29	4	50	2450	51	2499	0.00327451	0.00137227	0.003	0.01	49	0	49	49	
0.4	0.5	46	565	12	4	100	56476	100	55724	0.003	0	0.003	0.003	557.24	188.909	373	749	
0.4	0.5	25	566	4	4	100	9698	100	9698	0.003	0	0.003	0.003	96.98	0.2	95	97	
0.4	0.5	39	567	26	4	75	3675	75	3675	0.00309333	0.00080829	0.003	0.01	49	0	49	49	
0.4	0.5	2	568	9	4	100	19300	100	19300	0.003	0	0.003	0.003	193	0	193	193	
0.4	0.5	32	569	6	4	100	46900	100	46900	0.003	0	0.003	0.003	469	0	469	469	
0.4	0.5	37	570	36	4	50	3350	50	3350	0.003	0	0.003	0.003	67	0	67	67	
0.4	0.5	42	571	2	4	100	62100	100	62100	0.003	0	0.003	0.003	621	0	621	621	
0.4	0.5	2	572	12	4	99	7623	99	7623	0.00307071	0.000703526	0.003	0.01	77	0	77	77	
0.4	0.5	35	573	6	4	100	25200	100	25200	0.003	0	0.003	0.003	252	50.2418	201	301	
0.4	0.5	31	574	7	4	100	52754	100	52642	0.003	0	0.003	0.003	526.42	54.3623	483	597	
0.4	0.5	31	575	2	4	100	45300	100	45300	0.003	0	0.003	0.003	453	0	453	453	
0.4	0.5	27	576	6	4	100	23300	100	23300	0.003	0	0.003	0.003	233	0	233	233	
0.4	0.5	39	577	29	4	74	3626	74	3626	0.003	0	0.003	0.003	49	0	49	49	
0.4	0.5	50	578	2	4	97	105416	97	105416	0.00314433	0.000999893	0.003	0.01	1086.76	15.877	1056	1095	
0.4	0.5	44	579	9	4	51	10251	49	9849	0.01	0	0.01	0.01	201	0	201	201	
0.4	0.5	51	580	6	4	98	50186	98	50314	0.00314286	0.000994832	0.003	0.01	513.408	29.6481	469	533	
0.4	0.5	37	581	35	4	50	8050	50	8050	0.003	0	0.003	0.003	161	0	161	161	
0.4	0.5	37	582	41	4	52	6500	52	6500	0.003	0	0.003	0.003	125	0	125	125	
0.4	0.5	2	583	13	4	100	16100	100	16100	0.003	0	0.003	0.003	161	0	161	161	
0.4	0.5	38	584	1	4	69	17457	71	17963	0.00585915	0.00346532	0.003	0.01	253	0	253	253	
0.4	0.5	55	585	16	4	99	4851	99	4851	0.00307071	0.000703526	0.003	0.01	49	0	49	49	
0.4	0.5	42	586	8	4	100	10100	100	10100	0.003	0	0.003	0.003	101	0	101	101	
0.4	0.5	19	587	8	4	100	32500	100	32500	0.003	0	0.003	0.003	325	0	325	325	
0.4	0.5	29	588	4	4	100	30899	100	30899	0.003	0	0.003	0.003	308.99	0.1	308	309	
0.4	0.5	37	589	16	4	56	9016	56	9016	0.003	0	0.003	0.003	161	0	161	161	
0.4	0.5	38	590	2	4	100	13700	100	13700	0.003	0	0.003	0.003	137	0	137	137	
0.4	0.5	53	591	5	4	99	19899	99	19899	0.00307071	0.000703526	0.003	0.01	201	0	201	201	
0.4	0.5	8	592	12	4	100	38900	100	38900	0.003	0	0.003	0.003	389	0	389	389	
0.4	0.5	9	593	1	4	100	77500	100	77500	0.003	0	0.003	0.003	775	0	775	775	
0.4	0.5	22	594	9	4	100	32500	100	32500	0.003	0	0.003	0.003	325	0	325	325	
0.4	0.5	22	595	11	4	100	53300	100	53300	0.003	0	0.003	0.003	533	0	533	533	
0.4	0.5	54	596	11	4	100	7780	100	7700	0.003	0	0.003	0.003	77	0	77	77	
0.4	0.5	25	597	6	4	100	23294	100	23292	0.003	0	0.003	0.003	232.92	0.393893	231	233	
0.4	0.5	11	598	7	4	100	20100	100	20100	0.003	0	0.003	0.003	201	0	201	201	
0.4	0.5	37	599	4	4	50	2450	50	2450	0.003	0	0.003	0.003	49	0	49	49	
0.4	0.5	1	600	17	4	75	11803	75	11795	0.00496	0.00316416	0.003	0.01	157.267	4.01798	153	161	
0.4	0.5	16	601	1	4	98	75430	98	75430	0.00314286	0.000994832	0.003	0.01	769.694	25.8546	645	775	
0.4	0.5	31	602	3	4	100	30100	100	30100	0.003	0	0.003	0.003	301	0	301	301	
0.4	0.5	35	603	3	4	100	92546	100	92546	0.003	0	0.003	0.003	925.46	173.837	749	1095	
0.4	0.5	2	604	1	4	95	8455	97	8689	0.00336082	0.00155581	0.003	0.01	89.5773	9.71236	77	97	
0.4	0.5	7	605	1	4	87	65163	86	64414	0.00405814	0.00252216	0.003	0.01	749	0	749	749	
0.4	0.5	39	606	32	4	76	3724	77	3773	0.003	0	0.003	0.003	49	0	49	49	
0.4	0.5	23	607	4	4	100	53298	100	53298	0.003	0	0.003	0.003	532.98	0.2	531	533	
0.4	0.5	41	608	6	4	93	21669	93	21669	0.00307527	0.000725866	0.003	0.01	233	0	233	233	
0.4	0.5	33	609	6	4	100	26900	100	26900	0.003	0	0.003	0.003	269	0	269	269	
0.4	0.5	41	610	25	4	89	17177	89	17177	0.003	0	0.003	0.003	193	0	193	193	
0.4	0.5	46	611	10	4	49	3773	49	3773	0.01	0	0.01	0.01	77	0	77	77	
0.4	0.5	17	612	3	4	100	74900	100	74900	0.003	0	0.003	0.003	749	0	749	749	
0.4	0.5	37	613	40	4	50	2449	50	2449	0.003	0	0.003	0.003	48.98	0.141421	48	49	
0.4	0.5	53	614	9	4	100	13699	100	13699	0.003	0	0.003	0.003	136.99	0.1	136	137	
0.4	0.5	37	615	8	4	50	4848	50	4848	0.003	0	0.003	0.003	96.96	0.282843	95	97	
0.4	0.5	3	616	6	4	100	93500	100	93500	0.003	0	0.003	0.003	935	0	935	935	
0.4	0.5	18	617	1	4	100	20900	100	20900	0.003	0	0.003	0.003	209	0	209	209	
0.4	0.5	20	618	9	4	95	13471	95	13471	0.00336842	0.00157137	0.003	0.01	141.8	13.7899	125	153	
0.4	0.5	39	619	33	4	76	5092	77	5159	0.003	0	0.003	0.003	67	0	67	67	
0.4	0.5	46	620	13	4	100	35336	100	34864	0.003	0	0.003	0.003	348.64	118.571	233	469	
0.4	0.5	45	621	4	4	100	105635	100	105713	0.003	0	0.003	0.003	1057.13	6.46616	1056	1095	
0.4	0.5	3	622	5	4	100	105600	100	105600	0.003	0	0.003	0.003	1056	0	1056	1056	
0.4	0.5	20	623	10	4	53	4081	55	4235	0.00923636	0.00220239	0.003	0.01	77	0	77	77	
0.4	0.5	2	624	17	4	100	15300	100	15300	0.003	0	0.003	0.003	153	0	153	153	
0.4	0.5	43	625	2	4	100	32500	100	32500	0.003	0	0.003	0.003	325	0	325	325	
0.4	0.5	52	626	8	4	100	3200	100	3200	0.003	0	0.003	0.003	32	0	32	32	
0.4	0.5	34	627	27	4	91	2911	91	2911	0.003	0	0.003	0.003	31.989	0.104828	31	32	
0.4	0.5	7	628	4	4	85	13345	85	13345	0.00431765	0.00275254	0.003	0.01	157	0	157	157	
0.4	0.5	22	629	6	4	100	58228	100	58404	0.003	0	0.003	0.003	584.04	43.652	533	621	
0.4	0.5	5	630	27	4	51	8211	51	8211	0.003	0	0.003	0.003	161	0	161	161	
0.4	0.5	41	631	12	4	87	6699	88	6776	0.00347727	0.00177451	0.003	0.01	77	0	77	77	
0.4	0.5	22	632	7	4	100	25300	100	25300	0.003	0	0.003	0.003	253	0	253	253	
0.4	0.5	37	633	32	4	50	3850	49	3773	0.00557143	0.00340955	0.003	0.01	77	0	77	77	
0.4	0.5	57	634	4	4	100	20100	100	20100	0.003	0	0.003	0.003	201	0	201	201	
0.4	0.5	41	635	24	4	93	11623	92	11498	0.003	0	0.003	0.003	124.978	0.208514	123	125	
0.4	0.5	46	636	6	4	100	19026	100	18770	0.003	0	0.003	0.003	187.7	64.2894	125	253	
0.4	0.5	16	637	6	4	100	28052	100	28052	0.003	0	0.003	0.003	280.52	23.9749	209	317	
0.4	0.5	52	638	6	4	100	7700	100	7700	0.003	0	0.003	0.003	77	0	77	77	
0.4	0.5	41	639	1	4	95	4653	95	4653	0.00307368	0.000718185	0.003	0.01	48.9789	0.205196	47	49	
0.4	0.5	34	640	3	4	93	14973	93	14973	0.003	0	0.003	0.003	161	0	161	161	
0.4	0.5	56	641	3	4	100	40499	100	40499	0.003	0	0.003	0.003	404.99	0.1	404	405	
0.4	0.5	28	642	5	4	100	40500	100	40499	0.003	0	0.003	0.003	404.99	0.1	404	405	
0.4	0.5	29	643	3	4	100	14660	100	14700	0.003	0	0.003	0.003	147	10.0504	137	157	
0.4	0.5	22	644	1	4	100	26084	100	26196	0.003	0	0.003	0.003	261.96	20.6334	253	309	
0.4	0.5	7	645	5	4	100	53298	100	53298	0.003	0	0.003	0.003	532.98	0.2	531	533	
0.4	0.5	37	646	23	4	53	8109	54	8262	0.00338889	0.00161849	0.003	0.01	153	0	153	153	
0.4	0.5	1	647	13	4	94	9118	95	9215	0.003	0	0.003	0.003	97	0	97	97	
0.4	0.5	41	648	26	4	96	6432	95	6365	0.003	0	0.003	0.003	67	0	67	67	
0.4	0.5	21	649	3	4	100	20900	100	20900	0.003	0	0.003	0.003	209	0	209	209	
0.4	0.5	8	650	10	4	100	30900	100	30900	0.003	0	0.003	0.003	309	0	309	309	
0.4	0.5	37	651	31	4	50	1600	50	1600	0.003	0	0.003	0.003	32	0	32	32	
0.4	0.5	33	652	8	4	100	7698	100	7698	0.003	0	0.003	0.003	76.98	0.2	75	77	
0.4	0.5	13	653	6	4	100	13698	100	13698	0.003	0	0.003	0.003	136.98	0.2	135	137	
0.4	0.5	45	654	2	4	49	11417	49	11417	0.01	0	0.01	0.01	233	0	233	233	
0.4	0.5	2	655	4	4	100	30100	100	30100	0.003	0	0.003	0.003	301	0	301	301	
0.4	0.5	4	656	2	4	100	38900	100	38900	0.003	0	0.003	0.003	389	0	389	389	
0.4	0.5	34	657	4	4	93	11623	93	11623	0.003	0	0.003	0.003	124.978	0.20739	123	125	
0.4	0.5	30	658	5	4	100	77500	100	77500	0.003	0	0.003	0.003	775	0	775	775	
0.4	0.5	2	659	2	4	60	11036	59	10843	0.00786441	0.00325077	0.003	0.01	183.78	14.617	161	193	
0.4	0.5	53	660	11	4	100	15700	100	15700	0.003	0	0.003	0.003	157	0	157	157	
0.4	0.5	5	661	32	4	48	9264	48	9264	0.003	0	0.003	0.003	193	0	193	193	
0.4	0.5	5	662	49	4	49	13181	49	13181	0.003	0	0.003	0.003	269	0	269	269	
0.4	0.5	5	663	12	4	49	4753	49	4753	0.003	0	0.003	0.003	97	0	97	97	
0.4	0.5	5	664	54	4	49	7889	49	7889	0.003	0	0.003	0.003	161	0	161	161	
0.4	0.5	5	665	10	4	48	6000	48	6000	0.00475	0.00306316	0.003	0.01	125	0	125	125	
0.4	0.5	5	666	9	4	50	3850	50	3850	0.003	0	0.003	0.003	77	0	77	77	
0.4	0.5	24	667	27	4	76	9500	77	9625	0.003	0	0.003	0.003	125	0	125	125	
0.4	0.5	1	668	14	4	96	6432	96	6432	0.003	0	0.003	0.003	67	0	67	67	
0.4	0.5	5	669	35	4	50	3849	51	3926	0.00505882	0.00322125	0.003	0.01	76.9804	0.140028	76	77	
0.4	0.5	5	670	42	4	48	6000	48	6000	0.003	0	0.003	0.003	125	0	125	125	
0.4	0.5	5	671	8	4	50	11650	50	11650	0.003	0	0.003	0.003	233	0	233	233	
0.4	0.5	1	672	19	4	71	9993	71	9965	0.0053662	0.00333484	0.003	0.01	140.352	14.0642	123	153	
0.4	0.5	1	673	20	4	95	6365	95	6365	0.003	0	0.003	0.003	67	0	67	67	
0.4	0.5	5	674	14	4	47	3619	47	3619	0.003	0	0.003	0.003	77	0	77	77	
0.4	0.5	5	675	6	4	52	5044	51	4947	0.003	0	0.003	0.003	97	0	97	97	
0.4	0.5	24	676	30	4	77	14861	78	15054	0.003	0	0.003	0.003	193	0	193	193	
0.4	0.5	25	677	12	4	56	9016	56	9016	0.008625	0.00280624	0.003	0.01	161	0	161	161	
0.4	0.5	5	678	15	4	50	4850	49	4753	0.003	0	0.003	0.003	97	0	97	97	
0.4	0.5	5	679	13	4	49	7497	49	7497	0.003	0	0.003	0.003	153	0	153	153	
0.4	0.5	24	680	26	4	79	21251	80	21520	0.003	0	0.003	0.003	269	0	269	269	
0.4	0.5	5	681	5	4	50	17210	50	17210	0.00468	0.00301993	0.003	0.01	344.2	35.6308	301	373	
0.4	0.5	5	682	36	4	49	18276	48	17903	0.003	0	0.003	0.003	372.979	0.144338	372	373	
0.4	0.5	5	683	33	4	51	6375	52	6500	0.00340385	0.00164805	0.003	0.01	125	0	125	125	
0.4	0.5	24	684	6	4	79	21251	78	20982	0.003	0	0.003	0.003	269	0	269	269	
0.4	0.5	1	685	5	4	94	9118	94	9118	0.003	0	0.003	0.003	97	0	97	97	
0.4	0.5	5	686	3	4	48	3216	48	3216	0.003	0	0.003	0.003	67	0	67	67	
0.4	0.5	6	687	8	4	100	6700	100	6700	0.003	0	0.003	0.003	67	0	67	67	
0.4	0.5	5	688	29	4	49	6125	49	6125	0.003	0	0.003	0.003	125	0	125	125	
0.4	0.5	1	689	2	4	95	18335	95	18335	0.003	0	0.003	0.003	193	0	193	193	
0.4	0.5	1	690	25	4	96	25824	95	25555	0.003	0	0.003	0.003	269	0	269	269	
0.4	0.5	5	691	30	4	48	6000	48	6000	0.003	0	0.003	0.003	125	0	125	125	
0.4	0.5	24	692	8	4	77	5929	76	5852	0.003	0	0.003	0.003	77	0	77	77	
0.4	0.5	24	693	9	4	80	6159	80	6159	0.0030875	0.000782624	0.003	0.01	76.9875	0.111803	76	77	
0.4	0.5	1	694	9	4	96	18528	96	18528	0.003	0	0.003	0.003	193	0	193	193	
0.4	0.5	30	695	4	4	100	27700	100	27700	0.003	0	0.003	0.003	277	0	277	277	
0.4	0.5	1	696	26	4	95	15295	95	15295	0.00307368	0.000718185	0.003	0.01	161	0	161	161	
0.4	0.5	5	697	28	4	48	3696	48	3696	0.00358333	0.00195517	0.003	0.01	77	0	77	77	
0.4	0.5	6	698	3	4	100	9699	100	9699	0.003	0	0.003	0.003	96.99	0.1	96	97	
0.4	0.5	1	699	10	4	95	6365	95	6365	0.003	0	0.003	0.003	67	0	67	67	
0.4	0.5	5	700	40	4	51	4947	50	4850	0.003	0	0.003	0.003	97	0	97	97	
0.4	0.5	24	701	5	4	77	12397	77	12397	0.003	0	0.003	0.003	161	0	161	161	
0.4	0.5	6	702	12	4	97	7469	98	7546	0.00314286	0.000994832	0.003	0.01	77	0	77	77	
0.4	0.5	5	703	48	4	48	6000	48	6000	0.003	0	0.003	0.003	125	0	125	125	
0.4	0.5	24	704	23	4	78	12558	79	12719	0.003	0	0.003	0.003	161	0	161	161	
0.4	0.5	1	705	1	4	66	8250	65	8125	0.00676923	0.00351679	0.003	0.01	125	0	125	125	
0.4	0.5	5	706	41	4	50	6250	50	6250	0.003	0	0.003	0.003	125	0	125	125	
0.4	0.5	5	707	52	4	47	9071	47	9071	0.003	0	0.003	0.003	193	0	193	193	
0.4	0.5	5	708	22	4	47	9071	47	9071	0.003	0	0.003	0.003	193	0	193	193	
0.4	0.5	5	709	53	4	49	4753	49	4753	0.003	0	0.003	0.003	97	0	97	97	
0.4	0.5	5	710	25	4	48	11184	48	11184	0.003	0	0.003	0.003	233	0	233	233	
0.4	0.5	24	711	10	4	77	5159	76	5092	0.003	0	0.003	0.003	67	0	67	67	
0.4	0.5	6	712	9	4	100	7699	100	7699	0.003	0	0.003	0.003	76.99	0.1	76	77	
0.4	0.5	5	713	11	4	47	3619	47	3619	0.00493617	0.00316506	0.003	0.01	77	0	77	77	
0.4	0.5	24	714	32	4	79	12719	79	12719	0.003	0	0.003	0.003	161	0	161	161	
0.4	0.5	25	715	8	4	49	4753	53	5141	0.00973585	0.00134666	0.003	0.01	97	0	97	97	
0.4	0.5	5	716	51	4	48	7728	48	7728	0.003	0	0.003	0.003	161	0	161	161	
0.4	0.5	24	717	11	4	76	14668	75	14475	0.003	0	0.003	0.003	193	0	193	193	
0.4	0.5	1	718	8	4	74	14282	73	14089	0.00520548	0.00327431	0.003	0.01	193	0	193	193	
0.4	0.5	24	719	18	4	81	10123	81	10123	0.003	0	0.003	0.003	124.975	0.222222	123	125	
0.4	0.5	5	720	44	4	47	3149	47	3149	0.003	0	0.003	0.003	67	0	67	67	
0.4	0.5	24	721	12	4	80	15440	79	15247	0.003	0	0.003	0.003	193	0	193	193	
0.4	0.5	25	722	5	4	100	6700	100	6700	0.003	0	0.003	0.003	67	0	67	67	
0.4	0.5	5	723	50	4	48	17904	48	17904	0.00489583	0.00314365	0.003	0.01	373	0	373	373	
0.4	0.5	1	724	12	4	68	8498	69	8623	0.00604348	0.00349552	0.003	0.01	124.971	0.240772	123	125	
0.4	0.5	5	725	24	4	48	6000	48	6000	0.003	0	0.003	0.003	125	0	125	125	
0.4	0.5	5	726	43	4	47	4559	47	4559	0.00434042	0.00278409	0.003	0.01	97	0	97	97	
0.4	0.5	5	727	1	4	49	6125	49	6125	0.003	0	0.003	0.003	125	0	125	125	
0.4	0.5	24	728	1	4	80	21520	80	21520	0.003	0	0.003	0.003	269	0	269	269	
0.4	0.5	6	729	4	4	100	7698	100	7698	0.003	0	0.003	0.003	76.98	0.2	75	77	
0.4	0.5	5	730	56	4	49	6125	49	6125	0.003	0	0.003	0.003	125	0	125	125	
0.4	0.5	6	731	7	4	100	26900	100	26900	0.003	0	0.003	0.003	269	0	269	269	
0.4	0.5	1	732	11	4	88	13968	88	13968	0.00371591	0.0021332	0.003	0.01	158.727	3.62852	153	161	
0.4	0.5	1	733	15	4	79	6083	82	6314	0.00453658	0.00291524	0.003	0.01	77	0	77	77	
0.4	0.5	43	734	1	4	100	46900	100	46900	0.003	0	0.003	0.003	469	0	469	469	
0.4	0.5	6	735	10	4	100	6700	100	6700	0.003	0	0.003	0.003	67	0	67	67	
0.4	0.5	24	736	4	4	79	5293	78	5226	0.003	0	0.003	0.003	67	0	67	67	
0.4	0.5	43	737	10	4	100	38900	100	38900	0.003	0	0.003	0.003	389	0	389	389	
0.4	0.5	1	738	4	4	97	6499	97	6499	0.003	0	0.003	0.003	67	0	67	67	
0.4	0.5	20	739	4	4	100	9700	100	9700	0.003	0	0.003	0.003	97	0	97	97	
0.4	0.5	5	740	55	4	49	3853	49	3833	0.00314286	0.001	0.003	0.01	78.2245	4.84452	77	97	
0.4	0.5	5	741	7	4	50	18650	51	19023	0.003	0	0.003	0.003	373	0	373	373	
0.4	0.5	1	742	23	4	96	28896	95	28595	0.003	0	0.003	0.003	301	0	301	301	
0.4	0.5	5	743	47	4	48	3696	48	3696	0.003	0	0.003	0.003	77	0	77	77	
0.4	0.5	5	744	4	4	50	8049	50	8049	0.003	0	0.003	0.003	160.98	0.141421	160	161	
0.4	0.5	5	745	16	4	49	4753	49	4753	0.003	0	0.003	0.003	97	0	97	97	
0.4	0.5	24	746	28	4	75	9375	76	9500	0.0030921	0.000802955	0.003	0.01	125	0	125	125	
0.4	0.5	5	747	46	4	48	17904	48	17904	0.003	0	0.003	0.003	373	0	373	373	
0.4	0.5	1	748	16	4	95	6365	95	6365	0.003	0	0.003	0.003	67	0	67	67	
0.4	0.5	6	749	11	4	100	6700	100	6700	0.003	0	0.003	0.003	67	0	67	67	
0.4	0.5	24	750	22	4	77	28721	78	29094	0.003	0	0.003	0.003	373	0	373	373	
