% start	end	CellId	IMSI	RNTI	LCID	nTxPDUs	TxBytes	nRxPDUs	RxBytes	delay	stdDev	min	max	PduSize	stdDev	min	max
0.4	0.5	12	1	4	4	100	30900	100	30900	0.003	0	0.003	0.003	309	0	309	309	
0.4	0.5	45	2	3	4	100	10100	100	10100	0.003	0	0.003	0.003	101	0	101	101	
0.4	0.5	34	3	8	4	100	9700	100	9700	0.003	0	0.003	0.003	97	0	97	97	
0.4	0.5	52	4	32	4	60	4020	60	4020	0.003	0	0.003	0.003	67	0	67	67	
0.4	0.5	2	5	5	4	100	35012	100	35276	0.003	0	0.003	0.003	352.76	124.656	269	621	
0.4	0.5	37	6	14	4	64	6208	64	6208	0.00398437	0.00245268	0.003	0.01	97	0	97	97	
0.4	0.5	35	7	5	4	100	46900	100	46900	0.003	0	0.003	0.003	469	0	469	469	
0.4	0.5	15	8	11	4	100	20100	100	20100	0.003	0	0.003	0.003	201	0	201	201	
0.4	0.5	53	9	3	4	100	38898	100	38898	0.003	0	0.003	0.003	388.98	0.2	387	389	
0.4	0.5	36	10	2	4	100	105651	100	105729	0.003	0	0.003	0.003	1057.29	6.77234	1056	1095	
0.4	0.5	4	11	9	4	60	19500	57	18525	0.00778947	0.00328273	0.003	0.01	325	0	325	325	
0.4	0.5	32	12	1	4	100	24780	100	24780	0.003	0	0.003	0.003	247.8	15.6786	201	253	
0.4	0.5	39	13	13	4	87	10873	86	10748	0.00308139	0.000754829	0.003	0.01	124.977	0.215666	123	125	
0.4	0.5	43	14	10	4	94	35062	94	35062	0.00337234	0.00157933	0.003	0.01	373	0	373	373	
0.4	0.5	41	15	9	4	63	6111	63	6111	0.003	0	0.003	0.003	97	0	97	97	
0.4	0.5	6	16	1	4	100	23300	100	23300	0.003	0	0.003	0.003	233	0	233	233	
0.4	0.5	45	17	11	4	100	74900	100	74900	0.003	0	0.003	0.003	749	0	749	749	
0.4	0.5	57	18	7	4	100	46900	100	46900	0.003	0	0.003	0.003	469	0	469	469	
0.4	0.5	41	19	19	4	62	3038	63	3087	0.003	0	0.003	0.003	49	0	49	49	
0.4	0.5	15	20	7	4	100	46900	100	46900	0.003	0	0.003	0.003	469	0	469	469	
0.4	0.5	45	21	1	4	100	20100	100	20100	0.003	0	0.003	0.003	201	0	201	201	
0.4	0.5	39	22	11	4	85	8245	84	8148	0.00308333	0.000763763	0.003	0.01	97	0	97	97	
0.4	0.5	30	23	6	4	100	20900	100	20900	0.003	0	0.003	0.003	209	0	209	209	
0.4	0.5	39	24	9	4	86	13846	86	13846	0.003	0	0.003	0.003	161	0	161	161	
0.4	0.5	20	25	5	4	99	21541	99	21853	0.00307071	0.000703526	0.003	0.01	220.737	77.7362	151	309	
0.4	0.5	10	26	6	4	100	69300	100	69300	0.003	0	0.003	0.003	693	0	693	693	
0.4	0.5	22	27	18	4	100	9700	100	9700	0.003	0	0.003	0.003	97	0	97	97	
0.4	0.5	21	28	5	4	58	7794	59	7863	0.00774576	0.00329887	0.003	0.01	133.271	38.4806	97	253	
0.4	0.5	43	29	8	4	100	12500	100	12500	0.003	0	0.003	0.003	125	0	125	125	
0.4	0.5	46	30	2	4	100	93500	100	93500	0.003	0	0.003	0.003	935	0	935	935	
0.4	0.5	50	31	8	4	80	7120	80	7120	0.00475	0.00305021	0.003	0.01	89	9.85978	77	97	
0.4	0.5	23	32	9	4	100	20098	100	20098	0.003	0	0.003	0.003	200.98	0.2	199	201	
0.4	0.5	57	33	9	4	100	46900	100	46900	0.003	0	0.003	0.003	469	0	469	469	
0.4	0.5	37	34	2	4	70	4690	69	4623	0.003	0	0.003	0.003	67	0	67	67	
0.4	0.5	39	35	12	4	58	8674	58	8674	0.0065	0.00353057	0.003	0.01	149.552	16.6777	125	161	
0.4	0.5	52	36	8	4	60	7498	60	7498	0.003	0	0.003	0.003	124.967	0.258199	123	125	
0.4	0.5	27	37	3	4	100	25300	100	25300	0.003	0	0.003	0.003	253	0	253	253	
0.4	0.5	34	38	20	4	100	37300	100	37300	0.003	0	0.003	0.003	373	0	373	373	
0.4	0.5	38	39	10	4	100	74900	100	74900	0.003	0	0.003	0.003	749	0	749	749	
0.4	0.5	19	40	2	4	98	15386	98	15386	0.00314286	0.000994832	0.003	0.01	157	0	157	157	
0.4	0.5	6	41	5	4	77	27425	77	27425	0.00509091	0.00322483	0.003	0.01	356.169	30.672	301	373	
0.4	0.5	25	42	3	4	100	105600	100	105600	0.003	0	0.003	0.003	1056	0	1056	1056	
0.4	0.5	15	43	3	4	100	74900	100	74900	0.003	0	0.003	0.003	749	0	749	749	
0.4	0.5	56	44	3	4	100	64500	100	64500	0.003	0	0.003	0.003	645	0	645	645	
0.4	0.5	28	45	12	4	100	27956	100	28220	0.003	0	0.003	0.003	282.2	57.8273	269	533	
0.4	0.5	18	46	3	4	100	38899	100	38899	0.003	0	0.003	0.003	388.99	0.1	388	389	
0.4	0.5	39	47	15	4	87	13311	87	13311	0.003	0	0.003	0.003	153	0	153	153	
0.4	0.5	41	48	27	4	65	9945	64	9792	0.0034375	0.00170783	0.003	0.01	153	0	153	153	
0.4	0.5	37	49	27	4	69	8625	70	8750	0.003	0	0.003	0.003	125	0	125	125	
0.4	0.5	52	50	42	4	61	1952	61	1952	0.00311475	0.000896258	0.003	0.01	32	0	32	32	
0.4	0.5	36	51	4	4	100	23300	100	23300	0.003	0	0.003	0.003	233	0	233	233	
0.4	0.5	39	52	28	4	83	6391	84	6468	0.00333333	0.00149967	0.003	0.01	77	0	77	77	
0.4	0.5	19	53	1	4	100	32498	100	32498	0.003	0	0.003	0.003	324.98	0.2	323	325	
0.4	0.5	31	54	6	4	100	105651	100	105729	0.003	0	0.003	0.003	1057.29	6.77234	1056	1095	
0.4	0.5	21	55	14	4	100	9150	100	9080	0.003	0	0.003	0.003	90.8	33.3267	67	137	
0.4	0.5	35	56	10	4	100	13700	100	13700	0.003	0	0.003	0.003	137	0	137	137	
0.4	0.5	52	57	30	4	57	7123	55	6873	0.00401818	0.00249066	0.003	0.01	124.964	0.26968	123	125	
0.4	0.5	41	58	22	4	63	12159	63	12159	0.003	0	0.003	0.003	193	0	193	193	
0.4	0.5	52	59	46	4	60	4020	59	3953	0.003	0	0.003	0.003	67	0	67	67	
0.4	0.5	57	60	2	4	100	20100	100	20100	0.003	0	0.003	0.003	201	0	201	201	
0.4	0.5	19	61	8	4	100	20100	100	20100	0.003	0	0.003	0.003	201	0	201	201	
0.4	0.5	30	62	8	4	100	48500	100	48500	0.003	0	0.003	0.003	485	0	485	485	
0.4	0.5	28	63	7	4	100	6979	100	7049	0.003	0	0.003	0.003	70.49	15.3356	66	137	
0.4	0.5	54	64	5	4	100	15700	100	15700	0.003	0	0.003	0.003	157	0	157	157	
0.4	0.5	26	65	8	4	100	66228	100	66324	0.003	0	0.003	0.003	663.24	44.623	597	693	
0.4	0.5	29	66	1	4	100	105600	100	105600	0.003	0	0.003	0.003	1056	0	1056	1056	
0.4	0.5	51	67	4	4	92	15050	92	14974	0.00360869	0.00198321	0.003	0.01	162.761	20.2682	155	233	
0.4	0.5	55	68	8	4	100	6700	100	6700	0.003	0	0.003	0.003	67	0	67	67	
0.4	0.5	45	69	10	4	100	18916	100	18916	0.003	0	0.003	0.003	189.16	20.2603	137	201	
0.4	0.5	34	70	22	4	100	19300	100	19300	0.003	0	0.003	0.003	193	0	193	193	
0.4	0.5	55	71	3	4	100	26900	100	26900	0.003	0	0.003	0.003	269	0	269	269	
0.4	0.5	37	72	21	4	69	6693	70	6790	0.003	0	0.003	0.003	97	0	97	97	
0.4	0.5	8	73	10	4	100	12500	100	12500	0.003	0	0.003	0.003	125	0	125	125	
0.4	0.5	55	74	22	4	100	26900	100	26900	0.003	0	0.003	0.003	269	0	269	269	
0.4	0.5	53	75	1	4	100	105701	100	105779	0.003	0	0.003	0.003	1057.79	7.97255	1056	1095	
0.4	0.5	38	76	6	4	100	25298	100	25298	0.003	0	0.003	0.003	252.98	0.2	251	253	
0.4	0.5	34	77	4	4	100	16100	100	16100	0.003	0	0.003	0.003	161	0	161	161	
0.4	0.5	50	78	16	4	57	5029	55	4895	0.00847273	0.00291773	0.003	0.01	89	9.88826	77	97	
0.4	0.5	46	79	6	4	100	31700	100	31700	0.003	0	0.003	0.003	317	0	317	317	
0.4	0.5	8	80	6	4	95	14535	96	14688	0.00336458	0.00156353	0.003	0.01	153	0	153	153	
0.4	0.5	26	81	7	4	100	45298	100	45298	0.003	0	0.003	0.003	452.98	0.2	451	453	
0.4	0.5	37	82	31	4	72	3528	73	3577	0.003	0	0.003	0.003	49	0	49	49	
0.4	0.5	40	83	1	4	100	13700	100	13700	0.003	0	0.003	0.003	137	0	137	137	
0.4	0.5	50	84	2	4	71	5025	73	5179	0.00578082	0.00344902	0.003	0.01	70.9452	4.95505	65	77	
0.4	0.5	37	85	18	4	64	4708	65	4795	0.00396923	0.0024365	0.003	0.01	73.7692	4.71291	67	77	
0.4	0.5	49	86	4	4	100	15700	100	15700	0.003	0	0.003	0.003	157	0	157	157	
0.4	0.5	41	87	39	4	62	1984	63	2016	0.003	0	0.003	0.003	32	0	32	32	
0.4	0.5	41	88	31	4	63	4221	62	4154	0.0031129	0.000889001	0.003	0.01	67	0	67	67	
0.4	0.5	55	89	18	4	100	3200	100	3200	0.003	0	0.003	0.003	32	0	32	32	
0.4	0.5	55	90	5	4	100	4898	100	4898	0.003	0	0.003	0.003	48.98	0.2	47	49	
0.4	0.5	21	91	6	4	88	17484	87	17315	0.00388506	0.00233987	0.003	0.01	199.023	69.4346	153	325	
0.4	0.5	39	92	6	4	64	10304	63	10143	0.00555555	0.00339724	0.003	0.01	161	0	161	161	
0.4	0.5	50	93	1	4	100	6700	100	6700	0.003	0	0.003	0.003	67	0	67	67	
0.4	0.5	39	94	19	4	86	5762	86	5762	0.003	0	0.003	0.003	67	0	67	67	
0.4	0.5	4	95	8	4	100	13700	100	13700	0.003	0	0.003	0.003	137	0	137	137	
0.4	0.5	22	96	8	4	79	17687	80	17920	0.0048375	0.00309938	0.003	0.01	224	16.8087	193	233	
0.4	0.5	32	97	4	4	100	38900	100	38900	0.003	0	0.003	0.003	389	0	389	389	
0.4	0.5	35	98	8	4	100	25300	100	25300	0.003	0	0.003	0.003	253	0	253	253	
0.4	0.5	48	99	3	4	100	106300	100	106300	0.003	0	0.003	0.003	1063	0	1063	1063	
0.4	0.5	22	100	6	4	89	33194	89	33194	0.00386517	0.00231689	0.003	0.01	372.966	0.235943	371	373	
0.4	0.5	6	101	15	4	100	7700	100	7700	0.003	0	0.003	0.003	77	0	77	77	
0.4	0.5	19	102	7	4	100	38900	100	38900	0.003	0	0.003	0.003	389	0	389	389	
0.4	0.5	47	103	2	4	100	93500	100	93500	0.003	0	0.003	0.003	935	0	935	935	
0.4	0.5	26	104	6	4	98	38122	98	38122	0.00314286	0.000994832	0.003	0.01	389	0	389	389	
0.4	0.5	37	105	3	4	73	14089	72	13896	0.003	0	0.003	0.003	193	0	193	193	
0.4	0.5	55	106	1	4	100	23300	100	23300	0.003	0	0.003	0.003	233	0	233	233	
0.4	0.5	34	107	6	4	100	12498	100	12498	0.003	0	0.003	0.003	124.98	0.2	123	125	
0.4	0.5	54	108	1	4	100	13700	100	13700	0.003	0	0.003	0.003	137	0	137	137	
0.4	0.5	17	109	9	4	100	32500	100	32500	0.003	0	0.003	0.003	325	0	325	325	
0.4	0.5	34	110	7	4	91	7007	91	7007	0.00376923	0.0022014	0.003	0.01	77	0	77	77	
0.4	0.5	39	111	20	4	81	7277	84	7568	0.00341667	0.00166616	0.003	0.01	90.0952	9.56603	77	97	
0.4	0.5	52	112	7	4	60	9180	60	9180	0.003	0	0.003	0.003	153	0	153	153	
0.4	0.5	54	113	8	4	100	30900	100	30900	0.003	0	0.003	0.003	309	0	309	309	
0.4	0.5	3	114	1	4	100	104508	100	104508	0.003	0	0.003	0.003	1045.08	44.6381	935	1063	
0.4	0.5	25	115	1	4	100	51700	100	51700	0.003	0	0.003	0.003	517	0	517	517	
0.4	0.5	52	116	21	4	60	11580	60	11580	0.003	0	0.003	0.003	193	0	193	193	
0.4	0.5	52	117	23	4	52	8348	50	8034	0.00468	0.00301993	0.003	0.01	160.68	1.58359	153	161	
0.4	0.5	43	118	5	4	89	6853	89	6853	0.00394382	0.00240435	0.003	0.01	77	0	77	77	
0.4	0.5	7	119	6	4	100	30604	100	30468	0.003	0	0.003	0.003	304.68	66.3451	253	389	
0.4	0.5	28	120	11	4	100	38804	100	39180	0.003	0	0.003	0.003	391.8	82.3601	373	749	
0.4	0.5	52	121	2	4	64	17216	63	16947	0.003	0	0.003	0.003	269	0	269	269	
0.4	0.5	19	122	4	4	100	20100	100	20100	0.003	0	0.003	0.003	201	0	201	201	
0.4	0.5	26	123	5	4	100	80700	100	80700	0.003	0	0.003	0.003	807	0	807	807	
0.4	0.5	38	124	9	4	100	20100	100	20100	0.003	0	0.003	0.003	201	0	201	201	
0.4	0.5	19	125	9	4	100	74900	100	74900	0.003	0	0.003	0.003	749	0	749	749	
0.4	0.5	15	126	8	4	100	20098	100	20098	0.003	0	0.003	0.003	200.98	0.2	199	201	
0.4	0.5	37	127	26	4	67	4489	65	4355	0.00364615	0.00204199	0.003	0.01	67	0	67	67	
0.4	0.5	22	128	5	4	100	6700	100	6700	0.003	0	0.003	0.003	67	0	67	67	
0.4	0.5	39	129	8	4	85	5695	84	5628	0.00308333	0.000763763	0.003	0.01	67	0	67	67	
0.4	0.5	40	130	8	4	100	38900	100	38900	0.003	0	0.003	0.003	389	0	389	389	
0.4	0.5	54	131	9	4	100	20100	100	20100	0.003	0	0.003	0.003	201	0	201	201	
0.4	0.5	39	132	23	4	87	2784	88	2816	0.003	0	0.003	0.003	32	0	32	32	
0.4	0.5	52	133	35	4	60	7500	61	7625	0.003	0	0.003	0.003	125	0	125	125	
0.4	0.5	37	134	30	4	48	4436	50	4630	0.00664	0.0035327	0.003	0.01	92.6	8.36904	77	97	
0.4	0.5	28	135	10	4	81	6317	81	6397	0.00464197	0.00298458	0.003	0.01	78.9753	12.492	77	157	
0.4	0.5	50	136	6	4	95	7313	95	7313	0.00336842	0.00157137	0.003	0.01	76.9789	0.205196	75	77	
0.4	0.5	2	137	14	4	100	6304	100	6356	0.003	0	0.003	0.003	63.56	23.4656	49	101	
0.4	0.5	22	138	3	4	55	4135	56	4212	0.00875	0.00270521	0.003	0.01	75.2143	3.86459	67	77	
0.4	0.5	33	139	8	4	100	32404	100	32404	0.003	0	0.003	0.003	324.04	3.81893	309	325	
0.4	0.5	6	140	18	4	82	6314	82	6314	0.00445122	0.00285516	0.003	0.01	77	0	77	77	
0.4	0.5	2	141	2	4	100	20528	100	20692	0.003	0	0.003	0.003	206.92	74.0068	161	325	
0.4	0.5	1	142	12	4	85	6545	86	6622	0.003	0	0.003	0.003	77	0	77	77	
0.4	0.5	22	143	2	4	75	9039	76	9164	0.00530263	0.00331067	0.003	0.01	120.579	10.2778	97	125	
0.4	0.5	37	144	20	4	71	8873	72	8998	0.00309722	0.000824958	0.003	0.01	124.972	0.235702	123	125	
0.4	0.5	14	145	4	4	94	56118	94	56118	0.00344681	0.00172032	0.003	0.01	597	0	597	597	
0.4	0.5	39	146	22	4	84	5628	85	5695	0.00308235	0.000759257	0.003	0.01	67	0	67	67	
0.4	0.5	41	147	6	4	63	3087	63	3087	0.003	0	0.003	0.003	49	0	49	49	
0.4	0.5	37	148	23	4	69	3381	70	3430	0.003	0	0.003	0.003	49	0	49	49	
0.4	0.5	21	149	13	4	91	21927	91	21795	0.00369231	0.00210128	0.003	0.01	239.505	86.1764	161	389	
0.4	0.5	17	150	4	4	100	13699	100	13699	0.003	0	0.003	0.003	136.99	0.1	136	137	
0.4	0.5	54	151	6	4	88	22263	88	22263	0.00395454	0.00241599	0.003	0.01	252.989	0.1066	252	253	
0.4	0.5	17	152	8	4	100	74900	100	74900	0.003	0	0.003	0.003	749	0	749	749	
0.4	0.5	2	153	9	4	100	4199	99	4167	0.003	0	0.003	0.003	42.0909	16.5622	32	69	
0.4	0.5	16	154	2	4	100	99900	100	99900	0.003	0	0.003	0.003	999	0	999	999	
0.4	0.5	2	155	6	4	100	15956	100	16084	0.003	0	0.003	0.003	160.84	57.7614	125	253	
0.4	0.5	41	156	8	4	52	4004	52	4004	0.00569231	0.00343876	0.003	0.01	77	0	77	77	
0.4	0.5	28	157	3	4	100	10116	100	10220	0.003	0	0.003	0.003	102.2	22.7805	97	201	
0.4	0.5	38	158	2	4	83	13031	81	12717	0.00446913	0.0028683	0.003	0.01	157	0	157	157	
0.4	0.5	28	159	14	4	100	6980	100	7050	0.003	0	0.003	0.003	70.5	15.333	67	137	
0.4	0.5	57	160	5	4	100	25300	100	25300	0.003	0	0.003	0.003	253	0	253	253	
0.4	0.5	26	161	2	4	99	38511	99	38511	0.00307071	0.000703526	0.003	0.01	389	0	389	389	
0.4	0.5	27	162	2	4	100	74900	100	74900	0.003	0	0.003	0.003	749	0	749	749	
0.4	0.5	52	163	9	4	62	4154	62	4154	0.003	0	0.003	0.003	67	0	67	67	
0.4	0.5	37	164	5	4	73	27226	72	26853	0.003	0	0.003	0.003	372.958	0.262034	371	373	
0.4	0.5	28	165	5	4	100	15924	100	16080	0.003	0	0.003	0.003	160.8	34.1707	153	309	
0.4	0.5	44	166	8	4	84	12034	85	12159	0.00431765	0.00275254	0.003	0.01	143.047	44.8447	123	253	
0.4	0.5	52	167	38	4	61	2989	62	3038	0.003	0	0.003	0.003	49	0	49	49	
0.4	0.5	6	168	7	4	55	8135	56	8288	0.00875	0.00270521	0.003	0.01	148	10.8209	125	153	
0.4	0.5	52	169	15	4	61	7623	61	7623	0.003	0	0.003	0.003	124.967	0.256074	123	125	
0.4	0.5	8	170	4	4	100	30100	100	30100	0.003	0	0.003	0.003	301	0	301	301	
0.4	0.5	22	171	14	4	93	17021	94	17214	0.00359574	0.00196375	0.003	0.01	183.128	14.8594	161	193	
0.4	0.5	39	172	2	4	75	12042	76	12203	0.00392105	0.00238195	0.003	0.01	160.566	1.79878	153	161	
0.4	0.5	55	173	13	4	100	16100	100	16100	0.003	0	0.003	0.003	161	0	161	161	
0.4	0.5	21	174	2	4	100	50460	100	50084	0.003	0	0.003	0.003	500.84	179.012	373	749	
0.4	0.5	55	175	12	4	56	4312	54	4158	0.00883333	0.00263324	0.003	0.01	77	0	77	77	
0.4	0.5	41	176	20	4	60	3768	59	3719	0.00394915	0.00241706	0.003	0.01	63.0339	7.52459	49	67	
0.4	0.5	44	177	12	4	100	45196	100	45196	0.003	0	0.003	0.003	451.96	153.919	373	749	
0.4	0.5	24	178	6	4	86	5762	86	5762	0.003	0	0.003	0.003	67	0	67	67	
0.4	0.5	2	179	8	4	86	15598	86	15754	0.00413953	0.00259938	0.003	0.01	183.186	60.8107	153	325	
0.4	0.5	6	180	2	4	100	23300	100	23300	0.003	0	0.003	0.003	233	0	233	233	
0.4	0.5	23	181	6	4	100	46900	100	46900	0.003	0	0.003	0.003	469	0	469	469	
0.4	0.5	39	182	24	4	86	13158	86	13158	0.003	0	0.003	0.003	153	0	153	153	
0.4	0.5	22	183	1	4	100	15300	100	15300	0.003	0	0.003	0.003	153	0	153	153	
0.4	0.5	16	184	4	4	100	34900	100	34900	0.003	0	0.003	0.003	349	0	349	349	
0.4	0.5	6	185	3	4	97	36178	97	36178	0.00321649	0.00121815	0.003	0.01	372.969	0.174022	372	373	
0.4	0.5	30	186	3	4	100	59700	100	59700	0.003	0	0.003	0.003	597	0	597	597	
0.4	0.5	41	187	37	4	62	9982	63	10143	0.003	0	0.003	0.003	161	0	161	161	
0.4	0.5	10	188	5	4	100	38900	100	38900	0.003	0	0.003	0.003	389	0	389	389	
0.4	0.5	8	189	9	4	100	19300	100	19300	0.003	0	0.003	0.003	193	0	193	193	
0.4	0.5	44	190	13	4	54	5342	56	5536	0.008625	0.00280624	0.003	0.01	98.8571	13.8976	97	201	
0.4	0.5	2	191	12	4	100	19512	100	19668	0.003	0	0.003	0.003	196.68	70.3967	153	309	
0.4	0.5	42	192	7	4	100	15300	100	15300	0.003	0	0.003	0.003	153	0	153	153	
0.4	0.5	41	193	21	4	63	12031	63	12031	0.00344444	0.00172063	0.003	0.01	190.968	7.86574	161	193	
0.4	0.5	20	194	6	4	99	17623	99	17879	0.00307071	0.000703526	0.003	0.01	180.596	63.7687	125	253	
0.4	0.5	52	195	36	4	61	2989	62	3038	0.003	0	0.003	0.003	49	0	49	49	
0.4	0.5	13	196	5	4	100	105600	100	105600	0.003	0	0.003	0.003	1056	0	1056	1056	
0.4	0.5	51	197	2	4	100	14420	100	14420	0.003	0	0.003	0.003	144.2	21.7088	137	209	
0.4	0.5	34	198	19	4	100	23300	100	23300	0.003	0	0.003	0.003	233	0	233	233	
0.4	0.5	50	199	3	4	100	37300	100	37300	0.003	0	0.003	0.003	373	0	373	373	
0.4	0.5	52	200	14	4	60	9660	60	9660	0.003	0	0.003	0.003	161	0	161	161	
0.4	0.5	17	201	1	4	100	46900	100	46900	0.003	0	0.003	0.003	469	0	469	469	
0.4	0.5	53	202	7	4	100	108348	100	108348	0.003	0	0.003	0.003	1083.48	45.8272	903	1095	
0.4	0.5	41	203	25	4	64	3136	63	3087	0.003	0	0.003	0.003	49	0	49	49	
0.4	0.5	49	204	5	4	100	13700	100	13700	0.003	0	0.003	0.003	137	0	137	137	
0.4	0.5	35	205	2	4	100	32500	100	32500	0.003	0	0.003	0.003	325	0	325	325	
0.4	0.5	38	206	11	4	100	25300	100	25300	0.003	0	0.003	0.003	253	0	253	253	
0.4	0.5	35	207	4	4	94	14756	94	14756	0.00337234	0.00157933	0.003	0.01	156.979	0.206284	155	157	
0.4	0.5	17	208	5	4	100	15700	100	15700	0.003	0	0.003	0.003	157	0	157	157	
0.4	0.5	1	209	3	4	83	10375	83	10375	0.00451807	0.00290232	0.003	0.01	125	0	125	125	
0.4	0.5	12	210	2	4	50	19450	51	19839	0.01	0	0.01	0.01	389	0	389	389	
0.4	0.5	39	211	26	4	74	11913	74	11914	0.00404054	0.00250719	0.003	0.01	161	0	161	161	
0.4	0.5	52	212	34	4	61	9821	62	9982	0.003	0	0.003	0.003	161	0	161	161	
0.4	0.5	4	213	10	4	100	74900	100	74900	0.003	0	0.003	0.003	749	0	749	749	
0.4	0.5	37	214	12	4	74	22274	73	21973	0.003	0	0.003	0.003	301	0	301	301	
0.4	0.5	33	215	1	4	100	38516	100	38516	0.003	0	0.003	0.003	385.16	15.2757	325	389	
0.4	0.5	28	216	8	4	54	8262	54	8262	0.00922222	0.00222054	0.003	0.01	153	0	153	153	
0.4	0.5	7	217	1	4	100	55636	100	55412	0.003	0	0.003	0.003	554.12	109.274	469	693	
0.4	0.5	44	218	6	4	100	15188	100	15188	0.003	0	0.003	0.003	151.88	52.3981	125	253	
0.4	0.5	13	219	1	4	100	30100	100	30100	0.003	0	0.003	0.003	301	0	301	301	
0.4	0.5	21	220	1	4	65	6945	64	6704	0.00660937	0.00352595	0.003	0.01	104.75	31.3252	77	201	
0.4	0.5	50	221	11	4	95	9215	95	9215	0.00336842	0.00157137	0.003	0.01	97	0	97	97	
0.4	0.5	23	222	5	4	100	13700	100	13700	0.003	0	0.003	0.003	137	0	137	137	
0.4	0.5	49	223	8	4	100	32500	100	32500	0.003	0	0.003	0.003	325	0	325	325	
0.4	0.5	12	224	10	4	100	31924	100	31940	0.003	0	0.003	0.003	319.4	7.66996	309	325	
0.4	0.5	25	225	4	4	100	51700	100	51700	0.003	0	0.003	0.003	517	0	517	517	
0.4	0.5	16	226	3	4	100	64498	100	64498	0.003	0	0.003	0.003	644.98	0.2	643	645	
0.4	0.5	21	227	12	4	63	13275	64	13584	0.0069375	0.0035	0.003	0.01	212.25	73.6008	153	389	
0.4	0.5	8	228	2	4	100	12500	100	12500	0.003	0	0.003	0.003	125	0	125	125	
0.4	0.5	41	229	41	4	63	1386	63	1386	0.003	0	0.003	0.003	22	0	22	22	
0.4	0.5	41	230	24	4	64	4928	63	4851	0.003	0	0.003	0.003	77	0	77	77	
0.4	0.5	50	231	13	4	100	23294	100	23294	0.003	0	0.003	0.003	232.94	0.342893	231	233	
0.4	0.5	10	232	4	4	100	48500	100	48500	0.003	0	0.003	0.003	485	0	485	485	
0.4	0.5	17	233	3	4	100	13700	100	13700	0.003	0	0.003	0.003	137	0	137	137	
0.4	0.5	8	234	11	4	100	6700	100	6700	0.003	0	0.003	0.003	67	0	67	67	
0.4	0.5	50	235	12	4	96	17536	96	17568	0.00329167	0.00140613	0.003	0.01	183	14.9103	161	193	
0.4	0.5	51	236	1	4	62	14802	63	15055	0.00722222	0.00345218	0.003	0.01	238.968	23.267	201	253	
0.4	0.5	39	237	5	4	87	14007	86	13846	0.003	0	0.003	0.003	161	0	161	161	
0.4	0.5	52	238	43	4	58	4466	58	4466	0.00324138	0.00128841	0.003	0.01	77	0	77	77	
0.4	0.5	12	239	5	4	100	74900	100	74900	0.003	0	0.003	0.003	749	0	749	749	
0.4	0.5	31	240	5	4	100	45300	100	45300	0.003	0	0.003	0.003	453	0	453	453	
0.4	0.5	5	241	20	4	52	7956	52	7956	0.003	0	0.003	0.003	153	0	153	153	
0.4	0.5	27	242	7	4	100	30900	100	30900	0.003	0	0.003	0.003	309	0	309	309	
0.4	0.5	39	243	17	4	86	10748	86	10748	0.003	0	0.003	0.003	124.977	0.215666	123	125	
0.4	0.5	28	244	6	4	82	7954	83	8051	0.00460241	0.00295882	0.003	0.01	97	0	97	97	
0.4	0.5	55	245	19	4	100	26900	100	26900	0.003	0	0.003	0.003	269	0	269	269	
0.4	0.5	53	246	2	4	100	38898	100	38898	0.003	0	0.003	0.003	388.98	0.2	387	389	
0.4	0.5	41	247	40	4	61	2937	61	2937	0.00322951	0.00125689	0.003	0.01	48.1475	3.70511	32	49	
0.4	0.5	43	248	1	4	100	12498	100	12498	0.003	0	0.003	0.003	124.98	0.2	123	125	
0.4	0.5	21	249	10	4	95	14231	95	14127	0.00336842	0.00157137	0.003	0.01	148.705	48.5263	97	253	
0.4	0.5	50	250	4	4	100	6700	100	6700	0.003	0	0.003	0.003	67	0	67	67	
0.4	0.5	52	251	28	4	42	4074	42	4074	0.00666667	0.00353841	0.003	0.01	97	0	97	97	
0.4	0.5	30	252	7	4	100	80700	100	80700	0.003	0	0.003	0.003	807	0	807	807	
0.4	0.5	55	253	17	4	66	15378	65	15145	0.00666154	0.00352348	0.003	0.01	233	0	233	233	
0.4	0.5	41	254	4	4	63	6111	63	6111	0.003	0	0.003	0.003	97	0	97	97	
0.4	0.5	21	255	9	4	100	4495	100	4458	0.003	0	0.003	0.003	44.58	17.6155	32	69	
0.4	0.5	8	256	16	4	100	12498	100	12498	0.003	0	0.003	0.003	124.98	0.2	123	125	
0.4	0.5	9	257	8	4	100	38900	100	38900	0.003	0	0.003	0.003	389	0	389	389	
0.4	0.5	4	258	3	4	100	13700	100	13700	0.003	0	0.003	0.003	137	0	137	137	
0.4	0.5	39	259	29	4	86	8341	86	8341	0.003	0	0.003	0.003	96.9884	0.107833	96	97	
0.4	0.5	34	260	10	4	100	26900	100	26900	0.003	0	0.003	0.003	269	0	269	269	
0.4	0.5	52	261	25	4	59	1888	59	1888	0.003	0	0.003	0.003	32	0	32	32	
0.4	0.5	12	262	7	4	100	30900	100	30900	0.003	0	0.003	0.003	309	0	309	309	
0.4	0.5	37	263	10	4	74	4958	73	4891	0.003	0	0.003	0.003	67	0	67	67	
0.4	0.5	40	264	4	4	81	15137	79	14735	0.00468354	0.00301085	0.003	0.01	186.519	20.8073	157	201	
0.4	0.5	52	265	45	4	63	10143	62	9982	0.003	0	0.003	0.003	161	0	161	161	
0.4	0.5	7	266	5	4	100	30604	100	30468	0.003	0	0.003	0.003	304.68	66.3451	253	389	
0.4	0.5	9	267	5	4	100	74900	100	74900	0.003	0	0.003	0.003	749	0	749	749	
0.4	0.5	48	268	6	4	100	64500	100	64500	0.003	0	0.003	0.003	645	0	645	645	
0.4	0.5	41	269	5	4	64	6208	63	6111	0.003	0	0.003	0.003	97	0	97	97	
0.4	0.5	39	270	25	4	86	4214	87	4263	0.003	0	0.003	0.003	49	0	49	49	
0.4	0.5	27	271	8	4	100	18690	100	18690	0.003	0	0.003	0.003	186.9	20.6155	157	201	
0.4	0.5	20	272	7	4	100	27532	100	27924	0.003	0	0.003	0.003	279.24	97.782	193	389	
0.4	0.5	55	273	6	4	100	19300	100	19300	0.003	0	0.003	0.003	193	0	193	193	
0.4	0.5	1	274	16	4	86	16598	85	16405	0.003	0	0.003	0.003	193	0	193	193	
0.4	0.5	39	275	14	4	86	6622	86	6622	0.003	0	0.003	0.003	77	0	77	77	
0.4	0.5	4	276	7	4	78	19734	76	19228	0.0048421	0.00310291	0.003	0.01	253	0	253	253	
0.4	0.5	53	277	6	4	100	69299	100	69299	0.003	0	0.003	0.003	692.99	0.1	692	693	
0.4	0.5	40	278	9	4	99	51039	99	50911	0.00307071	0.000703526	0.003	0.01	514.253	29.275	469	533	
0.4	0.5	1	279	8	4	50	10810	52	11052	0.00757692	0.00336269	0.003	0.01	212.538	30.8179	161	233	
0.4	0.5	18	280	1	4	100	80700	100	80700	0.003	0	0.003	0.003	807	0	807	807	
0.4	0.5	1	281	19	4	100	6700	100	6700	0.003	0	0.003	0.003	67	0	67	67	
0.4	0.5	18	282	4	4	100	50100	100	50100	0.003	0	0.003	0.003	501	0	501	501	
0.4	0.5	42	283	1	4	100	48500	100	48500	0.003	0	0.003	0.003	485	0	485	485	
0.4	0.5	34	284	12	4	100	6700	100	6700	0.003	0	0.003	0.003	67	0	67	67	
0.4	0.5	48	285	1	4	100	64500	100	64500	0.003	0	0.003	0.003	645	0	645	645	
0.4	0.5	46	286	5	4	100	64500	100	64500	0.003	0	0.003	0.003	645	0	645	645	
0.4	0.5	20	287	1	4	100	53092	100	53844	0.003	0	0.003	0.003	538.44	187.582	373	749	
0.4	0.5	21	288	4	4	61	9345	59	8731	0.00750847	0.00338033	0.003	0.01	147.983	37.0989	97	325	
0.4	0.5	42	289	2	4	100	105600	100	105600	0.003	0	0.003	0.003	1056	0	1056	1056	
0.4	0.5	52	290	5	4	61	7625	60	7500	0.003	0	0.003	0.003	125	0	125	125	
0.4	0.5	21	291	8	4	100	13340	100	13236	0.003	0	0.003	0.003	132.36	49.5139	97	201	
0.4	0.5	35	292	3	4	50	7850	49	7693	0.01	0	0.01	0.01	157	0	157	157	
0.4	0.5	1	293	25	4	58	6746	58	6774	0.0065	0.00353057	0.003	0.01	116.793	12.8565	97	125	
0.4	0.5	54	294	10	4	100	20100	100	20100	0.003	0	0.003	0.003	201	0	201	201	
0.4	0.5	46	295	1	4	53	14681	53	14681	0.00907547	0.00239269	0.003	0.01	277	0	277	277	
0.4	0.5	53	296	8	4	70	21070	72	21672	0.00581944	0.00345729	0.003	0.01	301	0	301	301	
0.4	0.5	27	297	6	4	100	32500	100	32500	0.003	0	0.003	0.003	325	0	325	325	
0.4	0.5	37	298	25	4	69	5313	70	5390	0.003	0	0.003	0.003	77	0	77	77	
0.4	0.5	32	299	7	4	100	25300	100	25300	0.003	0	0.003	0.003	253	0	253	253	
0.4	0.5	2	300	1	4	100	8590	100	8660	0.003	0	0.003	0.003	86.6	31.5883	67	137	
0.4	0.5	12	301	6	4	100	20100	100	20100	0.003	0	0.003	0.003	201	0	201	201	
0.4	0.5	43	302	13	4	100	9700	100	9700	0.003	0	0.003	0.003	97	0	97	97	
0.4	0.5	22	303	12	4	100	12499	100	12499	0.003	0	0.003	0.003	124.99	0.1	124	125	
0.4	0.5	33	304	5	4	100	25300	100	25300	0.003	0	0.003	0.003	253	0	253	253	
0.4	0.5	52	305	40	4	59	2891	60	2940	0.003	0	0.003	0.003	49	0	49	49	
0.4	0.5	52	306	13	4	60	2940	60	2940	0.003	0	0.003	0.003	49	0	49	49	
0.4	0.5	40	307	5	4	99	42349	99	42349	0.00307071	0.000703526	0.003	0.01	427.768	40.1647	389	469	
0.4	0.5	9	308	3	4	100	46420	100	46420	0.003	0	0.003	0.003	464.2	19.0947	389	469	
0.4	0.5	33	309	4	4	99	74151	99	74151	0.00307071	0.000703526	0.003	0.01	749	0	749	749	
0.4	0.5	10	310	1	4	100	23300	100	23300	0.003	0	0.003	0.003	233	0	233	233	
0.4	0.5	24	311	26	4	87	23403	87	23403	0.003	0	0.003	0.003	269	0	269	269	
0.4	0.5	42	312	6	4	100	38900	100	38900	0.003	0	0.003	0.003	389	0	389	389	
0.4	0.5	6	313	13	4	100	12500	100	12500	0.003	0	0.003	0.003	125	0	125	125	
0.4	0.5	52	314	39	4	60	11580	61	11773	0.003	0	0.003	0.003	193	0	193	193	
0.4	0.5	9	315	9	4	100	46900	100	46900	0.003	0	0.003	0.003	469	0	469	469	
0.4	0.5	5	316	6	4	51	4947	51	4947	0.003	0	0.003	0.003	97	0	97	97	
0.4	0.5	48	317	5	4	100	62100	100	62100	0.003	0	0.003	0.003	621	0	621	621	
0.4	0.5	25	318	2	4	100	51698	100	51698	0.003	0	0.003	0.003	516.98	0.2	515	517	
0.4	0.5	37	319	16	4	72	3528	72	3528	0.003	0	0.003	0.003	49	0	49	49	
0.4	0.5	5	320	8	4	51	3417	51	3417	0.003	0	0.003	0.003	67	0	67	67	
0.4	0.5	43	321	3	4	100	12500	100	12500	0.003	0	0.003	0.003	125	0	125	125	
0.4	0.5	34	322	15	4	95	11873	95	11873	0.00329474	0.00141326	0.003	0.01	124.979	0.205196	123	125	
0.4	0.5	52	323	29	4	59	22007	59	22007	0.003	0	0.003	0.003	373	0	373	373	
0.4	0.5	41	324	33	4	63	2014	63	2014	0.003	0	0.003	0.003	31.9683	0.251976	30	32	
0.4	0.5	20	325	12	4	100	37988	100	38516	0.003	0	0.003	0.003	385.16	131.706	269	533	
0.4	0.5	27	326	1	4	100	15699	100	15699	0.003	0	0.003	0.003	156.99	0.1	156	157	
0.4	0.5	12	327	3	4	100	46900	100	46900	0.003	0	0.003	0.003	469	0	469	469	
0.4	0.5	22	328	13	4	100	12498	100	12498	0.003	0	0.003	0.003	124.98	0.2	123	125	
0.4	0.5	37	329	7	4	70	3428	69	3379	0.003	0	0.003	0.003	48.971	0.240772	47	49	
0.4	0.5	20	330	8	4	98	13664	98	13872	0.00314286	0.000994832	0.003	0.01	141.551	51.7494	95	201	
0.4	0.5	37	331	28	4	72	2304	73	2336	0.003	0	0.003	0.003	32	0	32	32	
0.4	0.5	5	332	31	4	52	3484	52	3484	0.003	0	0.003	0.003	67	0	67	67	
0.4	0.5	7	333	2	4	58	9358	56	9120	0.00825	0.00305852	0.003	0.01	162.857	22.6398	137	233	
0.4	0.5	19	334	6	4	100	25300	100	25300	0.003	0	0.003	0.003	253	0	253	253	
0.4	0.5	46	335	3	4	100	51700	100	51700	0.003	0	0.003	0.003	517	0	517	517	
0.4	0.5	49	336	9	4	100	20100	100	20100	0.003	0	0.003	0.003	201	0	201	201	
0.4	0.5	21	337	7	4	100	20088	100	19960	0.003	0	0.003	0.003	199.6	72.263	125	309	
0.4	0.5	41	338	11	4	60	4620	60	4620	0.00335	0.00153849	0.003	0.01	77	0	77	77	
0.4	0.5	24	339	17	4	87	32451	86	32078	0.003	0	0.003	0.003	373	0	373	373	
0.4	0.5	51	340	7	4	100	56038	100	56038	0.003	0	0.003	0.003	560.38	82.6211	531	807	
0.4	0.5	4	341	1	4	100	74900	100	74900	0.003	0	0.003	0.003	749	0	749	749	
0.4	0.5	43	342	2	4	100	16100	100	16100	0.003	0	0.003	0.003	161	0	161	161	
0.4	0.5	54	343	11	4	100	46900	100	46900	0.003	0	0.003	0.003	469	0	469	469	
0.4	0.5	38	344	3	4	100	10100	100	10100	0.003	0	0.003	0.003	101	0	101	101	
0.4	0.5	34	345	9	4	100	19300	100	19300	0.003	0	0.003	0.003	193	0	193	193	
0.4	0.5	14	346	3	4	99	88629	99	88629	0.00307071	0.000703526	0.003	0.01	895.242	30.697	775	903	
0.4	0.5	52	347	1	4	60	5820	59	5723	0.003	0	0.003	0.003	97	0	97	97	
0.4	0.5	34	348	1	4	100	6700	100	6700	0.003	0	0.003	0.003	67	0	67	67	
0.4	0.5	32	349	5	4	100	25300	100	25300	0.003	0	0.003	0.003	253	0	253	253	
0.4	0.5	48	350	4	4	100	105600	100	105600	0.003	0	0.003	0.003	1056	0	1056	1056	
0.4	0.5	39	351	10	4	88	2815	87	2783	0.003	0	0.003	0.003	31.9885	0.107211	31	32	
0.4	0.5	37	352	4	4	70	2240	69	2208	0.003	0	0.003	0.003	32	0	32	32	
0.4	0.5	18	353	5	4	100	34900	100	34900	0.003	0	0.003	0.003	349	0	349	349	
0.4	0.5	24	354	25	4	86	8342	86	8342	0.003	0	0.003	0.003	97	0	97	97	
0.4	0.5	30	355	5	4	100	30100	100	30100	0.003	0	0.003	0.003	301	0	301	301	
0.4	0.5	16	356	1	4	100	77499	100	77499	0.003	0	0.003	0.003	774.99	0.1	774	775	
0.4	0.5	8	357	8	4	100	26898	100	26898	0.003	0	0.003	0.003	268.98	0.2	267	269	
0.4	0.5	50	358	5	4	91	8787	89	8593	0.00362921	0.00201349	0.003	0.01	96.5506	2.98104	77	97	
0.4	0.5	53	359	5	4	100	69300	100	69300	0.003	0	0.003	0.003	693	0	693	693	
0.4	0.5	37	360	11	4	70	21070	69	20769	0.003	0	0.003	0.003	301	0	301	301	
0.4	0.5	35	361	1	4	100	62100	100	62100	0.003	0	0.003	0.003	621	0	621	621	
0.4	0.5	28	362	2	4	97	9825	97	9929	0.00314433	0.000999893	0.003	0.01	102.361	23.1148	97	201	
0.4	0.5	35	363	7	4	100	46900	100	46900	0.003	0	0.003	0.003	469	0	469	469	
0.4	0.5	51	364	3	4	100	34100	100	34100	0.003	0	0.003	0.003	341	48.2418	325	485	
0.4	0.5	13	365	2	4	100	105600	100	105600	0.003	0	0.003	0.003	1056	0	1056	1056	
0.4	0.5	39	366	16	4	85	2720	85	2720	0.003	0	0.003	0.003	32	0	32	32	
0.4	0.5	55	367	14	4	99	4851	100	4900	0.00307	0.0007	0.003	0.01	49	0	49	49	
0.4	0.5	41	368	16	4	62	4154	62	4154	0.003	0	0.003	0.003	67	0	67	67	
0.4	0.5	3	369	6	4	92	34187	92	34187	0.00368478	0.00209095	0.003	0.01	371.598	56.5075	277	405	
0.4	0.5	28	370	4	4	95	22607	95	22843	0.00336842	0.00157137	0.003	0.01	240.453	41.4897	233	469	
0.4	0.5	22	371	10	4	74	11786	76	12108	0.00539474	0.00334297	0.003	0.01	159.316	3.28313	153	161	
0.4	0.5	52	372	10	4	60	1920	60	1920	0.003	0	0.003	0.003	32	0	32	32	
0.4	0.5	52	373	16	4	58	2791	57	2742	0.00349123	0.00180399	0.003	0.01	48.1053	3.82979	32	49	
0.4	0.5	35	374	9	4	100	13700	100	13700	0.003	0	0.003	0.003	137	0	137	137	
0.4	0.5	54	375	7	4	100	25299	100	25299	0.003	0	0.003	0.003	252.99	0.1	252	253	
0.4	0.5	32	376	10	4	100	20100	100	20100	0.003	0	0.003	0.003	201	0	201	201	
0.4	0.5	33	377	3	4	100	32403	100	32403	0.003	0	0.003	0.003	324.03	3.8598	308	325	
0.4	0.5	35	378	6	4	100	25300	100	25300	0.003	0	0.003	0.003	253	0	253	253	
0.4	0.5	37	379	36	4	70	1538	69	1516	0.003	0	0.003	0.003	21.971	0.240772	20	22	
0.4	0.5	24	380	10	4	85	16405	86	16598	0.003	0	0.003	0.003	193	0	193	193	
0.4	0.5	34	381	13	4	100	6700	100	6700	0.003	0	0.003	0.003	67	0	67	67	
0.4	0.5	7	382	4	4	100	30604	100	30468	0.003	0	0.003	0.003	304.68	66.3451	253	389	
0.4	0.5	2	383	7	4	100	29672	100	29908	0.003	0	0.003	0.003	299.08	106.498	233	469	
0.4	0.5	31	384	2	4	100	59700	100	59700	0.003	0	0.003	0.003	597	0	597	597	
0.4	0.5	24	385	29	4	86	6622	86	6622	0.003	0	0.003	0.003	77	0	77	77	
0.4	0.5	20	386	10	4	98	21233	98	21545	0.00314286	0.000994832	0.003	0.01	219.847	77.5851	153	309	
0.4	0.5	39	387	1	4	83	5093	83	5093	0.00325301	0.00131449	0.003	0.01	61.3614	8.39945	49	67	
0.4	0.5	10	388	2	4	100	30100	100	30100	0.003	0	0.003	0.003	301	0	301	301	
0.4	0.5	45	389	2	4	100	23636	100	23636	0.003	0	0.003	0.003	236.36	24.379	201	253	
0.4	0.5	17	390	7	4	100	13700	100	13700	0.003	0	0.003	0.003	137	0	137	137	
0.4	0.5	12	391	1	4	61	9577	64	10048	0.00726562	0.00344223	0.003	0.01	157	0	157	157	
0.4	0.5	42	392	5	4	100	10500	98	10290	0.003	0	0.003	0.003	105	0	105	105	
0.4	0.5	36	393	3	4	100	30100	100	30100	0.003	0	0.003	0.003	301	0	301	301	
0.4	0.5	24	394	16	4	87	20271	86	20038	0.003	0	0.003	0.003	233	0	233	233	
0.4	0.5	33	395	7	4	100	38900	100	38900	0.003	0	0.003	0.003	389	0	389	389	
0.4	0.5	56	396	4	4	100	99900	100	99900	0.003	0	0.003	0.003	999	0	999	999	
0.4	0.5	3	397	2	4	100	64500	100	64500	0.003	0	0.003	0.003	645	0	645	645	
0.4	0.5	31	398	3	4	100	42227	100	42228	0.003	0	0.003	0.003	422.28	32.1355	389	453	
0.4	0.5	41	399	7	4	63	3087	63	3087	0.00311111	0.000881917	0.003	0.01	49	0	49	49	
0.4	0.5	44	400	5	4	100	8170	100	8170	0.003	0	0.003	0.003	81.7	28.6552	67	137	
0.4	0.5	57	401	4	4	100	15700	100	15700	0.003	0	0.003	0.003	157	0	157	157	
0.4	0.5	20	402	13	4	100	17876	100	18132	0.003	0	0.003	0.003	181.32	63.8576	125	253	
0.4	0.5	9	403	2	4	100	25300	100	25300	0.003	0	0.003	0.003	253	0	253	253	
0.4	0.5	6	404	19	4	99	7623	99	7623	0.003	0	0.003	0.003	77	0	77	77	
0.4	0.5	37	405	1	4	74	9250	73	9125	0.003	0	0.003	0.003	125	0	125	125	
0.4	0.5	7	406	9	4	72	20788	72	20652	0.00572222	0.00343643	0.003	0.01	286.833	61.1548	201	389	
0.4	0.5	6	407	12	4	100	15300	100	15300	0.003	0	0.003	0.003	153	0	153	153	
0.4	0.5	12	408	8	4	100	13700	100	13700	0.003	0	0.003	0.003	137	0	137	137	
0.4	0.5	45	409	9	4	100	25300	100	25300	0.003	0	0.003	0.003	253	0	253	253	
0.4	0.5	34	410	11	4	100	6700	100	6700	0.003	0	0.003	0.003	67	0	67	67	
0.4	0.5	37	411	32	4	69	5313	70	5390	0.003	0	0.003	0.003	77	0	77	77	
0.4	0.5	52	412	44	4	62	9982	62	9982	0.003	0	0.003	0.003	161	0	161	161	
0.4	0.5	39	413	21	4	84	31332	85	31705	0.003	0	0.003	0.003	373	0	373	373	
0.4	0.5	33	414	9	4	100	46420	100	46420	0.003	0	0.003	0.003	464.2	19.0947	389	469	
0.4	0.5	38	415	5	4	100	25300	100	25300	0.003	0	0.003	0.003	253	0	253	253	
0.4	0.5	55	416	11	4	100	6700	100	6700	0.003	0	0.003	0.003	67	0	67	67	
0.4	0.5	6	417	10	4	100	23300	100	23300	0.003	0	0.003	0.003	233	0	233	233	
0.4	0.5	28	418	13	4	91	9139	92	9236	0.00376087	0.00219074	0.003	0.01	100.391	18.5727	97	201	
0.4	0.5	54	419	2	4	100	10100	100	10100	0.003	0	0.003	0.003	101	0	101	101	
0.4	0.5	31	420	8	4	100	105924	100	106002	0.003	0	0.003	0.003	1060.02	11.78	1056	1095	
0.4	0.5	24	421	21	4	87	13311	86	13158	0.003	0	0.003	0.003	153	0	153	153	
0.4	0.5	20	422	2	4	99	9501	99	9641	0.00307071	0.000703526	0.003	0.01	97.3838	34.8509	67	137	
0.4	0.5	41	423	42	4	62	3038	63	3087	0.003	0	0.003	0.003	49	0	49	49	
0.4	0.5	40	424	6	4	99	40941	99	40941	0.00307071	0.000703526	0.003	0.01	413.545	39.5163	325	469	
0.4	0.5	37	425	29	4	72	11016	73	11169	0.003	0	0.003	0.003	153	0	153	153	
0.4	0.5	8	426	1	4	100	16100	100	16100	0.003	0	0.003	0.003	161	0	161	161	
0.4	0.5	29	427	3	4	84	42084	83	41583	0.0043494	0.00277811	0.003	0.01	501	0	501	501	
0.4	0.5	19	428	3	4	100	32499	100	32499	0.003	0	0.003	0.003	324.99	0.1	324	325	
0.4	0.5	52	429	11	4	59	9499	59	9499	0.003	0	0.003	0.003	161	0	161	161	
0.4	0.5	40	430	10	4	58	8746	60	9040	0.00778333	0.00328371	0.003	0.01	150.667	9.38204	137	157	
0.4	0.5	44	431	10	4	100	28256	100	28256	0.003	0	0.003	0.003	282.56	96.609	233	469	
0.4	0.5	17	432	6	4	94	14758	94	14758	0.00344681	0.00172032	0.003	0.01	157	0	157	157	
0.4	0.5	2	433	13	4	78	7662	79	7759	0.00503797	0.00320033	0.003	0.01	98.2152	27.5372	77	201	
0.4	0.5	11	434	2	4	95	58179	95	58179	0.00336842	0.00157137	0.003	0.01	612.411	36.0282	573	645	
0.4	0.5	10	435	7	4	100	23300	100	23300	0.003	0	0.003	0.003	233	0	233	233	
0.4	0.5	36	436	6	4	100	38900	100	38900	0.003	0	0.003	0.003	389	0	389	389	
0.4	0.5	39	437	3	4	85	5695	85	5695	0.003	0	0.003	0.003	67	0	67	67	
0.4	0.5	38	438	1	4	100	38900	100	38900	0.003	0	0.003	0.003	389	0	389	389	
0.4	0.5	24	439	9	4	85	10625	86	10750	0.003	0	0.003	0.003	125	0	125	125	
0.4	0.5	55	440	20	4	100	3200	100	3200	0.003	0	0.003	0.003	32	0	32	32	
0.4	0.5	22	441	11	4	91	8827	92	8924	0.00368478	0.00209095	0.003	0.01	97	0	97	97	
0.4	0.5	36	442	5	4	100	59700	100	59700	0.003	0	0.003	0.003	597	0	597	597	
0.4	0.5	55	443	10	4	100	23300	100	23300	0.003	0	0.003	0.003	233	0	233	233	
0.4	0.5	25	444	6	4	100	27698	100	27698	0.003	0	0.003	0.003	276.98	0.2	275	277	
0.4	0.5	38	445	7	4	100	30900	100	30900	0.003	0	0.003	0.003	309	0	309	309	
0.4	0.5	55	446	23	4	100	6700	100	6700	0.003	0	0.003	0.003	67	0	67	67	
0.4	0.5	36	447	7	4	100	20898	100	20898	0.003	0	0.003	0.003	208.98	0.2	207	209	
0.4	0.5	12	448	9	4	100	23428	100	23480	0.003	0	0.003	0.003	234.8	24.9274	201	253	
0.4	0.5	50	449	10	4	71	7603	73	7853	0.00578082	0.00344902	0.003	0.01	107.575	14.6116	77	125	
0.4	0.5	41	450	23	4	63	11423	61	11037	0.00322951	0.00125689	0.003	0.01	180.934	15.6374	161	193	
0.4	0.5	19	451	5	4	100	53298	100	53298	0.003	0	0.003	0.003	532.98	0.2	531	533	
0.4	0.5	52	452	22	4	59	15871	59	15871	0.003	0	0.003	0.003	269	0	269	269	
0.4	0.5	11	453	1	4	100	105600	100	105600	0.003	0	0.003	0.003	1056	0	1056	1056	
0.4	0.5	44	454	7	4	100	36820	100	36820	0.003	0	0.003	0.003	368.2	130.995	301	621	
0.4	0.5	20	455	4	4	73	6381	76	6612	0.00567105	0.00342301	0.003	0.01	87	28.519	67	157	
0.4	0.5	32	456	9	4	100	46900	100	46900	0.003	0	0.003	0.003	469	0	469	469	
0.4	0.5	41	457	28	4	63	6111	62	6014	0.003	0	0.003	0.003	97	0	97	97	
0.4	0.5	16	458	5	4	100	50100	100	50100	0.003	0	0.003	0.003	501	0	501	501	
0.4	0.5	15	459	6	4	100	25298	100	25298	0.003	0	0.003	0.003	252.98	0.2	251	253	
0.4	0.5	44	460	11	4	100	32444	100	32444	0.003	0	0.003	0.003	324.44	108.071	269	533	
0.4	0.5	24	461	24	4	86	13158	86	13158	0.003	0	0.003	0.003	153	0	153	153	
0.4	0.5	55	462	21	4	99	4851	99	4851	0.00307071	0.000703526	0.003	0.01	49	0	49	49	
0.4	0.5	7	463	3	4	100	38740	100	38580	0.003	0	0.003	0.003	385.8	78.0531	325	485	
0.4	0.5	4	464	4	4	100	53300	100	53300	0.003	0	0.003	0.003	533	0	533	533	
0.4	0.5	45	465	8	4	100	15699	100	15699	0.003	0	0.003	0.003	156.99	0.1	156	157	
0.4	0.5	41	466	26	4	62	4774	60	4620	0.0037	0.00211772	0.003	0.01	77	0	77	77	
0.4	0.5	40	467	3	4	100	20100	100	20100	0.003	0	0.003	0.003	201	0	201	201	
0.4	0.5	27	468	5	4	100	30004	100	30004	0.003	0	0.003	0.003	300.04	20.6334	253	309	
0.4	0.5	39	469	7	4	86	4214	85	4165	0.003	0	0.003	0.003	49	0	49	49	
0.4	0.5	37	470	33	4	73	1606	74	1628	0.003	0	0.003	0.003	22	0	22	22	
0.4	0.5	4	471	11	4	100	25300	100	25300	0.003	0	0.003	0.003	253	0	253	253	
0.4	0.5	43	472	7	4	100	12498	100	12498	0.003	0	0.003	0.003	124.98	0.2	123	125	
0.4	0.5	40	473	2	4	95	30315	95	30331	0.0034421	0.00171176	0.003	0.01	319.274	7.71079	309	325	
0.4	0.5	44	474	1	4	100	23416	100	23416	0.003	0	0.003	0.003	234.16	80.2346	193	389	
0.4	0.5	5	475	14	4	51	3927	52	4004	0.003	0	0.003	0.003	77	0	77	77	
0.4	0.5	55	476	9	4	100	12500	100	12500	0.003	0	0.003	0.003	125	0	125	125	
0.4	0.5	52	477	3	4	61	2989	60	2940	0.003	0	0.003	0.003	49	0	49	49	
0.4	0.5	5	478	11	4	51	3417	51	3417	0.003	0	0.003	0.003	67	0	67	67	
0.4	0.5	9	479	4	4	100	53300	100	53300	0.003	0	0.003	0.003	533	0	533	533	
0.4	0.5	57	480	10	4	100	30900	100	30900	0.003	0	0.003	0.003	309	0	309	309	
0.4	0.5	41	481	1	4	64	4288	65	4355	0.003	0	0.003	0.003	67	0	67	67	
0.4	0.5	29	482	5	4	80	31120	80	31120	0.00475	0.00305021	0.003	0.01	389	0	389	389	
0.4	0.5	37	483	15	4	69	3380	69	3380	0.003	0	0.003	0.003	48.9855	0.120386	48	49	
0.4	0.5	19	484	10	4	100	38900	100	38900	0.003	0	0.003	0.003	389	0	389	389	
0.4	0.5	14	485	2	4	100	105600	100	105600	0.003	0	0.003	0.003	1056	0	1056	1056	
0.4	0.5	22	486	9	4	100	6700	100	6700	0.003	0	0.003	0.003	67	0	67	67	
0.4	0.5	4	487	12	4	100	20100	100	20100	0.003	0	0.003	0.003	201	0	201	201	
0.4	0.5	52	488	26	4	61	18361	61	18361	0.003	0	0.003	0.003	301	0	301	301	
0.4	0.5	41	489	36	4	62	3038	63	3087	0.003	0	0.003	0.003	49	0	49	49	
0.4	0.5	1	490	1	4	86	8342	86	8342	0.003	0	0.003	0.003	97	0	97	97	
0.4	0.5	41	491	2	4	61	1952	62	1984	0.003	0	0.003	0.003	32	0	32	32	
0.4	0.5	9	492	6	4	100	13700	100	13700	0.003	0	0.003	0.003	137	0	137	137	
0.4	0.5	32	493	8	4	100	30900	100	30900	0.003	0	0.003	0.003	309	0	309	309	
0.4	0.5	9	494	10	4	100	15700	100	15700	0.003	0	0.003	0.003	157	0	157	157	
0.4	0.5	15	495	2	4	87	26547	87	26547	0.00404598	0.00251002	0.003	0.01	305.138	14.2724	253	309	
0.4	0.5	27	496	9	4	100	20100	100	20100	0.003	0	0.003	0.003	201	0	201	201	
0.4	0.5	33	497	2	4	99	45951	99	45951	0.00307071	0.000703526	0.003	0.01	464.152	19.1856	389	469	
0.4	0.5	34	498	14	4	97	6390	97	6390	0.00321649	0.00121815	0.003	0.01	65.8763	4.35712	49	67	
0.4	0.5	50	499	9	4	86	11618	87	11771	0.00412644	0.00258711	0.003	0.01	135.299	13.5802	125	153	
0.4	0.5	37	500	19	4	69	10557	69	10557	0.003	0	0.003	0.003	153	0	153	153	
0.4	0.5	56	501	1	4	100	50100	100	50100	0.003	0	0.003	0.003	501	0	501	501	
0.4	0.5	39	502	4	4	87	2784	86	2752	0.003	0	0.003	0.003	32	0	32	32	
0.4	0.5	48	503	2	4	100	77500	100	77500	0.003	0	0.003	0.003	775	0	775	775	
0.4	0.5	51	504	6	4	100	32340	100	32340	0.003	0	0.003	0.003	323.4	43.4176	309	453	
0.4	0.5	34	505	23	4	100	26900	100	26900	0.003	0	0.003	0.003	269	0	269	269	
0.4	0.5	52	506	31	4	59	5723	59	5723	0.00311864	0.000911322	0.003	0.01	97	0	97	97	
0.4	0.5	33	507	6	4	100	38900	100	38900	0.003	0	0.003	0.003	389	0	389	389	
0.4	0.5	23	508	3	4	100	13700	100	13698	0.003	0	0.003	0.003	136.98	0.2	135	137	
0.4	0.5	13	509	3	4	100	20900	100	20900	0.003	0	0.003	0.003	209	0	209	209	
0.4	0.5	41	510	17	4	64	14912	64	14912	0.003	0	0.003	0.003	233	0	233	233	
0.4	0.5	41	511	3	4	64	6208	64	6208	0.00310937	0.000875	0.003	0.01	97	0	97	97	
0.4	0.5	30	512	2	4	100	69299	100	69299	0.003	0	0.003	0.003	692.99	0.1	692	693	
0.4	0.5	20	513	11	4	58	5717	62	6209	0.00796774	0.00320332	0.003	0.01	100.145	27.7848	76	201	
0.4	0.5	57	514	3	4	88	17688	89	17889	0.00394382	0.00240435	0.003	0.01	201	0	201	201	
0.4	0.5	39	515	27	4	78	6006	79	6083	0.00370886	0.00212526	0.003	0.01	77	0	77	77	
0.4	0.5	37	516	34	4	70	3430	70	3430	0.003	0	0.003	0.003	49	0	49	49	
0.4	0.5	37	517	8	4	73	5620	73	5620	0.003	0	0.003	0.003	76.9863	0.117041	76	77	
0.4	0.5	49	518	6	4	100	15700	100	15700	0.003	0	0.003	0.003	157	0	157	157	
0.4	0.5	47	519	1	4	100	92924	100	92924	0.003	0	0.003	0.003	929.24	22.9136	839	935	
0.4	0.5	50	520	14	4	100	37300	100	37300	0.003	0	0.003	0.003	373	0	373	373	
0.4	0.5	37	521	35	4	74	3626	74	3626	0.003	0	0.003	0.003	49	0	49	49	
0.4	0.5	44	522	2	4	100	28254	100	28254	0.003	0	0.003	0.003	282.54	96.6196	231	469	
0.4	0.5	29	523	4	4	100	105600	100	105600	0.003	0	0.003	0.003	1056	0	1056	1056	
0.4	0.5	32	524	2	4	100	38900	100	38900	0.003	0	0.003	0.003	389	0	389	389	
0.4	0.5	49	525	2	4	100	25299	100	25299	0.003	0	0.003	0.003	252.99	0.1	252	253	
0.4	0.5	2	526	3	4	100	29671	100	29907	0.003	0	0.003	0.003	299.07	106.504	232	469	
0.4	0.5	26	527	4	4	95	61707	95	61707	0.00336842	0.00157137	0.003	0.01	649.547	48.0376	597	693	
0.4	0.5	54	528	3	4	94	23781	95	24034	0.0034421	0.00171176	0.003	0.01	252.989	0.102598	252	253	
0.4	0.5	41	529	30	4	63	3087	62	3038	0.003	0	0.003	0.003	49	0	49	49	
0.4	0.5	52	530	4	4	61	2989	60	2940	0.003	0	0.003	0.003	49	0	49	49	
0.4	0.5	55	531	2	4	100	4898	100	4898	0.003	0	0.003	0.003	48.98	0.2	47	49	
0.4	0.5	57	532	8	4	100	25300	100	25300	0.003	0	0.003	0.003	253	0	253	253	
0.4	0.5	22	533	16	4	91	5683	92	5750	0.00376087	0.00219074	0.003	0.01	62.5	7.83694	49	67	
0.4	0.5	34	534	16	4	100	12498	100	12498	0.003	0	0.003	0.003	124.98	0.2	123	125	
0.4	0.5	57	535	1	4	100	46900	100	46900	0.003	0	0.003	0.003	469	0	469	469	
0.4	0.5	18	536	2	4	84	67788	84	67788	0.00433333	0.00276525	0.003	0.01	807	0	807	807	
0.4	0.5	5	537	42	4	51	19023	51	19023	0.003	0	0.003	0.003	373	0	373	373	
0.4	0.5	38	538	4	4	100	46900	100	46900	0.003	0	0.003	0.003	469	0	469	469	
0.4	0.5	13	539	7	4	100	30100	100	30100	0.003	0	0.003	0.003	301	0	301	301	
0.4	0.5	21	540	3	4	100	9150	100	9080	0.003	0	0.003	0.003	90.8	33.3267	67	137	
0.4	0.5	15	541	4	4	100	53298	100	53298	0.003	0	0.003	0.003	532.98	0.2	531	533	
0.4	0.5	17	542	2	4	100	53300	100	53300	0.003	0	0.003	0.003	533	0	533	533	
0.4	0.5	54	543	4	4	100	13700	100	13700	0.003	0	0.003	0.003	137	0	137	137	
0.4	0.5	34	544	2	4	100	6700	100	6700	0.003	0	0.003	0.003	67	0	67	67	
0.4	0.5	29	545	2	4	100	64500	100	64500	0.003	0	0.003	0.003	645	0	645	645	
0.4	0.5	13	546	4	4	100	20900	100	20900	0.003	0	0.003	0.003	209	0	209	209	
0.4	0.5	2	547	11	4	100	9860	100	9940	0.003	0	0.003	0.003	99.4	36.1009	77	157	
0.4	0.5	41	548	14	4	65	4355	65	4355	0.003	0	0.003	0.003	67	0	67	67	
0.4	0.5	41	549	10	4	64	10304	64	10304	0.003	0	0.003	0.003	161	0	161	161	
0.4	0.5	20	550	9	4	100	27530	100	27922	0.003	0	0.003	0.003	279.22	97.7595	193	389	
0.4	0.5	49	551	7	4	100	32500	100	32500	0.003	0	0.003	0.003	325	0	325	325	
0.4	0.5	21	552	11	4	98	8514	98	8462	0.00314286	0.000994832	0.003	0.01	86.3469	32.384	49	137	
0.4	0.5	7	553	7	4	54	8838	51	8367	0.00917647	0.00227777	0.003	0.01	164.059	23.1252	137	233	
0.4	0.5	55	554	7	4	100	6700	100	6700	0.003	0	0.003	0.003	67	0	67	67	
0.4	0.5	8	555	13	4	100	23300	100	23300	0.003	0	0.003	0.003	233	0	233	233	
0.4	0.5	50	556	15	4	91	6097	92	6164	0.00368478	0.00209095	0.003	0.01	67	0	67	67	
0.4	0.5	42	557	3	4	98	38122	98	38122	0.00314286	0.000994832	0.003	0.01	389	0	389	389	
0.4	0.5	57	558	11	4	100	32500	100	32500	0.003	0	0.003	0.003	325	0	325	325	
0.4	0.5	52	559	6	4	61	2989	61	2989	0.00311475	0.000896258	0.003	0.01	49	0	49	49	
0.4	0.5	7	560	8	4	100	16508	100	16436	0.003	0	0.003	0.003	164.36	35.1239	137	209	
0.4	0.5	20	561	3	4	100	7082	100	7186	0.003	0	0.003	0.003	71.86	25.9607	47	101	
0.4	0.5	51	562	8	4	99	16303	99	16303	0.00307071	0.000703526	0.003	0.01	164.677	23.0185	157	233	
0.4	0.5	51	563	9	4	86	15204	86	15204	0.00413953	0.00259938	0.003	0.01	176.791	22.6815	155	233	
0.4	0.5	52	564	33	4	60	4620	61	4697	0.003	0	0.003	0.003	77	0	77	77	
0.4	0.5	44	565	4	4	65	5565	64	5488	0.0069375	0.0035	0.003	0.01	85.75	25.1661	77	157	
0.4	0.5	41	566	34	4	64	8000	65	8125	0.003	0	0.003	0.003	125	0	125	125	
0.4	0.5	41	567	38	4	63	7875	64	8000	0.00310937	0.000875	0.003	0.01	125	0	125	125	
0.4	0.5	15	568	1	4	100	46900	100	46900	0.003	0	0.003	0.003	469	0	469	469	
0.4	0.5	4	569	6	4	77	23793	74	22866	0.00527027	0.00329922	0.003	0.01	309	0	309	309	
0.4	0.5	34	570	21	4	100	3200	100	3200	0.003	0	0.003	0.003	32	0	32	32	
0.4	0.5	23	571	7	4	98	15386	98	15386	0.00314286	0.000994832	0.003	0.01	157	0	157	157	
0.4	0.5	22	572	15	4	95	11203	95	11203	0.0034421	0.00171176	0.003	0.01	117.926	12.2311	97	125	
0.4	0.5	8	573	3	4	100	16100	100	16100	0.003	0	0.003	0.003	161	0	161	161	
0.4	0.5	19	574	11	4	100	10100	100	10100	0.003	0	0.003	0.003	101	0	101	101	
0.4	0.5	43	575	12	4	100	9700	100	9700	0.003	0	0.003	0.003	97	0	97	97	
0.4	0.5	36	576	1	4	100	38900	100	38900	0.003	0	0.003	0.003	389	0	389	389	
0.4	0.5	4	577	5	4	49	15925	51	16575	0.01	0	0.01	0.01	325	0	325	325	
0.4	0.5	10	578	3	4	100	20900	100	20900	0.003	0	0.003	0.003	209	0	209	209	
0.4	0.5	3	579	3	4	100	40500	100	40500	0.003	0	0.003	0.003	405	0	405	405	
0.4	0.5	31	580	7	4	100	38900	100	38900	0.003	0	0.003	0.003	389	0	389	389	
0.4	0.5	27	581	4	4	52	8164	50	7850	0.00986	0.000989949	0.003	0.01	157	0	157	157	
0.4	0.5	55	582	16	4	100	4900	100	4900	0.003	0	0.003	0.003	49	0	49	49	
0.4	0.5	50	583	7	4	100	26899	100	26899	0.003	0	0.003	0.003	268.99	0.1	268	269	
0.4	0.5	55	584	4	4	100	6700	100	6700	0.003	0	0.003	0.003	67	0	67	67	
0.4	0.5	31	585	1	4	100	80700	100	80700	0.003	0	0.003	0.003	807	0	807	807	
0.4	0.5	3	586	4	4	83	37687	84	37692	0.00433333	0.00276525	0.003	0.01	448.714	93.5218	317	517	
0.4	0.5	8	587	15	4	100	9700	100	9700	0.003	0	0.003	0.003	97	0	97	97	
0.4	0.5	44	588	9	4	96	8832	96	8832	0.00329167	0.00140613	0.003	0.01	92	31.3889	77	157	
0.4	0.5	52	589	12	4	60	2940	61	2989	0.00322951	0.00125689	0.003	0.01	49	0	49	49	
0.4	0.5	11	590	3	4	100	105600	100	105600	0.003	0	0.003	0.003	1056	0	1056	1056	
0.4	0.5	37	591	22	4	73	5621	74	5698	0.003	0	0.003	0.003	77	0	77	77	
0.4	0.5	5	592	41	4	48	7728	49	7889	0.00928571	0.00214087	0.003	0.01	161	0	161	161	
0.4	0.5	37	593	13	4	70	3428	69	3379	0.003	0	0.003	0.003	48.971	0.240772	47	49	
0.4	0.5	3	594	5	4	95	59491	96	60088	0.00336458	0.00156353	0.003	0.01	625.917	38.6792	517	645	
0.4	0.5	41	595	32	4	62	3038	62	3038	0.003	0	0.003	0.003	49	0	49	49	
0.4	0.5	8	596	5	4	100	29780	100	29780	0.003	0	0.003	0.003	297.8	9.64836	269	301	
0.4	0.5	23	597	4	4	97	15229	98	15386	0.00321428	0.00121205	0.003	0.01	157	0	157	157	
0.4	0.5	14	598	1	4	100	96700	100	96700	0.003	0	0.003	0.003	967	0	967	967	
0.4	0.5	52	599	41	4	62	9982	63	10143	0.003	0	0.003	0.003	161	0	161	161	
0.4	0.5	53	600	4	4	97	29197	96	28896	0.00321875	0.00122434	0.003	0.01	301	0	301	301	
0.4	0.5	38	601	8	4	100	25300	100	25300	0.003	0	0.003	0.003	253	0	253	253	
0.4	0.5	8	602	7	4	100	23300	100	23300	0.003	0	0.003	0.003	233	0	233	233	
0.4	0.5	42	603	4	4	100	69299	100	69299	0.003	0	0.003	0.003	692.99	0.1	692	693	
0.4	0.5	4	604	2	4	100	53300	100	53300	0.003	0	0.003	0.003	533	0	533	533	
0.4	0.5	26	605	3	4	51	15147	51	15147	0.00986274	0.000980196	0.003	0.01	297	16.1592	233	301	
0.4	0.5	36	606	8	4	58	13514	57	13281	0.0082807	0.00303994	0.003	0.01	233	0	233	233	
0.4	0.5	41	607	29	4	64	10304	63	10143	0.003	0	0.003	0.003	161	0	161	161	
0.4	0.5	45	608	4	4	100	20100	100	20100	0.003	0	0.003	0.003	201	0	201	201	
0.4	0.5	34	609	25	4	100	12498	100	12498	0.003	0	0.003	0.003	124.98	0.2	123	125	
0.4	0.5	56	610	5	4	100	105600	100	105600	0.003	0	0.003	0.003	1056	0	1056	1056	
0.4	0.5	46	611	4	4	100	40500	100	40500	0.003	0	0.003	0.003	405	0	405	405	
0.4	0.5	13	612	6	4	100	38900	100	38900	0.003	0	0.003	0.003	389	0	389	389	
0.4	0.5	52	613	24	4	61	4087	61	4087	0.003	0	0.003	0.003	67	0	67	67	
0.4	0.5	1	614	5	4	86	6622	86	6622	0.003	0	0.003	0.003	77	0	77	77	
0.4	0.5	56	615	2	4	100	105600	100	105600	0.003	0	0.003	0.003	1056	0	1056	1056	
0.4	0.5	28	616	9	4	100	10116	100	10220	0.003	0	0.003	0.003	102.2	22.7805	97	201	
0.4	0.5	37	617	9	4	70	3430	69	3381	0.003	0	0.003	0.003	49	0	49	49	
0.4	0.5	15	618	10	4	82	20746	82	20746	0.00453658	0.00291524	0.003	0.01	253	0	253	253	
0.4	0.5	55	619	15	4	100	6700	100	6700	0.003	0	0.003	0.003	67	0	67	67	
0.4	0.5	30	620	1	4	100	38900	100	38900	0.003	0	0.003	0.003	389	0	389	389	
0.4	0.5	37	621	6	4	73	19636	72	19367	0.003	0	0.003	0.003	268.986	0.117851	268	269	
0.4	0.5	37	622	24	4	73	4891	74	4958	0.003	0	0.003	0.003	67	0	67	67	
0.4	0.5	6	623	14	4	62	5734	63	5811	0.00711111	0.00347392	0.003	0.01	92.2381	8.58678	77	97	
0.4	0.5	31	624	4	4	100	105651	100	105729	0.003	0	0.003	0.003	1057.29	6.77234	1056	1095	
0.4	0.5	34	625	24	4	100	4900	100	4900	0.003	0	0.003	0.003	49	0	49	49	
0.4	0.5	12	626	11	4	100	15700	100	15700	0.003	0	0.003	0.003	157	0	157	157	
0.4	0.5	2	627	10	4	100	8590	100	8660	0.003	0	0.003	0.003	86.6	31.5883	67	137	
0.4	0.5	9	628	1	4	100	32500	100	32500	0.003	0	0.003	0.003	325	0	325	325	
0.4	0.5	40	629	7	4	90	16110	91	16311	0.00376923	0.0022014	0.003	0.01	179.242	22.1205	157	201	
0.4	0.5	39	630	18	4	73	4891	71	4757	0.00447887	0.00287779	0.003	0.01	67	0	67	67	
0.4	0.5	44	631	14	4	94	13926	94	13926	0.00344681	0.00172032	0.003	0.01	148.149	49.5307	125	253	
0.4	0.5	9	632	7	4	100	15698	100	15698	0.003	0	0.003	0.003	156.98	0.2	155	157	
0.4	0.5	57	633	6	4	100	20100	100	20100	0.003	0	0.003	0.003	201	0	201	201	
0.4	0.5	49	634	1	4	100	25300	100	25300	0.003	0	0.003	0.003	253	0	253	253	
0.4	0.5	43	635	4	4	100	15300	100	15300	0.003	0	0.003	0.003	153	0	153	153	
0.4	0.5	8	636	12	4	100	15300	100	15300	0.003	0	0.003	0.003	153	0	153	153	
0.4	0.5	41	637	18	4	65	3185	65	3185	0.003	0	0.003	0.003	49	0	49	49	
0.4	0.5	22	638	4	4	100	19300	100	19300	0.003	0	0.003	0.003	193	0	193	193	
0.4	0.5	26	639	1	4	51	15079	49	14477	0.00985714	0.001	0.003	0.01	295.449	18.8116	233	301	
0.4	0.5	45	640	7	4	52	10012	51	9811	0.00958823	0.00166345	0.003	0.01	192.373	17.6431	157	201	
0.4	0.5	52	641	27	4	62	9982	61	9821	0.003	0	0.003	0.003	161	0	161	161	
0.4	0.5	15	642	5	4	97	37733	98	38122	0.00321428	0.00121205	0.003	0.01	389	0	389	389	
0.4	0.5	44	643	3	4	62	6534	62	6534	0.00717742	0.00346185	0.003	0.01	105.387	28.5493	97	201	
0.4	0.5	22	644	7	4	100	9698	100	9698	0.003	0	0.003	0.003	96.98	0.2	95	97	
0.4	0.5	32	645	3	4	100	74900	100	74900	0.003	0	0.003	0.003	749	0	749	749	
0.4	0.5	51	646	5	4	100	78360	100	78360	0.003	0	0.003	0.003	783.6	104.323	749	1095	
0.4	0.5	28	647	1	4	100	13010	100	13138	0.003	0	0.003	0.003	131.38	28.0428	123	253	
0.4	0.5	32	648	6	4	98	24794	97	24541	0.00314433	0.000999893	0.003	0.01	253	0	253	253	
0.4	0.5	49	649	3	4	100	74900	100	74900	0.003	0	0.003	0.003	749	0	749	749	
0.4	0.5	8	650	14	4	100	7700	100	7700	0.003	0	0.003	0.003	77	0	77	77	
0.4	0.5	34	651	3	4	100	23300	100	23300	0.003	0	0.003	0.003	233	0	233	233	
0.4	0.5	15	652	9	4	97	29973	97	29973	0.00321649	0.00121815	0.003	0.01	309	0	309	309	
0.4	0.5	45	653	5	4	100	35826	100	35826	0.003	0	0.003	0.003	358.26	32.1168	325	389	
0.4	0.5	41	654	13	4	64	3136	64	3136	0.003	0	0.003	0.003	49	0	49	49	
0.4	0.5	23	655	8	4	100	13700	100	13700	0.003	0	0.003	0.003	137	0	137	137	
0.4	0.5	23	656	1	4	100	30900	100	30900	0.003	0	0.003	0.003	309	0	309	309	
0.4	0.5	24	657	22	4	54	14526	54	14526	0.00701852	0.00349388	0.003	0.01	269	0	269	269	
0.4	0.5	6	658	16	4	95	11202	95	11230	0.00336842	0.00157137	0.003	0.01	118.211	12.0521	97	125	
0.4	0.5	24	659	12	4	86	6620	87	6697	0.003	0	0.003	0.003	76.977	0.214423	75	77	
0.4	0.5	45	660	6	4	100	13698	100	13698	0.003	0	0.003	0.003	136.98	0.2	135	137	
0.4	0.5	6	661	8	4	100	6700	100	6700	0.003	0	0.003	0.003	67	0	67	67	
0.4	0.5	6	662	17	4	100	37300	100	37300	0.003	0	0.003	0.003	373	0	373	373	
0.4	0.5	5	663	34	4	52	6500	52	6500	0.003	0	0.003	0.003	125	0	125	125	
0.4	0.5	5	664	5	4	50	3850	50	3850	0.003	0	0.003	0.003	77	0	77	77	
0.4	0.5	5	665	32	4	51	3927	51	3927	0.00341176	0.00166345	0.003	0.01	77	0	77	77	
0.4	0.5	24	666	2	4	87	14007	87	14007	0.003	0	0.003	0.003	161	0	161	161	
0.4	0.5	5	667	40	4	80	12878	80	12878	0.003	0	0.003	0.003	160.975	0.223607	159	161	
0.4	0.5	5	668	25	4	52	3484	52	3484	0.003	0	0.003	0.003	67	0	67	67	
0.4	0.5	5	669	24	4	51	8211	51	8211	0.003	0	0.003	0.003	161	0	161	161	
0.4	0.5	1	670	28	4	86	16598	86	16598	0.003	0	0.003	0.003	193	0	193	193	
0.4	0.5	5	671	2	4	50	4850	50	4850	0.003	0	0.003	0.003	97	0	97	97	
0.4	0.5	5	672	47	4	50	6250	50	6250	0.003	0	0.003	0.003	125	0	125	125	
0.4	0.5	5	673	46	4	51	3417	51	3417	0.003	0	0.003	0.003	67	0	67	67	
0.4	0.5	5	674	33	4	46	7406	47	7567	0.00419149	0.00265918	0.003	0.01	161	0	161	161	
0.4	0.5	1	675	2	4	86	10750	86	10750	0.003	0	0.003	0.003	125	0	125	125	
0.4	0.5	1	676	26	4	86	4214	86	4214	0.003	0	0.003	0.003	49	0	49	49	
0.4	0.5	24	677	15	4	86	16598	86	16598	0.003	0	0.003	0.003	193	0	193	193	
0.4	0.5	43	678	6	4	100	6700	100	6700	0.003	0	0.003	0.003	67	0	67	67	
0.4	0.5	1	679	10	4	85	31705	86	32078	0.003	0	0.003	0.003	373	0	373	373	
0.4	0.5	5	680	16	4	59	7375	58	7250	0.003	0	0.003	0.003	125	0	125	125	
0.4	0.5	30	681	4	4	100	20900	100	20899	0.003	0	0.003	0.003	208.99	0.1	208	209	
0.4	0.5	5	682	30	4	52	5044	52	5044	0.003	0	0.003	0.003	97	0	97	97	
0.4	0.5	6	683	20	4	100	12500	100	12500	0.003	0	0.003	0.003	125	0	125	125	
0.4	0.5	5	684	12	4	50	2450	50	2450	0.003	0	0.003	0.003	49	0	49	49	
0.4	0.5	24	685	11	4	84	13524	84	13524	0.00316667	0.0010736	0.003	0.01	161	0	161	161	
0.4	0.5	24	686	14	4	84	8148	84	8148	0.00316667	0.0010736	0.003	0.01	97	0	97	97	
0.4	0.5	6	687	4	4	82	30584	81	30209	0.00455555	0.00292831	0.003	0.01	372.951	0.269316	371	373	
0.4	0.5	25	688	5	4	100	40500	100	40500	0.003	0	0.003	0.003	405	0	405	405	
0.4	0.5	23	689	2	4	100	13700	100	13700	0.003	0	0.003	0.003	137	0	137	137	
0.4	0.5	1	690	20	4	86	10750	85	10625	0.003	0	0.003	0.003	125	0	125	125	
0.4	0.5	24	691	18	4	86	5762	86	5762	0.003	0	0.003	0.003	67	0	67	67	
0.4	0.5	24	692	1	4	86	13846	86	13846	0.003	0	0.003	0.003	161	0	161	161	
0.4	0.5	1	693	27	4	100	16100	100	16100	0.003	0	0.003	0.003	161	0	161	161	
0.4	0.5	5	694	15	4	52	3484	53	3551	0.003	0	0.003	0.003	67	0	67	67	
0.4	0.5	24	695	4	4	78	6005	79	6082	0.00362025	0.00200195	0.003	0.01	76.9873	0.112509	76	77	
0.4	0.5	5	696	27	4	52	5043	52	5043	0.003	0	0.003	0.003	96.9808	0.138675	96	97	
0.4	0.5	43	697	14	4	100	37300	100	37300	0.003	0	0.003	0.003	373	0	373	373	
0.4	0.5	24	698	20	4	86	10748	85	10623	0.003	0	0.003	0.003	124.976	0.21693	123	125	
0.4	0.5	43	699	9	4	100	9700	100	9700	0.003	0	0.003	0.003	97	0	97	97	
0.4	0.5	24	700	5	4	86	8342	86	8342	0.003	0	0.003	0.003	97	0	97	97	
0.4	0.5	5	701	45	4	50	3350	50	3350	0.003	0	0.003	0.003	67	0	67	67	
0.4	0.5	5	702	13	4	51	7803	51	7803	0.003	0	0.003	0.003	153	0	153	153	
0.4	0.5	6	703	9	4	100	6700	100	6700	0.003	0	0.003	0.003	67	0	67	67	
0.4	0.5	6	704	6	4	100	16100	100	16100	0.003	0	0.003	0.003	161	0	161	161	
0.4	0.5	5	705	36	4	52	6500	52	6500	0.003	0	0.003	0.003	125	0	125	125	
0.4	0.5	5	706	10	4	50	15050	50	15050	0.003	0	0.003	0.003	301	0	301	301	
0.4	0.5	1	707	7	4	100	6700	100	6700	0.003	0	0.003	0.003	67	0	67	67	
0.4	0.5	43	708	15	4	100	12500	100	12500	0.003	0	0.003	0.003	125	0	125	125	
0.4	0.5	43	709	11	4	100	12499	100	12499	0.003	0	0.003	0.003	124.99	0.1	124	125	
0.4	0.5	24	710	19	4	86	32078	85	31705	0.003	0	0.003	0.003	373	0	373	373	
0.4	0.5	5	711	22	4	51	19022	51	19022	0.003	0	0.003	0.003	372.98	0.140028	372	373	
0.4	0.5	5	712	4	4	46	8878	44	8492	0.00984091	0.00105529	0.003	0.01	193	0	193	193	
0.4	0.5	5	713	3	4	51	3926	51	3926	0.003	0	0.003	0.003	76.9804	0.140028	76	77	
0.4	0.5	5	714	23	4	52	7956	52	7956	0.003	0	0.003	0.003	153	0	153	153	
0.4	0.5	5	715	38	4	52	3484	53	3551	0.003	0	0.003	0.003	67	0	67	67	
0.4	0.5	24	716	23	4	86	20038	86	20038	0.003	0	0.003	0.003	233	0	233	233	
0.4	0.5	5	717	1	4	51	3926	51	3926	0.003	0	0.003	0.003	76.9804	0.140028	76	77	
0.4	0.5	24	718	13	4	86	10750	87	10875	0.003	0	0.003	0.003	125	0	125	125	
0.4	0.5	1	719	24	4	86	13158	86	13158	0.003	0	0.003	0.003	153	0	153	153	
0.4	0.5	5	720	35	4	51	3925	51	3925	0.003	0	0.003	0.003	76.9608	0.280056	75	77	
0.4	0.5	5	721	9	4	50	8050	50	8050	0.003	0	0.003	0.003	161	0	161	161	
0.4	0.5	24	722	8	4	83	6391	82	6314	0.0032561	0.00132228	0.003	0.01	77	0	77	77	
0.4	0.5	1	723	22	4	66	5082	66	5082	0.00501515	0.00319371	0.003	0.01	77	0	77	77	
0.4	0.5	1	724	9	4	85	24529	86	24798	0.003	0	0.003	0.003	288.349	15.7374	269	301	
0.4	0.5	1	725	18	4	86	5762	85	5695	0.003	0	0.003	0.003	67	0	67	67	
0.4	0.5	5	726	29	4	52	7956	52	7956	0.003	0	0.003	0.003	153	0	153	153	
0.4	0.5	24	727	27	4	87	32449	87	32449	0.003	0	0.003	0.003	372.977	0.150736	372	373	
0.4	0.5	24	728	7	4	86	32076	87	32449	0.003	0	0.003	0.003	372.977	0.150736	372	373	
0.4	0.5	1	729	17	4	86	8342	85	8245	0.003	0	0.003	0.003	97	0	97	97	
0.4	0.5	6	730	11	4	99	6633	99	6633	0.00307071	0.000703526	0.003	0.01	67	0	67	67	
0.4	0.5	5	731	21	4	52	3484	52	3484	0.003	0	0.003	0.003	67	0	67	67	
0.4	0.5	1	732	15	4	90	8730	91	8827	0.00376923	0.0022014	0.003	0.01	97	0	97	97	
0.4	0.5	5	733	28	4	51	3927	51	3927	0.003	0	0.003	0.003	77	0	77	77	
0.4	0.5	5	734	19	4	80	6160	80	6160	0.003	0	0.003	0.003	77	0	77	77	
0.4	0.5	1	735	4	4	86	23134	86	23134	0.003	0	0.003	0.003	269	0	269	269	
0.4	0.5	24	736	28	4	86	6622	86	6622	0.003	0	0.003	0.003	77	0	77	77	
0.4	0.5	1	737	11	4	100	6700	100	6700	0.003	0	0.003	0.003	67	0	67	67	
0.4	0.5	1	738	6	4	86	13158	86	13158	0.003	0	0.003	0.003	153	0	153	153	
0.4	0.5	5	739	43	4	46	5750	47	5875	0.00985106	0.00102105	0.003	0.01	125	0	125	125	
0.4	0.5	5	740	26	4	51	7803	51	7803	0.003	0	0.003	0.003	153	0	153	153	
0.4	0.5	1	741	21	4	86	8342	84	8148	0.003	0	0.003	0.003	97	0	97	97	
0.4	0.5	5	742	39	4	58	9338	57	9177	0.003	0	0.003	0.003	161	0	161	161	
0.4	0.5	5	743	7	4	51	6375	51	6375	0.003	0	0.003	0.003	125	0	125	125	
0.4	0.5	6	744	21	4	100	6700	100	6700	0.003	0	0.003	0.003	67	0	67	67	
0.4	0.5	1	745	14	4	78	7286	78	7266	0.0036282	0.00201365	0.003	0.01	93.1538	7.93329	77	97	
0.4	0.5	1	746	23	4	86	32076	87	32449	0.00404598	0.00251002	0.003	0.01	372.977	0.150736	372	373	
0.4	0.5	24	747	3	4	87	14007	87	14007	0.003	0	0.003	0.003	161	0	161	161	
0.4	0.5	1	748	13	4	85	19805	86	20038	0.003	0	0.003	0.003	233	0	233	233	
0.4	0.5	5	749	37	4	52	8370	52	8370	0.003	0	0.003	0.003	160.962	0.27735	159	161	
0.4	0.5	5	750	44	4	51	13719	51	13719	0.003	0	0.003	0.003	269	0	269	269	
