% start	end	CellId	IMSI	RNTI	LCID	nTxPDUs	TxBytes	nRxPDUs	RxBytes	delay	stdDev	min	max	PduSize	stdDev	min	max
0.4	0.5	35	1	1	4	100	62096	100	62096	0.003	0	0.003	0.003	620.96	0.196946	620	621	
0.4	0.5	2	2	2	4	100	21995	100	22151	0.003	0	0.003	0.003	221.51	77.7626	125	309	
0.4	0.5	2	3	4	4	100	14275	100	14379	0.003	0	0.003	0.003	143.79	51.989	97	201	
0.4	0.5	27	4	4	4	82	50746	82	50745	0.00453658	0.00291524	0.003	0.01	618.841	13.6567	533	621	
0.4	0.5	33	5	6	4	100	48500	100	48500	0.003	0	0.003	0.003	485	0	485	485	
0.4	0.5	3	6	4	4	100	14708	100	14708	0.003	0	0.003	0.003	147.08	25.1089	137	209	
0.4	0.5	41	7	26	4	63	4221	63	4221	0.00311111	0.000881917	0.003	0.01	67	0	67	67	
0.4	0.5	37	8	19	4	100	3200	100	3200	0.003	0	0.003	0.003	32	0	32	32	
0.4	0.5	2	9	9	4	100	21996	100	22152	0.003	0	0.003	0.003	221.52	77.7536	125	309	
0.4	0.5	49	10	6	4	61	14213	58	13514	0.0077069	0.00331402	0.003	0.01	233	0	233	233	
0.4	0.5	49	11	1	4	100	45300	100	45300	0.003	0	0.003	0.003	453	0	453	453	
0.4	0.5	43	12	5	4	100	40500	100	40500	0.003	0	0.003	0.003	405	0	405	405	
0.4	0.5	8	13	8	4	100	38051	100	37675	0.003	0	0.003	0.003	376.75	37.6011	372	749	
0.4	0.5	12	14	1	4	100	80700	100	80700	0.003	0	0.003	0.003	807	0	807	807	
0.4	0.5	30	15	9	4	100	15699	100	15700	0.003	0	0.003	0.003	157	0	157	157	
0.4	0.5	37	16	16	4	100	4898	100	4898	0.003	0	0.003	0.003	48.98	0.2	47	49	
0.4	0.5	29	17	6	4	100	62100	100	62100	0.003	0	0.003	0.003	621	0	621	621	
0.4	0.5	55	18	28	4	80	3920	81	3969	0.00317284	0.00109305	0.003	0.01	49	0	49	49	
0.4	0.5	48	19	2	4	100	62100	100	62100	0.003	0	0.003	0.003	621	0	621	621	
0.4	0.5	41	20	33	4	63	9303	65	9609	0.00321538	0.00121825	0.003	0.01	147.831	10.9481	125	153	
0.4	0.5	37	21	4	4	100	15300	100	15300	0.003	0	0.003	0.003	153	0	153	153	
0.4	0.5	49	22	3	4	100	48498	100	48498	0.003	0	0.003	0.003	484.98	0.2	483	485	
0.4	0.5	18	23	12	4	100	32499	100	32499	0.003	0	0.003	0.003	324.99	0.1	324	325	
0.4	0.5	31	24	4	4	100	38900	100	38900	0.003	0	0.003	0.003	389	0	389	389	
0.4	0.5	52	25	10	4	81	5427	80	5360	0.003	0	0.003	0.003	67	0	67	67	
0.4	0.5	46	26	2	4	100	27700	100	27700	0.003	0	0.003	0.003	277	0	277	277	
0.4	0.5	47	27	1	4	100	38900	100	38900	0.003	0	0.003	0.003	389	0	389	389	
0.4	0.5	53	28	1	4	100	30900	100	30900	0.003	0	0.003	0.003	309	0	309	309	
0.4	0.5	7	29	3	4	100	38899	100	38899	0.003	0	0.003	0.003	388.99	0.1	388	389	
0.4	0.5	5	30	1	4	54	3618	54	3618	0.003	0	0.003	0.003	67	0	67	67	
0.4	0.5	57	31	6	4	100	93500	100	93500	0.003	0	0.003	0.003	935	0	935	935	
0.4	0.5	17	32	5	4	100	48500	100	48500	0.003	0	0.003	0.003	485	0	485	485	
0.4	0.5	14	33	11	4	100	13698	100	13698	0.003	0	0.003	0.003	136.98	0.2	135	137	
0.4	0.5	41	34	38	4	62	1982	63	2014	0.003	0	0.003	0.003	31.9683	0.251976	30	32	
0.4	0.5	9	35	2	4	100	77500	100	77500	0.003	0	0.003	0.003	775	0	775	775	
0.4	0.5	18	36	2	4	100	46900	100	46900	0.003	0	0.003	0.003	469	0	469	469	
0.4	0.5	18	37	10	4	100	74900	100	74900	0.003	0	0.003	0.003	749	0	749	749	
0.4	0.5	1	38	13	4	81	13041	80	12880	0.003	0	0.003	0.003	161	0	161	161	
0.4	0.5	14	39	4	4	100	25300	100	25300	0.003	0	0.003	0.003	253	0	253	253	
0.4	0.5	57	40	3	4	100	51700	100	51700	0.003	0	0.003	0.003	517	0	517	517	
0.4	0.5	12	41	2	4	68	43860	69	44505	0.00634783	0.00352231	0.003	0.01	645	0	645	645	
0.4	0.5	42	42	4	4	100	4898	100	4898	0.003	0	0.003	0.003	48.98	0.2	47	49	
0.4	0.5	33	43	3	4	100	69299	100	69299	0.003	0	0.003	0.003	692.99	0.1	692	693	
0.4	0.5	41	44	40	4	59	4543	58	4466	0.00372414	0.00215042	0.003	0.01	77	0	77	77	
0.4	0.5	41	45	12	4	59	4543	59	4543	0.00383051	0.00228301	0.003	0.01	77	0	77	77	
0.4	0.5	7	46	6	4	100	69300	100	69299	0.003	0	0.003	0.003	692.99	0.1	692	693	
0.4	0.5	34	47	16	4	85	10625	86	10750	0.003	0	0.003	0.003	125	0	125	125	
0.4	0.5	18	48	5	4	94	14756	93	14599	0.00345161	0.00172901	0.003	0.01	156.978	0.20739	155	157	
0.4	0.5	11	49	1	4	97	12125	98	12250	0.00328571	0.00139217	0.003	0.01	125	0	125	125	
0.4	0.5	37	50	25	4	99	4851	99	4851	0.00307071	0.000703526	0.003	0.01	49	0	49	49	
0.4	0.5	33	51	8	4	100	80700	100	80700	0.003	0	0.003	0.003	807	0	807	807	
0.4	0.5	41	52	10	4	66	2112	65	2080	0.003	0	0.003	0.003	32	0	32	32	
0.4	0.5	39	53	53	4	55	3685	55	3685	0.003	0	0.003	0.003	67	0	67	67	
0.4	0.5	41	54	7	4	64	3694	63	3645	0.00311111	0.000881917	0.003	0.01	57.8571	9.07115	49	67	
0.4	0.5	44	55	2	4	99	24631	100	24884	0.00307	0.0007	0.003	0.01	248.84	14.1783	201	253	
0.4	0.5	39	56	16	4	55	1760	55	1760	0.003	0	0.003	0.003	32	0	32	32	
0.4	0.5	41	57	18	4	63	14679	63	14679	0.003	0	0.003	0.003	233	0	233	233	
0.4	0.5	21	58	2	4	100	31332	100	31332	0.003	0	0.003	0.003	313.32	24.6883	309	453	
0.4	0.5	51	59	1	4	100	59700	100	59700	0.003	0	0.003	0.003	597	0	597	597	
0.4	0.5	28	60	5	4	100	15700	100	15700	0.003	0	0.003	0.003	157	0	157	157	
0.4	0.5	18	61	4	4	100	62100	100	62100	0.003	0	0.003	0.003	621	0	621	621	
0.4	0.5	44	62	4	4	100	32499	100	32499	0.003	0	0.003	0.003	324.99	0.1	324	325	
0.4	0.5	14	63	10	4	100	25300	100	25300	0.003	0	0.003	0.003	253	0	253	253	
0.4	0.5	53	64	6	4	100	32500	100	32500	0.003	0	0.003	0.003	325	0	325	325	
0.4	0.5	39	65	24	4	56	2744	56	2744	0.003	0	0.003	0.003	49	0	49	49	
0.4	0.5	43	66	1	4	100	31700	100	31700	0.003	0	0.003	0.003	317	0	317	317	
0.4	0.5	44	67	7	4	97	19143	97	19143	0.00321649	0.00121815	0.003	0.01	197.351	12.1613	157	201	
0.4	0.5	18	68	1	4	100	38900	100	38900	0.003	0	0.003	0.003	389	0	389	389	
0.4	0.5	30	69	5	4	92	18492	90	18090	0.00354444	0.00188525	0.003	0.01	201	0	201	201	
0.4	0.5	52	70	1	4	75	5025	75	5025	0.00309333	0.00080829	0.003	0.01	67	0	67	67	
0.4	0.5	35	71	9	4	90	14128	90	14128	0.0037	0.00211176	0.003	0.01	156.978	0.210819	155	157	
0.4	0.5	57	72	2	4	100	93500	100	93500	0.003	0	0.003	0.003	935	0	935	935	
0.4	0.5	31	73	3	4	100	38900	100	38900	0.003	0	0.003	0.003	389	0	389	389	
0.4	0.5	27	74	1	4	68	10676	65	10205	0.00633846	0.00352348	0.003	0.01	157	0	157	157	
0.4	0.5	41	75	25	4	44	3318	46	3472	0.00680435	0.00352527	0.003	0.01	75.4783	3.63158	67	77	
0.4	0.5	8	76	10	4	100	7860	100	7780	0.003	0	0.003	0.003	77.8	8	77	157	
0.4	0.5	11	77	12	4	100	37300	100	37300	0.003	0	0.003	0.003	373	0	373	373	
0.4	0.5	21	78	3	4	100	32978	100	32978	0.003	0	0.003	0.003	329.78	27.4357	323	485	
0.4	0.5	55	79	20	4	80	7760	80	7760	0.003	0	0.003	0.003	97	0	97	97	
0.4	0.5	50	80	2	4	100	50100	100	50100	0.003	0	0.003	0.003	501	0	501	501	
0.4	0.5	4	81	5	4	100	74900	100	74900	0.003	0	0.003	0.003	749	0	749	749	
0.4	0.5	4	82	11	4	100	74900	100	74900	0.003	0	0.003	0.003	749	0	749	749	
0.4	0.5	11	83	4	4	100	6700	100	6700	0.003	0	0.003	0.003	67	0	67	67	
0.4	0.5	8	84	7	4	100	38051	100	37675	0.003	0	0.003	0.003	376.75	37.6011	372	749	
0.4	0.5	42	85	8	4	100	6700	100	6700	0.003	0	0.003	0.003	67	0	67	67	
0.4	0.5	52	86	12	4	83	2654	82	2622	0.00308536	0.000773021	0.003	0.01	31.9756	0.220863	30	32	
0.4	0.5	55	87	17	4	82	30586	80	29840	0.003	0	0.003	0.003	373	0	373	373	
0.4	0.5	37	88	11	4	100	6700	100	6700	0.003	0	0.003	0.003	67	0	67	67	
0.4	0.5	55	89	18	4	72	5544	71	5467	0.00457746	0.00294551	0.003	0.01	77	0	77	77	
0.4	0.5	11	90	14	4	93	7160	93	7160	0.00345161	0.00172901	0.003	0.01	76.9892	0.103695	76	77	
0.4	0.5	19	91	7	4	100	38899	100	38899	0.003	0	0.003	0.003	388.99	0.1	388	389	
0.4	0.5	52	92	23	4	75	5775	76	5852	0.003	0	0.003	0.003	77	0	77	77	
0.4	0.5	47	93	4	4	100	59699	100	59699	0.003	0	0.003	0.003	596.99	0.1	596	597	
0.4	0.5	52	94	26	4	79	3871	80	3920	0.003	0	0.003	0.003	49	0	49	49	
0.4	0.5	51	95	8	4	100	38900	100	38900	0.003	0	0.003	0.003	389	0	389	389	
0.4	0.5	55	96	2	4	80	7758	81	7855	0.003	0	0.003	0.003	96.9753	0.222222	95	97	
0.4	0.5	14	97	6	4	100	15700	100	15700	0.003	0	0.003	0.003	157	0	157	157	
0.4	0.5	3	98	7	4	69	11833	70	11946	0.0061	0.00350217	0.003	0.01	170.657	30.3525	137	201	
0.4	0.5	41	99	37	4	63	3087	64	3136	0.00310937	0.000875	0.003	0.01	49	0	49	49	
0.4	0.5	55	100	9	4	87	6699	86	6622	0.00316279	0.00106119	0.003	0.01	77	0	77	77	
0.4	0.5	41	101	44	4	63	10143	63	10143	0.00322222	0.00123712	0.003	0.01	161	0	161	161	
0.4	0.5	39	102	48	4	55	2695	55	2695	0.003	0	0.003	0.003	49	0	49	49	
0.4	0.5	24	103	31	4	72	5544	73	5621	0.00338356	0.00160408	0.003	0.01	77	0	77	77	
0.4	0.5	38	104	4	4	100	105600	100	105600	0.003	0	0.003	0.003	1056	0	1056	1056	
0.4	0.5	8	105	3	4	100	38051	100	37675	0.003	0	0.003	0.003	376.75	37.6011	372	749	
0.4	0.5	16	106	12	4	100	15300	100	15300	0.003	0	0.003	0.003	153	0	153	153	
0.4	0.5	15	107	6	4	100	12500	100	12500	0.003	0	0.003	0.003	125	0	125	125	
0.4	0.5	5	108	42	4	50	9650	50	9650	0.003	0	0.003	0.003	193	0	193	193	
0.4	0.5	23	109	8	4	100	30900	100	30900	0.003	0	0.003	0.003	309	0	309	309	
0.4	0.5	20	110	2	4	100	20900	100	20900	0.003	0	0.003	0.003	209	0	209	209	
0.4	0.5	39	111	56	4	54	1726	55	1758	0.003	0	0.003	0.003	31.9636	0.26968	30	32	
0.4	0.5	1	112	8	4	81	5427	80	5360	0.003	0	0.003	0.003	67	0	67	67	
0.4	0.5	34	113	10	4	86	2750	86	2750	0.003	0	0.003	0.003	31.9767	0.215666	30	32	
0.4	0.5	52	114	8	4	78	5226	77	5159	0.003	0	0.003	0.003	67	0	67	67	
0.4	0.5	14	115	9	4	100	20100	100	20100	0.003	0	0.003	0.003	201	0	201	201	
0.4	0.5	22	116	6	4	100	80699	100	80699	0.003	0	0.003	0.003	806.99	0.1	806	807	
0.4	0.5	37	117	8	4	100	7698	100	7698	0.003	0	0.003	0.003	76.98	0.2	75	77	
0.4	0.5	6	118	2	4	100	25300	100	25300	0.003	0	0.003	0.003	253	0	253	253	
0.4	0.5	12	119	3	4	100	34900	100	34900	0.003	0	0.003	0.003	349	0	349	349	
0.4	0.5	39	120	37	4	55	6875	55	6875	0.003	0	0.003	0.003	125	0	125	125	
0.4	0.5	42	121	10	4	100	12500	100	12500	0.003	0	0.003	0.003	125	0	125	125	
0.4	0.5	5	122	24	4	50	3350	50	3350	0.003	0	0.003	0.003	67	0	67	67	
0.4	0.5	57	123	5	4	100	64500	100	64500	0.003	0	0.003	0.003	645	0	645	645	
0.4	0.5	10	124	3	4	95	30115	95	30115	0.00336842	0.00157137	0.003	0.01	317	0	317	317	
0.4	0.5	39	125	32	4	54	4158	54	4158	0.00312963	0.000952579	0.003	0.01	77	0	77	77	
0.4	0.5	48	126	3	4	100	31698	100	31698	0.003	0	0.003	0.003	316.98	0.2	315	317	
0.4	0.5	3	127	9	4	100	41812	100	41812	0.003	0	0.003	0.003	418.12	72.5369	389	597	
0.4	0.5	20	128	4	4	100	48500	100	48500	0.003	0	0.003	0.003	485	0	485	485	
0.4	0.5	45	129	11	4	100	13700	100	13700	0.003	0	0.003	0.003	137	0	137	137	
0.4	0.5	27	130	10	4	100	46900	100	46900	0.003	0	0.003	0.003	469	0	469	469	
0.4	0.5	40	131	2	4	69	15933	68	15700	0.00619118	0.00351227	0.003	0.01	230.882	6.8579	209	233	
0.4	0.5	4	132	2	4	51	16575	49	15925	0.01	0	0.01	0.01	325	0	325	325	
0.4	0.5	11	133	9	4	100	6700	100	6700	0.003	0	0.003	0.003	67	0	67	67	
0.4	0.5	37	134	21	4	100	7700	100	7700	0.003	0	0.003	0.003	77	0	77	77	
0.4	0.5	22	135	5	4	100	105600	100	105600	0.003	0	0.003	0.003	1056	0	1056	1056	
0.4	0.5	40	136	8	4	100	80700	100	80700	0.003	0	0.003	0.003	807	0	807	807	
0.4	0.5	34	137	5	4	86	2752	86	2752	0.003	0	0.003	0.003	32	0	32	32	
0.4	0.5	1	138	18	4	81	12393	80	12240	0.003	0	0.003	0.003	153	0	153	153	
0.4	0.5	16	139	9	4	100	15300	100	15300	0.003	0	0.003	0.003	153	0	153	153	
0.4	0.5	27	140	6	4	100	20100	100	20100	0.003	0	0.003	0.003	201	0	201	201	
0.4	0.5	39	141	46	4	55	3685	55	3685	0.00312727	0.00094388	0.003	0.01	67	0	67	67	
0.4	0.5	34	142	15	4	86	13846	86	13846	0.003	0	0.003	0.003	161	0	161	161	
0.4	0.5	20	143	1	4	100	105715	100	105793	0.003	0	0.003	0.003	1057.93	8.45697	1056	1095	
0.4	0.5	13	144	2	4	100	53298	100	53298	0.003	0	0.003	0.003	532.98	0.2	531	533	
0.4	0.5	28	145	3	4	100	15698	100	15698	0.003	0	0.003	0.003	156.98	0.2	155	157	
0.4	0.5	1	146	28	4	80	10000	81	10125	0.003	0	0.003	0.003	125	0	125	125	
0.4	0.5	45	147	4	4	100	53298	100	53298	0.003	0	0.003	0.003	532.98	0.2	531	533	
0.4	0.5	54	148	6	4	68	10676	68	10676	0.0065	0.00352602	0.003	0.01	157	0	157	157	
0.4	0.5	27	149	7	4	100	13698	100	13698	0.003	0	0.003	0.003	136.98	0.2	135	137	
0.4	0.5	29	150	2	4	100	40498	100	40498	0.003	0	0.003	0.003	404.98	0.2	403	405	
0.4	0.5	5	151	33	4	60	16138	59	15869	0.003	0	0.003	0.003	268.966	0.260378	267	269	
0.4	0.5	18	152	9	4	100	46900	100	46900	0.003	0	0.003	0.003	469	0	469	469	
0.4	0.5	15	153	1	4	100	15300	100	15300	0.003	0	0.003	0.003	153	0	153	153	
0.4	0.5	11	154	11	4	100	16100	100	16100	0.003	0	0.003	0.003	161	0	161	161	
0.4	0.5	23	155	9	4	100	20100	100	20100	0.003	0	0.003	0.003	201	0	201	201	
0.4	0.5	14	156	8	4	100	53298	100	53298	0.003	0	0.003	0.003	532.98	0.2	531	533	
0.4	0.5	2	157	11	4	84	8868	85	8865	0.00448235	0.00287689	0.003	0.01	104.294	38.1535	77	157	
0.4	0.5	54	158	4	4	100	15700	100	15700	0.003	0	0.003	0.003	157	0	157	157	
0.4	0.5	17	159	7	4	100	23300	100	23300	0.003	0	0.003	0.003	233	0	233	233	
0.4	0.5	36	160	4	4	100	77499	100	77499	0.003	0	0.003	0.003	774.99	0.1	774	775	
0.4	0.5	44	161	1	4	100	74900	100	74900	0.003	0	0.003	0.003	749	0	749	749	
0.4	0.5	28	162	9	4	100	53298	100	53298	0.003	0	0.003	0.003	532.98	0.2	531	533	
0.4	0.5	55	163	14	4	81	5427	80	5360	0.003	0	0.003	0.003	67	0	67	67	
0.4	0.5	28	164	6	4	99	25047	100	25300	0.00307	0.0007	0.003	0.01	253	0	253	253	
0.4	0.5	55	165	25	4	81	6237	81	6237	0.00325926	0.0013302	0.003	0.01	77	0	77	77	
0.4	0.5	40	166	1	4	85	32449	87	33227	0.00428736	0.00272759	0.003	0.01	381.92	24.0751	301	389	
0.4	0.5	20	167	6	4	100	23300	100	23300	0.003	0	0.003	0.003	233	0	233	233	
0.4	0.5	50	168	4	4	100	34899	100	34899	0.003	0	0.003	0.003	348.99	0.1	348	349	
0.4	0.5	24	169	16	4	68	5236	68	5236	0.00330882	0.00144818	0.003	0.01	77	0	77	77	
0.4	0.5	34	170	9	4	48	7344	49	7497	0.00842857	0.00295099	0.003	0.01	153	0	153	153	
0.4	0.5	37	171	12	4	100	15300	100	15300	0.003	0	0.003	0.003	153	0	153	153	
0.4	0.5	42	172	14	4	100	16100	100	16100	0.003	0	0.003	0.003	161	0	161	161	
0.4	0.5	11	173	2	4	100	23300	100	23300	0.003	0	0.003	0.003	233	0	233	233	
0.4	0.5	40	174	7	4	83	40063	82	39578	0.00445122	0.00285516	0.003	0.01	482.659	8.38461	453	485	
0.4	0.5	47	175	6	4	100	30100	100	30100	0.003	0	0.003	0.003	301	0	301	301	
0.4	0.5	52	176	9	4	75	14475	74	14282	0.003	0	0.003	0.003	193	0	193	193	
0.4	0.5	41	177	31	4	64	6207	64	6207	0.003	0	0.003	0.003	96.9844	0.125	96	97	
0.4	0.5	16	178	13	4	53	4081	52	4004	0.00932692	0.00208375	0.003	0.01	77	0	77	77	
0.4	0.5	15	179	14	4	100	12499	100	12499	0.003	0	0.003	0.003	124.99	0.1	124	125	
0.4	0.5	53	180	7	4	100	46900	100	46900	0.003	0	0.003	0.003	469	0	469	469	
0.4	0.5	21	181	1	4	83	26207	79	24907	0.00450633	0.00289506	0.003	0.01	315.278	12.8532	253	325	
0.4	0.5	35	182	4	4	100	38900	100	38900	0.003	0	0.003	0.003	389	0	389	389	
0.4	0.5	3	183	3	4	100	50036	100	50036	0.003	0	0.003	0.003	500.36	78.1167	469	693	
0.4	0.5	16	184	5	4	100	26899	100	26899	0.003	0	0.003	0.003	268.99	0.1	268	269	
0.4	0.5	35	185	6	4	100	38900	100	38898	0.003	0	0.003	0.003	388.98	0.2	387	389	
0.4	0.5	41	186	47	4	65	2079	65	2079	0.00321538	0.00121825	0.003	0.01	31.9846	0.124035	31	32	
0.4	0.5	18	187	11	4	100	25300	100	25300	0.003	0	0.003	0.003	253	0	253	253	
0.4	0.5	39	188	5	4	58	2840	57	2793	0.003	0	0.003	0.003	49	0	49	49	
0.4	0.5	13	189	8	4	100	15700	100	15700	0.003	0	0.003	0.003	157	0	157	157	
0.4	0.5	27	190	3	4	100	74900	100	74900	0.003	0	0.003	0.003	749	0	749	749	
0.4	0.5	34	191	13	4	86	13844	87	14005	0.003	0	0.003	0.003	160.977	0.214423	159	161	
0.4	0.5	49	192	2	4	49	22197	50	22650	0.01	0	0.01	0.01	453	0	453	453	
0.4	0.5	2	193	1	4	100	53842	100	54218	0.003	0	0.003	0.003	542.18	187.978	373	749	
0.4	0.5	55	194	1	4	82	12546	83	12699	0.003	0	0.003	0.003	153	0	153	153	
0.4	0.5	8	195	4	4	100	6840	100	6770	0.003	0	0.003	0.003	67.7	7	67	137	
0.4	0.5	28	196	4	4	100	13698	100	13698	0.003	0	0.003	0.003	136.98	0.2	135	137	
0.4	0.5	26	197	4	4	100	74900	100	74900	0.003	0	0.003	0.003	749	0	749	749	
0.4	0.5	32	198	4	4	100	51700	100	51700	0.003	0	0.003	0.003	517	0	517	517	
0.4	0.5	24	199	34	4	71	6887	71	6887	0.003	0	0.003	0.003	97	0	97	97	
0.4	0.5	5	200	39	4	50	8048	50	8048	0.003	0	0.003	0.003	160.96	0.282843	159	161	
0.4	0.5	34	201	28	4	86	4214	85	4165	0.00308235	0.000759257	0.003	0.01	49	0	49	49	
0.4	0.5	16	202	6	4	100	16100	100	16100	0.003	0	0.003	0.003	161	0	161	161	
0.4	0.5	26	203	6	4	100	53300	100	53300	0.003	0	0.003	0.003	533	0	533	533	
0.4	0.5	15	204	17	4	100	16100	100	16100	0.003	0	0.003	0.003	161	0	161	161	
0.4	0.5	34	205	30	4	86	4214	86	4214	0.003	0	0.003	0.003	49	0	49	49	
0.4	0.5	11	206	15	4	100	19300	100	19300	0.003	0	0.003	0.003	193	0	193	193	
0.4	0.5	42	207	7	4	96	35805	96	35805	0.00329167	0.00140613	0.003	0.01	372.969	0.227255	371	373	
0.4	0.5	3	208	1	4	100	30052	100	30052	0.003	0	0.003	0.003	300.52	55.0608	253	453	
0.4	0.5	52	209	16	4	78	12558	78	12558	0.003	0	0.003	0.003	161	0	161	161	
0.4	0.5	11	210	5	4	100	23300	100	23300	0.003	0	0.003	0.003	233	0	233	233	
0.4	0.5	41	211	5	4	64	10304	63	10143	0.003	0	0.003	0.003	161	0	161	161	
0.4	0.5	25	212	1	4	78	19734	78	19734	0.00497436	0.00317038	0.003	0.01	253	0	253	253	
0.4	0.5	34	213	2	4	87	6699	87	6699	0.003	0	0.003	0.003	77	0	77	77	
0.4	0.5	14	214	5	4	100	46900	100	46900	0.003	0	0.003	0.003	469	0	469	469	
0.4	0.5	11	215	7	4	100	26900	100	26900	0.003	0	0.003	0.003	269	0	269	269	
0.4	0.5	16	216	8	4	100	19300	100	19300	0.003	0	0.003	0.003	193	0	193	193	
0.4	0.5	48	217	4	4	100	77500	100	77500	0.003	0	0.003	0.003	775	0	775	775	
0.4	0.5	52	218	32	4	78	3822	78	3822	0.003	0	0.003	0.003	49	0	49	49	
0.4	0.5	40	219	3	4	100	20900	100	20900	0.003	0	0.003	0.003	209	0	209	209	
0.4	0.5	1	220	10	4	82	7954	81	7857	0.003	0	0.003	0.003	97	0	97	97	
0.4	0.5	2	221	10	4	98	9002	98	9054	0.00314286	0.000994832	0.003	0.01	92.3878	34.79	49	137	
0.4	0.5	41	222	14	4	62	9486	62	9486	0.003	0	0.003	0.003	153	0	153	153	
0.4	0.5	39	223	28	4	50	3350	51	3417	0.00354902	0.00190067	0.003	0.01	67	0	67	67	
0.4	0.5	27	224	11	4	100	25300	100	25300	0.003	0	0.003	0.003	253	0	253	253	
0.4	0.5	4	225	3	4	100	25300	100	25300	0.003	0	0.003	0.003	253	0	253	253	
0.4	0.5	37	226	9	4	100	3200	100	3200	0.003	0	0.003	0.003	32	0	32	32	
0.4	0.5	41	227	32	4	59	7795	60	7948	0.00311667	0.000903696	0.003	0.01	132.467	12.4866	125	153	
0.4	0.5	38	228	5	4	100	31700	100	31700	0.003	0	0.003	0.003	317	0	317	317	
0.4	0.5	39	229	6	4	56	7000	55	6875	0.003	0	0.003	0.003	125	0	125	125	
0.4	0.5	23	230	1	4	100	30900	100	30900	0.003	0	0.003	0.003	309	0	309	309	
0.4	0.5	52	231	7	4	76	2432	73	2336	0.003	0	0.003	0.003	32	0	32	32	
0.4	0.5	47	232	7	4	100	45298	100	45298	0.003	0	0.003	0.003	452.98	0.2	451	453	
0.4	0.5	5	233	32	4	64	4288	64	4288	0.003	0	0.003	0.003	67	0	67	67	
0.4	0.5	26	234	8	4	100	13700	100	13700	0.003	0	0.003	0.003	137	0	137	137	
0.4	0.5	55	235	8	4	81	3969	81	3969	0.003	0	0.003	0.003	49	0	49	49	
0.4	0.5	52	236	27	4	76	12236	77	12397	0.003	0	0.003	0.003	161	0	161	161	
0.4	0.5	55	237	7	4	82	22058	83	22327	0.003	0	0.003	0.003	269	0	269	269	
0.4	0.5	39	238	4	4	55	5335	55	5335	0.003	0	0.003	0.003	97	0	97	97	
0.4	0.5	45	239	3	4	83	13031	81	12717	0.00438272	0.00280432	0.003	0.01	157	0	157	157	
0.4	0.5	37	240	14	4	100	4898	100	4898	0.003	0	0.003	0.003	48.98	0.2	47	49	
0.4	0.5	16	241	1	4	100	12498	100	12498	0.003	0	0.003	0.003	124.98	0.2	123	125	
0.4	0.5	34	242	21	4	87	6699	86	6622	0.003	0	0.003	0.003	77	0	77	77	
0.4	0.5	18	243	3	4	100	25300	100	25300	0.003	0	0.003	0.003	253	0	253	253	
0.4	0.5	26	244	7	4	100	62100	100	62100	0.003	0	0.003	0.003	621	0	621	621	
0.4	0.5	38	245	1	4	100	105600	100	105600	0.003	0	0.003	0.003	1056	0	1056	1056	
0.4	0.5	42	246	6	4	100	37296	100	37297	0.003	0	0.003	0.003	372.97	0.222702	371	373	
0.4	0.5	55	247	22	4	80	5360	80	5360	0.00335	0.00153524	0.003	0.01	67	0	67	67	
0.4	0.5	34	248	12	4	86	4212	87	4261	0.003	0	0.003	0.003	48.977	0.214423	47	49	
0.4	0.5	52	249	20	4	82	5494	83	5561	0.003	0	0.003	0.003	67	0	67	67	
0.4	0.5	6	250	11	4	100	38899	100	38899	0.003	0	0.003	0.003	388.99	0.1	388	389	
0.4	0.5	39	251	13	4	55	2695	55	2695	0.003	0	0.003	0.003	49	0	49	49	
0.4	0.5	7	252	1	4	100	30100	100	30100	0.003	0	0.003	0.003	301	0	301	301	
0.4	0.5	2	253	3	4	100	18132	100	18260	0.003	0	0.003	0.003	182.6	64	125	253	
0.4	0.5	52	254	6	4	77	5159	77	5159	0.003	0	0.003	0.003	67	0	67	67	
0.4	0.5	41	255	46	4	63	6111	63	6111	0.00344444	0.00172063	0.003	0.01	97	0	97	97	
0.4	0.5	8	256	13	4	100	6840	100	6770	0.003	0	0.003	0.003	67.7	7	67	137	
0.4	0.5	13	257	9	4	100	13700	100	13700	0.003	0	0.003	0.003	137	0	137	137	
0.4	0.5	44	258	9	4	100	30452	100	30452	0.003	0	0.003	0.003	304.52	15.269	253	309	
0.4	0.5	29	259	4	4	100	31700	100	31700	0.003	0	0.003	0.003	317	0	317	317	
0.4	0.5	5	260	51	4	50	8050	50	8050	0.003	0	0.003	0.003	161	0	161	161	
0.4	0.5	3	261	6	4	100	79743	100	79743	0.003	0	0.003	0.003	797.43	120.637	749	1095	
0.4	0.5	6	262	7	4	100	32498	100	32498	0.003	0	0.003	0.003	324.98	0.2	323	325	
0.4	0.5	6	263	1	4	100	25300	100	25300	0.003	0	0.003	0.003	253	0	253	253	
0.4	0.5	5	264	16	4	50	9650	50	9650	0.003	0	0.003	0.003	193	0	193	193	
0.4	0.5	39	265	30	4	57	9177	57	9177	0.00312281	0.000927173	0.003	0.01	161	0	161	161	
0.4	0.5	25	266	6	4	100	74900	100	74900	0.003	0	0.003	0.003	749	0	749	749	
0.4	0.5	41	267	22	4	62	9878	62	9886	0.0031129	0.000889001	0.003	0.01	159.452	3.18643	153	161	
0.4	0.5	53	268	2	4	99	46431	99	46431	0.00307071	0.000703526	0.003	0.01	469	0	469	469	
0.4	0.5	44	269	6	4	100	30900	100	30900	0.003	0	0.003	0.003	309	0	309	309	
0.4	0.5	8	270	2	4	100	12756	100	12628	0.003	0	0.003	0.003	126.28	12.8	125	253	
0.4	0.5	9	271	1	4	100	105600	100	105600	0.003	0	0.003	0.003	1056	0	1056	1056	
0.4	0.5	24	272	32	4	61	4697	62	4774	0.00401613	0.00248597	0.003	0.01	77	0	77	77	
0.4	0.5	35	273	10	4	100	15698	100	15698	0.003	0	0.003	0.003	156.98	0.2	155	157	
0.4	0.5	23	274	2	4	100	20100	100	20100	0.003	0	0.003	0.003	201	0	201	201	
0.4	0.5	14	275	1	4	98	38122	98	38122	0.00314286	0.000994832	0.003	0.01	389	0	389	389	
0.4	0.5	28	276	8	4	100	20100	100	20100	0.003	0	0.003	0.003	201	0	201	201	
0.4	0.5	4	277	4	4	100	74900	100	74900	0.003	0	0.003	0.003	749	0	749	749	
0.4	0.5	23	278	5	4	100	46899	100	46899	0.003	0	0.003	0.003	468.99	0.1	468	469	
0.4	0.5	13	279	3	4	100	20100	100	20100	0.003	0	0.003	0.003	201	0	201	201	
0.4	0.5	19	280	8	4	100	74900	100	74900	0.003	0	0.003	0.003	749	0	749	749	
0.4	0.5	56	281	1	4	100	42100	100	42100	0.003	0	0.003	0.003	421	0	421	421	
0.4	0.5	16	282	4	4	100	12500	100	12500	0.003	0	0.003	0.003	125	0	125	125	
0.4	0.5	31	283	8	4	100	105600	100	105600	0.003	0	0.003	0.003	1056	0	1056	1056	
0.4	0.5	22	284	7	4	100	20900	100	20900	0.003	0	0.003	0.003	209	0	209	209	
0.4	0.5	16	285	11	4	93	11623	94	11748	0.00352128	0.00184757	0.003	0.01	124.979	0.206284	123	125	
0.4	0.5	13	286	5	4	100	25298	100	25298	0.003	0	0.003	0.003	252.98	0.2	251	253	
0.4	0.5	2	287	8	4	100	38172	100	38436	0.003	0	0.003	0.003	384.36	133.102	233	533	
0.4	0.5	39	288	34	4	55	2695	55	2695	0.003	0	0.003	0.003	49	0	49	49	
0.4	0.5	34	289	29	4	86	5762	86	5762	0.003	0	0.003	0.003	67	0	67	67	
0.4	0.5	42	290	3	4	100	26899	100	26899	0.003	0	0.003	0.003	268.99	0.1	268	269	
0.4	0.5	39	291	50	4	55	4235	55	4235	0.003	0	0.003	0.003	77	0	77	77	
0.4	0.5	39	292	49	4	55	1758	55	1758	0.003	0	0.003	0.003	31.9636	0.26968	30	32	
0.4	0.5	42	293	16	4	100	6700	100	6700	0.003	0	0.003	0.003	67	0	67	67	
0.4	0.5	42	294	1	4	100	37296	100	37297	0.003	0	0.003	0.003	372.97	0.222702	371	373	
0.4	0.5	21	295	5	4	100	23658	100	23658	0.003	0	0.003	0.003	236.58	30.7302	201	389	
0.4	0.5	54	296	2	4	100	13700	100	13700	0.003	0	0.003	0.003	137	0	137	137	
0.4	0.5	4	297	12	4	100	25300	100	25300	0.003	0	0.003	0.003	253	0	253	253	
0.4	0.5	4	298	9	4	100	20100	100	20100	0.003	0	0.003	0.003	201	0	201	201	
0.4	0.5	37	299	1	4	100	7698	100	7698	0.003	0	0.003	0.003	76.98	0.2	75	77	
0.4	0.5	30	300	4	4	100	30900	100	30900	0.003	0	0.003	0.003	309	0	309	309	
0.4	0.5	20	301	7	4	99	29526	99	29526	0.00307071	0.000703526	0.003	0.01	298.242	13.456	233	301	
0.4	0.5	45	302	8	4	100	25300	100	25300	0.003	0	0.003	0.003	253	0	253	253	
0.4	0.5	41	303	29	4	64	4288	65	4355	0.003	0	0.003	0.003	67	0	67	67	
0.4	0.5	55	304	16	4	83	10373	82	10248	0.003	0	0.003	0.003	124.976	0.220863	123	125	
0.4	0.5	45	305	10	4	100	13699	100	13699	0.003	0	0.003	0.003	136.99	0.1	136	137	
0.4	0.5	8	306	12	4	100	12754	100	12626	0.003	0	0.003	0.003	126.26	12.8036	123	253	
0.4	0.5	34	307	24	4	84	10498	84	10498	0.00316667	0.0010736	0.003	0.01	124.976	0.218218	123	125	
0.4	0.5	41	308	27	4	64	4234	64	4234	0.00310937	0.000875	0.003	0.01	66.1562	3.83476	49	67	
0.4	0.5	18	309	6	4	100	13700	100	13700	0.003	0	0.003	0.003	137	0	137	137	
0.4	0.5	55	310	10	4	83	12699	82	12546	0.003	0	0.003	0.003	153	0	153	153	
0.4	0.5	52	311	22	4	76	3724	77	3773	0.003	0	0.003	0.003	49	0	49	49	
0.4	0.5	33	312	7	4	100	38900	100	38900	0.003	0	0.003	0.003	389	0	389	389	
0.4	0.5	37	313	27	4	100	9699	100	9699	0.003	0	0.003	0.003	96.99	0.1	96	97	
0.4	0.5	38	314	2	4	100	40500	100	40500	0.003	0	0.003	0.003	405	0	405	405	
0.4	0.5	7	315	7	4	50	29850	52	31044	0.00959615	0.00164805	0.003	0.01	597	0	597	597	
0.4	0.5	38	316	6	4	100	40500	100	40500	0.003	0	0.003	0.003	405	0	405	405	
0.4	0.5	56	317	3	4	100	105600	100	105600	0.003	0	0.003	0.003	1056	0	1056	1056	
0.4	0.5	52	318	24	4	57	4389	57	4389	0.0064386	0.00353057	0.003	0.01	77	0	77	77	
0.4	0.5	27	319	9	4	100	30900	100	30900	0.003	0	0.003	0.003	309	0	309	309	
0.4	0.5	52	320	11	4	77	5159	76	5092	0.003	0	0.003	0.003	67	0	67	67	
0.4	0.5	43	321	2	4	93	104568	92	102875	0.00345652	0.00173783	0.003	0.01	1118.21	142.242	1056	1479	
0.4	0.5	57	322	1	4	87	44979	87	44979	0.00412644	0.00258711	0.003	0.01	517	0	517	517	
0.4	0.5	50	323	5	4	100	105600	100	105600	0.003	0	0.003	0.003	1056	0	1056	1056	
0.4	0.5	13	324	4	4	100	74899	100	74899	0.003	0	0.003	0.003	748.99	0.1	748	749	
0.4	0.5	49	325	5	4	100	38900	100	38900	0.003	0	0.003	0.003	389	0	389	389	
0.4	0.5	15	326	11	4	100	26900	100	26900	0.003	0	0.003	0.003	269	0	269	269	
0.4	0.5	16	327	10	4	100	9700	100	9700	0.003	0	0.003	0.003	97	0	97	97	
0.4	0.5	31	328	2	4	100	38900	100	38900	0.003	0	0.003	0.003	389	0	389	389	
0.4	0.5	10	329	5	4	100	51698	100	51698	0.003	0	0.003	0.003	516.98	0.2	515	517	
0.4	0.5	55	330	3	4	87	4263	87	4263	0.00308046	0.000750479	0.003	0.01	49	0	49	49	
0.4	0.5	52	331	14	4	77	5929	77	5929	0.003	0	0.003	0.003	77	0	77	77	
0.4	0.5	50	332	1	4	100	99899	100	99899	0.003	0	0.003	0.003	998.99	0.1	998	999	
0.4	0.5	7	333	4	4	100	59700	100	59700	0.003	0	0.003	0.003	597	0	597	597	
0.4	0.5	11	334	10	4	99	9601	100	9698	0.00307	0.0007	0.003	0.01	96.98	0.2	95	97	
0.4	0.5	55	335	15	4	88	6776	87	6699	0.003	0	0.003	0.003	77	0	77	77	
0.4	0.5	25	336	8	4	100	30900	100	30900	0.003	0	0.003	0.003	309	0	309	309	
0.4	0.5	24	337	13	4	77	14861	76	14668	0.003	0	0.003	0.003	193	0	193	193	
0.4	0.5	16	338	14	4	100	37300	100	37300	0.003	0	0.003	0.003	373	0	373	373	
0.4	0.5	5	339	23	4	50	8050	51	8211	0.00354902	0.00190067	0.003	0.01	161	0	161	161	
0.4	0.5	55	340	4	4	82	13202	83	13363	0.003	0	0.003	0.003	161	0	161	161	
0.4	0.5	52	341	5	4	78	2494	76	2430	0.003	0	0.003	0.003	31.9737	0.229416	30	32	
0.4	0.5	55	342	27	4	87	5829	87	5829	0.003	0	0.003	0.003	67	0	67	67	
0.4	0.5	35	343	11	4	100	32500	100	32500	0.003	0	0.003	0.003	325	0	325	325	
0.4	0.5	40	344	4	4	100	38898	100	38898	0.003	0	0.003	0.003	388.98	0.2	387	389	
0.4	0.5	10	345	6	4	100	27700	100	27700	0.003	0	0.003	0.003	277	0	277	277	
0.4	0.5	19	346	1	4	100	25300	100	25300	0.003	0	0.003	0.003	253	0	253	253	
0.4	0.5	52	347	13	4	78	20982	77	20713	0.003	0	0.003	0.003	269	0	269	269	
0.4	0.5	15	348	8	4	100	19300	100	19300	0.003	0	0.003	0.003	193	0	193	193	
0.4	0.5	41	349	15	4	60	7500	60	7500	0.003	0	0.003	0.003	125	0	125	125	
0.4	0.5	39	350	3	4	56	1792	56	1792	0.003	0	0.003	0.003	32	0	32	32	
0.4	0.5	26	351	1	4	100	20100	100	20100	0.003	0	0.003	0.003	201	0	201	201	
0.4	0.5	6	352	4	4	100	25298	100	25298	0.003	0	0.003	0.003	252.98	0.2	251	253	
0.4	0.5	37	353	20	4	100	6700	100	6700	0.003	0	0.003	0.003	67	0	67	67	
0.4	0.5	26	354	3	4	100	13700	100	13700	0.003	0	0.003	0.003	137	0	137	137	
0.4	0.5	53	355	5	4	100	38900	100	38900	0.003	0	0.003	0.003	389	0	389	389	
0.4	0.5	41	356	16	4	62	6014	63	6111	0.00377778	0.00221756	0.003	0.01	97	0	97	97	
0.4	0.5	1	357	1	4	80	12880	81	13041	0.003	0	0.003	0.003	161	0	161	161	
0.4	0.5	52	358	29	4	77	2464	78	2496	0.003	0	0.003	0.003	32	0	32	32	
0.4	0.5	26	359	5	4	100	13700	100	13700	0.003	0	0.003	0.003	137	0	137	137	
0.4	0.5	39	360	1	4	55	8855	55	8855	0.003	0	0.003	0.003	161	0	161	161	
0.4	0.5	23	361	12	4	100	13700	100	13700	0.003	0	0.003	0.003	137	0	137	137	
0.4	0.5	24	362	12	4	71	19098	70	18829	0.003	0	0.003	0.003	268.986	0.119523	268	269	
0.4	0.5	37	363	23	4	100	7700	100	7700	0.003	0	0.003	0.003	77	0	77	77	
0.4	0.5	32	364	5	4	100	27700	100	27700	0.003	0	0.003	0.003	277	0	277	277	
0.4	0.5	32	365	1	4	100	77500	100	77500	0.003	0	0.003	0.003	775	0	775	775	
0.4	0.5	41	366	41	4	63	4821	63	4821	0.00377778	0.00221756	0.003	0.01	76.5238	2.14669	67	77	
0.4	0.5	8	367	9	4	100	23772	100	23536	0.003	0	0.003	0.003	235.36	23.6	233	469	
0.4	0.5	31	368	1	4	100	69300	100	69300	0.003	0	0.003	0.003	693	0	693	693	
0.4	0.5	52	369	21	4	77	5929	78	6006	0.003	0	0.003	0.003	77	0	77	77	
0.4	0.5	46	370	5	4	100	31620	100	31620	0.003	0	0.003	0.003	316.2	5.62821	277	317	
0.4	0.5	44	371	8	4	100	20100	100	20100	0.003	0	0.003	0.003	201	0	201	201	
0.4	0.5	29	372	3	4	100	77500	100	77500	0.003	0	0.003	0.003	775	0	775	775	
0.4	0.5	34	373	14	4	85	5695	86	5762	0.003	0	0.003	0.003	67	0	67	67	
0.4	0.5	15	374	15	4	100	6700	100	6700	0.003	0	0.003	0.003	67	0	67	67	
0.4	0.5	16	375	7	4	100	19300	100	19300	0.003	0	0.003	0.003	193	0	193	193	
0.4	0.5	20	376	5	4	100	105715	100	105793	0.003	0	0.003	0.003	1057.93	8.45697	1056	1095	
0.4	0.5	34	377	4	4	84	6468	85	6545	0.0031647	0.00106734	0.003	0.01	77	0	77	77	
0.4	0.5	2	378	13	4	72	7334	72	7484	0.005625	0.00341264	0.003	0.01	103.944	37.8522	67	157	
0.4	0.5	37	379	26	4	100	6700	100	6700	0.003	0	0.003	0.003	67	0	67	67	
0.4	0.5	47	380	3	4	100	38900	100	38900	0.003	0	0.003	0.003	389	0	389	389	
0.4	0.5	54	381	8	4	100	20100	100	20100	0.003	0	0.003	0.003	201	0	201	201	
0.4	0.5	41	382	42	4	63	3087	63	3087	0.003	0	0.003	0.003	49	0	49	49	
0.4	0.5	27	383	8	4	100	53298	100	53298	0.003	0	0.003	0.003	532.98	0.2	531	533	
0.4	0.5	53	384	10	4	100	32498	100	32498	0.003	0	0.003	0.003	324.98	0.2	323	325	
0.4	0.5	49	385	4	4	100	30100	100	30100	0.003	0	0.003	0.003	301	0	301	301	
0.4	0.5	47	386	5	4	100	45300	100	45300	0.003	0	0.003	0.003	453	0	453	453	
0.4	0.5	24	387	29	4	76	9500	76	9500	0.003	0	0.003	0.003	125	0	125	125	
0.4	0.5	43	388	3	4	100	40500	100	40500	0.003	0	0.003	0.003	405	0	405	405	
0.4	0.5	35	389	7	4	100	62100	100	62100	0.003	0	0.003	0.003	621	0	621	621	
0.4	0.5	39	390	42	4	54	3600	54	3600	0.00312963	0.000952579	0.003	0.01	66.6667	2.44949	49	67	
0.4	0.5	17	391	6	4	100	48500	100	48500	0.003	0	0.003	0.003	485	0	485	485	
0.4	0.5	16	392	3	4	100	26899	100	26899	0.003	0	0.003	0.003	268.99	0.1	268	269	
0.4	0.5	21	393	9	4	99	15771	97	15457	0.00307216	0.000710742	0.003	0.01	159.351	13.2256	157	233	
0.4	0.5	41	394	9	4	62	4774	61	4697	0.003	0	0.003	0.003	77	0	77	77	
0.4	0.5	19	395	2	4	100	30900	100	30900	0.003	0	0.003	0.003	309	0	309	309	
0.4	0.5	28	396	12	4	100	13700	100	13700	0.003	0	0.003	0.003	137	0	137	137	
0.4	0.5	41	397	1	4	63	16946	63	16946	0.003	0	0.003	0.003	268.984	0.125988	268	269	
0.4	0.5	34	398	25	4	86	16598	85	16405	0.003	0	0.003	0.003	193	0	193	193	
0.4	0.5	42	399	9	4	100	30100	100	30100	0.003	0	0.003	0.003	301	0	301	301	
0.4	0.5	54	400	5	4	61	9576	61	9576	0.00747541	0.00338923	0.003	0.01	156.984	0.128037	156	157	
0.4	0.5	24	401	28	4	70	6790	71	6887	0.003	0	0.003	0.003	97	0	97	97	
0.4	0.5	39	402	23	4	55	6875	55	6875	0.003	0	0.003	0.003	125	0	125	125	
0.4	0.5	30	403	8	4	100	74900	100	74900	0.003	0	0.003	0.003	749	0	749	749	
0.4	0.5	52	404	19	4	78	2496	76	2432	0.003	0	0.003	0.003	32	0	32	32	
0.4	0.5	37	405	10	4	100	3200	100	3200	0.003	0	0.003	0.003	32	0	32	32	
0.4	0.5	18	406	8	4	100	74900	100	74900	0.003	0	0.003	0.003	749	0	749	749	
0.4	0.5	39	407	35	4	54	6750	54	6750	0.003	0	0.003	0.003	125	0	125	125	
0.4	0.5	37	408	7	4	100	9700	100	9700	0.003	0	0.003	0.003	97	0	97	97	
0.4	0.5	19	409	3	4	100	20100	100	20100	0.003	0	0.003	0.003	201	0	201	201	
0.4	0.5	42	410	5	4	100	9700	100	9700	0.003	0	0.003	0.003	97	0	97	97	
0.4	0.5	10	411	4	4	100	93500	100	93500	0.003	0	0.003	0.003	935	0	935	935	
0.4	0.5	47	412	2	4	100	59700	100	59700	0.003	0	0.003	0.003	597	0	597	597	
0.4	0.5	34	413	8	4	87	32451	87	32451	0.003	0	0.003	0.003	373	0	373	373	
0.4	0.5	15	414	2	4	100	19300	100	19300	0.003	0	0.003	0.003	193	0	193	193	
0.4	0.5	6	415	3	4	100	38900	100	38900	0.003	0	0.003	0.003	389	0	389	389	
0.4	0.5	39	416	2	4	58	3886	58	3886	0.003	0	0.003	0.003	67	0	67	67	
0.4	0.5	2	417	12	4	100	26964	100	27128	0.003	0	0.003	0.003	271.28	96.2577	161	389	
0.4	0.5	39	418	40	4	55	1758	55	1758	0.003	0	0.003	0.003	31.9636	0.26968	30	32	
0.4	0.5	2	419	5	4	69	6893	68	6576	0.00619118	0.00351227	0.003	0.01	96.7059	35.1105	67	157	
0.4	0.5	43	420	4	4	100	51700	100	51700	0.003	0	0.003	0.003	517	0	517	517	
0.4	0.5	52	421	18	4	80	9998	80	10000	0.003	0	0.003	0.003	125	0	125	125	
0.4	0.5	44	422	3	4	100	38900	100	38900	0.003	0	0.003	0.003	389	0	389	389	
0.4	0.5	15	423	4	4	100	37300	100	37300	0.003	0	0.003	0.003	373	0	373	373	
0.4	0.5	54	424	11	4	82	20745	84	21251	0.00458333	0.00294614	0.003	0.01	252.988	0.109109	252	253	
0.4	0.5	37	425	13	4	100	12500	100	12500	0.003	0	0.003	0.003	125	0	125	125	
0.4	0.5	30	426	3	4	94	18892	94	18892	0.00352128	0.00184757	0.003	0.01	200.979	0.206284	199	201	
0.4	0.5	1	427	30	4	80	6160	81	6237	0.003	0	0.003	0.003	77	0	77	77	
0.4	0.5	53	428	4	4	100	15699	100	15699	0.003	0	0.003	0.003	156.99	0.1	156	157	
0.4	0.5	22	429	1	4	100	44787	100	44787	0.003	0	0.003	0.003	447.87	17.4476	389	453	
0.4	0.5	20	430	8	4	100	20900	100	20900	0.003	0	0.003	0.003	209	0	209	209	
0.4	0.5	41	431	6	4	55	20227	55	20227	0.00465454	0.00300135	0.003	0.01	367.764	18.8699	301	373	
0.4	0.5	56	432	2	4	100	105600	100	105600	0.003	0	0.003	0.003	1056	0	1056	1056	
0.4	0.5	37	433	6	4	100	7698	100	7698	0.003	0	0.003	0.003	76.98	0.2	75	77	
0.4	0.5	38	434	3	4	100	31700	100	31700	0.003	0	0.003	0.003	317	0	317	317	
0.4	0.5	9	435	5	4	100	64498	100	64498	0.003	0	0.003	0.003	644.98	0.2	643	645	
0.4	0.5	19	436	4	4	100	32499	100	32499	0.003	0	0.003	0.003	324.99	0.1	324	325	
0.4	0.5	22	437	3	4	100	59700	100	59700	0.003	0	0.003	0.003	597	0	597	597	
0.4	0.5	1	438	3	4	81	10125	81	10125	0.003	0	0.003	0.003	125	0	125	125	
0.4	0.5	52	439	30	4	77	3773	78	3822	0.003	0	0.003	0.003	49	0	49	49	
0.4	0.5	8	440	11	4	100	9908	100	9804	0.003	0	0.003	0.003	98.04	10.4	97	201	
0.4	0.5	30	441	6	4	100	20100	100	20100	0.003	0	0.003	0.003	201	0	201	201	
0.4	0.5	2	442	6	4	100	18132	100	18260	0.003	0	0.003	0.003	182.6	64	125	253	
0.4	0.5	52	443	31	4	76	11628	76	11628	0.003	0	0.003	0.003	153	0	153	153	
0.4	0.5	25	444	2	4	100	32500	100	32500	0.003	0	0.003	0.003	325	0	325	325	
0.4	0.5	3	445	8	4	100	38932	100	38996	0.003	0	0.003	0.003	389.96	54.2381	325	597	
0.4	0.5	17	446	4	4	100	20900	100	20900	0.003	0	0.003	0.003	209	0	209	209	
0.4	0.5	45	447	7	4	55	11055	55	11055	0.00872727	0.00272475	0.003	0.01	201	0	201	201	
0.4	0.5	33	448	1	4	100	30099	100	30099	0.003	0	0.003	0.003	300.99	0.1	300	301	
0.4	0.5	42	449	11	4	100	15300	100	15300	0.003	0	0.003	0.003	153	0	153	153	
0.4	0.5	23	450	11	4	100	15699	100	15699	0.003	0	0.003	0.003	156.99	0.1	156	157	
0.4	0.5	42	451	15	4	98	6566	98	6566	0.00314286	0.000994832	0.003	0.01	67	0	67	67	
0.4	0.5	55	452	6	4	82	4018	83	4067	0.003	0	0.003	0.003	49	0	49	49	
0.4	0.5	52	453	15	4	76	3724	76	3724	0.003	0	0.003	0.003	49	0	49	49	
0.4	0.5	10	454	1	4	100	64499	100	64499	0.003	0	0.003	0.003	644.99	0.1	644	645	
0.4	0.5	46	455	6	4	100	62100	100	62100	0.003	0	0.003	0.003	621	0	621	621	
0.4	0.5	9	456	4	4	100	31700	100	31700	0.003	0	0.003	0.003	317	0	317	317	
0.4	0.5	55	457	29	4	83	2656	84	2688	0.003	0	0.003	0.003	32	0	32	32	
0.4	0.5	54	458	7	4	100	74900	100	74900	0.003	0	0.003	0.003	749	0	749	749	
0.4	0.5	34	459	23	4	87	10873	86	10748	0.003	0	0.003	0.003	124.977	0.215666	123	125	
0.4	0.5	28	460	2	4	100	13698	100	13698	0.003	0	0.003	0.003	136.98	0.2	135	137	
0.4	0.5	45	461	6	4	58	9106	57	8949	0.00815789	0.00310983	0.003	0.01	157	0	157	157	
0.4	0.5	12	462	4	4	100	99900	100	99900	0.003	0	0.003	0.003	999	0	999	999	
0.4	0.5	33	463	5	4	100	23300	100	23300	0.003	0	0.003	0.003	233	0	233	233	
0.4	0.5	19	464	9	4	100	74900	100	74900	0.003	0	0.003	0.003	749	0	749	749	
0.4	0.5	42	465	12	4	100	37300	100	37300	0.003	0	0.003	0.003	373	0	373	373	
0.4	0.5	37	466	24	4	100	26900	100	26900	0.003	0	0.003	0.003	269	0	269	269	
0.4	0.5	34	467	18	4	86	13846	87	14007	0.003	0	0.003	0.003	161	0	161	161	
0.4	0.5	7	468	5	4	100	20900	100	20900	0.003	0	0.003	0.003	209	0	209	209	
0.4	0.5	8	469	5	4	100	27428	100	27164	0.003	0	0.003	0.003	271.64	26.4	269	533	
0.4	0.5	27	470	2	4	100	30899	100	30899	0.003	0	0.003	0.003	308.99	0.1	308	309	
0.4	0.5	53	471	3	4	100	13700	100	13700	0.003	0	0.003	0.003	137	0	137	137	
0.4	0.5	33	472	2	4	100	23300	100	23300	0.003	0	0.003	0.003	233	0	233	233	
0.4	0.5	22	473	4	4	100	20898	100	20898	0.003	0	0.003	0.003	208.98	0.2	207	209	
0.4	0.5	15	474	13	4	100	23300	100	23300	0.003	0	0.003	0.003	233	0	233	233	
0.4	0.5	29	475	5	4	100	31700	100	31700	0.003	0	0.003	0.003	317	0	317	317	
0.4	0.5	19	476	12	4	100	13700	100	13700	0.003	0	0.003	0.003	137	0	137	137	
0.4	0.5	34	477	7	4	87	4263	87	4263	0.003	0	0.003	0.003	49	0	49	49	
0.4	0.5	5	478	6	4	50	4850	50	4850	0.003	0	0.003	0.003	97	0	97	97	
0.4	0.5	39	479	27	4	56	3752	56	3752	0.003125	0.000935414	0.003	0.01	67	0	67	67	
0.4	0.5	24	480	9	4	76	5092	76	5092	0.003	0	0.003	0.003	67	0	67	67	
0.4	0.5	41	481	28	4	62	1984	63	2016	0.003	0	0.003	0.003	32	0	32	32	
0.4	0.5	55	482	19	4	84	31332	84	31332	0.003	0	0.003	0.003	373	0	373	373	
0.4	0.5	37	483	5	4	100	9700	100	9700	0.003	0	0.003	0.003	97	0	97	97	
0.4	0.5	37	484	18	4	98	12250	98	12250	0.00314286	0.000994832	0.003	0.01	125	0	125	125	
0.4	0.5	39	485	25	4	54	3600	54	3600	0.003	0	0.003	0.003	66.6667	2.44949	49	67	
0.4	0.5	14	486	3	4	100	10100	100	10100	0.003	0	0.003	0.003	101	0	101	101	
0.4	0.5	34	487	22	4	86	16598	85	16405	0.003	0	0.003	0.003	193	0	193	193	
0.4	0.5	46	488	3	4	59	18702	60	19019	0.00766667	0.00332768	0.003	0.01	316.983	0.129099	316	317	
0.4	0.5	28	489	7	4	100	20099	100	20099	0.003	0	0.003	0.003	200.99	0.1	200	201	
0.4	0.5	37	490	2	4	100	23300	100	23300	0.003	0	0.003	0.003	233	0	233	233	
0.4	0.5	54	491	10	4	100	74898	100	74898	0.003	0	0.003	0.003	748.98	0.2	747	749	
0.4	0.5	45	492	9	4	100	32500	100	32500	0.003	0	0.003	0.003	325	0	325	325	
0.4	0.5	30	493	2	4	100	20100	100	20100	0.003	0	0.003	0.003	201	0	201	201	
0.4	0.5	13	494	6	4	100	30900	100	30900	0.003	0	0.003	0.003	309	0	309	309	
0.4	0.5	26	495	9	4	100	25300	100	25300	0.003	0	0.003	0.003	253	0	253	253	
0.4	0.5	55	496	12	4	84	10498	83	10375	0.003	0	0.003	0.003	125	0	125	125	
0.4	0.5	32	497	2	4	100	106300	100	106300	0.003	0	0.003	0.003	1063	0	1063	1063	
0.4	0.5	39	498	51	4	55	2695	55	2695	0.003	0	0.003	0.003	49	0	49	49	
0.4	0.5	36	499	3	4	100	96700	100	96700	0.003	0	0.003	0.003	967	0	967	967	
0.4	0.5	11	500	8	4	94	15134	95	15295	0.00351579	0.0018385	0.003	0.01	161	0	161	161	
0.4	0.5	34	501	20	4	85	6545	85	6545	0.00308235	0.000759257	0.003	0.01	77	0	77	77	
0.4	0.5	55	502	24	4	82	4018	82	4018	0.003	0	0.003	0.003	49	0	49	49	
0.4	0.5	41	503	4	4	63	10143	62	9982	0.003	0	0.003	0.003	161	0	161	161	
0.4	0.5	4	504	8	4	100	30900	100	30900	0.003	0	0.003	0.003	309	0	309	309	
0.4	0.5	17	505	8	4	100	20900	100	20900	0.003	0	0.003	0.003	209	0	209	209	
0.4	0.5	32	506	6	4	100	40500	100	40500	0.003	0	0.003	0.003	405	0	405	405	
0.4	0.5	15	507	12	4	100	19300	100	19300	0.003	0	0.003	0.003	193	0	193	193	
0.4	0.5	45	508	1	4	100	74900	100	74898	0.003	0	0.003	0.003	748.98	0.2	747	749	
0.4	0.5	52	509	17	4	75	9373	75	9373	0.003	0	0.003	0.003	124.973	0.23094	123	125	
0.4	0.5	24	510	19	4	76	5092	76	5092	0.003	0	0.003	0.003	67	0	67	67	
0.4	0.5	39	511	14	4	55	3685	55	3685	0.003	0	0.003	0.003	67	0	67	67	
0.4	0.5	21	512	6	4	92	14444	93	14601	0.00360215	0.00197341	0.003	0.01	157	0	157	157	
0.4	0.5	44	513	11	4	100	13698	100	13698	0.003	0	0.003	0.003	136.98	0.2	135	137	
0.4	0.5	48	514	1	4	100	20899	100	20899	0.003	0	0.003	0.003	208.99	0.1	208	209	
0.4	0.5	35	515	5	4	100	15700	100	15700	0.003	0	0.003	0.003	157	0	157	157	
0.4	0.5	40	516	5	4	100	23294	100	23292	0.003	0	0.003	0.003	232.92	0.393893	231	233	
0.4	0.5	39	517	31	4	55	2695	55	2695	0.003	0	0.003	0.003	49	0	49	49	
0.4	0.5	46	518	1	4	100	40500	100	40500	0.003	0	0.003	0.003	405	0	405	405	
0.4	0.5	55	519	21	4	85	8245	85	8245	0.00324706	0.00129932	0.003	0.01	97	0	97	97	
0.4	0.5	8	520	1	4	98	6566	98	6566	0.00307143	0.000707107	0.003	0.01	67	0	67	67	
0.4	0.5	12	521	5	4	100	99900	100	99900	0.003	0	0.003	0.003	999	0	999	999	
0.4	0.5	15	522	16	4	100	37300	100	37300	0.003	0	0.003	0.003	373	0	373	373	
0.4	0.5	21	523	7	4	100	15928	100	15928	0.003	0	0.003	0.003	159.28	13.0299	157	233	
0.4	0.5	39	524	26	4	55	8415	56	8568	0.003	0	0.003	0.003	153	0	153	153	
0.4	0.5	29	525	1	4	100	51700	100	51700	0.003	0	0.003	0.003	517	0	517	517	
0.4	0.5	6	526	9	4	100	53300	100	53300	0.003	0	0.003	0.003	533	0	533	533	
0.4	0.5	54	527	3	4	100	20098	100	20098	0.003	0	0.003	0.003	200.98	0.2	199	201	
0.4	0.5	39	528	33	4	55	4235	55	4235	0.00350909	0.00183457	0.003	0.01	77	0	77	77	
0.4	0.5	52	529	2	4	81	5427	81	5427	0.003	0	0.003	0.003	67	0	67	67	
0.4	0.5	21	530	8	4	100	13915	100	13915	0.003	0	0.003	0.003	139.15	12.3463	136	209	
0.4	0.5	34	531	1	4	86	8342	86	8342	0.003	0	0.003	0.003	97	0	97	97	
0.4	0.5	53	532	8	4	100	53300	100	53300	0.003	0	0.003	0.003	533	0	533	533	
0.4	0.5	18	533	7	4	100	74900	100	74900	0.003	0	0.003	0.003	749	0	749	749	
0.4	0.5	23	534	10	4	100	13700	100	13700	0.003	0	0.003	0.003	137	0	137	137	
0.4	0.5	35	535	2	4	100	15700	100	15700	0.003	0	0.003	0.003	157	0	157	157	
0.4	0.5	4	536	6	4	100	38900	100	38900	0.003	0	0.003	0.003	389	0	389	389	
0.4	0.5	41	537	39	4	64	14912	65	15145	0.003	0	0.003	0.003	233	0	233	233	
0.4	0.5	19	538	10	4	100	30900	100	30900	0.003	0	0.003	0.003	309	0	309	309	
0.4	0.5	23	539	3	4	100	32500	100	32500	0.003	0	0.003	0.003	325	0	325	325	
0.4	0.5	11	540	6	4	64	4928	67	5159	0.00686567	0.00350712	0.003	0.01	77	0	77	77	
0.4	0.5	39	541	57	4	56	1790	57	1822	0.003	0	0.003	0.003	31.9649	0.264906	30	32	
0.4	0.5	17	542	2	4	100	45300	100	45300	0.003	0	0.003	0.003	453	0	453	453	
0.4	0.5	51	543	7	4	100	23300	100	23300	0.003	0	0.003	0.003	233	0	233	233	
0.4	0.5	24	544	17	4	77	12397	76	12236	0.003	0	0.003	0.003	161	0	161	161	
0.4	0.5	31	545	5	4	56	13048	55	12815	0.00872727	0.00272475	0.003	0.01	233	0	233	233	
0.4	0.5	15	546	10	4	100	9700	100	9700	0.003	0	0.003	0.003	97	0	97	97	
0.4	0.5	45	547	2	4	51	8007	51	8007	0.00972549	0.00137227	0.003	0.01	157	0	157	157	
0.4	0.5	51	548	4	4	100	38900	100	38900	0.003	0	0.003	0.003	389	0	389	389	
0.4	0.5	51	549	6	4	100	59700	100	59700	0.003	0	0.003	0.003	597	0	597	597	
0.4	0.5	41	550	20	4	62	3038	62	3038	0.0031129	0.000889001	0.003	0.01	49	0	49	49	
0.4	0.5	19	551	5	4	100	38898	100	38898	0.003	0	0.003	0.003	388.98	0.2	387	389	
0.4	0.5	3	552	5	4	77	17557	76	17304	0.00511842	0.00323715	0.003	0.01	227.684	26.1637	201	253	
0.4	0.5	51	553	3	4	100	48500	100	48500	0.003	0	0.003	0.003	485	0	485	485	
0.4	0.5	52	554	4	4	83	12699	82	12546	0.003	0	0.003	0.003	153	0	153	153	
0.4	0.5	41	555	30	4	61	4087	62	4154	0.003	0	0.003	0.003	67	0	67	67	
0.4	0.5	48	556	5	4	100	40499	100	40499	0.003	0	0.003	0.003	404.99	0.1	404	405	
0.4	0.5	54	557	9	4	100	32500	100	32500	0.003	0	0.003	0.003	325	0	325	325	
0.4	0.5	37	558	15	4	100	16100	100	16100	0.003	0	0.003	0.003	161	0	161	161	
0.4	0.5	22	559	2	4	100	89532	100	89532	0.003	0	0.003	0.003	895.32	26.1754	807	903	
0.4	0.5	39	560	55	4	56	1232	52	1144	0.003	0	0.003	0.003	22	0	22	22	
0.4	0.5	46	561	4	4	100	31700	100	31700	0.003	0	0.003	0.003	317	0	317	317	
0.4	0.5	5	562	36	4	51	9843	52	10036	0.003	0	0.003	0.003	193	0	193	193	
0.4	0.5	36	563	2	4	100	105600	100	105600	0.003	0	0.003	0.003	1056	0	1056	1056	
0.4	0.5	35	564	8	4	100	20100	100	20100	0.003	0	0.003	0.003	201	0	201	201	
0.4	0.5	34	565	6	4	86	5762	86	5762	0.003	0	0.003	0.003	67	0	67	67	
0.4	0.5	15	566	9	4	100	23300	100	23300	0.003	0	0.003	0.003	233	0	233	233	
0.4	0.5	48	567	6	4	100	77500	100	77500	0.003	0	0.003	0.003	775	0	775	775	
0.4	0.5	39	568	58	4	58	1854	57	1822	0.003	0	0.003	0.003	31.9649	0.264906	30	32	
0.4	0.5	28	569	11	4	100	25300	100	25300	0.003	0	0.003	0.003	253	0	253	253	
0.4	0.5	55	570	26	4	79	6083	79	6083	0.00326582	0.00134649	0.003	0.01	77	0	77	77	
0.4	0.5	28	571	1	4	100	46900	100	46900	0.003	0	0.003	0.003	469	0	469	469	
0.4	0.5	34	572	26	4	87	5829	86	5762	0.003	0	0.003	0.003	67	0	67	67	
0.4	0.5	41	573	8	4	64	4288	64	4288	0.003	0	0.003	0.003	67	0	67	67	
0.4	0.5	35	574	3	4	100	32500	100	32500	0.003	0	0.003	0.003	325	0	325	325	
0.4	0.5	39	575	15	4	55	1760	55	1760	0.003	0	0.003	0.003	32	0	32	32	
0.4	0.5	41	576	3	4	63	3087	62	3038	0.003	0	0.003	0.003	49	0	49	49	
0.4	0.5	39	577	11	4	55	4235	55	4235	0.003	0	0.003	0.003	77	0	77	77	
0.4	0.5	50	578	3	4	100	105600	100	105600	0.003	0	0.003	0.003	1056	0	1056	1056	
0.4	0.5	39	579	22	4	55	3685	55	3685	0.003	0	0.003	0.003	67	0	67	67	
0.4	0.5	22	580	8	4	100	59700	100	59700	0.003	0	0.003	0.003	597	0	597	597	
0.4	0.5	52	581	3	4	77	28721	77	28721	0.003	0	0.003	0.003	373	0	373	373	
0.4	0.5	34	582	27	4	78	9750	77	9625	0.00381818	0.00226371	0.003	0.01	125	0	125	125	
0.4	0.5	39	583	10	4	55	6875	55	6875	0.003	0	0.003	0.003	125	0	125	125	
0.4	0.5	15	584	5	4	93	7161	94	7238	0.00352128	0.00184757	0.003	0.01	77	0	77	77	
0.4	0.5	1	585	27	4	80	6160	80	6160	0.0030875	0.000782624	0.003	0.01	77	0	77	77	
0.4	0.5	44	586	10	4	100	13698	100	13698	0.003	0	0.003	0.003	136.98	0.2	135	137	
0.4	0.5	42	587	2	4	100	19300	100	19300	0.003	0	0.003	0.003	193	0	193	193	
0.4	0.5	16	588	2	4	100	4900	100	4900	0.003	0	0.003	0.003	49	0	49	49	
0.4	0.5	52	589	25	4	75	27975	76	28348	0.003	0	0.003	0.003	373	0	373	373	
0.4	0.5	36	590	1	4	100	77500	100	77500	0.003	0	0.003	0.003	775	0	775	775	
0.4	0.5	39	591	36	4	57	8721	56	8568	0.003	0	0.003	0.003	153	0	153	153	
0.4	0.5	21	592	4	4	100	47572	100	47572	0.003	0	0.003	0.003	475.72	38.404	469	693	
0.4	0.5	4	593	10	4	100	46900	100	46900	0.003	0	0.003	0.003	469	0	469	469	
0.4	0.5	49	594	7	4	100	30100	100	30100	0.003	0	0.003	0.003	301	0	301	301	
0.4	0.5	45	595	5	4	100	13700	100	13700	0.003	0	0.003	0.003	137	0	137	137	
0.4	0.5	14	596	7	4	65	10205	66	10362	0.00660606	0.0035252	0.003	0.01	157	0	157	157	
0.4	0.5	57	597	4	4	100	40499	100	40499	0.003	0	0.003	0.003	404.99	0.1	404	405	
0.4	0.5	51	598	5	4	100	48500	100	48500	0.003	0	0.003	0.003	485	0	485	485	
0.4	0.5	34	599	11	4	81	10125	82	10250	0.00334146	0.00151714	0.003	0.01	125	0	125	125	
0.4	0.5	25	600	9	4	100	32500	100	32500	0.003	0	0.003	0.003	325	0	325	325	
0.4	0.5	40	601	6	4	100	105600	100	105600	0.003	0	0.003	0.003	1056	0	1056	1056	
0.4	0.5	41	602	19	4	63	4221	63	4221	0.003	0	0.003	0.003	67	0	67	67	
0.4	0.5	39	603	54	4	55	3685	56	3752	0.003	0	0.003	0.003	67	0	67	67	
0.4	0.5	8	604	6	4	100	6840	100	6770	0.003	0	0.003	0.003	67.7	7	67	137	
0.4	0.5	32	605	3	4	86	80410	85	79475	0.00415294	0.00261181	0.003	0.01	935	0	935	935	
0.4	0.5	15	606	3	4	100	6700	100	6700	0.003	0	0.003	0.003	67	0	67	67	
0.4	0.5	37	607	3	4	100	16100	100	16100	0.003	0	0.003	0.003	161	0	161	161	
0.4	0.5	55	608	11	4	82	6312	81	6235	0.003	0	0.003	0.003	76.9753	0.222222	75	77	
0.4	0.5	11	609	13	4	100	23294	100	23294	0.003	0	0.003	0.003	232.94	0.342893	231	233	
0.4	0.5	23	610	6	4	100	13700	100	13700	0.003	0	0.003	0.003	137	0	137	137	
0.4	0.5	5	611	44	4	50	11650	50	11650	0.003	0	0.003	0.003	233	0	233	233	
0.4	0.5	53	612	9	4	100	25300	100	25300	0.003	0	0.003	0.003	253	0	253	253	
0.4	0.5	2	613	7	4	100	7186	100	7238	0.003	0	0.003	0.003	72.38	25.9785	49	101	
0.4	0.5	17	614	3	4	100	30100	100	30100	0.003	0	0.003	0.003	301	0	301	301	
0.4	0.5	56	615	4	4	100	77500	100	77500	0.003	0	0.003	0.003	775	0	775	775	
0.4	0.5	41	616	2	4	65	2080	65	2080	0.003	0	0.003	0.003	32	0	32	32	
0.4	0.5	4	617	1	4	100	15700	100	15700	0.003	0	0.003	0.003	157	0	157	157	
0.4	0.5	19	618	6	4	100	25300	100	25300	0.003	0	0.003	0.003	253	0	253	253	
0.4	0.5	39	619	44	4	55	3685	55	3685	0.003	0	0.003	0.003	67	0	67	67	
0.4	0.5	41	620	43	4	62	3038	62	3038	0.003	0	0.003	0.003	49	0	49	49	
0.4	0.5	13	621	1	4	100	20100	100	20100	0.003	0	0.003	0.003	201	0	201	201	
0.4	0.5	3	622	2	4	100	45908	100	45908	0.003	0	0.003	0.003	459.08	83.5505	389	693	
0.4	0.5	23	623	4	4	100	25300	100	25300	0.003	0	0.003	0.003	253	0	253	253	
0.4	0.5	41	624	23	4	64	4288	64	4288	0.003	0	0.003	0.003	67	0	67	67	
0.4	0.5	39	625	47	4	55	3685	55	3685	0.003	0	0.003	0.003	67	0	67	67	
0.4	0.5	19	626	11	4	100	38899	100	38899	0.003	0	0.003	0.003	388.99	0.1	388	389	
0.4	0.5	17	627	1	4	100	80700	100	80700	0.003	0	0.003	0.003	807	0	807	807	
0.4	0.5	39	628	9	4	57	21259	56	20886	0.003	0	0.003	0.003	372.964	0.267261	371	373	
0.4	0.5	26	629	2	4	100	46900	100	46900	0.003	0	0.003	0.003	469	0	469	469	
0.4	0.5	34	630	3	4	87	8439	87	8439	0.003	0	0.003	0.003	97	0	97	97	
0.4	0.5	39	631	12	4	55	4235	55	4235	0.003	0	0.003	0.003	77	0	77	77	
0.4	0.5	9	632	6	4	100	93498	100	93498	0.003	0	0.003	0.003	934.98	0.2	933	935	
0.4	0.5	33	633	4	4	100	48500	100	48500	0.003	0	0.003	0.003	485	0	485	485	
0.4	0.5	55	634	5	4	82	5494	83	5561	0.003	0	0.003	0.003	67	0	67	67	
0.4	0.5	13	635	7	4	100	30900	100	30900	0.003	0	0.003	0.003	309	0	309	309	
0.4	0.5	52	636	28	4	82	12546	82	12546	0.003	0	0.003	0.003	153	0	153	153	
0.4	0.5	31	637	7	4	100	38900	100	38900	0.003	0	0.003	0.003	389	0	389	389	
0.4	0.5	1	638	15	4	81	12393	80	12240	0.003	0	0.003	0.003	153	0	153	153	
0.4	0.5	39	639	7	4	55	3685	54	3618	0.003	0	0.003	0.003	67	0	67	67	
0.4	0.5	54	640	1	4	100	32500	100	32500	0.003	0	0.003	0.003	325	0	325	325	
0.4	0.5	55	641	30	4	81	6237	82	6314	0.003	0	0.003	0.003	77	0	77	77	
0.4	0.5	30	642	1	4	100	38900	100	38900	0.003	0	0.003	0.003	389	0	389	389	
0.4	0.5	55	643	23	4	83	30957	83	30957	0.003	0	0.003	0.003	372.976	0.154281	372	373	
0.4	0.5	11	644	3	4	90	6930	91	7007	0.00384615	0.00229455	0.003	0.01	77	0	77	77	
0.4	0.5	14	645	2	4	100	30900	100	30900	0.003	0	0.003	0.003	309	0	309	309	
0.4	0.5	15	646	7	4	99	7621	99	7621	0.00307071	0.000703526	0.003	0.01	76.9798	0.201008	75	77	
0.4	0.5	27	647	5	4	72	53670	74	55168	0.00545946	0.00336456	0.003	0.01	745.514	20.8952	621	749	
0.4	0.5	31	648	6	4	100	38900	100	38900	0.003	0	0.003	0.003	389	0	389	389	
0.4	0.5	51	649	2	4	100	30100	100	30100	0.003	0	0.003	0.003	301	0	301	301	
0.4	0.5	4	650	7	4	100	46898	100	46898	0.003	0	0.003	0.003	468.98	0.2	467	469	
0.4	0.5	9	651	3	4	100	77498	100	77498	0.003	0	0.003	0.003	774.98	0.2	773	775	
0.4	0.5	10	652	2	4	100	105600	100	105600	0.003	0	0.003	0.003	1056	0	1056	1056	
0.4	0.5	34	653	19	4	86	8342	87	8439	0.003	0	0.003	0.003	97	0	97	97	
0.4	0.5	28	654	10	4	100	74900	100	74900	0.003	0	0.003	0.003	749	0	749	749	
0.4	0.5	42	655	13	4	100	4900	100	4900	0.003	0	0.003	0.003	49	0	49	49	
0.4	0.5	7	656	2	4	100	20900	100	20900	0.003	0	0.003	0.003	209	0	209	209	
0.4	0.5	41	657	24	4	61	2989	61	2989	0.003	0	0.003	0.003	49	0	49	49	
0.4	0.5	44	658	5	4	100	20100	100	20100	0.003	0	0.003	0.003	201	0	201	201	
0.4	0.5	25	659	4	4	100	13700	100	13700	0.003	0	0.003	0.003	137	0	137	137	
0.4	0.5	55	660	13	4	82	5494	82	5494	0.003	0	0.003	0.003	67	0	67	67	
0.4	0.5	1	661	26	4	80	5360	81	5427	0.003	0	0.003	0.003	67	0	67	67	
0.4	0.5	5	662	37	4	50	7650	50	7650	0.003	0	0.003	0.003	153	0	153	153	
0.4	0.5	1	663	16	4	79	9873	78	9748	0.00317949	0.00111359	0.003	0.01	124.974	0.226455	123	125	
0.4	0.5	23	664	7	4	100	20100	100	20100	0.003	0	0.003	0.003	201	0	201	201	
0.4	0.5	6	665	10	4	100	15700	100	15700	0.003	0	0.003	0.003	157	0	157	157	
0.4	0.5	24	666	4	4	71	8875	71	8875	0.003	0	0.003	0.003	125	0	125	125	
0.4	0.5	5	667	40	4	50	8050	50	8050	0.003	0	0.003	0.003	161	0	161	161	
0.4	0.5	24	668	25	4	76	12236	77	12397	0.003	0	0.003	0.003	161	0	161	161	
0.4	0.5	1	669	22	4	80	5360	81	5427	0.003	0	0.003	0.003	67	0	67	67	
0.4	0.5	1	670	25	4	80	10000	81	10125	0.003	0	0.003	0.003	125	0	125	125	
0.4	0.5	30	671	7	4	100	10100	100	10100	0.003	0	0.003	0.003	101	0	101	101	
0.4	0.5	5	672	8	4	50	3350	49	3283	0.003	0	0.003	0.003	67	0	67	67	
0.4	0.5	24	673	6	4	71	6887	70	6790	0.003	0	0.003	0.003	97	0	97	97	
0.4	0.5	24	674	30	4	70	4690	71	4757	0.003	0	0.003	0.003	67	0	67	67	
0.4	0.5	1	675	12	4	81	10125	80	10000	0.003	0	0.003	0.003	125	0	125	125	
0.4	0.5	1	676	4	4	80	6160	80	6160	0.003	0	0.003	0.003	77	0	77	77	
0.4	0.5	5	677	35	4	54	6750	54	6750	0.003	0	0.003	0.003	125	0	125	125	
0.4	0.5	1	678	31	4	81	13041	82	13202	0.003	0	0.003	0.003	161	0	161	161	
0.4	0.5	5	679	28	4	50	6250	51	6375	0.00341176	0.00166345	0.003	0.01	125	0	125	125	
0.4	0.5	5	680	13	4	50	3850	50	3850	0.003	0	0.003	0.003	77	0	77	77	
0.4	0.5	24	681	24	4	70	6789	71	6886	0.003	0	0.003	0.003	96.9859	0.118678	96	97	
0.4	0.5	1	682	23	4	80	15440	81	15633	0.003	0	0.003	0.003	193	0	193	193	
0.4	0.5	1	683	6	4	80	12880	80	12880	0.003	0	0.003	0.003	161	0	161	161	
0.4	0.5	5	684	30	4	53	6625	53	6625	0.003	0	0.003	0.003	125	0	125	125	
0.4	0.5	5	685	34	4	57	11001	57	11001	0.003	0	0.003	0.003	193	0	193	193	
0.4	0.5	5	686	12	4	50	6250	51	6375	0.00945098	0.00190067	0.003	0.01	125	0	125	125	
0.4	0.5	25	687	5	4	100	13700	100	13700	0.003	0	0.003	0.003	137	0	137	137	
0.4	0.5	24	688	22	4	70	11270	71	11431	0.003	0	0.003	0.003	161	0	161	161	
0.4	0.5	5	689	26	4	50	6250	50	6250	0.003	0	0.003	0.003	125	0	125	125	
0.4	0.5	24	690	27	4	76	12236	77	12397	0.003	0	0.003	0.003	161	0	161	161	
0.4	0.5	6	691	6	4	100	13700	100	13700	0.003	0	0.003	0.003	137	0	137	137	
0.4	0.5	5	692	31	4	59	7375	59	7375	0.003	0	0.003	0.003	125	0	125	125	
0.4	0.5	24	693	33	4	76	12236	77	12397	0.003	0	0.003	0.003	161	0	161	161	
0.4	0.5	24	694	3	4	77	20713	77	20713	0.003	0	0.003	0.003	269	0	269	269	
0.4	0.5	5	695	50	4	50	9650	50	9650	0.003	0	0.003	0.003	193	0	193	193	
0.4	0.5	5	696	5	4	56	7000	56	7000	0.00325	0.00131079	0.003	0.01	125	0	125	125	
0.4	0.5	6	697	5	4	100	20100	100	20100	0.003	0	0.003	0.003	201	0	201	201	
0.4	0.5	5	698	9	4	50	8050	50	8050	0.003	0	0.003	0.003	161	0	161	161	
0.4	0.5	5	699	48	4	50	3850	50	3850	0.003	0	0.003	0.003	77	0	77	77	
0.4	0.5	24	700	2	4	71	5465	71	5465	0.003	0	0.003	0.003	76.9718	0.237356	75	77	
0.4	0.5	25	701	7	4	100	25299	100	25299	0.003	0	0.003	0.003	252.99	0.1	252	253	
0.4	0.5	24	702	1	4	74	9250	74	9250	0.00328378	0.00138999	0.003	0.01	125	0	125	125	
0.4	0.5	5	703	38	4	50	13450	50	13450	0.003	0	0.003	0.003	269	0	269	269	
0.4	0.5	1	704	21	4	80	12880	81	13041	0.003	0	0.003	0.003	161	0	161	161	
0.4	0.5	1	705	14	4	81	3969	81	3969	0.003	0	0.003	0.003	49	0	49	49	
0.4	0.5	1	706	5	4	80	5360	80	5360	0.003	0	0.003	0.003	67	0	67	67	
0.4	0.5	5	707	10	4	50	6250	51	6375	0.00341176	0.00166345	0.003	0.01	125	0	125	125	
0.4	0.5	5	708	4	4	58	21634	58	21634	0.003	0	0.003	0.003	373	0	373	373	
0.4	0.5	5	709	49	4	50	6250	50	6250	0.003	0	0.003	0.003	125	0	125	125	
0.4	0.5	24	710	11	4	77	12396	76	12235	0.003	0	0.003	0.003	160.987	0.114708	160	161	
0.4	0.5	1	711	29	4	80	7760	81	7857	0.003	0	0.003	0.003	97	0	97	97	
0.4	0.5	5	712	41	4	50	6250	50	6250	0.003	0	0.003	0.003	125	0	125	125	
0.4	0.5	1	713	24	4	81	10125	82	10250	0.003	0	0.003	0.003	125	0	125	125	
0.4	0.5	24	714	7	4	77	11781	76	11628	0.003	0	0.003	0.003	153	0	153	153	
0.4	0.5	25	715	3	4	100	13700	100	13700	0.003	0	0.003	0.003	137	0	137	137	
0.4	0.5	1	716	19	4	81	7856	80	7759	0.003	0	0.003	0.003	96.9875	0.111803	96	97	
0.4	0.5	24	717	20	4	70	8750	71	8875	0.003	0	0.003	0.003	125	0	125	125	
0.4	0.5	5	718	45	4	50	3350	50	3350	0.003	0	0.003	0.003	67	0	67	67	
0.4	0.5	5	719	43	4	50	3850	50	3850	0.00566	0.0034322	0.003	0.01	77	0	77	77	
0.4	0.5	5	720	47	4	50	7650	50	7650	0.003	0	0.003	0.003	153	0	153	153	
0.4	0.5	1	721	2	4	77	5929	78	6006	0.00326923	0.00135487	0.003	0.01	77	0	77	77	
0.4	0.5	5	722	27	4	50	3850	53	4081	0.00498113	0.00318343	0.003	0.01	77	0	77	77	
0.4	0.5	1	723	9	4	81	5427	80	5360	0.003	0	0.003	0.003	67	0	67	67	
0.4	0.5	6	724	8	4	100	13700	100	13700	0.003	0	0.003	0.003	137	0	137	137	
0.4	0.5	24	725	14	4	71	5467	70	5390	0.003	0	0.003	0.003	77	0	77	77	
0.4	0.5	1	726	7	4	81	6237	81	6237	0.003	0	0.003	0.003	77	0	77	77	
0.4	0.5	24	727	23	4	76	28348	77	28721	0.003	0	0.003	0.003	373	0	373	373	
0.4	0.5	1	728	11	4	81	21789	80	21519	0.003	0	0.003	0.003	268.987	0.111803	268	269	
0.4	0.5	24	729	21	4	76	11628	77	11781	0.003	0	0.003	0.003	153	0	153	153	
0.4	0.5	24	730	5	4	77	9625	76	9500	0.003	0	0.003	0.003	125	0	125	125	
0.4	0.5	5	731	46	4	50	8050	50	8050	0.003	0	0.003	0.003	161	0	161	161	
0.4	0.5	24	732	18	4	71	16543	70	16310	0.003	0	0.003	0.003	233	0	233	233	
0.4	0.5	5	733	29	4	52	10036	52	10036	0.003	0	0.003	0.003	193	0	193	193	
0.4	0.5	5	734	3	4	59	5723	59	5723	0.003	0	0.003	0.003	97	0	97	97	
0.4	0.5	1	735	17	4	82	5494	81	5427	0.003	0	0.003	0.003	67	0	67	67	
0.4	0.5	5	736	2	4	65	8125	65	8125	0.003	0	0.003	0.003	125	0	125	125	
0.4	0.5	24	737	8	4	71	8875	70	8750	0.003	0	0.003	0.003	125	0	125	125	
0.4	0.5	5	738	14	4	50	6250	50	6250	0.003	0	0.003	0.003	125	0	125	125	
0.4	0.5	5	739	25	4	50	6250	50	6250	0.003	0	0.003	0.003	125	0	125	125	
0.4	0.5	43	740	6	4	100	40500	100	40500	0.003	0	0.003	0.003	405	0	405	405	
0.4	0.5	5	741	7	4	50	8050	50	8050	0.003	0	0.003	0.003	161	0	161	161	
0.4	0.5	6	742	12	4	100	25300	100	25300	0.003	0	0.003	0.003	253	0	253	253	
0.4	0.5	5	743	15	4	50	3850	50	3850	0.00356	0.00191833	0.003	0.01	77	0	77	77	
0.4	0.5	24	744	10	4	71	26480	70	26107	0.003	0	0.003	0.003	372.957	0.265707	371	373	
0.4	0.5	24	745	26	4	65	6305	66	6402	0.0035303	0.00186646	0.003	0.01	97	0	97	97	
0.4	0.5	24	746	15	4	77	5159	76	5092	0.003	0	0.003	0.003	67	0	67	67	
0.4	0.5	5	747	52	4	55	4235	55	4235	0.003	0	0.003	0.003	77	0	77	77	
0.4	0.5	1	748	20	4	81	10123	80	9998	0.003	0	0.003	0.003	124.975	0.223607	123	125	
0.4	0.5	20	749	3	4	100	23300	100	23300	0.003	0	0.003	0.003	233	0	233	233	
0.4	0.5	5	750	11	4	50	6250	48	6000	0.003875	0.00233953	0.003	0.01	125	0	125	125	
