% start	end	CellId	IMSI	RNTI	LCID	nTxPDUs	TxBytes	nRxPDUs	RxBytes	delay	stdDev	min	max	PduSize	stdDev	min	max
0.4	0.5	34	1	20	4	76	7372	75	7275	0.003	0	0.003	0.003	97	0	97	97	
0.4	0.5	41	2	2	4	82	4018	81	3969	0.003	0	0.003	0.003	49	0	49	49	
0.4	0.5	4	3	13	4	72	26856	75	27975	0.0058	0.00345238	0.003	0.01	373	0	373	373	
0.4	0.5	36	4	5	4	100	64499	100	64499	0.003	0	0.003	0.003	644.99	0.1	644	645	
0.4	0.5	27	5	5	4	100	9699	100	9699	0.003	0	0.003	0.003	96.99	0.1	96	97	
0.4	0.5	20	6	2	4	100	23808	100	23644	0.003	0	0.003	0.003	236.44	82.149	161	325	
0.4	0.5	37	7	24	4	89	8533	89	8533	0.00307865	0.000741999	0.003	0.01	95.8764	4.63146	77	97	
0.4	0.5	15	8	9	4	100	20100	100	20100	0.003	0	0.003	0.003	201	0	201	201	
0.4	0.5	38	9	5	4	100	25298	100	25298	0.003	0	0.003	0.003	252.98	0.2	251	253	
0.4	0.5	10	10	8	4	100	20100	100	20100	0.003	0	0.003	0.003	201	0	201	201	
0.4	0.5	26	11	1	4	76	38076	75	37575	0.00524	0.00328732	0.003	0.01	501	0	501	501	
0.4	0.5	25	12	11	4	100	18515	100	18387	0.003	0	0.003	0.003	183.87	64.1054	125	253	
0.4	0.5	15	13	6	4	100	20100	100	20100	0.003	0	0.003	0.003	201	0	201	201	
0.4	0.5	37	14	21	4	88	2816	88	2816	0.00315909	0.00104921	0.003	0.01	32	0	32	32	
0.4	0.5	20	15	13	4	99	11303	99	11223	0.00307071	0.000703526	0.003	0.01	113.364	40.0371	77	157	
0.4	0.5	23	16	7	4	100	10100	100	10100	0.003	0	0.003	0.003	101	0	101	101	
0.4	0.5	54	17	6	4	100	25299	100	25299	0.003	0	0.003	0.003	252.99	0.1	252	253	
0.4	0.5	51	18	6	4	99	19899	99	19899	0.00307071	0.000703526	0.003	0.01	201	0	201	201	
0.4	0.5	25	19	7	4	55	4473	55	4473	0.0086	0.00282581	0.003	0.01	81.3273	18.3455	75	157	
0.4	0.5	53	20	2	4	100	15700	100	15700	0.003	0	0.003	0.003	157	0	157	157	
0.4	0.5	57	21	4	4	100	48500	100	48500	0.003	0	0.003	0.003	485	0	485	485	
0.4	0.5	46	22	7	4	100	12500	100	12500	0.003	0	0.003	0.003	125	0	125	125	
0.4	0.5	7	23	2	4	100	20100	100	20100	0.003	0	0.003	0.003	201	0	201	201	
0.4	0.5	34	24	35	4	74	9250	75	9375	0.00309333	0.00080829	0.003	0.01	125	0	125	125	
0.4	0.5	14	25	11	4	100	27708	100	27596	0.003	0	0.003	0.003	275.96	27.6814	253	309	
0.4	0.5	41	26	4	4	80	6158	80	6158	0.003	0	0.003	0.003	76.975	0.223607	75	77	
0.4	0.5	34	27	22	4	62	4774	60	4620	0.00475	0.00305667	0.003	0.01	77	0	77	77	
0.4	0.5	14	28	10	4	81	25797	82	26090	0.00462195	0.00297164	0.003	0.01	318.171	7.96257	309	325	
0.4	0.5	28	29	9	4	100	10200	100	10130	0.003	0	0.003	0.003	101.3	35.1693	67	137	
0.4	0.5	17	30	1	4	100	31620	100	31620	0.003	0	0.003	0.003	316.2	31.5422	309	453	
0.4	0.5	13	31	10	4	100	30900	100	30900	0.003	0	0.003	0.003	309	0	309	309	
0.4	0.5	56	32	4	4	100	25300	100	25300	0.003	0	0.003	0.003	253	0	253	253	
0.4	0.5	4	33	12	4	100	23300	100	23300	0.003	0	0.003	0.003	233	0	233	233	
0.4	0.5	50	34	2	4	100	25299	100	25299	0.003	0	0.003	0.003	252.99	0.1	252	253	
0.4	0.5	49	35	1	4	100	51698	100	51698	0.003	0	0.003	0.003	516.98	0.2	515	517	
0.4	0.5	8	36	2	4	100	59700	100	59700	0.003	0	0.003	0.003	597	0	597	597	
0.4	0.5	26	37	2	4	100	34900	100	34900	0.003	0	0.003	0.003	349	0	349	349	
0.4	0.5	33	38	8	4	100	20098	100	20098	0.003	0	0.003	0.003	200.98	0.2	199	201	
0.4	0.5	47	39	7	4	100	30100	100	30100	0.003	0	0.003	0.003	301	0	301	301	
0.4	0.5	29	40	9	4	100	35955	100	35891	0.003	0	0.003	0.003	358.91	32.1141	324	389	
0.4	0.5	37	41	25	4	93	4557	93	4557	0.003	0	0.003	0.003	49	0	49	49	
0.4	0.5	21	42	8	4	100	74900	100	74900	0.003	0	0.003	0.003	749	0	749	749	
0.4	0.5	14	43	6	4	100	38900	100	38900	0.003	0	0.003	0.003	389	0	389	389	
0.4	0.5	12	44	3	4	95	105600	95	105600	0.00336842	0.00157137	0.003	0.01	1111.58	237.052	1056	2112	
0.4	0.5	5	45	44	4	42	7530	42	7530	0.003	0	0.003	0.003	179.286	16.0279	161	193	
0.4	0.5	30	46	8	4	100	28884	100	28884	0.003	0	0.003	0.003	288.84	27.0154	253	309	
0.4	0.5	5	47	11	4	47	3149	46	3082	0.00315217	0.00103209	0.003	0.01	67	0	67	67	
0.4	0.5	40	48	7	4	76	14044	79	14647	0.00512658	0.00323984	0.003	0.01	185.405	21.1815	157	201	
0.4	0.5	39	49	11	4	69	2207	69	2207	0.003	0	0.003	0.003	31.9855	0.120386	31	32	
0.4	0.5	50	50	9	4	99	15541	99	15541	0.00307071	0.000703526	0.003	0.01	156.98	0.201008	155	157	
0.4	0.5	29	51	5	4	100	15700	100	15700	0.003	0	0.003	0.003	157	0	157	157	
0.4	0.5	4	52	11	4	100	15300	100	15300	0.003	0	0.003	0.003	153	0	153	153	
0.4	0.5	55	53	6	4	100	6700	100	6700	0.003	0	0.003	0.003	67	0	67	67	
0.4	0.5	45	54	8	4	72	13196	71	12951	0.00576056	0.00344535	0.003	0.01	182.408	21.8891	157	201	
0.4	0.5	35	55	10	4	100	25300	100	25300	0.003	0	0.003	0.003	253	0	253	253	
0.4	0.5	51	56	9	4	100	62100	100	62100	0.003	0	0.003	0.003	621	0	621	621	
0.4	0.5	39	57	12	4	66	3234	66	3234	0.003	0	0.003	0.003	49	0	49	49	
0.4	0.5	14	58	1	4	100	53298	100	53298	0.003	0	0.003	0.003	532.98	0.2	531	533	
0.4	0.5	23	59	11	4	100	25300	100	25300	0.003	0	0.003	0.003	253	0	253	253	
0.4	0.5	30	60	6	4	100	20100	100	20100	0.003	0	0.003	0.003	201	0	201	201	
0.4	0.5	8	61	6	4	100	38900	100	38900	0.003	0	0.003	0.003	389	0	389	389	
0.4	0.5	34	62	11	4	75	14475	75	14475	0.003	0	0.003	0.003	193	0	193	193	
0.4	0.5	35	63	7	4	100	38899	100	38899	0.003	0	0.003	0.003	388.99	0.1	388	389	
0.4	0.5	41	64	30	4	79	6083	80	6160	0.0030875	0.000782624	0.003	0.01	77	0	77	77	
0.4	0.5	15	65	10	4	100	13700	100	13700	0.003	0	0.003	0.003	137	0	137	137	
0.4	0.5	41	66	24	4	78	3822	79	3871	0.003	0	0.003	0.003	49	0	49	49	
0.4	0.5	50	67	5	4	49	7693	49	7693	0.01	0	0.01	0.01	157	0	157	157	
0.4	0.5	29	68	4	4	92	20832	92	20832	0.00360869	0.00198321	0.003	0.01	226.435	26.1363	201	253	
0.4	0.5	52	69	18	4	86	16598	85	16405	0.003	0	0.003	0.003	193	0	193	193	
0.4	0.5	32	70	10	4	100	32500	100	32500	0.003	0	0.003	0.003	325	0	325	325	
0.4	0.5	5	71	15	4	41	3975	42	4072	0.00316667	0.00108012	0.003	0.01	96.9524	0.308607	95	97	
0.4	0.5	9	72	4	4	100	47732	100	47732	0.003	0	0.003	0.003	477.32	13.7355	453	485	
0.4	0.5	27	73	15	4	100	16100	100	16100	0.003	0	0.003	0.003	161	0	161	161	
0.4	0.5	2	74	8	4	100	6700	100	6700	0.003	0	0.003	0.003	67	0	67	67	
0.4	0.5	8	75	4	4	100	38900	100	38900	0.003	0	0.003	0.003	389	0	389	389	
0.4	0.5	1	76	16	4	89	5963	89	5963	0.003	0	0.003	0.003	67	0	67	67	
0.4	0.5	29	77	10	4	100	20100	100	20100	0.003	0	0.003	0.003	201	0	201	201	
0.4	0.5	55	78	22	4	100	7296	100	7286	0.003	0	0.003	0.003	72.86	4.99701	65	77	
0.4	0.5	40	79	9	4	100	74900	100	74900	0.003	0	0.003	0.003	749	0	749	749	
0.4	0.5	34	80	23	4	76	5092	75	5025	0.003	0	0.003	0.003	67	0	67	67	
0.4	0.5	39	81	19	4	65	8125	65	8125	0.00332308	0.00148016	0.003	0.01	125	0	125	125	
0.4	0.5	56	82	10	4	50	10006	51	10207	0.00986274	0.000980196	0.003	0.01	200.137	6.16123	157	201	
0.4	0.5	51	83	5	4	100	20098	100	20098	0.003	0	0.003	0.003	200.98	0.2	199	201	
0.4	0.5	20	84	3	4	95	17249	94	16996	0.00337234	0.00157933	0.003	0.01	180.809	63.7927	125	253	
0.4	0.5	39	85	15	4	69	8623	68	8500	0.00310294	0.000848875	0.003	0.01	125	0	125	125	
0.4	0.5	37	86	30	4	90	6030	91	6097	0.003	0	0.003	0.003	67	0	67	67	
0.4	0.5	41	87	31	4	71	6887	69	6693	0.00411594	0.00258125	0.003	0.01	97	0	97	97	
0.4	0.5	34	88	27	4	78	20982	77	20713	0.003	0	0.003	0.003	269	0	269	269	
0.4	0.5	11	89	3	4	100	38900	100	38900	0.003	0	0.003	0.003	389	0	389	389	
0.4	0.5	52	90	24	4	86	4214	86	4214	0.003	0	0.003	0.003	49	0	49	49	
0.4	0.5	4	91	16	4	97	22601	97	22601	0.00321649	0.00121815	0.003	0.01	233	0	233	233	
0.4	0.5	2	92	12	4	100	6700	100	6700	0.003	0	0.003	0.003	67	0	67	67	
0.4	0.5	37	93	1	4	92	4508	93	4557	0.003	0	0.003	0.003	49	0	49	49	
0.4	0.5	56	94	7	4	96	24288	96	24288	0.00329167	0.00140613	0.003	0.01	253	0	253	253	
0.4	0.5	34	95	10	4	77	5159	78	5226	0.003	0	0.003	0.003	67	0	67	67	
0.4	0.5	37	96	22	4	93	6231	92	6164	0.003	0	0.003	0.003	67	0	67	67	
0.4	0.5	20	97	6	4	100	22632	100	22476	0.003	0	0.003	0.003	224.76	78.1417	153	309	
0.4	0.5	6	98	12	4	100	53300	100	53300	0.003	0	0.003	0.003	533	0	533	533	
0.4	0.5	39	99	30	4	65	3185	64	3136	0.003	0	0.003	0.003	49	0	49	49	
0.4	0.5	11	100	5	4	100	30100	100	30100	0.003	0	0.003	0.003	301	0	301	301	
0.4	0.5	30	101	9	4	100	25300	100	25300	0.003	0	0.003	0.003	253	0	253	253	
0.4	0.5	39	102	1	4	69	2207	69	2207	0.003	0	0.003	0.003	31.9855	0.120386	31	32	
0.4	0.5	39	103	36	4	65	6305	65	6305	0.003	0	0.003	0.003	97	0	97	97	
0.4	0.5	35	104	4	4	100	10100	100	10100	0.003	0	0.003	0.003	101	0	101	101	
0.4	0.5	7	105	1	4	51	8007	50	7850	0.00972	0.00138564	0.003	0.01	157	0	157	157	
0.4	0.5	44	106	4	4	100	38900	100	38900	0.003	0	0.003	0.003	389	0	389	389	
0.4	0.5	10	107	12	4	100	30900	100	30900	0.003	0	0.003	0.003	309	0	309	309	
0.4	0.5	31	108	1	4	100	105600	100	105600	0.003	0	0.003	0.003	1056	0	1056	1056	
0.4	0.5	37	109	28	4	89	2788	87	2724	0.00332184	0.00147455	0.003	0.01	31.3103	2.54864	22	32	
0.4	0.5	10	110	11	4	100	74900	100	74900	0.003	0	0.003	0.003	749	0	749	749	
0.4	0.5	40	111	3	4	60	9160	63	9631	0.00744444	0.00339724	0.003	0.01	152.873	8.15869	137	157	
0.4	0.5	52	112	9	4	85	13005	86	13158	0.003	0	0.003	0.003	153	0	153	153	
0.4	0.5	27	113	2	4	66	4422	67	4489	0.00655224	0.00352602	0.003	0.01	67	0	67	67	
0.4	0.5	53	114	9	4	100	13700	100	13700	0.003	0	0.003	0.003	137	0	137	137	
0.4	0.5	46	115	10	4	100	12500	100	12500	0.003	0	0.003	0.003	125	0	125	125	
0.4	0.5	53	116	3	4	100	15700	100	15700	0.003	0	0.003	0.003	157	0	157	157	
0.4	0.5	35	117	1	4	100	20100	100	20100	0.003	0	0.003	0.003	201	0	201	201	
0.4	0.5	27	118	8	4	100	7700	100	7700	0.003	0	0.003	0.003	77	0	77	77	
0.4	0.5	52	119	5	4	85	22865	86	23134	0.003	0	0.003	0.003	269	0	269	269	
0.4	0.5	34	120	8	4	74	4958	75	5025	0.003	0	0.003	0.003	67	0	67	67	
0.4	0.5	39	121	5	4	70	5390	70	5390	0.003	0	0.003	0.003	77	0	77	77	
0.4	0.5	13	122	5	4	100	13700	100	13700	0.003	0	0.003	0.003	137	0	137	137	
0.4	0.5	27	123	6	4	100	15300	100	15300	0.003	0	0.003	0.003	153	0	153	153	
0.4	0.5	40	124	8	4	100	53300	100	53300	0.003	0	0.003	0.003	533	0	533	533	
0.4	0.5	16	125	3	4	100	50100	100	50100	0.003	0	0.003	0.003	501	0	501	501	
0.4	0.5	1	126	2	4	89	26789	88	26488	0.003	0	0.003	0.003	301	0	301	301	
0.4	0.5	52	127	14	4	86	2752	84	2688	0.003	0	0.003	0.003	32	0	32	32	
0.4	0.5	21	128	11	4	71	47675	74	49794	0.00574324	0.00344054	0.003	0.01	672.892	63.2732	621	749	
0.4	0.5	28	129	13	4	99	18645	99	18517	0.00307071	0.000703526	0.003	0.01	187.04	64.3162	123	253	
0.4	0.5	28	130	6	4	62	9670	63	9795	0.00733333	0.00342665	0.003	0.01	155.476	54.9554	125	253	
0.4	0.5	23	131	4	4	100	25300	100	25300	0.003	0	0.003	0.003	253	0	253	253	
0.4	0.5	32	132	8	4	100	38900	100	38900	0.003	0	0.003	0.003	389	0	389	389	
0.4	0.5	55	133	13	4	78	6006	77	5929	0.00481818	0.00308957	0.003	0.01	77	0	77	77	
0.4	0.5	44	134	1	4	100	38900	100	38900	0.003	0	0.003	0.003	389	0	389	389	
0.4	0.5	15	135	4	4	100	25300	100	25300	0.003	0	0.003	0.003	253	0	253	253	
0.4	0.5	37	136	11	4	88	14160	88	14160	0.00331818	0.00146645	0.003	0.01	160.909	0.852803	153	161	
0.4	0.5	27	137	10	4	100	12500	100	12500	0.003	0	0.003	0.003	125	0	125	125	
0.4	0.5	4	138	6	4	100	15300	100	15300	0.003	0	0.003	0.003	153	0	153	153	
0.4	0.5	5	139	29	4	42	8106	42	8106	0.003	0	0.003	0.003	193	0	193	193	
0.4	0.5	41	140	11	4	78	15054	78	15054	0.00344872	0.00172565	0.003	0.01	193	0	193	193	
0.4	0.5	56	141	5	4	100	74900	100	74900	0.003	0	0.003	0.003	749	0	749	749	
0.4	0.5	41	142	26	4	80	9998	81	10123	0.003	0	0.003	0.003	124.975	0.222222	123	125	
0.4	0.5	6	143	7	4	73	13353	77	14157	0.00545454	0.00336212	0.003	0.01	183.857	21.5978	157	201	
0.4	0.5	48	144	9	4	100	25300	100	25300	0.003	0	0.003	0.003	253	0	253	253	
0.4	0.5	38	145	6	4	100	13700	100	13700	0.003	0	0.003	0.003	137	0	137	137	
0.4	0.5	39	146	39	4	67	2142	67	2142	0.00310448	0.000855186	0.003	0.01	31.9701	0.244339	30	32	
0.4	0.5	24	147	15	4	96	11104	96	11104	0.00329167	0.00140613	0.003	0.01	115.667	13.2686	97	125	
0.4	0.5	38	148	4	4	100	46900	100	46900	0.003	0	0.003	0.003	469	0	469	469	
0.4	0.5	3	149	6	4	68	10676	68	10676	0.00629412	0.00351992	0.003	0.01	157	0	157	157	
0.4	0.5	4	150	2	4	100	37297	100	37298	0.003	0	0.003	0.003	372.98	0.140705	372	373	
0.4	0.5	10	151	7	4	100	20100	100	20100	0.003	0	0.003	0.003	201	0	201	201	
0.4	0.5	52	152	12	4	83	10375	81	10125	0.00317284	0.00109305	0.003	0.01	125	0	125	125	
0.4	0.5	45	153	2	4	100	20100	100	20100	0.003	0	0.003	0.003	201	0	201	201	
0.4	0.5	37	154	8	4	91	11375	91	11375	0.003	0	0.003	0.003	125	0	125	125	
0.4	0.5	33	155	2	4	100	58577	100	58401	0.003	0	0.003	0.003	584.01	43.6269	533	621	
0.4	0.5	16	156	5	4	100	64500	100	64500	0.003	0	0.003	0.003	645	0	645	645	
0.4	0.5	25	157	13	4	90	47482	90	47106	0.00377778	0.00221221	0.003	0.01	523.4	185.234	373	749	
0.4	0.5	52	158	23	4	100	8960	100	8920	0.003	0	0.003	0.003	89.2	9.80414	77	97	
0.4	0.5	20	159	7	4	100	28512	100	28316	0.003	0	0.003	0.003	283.16	98.178	193	389	
0.4	0.5	16	160	4	4	88	56760	89	57405	0.00394382	0.00240435	0.003	0.01	645	0	645	645	
0.4	0.5	9	161	5	4	100	65460	100	65268	0.003	0	0.003	0.003	652.68	47.6203	597	693	
0.4	0.5	10	162	6	4	100	74900	100	74900	0.003	0	0.003	0.003	749	0	749	749	
0.4	0.5	23	163	2	4	100	38900	100	38900	0.003	0	0.003	0.003	389	0	389	389	
0.4	0.5	46	164	8	4	100	12500	100	12500	0.003	0	0.003	0.003	125	0	125	125	
0.4	0.5	32	165	1	4	100	74900	100	74900	0.003	0	0.003	0.003	749	0	749	749	
0.4	0.5	3	166	9	4	100	20100	100	20100	0.003	0	0.003	0.003	201	0	201	201	
0.4	0.5	28	167	1	4	96	14096	96	14096	0.00321875	0.00122434	0.003	0.01	146.833	52.2276	97	201	
0.4	0.5	27	168	11	4	100	23300	100	23300	0.003	0	0.003	0.003	233	0	233	233	
0.4	0.5	37	169	29	4	94	7238	94	7238	0.003	0	0.003	0.003	77	0	77	77	
0.4	0.5	9	170	6	4	74	52038	74	52056	0.00555405	0.00339275	0.003	0.01	703.459	87.8963	597	807	
0.4	0.5	24	171	5	4	99	15939	99	15939	0.00307071	0.000703526	0.003	0.01	161	0	161	161	
0.4	0.5	2	172	14	4	99	36927	99	36927	0.00307071	0.000703526	0.003	0.01	373	0	373	373	
0.4	0.5	32	173	2	4	100	25300	100	25300	0.003	0	0.003	0.003	253	0	253	253	
0.4	0.5	24	174	2	4	100	15300	100	15300	0.003	0	0.003	0.003	153	0	153	153	
0.4	0.5	15	175	5	4	100	32498	100	32498	0.003	0	0.003	0.003	324.98	0.2	323	325	
0.4	0.5	52	176	3	4	100	16100	100	16100	0.003	0	0.003	0.003	161	0	161	161	
0.4	0.5	52	177	19	4	100	12498	100	12498	0.003	0	0.003	0.003	124.98	0.2	123	125	
0.4	0.5	52	178	22	4	84	3300	84	3266	0.00316667	0.0010736	0.003	0.01	38.881	8.3945	32	49	
0.4	0.5	33	179	11	4	100	31588	100	31556	0.003	0	0.003	0.003	315.56	7.90898	309	325	
0.4	0.5	37	180	19	4	93	9021	92	8924	0.003	0	0.003	0.003	97	0	97	97	
0.4	0.5	46	181	5	4	69	5313	70	5390	0.0061	0.00350217	0.003	0.01	77	0	77	77	
0.4	0.5	25	182	2	4	99	9851	99	9781	0.00307071	0.000703526	0.003	0.01	98.798	35.0516	65	137	
0.4	0.5	53	183	6	4	100	74900	100	74900	0.003	0	0.003	0.003	749	0	749	749	
0.4	0.5	8	184	7	4	100	20900	100	20900	0.003	0	0.003	0.003	209	0	209	209	
0.4	0.5	37	185	2	4	94	6298	94	6298	0.003	0	0.003	0.003	67	0	67	67	
0.4	0.5	2	186	6	4	100	3200	99	3168	0.003	0	0.003	0.003	32	0	32	32	
0.4	0.5	42	187	2	4	100	53298	100	53298	0.003	0	0.003	0.003	532.98	0.2	531	533	
0.4	0.5	26	188	4	4	100	105600	100	105600	0.003	0	0.003	0.003	1056	0	1056	1056	
0.4	0.5	9	189	7	4	100	69300	100	69300	0.003	0	0.003	0.003	693	0	693	693	
0.4	0.5	31	190	5	4	100	59700	100	59700	0.003	0	0.003	0.003	597	0	597	597	
0.4	0.5	51	191	8	4	100	74900	100	74900	0.003	0	0.003	0.003	749	0	749	749	
0.4	0.5	31	192	6	4	99	105656	99	105656	0.00307071	0.000703526	0.003	0.01	1067.23	17.6409	1056	1095	
0.4	0.5	55	193	20	4	100	6700	100	6700	0.003	0	0.003	0.003	67	0	67	67	
0.4	0.5	11	194	1	4	99	84883	99	84883	0.00307071	0.000703526	0.003	0.01	857.404	48.2045	805	903	
0.4	0.5	24	195	22	4	100	16100	100	16100	0.003	0	0.003	0.003	161	0	161	161	
0.4	0.5	7	196	7	4	100	74900	100	74900	0.003	0	0.003	0.003	749	0	749	749	
0.4	0.5	39	197	25	4	68	6595	68	6595	0.003	0	0.003	0.003	96.9853	0.121268	96	97	
0.4	0.5	52	198	21	4	86	4214	86	4214	0.003	0	0.003	0.003	49	0	49	49	
0.4	0.5	28	199	12	4	100	23100	100	22944	0.003	0	0.003	0.003	229.44	78.3773	153	309	
0.4	0.5	38	200	10	4	100	25299	100	25299	0.003	0	0.003	0.003	252.99	0.1	252	253	
0.4	0.5	39	201	26	4	67	3283	67	3283	0.003	0	0.003	0.003	49	0	49	49	
0.4	0.5	39	202	37	4	68	3332	68	3332	0.00310294	0.000848875	0.003	0.01	49	0	49	49	
0.4	0.5	11	203	2	4	71	30435	69	29529	0.00594203	0.00348055	0.003	0.01	427.957	31.4635	389	453	
0.4	0.5	46	204	3	4	100	16100	100	16100	0.003	0	0.003	0.003	161	0	161	161	
0.4	0.5	1	205	25	4	89	33197	89	33197	0.003	0	0.003	0.003	373	0	373	373	
0.4	0.5	44	206	6	4	100	59700	100	59700	0.003	0	0.003	0.003	597	0	597	597	
0.4	0.5	45	207	7	4	100	10100	100	10100	0.003	0	0.003	0.003	101	0	101	101	
0.4	0.5	5	208	10	4	43	6579	42	6426	0.003	0	0.003	0.003	153	0	153	153	
0.4	0.5	37	209	4	4	92	2944	93	2976	0.003	0	0.003	0.003	32	0	32	32	
0.4	0.5	34	210	3	4	75	9375	76	9500	0.003	0	0.003	0.003	125	0	125	125	
0.4	0.5	36	211	3	4	55	21395	57	22173	0.0082807	0.00303994	0.003	0.01	389	0	389	389	
0.4	0.5	34	212	15	4	76	5092	76	5092	0.003	0	0.003	0.003	67	0	67	67	
0.4	0.5	35	213	2	4	100	15699	100	15699	0.003	0	0.003	0.003	156.99	0.1	156	157	
0.4	0.5	34	214	6	4	75	5025	76	5092	0.003	0	0.003	0.003	67	0	67	67	
0.4	0.5	11	215	7	4	100	105600	100	105600	0.003	0	0.003	0.003	1056	0	1056	1056	
0.4	0.5	12	216	2	4	100	90300	100	90300	0.003	0	0.003	0.003	903	0	903	903	
0.4	0.5	57	217	6	4	100	20900	100	20900	0.003	0	0.003	0.003	209	0	209	209	
0.4	0.5	41	218	6	4	81	3969	80	3920	0.003	0	0.003	0.003	49	0	49	49	
0.4	0.5	39	219	9	4	69	4623	69	4623	0.003	0	0.003	0.003	67	0	67	67	
0.4	0.5	46	220	11	4	99	23067	98	22834	0.00307143	0.000707107	0.003	0.01	233	0	233	233	
0.4	0.5	23	221	9	4	100	20100	100	20100	0.003	0	0.003	0.003	201	0	201	201	
0.4	0.5	42	222	7	4	100	74900	100	74900	0.003	0	0.003	0.003	749	0	749	749	
0.4	0.5	45	223	1	4	100	20100	100	20100	0.003	0	0.003	0.003	201	0	201	201	
0.4	0.5	39	224	40	4	67	1474	66	1452	0.003	0	0.003	0.003	22	0	22	22	
0.4	0.5	25	225	12	4	100	22632	100	22476	0.003	0	0.003	0.003	224.76	78.1417	153	309	
0.4	0.5	52	226	4	4	85	5695	86	5762	0.003	0	0.003	0.003	67	0	67	67	
0.4	0.5	52	227	10	4	85	8245	86	8342	0.003	0	0.003	0.003	97	0	97	97	
0.4	0.5	40	228	4	4	72	16656	76	17668	0.00557895	0.00339907	0.003	0.01	232.474	25.5862	201	253	
0.4	0.5	37	229	15	4	95	9215	95	9215	0.003	0	0.003	0.003	97	0	97	97	
0.4	0.5	43	230	9	4	100	13700	100	13700	0.003	0	0.003	0.003	137	0	137	137	
0.4	0.5	55	231	8	4	100	15300	100	15300	0.003	0	0.003	0.003	153	0	153	153	
0.4	0.5	48	232	1	4	100	46900	100	46900	0.003	0	0.003	0.003	469	0	469	469	
0.4	0.5	19	233	3	4	100	105600	100	105600	0.003	0	0.003	0.003	1056	0	1056	1056	
0.4	0.5	4	234	10	4	100	37300	100	37300	0.003	0	0.003	0.003	373	0	373	373	
0.4	0.5	39	235	41	4	66	1452	64	1408	0.003	0	0.003	0.003	22	0	22	22	
0.4	0.5	32	236	9	4	64	24832	65	25221	0.00687692	0.00350672	0.003	0.01	388.015	7.93822	325	389	
0.4	0.5	34	237	31	4	74	3626	74	3626	0.003	0	0.003	0.003	49	0	49	49	
0.4	0.5	48	238	7	4	88	13816	88	13816	0.00395454	0.00241599	0.003	0.01	157	0	157	157	
0.4	0.5	55	239	21	4	100	37300	100	37300	0.003	0	0.003	0.003	373	0	373	373	
0.4	0.5	39	240	34	4	64	3136	64	3136	0.00321875	0.00122758	0.003	0.01	49	0	49	49	
0.4	0.5	14	241	3	4	62	9374	61	9197	0.00747541	0.00338923	0.003	0.01	150.77	9.3388	137	157	
0.4	0.5	52	242	6	4	85	4165	86	4214	0.003	0	0.003	0.003	49	0	49	49	
0.4	0.5	28	243	3	4	73	12322	73	12322	0.00549315	0.00337525	0.003	0.01	168.795	61.1912	123	253	
0.4	0.5	41	244	25	4	80	5360	81	5427	0.003	0	0.003	0.003	67	0	67	67	
0.4	0.5	14	245	2	4	100	25300	100	25300	0.003	0	0.003	0.003	253	0	253	253	
0.4	0.5	52	246	1	4	86	4214	86	4214	0.003	0	0.003	0.003	49	0	49	49	
0.4	0.5	27	247	12	4	100	15300	100	15300	0.003	0	0.003	0.003	153	0	153	153	
0.4	0.5	20	248	5	4	100	22630	100	22474	0.003	0	0.003	0.003	224.74	78.1202	153	309	
0.4	0.5	56	249	1	4	100	32499	100	32499	0.003	0	0.003	0.003	324.99	0.1	324	325	
0.4	0.5	5	250	30	4	46	5750	46	5750	0.00330435	0.00144329	0.003	0.01	125	0	125	125	
0.4	0.5	13	251	6	4	99	19899	99	19899	0.00307071	0.000703526	0.003	0.01	201	0	201	201	
0.4	0.5	21	252	4	4	72	16216	76	17228	0.00557895	0.00339907	0.003	0.01	226.684	35.3286	157	253	
0.4	0.5	4	253	9	4	85	13685	85	13685	0.00423529	0.00268438	0.003	0.01	161	0	161	161	
0.4	0.5	34	254	19	4	75	11475	74	11322	0.003	0	0.003	0.003	153	0	153	153	
0.4	0.5	43	255	3	4	100	46898	100	46898	0.003	0	0.003	0.003	468.98	0.2	467	469	
0.4	0.5	37	256	6	4	61	7577	61	7577	0.00736065	0.00342069	0.003	0.01	124.213	6.14577	77	125	
0.4	0.5	34	257	16	4	78	7564	77	7467	0.003	0	0.003	0.003	96.974	0.227921	95	97	
0.4	0.5	36	258	1	4	100	34899	100	34899	0.003	0	0.003	0.003	348.99	0.1	348	349	
0.4	0.5	7	259	9	4	76	11930	76	11930	0.00511842	0.00323715	0.003	0.01	156.974	0.229416	155	157	
0.4	0.5	33	260	9	4	100	74900	100	74900	0.003	0	0.003	0.003	749	0	749	749	
0.4	0.5	40	261	11	4	100	38900	100	38900	0.003	0	0.003	0.003	389	0	389	389	
0.4	0.5	22	262	6	4	100	31700	100	31700	0.003	0	0.003	0.003	317	0	317	317	
0.4	0.5	30	263	3	4	100	46899	100	46899	0.003	0	0.003	0.003	468.99	0.1	468	469	
0.4	0.5	30	264	2	4	100	13700	100	13700	0.003	0	0.003	0.003	137	0	137	137	
0.4	0.5	52	265	27	4	76	9500	74	9250	0.00527027	0.00329922	0.003	0.01	125	0	125	125	
0.4	0.5	41	266	15	4	80	5360	81	5427	0.003	0	0.003	0.003	67	0	67	67	
0.4	0.5	8	267	5	4	100	38900	100	38900	0.003	0	0.003	0.003	389	0	389	389	
0.4	0.5	8	268	1	4	78	62946	75	60525	0.00505333	0.00320849	0.003	0.01	807	0	807	807	
0.4	0.5	56	269	9	4	100	38898	100	38898	0.003	0	0.003	0.003	388.98	0.2	387	389	
0.4	0.5	43	270	7	4	100	20100	100	20100	0.003	0	0.003	0.003	201	0	201	201	
0.4	0.5	21	271	7	4	100	20100	100	20100	0.003	0	0.003	0.003	201	0	201	201	
0.4	0.5	4	272	4	4	100	16099	100	16099	0.003	0	0.003	0.003	160.99	0.1	160	161	
0.4	0.5	25	273	1	4	100	28512	100	28316	0.003	0	0.003	0.003	283.16	98.178	193	389	
0.4	0.5	55	274	9	4	97	9409	97	9409	0.00321649	0.00121815	0.003	0.01	97	0	97	97	
0.4	0.5	41	275	34	4	81	2592	80	2560	0.003	0	0.003	0.003	32	0	32	32	
0.4	0.5	7	276	5	4	100	32498	100	32498	0.003	0	0.003	0.003	324.98	0.2	323	325	
0.4	0.5	9	277	1	4	100	38900	100	38900	0.003	0	0.003	0.003	389	0	389	389	
0.4	0.5	38	278	2	4	82	12874	82	12874	0.00445122	0.00285516	0.003	0.01	157	0	157	157	
0.4	0.5	41	279	22	4	80	2560	81	2592	0.003	0	0.003	0.003	32	0	32	32	
0.4	0.5	45	280	4	4	99	22655	99	22655	0.00307071	0.000703526	0.003	0.01	228.838	26.0669	201	253	
0.4	0.5	21	281	6	4	100	32498	100	32498	0.003	0	0.003	0.003	324.98	0.2	323	325	
0.4	0.5	55	282	10	4	100	4900	100	4898	0.003	0	0.003	0.003	48.98	0.2	47	49	
0.4	0.5	21	283	10	4	100	25299	100	25299	0.003	0	0.003	0.003	252.99	0.1	252	253	
0.4	0.5	41	284	7	4	81	12393	80	12240	0.003	0	0.003	0.003	153	0	153	153	
0.4	0.5	43	285	4	4	100	10100	100	10100	0.003	0	0.003	0.003	101	0	101	101	
0.4	0.5	3	286	10	4	100	20100	100	20100	0.003	0	0.003	0.003	201	0	201	201	
0.4	0.5	39	287	29	4	69	3381	69	3381	0.00310145	0.000842701	0.003	0.01	49	0	49	49	
0.4	0.5	39	288	6	4	65	2080	65	2080	0.003	0	0.003	0.003	32	0	32	32	
0.4	0.5	14	289	4	4	54	10338	54	10338	0.00922222	0.00222054	0.003	0.01	191.444	21.9146	137	201	
0.4	0.5	42	290	8	4	100	20100	100	20100	0.003	0	0.003	0.003	201	0	201	201	
0.4	0.5	48	291	2	4	100	25298	100	25298	0.003	0	0.003	0.003	252.98	0.2	251	253	
0.4	0.5	40	292	10	4	100	13700	100	13700	0.003	0	0.003	0.003	137	0	137	137	
0.4	0.5	25	293	3	4	96	10912	97	10909	0.00328866	0.0013991	0.003	0.01	112.464	39.9484	77	157	
0.4	0.5	41	294	33	4	67	5159	68	5236	0.00619118	0.00351227	0.003	0.01	77	0	77	77	
0.4	0.5	5	295	23	4	42	9782	42	9782	0.003	0	0.003	0.003	232.905	0.431081	231	233	
0.4	0.5	2	296	9	4	100	7700	100	7700	0.003	0	0.003	0.003	77	0	77	77	
0.4	0.5	42	297	5	4	100	38898	100	38898	0.003	0	0.003	0.003	388.98	0.2	387	389	
0.4	0.5	46	298	12	4	100	26900	100	26900	0.003	0	0.003	0.003	269	0	269	269	
0.4	0.5	55	299	11	4	100	7700	100	7700	0.003	0	0.003	0.003	77	0	77	77	
0.4	0.5	34	300	32	4	76	2432	76	2432	0.003	0	0.003	0.003	32	0	32	32	
0.4	0.5	37	301	9	4	95	4653	95	4653	0.003	0	0.003	0.003	48.9789	0.205196	47	49	
0.4	0.5	41	302	12	4	80	5360	81	5427	0.003	0	0.003	0.003	67	0	67	67	
0.4	0.5	24	303	11	4	100	9698	100	9698	0.003	0	0.003	0.003	96.98	0.2	95	97	
0.4	0.5	39	304	20	4	70	1540	68	1496	0.003	0	0.003	0.003	22	0	22	22	
0.4	0.5	53	305	7	4	100	25299	100	25299	0.003	0	0.003	0.003	252.99	0.1	252	253	
0.4	0.5	35	306	6	4	100	13700	100	13700	0.003	0	0.003	0.003	137	0	137	137	
0.4	0.5	9	307	2	4	100	38898	100	38898	0.003	0	0.003	0.003	388.98	0.2	387	389	
0.4	0.5	14	308	9	4	100	20100	100	20100	0.003	0	0.003	0.003	201	0	201	201	
0.4	0.5	4	309	5	4	52	5044	51	4947	0.00931372	0.00210229	0.003	0.01	97	0	97	97	
0.4	0.5	32	310	6	4	99	30591	99	30591	0.00307071	0.000703526	0.003	0.01	309	0	309	309	
0.4	0.5	47	311	1	4	100	48500	100	48500	0.003	0	0.003	0.003	485	0	485	485	
0.4	0.5	33	312	1	4	82	40250	82	40250	0.00453658	0.00291524	0.003	0.01	490.854	30.5356	469	533	
0.4	0.5	29	313	1	4	100	20100	100	20100	0.003	0	0.003	0.003	201	0	201	201	
0.4	0.5	1	314	8	4	88	32822	88	32822	0.00307954	0.000746203	0.003	0.01	372.977	0.149887	372	373	
0.4	0.5	31	315	4	4	100	20900	100	20900	0.003	0	0.003	0.003	209	0	209	209	
0.4	0.5	37	316	10	4	90	6030	90	6030	0.003	0	0.003	0.003	67	0	67	67	
0.4	0.5	33	317	5	4	100	38898	100	38898	0.003	0	0.003	0.003	388.98	0.2	387	389	
0.4	0.5	54	318	3	4	100	46899	100	46899	0.003	0	0.003	0.003	468.99	0.1	468	469	
0.4	0.5	55	319	15	4	97	9409	97	9409	0.00321649	0.00121815	0.003	0.01	97	0	97	97	
0.4	0.5	21	320	5	4	74	21129	78	22365	0.00533333	0.00332119	0.003	0.01	286.731	27.5717	253	309	
0.4	0.5	56	321	3	4	100	25300	100	25300	0.003	0	0.003	0.003	253	0	253	253	
0.4	0.5	8	322	3	4	100	23300	100	23300	0.003	0	0.003	0.003	233	0	233	233	
0.4	0.5	41	323	23	4	80	3920	81	3969	0.003	0	0.003	0.003	49	0	49	49	
0.4	0.5	14	324	8	4	100	32500	100	32500	0.003	0	0.003	0.003	325	0	325	325	
0.4	0.5	4	325	7	4	100	37300	100	37300	0.003	0	0.003	0.003	373	0	373	373	
0.4	0.5	48	326	8	4	100	13700	100	13700	0.003	0	0.003	0.003	137	0	137	137	
0.4	0.5	20	327	12	4	100	34392	100	34156	0.003	0	0.003	0.003	341.56	118.214	233	469	
0.4	0.5	7	328	6	4	100	13700	100	13700	0.003	0	0.003	0.003	137	0	137	137	
0.4	0.5	36	329	4	4	100	50100	100	50100	0.003	0	0.003	0.003	501	0	501	501	
0.4	0.5	13	330	7	4	100	30900	100	30900	0.003	0	0.003	0.003	309	0	309	309	
0.4	0.5	42	331	10	4	100	10100	100	10100	0.003	0	0.003	0.003	101	0	101	101	
0.4	0.5	41	332	5	4	80	1760	78	1716	0.003	0	0.003	0.003	22	0	22	22	
0.4	0.5	30	333	7	4	100	15699	100	15699	0.003	0	0.003	0.003	156.99	0.1	156	157	
0.4	0.5	24	334	9	4	100	19300	100	19300	0.003	0	0.003	0.003	193	0	193	193	
0.4	0.5	13	335	9	4	100	13699	100	13699	0.003	0	0.003	0.003	136.99	0.1	136	137	
0.4	0.5	5	336	41	4	42	15664	42	15664	0.003	0	0.003	0.003	372.952	0.21554	372	373	
0.4	0.5	32	337	12	4	100	32500	100	32500	0.003	0	0.003	0.003	325	0	325	325	
0.4	0.5	26	338	3	4	70	45150	68	43860	0.00608823	0.00350154	0.003	0.01	645	0	645	645	
0.4	0.5	57	339	3	4	100	20900	100	20900	0.003	0	0.003	0.003	209	0	209	209	
0.4	0.5	47	340	3	4	100	45300	100	45300	0.003	0	0.003	0.003	453	0	453	453	
0.4	0.5	22	341	4	4	100	51700	100	51700	0.003	0	0.003	0.003	517	0	517	517	
0.4	0.5	44	342	5	4	100	69300	100	69300	0.003	0	0.003	0.003	693	0	693	693	
0.4	0.5	1	343	3	4	100	12500	100	12500	0.003	0	0.003	0.003	125	0	125	125	
0.4	0.5	4	344	15	4	99	15939	98	15778	0.00307143	0.000707107	0.003	0.01	161	0	161	161	
0.4	0.5	52	345	25	4	86	6622	86	6622	0.003	0	0.003	0.003	77	0	77	77	
0.4	0.5	13	346	8	4	100	53300	100	53300	0.003	0	0.003	0.003	533	0	533	533	
0.4	0.5	36	347	2	4	97	75175	97	75175	0.00321649	0.00121815	0.003	0.01	775	0	775	775	
0.4	0.5	48	348	5	4	100	13700	100	13700	0.003	0	0.003	0.003	137	0	137	137	
0.4	0.5	7	349	3	4	100	15699	100	15699	0.003	0	0.003	0.003	156.99	0.1	156	157	
0.4	0.5	41	350	35	4	81	30213	80	29840	0.003	0	0.003	0.003	373	0	373	373	
0.4	0.5	39	351	23	4	65	5005	65	5005	0.00310769	0.000868243	0.003	0.01	77	0	77	77	
0.4	0.5	51	352	2	4	100	30900	100	30900	0.003	0	0.003	0.003	309	0	309	309	
0.4	0.5	19	353	2	4	100	80700	100	80700	0.003	0	0.003	0.003	807	0	807	807	
0.4	0.5	46	354	2	4	100	16100	100	16100	0.003	0	0.003	0.003	161	0	161	161	
0.4	0.5	57	355	2	4	100	45300	100	45300	0.003	0	0.003	0.003	453	0	453	453	
0.4	0.5	51	356	4	4	100	15700	100	15700	0.003	0	0.003	0.003	157	0	157	157	
0.4	0.5	29	357	7	4	55	8635	57	8949	0.00852631	0.00287914	0.003	0.01	157	0	157	157	
0.4	0.5	7	358	8	4	100	25299	100	25299	0.003	0	0.003	0.003	252.99	0.1	252	253	
0.4	0.5	39	359	7	4	68	8499	68	8499	0.003	0	0.003	0.003	124.985	0.121268	124	125	
0.4	0.5	38	360	3	4	100	25300	100	25300	0.003	0	0.003	0.003	253	0	253	253	
0.4	0.5	30	361	1	4	99	25047	99	25047	0.00307071	0.000703526	0.003	0.01	253	0	253	253	
0.4	0.5	9	362	3	4	100	80700	100	80700	0.003	0	0.003	0.003	807	0	807	807	
0.4	0.5	10	363	4	4	98	31530	98	31530	0.00314286	0.000994832	0.003	0.01	321.735	6.48162	309	325	
0.4	0.5	52	364	2	4	86	8340	86	8340	0.003	0	0.003	0.003	96.9767	0.215666	95	97	
0.4	0.5	54	365	5	4	100	20100	100	20100	0.003	0	0.003	0.003	201	0	201	201	
0.4	0.5	10	366	1	4	100	32498	100	32498	0.003	0	0.003	0.003	324.98	0.2	323	325	
0.4	0.5	27	367	14	4	100	19300	100	19300	0.003	0	0.003	0.003	193	0	193	193	
0.4	0.5	34	368	13	4	77	5929	77	5929	0.003	0	0.003	0.003	77	0	77	77	
0.4	0.5	2	369	2	4	70	6790	69	6693	0.00594203	0.00348055	0.003	0.01	97	0	97	97	
0.4	0.5	22	370	5	4	100	64500	100	64500	0.003	0	0.003	0.003	645	0	645	645	
0.4	0.5	17	371	9	4	100	14060	100	14060	0.003	0	0.003	0.003	140.6	15.7711	137	209	
0.4	0.5	21	372	1	4	100	38900	100	38900	0.003	0	0.003	0.003	389	0	389	389	
0.4	0.5	30	373	4	4	86	13502	85	13345	0.00407059	0.00253447	0.003	0.01	157	0	157	157	
0.4	0.5	48	374	3	4	100	30900	100	30900	0.003	0	0.003	0.003	309	0	309	309	
0.4	0.5	50	375	8	4	97	29973	97	29973	0.00328866	0.0013991	0.003	0.01	309	0	309	309	
0.4	0.5	10	376	10	4	100	13700	100	13700	0.003	0	0.003	0.003	137	0	137	137	
0.4	0.5	55	377	19	4	100	9700	100	9700	0.003	0	0.003	0.003	97	0	97	97	
0.4	0.5	3	378	4	4	99	19899	99	19899	0.00314141	0.000989847	0.003	0.01	201	0	201	201	
0.4	0.5	55	379	7	4	100	7700	100	7700	0.003	0	0.003	0.003	77	0	77	77	
0.4	0.5	53	380	5	4	100	15700	100	15700	0.003	0	0.003	0.003	157	0	157	157	
0.4	0.5	39	381	3	4	57	4389	59	4543	0.00572881	0.00344329	0.003	0.01	77	0	77	77	
0.4	0.5	19	382	1	4	64	32064	63	31563	0.00711111	0.00347392	0.003	0.01	501	0	501	501	
0.4	0.5	55	383	23	4	98	18721	98	18721	0.00314286	0.000994832	0.003	0.01	191.031	7.70922	161	193	
0.4	0.5	23	384	12	4	100	20100	100	20100	0.003	0	0.003	0.003	201	0	201	201	
0.4	0.5	29	385	3	4	100	32499	100	32499	0.003	0	0.003	0.003	324.99	0.1	324	325	
0.4	0.5	28	386	5	4	100	14899	100	14795	0.003	0	0.003	0.003	147.95	52.2414	97	201	
0.4	0.5	49	387	2	4	100	93500	100	93500	0.003	0	0.003	0.003	935	0	935	935	
0.4	0.5	23	388	3	4	100	15700	100	15700	0.003	0	0.003	0.003	157	0	157	157	
0.4	0.5	44	389	3	4	100	69300	100	69300	0.003	0	0.003	0.003	693	0	693	693	
0.4	0.5	4	390	14	4	100	37297	100	37298	0.003	0	0.003	0.003	372.98	0.140705	372	373	
0.4	0.5	24	391	23	4	100	9700	100	9700	0.003	0	0.003	0.003	97	0	97	97	
0.4	0.5	5	392	28	4	42	6426	42	6426	0.003	0	0.003	0.003	153	0	153	153	
0.4	0.5	50	393	7	4	100	32498	100	32498	0.003	0	0.003	0.003	324.98	0.2	323	325	
0.4	0.5	33	394	10	4	79	24723	78	24326	0.00497436	0.00317038	0.003	0.01	311.872	18.7716	253	325	
0.4	0.5	39	395	16	4	64	9792	64	9792	0.003	0	0.003	0.003	153	0	153	153	
0.4	0.5	28	396	8	4	95	13893	95	13789	0.00336842	0.00157137	0.003	0.01	145.147	52.1538	95	201	
0.4	0.5	47	397	6	4	100	45300	100	45300	0.003	0	0.003	0.003	453	0	453	453	
0.4	0.5	54	398	8	4	99	19897	99	19897	0.00307071	0.000703526	0.003	0.01	200.98	0.201008	199	201	
0.4	0.5	41	399	9	4	82	13200	81	13039	0.003	0	0.003	0.003	160.975	0.222222	159	161	
0.4	0.5	55	400	14	4	100	9700	100	9700	0.003	0	0.003	0.003	97	0	97	97	
0.4	0.5	46	401	9	4	99	7623	99	7623	0.00307071	0.000703526	0.003	0.01	77	0	77	77	
0.4	0.5	21	402	9	4	55	17363	57	17997	0.00864912	0.00278703	0.003	0.01	315.737	7.96987	309	325	
0.4	0.5	39	403	22	4	68	3332	68	3332	0.00310294	0.000848875	0.003	0.01	49	0	49	49	
0.4	0.5	3	404	1	4	51	12903	49	12397	0.01	0	0.01	0.01	253	0	253	253	
0.4	0.5	34	405	29	4	76	2430	75	2398	0.003	0	0.003	0.003	31.9733	0.23094	30	32	
0.4	0.5	26	406	5	4	100	34900	100	34900	0.003	0	0.003	0.003	349	0	349	349	
0.4	0.5	38	407	9	4	100	74900	100	74900	0.003	0	0.003	0.003	749	0	749	749	
0.4	0.5	6	408	1	4	100	25300	100	25300	0.003	0	0.003	0.003	253	0	253	253	
0.4	0.5	11	409	4	4	100	80700	100	80700	0.003	0	0.003	0.003	807	0	807	807	
0.4	0.5	34	410	21	4	77	3773	77	3773	0.003	0	0.003	0.003	49	0	49	49	
0.4	0.5	34	411	33	4	77	2464	77	2464	0.003	0	0.003	0.003	32	0	32	32	
0.4	0.5	3	412	7	4	100	46900	100	46900	0.003	0	0.003	0.003	469	0	469	469	
0.4	0.5	41	413	14	4	78	2496	79	2528	0.003	0	0.003	0.003	32	0	32	32	
0.4	0.5	10	414	9	4	94	14758	94	14758	0.00344681	0.00172032	0.003	0.01	157	0	157	157	
0.4	0.5	27	415	7	4	100	37300	100	37300	0.003	0	0.003	0.003	373	0	373	373	
0.4	0.5	53	416	10	4	100	30900	100	30900	0.003	0	0.003	0.003	309	0	309	309	
0.4	0.5	35	417	3	4	100	32499	100	32499	0.003	0	0.003	0.003	324.99	0.1	324	325	
0.4	0.5	54	418	1	4	100	13700	100	13700	0.003	0	0.003	0.003	137	0	137	137	
0.4	0.5	33	419	7	4	100	13698	100	13698	0.003	0	0.003	0.003	136.98	0.2	135	137	
0.4	0.5	32	420	3	4	100	32500	100	32500	0.003	0	0.003	0.003	325	0	325	325	
0.4	0.5	39	421	33	4	66	24618	66	24618	0.003	0	0.003	0.003	373	0	373	373	
0.4	0.5	33	422	6	4	98	73402	97	72653	0.00314433	0.000999893	0.003	0.01	749	0	749	749	
0.4	0.5	2	423	4	4	70	8750	73	9125	0.00587671	0.00346789	0.003	0.01	125	0	125	125	
0.4	0.5	39	424	10	4	66	8250	66	8250	0.003	0	0.003	0.003	125	0	125	125	
0.4	0.5	52	425	11	4	100	4900	100	4900	0.003	0	0.003	0.003	49	0	49	49	
0.4	0.5	27	426	1	4	100	16100	100	16100	0.003	0	0.003	0.003	161	0	161	161	
0.4	0.5	46	427	6	4	100	6700	100	6700	0.003	0	0.003	0.003	67	0	67	67	
0.4	0.5	39	428	8	4	65	3183	65	3183	0.003	0	0.003	0.003	48.9692	0.248069	47	49	
0.4	0.5	15	429	1	4	100	74900	100	74900	0.003	0	0.003	0.003	749	0	749	749	
0.4	0.5	8	430	8	4	100	38900	100	38900	0.003	0	0.003	0.003	389	0	389	389	
0.4	0.5	23	431	10	4	100	74900	100	74900	0.003	0	0.003	0.003	749	0	749	749	
0.4	0.5	7	432	10	4	82	16480	82	16480	0.00462195	0.00297164	0.003	0.01	200.976	0.220863	199	201	
0.4	0.5	34	433	12	4	76	5092	76	5092	0.003	0	0.003	0.003	67	0	67	67	
0.4	0.5	41	434	1	4	77	14861	76	14668	0.00336842	0.00157346	0.003	0.01	193	0	193	193	
0.4	0.5	50	435	6	4	100	38900	100	38900	0.003	0	0.003	0.003	389	0	389	389	
0.4	0.5	57	436	5	4	100	15300	100	15300	0.003	0	0.003	0.003	153	0	153	153	
0.4	0.5	2	437	11	4	100	12500	100	12500	0.003	0	0.003	0.003	125	0	125	125	
0.4	0.5	42	438	1	4	100	38898	100	38898	0.003	0	0.003	0.003	388.98	0.2	387	389	
0.4	0.5	34	439	4	4	76	12236	77	12397	0.003	0	0.003	0.003	161	0	161	161	
0.4	0.5	27	440	4	4	89	8633	88	8536	0.003875	0.0023283	0.003	0.01	97	0	97	97	
0.4	0.5	56	441	6	4	100	46899	100	46899	0.003	0	0.003	0.003	468.99	0.1	468	469	
0.4	0.5	10	442	5	4	52	8164	53	8321	0.00933962	0.00206568	0.003	0.01	157	0	157	157	
0.4	0.5	25	443	9	4	100	28512	100	28316	0.003	0	0.003	0.003	283.16	98.178	193	389	
0.4	0.5	28	444	7	4	100	24300	100	24136	0.003	0	0.003	0.003	241.36	82.3966	161	325	
0.4	0.5	16	445	1	4	100	105600	100	105600	0.003	0	0.003	0.003	1056	0	1056	1056	
0.4	0.5	34	446	14	4	74	7178	74	7178	0.003	0	0.003	0.003	97	0	97	97	
0.4	0.5	20	447	9	4	53	4081	52	4004	0.00919231	0.00225822	0.003	0.01	77	0	77	77	
0.4	0.5	34	448	26	4	75	27975	73	27229	0.00309589	0.000819288	0.003	0.01	373	0	373	373	
0.4	0.5	41	449	16	4	80	5360	81	5427	0.003	0	0.003	0.003	67	0	67	67	
0.4	0.5	18	450	3	4	100	103100	100	103100	0.003	0	0.003	0.003	1031	0	1031	1031	
0.4	0.5	37	451	14	4	90	11249	90	11249	0.003	0	0.003	0.003	124.989	0.105409	124	125	
0.4	0.5	28	452	4	4	72	9376	74	9570	0.00545946	0.00336456	0.003	0.01	129.324	48.4624	97	201	
0.4	0.5	38	453	7	4	100	32500	100	32500	0.003	0	0.003	0.003	325	0	325	325	
0.4	0.5	3	454	8	4	100	53300	100	53300	0.003	0	0.003	0.003	533	0	533	533	
0.4	0.5	50	455	11	4	100	25299	100	25299	0.003	0	0.003	0.003	252.99	0.1	252	253	
0.4	0.5	22	456	2	4	100	59604	100	59604	0.003	0	0.003	0.003	596.04	44.6404	517	621	
0.4	0.5	55	457	4	4	100	12500	100	12500	0.003	0	0.003	0.003	125	0	125	125	
0.4	0.5	52	458	17	4	86	5762	85	5695	0.003	0	0.003	0.003	67	0	67	67	
0.4	0.5	32	459	7	4	49	9849	51	10251	0.00986274	0.000980196	0.003	0.01	201	0	201	201	
0.4	0.5	52	460	13	4	86	5762	85	5695	0.003	0	0.003	0.003	67	0	67	67	
0.4	0.5	20	461	10	4	100	34392	100	34156	0.003	0	0.003	0.003	341.56	118.214	233	469	
0.4	0.5	54	462	7	4	100	32498	100	32498	0.003	0	0.003	0.003	324.98	0.2	323	325	
0.4	0.5	50	463	12	4	100	32500	100	32500	0.003	0	0.003	0.003	325	0	325	325	
0.4	0.5	42	464	9	4	100	74900	100	74900	0.003	0	0.003	0.003	749	0	749	749	
0.4	0.5	34	465	7	4	77	9625	77	9625	0.003	0	0.003	0.003	125	0	125	125	
0.4	0.5	24	466	16	4	55	4235	53	4081	0.0089434	0.00252994	0.003	0.01	77	0	77	77	
0.4	0.5	39	467	31	4	64	3136	64	3136	0.003	0	0.003	0.003	49	0	49	49	
0.4	0.5	52	468	28	4	86	5762	86	5762	0.003	0	0.003	0.003	67	0	67	67	
0.4	0.5	33	469	3	4	55	13086	55	13086	0.00898182	0.00249066	0.003	0.01	237.927	33.3693	157	253	
0.4	0.5	17	470	6	4	100	76630	100	76630	0.003	0	0.003	0.003	766.3	75.7888	749	1095	
0.4	0.5	2	471	5	4	100	30100	100	30100	0.003	0	0.003	0.003	301	0	301	301	
0.4	0.5	46	472	14	4	100	9700	100	9700	0.003	0	0.003	0.003	97	0	97	97	
0.4	0.5	38	473	1	4	100	53298	100	53298	0.003	0	0.003	0.003	532.98	0.2	531	533	
0.4	0.5	34	474	28	4	75	5025	74	4958	0.003	0	0.003	0.003	67	0	67	67	
0.4	0.5	43	475	12	4	100	25300	100	25300	0.003	0	0.003	0.003	253	0	253	253	
0.4	0.5	45	476	5	4	61	9177	60	9020	0.00755	0.00336696	0.003	0.01	150.333	9.50765	137	157	
0.4	0.5	2	477	3	4	100	12500	100	12500	0.003	0	0.003	0.003	125	0	125	125	
0.4	0.5	39	478	32	4	69	3381	69	3381	0.003	0	0.003	0.003	49	0	49	49	
0.4	0.5	2	479	1	4	100	19300	100	19300	0.003	0	0.003	0.003	193	0	193	193	
0.4	0.5	10	480	3	4	100	15699	100	15699	0.003	0	0.003	0.003	156.99	0.1	156	157	
0.4	0.5	51	481	3	4	100	46898	100	46898	0.003	0	0.003	0.003	468.98	0.2	467	469	
0.4	0.5	56	482	2	4	100	15700	100	15700	0.003	0	0.003	0.003	157	0	157	157	
0.4	0.5	33	483	4	4	100	25300	100	25300	0.003	0	0.003	0.003	253	0	253	253	
0.4	0.5	20	484	1	4	100	18516	100	18388	0.003	0	0.003	0.003	183.88	64.1163	125	253	
0.4	0.5	19	485	4	4	100	38900	100	38900	0.003	0	0.003	0.003	389	0	389	389	
0.4	0.5	12	486	4	4	100	105600	100	105600	0.003	0	0.003	0.003	1056	0	1056	1056	
0.4	0.5	41	487	20	4	79	9873	79	9873	0.003	0	0.003	0.003	124.975	0.225018	123	125	
0.4	0.5	45	488	10	4	100	13698	100	13698	0.003	0	0.003	0.003	136.98	0.2	135	137	
0.4	0.5	52	489	20	4	84	4116	84	4116	0.00316667	0.0010736	0.003	0.01	49	0	49	49	
0.4	0.5	2	490	10	4	100	15300	100	15300	0.003	0	0.003	0.003	153	0	153	153	
0.4	0.5	44	491	2	4	100	38900	100	38900	0.003	0	0.003	0.003	389	0	389	389	
0.4	0.5	55	492	5	4	100	4900	100	4900	0.003	0	0.003	0.003	49	0	49	49	
0.4	0.5	27	493	13	4	100	9698	100	9698	0.003	0	0.003	0.003	96.98	0.2	95	97	
0.4	0.5	14	494	12	4	100	53044	100	53044	0.003	0	0.003	0.003	530.44	12.6046	469	533	
0.4	0.5	24	495	21	4	100	7700	100	7700	0.003	0	0.003	0.003	77	0	77	77	
0.4	0.5	31	496	7	4	100	38900	100	38900	0.003	0	0.003	0.003	389	0	389	389	
0.4	0.5	39	497	21	4	65	8123	65	8123	0.003	0	0.003	0.003	124.969	0.248069	123	125	
0.4	0.5	34	498	2	4	74	7178	75	7275	0.003	0	0.003	0.003	97	0	97	97	
0.4	0.5	18	499	2	4	100	80700	100	80700	0.003	0	0.003	0.003	807	0	807	807	
0.4	0.5	27	500	9	4	100	19300	100	19300	0.003	0	0.003	0.003	193	0	193	193	
0.4	0.5	35	501	9	4	100	13700	100	13700	0.003	0	0.003	0.003	137	0	137	137	
0.4	0.5	29	502	2	4	76	13999	73	13396	0.00530137	0.00331111	0.003	0.01	183.507	21.6969	156	201	
0.4	0.5	47	503	5	4	100	69300	100	69300	0.003	0	0.003	0.003	693	0	693	693	
0.4	0.5	49	504	5	4	100	40500	100	40500	0.003	0	0.003	0.003	405	0	405	405	
0.4	0.5	37	505	12	4	95	7315	95	7315	0.003	0	0.003	0.003	77	0	77	77	
0.4	0.5	39	506	28	4	65	5005	65	5005	0.00364615	0.00204199	0.003	0.01	77	0	77	77	
0.4	0.5	7	507	4	4	100	74900	100	74900	0.003	0	0.003	0.003	749	0	749	749	
0.4	0.5	56	508	11	4	97	24541	99	25047	0.00321212	0.00120605	0.003	0.01	253	0	253	253	
0.4	0.5	15	509	8	4	100	25300	100	25300	0.003	0	0.003	0.003	253	0	253	253	
0.4	0.5	15	510	2	4	100	32498	100	32498	0.003	0	0.003	0.003	324.98	0.2	323	325	
0.4	0.5	57	511	8	4	100	105600	100	105600	0.003	0	0.003	0.003	1056	0	1056	1056	
0.4	0.5	55	512	2	4	100	23300	100	23300	0.003	0	0.003	0.003	233	0	233	233	
0.4	0.5	37	513	7	4	81	18833	81	18833	0.0038642	0.00231707	0.003	0.01	232.506	4.44444	193	233	
0.4	0.5	51	514	1	4	100	15700	100	15700	0.003	0	0.003	0.003	157	0	157	157	
0.4	0.5	48	515	10	4	100	20100	100	20100	0.003	0	0.003	0.003	201	0	201	201	
0.4	0.5	32	516	11	4	100	20100	100	20100	0.003	0	0.003	0.003	201	0	201	201	
0.4	0.5	39	517	14	4	66	10098	66	10098	0.003	0	0.003	0.003	153	0	153	153	
0.4	0.5	39	518	38	4	66	2110	66	2110	0.003	0	0.003	0.003	31.9697	0.246183	30	32	
0.4	0.5	49	519	4	4	100	40500	100	40500	0.003	0	0.003	0.003	405	0	405	405	
0.4	0.5	34	520	1	4	77	5159	78	5226	0.003	0	0.003	0.003	67	0	67	67	
0.4	0.5	53	521	11	4	100	53300	100	53300	0.003	0	0.003	0.003	533	0	533	533	
0.4	0.5	41	522	8	4	79	7663	78	7566	0.003	0	0.003	0.003	97	0	97	97	
0.4	0.5	18	523	1	4	100	80700	100	80700	0.003	0	0.003	0.003	807	0	807	807	
0.4	0.5	54	524	4	4	100	20100	100	20100	0.003	0	0.003	0.003	201	0	201	201	
0.4	0.5	45	525	3	4	100	25300	100	25300	0.003	0	0.003	0.003	253	0	253	253	
0.4	0.5	12	526	1	4	100	77500	100	77500	0.003	0	0.003	0.003	775	0	775	775	
0.4	0.5	39	527	13	4	64	4288	63	4221	0.00344444	0.00172063	0.003	0.01	67	0	67	67	
0.4	0.5	48	528	6	4	100	25298	100	25298	0.003	0	0.003	0.003	252.98	0.2	251	253	
0.4	0.5	30	529	5	4	100	13700	100	13700	0.003	0	0.003	0.003	137	0	137	137	
0.4	0.5	16	530	2	4	100	80700	100	80700	0.003	0	0.003	0.003	807	0	807	807	
0.4	0.5	23	531	1	4	100	38900	100	38900	0.003	0	0.003	0.003	389	0	389	389	
0.4	0.5	4	532	3	4	100	6700	100	6700	0.003	0	0.003	0.003	67	0	67	67	
0.4	0.5	53	533	8	4	87	13659	86	13502	0.00405814	0.00252216	0.003	0.01	157	0	157	157	
0.4	0.5	41	534	13	4	80	9999	81	10124	0.003	0	0.003	0.003	124.988	0.111111	124	125	
0.4	0.5	43	535	5	4	59	11859	60	12060	0.00778333	0.00328371	0.003	0.01	201	0	201	201	
0.4	0.5	37	536	27	4	91	6097	91	6097	0.003	0	0.003	0.003	67	0	67	67	
0.4	0.5	21	537	2	4	100	13700	100	13700	0.003	0	0.003	0.003	137	0	137	137	
0.4	0.5	41	538	32	4	80	5360	79	5293	0.003	0	0.003	0.003	67	0	67	67	
0.4	0.5	41	539	3	4	79	12717	78	12556	0.003	0	0.003	0.003	160.974	0.226455	159	161	
0.4	0.5	13	540	1	4	88	13816	89	13973	0.00402247	0.00248622	0.003	0.01	157	0	157	157	
0.4	0.5	1	541	24	4	89	5963	89	5963	0.003	0	0.003	0.003	67	0	67	67	
0.4	0.5	37	542	3	4	90	11250	91	11375	0.003	0	0.003	0.003	125	0	125	125	
0.4	0.5	14	543	5	4	100	25300	100	25300	0.003	0	0.003	0.003	253	0	253	253	
0.4	0.5	13	544	4	4	100	30900	100	30900	0.003	0	0.003	0.003	309	0	309	309	
0.4	0.5	41	545	18	4	79	29467	80	29840	0.003	0	0.003	0.003	373	0	373	373	
0.4	0.5	55	546	3	4	100	16098	100	16098	0.003	0	0.003	0.003	160.98	0.2	159	161	
0.4	0.5	17	547	4	4	68	10676	67	10519	0.00634328	0.00352288	0.003	0.01	157	0	157	157	
0.4	0.5	50	548	1	4	100	46900	100	46900	0.003	0	0.003	0.003	469	0	469	469	
0.4	0.5	27	549	3	4	100	37300	100	37300	0.003	0	0.003	0.003	373	0	373	373	
0.4	0.5	49	550	3	4	56	28952	56	28952	0.0085	0.00289828	0.003	0.01	517	0	517	517	
0.4	0.5	46	551	4	4	100	23294	100	23294	0.00307	0.0007	0.003	0.01	232.94	0.342893	231	233	
0.4	0.5	15	552	3	4	100	13698	100	13698	0.003	0	0.003	0.003	136.98	0.2	135	137	
0.4	0.5	32	553	4	4	100	53298	100	53298	0.003	0	0.003	0.003	532.98	0.2	531	533	
0.4	0.5	41	554	10	4	79	4807	78	4740	0.00308974	0.000792594	0.003	0.01	60.7692	8.6188	49	67	
0.4	0.5	28	555	2	4	100	24300	100	24136	0.003	0	0.003	0.003	241.36	82.3966	161	325	
0.4	0.5	17	556	3	4	100	31620	100	31620	0.003	0	0.003	0.003	316.2	31.5422	309	453	
0.4	0.5	2	557	7	4	100	6700	100	6700	0.003	0	0.003	0.003	67	0	67	67	
0.4	0.5	54	558	9	4	100	20098	100	20098	0.003	0	0.003	0.003	200.98	0.2	199	201	
0.4	0.5	41	559	29	4	78	3822	78	3822	0.00308974	0.000792594	0.003	0.01	49	0	49	49	
0.4	0.5	4	560	1	4	87	5829	86	5762	0.00405814	0.00252216	0.003	0.01	67	0	67	67	
0.4	0.5	34	561	34	4	74	7178	75	7275	0.003	0	0.003	0.003	97	0	97	97	
0.4	0.5	15	562	7	4	100	13700	100	13700	0.003	0	0.003	0.003	137	0	137	137	
0.4	0.5	39	563	4	4	65	5005	65	5005	0.003	0	0.003	0.003	77	0	77	77	
0.4	0.5	34	564	5	4	73	7081	74	7178	0.003	0	0.003	0.003	97	0	97	97	
0.4	0.5	42	565	3	4	51	10251	49	9849	0.01	0	0.01	0.01	201	0	201	201	
0.4	0.5	23	566	5	4	100	15700	100	15700	0.003	0	0.003	0.003	157	0	157	157	
0.4	0.5	32	567	5	4	51	15759	51	15759	0.00972549	0.00137227	0.003	0.01	309	0	309	309	
0.4	0.5	21	568	3	4	100	12836	100	12836	0.003	0	0.003	0.003	128.36	15.4524	101	137	
0.4	0.5	49	569	6	4	98	75950	98	75950	0.00314286	0.000994832	0.003	0.01	775	0	775	775	
0.4	0.5	25	570	6	4	100	18514	100	18386	0.003	0	0.003	0.003	183.86	64.0948	125	253	
0.4	0.5	22	571	1	4	100	62100	100	62100	0.003	0	0.003	0.003	621	0	621	621	
0.4	0.5	17	572	7	4	100	76630	100	76630	0.003	0	0.003	0.003	766.3	75.7888	749	1095	
0.4	0.5	57	573	1	4	100	69300	100	69300	0.003	0	0.003	0.003	693	0	693	693	
0.4	0.5	53	574	4	4	100	30900	100	30900	0.003	0	0.003	0.003	309	0	309	309	
0.4	0.5	46	575	1	4	68	5236	68	5236	0.00639706	0.0035245	0.003	0.01	77	0	77	77	
0.4	0.5	37	576	16	4	62	4764	62	4764	0.00604839	0.00349907	0.003	0.01	76.8387	1.27	67	77	
0.4	0.5	57	577	7	4	100	38900	100	38900	0.003	0	0.003	0.003	389	0	389	389	
0.4	0.5	53	578	1	4	100	25300	100	25300	0.003	0	0.003	0.003	253	0	253	253	
0.4	0.5	20	579	11	4	100	45140	100	44820	0.003	0	0.003	0.003	448.2	160.291	301	621	
0.4	0.5	24	580	8	4	100	30100	100	30100	0.003	0	0.003	0.003	301	0	301	301	
0.4	0.5	11	581	6	4	100	105651	100	105729	0.003	0	0.003	0.003	1057.29	6.77234	1056	1095	
0.4	0.5	41	582	27	4	79	9875	80	10000	0.003	0	0.003	0.003	125	0	125	125	
0.4	0.5	31	583	3	4	100	105600	100	105600	0.003	0	0.003	0.003	1056	0	1056	1056	
0.4	0.5	10	584	2	4	100	25298	100	25298	0.003	0	0.003	0.003	252.98	0.2	251	253	
0.4	0.5	40	585	6	4	100	74900	100	74900	0.003	0	0.003	0.003	749	0	749	749	
0.4	0.5	47	586	4	4	100	80700	100	80700	0.003	0	0.003	0.003	807	0	807	807	
0.4	0.5	47	587	8	4	100	80700	100	80700	0.003	0	0.003	0.003	807	0	807	807	
0.4	0.5	19	588	5	4	100	64500	100	64500	0.003	0	0.003	0.003	645	0	645	645	
0.4	0.5	56	589	8	4	100	30900	100	30900	0.003	0	0.003	0.003	309	0	309	309	
0.4	0.5	37	590	23	4	95	7315	94	7238	0.003	0	0.003	0.003	77	0	77	77	
0.4	0.5	35	591	5	4	100	32499	100	32499	0.003	0	0.003	0.003	324.99	0.1	324	325	
0.4	0.5	42	592	4	4	74	55426	73	54677	0.00539726	0.00334473	0.003	0.01	749	0	749	749	
0.4	0.5	54	593	10	4	100	20100	100	20100	0.003	0	0.003	0.003	201	0	201	201	
0.4	0.5	6	594	4	4	100	38900	100	38900	0.003	0	0.003	0.003	389	0	389	389	
0.4	0.5	55	595	16	4	100	6700	100	6700	0.003	0	0.003	0.003	67	0	67	67	
0.4	0.5	44	596	8	4	100	23300	100	23300	0.003	0	0.003	0.003	233	0	233	233	
0.4	0.5	14	597	7	4	87	17487	87	17486	0.00404598	0.00251002	0.003	0.01	200.989	0.107211	200	201	
0.4	0.5	48	598	4	4	100	32498	100	32498	0.003	0	0.003	0.003	324.98	0.2	323	325	
0.4	0.5	55	599	1	4	100	6700	100	6700	0.003	0	0.003	0.003	67	0	67	67	
0.4	0.5	43	600	10	4	100	20100	100	20100	0.003	0	0.003	0.003	201	0	201	201	
0.4	0.5	17	601	2	4	100	33300	100	33300	0.003	0	0.003	0.003	333	35.0469	325	485	
0.4	0.5	52	602	16	4	86	16598	85	16405	0.003	0	0.003	0.003	193	0	193	193	
0.4	0.5	34	603	25	4	75	7275	74	7178	0.003	0	0.003	0.003	97	0	97	97	
0.4	0.5	11	604	8	4	100	105924	100	106002	0.003	0	0.003	0.003	1060.02	11.78	1056	1095	
0.4	0.5	13	605	2	4	100	20100	100	20100	0.003	0	0.003	0.003	201	0	201	201	
0.4	0.5	47	606	2	4	92	39372	92	39244	0.00360869	0.00198321	0.003	0.01	426.565	31.685	389	453	
0.4	0.5	5	607	57	4	48	17904	48	17904	0.003	0	0.003	0.003	373	0	373	373	
0.4	0.5	39	608	2	4	65	6305	65	6305	0.003	0	0.003	0.003	97	0	97	97	
0.4	0.5	34	609	9	4	75	9375	76	9500	0.003	0	0.003	0.003	125	0	125	125	
0.4	0.5	35	610	8	4	100	15700	100	15700	0.003	0	0.003	0.003	157	0	157	157	
0.4	0.5	38	611	8	4	100	38900	100	38900	0.003	0	0.003	0.003	389	0	389	389	
0.4	0.5	39	612	35	4	69	4623	69	4623	0.003	0	0.003	0.003	67	0	67	67	
0.4	0.5	4	613	8	4	65	8125	67	8375	0.00655224	0.00352602	0.003	0.01	125	0	125	125	
0.4	0.5	55	614	18	4	100	6700	100	6700	0.003	0	0.003	0.003	67	0	67	67	
0.4	0.5	5	615	50	4	42	15666	42	15666	0.003	0	0.003	0.003	373	0	373	373	
0.4	0.5	54	616	2	4	100	20100	100	20100	0.003	0	0.003	0.003	201	0	201	201	
0.4	0.5	55	617	12	4	100	19300	100	19300	0.003	0	0.003	0.003	193	0	193	193	
0.4	0.5	45	618	9	4	100	30900	100	30900	0.003	0	0.003	0.003	309	0	309	309	
0.4	0.5	44	619	7	4	100	105924	100	106002	0.003	0	0.003	0.003	1060.02	11.78	1056	1095	
0.4	0.5	2	620	13	4	96	9312	96	9312	0.00329167	0.00140613	0.003	0.01	97	0	97	97	
0.4	0.5	45	621	6	4	100	25300	100	25300	0.003	0	0.003	0.003	253	0	253	253	
0.4	0.5	52	622	7	4	100	7700	100	7700	0.003	0	0.003	0.003	77	0	77	77	
0.4	0.5	37	623	20	4	96	2112	95	2090	0.003	0	0.003	0.003	22	0	22	22	
0.4	0.5	17	624	5	4	100	33300	100	33300	0.003	0	0.003	0.003	333	35.0469	325	485	
0.4	0.5	34	625	30	4	77	3773	77	3773	0.003	0	0.003	0.003	49	0	49	49	
0.4	0.5	40	626	1	4	58	41138	62	44134	0.00785484	0.00325348	0.003	0.01	711.839	58.5749	621	749	
0.4	0.5	50	627	10	4	89	13973	88	13816	0.003875	0.0023283	0.003	0.01	157	0	157	157	
0.4	0.5	17	628	8	4	92	23274	93	23527	0.00360215	0.00197341	0.003	0.01	252.978	0.20739	251	253	
0.4	0.5	28	629	10	4	56	6311	56	6151	0.0085	0.00289828	0.003	0.01	109.839	39.6919	77	157	
0.4	0.5	51	630	7	4	100	20100	100	20100	0.003	0	0.003	0.003	201	0	201	201	
0.4	0.5	3	631	3	4	100	53298	100	53298	0.003	0	0.003	0.003	532.98	0.2	531	533	
0.4	0.5	46	632	13	4	100	26899	100	26899	0.003	0	0.003	0.003	268.99	0.1	268	269	
0.4	0.5	5	633	54	4	47	10951	47	10951	0.003	0	0.003	0.003	233	0	233	233	
0.4	0.5	52	634	8	4	84	8148	85	8245	0.0031647	0.00106734	0.003	0.01	97	0	97	97	
0.4	0.5	34	635	24	4	77	2464	76	2432	0.003	0	0.003	0.003	32	0	32	32	
0.4	0.5	13	636	3	4	100	46900	100	46900	0.003	0	0.003	0.003	469	0	469	469	
0.4	0.5	5	637	12	4	42	6426	42	6426	0.003	0	0.003	0.003	153	0	153	153	
0.4	0.5	50	638	3	4	100	13700	100	13700	0.003	0	0.003	0.003	137	0	137	137	
0.4	0.5	25	639	4	4	100	11460	100	11380	0.003	0	0.003	0.003	113.8	40.0727	77	157	
0.4	0.5	22	640	3	4	100	77500	100	77500	0.003	0	0.003	0.003	775	0	775	775	
0.4	0.5	40	641	2	4	100	74900	100	74900	0.003	0	0.003	0.003	749	0	749	749	
0.4	0.5	3	642	2	4	100	30900	100	30900	0.003	0	0.003	0.003	309	0	309	309	
0.4	0.5	52	643	26	4	86	5762	86	5762	0.003	0	0.003	0.003	67	0	67	67	
0.4	0.5	5	644	20	4	42	4074	43	4171	0.003	0	0.003	0.003	97	0	97	97	
0.4	0.5	50	645	4	4	100	20098	100	20098	0.003	0	0.003	0.003	200.98	0.2	199	201	
0.4	0.5	43	646	6	4	56	14168	56	14168	0.0085	0.00289828	0.003	0.01	253	0	253	253	
0.4	0.5	29	647	6	4	69	10833	72	11304	0.00581944	0.00345729	0.003	0.01	157	0	157	157	
0.4	0.5	20	648	8	4	100	54972	100	54596	0.003	0	0.003	0.003	545.96	188.342	373	749	
0.4	0.5	29	649	8	4	51	15759	50	15450	0.01	0	0.01	0.01	309	0	309	309	
0.4	0.5	23	650	6	4	50	23450	49	22981	0.01	0	0.01	0.01	469	0	469	469	
0.4	0.5	37	651	13	4	91	11373	91	11373	0.003	0	0.003	0.003	124.978	0.209657	123	125	
0.4	0.5	20	652	4	4	100	28512	100	28316	0.003	0	0.003	0.003	283.16	98.178	193	389	
0.4	0.5	23	653	8	4	100	13700	100	13700	0.003	0	0.003	0.003	137	0	137	137	
0.4	0.5	28	654	11	4	100	40100	100	39836	0.003	0	0.003	0.003	398.36	132.638	269	533	
0.4	0.5	42	655	6	4	100	46898	100	46898	0.003	0	0.003	0.003	468.98	0.2	467	469	
0.4	0.5	52	656	15	4	100	7700	100	7700	0.003	0	0.003	0.003	77	0	77	77	
0.4	0.5	31	657	2	4	100	38724	100	38724	0.003	0	0.003	0.003	387.24	12.3821	301	389	
0.4	0.5	40	658	5	4	100	20100	100	20100	0.003	0	0.003	0.003	201	0	201	201	
0.4	0.5	37	659	26	4	85	8244	84	8147	0.00383333	0.00228053	0.003	0.01	96.9881	0.109109	96	97	
0.4	0.5	3	660	5	4	100	25300	100	25300	0.003	0	0.003	0.003	253	0	253	253	
0.4	0.5	5	661	1	4	42	15666	42	15666	0.003	0	0.003	0.003	373	0	373	373	
0.4	0.5	1	662	23	4	100	6700	100	6700	0.003	0	0.003	0.003	67	0	67	67	
0.4	0.5	5	663	46	4	42	8106	42	8106	0.003	0	0.003	0.003	193	0	193	193	
0.4	0.5	5	664	51	4	47	7567	47	7567	0.003	0	0.003	0.003	161	0	161	161	
0.4	0.5	5	665	16	4	42	3234	43	3311	0.003	0	0.003	0.003	77	0	77	77	
0.4	0.5	5	666	21	4	41	5124	41	5124	0.00419512	0.00266664	0.003	0.01	124.976	0.156174	124	125	
0.4	0.5	1	667	9	4	100	9700	100	9700	0.003	0	0.003	0.003	97	0	97	97	
0.4	0.5	24	668	20	4	100	6700	100	6700	0.003	0	0.003	0.003	67	0	67	67	
0.4	0.5	5	669	6	4	43	10019	42	9786	0.003	0	0.003	0.003	233	0	233	233	
0.4	0.5	1	670	26	4	100	15300	100	15300	0.003	0	0.003	0.003	153	0	153	153	
0.4	0.5	5	671	56	4	32	3104	33	3201	0.00512121	0.00326686	0.003	0.01	97	0	97	97	
0.4	0.5	43	672	11	4	100	74900	100	74900	0.003	0	0.003	0.003	749	0	749	749	
0.4	0.5	1	673	30	4	89	11125	89	11125	0.003	0	0.003	0.003	125	0	125	125	
0.4	0.5	5	674	33	4	47	5875	47	5875	0.003	0	0.003	0.003	125	0	125	125	
0.4	0.5	6	675	11	4	100	13700	100	13700	0.003	0	0.003	0.003	137	0	137	137	
0.4	0.5	1	676	14	4	88	5896	88	5896	0.00307954	0.000746203	0.003	0.01	67	0	67	67	
0.4	0.5	5	677	24	4	47	7191	47	7191	0.003	0	0.003	0.003	153	0	153	153	
0.4	0.5	6	678	5	4	61	17729	60	17420	0.00755	0.00336696	0.003	0.01	290.333	26.6214	253	309	
0.4	0.5	5	679	55	4	42	6426	42	6426	0.003	0	0.003	0.003	153	0	153	153	
0.4	0.5	1	680	6	4	100	19300	100	19300	0.003	0	0.003	0.003	193	0	193	193	
0.4	0.5	1	681	15	4	99	9603	99	9603	0.00307071	0.000703526	0.003	0.01	97	0	97	97	
0.4	0.5	24	682	14	4	100	9700	100	9700	0.003	0	0.003	0.003	97	0	97	97	
0.4	0.5	5	683	38	4	42	5250	42	5250	0.003	0	0.003	0.003	125	0	125	125	
0.4	0.5	5	684	22	4	42	5920	42	5892	0.003	0	0.003	0.003	140.286	14.1616	123	153	
0.4	0.5	5	685	39	4	47	5875	47	5875	0.003	0	0.003	0.003	125	0	125	125	
0.4	0.5	5	686	27	4	47	9071	47	9071	0.003	0	0.003	0.003	193	0	193	193	
0.4	0.5	43	687	1	4	100	53298	100	53298	0.003	0	0.003	0.003	532.98	0.2	531	533	
0.4	0.5	6	688	2	4	100	30900	100	30900	0.003	0	0.003	0.003	309	0	309	309	
0.4	0.5	25	689	8	4	100	18515	100	18387	0.003	0	0.003	0.003	183.87	64.1054	125	253	
0.4	0.5	1	690	13	4	89	8633	89	8633	0.003	0	0.003	0.003	97	0	97	97	
0.4	0.5	24	691	6	4	92	8924	93	9021	0.00360215	0.00197341	0.003	0.01	97	0	97	97	
0.4	0.5	24	692	12	4	100	12500	100	12500	0.003	0	0.003	0.003	125	0	125	125	
0.4	0.5	1	693	28	4	88	11952	89	12077	0.003	0	0.003	0.003	135.697	13.6818	125	153	
0.4	0.5	5	694	58	4	42	2814	42	2814	0.003	0	0.003	0.003	67	0	67	67	
0.4	0.5	5	695	7	4	43	4171	42	4074	0.003	0	0.003	0.003	97	0	97	97	
0.4	0.5	5	696	18	4	47	4559	48	4656	0.003	0	0.003	0.003	97	0	97	97	
0.4	0.5	6	697	10	4	100	53298	100	53298	0.003	0	0.003	0.003	532.98	0.2	531	533	
0.4	0.5	5	698	59	4	42	2814	42	2814	0.003	0	0.003	0.003	67	0	67	67	
0.4	0.5	5	699	14	4	47	3619	48	3696	0.003	0	0.003	0.003	77	0	77	77	
0.4	0.5	5	700	19	4	42	5249	43	5374	0.003	0	0.003	0.003	124.977	0.152499	124	125	
0.4	0.5	5	701	48	4	48	7344	47	7191	0.003	0	0.003	0.003	153	0	153	153	
0.4	0.5	1	702	22	4	89	21959	89	21923	0.003	0	0.003	0.003	246.326	17.5057	231	269	
0.4	0.5	43	703	2	4	90	22770	89	22517	0.00378652	0.00222318	0.003	0.01	253	0	253	253	
0.4	0.5	5	704	47	4	42	5250	42	5250	0.003	0	0.003	0.003	125	0	125	125	
0.4	0.5	6	705	3	4	100	38900	100	38900	0.003	0	0.003	0.003	389	0	389	389	
0.4	0.5	24	706	10	4	100	12499	100	12499	0.003	0	0.003	0.003	124.99	0.1	124	125	
0.4	0.5	5	707	5	4	48	3696	48	3696	0.003	0	0.003	0.003	77	0	77	77	
0.4	0.5	5	708	53	4	42	15666	42	15666	0.003	0	0.003	0.003	373	0	373	373	
0.4	0.5	1	709	7	4	89	8633	89	8633	0.003	0	0.003	0.003	97	0	97	97	
0.4	0.5	5	710	37	4	42	4074	42	4074	0.003	0	0.003	0.003	97	0	97	97	
0.4	0.5	24	711	4	4	88	6776	89	6853	0.00394382	0.00240435	0.003	0.01	77	0	77	77	
0.4	0.5	5	712	13	4	42	3234	42	3234	0.003	0	0.003	0.003	77	0	77	77	
0.4	0.5	5	713	40	4	42	9786	42	9786	0.003	0	0.003	0.003	233	0	233	233	
0.4	0.5	5	714	52	4	42	6426	42	6426	0.003	0	0.003	0.003	153	0	153	153	
0.4	0.5	24	715	13	4	100	23300	100	23300	0.003	0	0.003	0.003	233	0	233	233	
0.4	0.5	5	716	9	4	43	5375	42	5250	0.003	0	0.003	0.003	125	0	125	125	
0.4	0.5	1	717	27	4	88	5896	89	5963	0.003	0	0.003	0.003	67	0	67	67	
0.4	0.5	24	718	7	4	100	19300	100	19300	0.003	0	0.003	0.003	193	0	193	193	
0.4	0.5	5	719	3	4	42	2814	42	2814	0.003	0	0.003	0.003	67	0	67	67	
0.4	0.5	6	720	8	4	100	13698	100	13698	0.003	0	0.003	0.003	136.98	0.2	135	137	
0.4	0.5	1	721	31	4	89	5963	89	5963	0.003	0	0.003	0.003	67	0	67	67	
0.4	0.5	5	722	8	4	48	6000	47	5875	0.003	0	0.003	0.003	125	0	125	125	
0.4	0.5	5	723	45	4	47	3149	47	3149	0.003	0	0.003	0.003	67	0	67	67	
0.4	0.5	5	724	2	4	47	17531	47	17531	0.003	0	0.003	0.003	373	0	373	373	
0.4	0.5	1	725	10	4	89	14329	89	14329	0.003	0	0.003	0.003	161	0	161	161	
0.4	0.5	24	726	3	4	100	37300	100	37300	0.003	0	0.003	0.003	373	0	373	373	
0.4	0.5	6	727	9	4	95	21747	94	21494	0.00337234	0.00157933	0.003	0.01	228.66	26.0861	201	253	
0.4	0.5	5	728	42	4	47	7191	48	7344	0.003	0	0.003	0.003	153	0	153	153	
0.4	0.5	5	729	32	4	42	4074	42	4074	0.003	0	0.003	0.003	97	0	97	97	
0.4	0.5	1	730	29	4	100	12500	100	12500	0.003	0	0.003	0.003	125	0	125	125	
0.4	0.5	1	731	5	4	89	11125	89	11125	0.003	0	0.003	0.003	125	0	125	125	
0.4	0.5	24	732	24	4	100	6700	100	6700	0.003	0	0.003	0.003	67	0	67	67	
0.4	0.5	1	733	4	4	89	6853	89	6853	0.003	0	0.003	0.003	77	0	77	77	
0.4	0.5	6	734	6	4	100	35954	100	35954	0.003	0	0.003	0.003	359.54	32.0402	325	389	
0.4	0.5	5	735	60	4	47	4559	47	4559	0.003	0	0.003	0.003	97	0	97	97	
0.4	0.5	1	736	11	4	89	6853	89	6853	0.003	0	0.003	0.003	77	0	77	77	
0.4	0.5	5	737	61	4	42	6760	42	6760	0.003	0	0.003	0.003	160.952	0.308607	159	161	
0.4	0.5	1	738	1	4	89	13617	88	13464	0.003	0	0.003	0.003	153	0	153	153	
0.4	0.5	1	739	32	4	100	12500	100	12500	0.003	0	0.003	0.003	125	0	125	125	
0.4	0.5	25	740	5	4	100	11460	100	11380	0.003	0	0.003	0.003	113.8	40.0727	77	157	
0.4	0.5	24	741	1	4	100	9698	100	9698	0.003	0	0.003	0.003	96.98	0.2	95	97	
0.4	0.5	5	742	31	4	37	5957	38	6118	0.00392105	0.00239799	0.003	0.01	161	0	161	161	
0.4	0.5	5	743	43	4	42	8106	42	8106	0.003	0	0.003	0.003	193	0	193	193	
0.4	0.5	43	744	8	4	100	53298	100	53298	0.003	0	0.003	0.003	532.98	0.2	531	533	
0.4	0.5	5	745	26	4	22	3542	23	3703	0.00908696	0.00241045	0.003	0.01	161	0	161	161	
0.4	0.5	1	746	12	4	100	16100	100	16100	0.003	0	0.003	0.003	161	0	161	161	
0.4	0.5	5	747	4	4	42	6426	42	6426	0.003	0	0.003	0.003	153	0	153	153	
0.4	0.5	25	748	10	4	100	14588	100	14484	0.003	0	0.003	0.003	144.84	52.0945	97	201	
0.4	0.5	5	749	25	4	42	15665	42	15664	0.003	0	0.003	0.003	372.952	0.21554	372	373	
0.4	0.5	5	750	49	4	42	4074	42	4074	0.003	0	0.003	0.003	97	0	97	97	
