% start	end	CellId	IMSI	RNTI	LCID	nTxPDUs	TxBytes	nRxPDUs	RxBytes	delay	stdDev	min	max	PduSize	stdDev	min	max
0.4	0.5	36	1	13	4	100	18771	100	18771	0.003	0	0.003	0.003	187.71	64.2994	125	253	
0.4	0.5	39	2	7	4	100	9700	100	9700	0.003	0	0.003	0.003	97	0	97	97	
0.4	0.5	15	3	3	4	100	12499	100	12499	0.003	0	0.003	0.003	124.99	0.1	124	125	
0.4	0.5	3	4	3	4	100	25298	100	25298	0.003	0	0.003	0.003	252.98	0.2	251	253	
0.4	0.5	45	5	6	4	100	51699	100	51699	0.003	0	0.003	0.003	516.99	0.1	516	517	
0.4	0.5	9	6	2	4	100	38388	100	38516	0.003	0	0.003	0.003	385.16	15.2757	325	389	
0.4	0.5	42	7	5	4	100	20100	100	20100	0.003	0	0.003	0.003	201	0	201	201	
0.4	0.5	57	8	6	4	100	28484	100	28484	0.003	0	0.003	0.003	284.84	63.0124	269	533	
0.4	0.5	29	9	1	4	99	38159	99	38159	0.00307071	0.000703526	0.003	0.01	385.444	17.4158	301	389	
0.4	0.5	18	10	5	4	100	32498	100	32498	0.003	0	0.003	0.003	324.98	0.2	323	325	
0.4	0.5	20	11	12	4	100	39572	100	39572	0.003	0	0.003	0.003	395.72	132.559	269	533	
0.4	0.5	6	12	17	4	100	16100	100	16100	0.003	0	0.003	0.003	161	0	161	161	
0.4	0.5	32	13	7	4	100	32740	100	32740	0.003	0	0.003	0.003	327.4	116.198	233	469	
0.4	0.5	31	14	5	4	100	32500	100	32500	0.003	0	0.003	0.003	325	0	325	325	
0.4	0.5	18	15	4	4	100	13698	100	13698	0.003	0	0.003	0.003	136.98	0.2	135	137	
0.4	0.5	38	16	14	4	93	11637	94	11554	0.00352128	0.00184757	0.003	0.01	122.915	32.1594	97	253	
0.4	0.5	37	17	14	4	86	13158	85	13005	0.003	0	0.003	0.003	153	0	153	153	
0.4	0.5	44	18	5	4	100	77500	100	77500	0.003	0	0.003	0.003	775	0	775	775	
0.4	0.5	39	19	9	4	100	4898	100	4898	0.003	0	0.003	0.003	48.98	0.2	47	49	
0.4	0.5	11	20	9	4	100	74900	100	74900	0.003	0	0.003	0.003	749	0	749	749	
0.4	0.5	57	21	7	4	100	10322	100	10322	0.003	0	0.003	0.003	103.22	24.8289	95	201	
0.4	0.5	30	22	7	4	100	32500	100	32500	0.003	0	0.003	0.003	325	0	325	325	
0.4	0.5	6	23	11	4	100	16100	100	16100	0.003	0	0.003	0.003	161	0	161	161	
0.4	0.5	4	24	5	4	100	106300	100	106300	0.003	0	0.003	0.003	1063	0	1063	1063	
0.4	0.5	2	25	4	4	100	15300	100	15300	0.003	0	0.003	0.003	153	0	153	153	
0.4	0.5	25	26	13	4	100	16100	100	16100	0.003	0	0.003	0.003	161	0	161	161	
0.4	0.5	1	27	13	4	90	6030	90	6030	0.003	0	0.003	0.003	67	0	67	67	
0.4	0.5	9	28	9	4	100	30900	100	30900	0.003	0	0.003	0.003	309	0	309	309	
0.4	0.5	23	29	3	4	83	8051	83	8051	0.00426506	0.00270989	0.003	0.01	97	0	97	97	
0.4	0.5	19	30	2	4	100	30900	100	30900	0.003	0	0.003	0.003	309	0	309	309	
0.4	0.5	29	31	3	4	100	45300	100	45300	0.003	0	0.003	0.003	453	0	453	453	
0.4	0.5	57	32	11	4	99	27275	99	27311	0.00307071	0.000703526	0.003	0.01	275.869	58.4537	233	533	
0.4	0.5	29	33	5	4	99	64575	99	64575	0.00307071	0.000703526	0.003	0.01	652.273	47.6873	597	693	
0.4	0.5	7	34	4	4	100	80700	100	80700	0.003	0	0.003	0.003	807	0	807	807	
0.4	0.5	16	35	1	4	94	29757	94	29757	0.00337234	0.00157933	0.003	0.01	316.564	4.12587	277	317	
0.4	0.5	24	36	8	4	100	25388	100	25388	0.003	0	0.003	0.003	253.88	17.8576	233	269	
0.4	0.5	16	37	4	4	89	104587	89	104164	0.00378652	0.00222318	0.003	0.01	1170.38	183.257	1056	1479	
0.4	0.5	52	38	14	4	100	6700	100	6700	0.003	0	0.003	0.003	67	0	67	67	
0.4	0.5	41	39	9	4	100	4898	100	4898	0.003	0	0.003	0.003	48.98	0.2	47	49	
0.4	0.5	55	40	2	4	100	12500	100	12500	0.003	0	0.003	0.003	125	0	125	125	
0.4	0.5	18	41	2	4	100	38900	100	38900	0.003	0	0.003	0.003	389	0	389	389	
0.4	0.5	41	42	7	4	58	7250	58	7250	0.00637931	0.00352847	0.003	0.01	125	0	125	125	
0.4	0.5	47	43	8	4	97	25357	97	25357	0.00321649	0.00121815	0.003	0.01	261.412	32.9317	253	389	
0.4	0.5	41	44	4	4	85	4165	86	4214	0.003	0	0.003	0.003	49	0	49	49	
0.4	0.5	25	45	7	4	99	12375	99	12375	0.00307071	0.000703526	0.003	0.01	125	0	125	125	
0.4	0.5	16	46	2	4	99	50959	99	50959	0.00307071	0.000703526	0.003	0.01	514.737	15.8376	405	517	
0.4	0.5	21	47	3	4	100	15699	100	15699	0.003	0	0.003	0.003	156.99	0.1	156	157	
0.4	0.5	34	48	16	4	86	5762	86	5762	0.003	0	0.003	0.003	67	0	67	67	
0.4	0.5	13	49	3	4	100	63396	100	63396	0.003	0	0.003	0.003	633.96	12.0218	621	645	
0.4	0.5	36	50	11	4	56	6656	57	6753	0.00840351	0.00296322	0.003	0.01	118.474	42.4037	77	201	
0.4	0.5	43	51	4	4	87	9979	88	10056	0.00395454	0.00241599	0.003	0.01	114.273	40.1356	77	157	
0.4	0.5	34	52	28	4	75	20175	76	20444	0.00392105	0.00238195	0.003	0.01	269	0	269	269	
0.4	0.5	21	53	7	4	100	53300	100	53300	0.003	0	0.003	0.003	533	0	533	533	
0.4	0.5	11	54	5	4	100	25300	100	25300	0.003	0	0.003	0.003	253	0	253	253	
0.4	0.5	28	55	6	4	100	40500	100	40500	0.003	0	0.003	0.003	405	0	405	405	
0.4	0.5	51	56	8	4	97	10241	97	10241	0.00321649	0.00121815	0.003	0.01	105.577	28.7575	97	201	
0.4	0.5	52	57	5	4	85	2719	86	2751	0.003	0	0.003	0.003	31.9884	0.107833	31	32	
0.4	0.5	35	58	5	4	100	13700	100	13700	0.003	0	0.003	0.003	137	0	137	137	
0.4	0.5	41	59	20	4	86	2752	86	2752	0.003	0	0.003	0.003	32	0	32	32	
0.4	0.5	17	60	9	4	100	25300	100	25300	0.003	0	0.003	0.003	253	0	253	253	
0.4	0.5	1	61	31	4	78	9750	78	9750	0.00461538	0.00296836	0.003	0.01	125	0	125	125	
0.4	0.5	23	62	4	4	100	4900	100	4900	0.003	0	0.003	0.003	49	0	49	49	
0.4	0.5	53	63	1	4	100	62100	100	62100	0.003	0	0.003	0.003	621	0	621	621	
0.4	0.5	45	64	2	4	100	64500	100	64500	0.003	0	0.003	0.003	645	0	645	645	
0.4	0.5	51	65	1	4	100	23816	100	23816	0.003	0	0.003	0.003	238.16	70.0529	193	469	
0.4	0.5	15	66	14	4	94	11750	94	11750	0.00344681	0.00172032	0.003	0.01	125	0	125	125	
0.4	0.5	55	67	12	4	100	12498	100	12498	0.003	0	0.003	0.003	124.98	0.2	123	125	
0.4	0.5	39	68	13	4	100	3200	100	3200	0.003	0	0.003	0.003	32	0	32	32	
0.4	0.5	27	69	6	4	100	32500	100	32500	0.003	0	0.003	0.003	325	0	325	325	
0.4	0.5	48	70	1	4	100	48436	100	48436	0.003	0	0.003	0.003	484.36	4.50257	453	485	
0.4	0.5	35	71	1	4	100	15700	100	15700	0.003	0	0.003	0.003	157	0	157	157	
0.4	0.5	52	72	34	4	83	2586	83	2586	0.00325301	0.00131449	0.003	0.01	31.1566	2.79582	22	32	
0.4	0.5	2	73	17	4	83	5881	81	5727	0.00455555	0.00292831	0.003	0.01	70.7037	4.85913	67	77	
0.4	0.5	21	74	9	4	100	15700	100	15700	0.003	0	0.003	0.003	157	0	157	157	
0.4	0.5	53	75	3	4	51	31463	51	31463	0.00972549	0.00137227	0.003	0.01	616.922	20.3881	517	621	
0.4	0.5	34	76	19	4	86	13846	86	13846	0.003	0	0.003	0.003	161	0	161	161	
0.4	0.5	22	77	6	4	100	25436	100	25436	0.003	0	0.003	0.003	254.36	13.6	253	389	
0.4	0.5	16	78	3	4	97	33957	97	33956	0.00321649	0.00121815	0.003	0.01	350.062	48.6779	277	405	
0.4	0.5	42	79	9	4	100	74899	100	74899	0.003	0	0.003	0.003	748.99	0.1	748	749	
0.4	0.5	23	80	11	4	100	7700	100	7700	0.003	0	0.003	0.003	77	0	77	77	
0.4	0.5	5	81	16	4	48	6000	48	6000	0.003	0	0.003	0.003	125	0	125	125	
0.4	0.5	36	82	5	4	100	18771	100	18771	0.003	0	0.003	0.003	187.71	64.2994	125	253	
0.4	0.5	6	83	4	4	100	12500	100	12500	0.003	0	0.003	0.003	125	0	125	125	
0.4	0.5	26	84	2	4	100	74900	100	74900	0.003	0	0.003	0.003	749	0	749	749	
0.4	0.5	27	85	2	4	100	13700	100	13700	0.003	0	0.003	0.003	137	0	137	137	
0.4	0.5	52	86	20	4	91	14265	90	14104	0.0037	0.00211176	0.003	0.01	156.711	4.03981	151	161	
0.4	0.5	21	87	8	4	100	53300	100	53300	0.003	0	0.003	0.003	533	0	533	533	
0.4	0.5	34	88	25	4	85	19805	86	20038	0.003	0	0.003	0.003	233	0	233	233	
0.4	0.5	42	89	4	4	100	10100	100	10100	0.003	0	0.003	0.003	101	0	101	101	
0.4	0.5	35	90	11	4	100	25300	100	25300	0.003	0	0.003	0.003	253	0	253	253	
0.4	0.5	12	91	2	4	100	77500	100	77500	0.003	0	0.003	0.003	775	0	775	775	
0.4	0.5	5	92	32	4	47	9039	47	9039	0.00314894	0.00102105	0.003	0.01	192.319	4.66768	161	193	
0.4	0.5	31	93	7	4	100	46900	100	46900	0.003	0	0.003	0.003	469	0	469	469	
0.4	0.5	34	94	27	4	61	4637	62	4714	0.00570968	0.00343744	0.003	0.01	76.0323	2.98064	67	77	
0.4	0.5	35	95	6	4	100	74900	100	74900	0.003	0	0.003	0.003	749	0	749	749	
0.4	0.5	39	96	3	4	100	3200	100	3200	0.003	0	0.003	0.003	32	0	32	32	
0.4	0.5	2	97	18	4	100	7698	100	7698	0.003	0	0.003	0.003	76.98	0.2	75	77	
0.4	0.5	39	98	1	4	100	11604	100	11604	0.003	0	0.003	0.003	116.04	13.1271	97	125	
0.4	0.5	24	99	18	4	100	12499	100	12499	0.003	0	0.003	0.003	124.99	0.1	124	125	
0.4	0.5	1	100	6	4	90	33570	93	34689	0.00330107	0.00142787	0.003	0.01	373	0	373	373	
0.4	0.5	55	101	15	4	100	23300	100	23300	0.003	0	0.003	0.003	233	0	233	233	
0.4	0.5	34	102	20	4	86	13846	86	13846	0.003	0	0.003	0.003	161	0	161	161	
0.4	0.5	34	103	24	4	85	5695	86	5762	0.003	0	0.003	0.003	67	0	67	67	
0.4	0.5	42	104	7	4	100	30900	100	30900	0.003	0	0.003	0.003	309	0	309	309	
0.4	0.5	55	105	13	4	99	12373	99	12373	0.00307071	0.000703526	0.003	0.01	124.98	0.201008	123	125	
0.4	0.5	23	106	13	4	100	23300	100	23300	0.003	0	0.003	0.003	233	0	233	233	
0.4	0.5	6	107	12	4	100	12498	100	12498	0.003	0	0.003	0.003	124.98	0.2	123	125	
0.4	0.5	6	108	7	4	100	18275	100	18275	0.003	0	0.003	0.003	182.75	14.9959	161	193	
0.4	0.5	54	109	8	4	100	62096	100	62096	0.003	0	0.003	0.003	620.96	0.196946	620	621	
0.4	0.5	14	110	7	4	100	69300	100	69300	0.003	0	0.003	0.003	693	0	693	693	
0.4	0.5	41	111	5	4	100	4900	100	4898	0.003	0	0.003	0.003	48.98	0.2	47	49	
0.4	0.5	25	112	9	4	100	9700	100	9700	0.003	0	0.003	0.003	97	0	97	97	
0.4	0.5	17	113	12	4	100	15698	100	15698	0.003	0	0.003	0.003	156.98	0.2	155	157	
0.4	0.5	6	114	18	4	100	7700	100	7700	0.003	0	0.003	0.003	77	0	77	77	
0.4	0.5	48	115	4	4	99	38511	99	38511	0.00307071	0.000703526	0.003	0.01	389	0	389	389	
0.4	0.5	11	116	6	4	100	20100	100	20100	0.003	0	0.003	0.003	201	0	201	201	
0.4	0.5	15	117	1	4	100	19300	100	19300	0.003	0	0.003	0.003	193	0	193	193	
0.4	0.5	43	118	11	4	100	15004	100	14900	0.003	0	0.003	0.003	149	52.262	97	201	
0.4	0.5	7	119	8	4	100	69299	100	69299	0.003	0	0.003	0.003	692.99	0.1	692	693	
0.4	0.5	55	120	23	4	68	6326	70	6550	0.0063	0.00351951	0.003	0.01	93.5714	8.14465	67	97	
0.4	0.5	53	121	5	4	100	31700	100	31700	0.003	0	0.003	0.003	317	0	317	317	
0.4	0.5	18	122	6	4	100	13700	100	13700	0.003	0	0.003	0.003	137	0	137	137	
0.4	0.5	36	123	12	4	100	28904	100	28904	0.003	0	0.003	0.003	289.04	98.474	193	389	
0.4	0.5	43	124	12	4	53	7593	54	7590	0.00896296	0.00251008	0.003	0.01	140.556	44.1245	97	253	
0.4	0.5	6	125	2	4	100	16100	100	16100	0.003	0	0.003	0.003	161	0	161	161	
0.4	0.5	38	126	8	4	100	9059	100	8899	0.003	0	0.003	0.003	88.99	28.714	76	157	
0.4	0.5	25	127	20	4	100	12498	100	12498	0.003	0	0.003	0.003	124.98	0.2	123	125	
0.4	0.5	11	128	3	4	100	38900	100	38900	0.003	0	0.003	0.003	389	0	389	389	
0.4	0.5	20	129	3	4	77	8249	78	8326	0.0050641	0.00321256	0.003	0.01	106.744	38.913	77	157	
0.4	0.5	2	130	13	4	97	9407	98	9504	0.00321428	0.00121205	0.003	0.01	96.9796	0.202031	95	97	
0.4	0.5	37	131	22	4	86	3976	86	3993	0.003	0	0.003	0.003	46.4302	6.12524	32	49	
0.4	0.5	55	132	16	4	100	18724	100	18756	0.003	0	0.003	0.003	187.56	12.0808	161	193	
0.4	0.5	4	133	6	4	100	51700	100	51700	0.003	0	0.003	0.003	517	0	517	517	
0.4	0.5	5	134	36	4	49	3283	49	3283	0.003	0	0.003	0.003	67	0	67	67	
0.4	0.5	54	135	2	4	61	9577	61	9577	0.00747541	0.00338923	0.003	0.01	157	0	157	157	
0.4	0.5	39	136	14	4	100	4898	100	4898	0.003	0	0.003	0.003	48.98	0.2	47	49	
0.4	0.5	26	137	1	4	100	32498	100	32498	0.003	0	0.003	0.003	324.98	0.2	323	325	
0.4	0.5	51	138	5	4	100	10843	100	10843	0.003	0	0.003	0.003	108.43	32.7082	96	201	
0.4	0.5	51	139	3	4	100	10843	100	10843	0.003	0	0.003	0.003	108.43	32.7082	96	201	
0.4	0.5	12	140	1	4	100	99900	100	99900	0.003	0	0.003	0.003	999	0	999	999	
0.4	0.5	4	141	1	4	100	77500	100	77500	0.003	0	0.003	0.003	775	0	775	775	
0.4	0.5	3	142	1	4	100	61924	100	61924	0.003	0	0.003	0.003	619.24	12.3821	533	621	
0.4	0.5	8	143	2	4	100	13699	100	13699	0.003	0	0.003	0.003	136.99	0.1	136	137	
0.4	0.5	36	144	2	4	79	13111	79	13239	0.00494937	0.00315781	0.003	0.01	167.582	59.6091	97	253	
0.4	0.5	26	145	3	4	100	15700	100	15700	0.003	0	0.003	0.003	157	0	157	157	
0.4	0.5	17	146	5	4	100	13196	100	13196	0.003	0	0.003	0.003	131.96	12.5545	101	137	
0.4	0.5	34	147	18	4	100	19300	100	19300	0.003	0	0.003	0.003	193	0	193	193	
0.4	0.5	25	148	21	4	100	30100	100	30100	0.003	0	0.003	0.003	301	0	301	301	
0.4	0.5	17	149	11	4	100	19484	100	19484	0.003	0	0.003	0.003	194.84	15.3443	157	201	
0.4	0.5	30	150	9	4	100	74900	100	74900	0.003	0	0.003	0.003	749	0	749	749	
0.4	0.5	37	151	28	4	86	5762	87	5829	0.003	0	0.003	0.003	67	0	67	67	
0.4	0.5	55	152	20	4	100	6700	100	6700	0.003	0	0.003	0.003	67	0	67	67	
0.4	0.5	44	153	3	4	66	95934	62	90498	0.00683871	0.00351201	0.003	0.01	1459.65	65.8829	1239	1479	
0.4	0.5	52	154	1	4	85	8245	85	8245	0.00308235	0.000759257	0.003	0.01	97	0	97	97	
0.4	0.5	44	155	4	4	100	62100	100	62100	0.003	0	0.003	0.003	621	0	621	621	
0.4	0.5	2	156	3	4	100	19300	100	19300	0.003	0	0.003	0.003	193	0	193	193	
0.4	0.5	19	157	8	4	95	14755	95	14755	0.00329474	0.00141326	0.003	0.01	155.316	5.58353	137	157	
0.4	0.5	47	158	6	4	100	16156	100	16156	0.003	0	0.003	0.003	161.56	18.1399	157	233	
0.4	0.5	11	159	2	4	100	74900	100	74900	0.003	0	0.003	0.003	749	0	749	749	
0.4	0.5	8	160	4	4	100	46900	100	46900	0.003	0	0.003	0.003	469	0	469	469	
0.4	0.5	36	161	10	4	98	14394	99	14491	0.00314141	0.000989847	0.003	0.01	146.374	52.1979	97	201	
0.4	0.5	3	162	4	4	51	12903	52	13156	0.00959615	0.00164805	0.003	0.01	253	0	253	253	
0.4	0.5	20	163	2	4	74	7858	74	8018	0.00527027	0.00329922	0.003	0.01	108.351	39.3204	77	157	
0.4	0.5	51	164	10	4	100	27980	100	27980	0.003	0	0.003	0.003	279.8	79.6873	233	533	
0.4	0.5	34	165	8	4	84	13514	83	13353	0.00316867	0.00107996	0.003	0.01	160.88	0.902538	153	161	
0.4	0.5	41	166	2	4	82	5494	84	5628	0.00325	0.00130684	0.003	0.01	67	0	67	67	
0.4	0.5	6	167	1	4	100	23300	100	23300	0.003	0	0.003	0.003	233	0	233	233	
0.4	0.5	31	168	2	4	100	17548	100	17548	0.003	0	0.003	0.003	175.48	21.826	157	201	
0.4	0.5	2	169	20	4	97	9409	96	9312	0.00321875	0.00122434	0.003	0.01	97	0	97	97	
0.4	0.5	9	170	6	4	100	15700	100	15700	0.003	0	0.003	0.003	157	0	157	157	
0.4	0.5	57	171	1	4	100	10324	100	10324	0.003	0	0.003	0.003	103.24	24.8231	97	201	
0.4	0.5	39	172	26	4	100	4900	100	4900	0.003	0	0.003	0.003	49	0	49	49	
0.4	0.5	9	173	5	4	100	13700	100	13700	0.003	0	0.003	0.003	137	0	137	137	
0.4	0.5	52	174	19	4	86	2752	85	2720	0.003	0	0.003	0.003	32	0	32	32	
0.4	0.5	8	175	8	4	100	46900	100	46900	0.003	0	0.003	0.003	469	0	469	469	
0.4	0.5	49	176	4	4	100	38898	100	38898	0.003	0	0.003	0.003	388.98	0.2	387	389	
0.4	0.5	18	177	10	4	100	38900	100	38900	0.003	0	0.003	0.003	389	0	389	389	
0.4	0.5	51	178	2	4	100	10843	100	10843	0.003	0	0.003	0.003	108.43	32.7082	96	201	
0.4	0.5	33	179	3	4	100	42484	100	42612	0.003	0	0.003	0.003	426.12	31.7469	389	453	
0.4	0.5	52	180	29	4	84	2688	83	2656	0.00316867	0.00107996	0.003	0.01	32	0	32	32	
0.4	0.5	37	181	4	4	85	4165	85	4165	0.003	0	0.003	0.003	49	0	49	49	
0.4	0.5	8	182	3	4	100	10100	100	10100	0.003	0	0.003	0.003	101	0	101	101	
0.4	0.5	52	183	25	4	58	8874	58	8874	0.00662069	0.00352847	0.003	0.01	153	0	153	153	
0.4	0.5	32	184	11	4	100	21538	100	21538	0.003	0	0.003	0.003	215.38	76.7847	153	309	
0.4	0.5	36	185	9	4	100	18772	100	18772	0.003	0	0.003	0.003	187.72	64.3096	125	253	
0.4	0.5	15	186	10	4	100	19300	100	19300	0.003	0	0.003	0.003	193	0	193	193	
0.4	0.5	23	187	6	4	100	23292	100	23292	0.003	0	0.003	0.003	232.92	0.393893	231	233	
0.4	0.5	18	188	12	4	100	38899	100	38899	0.003	0	0.003	0.003	388.99	0.1	388	389	
0.4	0.5	41	189	26	4	86	5762	86	5762	0.003	0	0.003	0.003	67	0	67	67	
0.4	0.5	55	190	9	4	74	8942	75	9095	0.00542667	0.00335379	0.003	0.01	121.267	9.58227	97	125	
0.4	0.5	37	191	21	4	86	10748	86	10748	0.00308139	0.000754829	0.003	0.01	124.977	0.215666	123	125	
0.4	0.5	27	192	10	4	100	15699	100	15699	0.003	0	0.003	0.003	156.99	0.1	156	157	
0.4	0.5	1	193	7	4	90	20970	90	20970	0.003	0	0.003	0.003	233	0	233	233	
0.4	0.5	50	194	8	4	99	13131	99	13203	0.00307071	0.000703526	0.003	0.01	133.364	10.9035	101	137	
0.4	0.5	51	195	9	4	100	10844	100	10844	0.003	0	0.003	0.003	108.44	32.7045	97	201	
0.4	0.5	5	196	1	4	39	3003	41	3157	0.00556097	0.00341357	0.003	0.01	77	0	77	77	
0.4	0.5	12	197	3	4	100	38900	100	38900	0.003	0	0.003	0.003	389	0	389	389	
0.4	0.5	7	198	1	4	100	38898	100	38898	0.003	0	0.003	0.003	388.98	0.2	387	389	
0.4	0.5	34	199	14	4	83	13347	83	13347	0.00325301	0.00131449	0.003	0.01	160.807	1.23425	153	161	
0.4	0.5	46	200	3	4	100	96700	100	96700	0.003	0	0.003	0.003	967	0	967	967	
0.4	0.5	29	201	6	4	100	20900	100	20900	0.003	0	0.003	0.003	209	0	209	209	
0.4	0.5	52	202	28	4	65	8125	65	8125	0.00547692	0.00337318	0.003	0.01	125	0	125	125	
0.4	0.5	1	203	22	4	76	5402	75	5325	0.00486667	0.00311636	0.003	0.01	71	4.93197	67	77	
0.4	0.5	11	204	1	4	100	32500	100	32500	0.003	0	0.003	0.003	325	0	325	325	
0.4	0.5	39	205	10	4	82	23914	82	23914	0.00453658	0.00291524	0.003	0.01	291.634	14.6494	269	301	
0.4	0.5	55	206	4	4	94	11358	94	11358	0.00344681	0.00172032	0.003	0.01	120.83	10.0222	97	125	
0.4	0.5	4	207	3	4	100	105600	100	105600	0.003	0	0.003	0.003	1056	0	1056	1056	
0.4	0.5	52	208	23	4	86	4214	86	4214	0.003	0	0.003	0.003	49	0	49	49	
0.4	0.5	34	209	26	4	73	9125	76	9500	0.00548684	0.00337241	0.003	0.01	125	0	125	125	
0.4	0.5	19	210	10	4	100	10094	100	10094	0.003	0	0.003	0.003	100.94	0.342893	99	101	
0.4	0.5	37	211	13	4	85	6544	84	6467	0.003	0	0.003	0.003	76.9881	0.109109	76	77	
0.4	0.5	54	212	12	4	100	13700	100	13700	0.003	0	0.003	0.003	137	0	137	137	
0.4	0.5	13	213	6	4	100	64500	100	64500	0.003	0	0.003	0.003	645	0	645	645	
0.4	0.5	37	214	10	4	87	5829	86	5762	0.003	0	0.003	0.003	67	0	67	67	
0.4	0.5	35	215	10	4	100	25300	100	25300	0.003	0	0.003	0.003	253	0	253	253	
0.4	0.5	21	216	5	4	100	74900	100	74900	0.003	0	0.003	0.003	749	0	749	749	
0.4	0.5	2	217	15	4	86	6622	86	6622	0.00413953	0.00259938	0.003	0.01	77	0	77	77	
0.4	0.5	37	218	34	4	85	5695	85	5695	0.003	0	0.003	0.003	67	0	67	67	
0.4	0.5	52	219	21	4	86	6622	86	6622	0.003	0	0.003	0.003	77	0	77	77	
0.4	0.5	39	220	20	4	77	6329	75	6135	0.00514667	0.0032495	0.003	0.01	81.8	12.121	67	97	
0.4	0.5	44	221	6	4	100	48340	100	48340	0.003	0	0.003	0.003	483.4	51.5834	405	517	
0.4	0.5	48	222	3	4	100	48500	100	48500	0.003	0	0.003	0.003	485	0	485	485	
0.4	0.5	42	223	1	4	100	74900	100	74900	0.003	0	0.003	0.003	749	0	749	749	
0.4	0.5	55	224	14	4	100	3200	100	3200	0.003	0	0.003	0.003	32	0	32	32	
0.4	0.5	17	225	2	4	100	74900	100	74900	0.003	0	0.003	0.003	749	0	749	749	
0.4	0.5	32	226	6	4	100	22657	100	22657	0.003	0	0.003	0.003	226.57	80.7524	159	325	
0.4	0.5	34	227	10	4	86	10749	86	10749	0.003	0	0.003	0.003	124.988	0.107833	124	125	
0.4	0.5	34	228	13	4	86	5762	85	5695	0.00423529	0.00268438	0.003	0.01	67	0	67	67	
0.4	0.5	6	229	13	4	81	6237	81	6237	0.00472839	0.00303732	0.003	0.01	77	0	77	77	
0.4	0.5	48	230	7	4	100	90300	100	90300	0.003	0	0.003	0.003	903	0	903	903	
0.4	0.5	11	231	12	4	100	13700	100	13700	0.003	0	0.003	0.003	137	0	137	137	
0.4	0.5	50	232	12	4	100	25300	100	25300	0.003	0	0.003	0.003	253	0	253	253	
0.4	0.5	25	233	10	4	100	12500	100	12500	0.003	0	0.003	0.003	125	0	125	125	
0.4	0.5	34	234	11	4	86	4212	86	4212	0.003	0	0.003	0.003	48.9767	0.215666	47	49	
0.4	0.5	1	235	8	4	90	24209	91	24478	0.00307692	0.000733799	0.003	0.01	268.989	0.104828	268	269	
0.4	0.5	34	236	2	4	86	5762	85	5695	0.003	0	0.003	0.003	67	0	67	67	
0.4	0.5	31	237	9	4	100	20099	100	20099	0.003	0	0.003	0.003	200.99	0.1	200	201	
0.4	0.5	41	238	6	4	85	8245	86	8342	0.003	0	0.003	0.003	97	0	97	97	
0.4	0.5	7	239	7	4	100	20900	100	20900	0.003	0	0.003	0.003	209	0	209	209	
0.4	0.5	55	240	17	4	84	14484	83	14299	0.0043494	0.00277811	0.003	0.01	172.277	15.756	153	193	
0.4	0.5	29	241	7	4	50	24250	50	24250	0.01	0	0.01	0.01	485	0	485	485	
0.4	0.5	39	242	16	4	100	16100	100	16100	0.003	0	0.003	0.003	161	0	161	161	
0.4	0.5	26	243	10	4	100	24676	100	24780	0.003	0	0.003	0.003	247.8	15.6786	201	253	
0.4	0.5	31	244	12	4	100	20100	100	20100	0.003	0	0.003	0.003	201	0	201	201	
0.4	0.5	54	245	6	4	100	25299	100	25299	0.003	0	0.003	0.003	252.99	0.1	252	253	
0.4	0.5	19	246	4	4	100	53300	100	53300	0.003	0	0.003	0.003	533	0	533	533	
0.4	0.5	41	247	8	4	52	4004	52	4004	0.00730769	0.00343876	0.003	0.01	77	0	77	77	
0.4	0.5	39	248	17	4	100	7698	100	7698	0.003	0	0.003	0.003	76.98	0.2	75	77	
0.4	0.5	23	249	9	4	100	37300	100	37300	0.003	0	0.003	0.003	373	0	373	373	
0.4	0.5	41	250	25	4	98	3136	97	3104	0.00314433	0.000999893	0.003	0.01	32	0	32	32	
0.4	0.5	36	251	8	4	100	44826	100	44826	0.003	0	0.003	0.003	448.26	156.209	269	621	
0.4	0.5	27	252	7	4	100	25300	100	25300	0.003	0	0.003	0.003	253	0	253	253	
0.4	0.5	52	253	15	4	86	13846	85	13685	0.003	0	0.003	0.003	161	0	161	161	
0.4	0.5	37	254	6	4	87	4261	87	4261	0.003	0	0.003	0.003	48.977	0.214423	47	49	
0.4	0.5	31	255	6	4	98	23130	97	22825	0.00321649	0.00121815	0.003	0.01	235.309	24.7645	201	253	
0.4	0.5	52	256	6	4	100	6700	100	6700	0.003	0	0.003	0.003	67	0	67	67	
0.4	0.5	2	257	11	4	71	8875	69	8625	0.00604348	0.00349552	0.003	0.01	125	0	125	125	
0.4	0.5	52	258	3	4	85	6545	86	6622	0.003	0	0.003	0.003	77	0	77	77	
0.4	0.5	10	259	4	4	100	32500	100	32500	0.003	0	0.003	0.003	325	0	325	325	
0.4	0.5	35	260	2	4	100	13700	100	13700	0.003	0	0.003	0.003	137	0	137	137	
0.4	0.5	8	261	6	4	100	25300	100	25300	0.003	0	0.003	0.003	253	0	253	253	
0.4	0.5	32	262	2	4	100	9498	100	9498	0.003	0	0.003	0.003	94.98	34.4416	67	137	
0.4	0.5	22	263	4	4	100	13770	100	13770	0.003	0	0.003	0.003	137.7	7.2048	135	209	
0.4	0.5	25	264	15	4	97	7467	97	7467	0.00321649	0.00121815	0.003	0.01	76.9794	0.203069	75	77	
0.4	0.5	37	265	26	4	85	6545	85	6545	0.00324706	0.00129932	0.003	0.01	77	0	77	77	
0.4	0.5	56	266	4	4	100	30100	100	30100	0.003	0	0.003	0.003	301	0	301	301	
0.4	0.5	55	267	7	4	100	9700	100	9700	0.003	0	0.003	0.003	97	0	97	97	
0.4	0.5	11	268	11	4	100	30900	100	30900	0.003	0	0.003	0.003	309	0	309	309	
0.4	0.5	33	269	4	4	100	30100	100	30100	0.003	0	0.003	0.003	301	0	301	301	
0.4	0.5	52	270	16	4	85	4165	84	4116	0.00308333	0.000763763	0.003	0.01	49	0	49	49	
0.4	0.5	3	271	5	4	100	46899	100	46899	0.003	0	0.003	0.003	468.99	0.1	468	469	
0.4	0.5	2	272	5	4	75	5773	75	5773	0.00533333	0.00332205	0.003	0.01	76.9733	0.23094	75	77	
0.4	0.5	9	273	8	4	100	30900	100	30900	0.003	0	0.003	0.003	309	0	309	309	
0.4	0.5	41	274	12	4	86	32076	85	31703	0.003	0	0.003	0.003	372.976	0.152477	372	373	
0.4	0.5	43	275	13	4	100	56476	100	56100	0.003	0	0.003	0.003	561	188.947	373	749	
0.4	0.5	4	276	2	4	100	39796	100	39972	0.003	0	0.003	0.003	399.72	21.0041	317	405	
0.4	0.5	25	277	23	4	100	37300	100	37300	0.003	0	0.003	0.003	373	0	373	373	
0.4	0.5	56	278	5	4	100	105600	100	105600	0.003	0	0.003	0.003	1056	0	1056	1056	
0.4	0.5	33	279	1	4	100	90300	100	90300	0.003	0	0.003	0.003	903	0	903	903	
0.4	0.5	43	280	9	4	100	39936	100	39800	0.003	0	0.003	0.003	398	132.402	233	533	
0.4	0.5	32	281	1	4	100	32740	100	32740	0.003	0	0.003	0.003	327.4	116.198	233	469	
0.4	0.5	35	282	9	4	100	18604	100	18516	0.003	0	0.003	0.003	185.16	21.2264	157	201	
0.4	0.5	30	283	4	4	100	20099	100	20099	0.003	0	0.003	0.003	200.99	0.1	200	201	
0.4	0.5	1	284	14	4	91	7005	91	7005	0.00307692	0.000733799	0.003	0.01	76.978	0.209657	75	77	
0.4	0.5	13	285	1	4	100	105600	100	105600	0.003	0	0.003	0.003	1056	0	1056	1056	
0.4	0.5	52	286	12	4	86	2751	85	2719	0.003	0	0.003	0.003	31.9882	0.108465	31	32	
0.4	0.5	34	287	5	4	100	15244	100	15244	0.003	0	0.003	0.003	152.44	3.93975	125	153	
0.4	0.5	41	288	15	4	86	5762	85	5695	0.003	0	0.003	0.003	67	0	67	67	
0.4	0.5	53	289	6	4	100	51700	100	51700	0.003	0	0.003	0.003	517	0	517	517	
0.4	0.5	18	290	8	4	100	38900	100	38900	0.003	0	0.003	0.003	389	0	389	389	
0.4	0.5	28	291	5	4	100	40498	100	40498	0.003	0	0.003	0.003	404.98	0.2	403	405	
0.4	0.5	2	292	2	4	100	12500	100	12500	0.003	0	0.003	0.003	125	0	125	125	
0.4	0.5	54	293	4	4	100	15700	100	15700	0.003	0	0.003	0.003	157	0	157	157	
0.4	0.5	52	294	7	4	85	4165	86	4214	0.003	0	0.003	0.003	49	0	49	49	
0.4	0.5	14	295	4	4	57	17021	57	17021	0.00815789	0.00310983	0.003	0.01	298.614	12.6233	233	301	
0.4	0.5	49	296	2	4	100	105600	100	105600	0.003	0	0.003	0.003	1056	0	1056	1056	
0.4	0.5	25	297	12	4	96	12000	95	11875	0.00336842	0.00157137	0.003	0.01	125	0	125	125	
0.4	0.5	23	298	15	4	63	4851	63	4851	0.00722222	0.00345218	0.003	0.01	77	0	77	77	
0.4	0.5	39	299	12	4	51	4947	50	4850	0.01	0	0.01	0.01	97	0	97	97	
0.4	0.5	33	300	2	4	100	30100	100	30100	0.003	0	0.003	0.003	301	0	301	301	
0.4	0.5	15	301	7	4	100	37300	100	37300	0.003	0	0.003	0.003	373	0	373	373	
0.4	0.5	19	302	5	4	100	30900	100	30900	0.003	0	0.003	0.003	309	0	309	309	
0.4	0.5	26	303	5	4	70	14070	71	14271	0.00605634	0.00349648	0.003	0.01	201	0	201	201	
0.4	0.5	26	304	6	4	89	17845	88	17644	0.00379545	0.00223431	0.003	0.01	200.5	4.69042	157	201	
0.4	0.5	23	305	14	4	100	9700	100	9700	0.003	0	0.003	0.003	97	0	97	97	
0.4	0.5	56	306	3	4	100	30100	100	30100	0.003	0	0.003	0.003	301	0	301	301	
0.4	0.5	9	307	3	4	100	25300	100	25300	0.003	0	0.003	0.003	253	0	253	253	
0.4	0.5	17	308	6	4	100	25300	100	25300	0.003	0	0.003	0.003	253	0	253	253	
0.4	0.5	42	309	2	4	100	13700	100	13700	0.003	0	0.003	0.003	137	0	137	137	
0.4	0.5	2	310	7	4	100	4900	100	4900	0.003	0	0.003	0.003	49	0	49	49	
0.4	0.5	32	311	3	4	100	6980	100	6980	0.003	0	0.003	0.003	69.8	25.603	49	101	
0.4	0.5	40	312	5	4	100	40498	100	40498	0.003	0	0.003	0.003	404.98	0.2	403	405	
0.4	0.5	50	313	1	4	100	20100	100	20100	0.003	0	0.003	0.003	201	0	201	201	
0.4	0.5	37	314	27	4	85	2720	85	2720	0.003	0	0.003	0.003	32	0	32	32	
0.4	0.5	25	315	6	4	100	15300	100	15300	0.003	0	0.003	0.003	153	0	153	153	
0.4	0.5	35	316	7	4	100	13698	100	13698	0.003	0	0.003	0.003	136.98	0.2	135	137	
0.4	0.5	57	317	8	4	100	39556	100	39556	0.003	0	0.003	0.003	395.56	89.7449	373	749	
0.4	0.5	40	318	6	4	93	105629	93	105629	0.00352688	0.00185678	0.003	0.01	1135.8	158.827	1056	1479	
0.4	0.5	15	319	5	4	65	6285	66	6382	0.00671212	0.00352034	0.003	0.01	96.697	2.46183	77	97	
0.4	0.5	47	320	7	4	100	26116	100	26116	0.003	0	0.003	0.003	261.16	32.4609	253	389	
0.4	0.5	23	321	1	4	66	8249	63	7874	0.00655555	0.00352767	0.003	0.01	124.984	0.125988	124	125	
0.4	0.5	1	322	27	4	91	21203	91	21203	0.00307692	0.000733799	0.003	0.01	233	0	233	233	
0.4	0.5	23	323	10	4	100	9700	100	9700	0.003	0	0.003	0.003	97	0	97	97	
0.4	0.5	55	324	19	4	100	19300	100	19300	0.003	0	0.003	0.003	193	0	193	193	
0.4	0.5	42	325	8	4	100	32500	100	32500	0.003	0	0.003	0.003	325	0	325	325	
0.4	0.5	39	326	8	4	97	4751	96	4702	0.00321875	0.00122434	0.003	0.01	48.9792	0.204124	47	49	
0.4	0.5	2	327	16	4	100	6700	100	6700	0.003	0	0.003	0.003	67	0	67	67	
0.4	0.5	34	328	21	4	65	7957	66	8082	0.00512121	0.00324163	0.003	0.01	122.455	8.11112	97	125	
0.4	0.5	55	329	3	4	100	9700	100	9700	0.003	0	0.003	0.003	97	0	97	97	
0.4	0.5	16	330	6	4	73	50725	72	49950	0.005625	0.00341264	0.003	0.01	693.75	63.3776	645	775	
0.4	0.5	52	331	2	4	100	23300	100	23300	0.003	0	0.003	0.003	233	0	233	233	
0.4	0.5	10	332	9	4	100	74900	100	74900	0.003	0	0.003	0.003	749	0	749	749	
0.4	0.5	52	333	4	4	85	31705	86	32078	0.003	0	0.003	0.003	373	0	373	373	
0.4	0.5	1	334	2	4	91	8825	91	8825	0.003	0	0.003	0.003	96.978	0.209657	95	97	
0.4	0.5	50	335	2	4	100	25300	100	25300	0.003	0	0.003	0.003	253	0	253	253	
0.4	0.5	9	336	7	4	100	38900	100	38900	0.003	0	0.003	0.003	389	0	389	389	
0.4	0.5	41	337	13	4	100	6700	100	6700	0.003	0	0.003	0.003	67	0	67	67	
0.4	0.5	38	338	5	4	100	7890	100	7750	0.003	0	0.003	0.003	77.5	25.1209	67	137	
0.4	0.5	6	339	15	4	100	15300	100	15300	0.003	0	0.003	0.003	153	0	153	153	
0.4	0.5	51	340	4	4	100	8577	100	8577	0.003	0	0.003	0.003	85.77	25.1689	75	157	
0.4	0.5	47	341	4	4	100	76976	100	76976	0.003	0	0.003	0.003	769.76	82.5844	749	1095	
0.4	0.5	27	342	3	4	100	74900	100	74900	0.003	0	0.003	0.003	749	0	749	749	
0.4	0.5	37	343	2	4	85	2720	86	2752	0.003	0	0.003	0.003	32	0	32	32	
0.4	0.5	57	344	5	4	100	5212	100	5212	0.003	0	0.003	0.003	52.12	12.4115	49	101	
0.4	0.5	26	345	8	4	100	25299	100	25299	0.003	0	0.003	0.003	252.99	0.1	252	253	
0.4	0.5	29	346	4	4	100	35204	100	35204	0.003	0	0.003	0.003	352.04	43.652	301	389	
0.4	0.5	51	347	11	4	96	6327	95	6260	0.00329474	0.00141326	0.003	0.01	65.8947	19.5951	49	137	
0.4	0.5	34	348	23	4	85	10623	86	10748	0.003	0	0.003	0.003	124.977	0.215666	123	125	
0.4	0.5	55	349	11	4	94	8778	94	8798	0.00344681	0.00172032	0.003	0.01	93.5957	7.55669	77	97	
0.4	0.5	7	350	6	4	91	20915	91	20963	0.00369231	0.00210128	0.003	0.01	230.363	7.54765	209	233	
0.4	0.5	7	351	3	4	100	69300	100	69300	0.003	0	0.003	0.003	693	0	693	693	
0.4	0.5	38	352	4	4	55	9999	57	10157	0.00864912	0.00278703	0.003	0.01	178.193	57.5597	77	325	
0.4	0.5	26	353	11	4	100	32500	100	32500	0.003	0	0.003	0.003	325	0	325	325	
0.4	0.5	41	354	22	4	85	10623	85	10623	0.00308235	0.000759257	0.003	0.01	124.976	0.21693	123	125	
0.4	0.5	20	355	7	4	100	27874	100	28002	0.003	0	0.003	0.003	280.02	98.9964	161	389	
0.4	0.5	19	356	12	4	100	74900	100	74900	0.003	0	0.003	0.003	749	0	749	749	
0.4	0.5	40	357	3	4	100	64500	100	64500	0.003	0	0.003	0.003	645	0	645	645	
0.4	0.5	24	358	9	4	100	7700	100	7700	0.003	0	0.003	0.003	77	0	77	77	
0.4	0.5	55	359	21	4	79	11723	81	12029	0.00490123	0.00313291	0.003	0.01	148.506	10.3418	125	153	
0.4	0.5	17	360	7	4	100	53300	100	53300	0.003	0	0.003	0.003	533	0	533	533	
0.4	0.5	22	361	3	4	100	20200	100	20200	0.003	0	0.003	0.003	202	10	201	301	
0.4	0.5	39	362	23	4	100	7700	100	7700	0.003	0	0.003	0.003	77	0	77	77	
0.4	0.5	34	363	9	4	100	37297	100	37297	0.003	0	0.003	0.003	372.97	0.171447	372	373	
0.4	0.5	9	364	4	4	100	25300	100	25300	0.003	0	0.003	0.003	253	0	253	253	
0.4	0.5	6	365	14	4	100	6231	100	6231	0.003	0	0.003	0.003	62.31	7.92986	49	67	
0.4	0.5	38	366	7	4	100	17952	100	17640	0.003	0	0.003	0.003	176.4	55.9838	153	309	
0.4	0.5	13	367	4	4	100	77500	100	77500	0.003	0	0.003	0.003	775	0	775	775	
0.4	0.5	39	368	4	4	65	5005	65	5005	0.00676923	0.00351679	0.003	0.01	77	0	77	77	
0.4	0.5	37	369	35	4	86	2752	86	2752	0.003	0	0.003	0.003	32	0	32	32	
0.4	0.5	41	370	23	4	86	10748	86	10748	0.003	0	0.003	0.003	124.977	0.215666	123	125	
0.4	0.5	36	371	3	4	65	7737	68	8132	0.00670588	0.00351992	0.003	0.01	119.588	43.9689	77	201	
0.4	0.5	41	372	11	4	86	4212	85	4163	0.003	0	0.003	0.003	48.9765	0.21693	47	49	
0.4	0.5	54	373	1	4	100	32498	100	32498	0.003	0	0.003	0.003	324.98	0.2	323	325	
0.4	0.5	13	374	2	4	100	40500	100	40500	0.003	0	0.003	0.003	405	0	405	405	
0.4	0.5	5	375	40	4	48	8368	47	8143	0.00329787	0.00142821	0.003	0.01	173.255	15.7238	161	193	
0.4	0.5	37	376	16	4	87	16791	86	16598	0.003	0	0.003	0.003	193	0	193	193	
0.4	0.5	47	377	1	4	72	16864	71	16611	0.00576056	0.00344535	0.003	0.01	233.958	25.23	201	253	
0.4	0.5	34	378	15	4	82	7914	82	7914	0.00334146	0.00151714	0.003	0.01	96.5122	3.10413	77	97	
0.4	0.5	15	379	13	4	100	26900	100	26900	0.003	0	0.003	0.003	269	0	269	269	
0.4	0.5	20	380	13	4	100	10059	100	10059	0.003	0	0.003	0.003	100.59	35.1379	67	137	
0.4	0.5	43	381	2	4	98	18522	99	18519	0.00314141	0.000989847	0.003	0.01	187.061	64.2962	125	253	
0.4	0.5	52	382	11	4	86	2751	85	2719	0.003	0	0.003	0.003	31.9882	0.108465	31	32	
0.4	0.5	37	383	7	4	86	5762	85	5695	0.003	0	0.003	0.003	67	0	67	67	
0.4	0.5	32	384	4	4	73	6581	75	6755	0.00552	0.00338263	0.003	0.01	90.0667	29.6362	67	157	
0.4	0.5	10	385	8	4	100	74900	100	74900	0.003	0	0.003	0.003	749	0	749	749	
0.4	0.5	37	386	8	4	85	10625	84	10500	0.00308333	0.000763763	0.003	0.01	125	0	125	125	
0.4	0.5	30	387	5	4	100	20100	100	20100	0.003	0	0.003	0.003	201	0	201	201	
0.4	0.5	2	388	8	4	100	16100	100	16100	0.003	0	0.003	0.003	161	0	161	161	
0.4	0.5	25	389	19	4	100	9700	100	9700	0.003	0	0.003	0.003	97	0	97	97	
0.4	0.5	42	390	3	4	100	6900	100	6900	0.003	0	0.003	0.003	69	0	69	69	
0.4	0.5	39	391	18	4	96	9312	96	9312	0.00329167	0.00140613	0.003	0.01	97	0	97	97	
0.4	0.5	43	392	1	4	99	10133	99	10063	0.00307071	0.000703526	0.003	0.01	101.646	35.1763	67	137	
0.4	0.5	45	393	1	4	100	77500	100	77500	0.003	0	0.003	0.003	775	0	775	775	
0.4	0.5	25	394	5	4	100	12499	100	12499	0.003	0	0.003	0.003	124.99	0.1	124	125	
0.4	0.5	50	395	4	4	100	46900	100	46900	0.003	0	0.003	0.003	469	0	469	469	
0.4	0.5	33	396	7	4	100	38900	100	38900	0.003	0	0.003	0.003	389	0	389	389	
0.4	0.5	41	397	27	4	83	8863	82	8766	0.00334146	0.00151714	0.003	0.01	106.902	13.4693	97	125	
0.4	0.5	19	398	3	4	100	20012	100	20012	0.003	0	0.003	0.003	200.12	6.19103	157	201	
0.4	0.5	50	399	11	4	100	53300	100	53300	0.003	0	0.003	0.003	533	0	533	533	
0.4	0.5	52	400	24	4	93	8501	92	8404	0.00353261	0.00186613	0.003	0.01	91.3478	9.0547	77	97	
0.4	0.5	20	401	9	4	100	55348	100	55348	0.003	0	0.003	0.003	553.48	188.796	373	749	
0.4	0.5	52	402	30	4	98	7546	98	7546	0.00314286	0.000994832	0.003	0.01	77	0	77	77	
0.4	0.5	46	403	4	4	96	66924	97	67699	0.00328866	0.0013991	0.003	0.01	697.928	88.6553	597	775	
0.4	0.5	27	404	8	4	100	30900	100	30900	0.003	0	0.003	0.003	309	0	309	309	
0.4	0.5	50	405	3	4	100	74900	100	74900	0.003	0	0.003	0.003	749	0	749	749	
0.4	0.5	34	406	6	4	86	4214	85	4165	0.003	0	0.003	0.003	49	0	49	49	
0.4	0.5	44	407	2	4	100	105600	100	105600	0.003	0	0.003	0.003	1056	0	1056	1056	
0.4	0.5	25	408	16	4	100	9700	100	9700	0.003	0	0.003	0.003	97	0	97	97	
0.4	0.5	18	409	1	4	100	13700	100	13700	0.003	0	0.003	0.003	137	0	137	137	
0.4	0.5	8	410	7	4	100	74900	100	74900	0.003	0	0.003	0.003	749	0	749	749	
0.4	0.5	49	411	3	4	100	64500	100	64500	0.003	0	0.003	0.003	645	0	645	645	
0.4	0.5	17	412	10	4	100	32500	100	32500	0.003	0	0.003	0.003	325	0	325	325	
0.4	0.5	14	413	8	4	100	35204	100	35204	0.003	0	0.003	0.003	352.04	43.652	301	389	
0.4	0.5	10	414	7	4	100	53300	100	53300	0.003	0	0.003	0.003	533	0	533	533	
0.4	0.5	45	415	3	4	62	91218	61	89739	0.00747541	0.00338923	0.003	0.01	1471.13	43.0935	1239	1479	
0.4	0.5	33	416	6	4	100	80700	100	80700	0.003	0	0.003	0.003	807	0	807	807	
0.4	0.5	57	417	10	4	100	39555	100	39555	0.003	0	0.003	0.003	395.55	89.7475	372	749	
0.4	0.5	52	418	13	4	86	5762	85	5695	0.003	0	0.003	0.003	67	0	67	67	
0.4	0.5	37	419	29	4	85	6545	86	6622	0.003	0	0.003	0.003	77	0	77	77	
0.4	0.5	39	420	21	4	100	4900	100	4900	0.003	0	0.003	0.003	49	0	49	49	
0.4	0.5	38	421	1	4	99	17743	99	17431	0.00307071	0.000703526	0.003	0.01	176.071	56.5969	125	309	
0.4	0.5	28	422	1	4	100	62096	100	62096	0.003	0	0.003	0.003	620.96	0.242878	619	621	
0.4	0.5	40	423	1	4	100	105600	100	105600	0.003	0	0.003	0.003	1056	0	1056	1056	
0.4	0.5	20	424	6	4	100	55348	100	55348	0.003	0	0.003	0.003	553.48	188.796	373	749	
0.4	0.5	37	425	24	4	86	13158	86	13158	0.003	0	0.003	0.003	153	0	153	153	
0.4	0.5	39	426	11	4	100	3200	100	3200	0.003	0	0.003	0.003	32	0	32	32	
0.4	0.5	55	427	24	4	80	12428	80	12420	0.0046625	0.00299765	0.003	0.01	155.25	7.16797	125	161	
0.4	0.5	47	428	5	4	98	25474	98	25474	0.00314286	0.000994832	0.003	0.01	259.939	30.0792	253	389	
0.4	0.5	55	429	18	4	100	9700	100	9700	0.003	0	0.003	0.003	97	0	97	97	
0.4	0.5	31	430	1	4	100	36209	100	36209	0.003	0	0.003	0.003	362.09	31.722	325	389	
0.4	0.5	14	431	1	4	100	90300	100	90300	0.003	0	0.003	0.003	903	0	903	903	
0.4	0.5	22	432	7	4	99	15542	99	15542	0.00307071	0.000703526	0.003	0.01	156.99	0.100504	156	157	
0.4	0.5	18	433	7	4	100	32498	100	32498	0.003	0	0.003	0.003	324.98	0.2	323	325	
0.4	0.5	6	434	20	4	100	9700	100	9700	0.003	0	0.003	0.003	97	0	97	97	
0.4	0.5	55	435	25	4	100	37300	100	37300	0.003	0	0.003	0.003	373	0	373	373	
0.4	0.5	31	436	3	4	100	13699	100	13700	0.003	0	0.003	0.003	137	0	137	137	
0.4	0.5	22	437	1	4	100	15776	100	15776	0.003	0	0.003	0.003	157.76	7.6	157	233	
0.4	0.5	10	438	6	4	100	53300	100	53300	0.003	0	0.003	0.003	533	0	533	533	
0.4	0.5	22	439	2	4	100	15774	100	15774	0.003	0	0.003	0.003	157.74	7.60465	155	233	
0.4	0.5	15	440	8	4	88	6776	88	6776	0.00395454	0.00241599	0.003	0.01	77	0	77	77	
0.4	0.5	29	441	2	4	100	59700	100	59700	0.003	0	0.003	0.003	597	0	597	597	
0.4	0.5	31	442	13	4	100	13700	100	13700	0.003	0	0.003	0.003	137	0	137	137	
0.4	0.5	17	443	8	4	100	25300	100	25300	0.003	0	0.003	0.003	253	0	253	253	
0.4	0.5	37	444	31	4	77	28721	78	29094	0.00380769	0.00225087	0.003	0.01	373	0	373	373	
0.4	0.5	34	445	3	4	86	13102	85	12949	0.003	0	0.003	0.003	152.341	4.26936	125	153	
0.4	0.5	19	446	11	4	100	10100	100	10100	0.003	0	0.003	0.003	101	0	101	101	
0.4	0.5	36	447	6	4	100	10130	100	10130	0.003	0	0.003	0.003	101.3	35.1693	67	137	
0.4	0.5	50	448	5	4	100	13700	100	13700	0.003	0	0.003	0.003	137	0	137	137	
0.4	0.5	31	449	11	4	100	46900	100	46900	0.003	0	0.003	0.003	469	0	469	469	
0.4	0.5	46	450	1	4	100	69312	100	69312	0.003	0	0.003	0.003	693.12	89.1617	597	775	
0.4	0.5	8	451	1	4	100	43220	100	43220	0.003	0	0.003	0.003	432.2	40.0727	389	469	
0.4	0.5	38	452	11	4	83	7011	84	7088	0.00425	0.00269705	0.003	0.01	84.381	23.7517	67	157	
0.4	0.5	27	453	4	4	100	74900	100	74900	0.003	0	0.003	0.003	749	0	749	749	
0.4	0.5	15	454	9	4	100	6700	100	6700	0.003	0	0.003	0.003	67	0	67	67	
0.4	0.5	39	455	5	4	100	6700	100	6700	0.003	0	0.003	0.003	67	0	67	67	
0.4	0.5	34	456	7	4	86	23133	85	22864	0.003	0	0.003	0.003	268.988	0.108465	268	269	
0.4	0.5	10	457	3	4	100	46900	100	46900	0.003	0	0.003	0.003	469	0	469	469	
0.4	0.5	32	458	10	4	78	12302	78	12330	0.00497436	0.00317038	0.003	0.01	158.077	56.9444	97	253	
0.4	0.5	22	459	9	4	55	8555	55	8575	0.00885454	0.00261348	0.003	0.01	155.909	4.58368	137	157	
0.4	0.5	2	460	12	4	55	6875	56	7000	0.008625	0.00280624	0.003	0.01	125	0	125	125	
0.4	0.5	11	461	10	4	100	13698	100	13698	0.003	0	0.003	0.003	136.98	0.2	135	137	
0.4	0.5	34	462	12	4	62	7702	62	7702	0.00570968	0.00343744	0.003	0.01	124.226	6.09601	77	125	
0.4	0.5	2	463	9	4	100	19300	100	19300	0.003	0	0.003	0.003	193	0	193	193	
0.4	0.5	24	464	15	4	97	12125	98	12250	0.00321428	0.00121205	0.003	0.01	125	0	125	125	
0.4	0.5	23	465	5	4	100	15300	100	15300	0.003	0	0.003	0.003	153	0	153	153	
0.4	0.5	22	466	5	4	100	75245	100	75245	0.003	0	0.003	0.003	752.45	34.6012	748	1095	
0.4	0.5	3	467	9	4	100	25298	100	25298	0.003	0	0.003	0.003	252.98	0.2	251	253	
0.4	0.5	3	468	10	4	100	25300	100	25300	0.003	0	0.003	0.003	253	0	253	253	
0.4	0.5	21	469	4	4	54	13018	55	13279	0.00898182	0.00249066	0.003	0.01	241.436	29.451	157	253	
0.4	0.5	34	470	4	4	82	7914	81	7817	0.00325926	0.0013302	0.003	0.01	96.5062	3.12299	77	97	
0.4	0.5	24	471	17	4	100	6700	100	6700	0.003	0	0.003	0.003	67	0	67	67	
0.4	0.5	32	472	12	4	100	37458	100	37458	0.003	0	0.003	0.003	374.58	130.001	267	533	
0.4	0.5	39	473	2	4	100	6700	100	6700	0.003	0	0.003	0.003	67	0	67	67	
0.4	0.5	48	474	5	4	57	16205	57	16205	0.0082807	0.00303994	0.003	0.01	284.298	29.5308	233	301	
0.4	0.5	54	475	9	4	100	20100	100	20100	0.003	0	0.003	0.003	201	0	201	201	
0.4	0.5	19	476	1	4	100	25300	100	25300	0.003	0	0.003	0.003	253	0	253	253	
0.4	0.5	38	477	6	4	71	5626	69	5452	0.00573913	0.00344132	0.003	0.01	79.0145	17.6239	67	157	
0.4	0.5	55	478	1	4	100	37300	100	37300	0.003	0	0.003	0.003	373	0	373	373	
0.4	0.5	3	479	7	4	100	25300	100	25300	0.003	0	0.003	0.003	253	0	253	253	
0.4	0.5	39	480	6	4	49	6125	51	6375	0.01	0	0.01	0.01	125	0	125	125	
0.4	0.5	25	481	14	4	100	7700	100	7700	0.003	0	0.003	0.003	77	0	77	77	
0.4	0.5	20	482	10	4	100	39572	100	39572	0.003	0	0.003	0.003	395.72	132.559	269	533	
0.4	0.5	41	483	28	4	81	10123	81	10123	0.0034321	0.00169513	0.003	0.01	124.975	0.222222	123	125	
0.4	0.5	41	484	1	4	81	10069	80	10000	0.0046625	0.00299765	0.003	0.01	125	0	125	125	
0.4	0.5	52	485	22	4	86	2752	86	2752	0.003	0	0.003	0.003	32	0	32	32	
0.4	0.5	56	486	1	4	100	48500	100	48500	0.003	0	0.003	0.003	485	0	485	485	
0.4	0.5	2	487	10	4	100	37297	100	37297	0.003	0	0.003	0.003	372.97	0.171447	372	373	
0.4	0.5	2	488	1	4	100	9700	100	9700	0.003	0	0.003	0.003	97	0	97	97	
0.4	0.5	27	489	5	4	99	13562	99	13562	0.00307071	0.000703526	0.003	0.01	136.99	0.100504	136	137	
0.4	0.5	52	490	10	4	99	15939	99	15939	0.00307071	0.000703526	0.003	0.01	161	0	161	161	
0.4	0.5	15	491	11	4	99	12375	99	12375	0.00307071	0.000703526	0.003	0.01	125	0	125	125	
0.4	0.5	8	492	9	4	100	32500	100	32500	0.003	0	0.003	0.003	325	0	325	325	
0.4	0.5	56	493	2	4	100	48500	100	48500	0.003	0	0.003	0.003	485	0	485	485	
0.4	0.5	42	494	10	4	100	20100	100	20100	0.003	0	0.003	0.003	201	0	201	201	
0.4	0.5	28	495	3	4	100	51698	100	51698	0.003	0	0.003	0.003	516.98	0.2	515	517	
0.4	0.5	36	496	1	4	100	18770	100	18770	0.003	0	0.003	0.003	187.7	64.2892	125	253	
0.4	0.5	15	497	4	4	100	19300	100	19300	0.003	0	0.003	0.003	193	0	193	193	
0.4	0.5	52	498	31	4	86	2752	86	2752	0.003	0	0.003	0.003	32	0	32	32	
0.4	0.5	53	499	4	4	100	51698	100	51698	0.003	0	0.003	0.003	516.98	0.2	515	517	
0.4	0.5	55	500	5	4	100	12500	100	12500	0.003	0	0.003	0.003	125	0	125	125	
0.4	0.5	52	501	8	4	85	10623	86	10748	0.003	0	0.003	0.003	124.977	0.215666	123	125	
0.4	0.5	33	502	5	4	100	69300	100	69300	0.003	0	0.003	0.003	693	0	693	693	
0.4	0.5	38	503	3	4	100	14676	100	14420	0.003	0	0.003	0.003	144.2	45.9354	125	253	
0.4	0.5	26	504	12	4	100	15700	100	15700	0.003	0	0.003	0.003	157	0	157	157	
0.4	0.5	39	505	22	4	100	20820	100	20780	0.003	0	0.003	0.003	207.8	19.4095	193	233	
0.4	0.5	21	506	2	4	55	8435	55	8455	0.00885454	0.00261348	0.003	0.01	153.727	7.4671	137	157	
0.4	0.5	57	507	3	4	100	17084	100	17084	0.003	0	0.003	0.003	170.84	39.1441	161	325	
0.4	0.5	51	508	12	4	100	8580	100	8580	0.003	0	0.003	0.003	85.8	25.1573	77	157	
0.4	0.5	54	509	11	4	100	20100	100	20100	0.003	0	0.003	0.003	201	0	201	201	
0.4	0.5	31	510	8	4	100	53300	100	53300	0.003	0	0.003	0.003	533	0	533	533	
0.4	0.5	57	511	9	4	95	7395	95	7395	0.00336842	0.00157137	0.003	0.01	77.8421	8.20783	77	157	
0.4	0.5	20	512	11	4	99	28319	99	28319	0.00307071	0.000703526	0.003	0.01	286.051	98.373	193	389	
0.4	0.5	7	513	2	4	100	59699	100	59699	0.003	0	0.003	0.003	596.99	0.1	596	597	
0.4	0.5	21	514	10	4	100	32499	100	32499	0.003	0	0.003	0.003	324.99	0.1	324	325	
0.4	0.5	26	515	9	4	100	38900	100	38900	0.003	0	0.003	0.003	389	0	389	389	
0.4	0.5	41	516	3	4	85	4165	86	4214	0.003	0	0.003	0.003	49	0	49	49	
0.4	0.5	20	517	8	4	61	7477	63	7775	0.00733333	0.00342665	0.003	0.01	123.413	45.6327	97	201	
0.4	0.5	2	518	19	4	100	23300	100	23300	0.003	0	0.003	0.003	233	0	233	233	
0.4	0.5	57	519	2	4	100	10324	100	10324	0.003	0	0.003	0.003	103.24	24.8231	97	201	
0.4	0.5	14	520	5	4	100	38900	100	38900	0.003	0	0.003	0.003	389	0	389	389	
0.4	0.5	6	521	10	4	100	20820	100	20780	0.003	0	0.003	0.003	207.8	19.4095	193	233	
0.4	0.5	14	522	2	4	100	105715	100	105793	0.003	0	0.003	0.003	1057.93	8.45697	1056	1095	
0.4	0.5	38	523	10	4	100	22632	100	22240	0.003	0	0.003	0.003	222.4	70.3386	193	389	
0.4	0.5	15	524	6	4	100	26900	100	26900	0.003	0	0.003	0.003	269	0	269	269	
0.4	0.5	20	525	5	4	68	9196	66	8794	0.00639394	0.0035252	0.003	0.01	133.242	49.9347	97	201	
0.4	0.5	6	526	6	4	100	6700	100	6700	0.003	0	0.003	0.003	67	0	67	67	
0.4	0.5	17	527	3	4	100	53300	100	53300	0.003	0	0.003	0.003	533	0	533	533	
0.4	0.5	54	528	7	4	100	32498	100	32498	0.003	0	0.003	0.003	324.98	0.2	323	325	
0.4	0.5	17	529	4	4	100	20100	100	20100	0.003	0	0.003	0.003	201	0	201	201	
0.4	0.5	36	530	4	4	62	7930	63	8027	0.00722222	0.00345218	0.003	0.01	127.413	48.9294	77	201	
0.4	0.5	11	531	7	4	49	7693	51	8007	0.01	0	0.01	0.01	157	0	157	157	
0.4	0.5	22	532	8	4	100	25436	100	25436	0.003	0	0.003	0.003	254.36	13.6	253	389	
0.4	0.5	40	533	4	4	100	105600	100	105600	0.003	0	0.003	0.003	1056	0	1056	1056	
0.4	0.5	26	534	4	4	51	12903	52	13156	0.00973077	0.00135929	0.003	0.01	253	0	253	253	
0.4	0.5	37	535	3	4	84	10500	85	10625	0.00308235	0.000759257	0.003	0.01	125	0	125	125	
0.4	0.5	57	536	12	4	100	39555	100	39555	0.003	0	0.003	0.003	395.55	89.7475	372	749	
0.4	0.5	37	537	11	4	87	10874	87	10874	0.003	0	0.003	0.003	124.989	0.107211	124	125	
0.4	0.5	25	538	22	4	100	7700	100	7700	0.003	0	0.003	0.003	77	0	77	77	
0.4	0.5	26	539	7	4	100	74900	100	74900	0.003	0	0.003	0.003	749	0	749	749	
0.4	0.5	43	540	8	4	92	26287	92	26351	0.00353261	0.00186613	0.003	0.01	286.424	98.7187	161	389	
0.4	0.5	30	541	8	4	100	30900	100	30900	0.003	0	0.003	0.003	309	0	309	309	
0.4	0.5	28	542	4	4	100	40500	100	40500	0.003	0	0.003	0.003	405	0	405	405	
0.4	0.5	6	543	8	4	100	37300	100	37300	0.003	0	0.003	0.003	373	0	373	373	
0.4	0.5	52	544	9	4	85	5695	86	5762	0.003	0	0.003	0.003	67	0	67	67	
0.4	0.5	35	545	4	4	81	12597	80	12440	0.004575	0.00294152	0.003	0.01	155.5	5.30106	137	157	
0.4	0.5	16	546	5	4	100	62097	100	62097	0.003	0	0.003	0.003	620.97	0.222702	619	621	
0.4	0.5	47	547	3	4	100	33460	100	33460	0.003	0	0.003	0.003	334.6	38.1893	325	485	
0.4	0.5	55	548	6	4	87	19831	87	19831	0.00404598	0.00251002	0.003	0.01	227.943	13.3707	193	233	
0.4	0.5	50	549	7	4	100	30900	100	30900	0.003	0	0.003	0.003	309	0	309	309	
0.4	0.5	3	550	8	4	71	11146	72	11303	0.00581944	0.00345729	0.003	0.01	156.986	0.117851	156	157	
0.4	0.5	15	551	12	4	100	15076	100	15076	0.003	0	0.003	0.003	150.76	7.63448	125	153	
0.4	0.5	41	552	24	4	83	8051	84	8148	0.00333333	0.00149967	0.003	0.01	97	0	97	97	
0.4	0.5	45	553	4	4	100	31700	100	31700	0.003	0	0.003	0.003	317	0	317	317	
0.4	0.5	49	554	5	4	100	99900	100	99900	0.003	0	0.003	0.003	999	0	999	999	
0.4	0.5	55	555	22	4	100	16100	100	16100	0.003	0	0.003	0.003	161	0	161	161	
0.4	0.5	14	556	6	4	98	107310	98	107310	0.00314286	0.000994832	0.003	0.01	1095	0	1095	1095	
0.4	0.5	34	557	29	4	85	5695	86	5762	0.003	0	0.003	0.003	67	0	67	67	
0.4	0.5	48	558	6	4	76	47964	76	48060	0.00521053	0.00327543	0.003	0.01	632.368	46.6158	597	693	
0.4	0.5	1	559	23	4	91	17563	91	17563	0.003	0	0.003	0.003	193	0	193	193	
0.4	0.5	11	560	8	4	98	73402	98	73402	0.00314286	0.000994832	0.003	0.01	749	0	749	749	
0.4	0.5	13	561	5	4	100	77500	100	77500	0.003	0	0.003	0.003	775	0	775	775	
0.4	0.5	10	562	5	4	100	74900	100	74900	0.003	0	0.003	0.003	749	0	749	749	
0.4	0.5	6	563	5	4	100	9700	100	9700	0.003	0	0.003	0.003	97	0	97	97	
0.4	0.5	54	564	3	4	100	19748	100	19748	0.003	0	0.003	0.003	197.48	11.997	157	201	
0.4	0.5	24	565	10	4	80	17440	80	17440	0.00475	0.00305021	0.003	0.01	218	19.4871	193	233	
0.4	0.5	44	566	1	4	100	30420	100	30420	0.003	0	0.003	0.003	304.2	18.753	277	317	
0.4	0.5	43	567	6	4	50	4090	52	4164	0.00973077	0.00135929	0.003	0.01	80.0769	15.5347	77	157	
0.4	0.5	12	568	4	4	100	34900	100	34900	0.003	0	0.003	0.003	349	0	349	349	
0.4	0.5	5	569	7	4	49	18277	48	17904	0.003	0	0.003	0.003	373	0	373	373	
0.4	0.5	25	570	18	4	99	36927	99	36927	0.00307071	0.000703526	0.003	0.01	373	0	373	373	
0.4	0.5	45	571	5	4	100	64500	100	64500	0.003	0	0.003	0.003	645	0	645	645	
0.4	0.5	38	572	9	4	99	18479	99	18151	0.00307071	0.000703526	0.003	0.01	183.343	57.1572	153	325	
0.4	0.5	39	573	24	4	100	9700	100	9700	0.003	0	0.003	0.003	97	0	97	97	
0.4	0.5	25	574	4	4	100	9700	100	9700	0.003	0	0.003	0.003	97	0	97	97	
0.4	0.5	10	575	1	4	100	13700	100	13700	0.003	0	0.003	0.003	137	0	137	137	
0.4	0.5	41	576	21	4	100	4900	100	4900	0.003	0	0.003	0.003	49	0	49	49	
0.4	0.5	23	577	16	4	100	26900	100	26900	0.003	0	0.003	0.003	269	0	269	269	
0.4	0.5	50	578	10	4	100	32500	100	32500	0.003	0	0.003	0.003	325	0	325	325	
0.4	0.5	12	579	5	4	100	80700	100	80700	0.003	0	0.003	0.003	807	0	807	807	
0.4	0.5	57	580	4	4	100	39556	100	39556	0.003	0	0.003	0.003	395.56	89.7449	373	749	
0.4	0.5	17	581	1	4	100	15699	100	15699	0.003	0	0.003	0.003	156.99	0.1	156	157	
0.4	0.5	21	582	6	4	100	31986	100	31986	0.003	0	0.003	0.003	319.86	7.53312	307	325	
0.4	0.5	21	583	1	4	100	25299	100	25299	0.003	0	0.003	0.003	252.99	0.1	252	253	
0.4	0.5	39	584	25	4	100	3200	100	3200	0.003	0	0.003	0.003	32	0	32	32	
0.4	0.5	3	585	6	4	100	53298	100	53298	0.003	0	0.003	0.003	532.98	0.2	531	533	
0.4	0.5	1	586	26	4	92	11500	91	11375	0.003	0	0.003	0.003	125	0	125	125	
0.4	0.5	51	587	7	4	100	17016	100	17016	0.003	0	0.003	0.003	170.16	49.0567	153	309	
0.4	0.5	18	588	9	4	100	30900	100	30900	0.003	0	0.003	0.003	309	0	309	309	
0.4	0.5	32	589	9	4	100	10900	100	10900	0.003	0	0.003	0.003	109	39.3893	77	157	
0.4	0.5	19	590	6	4	79	29963	78	29574	0.00479487	0.00307634	0.003	0.01	379.154	23.2407	325	389	
0.4	0.5	41	591	19	4	71	8875	71	8875	0.00457746	0.00294551	0.003	0.01	125	0	125	125	
0.4	0.5	35	592	3	4	100	25298	100	25298	0.003	0	0.003	0.003	252.98	0.2	251	253	
0.4	0.5	23	593	7	4	100	6700	100	6700	0.003	0	0.003	0.003	67	0	67	67	
0.4	0.5	41	594	16	4	86	8342	85	8245	0.003	0	0.003	0.003	97	0	97	97	
0.4	0.5	55	595	8	4	97	4753	97	4753	0.00321649	0.00121815	0.003	0.01	49	0	49	49	
0.4	0.5	37	596	23	4	86	4214	86	4214	0.003	0	0.003	0.003	49	0	49	49	
0.4	0.5	37	597	15	4	86	10750	85	10625	0.003	0	0.003	0.003	125	0	125	125	
0.4	0.5	41	598	17	4	100	12498	100	12498	0.003	0	0.003	0.003	124.98	0.2	123	125	
0.4	0.5	48	599	2	4	100	54996	100	54996	0.003	0	0.003	0.003	549.96	55.557	485	597	
0.4	0.5	41	600	14	4	86	2752	85	2720	0.003	0	0.003	0.003	32	0	32	32	
0.4	0.5	18	601	11	4	100	25300	100	25300	0.003	0	0.003	0.003	253	0	253	253	
0.4	0.5	10	602	2	4	100	38900	100	38900	0.003	0	0.003	0.003	389	0	389	389	
0.4	0.5	23	603	2	4	100	9700	100	9700	0.003	0	0.003	0.003	97	0	97	97	
0.4	0.5	47	604	9	4	94	12734	94	12734	0.00344681	0.00172032	0.003	0.01	135.468	11.704	101	209	
0.4	0.5	32	605	13	4	100	22660	100	22660	0.003	0	0.003	0.003	226.6	80.748	161	325	
0.4	0.5	19	606	7	4	100	30449	100	30449	0.003	0	0.003	0.003	304.49	15.2617	253	309	
0.4	0.5	37	607	9	4	86	5762	85	5695	0.003	0	0.003	0.003	67	0	67	67	
0.4	0.5	20	608	1	4	100	28708	100	28708	0.003	0	0.003	0.003	287.08	98.4149	193	389	
0.4	0.5	38	609	13	4	100	35284	100	34644	0.003	0	0.003	0.003	346.44	116.242	269	621	
0.4	0.5	55	610	10	4	100	7700	100	7700	0.003	0	0.003	0.003	77	0	77	77	
0.4	0.5	51	611	13	4	100	7470	100	7470	0.003	0	0.003	0.003	74.7	22.0126	67	137	
0.4	0.5	49	612	1	4	100	50100	100	50100	0.003	0	0.003	0.003	501	0	501	501	
0.4	0.5	14	613	3	4	100	59700	100	59700	0.003	0	0.003	0.003	597	0	597	597	
0.4	0.5	4	614	4	4	51	32871	51	32871	0.00972549	0.00137227	0.003	0.01	644.529	3.36067	621	645	
0.4	0.5	32	615	8	4	100	52340	100	52340	0.003	0	0.003	0.003	523.4	185.13	373	749	
0.4	0.5	35	616	8	4	100	74900	100	74900	0.003	0	0.003	0.003	749	0	749	749	
0.4	0.5	37	617	5	4	86	25886	86	25886	0.003	0	0.003	0.003	301	0	301	301	
0.4	0.5	30	618	1	4	100	13700	100	13700	0.003	0	0.003	0.003	137	0	137	137	
0.4	0.5	40	619	2	4	100	105600	100	105600	0.003	0	0.003	0.003	1056	0	1056	1056	
0.4	0.5	7	620	5	4	93	35121	93	35297	0.00352688	0.00185678	0.003	0.01	379.538	27.4086	301	389	
0.4	0.5	34	621	1	4	72	11592	72	11592	0.00572222	0.00343643	0.003	0.01	161	0	161	161	
0.4	0.5	19	622	9	4	100	53300	100	53300	0.003	0	0.003	0.003	533	0	533	533	
0.4	0.5	54	623	10	4	100	25299	100	25299	0.003	0	0.003	0.003	252.99	0.1	252	253	
0.4	0.5	54	624	5	4	100	15700	100	15700	0.003	0	0.003	0.003	157	0	157	157	
0.4	0.5	31	625	4	4	100	20098	100	20098	0.003	0	0.003	0.003	200.98	0.2	199	201	
0.4	0.5	32	626	5	4	97	12825	97	12865	0.00321649	0.00121815	0.003	0.01	132.629	47.8856	77	201	
0.4	0.5	47	627	2	4	100	20698	100	20698	0.003	0	0.003	0.003	206.98	23.8742	199	301	
0.4	0.5	37	628	1	4	87	6699	88	6776	0.003	0	0.003	0.003	77	0	77	77	
0.4	0.5	36	629	7	4	99	27843	100	28036	0.00307	0.0007	0.003	0.01	280.36	96.2937	161	389	
0.4	0.5	41	630	18	4	53	5141	52	5044	0.00730769	0.00343876	0.003	0.01	97	0	97	97	
0.4	0.5	56	631	6	4	100	48500	100	48500	0.003	0	0.003	0.003	485	0	485	485	
0.4	0.5	50	632	6	4	100	38900	100	38900	0.003	0	0.003	0.003	389	0	389	389	
0.4	0.5	11	633	4	4	100	13700	100	13700	0.003	0	0.003	0.003	137	0	137	137	
0.4	0.5	50	634	9	4	92	14204	93	14401	0.00360215	0.00197341	0.003	0.01	154.849	6.22922	137	157	
0.4	0.5	28	635	2	4	99	31383	99	31383	0.00307071	0.000703526	0.003	0.01	317	0	317	317	
0.4	0.5	42	636	6	4	100	15700	100	15700	0.003	0	0.003	0.003	157	0	157	157	
0.4	0.5	56	637	7	4	100	69300	100	69300	0.003	0	0.003	0.003	693	0	693	693	
0.4	0.5	5	638	46	4	43	5375	44	5500	0.00443182	0.00285623	0.003	0.01	125	0	125	125	
0.4	0.5	5	639	29	4	50	13448	50	13448	0.003	0	0.003	0.003	268.96	0.282843	267	269	
0.4	0.5	38	640	12	4	82	9938	81	9785	0.00446913	0.0028683	0.003	0.01	120.802	30.7174	97	253	
0.4	0.5	37	641	32	4	85	4165	86	4214	0.003	0	0.003	0.003	49	0	49	49	
0.4	0.5	2	642	6	4	91	16859	91	16859	0.00369231	0.00210128	0.003	0.01	185.264	13.7767	161	193	
0.4	0.5	3	643	2	4	100	32498	100	32498	0.003	0	0.003	0.003	324.98	0.2	323	325	
0.4	0.5	57	644	13	4	100	8180	100	8180	0.003	0	0.003	0.003	81.8	19.0947	77	157	
0.4	0.5	27	645	9	4	100	53300	100	53300	0.003	0	0.003	0.003	533	0	533	533	
0.4	0.5	41	646	10	4	85	19805	84	19572	0.00308333	0.000763763	0.003	0.01	233	0	233	233	
0.4	0.5	27	647	1	4	56	8792	57	8949	0.00840351	0.00296322	0.003	0.01	157	0	157	157	
0.4	0.5	2	648	14	4	67	6239	64	5948	0.00660937	0.00352595	0.003	0.01	92.9375	8.11011	77	97	
0.4	0.5	37	649	25	4	87	4263	87	4263	0.003	0	0.003	0.003	49	0	49	49	
0.4	0.5	37	650	30	4	77	5929	76	5852	0.00410526	0.00256946	0.003	0.01	77	0	77	77	
0.4	0.5	8	651	5	4	100	20100	100	20100	0.003	0	0.003	0.003	201	0	201	201	
0.4	0.5	18	652	3	4	54	8478	53	8321	0.00907547	0.00239269	0.003	0.01	157	0	157	157	
0.4	0.5	15	653	2	4	100	9700	100	9700	0.003	0	0.003	0.003	97	0	97	97	
0.4	0.5	46	654	2	4	100	96700	100	96700	0.003	0	0.003	0.003	967	0	967	967	
0.4	0.5	38	655	2	4	80	25936	80	25616	0.0046625	0.00299765	0.003	0.01	320.2	78.3175	269	621	
0.4	0.5	51	656	6	4	95	12643	96	12768	0.00336458	0.00156353	0.003	0.01	133	31.1465	125	253	
0.4	0.5	20	657	4	4	100	18644	100	18644	0.003	0	0.003	0.003	186.44	64.2709	125	253	
0.4	0.5	53	658	2	4	94	72590	95	73365	0.0034421	0.00171176	0.003	0.01	772.263	18.7618	645	775	
0.4	0.5	9	659	1	4	100	46260	100	46420	0.003	0	0.003	0.003	464.2	19.0947	389	469	
0.4	0.5	34	660	22	4	100	4900	100	4900	0.003	0	0.003	0.003	49	0	49	49	
0.4	0.5	5	661	52	4	46	4462	47	4559	0.003	0	0.003	0.003	97	0	97	97	
0.4	0.5	5	662	19	4	47	9071	47	9071	0.003	0	0.003	0.003	193	0	193	193	
0.4	0.5	5	663	5	4	48	3696	48	3696	0.003	0	0.003	0.003	77	0	77	77	
0.4	0.5	5	664	47	4	47	3149	47	3149	0.003	0	0.003	0.003	67	0	67	67	
0.4	0.5	5	665	11	4	47	5875	47	5875	0.003	0	0.003	0.003	125	0	125	125	
0.4	0.5	25	666	2	4	100	9700	100	9700	0.003	0	0.003	0.003	97	0	97	97	
0.4	0.5	5	667	49	4	47	7191	47	7191	0.003	0	0.003	0.003	153	0	153	153	
0.4	0.5	24	668	2	4	100	15300	100	15300	0.003	0	0.003	0.003	153	0	153	153	
0.4	0.5	1	669	4	4	90	6030	90	6030	0.003	0	0.003	0.003	67	0	67	67	
0.4	0.5	1	670	15	4	92	14812	92	14812	0.003	0	0.003	0.003	161	0	161	161	
0.4	0.5	1	671	10	4	90	11248	90	11248	0.003	0	0.003	0.003	124.978	0.210819	123	125	
0.4	0.5	5	672	26	4	34	3278	34	3298	0.00732353	0.00345289	0.003	0.01	97	0	97	97	
0.4	0.5	1	673	24	4	68	13124	69	13317	0.00563768	0.00341696	0.003	0.01	193	0	193	193	
0.4	0.5	5	674	51	4	47	5875	47	5875	0.003	0	0.003	0.003	125	0	125	125	
0.4	0.5	5	675	43	4	46	5750	46	5750	0.003	0	0.003	0.003	125	0	125	125	
0.4	0.5	5	676	2	4	46	4462	47	4559	0.00359574	0.0019744	0.003	0.01	97	0	97	97	
0.4	0.5	43	677	7	4	99	10201	99	10132	0.00307071	0.000703526	0.003	0.01	102.343	35.1867	66	137	
0.4	0.5	24	678	14	4	99	6633	99	6633	0.00307071	0.000703526	0.003	0.01	67	0	67	67	
0.4	0.5	5	679	45	4	47	4559	47	4559	0.003	0	0.003	0.003	97	0	97	97	
0.4	0.5	5	680	18	4	46	4462	46	4462	0.003	0	0.003	0.003	97	0	97	97	
0.4	0.5	1	681	28	4	90	5040	89	4955	0.00323595	0.00127049	0.003	0.01	55.6742	8.74354	49	67	
0.4	0.5	1	682	3	4	65	10189	65	10169	0.00666154	0.00352348	0.003	0.01	156.446	10.509	125	161	
0.4	0.5	5	683	41	4	45	10485	45	10485	0.00331111	0.00145886	0.003	0.01	233	0	233	233	
0.4	0.5	5	684	33	4	49	4753	49	4753	0.00314286	0.001	0.003	0.01	97	0	97	97	
0.4	0.5	1	685	30	4	63	6111	63	6111	0.00688889	0.00350627	0.003	0.01	97	0	97	97	
0.4	0.5	25	686	8	4	100	6700	100	6700	0.003	0	0.003	0.003	67	0	67	67	
0.4	0.5	30	687	2	4	100	13699	100	13699	0.003	0	0.003	0.003	136.99	0.1	136	137	
0.4	0.5	5	688	20	4	38	3646	37	3549	0.00678378	0.0035366	0.003	0.01	95.9189	4.58487	77	97	
0.4	0.5	6	689	9	4	100	6700	100	6700	0.003	0	0.003	0.003	67	0	67	67	
0.4	0.5	5	690	8	4	48	7728	47	7567	0.003	0	0.003	0.003	161	0	161	161	
0.4	0.5	24	691	19	4	100	15300	100	15300	0.003	0	0.003	0.003	153	0	153	153	
0.4	0.5	43	692	5	4	100	35336	100	35100	0.003	0	0.003	0.003	351	118.594	233	469	
0.4	0.5	30	693	6	4	100	13699	100	13699	0.003	0	0.003	0.003	136.99	0.1	136	137	
0.4	0.5	5	694	9	4	49	11417	49	11417	0.003	0	0.003	0.003	233	0	233	233	
0.4	0.5	5	695	39	4	45	3465	45	3465	0.00564444	0.00343217	0.003	0.01	77	0	77	77	
0.4	0.5	24	696	7	4	100	12499	100	12499	0.003	0	0.003	0.003	124.99	0.1	124	125	
0.4	0.5	5	697	10	4	50	4850	50	4850	0.003	0	0.003	0.003	97	0	97	97	
0.4	0.5	5	698	4	4	45	5625	45	5625	0.00331111	0.00145886	0.003	0.01	125	0	125	125	
0.4	0.5	24	699	6	4	100	19300	100	19300	0.003	0	0.003	0.003	193	0	193	193	
0.4	0.5	24	700	3	4	100	7700	100	7700	0.003	0	0.003	0.003	77	0	77	77	
0.4	0.5	23	701	12	4	100	6700	100	6700	0.003	0	0.003	0.003	67	0	67	67	
0.4	0.5	6	702	19	4	100	15300	100	15300	0.003	0	0.003	0.003	153	0	153	153	
0.4	0.5	5	703	30	4	44	5500	45	5625	0.00424444	0.00270652	0.003	0.01	125	0	125	125	
0.4	0.5	5	704	12	4	47	5875	47	5875	0.003	0	0.003	0.003	125	0	125	125	
0.4	0.5	5	705	38	4	47	7191	47	7191	0.003	0	0.003	0.003	153	0	153	153	
0.4	0.5	1	706	9	4	88	23276	89	23509	0.00339326	0.00162101	0.003	0.01	264.146	12.3652	233	269	
0.4	0.5	5	707	48	4	48	6000	48	6000	0.003	0	0.003	0.003	125	0	125	125	
0.4	0.5	5	708	37	4	42	6426	42	6426	0.00566667	0.00344055	0.003	0.01	153	0	153	153	
0.4	0.5	24	709	5	4	100	9698	100	9698	0.003	0	0.003	0.003	96.98	0.2	95	97	
0.4	0.5	24	710	12	4	58	7894	58	7922	0.00806896	0.00315596	0.003	0.01	136.586	24.6199	97	153	
0.4	0.5	5	711	22	4	49	6125	49	6125	0.003	0	0.003	0.003	125	0	125	125	
0.4	0.5	5	712	28	4	48	7316	47	7163	0.003	0	0.003	0.003	152.404	4.08422	125	153	
0.4	0.5	5	713	44	4	52	3484	52	3484	0.003	0	0.003	0.003	67	0	67	67	
0.4	0.5	5	714	23	4	47	12643	47	12643	0.003	0	0.003	0.003	269	0	269	269	
0.4	0.5	43	715	3	4	55	5959	56	5952	0.008625	0.00280624	0.003	0.01	106.286	29.9246	97	201	
0.4	0.5	1	716	16	4	67	10251	68	10404	0.00547059	0.00337006	0.003	0.01	153	0	153	153	
0.4	0.5	5	717	42	4	35	2695	34	2618	0.00732353	0.00345289	0.003	0.01	77	0	77	77	
0.4	0.5	24	718	16	4	100	9700	100	9700	0.003	0	0.003	0.003	97	0	97	97	
0.4	0.5	1	719	11	4	91	13923	91	13923	0.003	0	0.003	0.003	153	0	153	153	
0.4	0.5	1	720	5	4	90	6930	91	7007	0.00315385	0.00103197	0.003	0.01	77	0	77	77	
0.4	0.5	1	721	12	4	92	24604	92	24676	0.00307609	0.0007298	0.003	0.01	268.217	5.27867	233	269	
0.4	0.5	25	722	1	4	100	12499	100	12499	0.003	0	0.003	0.003	124.99	0.1	124	125	
0.4	0.5	5	723	50	4	41	5125	41	5125	0.0062439	0.00353398	0.003	0.01	125	0	125	125	
0.4	0.5	23	724	8	4	80	6160	83	6391	0.00468675	0.00301188	0.003	0.01	77	0	77	77	
0.4	0.5	24	725	4	4	100	15300	100	15300	0.003	0	0.003	0.003	153	0	153	153	
0.4	0.5	5	726	31	4	50	18649	50	18649	0.003	0	0.003	0.003	372.98	0.141421	372	373	
0.4	0.5	6	727	16	4	100	6700	100	6700	0.003	0	0.003	0.003	67	0	67	67	
0.4	0.5	1	728	25	4	92	6164	91	6097	0.003	0	0.003	0.003	67	0	67	67	
0.4	0.5	5	729	15	4	45	4365	44	4268	0.00427273	0.00273108	0.003	0.01	97	0	97	97	
0.4	0.5	24	730	1	4	100	6700	100	6700	0.003	0	0.003	0.003	67	0	67	67	
0.4	0.5	1	731	1	4	92	17756	92	17756	0.003	0	0.003	0.003	193	0	193	193	
0.4	0.5	24	732	11	4	100	16100	100	16100	0.003	0	0.003	0.003	161	0	161	161	
0.4	0.5	5	733	25	4	46	4462	47	4559	0.00359574	0.0019744	0.003	0.01	97	0	97	97	
0.4	0.5	5	734	35	4	48	9264	49	9457	0.003	0	0.003	0.003	193	0	193	193	
0.4	0.5	5	735	21	4	48	7344	48	7344	0.003	0	0.003	0.003	153	0	153	153	
0.4	0.5	24	736	20	4	100	7700	100	7700	0.003	0	0.003	0.003	77	0	77	77	
0.4	0.5	1	737	21	4	64	6208	65	6305	0.00644615	0.00352682	0.003	0.01	97	0	97	97	
0.4	0.5	6	738	3	4	100	6700	100	6700	0.003	0	0.003	0.003	67	0	67	67	
0.4	0.5	25	739	17	4	100	6700	100	6700	0.003	0	0.003	0.003	67	0	67	67	
0.4	0.5	1	740	29	4	92	14076	92	14076	0.003	0	0.003	0.003	153	0	153	153	
0.4	0.5	5	741	14	4	41	6101	40	5940	0.0058	0.00347297	0.003	0.01	148.5	16.6826	125	161	
0.4	0.5	24	742	13	4	95	9075	95	9095	0.00329474	0.00141326	0.003	0.01	95.7368	4.89074	77	97	
0.4	0.5	43	743	10	4	100	56476	100	56100	0.003	0	0.003	0.003	561	188.947	373	749	
0.4	0.5	5	744	6	4	48	7728	48	7728	0.003	0	0.003	0.003	161	0	161	161	
0.4	0.5	5	745	13	4	50	8050	50	8050	0.003	0	0.003	0.003	161	0	161	161	
0.4	0.5	30	746	3	4	100	10100	100	10100	0.003	0	0.003	0.003	101	0	101	101	
0.4	0.5	25	747	11	4	100	12499	100	12499	0.003	0	0.003	0.003	124.99	0.1	124	125	
0.4	0.5	5	748	24	4	47	3149	47	3149	0.003	0	0.003	0.003	67	0	67	67	
0.4	0.5	5	749	3	4	47	12606	47	12606	0.003	0	0.003	0.003	268.213	5.24999	233	269	
0.4	0.5	5	750	27	4	40	6120	40	6120	0.005625	0.00343203	0.003	0.01	153	0	153	153	
