% start	end	CellId	IMSI	RNTI	LCID	nTxPDUs	TxBytes	nRxPDUs	RxBytes	delay	stdDev	min	max	PduSize	stdDev	min	max
0.4	0.5	15	1	7	4	100	69299	100	69299	0.003	0	0.003	0.003	692.99	0.1	692	693	
0.4	0.5	7	2	4	4	65	7761	64	7636	0.00682812	0.00351213	0.003	0.01	119.312	11.3541	97	125	
0.4	0.5	6	3	19	4	100	7700	100	7700	0.003	0	0.003	0.003	77	0	77	77	
0.4	0.5	37	4	15	4	67	3283	66	3234	0.00310606	0.00086164	0.003	0.01	49	0	49	49	
0.4	0.5	5	5	13	4	42	5250	42	5250	0.003	0	0.003	0.003	125	0	125	125	
0.4	0.5	36	6	3	4	100	32500	100	32500	0.003	0	0.003	0.003	325	0	325	325	
0.4	0.5	21	7	5	4	100	15924	100	15924	0.003	0	0.003	0.003	159.24	30.7236	153	309	
0.4	0.5	5	8	41	4	33	4069	33	4069	0.00490909	0.00316587	0.003	0.01	123.303	6.78456	97	125	
0.4	0.5	48	9	8	4	100	15699	100	15699	0.003	0	0.003	0.003	156.99	0.1	156	157	
0.4	0.5	47	10	7	4	71	7466	68	7075	0.00598529	0.00348769	0.003	0.01	104.044	38.1409	76	157	
0.4	0.5	37	11	8	4	68	10948	67	10787	0.003	0	0.003	0.003	161	0	161	161	
0.4	0.5	34	12	20	4	100	6700	100	6700	0.003	0	0.003	0.003	67	0	67	67	
0.4	0.5	11	13	9	4	100	29296	100	29296	0.003	0	0.003	0.003	292.96	98.474	193	389	
0.4	0.5	52	14	14	4	59	4543	59	4543	0.00454237	0.00292623	0.003	0.01	77	0	77	77	
0.4	0.5	55	15	17	4	97	7469	96	7392	0.00321875	0.00122434	0.003	0.01	77	0	77	77	
0.4	0.5	9	16	2	4	100	43252	100	43380	0.003	0	0.003	0.003	433.8	29.4762	389	453	
0.4	0.5	39	17	24	4	81	2592	80	2560	0.0030875	0.000782624	0.003	0.01	32	0	32	32	
0.4	0.5	27	18	10	4	100	32500	100	32500	0.003	0	0.003	0.003	325	0	325	325	
0.4	0.5	11	19	1	4	100	56475	100	56475	0.003	0	0.003	0.003	564.75	188.899	373	749	
0.4	0.5	2	20	2	4	100	13700	100	13700	0.003	0	0.003	0.003	137	0	137	137	
0.4	0.5	53	21	5	4	100	40500	100	40500	0.003	0	0.003	0.003	405	0	405	405	
0.4	0.5	42	22	14	4	100	4976	100	4902	0.003	0	0.003	0.003	49.02	18.5336	32	69	
0.4	0.5	41	23	1	4	97	2134	97	2134	0.003	0	0.003	0.003	22	0	22	22	
0.4	0.5	9	24	8	4	100	105701	100	105779	0.003	0	0.003	0.003	1057.79	7.97255	1056	1095	
0.4	0.5	48	25	10	4	100	38900	100	38900	0.003	0	0.003	0.003	389	0	389	389	
0.4	0.5	39	26	6	4	81	12393	81	12393	0.003	0	0.003	0.003	153	0	153	153	
0.4	0.5	23	27	12	4	100	37300	100	37300	0.003	0	0.003	0.003	373	0	373	373	
0.4	0.5	55	28	11	4	100	12499	100	12499	0.003	0	0.003	0.003	124.99	0.1	124	125	
0.4	0.5	41	29	4	4	95	4653	95	4653	0.003	0	0.003	0.003	48.9789	0.205196	47	49	
0.4	0.5	4	30	1	4	100	24500	100	24600	0.003	0	0.003	0.003	246	50	201	301	
0.4	0.5	24	31	19	4	64	4758	68	5066	0.00670588	0.00351992	0.003	0.01	74.5	4.36232	67	77	
0.4	0.5	39	32	31	4	69	4973	70	5040	0.0049	0.00313535	0.003	0.01	72	5.0361	67	77	
0.4	0.5	2	33	7	4	100	10100	100	10100	0.003	0	0.003	0.003	101	0	101	101	
0.4	0.5	8	34	6	4	100	3198	100	3198	0.003	0	0.003	0.003	31.98	0.2	30	32	
0.4	0.5	31	35	5	4	100	40500	100	40500	0.003	0	0.003	0.003	405	0	405	405	
0.4	0.5	49	36	11	4	100	67732	100	67604	0.003	0	0.003	0.003	676.04	63.6889	621	749	
0.4	0.5	1	37	20	4	86	23134	86	23134	0.003	0	0.003	0.003	269	0	269	269	
0.4	0.5	27	38	4	4	50	19450	52	20228	0.00973077	0.00135929	0.003	0.01	389	0	389	389	
0.4	0.5	17	39	5	4	100	105600	100	105600	0.003	0	0.003	0.003	1056	0	1056	1056	
0.4	0.5	28	40	6	4	52	9276	55	9823	0.00923636	0.00220239	0.003	0.01	178.6	23.0246	125	193	
0.4	0.5	47	41	11	4	63	5251	60	5010	0.0072	0.00345823	0.003	0.01	83.5	22.157	67	157	
0.4	0.5	39	42	29	4	80	18640	80	18640	0.003	0	0.003	0.003	233	0	233	233	
0.4	0.5	3	43	4	4	100	20900	100	20900	0.003	0	0.003	0.003	209	0	209	209	
0.4	0.5	21	44	6	4	100	5108	100	5108	0.003	0	0.003	0.003	51.08	10.2412	49	101	
0.4	0.5	46	45	7	4	100	53300	100	53300	0.003	0	0.003	0.003	533	0	533	533	
0.4	0.5	46	46	6	4	100	25298	100	25298	0.003	0	0.003	0.003	252.98	0.2	251	253	
0.4	0.5	13	47	9	4	100	30900	100	30900	0.003	0	0.003	0.003	309	0	309	309	
0.4	0.5	39	48	30	4	83	5561	82	5494	0.003	0	0.003	0.003	67	0	67	67	
0.4	0.5	20	49	7	4	100	74900	100	74900	0.003	0	0.003	0.003	749	0	749	749	
0.4	0.5	37	50	34	4	68	10948	67	10787	0.003	0	0.003	0.003	161	0	161	161	
0.4	0.5	37	51	23	4	67	6498	68	6595	0.003	0	0.003	0.003	96.9853	0.121268	96	97	
0.4	0.5	40	52	4	4	96	85820	96	85820	0.00329167	0.00140613	0.003	0.01	893.958	62.3119	469	903	
0.4	0.5	1	53	9	4	86	10750	85	10625	0.003	0	0.003	0.003	125	0	125	125	
0.4	0.5	24	54	17	4	92	7084	92	7084	0.00360869	0.00198321	0.003	0.01	77	0	77	77	
0.4	0.5	16	55	7	4	100	13652	100	13756	0.003	0	0.003	0.003	137.56	50.9815	97	201	
0.4	0.5	34	56	22	4	100	18084	100	18084	0.003	0	0.003	0.003	180.84	15.6106	161	193	
0.4	0.5	23	57	16	4	99	5877	99	5859	0.00307071	0.000703526	0.003	0.01	59.1818	8.96747	49	67	
0.4	0.5	36	58	11	4	100	32498	100	32498	0.003	0	0.003	0.003	324.98	0.2	323	325	
0.4	0.5	39	59	26	4	62	4724	61	4647	0.00644262	0.00352857	0.003	0.01	76.1803	2.76591	67	77	
0.4	0.5	37	60	3	4	67	10251	68	10404	0.003	0	0.003	0.003	153	0	153	153	
0.4	0.5	6	61	5	4	100	6700	100	6700	0.003	0	0.003	0.003	67	0	67	67	
0.4	0.5	52	62	25	4	71	19099	72	19368	0.003	0	0.003	0.003	269	0	269	269	
0.4	0.5	41	63	19	4	88	5104	88	5086	0.003875	0.0023283	0.003	0.01	57.7955	9.04924	49	67	
0.4	0.5	16	64	11	4	99	50839	99	51215	0.00307071	0.000703526	0.003	0.01	517.323	183.787	373	749	
0.4	0.5	46	65	9	4	80	16080	77	15477	0.00490909	0.00313798	0.003	0.01	201	0	201	201	
0.4	0.5	17	66	3	4	100	105600	100	105600	0.003	0	0.003	0.003	1056	0	1056	1056	
0.4	0.5	39	67	27	4	83	19339	82	19106	0.003	0	0.003	0.003	233	0	233	233	
0.4	0.5	39	68	4	4	83	5561	83	5561	0.003	0	0.003	0.003	67	0	67	67	
0.4	0.5	46	69	5	4	100	25298	100	25298	0.003	0	0.003	0.003	252.98	0.2	251	253	
0.4	0.5	52	70	31	4	72	9000	72	9000	0.003	0	0.003	0.003	125	0	125	125	
0.4	0.5	39	71	21	4	78	12558	77	12397	0.00354545	0.00188865	0.003	0.01	161	0	161	161	
0.4	0.5	55	72	3	4	100	37297	100	37297	0.003	0	0.003	0.003	372.97	0.171447	372	373	
0.4	0.5	23	73	7	4	100	12500	100	12500	0.003	0	0.003	0.003	125	0	125	125	
0.4	0.5	23	74	1	4	100	6700	100	6700	0.003	0	0.003	0.003	67	0	67	67	
0.4	0.5	25	75	3	4	100	20300	100	20300	0.003	0	0.003	0.003	203	14.0705	201	301	
0.4	0.5	43	76	8	4	100	31828	100	31828	0.003	0	0.003	0.003	318.28	7.93672	309	325	
0.4	0.5	55	77	18	4	100	3199	98	3135	0.003	0	0.003	0.003	31.9898	0.101015	31	32	
0.4	0.5	41	78	15	4	98	3136	98	3136	0.003	0	0.003	0.003	32	0	32	32	
0.4	0.5	55	79	4	4	100	37300	100	37300	0.003	0	0.003	0.003	373	0	373	373	
0.4	0.5	21	80	3	4	100	38804	100	38804	0.003	0	0.003	0.003	388.04	74.0518	373	749	
0.4	0.5	39	81	23	4	79	15246	79	15246	0.00353164	0.00186627	0.003	0.01	192.987	0.112509	192	193	
0.4	0.5	10	82	13	4	98	12250	97	12125	0.00314433	0.000999893	0.003	0.01	125	0	125	125	
0.4	0.5	45	83	3	4	100	105600	100	105600	0.003	0	0.003	0.003	1056	0	1056	1056	
0.4	0.5	52	84	39	4	71	2272	70	2240	0.0031	0.00083666	0.003	0.01	32	0	32	32	
0.4	0.5	9	85	6	4	100	48500	100	48500	0.003	0	0.003	0.003	485	0	485	485	
0.4	0.5	50	86	4	4	100	80700	100	80700	0.003	0	0.003	0.003	807	0	807	807	
0.4	0.5	41	87	22	4	95	6365	96	6432	0.003	0	0.003	0.003	67	0	67	67	
0.4	0.5	44	88	12	4	100	74900	100	74900	0.003	0	0.003	0.003	749	0	749	749	
0.4	0.5	48	89	5	4	100	32500	100	32500	0.003	0	0.003	0.003	325	0	325	325	
0.4	0.5	19	90	6	4	100	74900	100	74900	0.003	0	0.003	0.003	749	0	749	749	
0.4	0.5	57	91	5	4	100	23300	100	23300	0.003	0	0.003	0.003	233	0	233	233	
0.4	0.5	39	92	25	4	82	2624	81	2592	0.003	0	0.003	0.003	32	0	32	32	
0.4	0.5	21	93	1	4	100	6980	100	6980	0.003	0	0.003	0.003	69.8	13.7862	67	137	
0.4	0.5	7	94	11	4	51	3927	49	3773	0.01	0	0.01	0.01	77	0	77	77	
0.4	0.5	46	95	11	4	100	38900	100	38900	0.003	0	0.003	0.003	389	0	389	389	
0.4	0.5	42	96	4	4	100	10059	100	9919	0.003	0	0.003	0.003	99.19	35.073	66	137	
0.4	0.5	18	97	5	4	100	25300	100	25300	0.003	0	0.003	0.003	253	0	253	253	
0.4	0.5	38	98	1	4	80	44510	80	44510	0.00475	0.00305021	0.003	0.01	556.375	54.1621	485	597	
0.4	0.5	37	99	20	4	67	3283	68	3332	0.003	0	0.003	0.003	49	0	49	49	
0.4	0.5	47	100	1	4	67	7111	64	6740	0.00660937	0.00352595	0.003	0.01	105.312	30.1388	77	201	
0.4	0.5	32	101	2	4	100	64500	100	64500	0.003	0	0.003	0.003	645	0	645	645	
0.4	0.5	37	102	19	4	67	4489	67	4489	0.003	0	0.003	0.003	67	0	67	67	
0.4	0.5	2	103	11	4	91	14287	91	14287	0.00369231	0.00210128	0.003	0.01	157	0	157	157	
0.4	0.5	49	104	4	4	100	46900	100	46900	0.003	0	0.003	0.003	469	0	469	469	
0.4	0.5	2	105	5	4	100	30788	100	30788	0.003	0	0.003	0.003	307.88	7.8795	253	309	
0.4	0.5	55	106	14	4	100	6700	100	6700	0.003	0	0.003	0.003	67	0	67	67	
0.4	0.5	36	107	5	4	100	25300	100	25300	0.003	0	0.003	0.003	253	0	253	253	
0.4	0.5	57	108	1	4	100	20900	100	20900	0.003	0	0.003	0.003	209	0	209	209	
0.4	0.5	30	109	10	4	98	15778	98	15778	0.00314286	0.000994832	0.003	0.01	161	0	161	161	
0.4	0.5	55	110	2	4	100	6700	100	6700	0.003	0	0.003	0.003	67	0	67	67	
0.4	0.5	21	111	11	4	100	6980	100	6980	0.003	0	0.003	0.003	69.8	13.7862	67	137	
0.4	0.5	21	112	9	4	100	6980	100	6980	0.003	0	0.003	0.003	69.8	13.7862	67	137	
0.4	0.5	1	113	1	4	85	25585	86	25886	0.003	0	0.003	0.003	301	0	301	301	
0.4	0.5	57	114	3	4	100	30100	100	30100	0.003	0	0.003	0.003	301	0	301	301	
0.4	0.5	55	115	10	4	100	6700	100	6700	0.003	0	0.003	0.003	67	0	67	67	
0.4	0.5	19	116	5	4	100	32499	100	32499	0.003	0	0.003	0.003	324.99	0.1	324	325	
0.4	0.5	13	117	2	4	100	15700	100	15700	0.003	0	0.003	0.003	157	0	157	157	
0.4	0.5	46	118	1	4	100	38900	100	38900	0.003	0	0.003	0.003	389	0	389	389	
0.4	0.5	12	119	2	4	100	74900	100	74900	0.003	0	0.003	0.003	749	0	749	749	
0.4	0.5	18	120	1	4	99	19899	99	19899	0.00307071	0.000703526	0.003	0.01	201	0	201	201	
0.4	0.5	5	121	26	4	32	3064	32	3064	0.0051875	0.0032965	0.003	0.01	95.75	4.91869	77	97	
0.4	0.5	37	122	2	4	68	8500	68	8500	0.003	0	0.003	0.003	125	0	125	125	
0.4	0.5	37	123	29	4	67	2144	67	2144	0.003	0	0.003	0.003	32	0	32	32	
0.4	0.5	28	124	8	4	100	26900	100	26900	0.003	0	0.003	0.003	269	0	269	269	
0.4	0.5	49	125	7	4	65	16389	64	15872	0.00682812	0.00351213	0.003	0.01	248	69.1793	157	309	
0.4	0.5	52	126	37	4	68	10948	68	10948	0.0035147	0.00184061	0.003	0.01	161	0	161	161	
0.4	0.5	34	127	25	4	100	15300	100	15300	0.003	0	0.003	0.003	153	0	153	153	
0.4	0.5	2	128	6	4	91	23023	92	23276	0.00368478	0.00209095	0.003	0.01	253	0	253	253	
0.4	0.5	7	129	15	4	100	37300	100	37300	0.003	0	0.003	0.003	373	0	373	373	
0.4	0.5	20	130	11	4	100	53300	100	53300	0.003	0	0.003	0.003	533	0	533	533	
0.4	0.5	30	131	12	4	87	13743	86	13582	0.00405814	0.00252216	0.003	0.01	157.93	3.91315	153	161	
0.4	0.5	51	132	6	4	100	38900	100	38900	0.003	0	0.003	0.003	389	0	389	389	
0.4	0.5	34	133	24	4	100	9700	100	9700	0.003	0	0.003	0.003	97	0	97	97	
0.4	0.5	50	134	7	4	100	69298	100	69298	0.003	0	0.003	0.003	692.98	0.2	691	693	
0.4	0.5	34	135	14	4	100	6700	100	6700	0.003	0	0.003	0.003	67	0	67	67	
0.4	0.5	37	136	6	4	67	5159	67	5159	0.003	0	0.003	0.003	77	0	77	77	
0.4	0.5	31	137	1	4	100	77500	100	77500	0.003	0	0.003	0.003	775	0	775	775	
0.4	0.5	38	138	5	4	100	80700	100	80700	0.003	0	0.003	0.003	807	0	807	807	
0.4	0.5	28	139	15	4	63	21395	67	22959	0.00686567	0.00350712	0.003	0.01	342.672	44.5973	269	373	
0.4	0.5	13	140	1	4	100	20100	100	20100	0.003	0	0.003	0.003	201	0	201	201	
0.4	0.5	8	141	7	4	98	36554	98	36554	0.00321428	0.00121205	0.003	0.01	373	0	373	373	
0.4	0.5	44	142	3	4	100	20100	100	20100	0.003	0	0.003	0.003	201	0	201	201	
0.4	0.5	42	143	11	4	100	18644	100	18388	0.003	0	0.003	0.003	183.88	64.1163	125	253	
0.4	0.5	38	144	3	4	100	43508	100	43508	0.003	0	0.003	0.003	435.08	28.8807	389	453	
0.4	0.5	28	145	16	4	99	12373	99	12373	0.00307071	0.000703526	0.003	0.01	124.98	0.201008	123	125	
0.4	0.5	37	146	28	4	68	4556	68	4556	0.003	0	0.003	0.003	67	0	67	67	
0.4	0.5	39	147	1	4	82	22058	82	22058	0.00334146	0.00151714	0.003	0.01	269	0	269	269	
0.4	0.5	30	148	9	4	100	12499	100	12499	0.003	0	0.003	0.003	124.99	0.1	124	125	
0.4	0.5	12	149	1	4	64	9888	64	9888	0.00704687	0.00348434	0.003	0.01	154.5	6.66667	137	157	
0.4	0.5	44	150	5	4	100	74900	100	74900	0.003	0	0.003	0.003	749	0	749	749	
0.4	0.5	25	151	5	4	100	24740	100	24740	0.003	0	0.003	0.003	247.4	27.9104	201	389	
0.4	0.5	37	152	12	4	68	3332	67	3283	0.003	0	0.003	0.003	49	0	49	49	
0.4	0.5	37	153	17	4	67	2737	67	2737	0.003	0	0.003	0.003	40.8507	8.53026	32	49	
0.4	0.5	24	154	14	4	100	9700	100	9700	0.003	0	0.003	0.003	97	0	97	97	
0.4	0.5	55	155	13	4	100	9700	100	9700	0.003	0	0.003	0.003	97	0	97	97	
0.4	0.5	28	156	2	4	97	6499	97	6499	0.00321649	0.00121815	0.003	0.01	67	0	67	67	
0.4	0.5	8	157	4	4	100	12500	100	12500	0.003	0	0.003	0.003	125	0	125	125	
0.4	0.5	41	158	25	4	93	4557	93	4557	0.00330107	0.00142787	0.003	0.01	49	0	49	49	
0.4	0.5	12	159	5	4	98	15385	99	15542	0.00314141	0.000989847	0.003	0.01	156.99	0.100504	156	157	
0.4	0.5	44	160	6	4	99	74151	99	74151	0.00307071	0.000703526	0.003	0.01	749	0	749	749	
0.4	0.5	4	161	4	4	100	65356	100	65630	0.003	0	0.003	0.003	656.3	137	533	807	
0.4	0.5	15	162	3	4	100	20900	100	20900	0.003	0	0.003	0.003	209	0	209	209	
0.4	0.5	42	163	12	4	100	7396	100	7292	0.003	0	0.003	0.003	72.92	26.0472	49	101	
0.4	0.5	39	164	14	4	75	5755	77	5909	0.00418182	0.00263941	0.003	0.01	76.7403	1.60101	67	77	
0.4	0.5	50	165	2	4	99	23067	99	23067	0.00307071	0.000703526	0.003	0.01	233	0	233	233	
0.4	0.5	42	166	7	4	100	11540	100	11380	0.003	0	0.003	0.003	113.8	40.0727	77	157	
0.4	0.5	41	167	6	4	95	11875	95	11875	0.003	0	0.003	0.003	125	0	125	125	
0.4	0.5	17	168	4	4	100	80700	100	80700	0.003	0	0.003	0.003	807	0	807	807	
0.4	0.5	23	169	13	4	100	6700	100	6700	0.003	0	0.003	0.003	67	0	67	67	
0.4	0.5	55	170	12	4	100	7700	100	7700	0.003	0	0.003	0.003	77	0	77	77	
0.4	0.5	37	171	10	4	68	2176	67	2144	0.003	0	0.003	0.003	32	0	32	32	
0.4	0.5	23	172	3	4	100	18147	100	18147	0.003	0	0.003	0.003	181.47	15.4302	161	193	
0.4	0.5	42	173	3	4	82	7664	82	7524	0.00453658	0.00291524	0.003	0.01	91.7561	33.6733	67	137	
0.4	0.5	54	174	1	4	100	62100	100	62100	0.003	0	0.003	0.003	621	0	621	621	
0.4	0.5	13	175	7	4	100	20100	100	20100	0.003	0	0.003	0.003	201	0	201	201	
0.4	0.5	11	176	7	4	100	10270	100	10270	0.003	0	0.003	0.003	102.7	35.1693	67	137	
0.4	0.5	41	177	14	4	94	9118	94	9118	0.003	0	0.003	0.003	97	0	97	97	
0.4	0.5	4	178	8	4	56	16004	58	16678	0.00843103	0.00294459	0.003	0.01	287.552	42.8703	201	309	
0.4	0.5	52	179	11	4	71	4757	72	4824	0.003	0	0.003	0.003	67	0	67	67	
0.4	0.5	52	180	29	4	72	9000	72	9000	0.003	0	0.003	0.003	125	0	125	125	
0.4	0.5	20	181	6	4	53	13357	54	13610	0.00909259	0.00237335	0.003	0.01	252.037	7.0763	201	253	
0.4	0.5	24	182	18	4	100	19300	100	19300	0.003	0	0.003	0.003	193	0	193	193	
0.4	0.5	19	183	4	4	100	20100	100	20100	0.003	0	0.003	0.003	201	0	201	201	
0.4	0.5	52	184	2	4	72	2303	71	2271	0.003	0	0.003	0.003	31.9859	0.118678	31	32	
0.4	0.5	23	185	2	4	100	37300	100	37300	0.003	0	0.003	0.003	373	0	373	373	
0.4	0.5	9	186	5	4	100	59476	100	59476	0.003	0	0.003	0.003	594.76	15.759	485	597	
0.4	0.5	21	187	2	4	100	38803	100	38803	0.003	0	0.003	0.003	388.03	74.054	372	749	
0.4	0.5	30	188	14	4	100	6700	100	6700	0.003	0	0.003	0.003	67	0	67	67	
0.4	0.5	10	189	8	4	99	9603	99	9603	0.00307071	0.000703526	0.003	0.01	97	0	97	97	
0.4	0.5	28	190	4	4	100	12500	100	12500	0.003	0	0.003	0.003	125	0	125	125	
0.4	0.5	37	191	11	4	67	15611	66	15378	0.003	0	0.003	0.003	233	0	233	233	
0.4	0.5	27	192	6	4	100	38900	100	38900	0.003	0	0.003	0.003	389	0	389	389	
0.4	0.5	55	193	21	4	100	9700	100	9700	0.003	0	0.003	0.003	97	0	97	97	
0.4	0.5	37	194	32	4	67	4489	67	4489	0.003	0	0.003	0.003	67	0	67	67	
0.4	0.5	41	195	2	4	94	4604	94	4604	0.00307447	0.000721995	0.003	0.01	48.9787	0.206284	47	49	
0.4	0.5	47	196	14	4	93	10121	93	10041	0.00352688	0.00185678	0.003	0.01	107.968	39.1781	77	157	
0.4	0.5	7	197	1	4	100	14124	100	14124	0.003	0	0.003	0.003	141.24	13.8893	125	153	
0.4	0.5	12	198	9	4	94	14758	94	14758	0.00344681	0.00172032	0.003	0.01	157	0	157	157	
0.4	0.5	2	199	10	4	100	74900	100	74900	0.003	0	0.003	0.003	749	0	749	749	
0.4	0.5	54	200	6	4	100	27700	100	27700	0.003	0	0.003	0.003	277	0	277	277	
0.4	0.5	52	201	4	4	71	4757	71	4757	0.003	0	0.003	0.003	67	0	67	67	
0.4	0.5	9	202	3	4	100	35555	100	35555	0.003	0	0.003	0.003	355.55	42.9214	301	389	
0.4	0.5	19	203	9	4	100	25300	100	25300	0.003	0	0.003	0.003	253	0	253	253	
0.4	0.5	21	204	8	4	100	5107	100	5107	0.003	0	0.003	0.003	51.07	10.2438	48	101	
0.4	0.5	55	205	22	4	94	7236	94	7236	0.00344681	0.00172032	0.003	0.01	76.9787	0.206284	75	77	
0.4	0.5	34	206	6	4	99	12375	99	12375	0.00307071	0.000703526	0.003	0.01	125	0	125	125	
0.4	0.5	45	207	2	4	100	105600	100	105600	0.003	0	0.003	0.003	1056	0	1056	1056	
0.4	0.5	41	208	5	4	97	3104	97	3104	0.003	0	0.003	0.003	32	0	32	32	
0.4	0.5	6	209	13	4	100	19300	100	19300	0.003	0	0.003	0.003	193	0	193	193	
0.4	0.5	41	210	8	4	94	3008	93	2976	0.003	0	0.003	0.003	32	0	32	32	
0.4	0.5	56	211	4	4	100	59700	100	59700	0.003	0	0.003	0.003	597	0	597	597	
0.4	0.5	52	212	8	4	71	10863	72	11016	0.003	0	0.003	0.003	153	0	153	153	
0.4	0.5	34	213	23	4	100	9700	100	9700	0.003	0	0.003	0.003	97	0	97	97	
0.4	0.5	5	214	12	4	47	10951	47	10951	0.003	0	0.003	0.003	233	0	233	233	
0.4	0.5	36	215	4	4	100	13700	100	13700	0.003	0	0.003	0.003	137	0	137	137	
0.4	0.5	44	216	4	4	100	20100	100	20100	0.003	0	0.003	0.003	201	0	201	201	
0.4	0.5	41	217	16	4	94	4604	94	4604	0.003	0	0.003	0.003	48.9787	0.206284	47	49	
0.4	0.5	49	218	9	4	100	15700	100	15700	0.003	0	0.003	0.003	157	0	157	157	
0.4	0.5	8	219	1	4	100	4900	100	4900	0.003	0	0.003	0.003	49	0	49	49	
0.4	0.5	50	220	1	4	100	48500	100	48500	0.003	0	0.003	0.003	485	0	485	485	
0.4	0.5	30	221	15	4	100	9700	100	9700	0.003	0	0.003	0.003	97	0	97	97	
0.4	0.5	12	222	6	4	100	30899	100	30899	0.003	0	0.003	0.003	308.99	0.1	308	309	
0.4	0.5	9	223	1	4	100	38898	100	38898	0.003	0	0.003	0.003	388.98	0.2	387	389	
0.4	0.5	45	224	1	4	80	37280	80	37280	0.0048375	0.00309938	0.003	0.01	466	52.2409	389	501	
0.4	0.5	43	225	11	4	100	32499	100	32499	0.003	0	0.003	0.003	324.99	0.1	324	325	
0.4	0.5	30	226	13	4	86	8341	87	8438	0.00404598	0.00251002	0.003	0.01	96.9885	0.107211	96	97	
0.4	0.5	4	227	2	4	89	24541	90	24794	0.00393333	0.00239287	0.003	0.01	275.489	44.794	201	389	
0.4	0.5	47	228	6	4	89	45229	87	44107	0.00388506	0.00233987	0.003	0.01	506.977	181.115	373	749	
0.4	0.5	39	229	16	4	77	2324	76	2292	0.00318421	0.00112795	0.003	0.01	30.1579	3.90232	22	32	
0.4	0.5	25	230	2	4	100	28828	100	28828	0.003	0	0.003	0.003	288.28	33.7519	253	453	
0.4	0.5	16	231	10	4	100	17364	100	17492	0.003	0	0.003	0.003	174.92	62.7465	125	253	
0.4	0.5	43	232	9	4	100	31988	100	31988	0.003	0	0.003	0.003	319.88	7.50122	309	325	
0.4	0.5	57	233	2	4	100	20900	100	20899	0.003	0	0.003	0.003	208.99	0.1	208	209	
0.4	0.5	52	234	12	4	72	2304	73	2336	0.003	0	0.003	0.003	32	0	32	32	
0.4	0.5	46	235	2	4	100	13700	100	13700	0.003	0	0.003	0.003	137	0	137	137	
0.4	0.5	11	236	11	4	99	14803	99	14803	0.00307071	0.000703526	0.003	0.01	149.525	52.262	97	201	
0.4	0.5	7	237	14	4	100	37297	100	37297	0.003	0	0.003	0.003	372.97	0.222702	371	373	
0.4	0.5	37	238	39	4	67	2144	67	2144	0.003	0	0.003	0.003	32	0	32	32	
0.4	0.5	2	239	8	4	100	13700	100	13700	0.003	0	0.003	0.003	137	0	137	137	
0.4	0.5	10	240	9	4	100	37300	100	37300	0.003	0	0.003	0.003	373	0	373	373	
0.4	0.5	51	241	4	4	100	69300	100	69300	0.003	0	0.003	0.003	693	0	693	693	
0.4	0.5	18	242	4	4	100	38900	100	38900	0.003	0	0.003	0.003	389	0	389	389	
0.4	0.5	27	243	13	4	100	10100	100	10100	0.003	0	0.003	0.003	101	0	101	101	
0.4	0.5	51	244	7	4	100	69300	100	69300	0.003	0	0.003	0.003	693	0	693	693	
0.4	0.5	36	245	2	4	100	46900	100	46900	0.003	0	0.003	0.003	469	0	469	469	
0.4	0.5	16	246	2	4	100	32268	100	32504	0.003	0	0.003	0.003	325.04	115.689	233	469	
0.4	0.5	48	247	1	4	100	20100	100	20100	0.003	0	0.003	0.003	201	0	201	201	
0.4	0.5	16	248	5	4	100	42260	100	42578	0.003	0	0.003	0.003	425.78	156.841	301	621	
0.4	0.5	1	249	30	4	100	19300	100	19300	0.003	0	0.003	0.003	193	0	193	193	
0.4	0.5	34	250	18	4	100	19300	100	19300	0.003	0	0.003	0.003	193	0	193	193	
0.4	0.5	37	251	16	4	67	5159	67	5159	0.003	0	0.003	0.003	77	0	77	77	
0.4	0.5	8	252	10	4	100	19300	100	19300	0.003	0	0.003	0.003	193	0	193	193	
0.4	0.5	26	253	2	4	100	80699	100	80699	0.003	0	0.003	0.003	806.99	0.1	806	807	
0.4	0.5	47	254	2	4	74	32202	71	31011	0.00546479	0.0033672	0.003	0.01	436.775	134.118	301	749	
0.4	0.5	7	255	5	4	100	16100	100	16100	0.003	0	0.003	0.003	161	0	161	161	
0.4	0.5	10	256	14	4	100	37297	100	37297	0.003	0	0.003	0.003	372.97	0.222702	371	373	
0.4	0.5	20	257	5	4	100	38898	100	38898	0.003	0	0.003	0.003	388.98	0.2	387	389	
0.4	0.5	30	258	6	4	100	12500	100	12500	0.003	0	0.003	0.003	125	0	125	125	
0.4	0.5	18	259	6	4	100	13700	100	13700	0.003	0	0.003	0.003	137	0	137	137	
0.4	0.5	34	260	11	4	100	16100	100	16100	0.003	0	0.003	0.003	161	0	161	161	
0.4	0.5	39	261	32	4	81	12393	80	12240	0.003	0	0.003	0.003	153	0	153	153	
0.4	0.5	45	262	4	4	100	64500	100	64500	0.003	0	0.003	0.003	645	0	645	645	
0.4	0.5	7	263	16	4	94	8038	94	8018	0.00344681	0.00172032	0.003	0.01	85.2979	9.90691	77	97	
0.4	0.5	37	264	9	4	67	5158	66	5081	0.00321212	0.00120913	0.003	0.01	76.9848	0.123091	76	77	
0.4	0.5	10	265	15	4	85	10569	87	10819	0.00412644	0.00258711	0.003	0.01	124.356	4.22059	97	125	
0.4	0.5	34	266	1	4	100	4899	100	4899	0.003	0	0.003	0.003	48.99	0.1	48	49	
0.4	0.5	25	267	9	4	87	10443	87	10407	0.00404598	0.00251002	0.003	0.01	119.621	20.4401	101	209	
0.4	0.5	27	268	2	4	100	53298	100	53298	0.003	0	0.003	0.003	532.98	0.2	531	533	
0.4	0.5	10	269	1	4	100	7700	100	7700	0.003	0	0.003	0.003	77	0	77	77	
0.4	0.5	34	270	12	4	100	6700	100	6700	0.003	0	0.003	0.003	67	0	67	67	
0.4	0.5	36	271	7	4	100	53300	100	53300	0.003	0	0.003	0.003	533	0	533	533	
0.4	0.5	5	272	60	4	42	5250	42	5250	0.003	0	0.003	0.003	125	0	125	125	
0.4	0.5	17	273	1	4	100	50100	100	50100	0.003	0	0.003	0.003	501	0	501	501	
0.4	0.5	4	274	3	4	100	31284	100	31420	0.003	0	0.003	0.003	314.2	68	253	389	
0.4	0.5	56	275	8	4	100	38900	100	38900	0.003	0	0.003	0.003	389	0	389	389	
0.4	0.5	53	276	3	4	100	51700	100	51700	0.003	0	0.003	0.003	517	0	517	517	
0.4	0.5	37	277	4	4	68	2176	68	2176	0.003	0	0.003	0.003	32	0	32	32	
0.4	0.5	53	278	1	4	100	93500	100	93500	0.003	0	0.003	0.003	935	0	935	935	
0.4	0.5	25	279	1	4	91	18290	92	18491	0.00360869	0.00198321	0.003	0.01	200.989	0.104257	200	201	
0.4	0.5	41	280	26	4	95	7315	95	7315	0.003	0	0.003	0.003	77	0	77	77	
0.4	0.5	24	281	9	4	88	6774	88	6774	0.00395454	0.00241599	0.003	0.01	76.9773	0.213201	75	77	
0.4	0.5	5	282	25	4	42	4074	42	4074	0.003	0	0.003	0.003	97	0	97	97	
0.4	0.5	27	283	7	4	100	25300	100	25300	0.003	0	0.003	0.003	253	0	253	253	
0.4	0.5	48	284	3	4	64	12863	63	12662	0.00677778	0.00351698	0.003	0.01	200.984	0.125988	200	201	
0.4	0.5	52	285	6	4	71	5467	71	5467	0.003	0	0.003	0.003	77	0	77	77	
0.4	0.5	17	286	2	4	100	99900	100	99900	0.003	0	0.003	0.003	999	0	999	999	
0.4	0.5	12	287	8	4	100	20100	100	20100	0.003	0	0.003	0.003	201	0	201	201	
0.4	0.5	39	288	10	4	66	8250	66	8250	0.00554545	0.00339312	0.003	0.01	125	0	125	125	
0.4	0.5	47	289	4	4	100	37988	100	37724	0.003	0	0.003	0.003	377.24	130.498	269	533	
0.4	0.5	52	290	35	4	72	3528	71	3479	0.003	0	0.003	0.003	49	0	49	49	
0.4	0.5	48	291	9	4	100	46900	100	46900	0.003	0	0.003	0.003	469	0	469	469	
0.4	0.5	29	292	5	4	100	105600	100	105600	0.003	0	0.003	0.003	1056	0	1056	1056	
0.4	0.5	15	293	2	4	100	23300	100	23300	0.003	0	0.003	0.003	233	0	233	233	
0.4	0.5	42	294	5	4	55	6043	52	5504	0.00878846	0.00267403	0.003	0.01	105.846	33.1399	77	201	
0.4	0.5	55	295	9	4	100	4898	100	4898	0.003	0	0.003	0.003	48.98	0.2	47	49	
0.4	0.5	40	296	3	4	100	96700	100	96700	0.003	0	0.003	0.003	967	0	967	967	
0.4	0.5	8	297	8	4	99	6633	99	6633	0.00307071	0.000703526	0.003	0.01	67	0	67	67	
0.4	0.5	27	298	9	4	100	38900	100	38900	0.003	0	0.003	0.003	389	0	389	389	
0.4	0.5	26	299	8	4	100	48499	100	48499	0.003	0	0.003	0.003	484.99	0.1	484	485	
0.4	0.5	52	300	5	4	70	6790	70	6790	0.003	0	0.003	0.003	97	0	97	97	
0.4	0.5	29	301	1	4	100	38899	100	38899	0.003	0	0.003	0.003	388.99	0.1	388	389	
0.4	0.5	50	302	5	4	100	20900	100	20900	0.003	0	0.003	0.003	209	0	209	209	
0.4	0.5	7	303	6	4	100	26900	100	26900	0.003	0	0.003	0.003	269	0	269	269	
0.4	0.5	11	304	3	4	49	6125	51	6375	0.01	0	0.01	0.01	125	0	125	125	
0.4	0.5	37	305	36	4	68	5236	68	5236	0.003	0	0.003	0.003	77	0	77	77	
0.4	0.5	18	306	7	4	100	13700	100	13700	0.003	0	0.003	0.003	137	0	137	137	
0.4	0.5	18	307	3	4	71	17963	69	17457	0.00604348	0.00349552	0.003	0.01	253	0	253	253	
0.4	0.5	49	308	2	4	98	15385	98	15385	0.00314286	0.000994832	0.003	0.01	156.99	0.101015	156	157	
0.4	0.5	34	309	15	4	99	7622	99	7622	0.00307071	0.000703526	0.003	0.01	76.9899	0.100504	76	77	
0.4	0.5	10	310	2	4	100	19300	100	19300	0.003	0	0.003	0.003	193	0	193	193	
0.4	0.5	21	311	10	4	96	4704	96	4704	0.00329167	0.00140613	0.003	0.01	49	0	49	49	
0.4	0.5	12	312	3	4	100	25300	100	25300	0.003	0	0.003	0.003	253	0	253	253	
0.4	0.5	52	313	34	4	72	26856	71	26483	0.003	0	0.003	0.003	373	0	373	373	
0.4	0.5	8	314	13	4	100	9700	100	9700	0.003	0	0.003	0.003	97	0	97	97	
0.4	0.5	38	315	4	4	100	65460	100	65460	0.003	0	0.003	0.003	654.6	47.2671	597	693	
0.4	0.5	5	316	1	4	41	9553	41	9553	0.00334146	0.00152659	0.003	0.01	233	0	233	233	
0.4	0.5	16	317	9	4	100	13652	100	13756	0.003	0	0.003	0.003	137.56	50.9815	97	201	
0.4	0.5	20	318	1	4	100	20099	100	20099	0.003	0	0.003	0.003	200.99	0.1	200	201	
0.4	0.5	7	319	8	4	100	26900	100	26900	0.003	0	0.003	0.003	269	0	269	269	
0.4	0.5	46	320	4	4	100	13700	100	13700	0.003	0	0.003	0.003	137	0	137	137	
0.4	0.5	2	321	4	4	100	25300	100	25300	0.003	0	0.003	0.003	253	0	253	253	
0.4	0.5	52	322	42	4	72	5544	71	5467	0.003	0	0.003	0.003	77	0	77	77	
0.4	0.5	54	323	2	4	100	62100	100	62100	0.003	0	0.003	0.003	621	0	621	621	
0.4	0.5	28	324	1	4	100	4900	100	4900	0.003	0	0.003	0.003	49	0	49	49	
0.4	0.5	29	325	3	4	100	77499	100	77499	0.003	0	0.003	0.003	774.99	0.1	774	775	
0.4	0.5	36	326	8	4	100	25300	100	25300	0.003	0	0.003	0.003	253	0	253	253	
0.4	0.5	38	327	7	4	100	69300	100	69300	0.003	0	0.003	0.003	693	0	693	693	
0.4	0.5	28	328	14	4	100	37300	100	37300	0.003	0	0.003	0.003	373	0	373	373	
0.4	0.5	38	329	6	4	90	98550	90	98550	0.00377778	0.00221221	0.003	0.01	1095	0	1095	1095	
0.4	0.5	22	330	1	4	100	38900	100	38900	0.003	0	0.003	0.003	389	0	389	389	
0.4	0.5	8	331	3	4	100	4900	100	4900	0.003	0	0.003	0.003	49	0	49	49	
0.4	0.5	44	332	2	4	49	19061	51	19839	0.01	0	0.01	0.01	389	0	389	389	
0.4	0.5	41	333	7	4	91	7007	91	7007	0.00353846	0.00187562	0.003	0.01	77	0	77	77	
0.4	0.5	47	334	12	4	100	53092	100	52716	0.003	0	0.003	0.003	527.16	185.861	373	749	
0.4	0.5	6	335	7	4	96	9312	96	9312	0.00329167	0.00140613	0.003	0.01	97	0	97	97	
0.4	0.5	29	336	2	4	65	52455	66	53262	0.00681818	0.00351222	0.003	0.01	807	0	807	807	
0.4	0.5	30	337	7	4	99	9603	99	9603	0.00307071	0.000703526	0.003	0.01	97	0	97	97	
0.4	0.5	1	338	22	4	89	14329	89	14329	0.00386517	0.00231689	0.003	0.01	161	0	161	161	
0.4	0.5	57	339	4	4	100	105600	100	105600	0.003	0	0.003	0.003	1056	0	1056	1056	
0.4	0.5	55	340	20	4	100	19300	100	19300	0.003	0	0.003	0.003	193	0	193	193	
0.4	0.5	56	341	5	4	100	90300	100	90300	0.003	0	0.003	0.003	903	0	903	903	
0.4	0.5	37	342	22	4	67	5159	68	5236	0.003	0	0.003	0.003	77	0	77	77	
0.4	0.5	20	343	10	4	100	30564	100	30564	0.003	0	0.003	0.003	305.64	13.3663	253	309	
0.4	0.5	31	344	2	4	100	62100	100	62100	0.003	0	0.003	0.003	621	0	621	621	
0.4	0.5	14	345	3	4	100	105600	100	105600	0.003	0	0.003	0.003	1056	0	1056	1056	
0.4	0.5	42	346	1	4	100	55348	100	54596	0.003	0	0.003	0.003	545.96	188.342	373	749	
0.4	0.5	31	347	4	4	100	64500	100	64500	0.003	0	0.003	0.003	645	0	645	645	
0.4	0.5	18	348	10	4	100	13700	100	13700	0.003	0	0.003	0.003	137	0	137	137	
0.4	0.5	37	349	35	4	68	3332	68	3332	0.003	0	0.003	0.003	49	0	49	49	
0.4	0.5	21	350	13	4	100	13012	100	13012	0.003	0	0.003	0.003	130.12	25.2091	125	253	
0.4	0.5	22	351	5	4	100	77500	100	77500	0.003	0	0.003	0.003	775	0	775	775	
0.4	0.5	55	352	6	4	100	4898	100	4898	0.003	0	0.003	0.003	48.98	0.2	47	49	
0.4	0.5	13	353	5	4	100	20100	100	20100	0.003	0	0.003	0.003	201	0	201	201	
0.4	0.5	35	354	4	4	78	28862	78	28862	0.00497436	0.00317038	0.003	0.01	370.026	43.3431	317	405	
0.4	0.5	47	355	5	4	100	53092	100	52716	0.003	0	0.003	0.003	527.16	185.861	373	749	
0.4	0.5	50	356	6	4	100	48500	100	48500	0.003	0	0.003	0.003	485	0	485	485	
0.4	0.5	18	357	9	4	100	74900	100	74900	0.003	0	0.003	0.003	749	0	749	749	
0.4	0.5	6	358	6	4	100	16100	100	16100	0.003	0	0.003	0.003	161	0	161	161	
0.4	0.5	41	359	9	4	98	6566	98	6566	0.003	0	0.003	0.003	67	0	67	67	
0.4	0.5	41	360	20	4	90	6930	89	6853	0.00347191	0.00176513	0.003	0.01	77	0	77	77	
0.4	0.5	23	361	4	4	100	12500	100	12500	0.003	0	0.003	0.003	125	0	125	125	
0.4	0.5	27	362	12	4	100	30900	100	30900	0.003	0	0.003	0.003	309	0	309	309	
0.4	0.5	41	363	21	4	97	6499	97	6499	0.003	0	0.003	0.003	67	0	67	67	
0.4	0.5	41	364	13	4	98	4802	98	4802	0.003	0	0.003	0.003	49	0	49	49	
0.4	0.5	15	365	5	4	100	38899	100	38899	0.003	0	0.003	0.003	388.99	0.1	388	389	
0.4	0.5	57	366	7	4	100	105600	100	105600	0.003	0	0.003	0.003	1056	0	1056	1056	
0.4	0.5	4	367	9	4	93	22693	94	22994	0.00352128	0.00184757	0.003	0.01	244.617	49.8568	201	301	
0.4	0.5	5	368	21	4	37	4121	37	4121	0.00508108	0.00324361	0.003	0.01	111.378	14.1879	97	125	
0.4	0.5	16	369	12	4	63	5251	64	5408	0.00715625	0.0034651	0.003	0.01	84.5	23.5028	77	157	
0.4	0.5	10	370	5	4	100	7700	100	7700	0.003	0	0.003	0.003	77	0	77	77	
0.4	0.5	16	371	4	4	82	8233	82	8393	0.00445122	0.00285516	0.003	0.01	102.354	37.4381	77	157	
0.4	0.5	28	372	7	4	100	16099	100	16099	0.003	0	0.003	0.003	160.99	0.1	160	161	
0.4	0.5	23	373	15	4	60	21452	62	22126	0.00751613	0.00337659	0.003	0.01	356.871	32.0161	269	373	
0.4	0.5	11	374	2	4	98	9996	98	9996	0.00314286	0.000994832	0.003	0.01	102	35.1799	67	137	
0.4	0.5	1	375	10	4	86	32078	85	31705	0.003	0	0.003	0.003	373	0	373	373	
0.4	0.5	48	376	6	4	90	28674	91	28999	0.00384615	0.00229455	0.003	0.01	318.67	7.86703	309	325	
0.4	0.5	39	377	3	4	79	3869	79	3869	0.003	0	0.003	0.003	48.9747	0.225018	47	49	
0.4	0.5	7	378	13	4	56	6860	54	6610	0.0087037	0.00274467	0.003	0.01	122.407	8.19231	97	125	
0.4	0.5	26	379	7	4	100	30100	100	30100	0.003	0	0.003	0.003	301	0	301	301	
0.4	0.5	52	380	30	4	72	5544	72	5544	0.003	0	0.003	0.003	77	0	77	77	
0.4	0.5	44	381	9	4	100	25300	100	25300	0.003	0	0.003	0.003	253	0	253	253	
0.4	0.5	34	382	10	4	100	6700	100	6700	0.003	0	0.003	0.003	67	0	67	67	
0.4	0.5	28	383	3	4	100	7698	100	7698	0.003	0	0.003	0.003	76.98	0.2	75	77	
0.4	0.5	3	384	6	4	100	59700	100	59700	0.003	0	0.003	0.003	597	0	597	597	
0.4	0.5	42	385	2	4	57	11909	55	11147	0.00834545	0.00300135	0.003	0.01	202.673	57.0364	153	389	
0.4	0.5	56	386	7	4	100	69300	100	69300	0.003	0	0.003	0.003	693	0	693	693	
0.4	0.5	31	387	3	4	100	62096	100	62096	0.003	0	0.003	0.003	620.96	0.196946	620	621	
0.4	0.5	33	388	2	4	100	105600	100	105600	0.003	0	0.003	0.003	1056	0	1056	1056	
0.4	0.5	8	389	9	4	100	15300	100	15300	0.003	0	0.003	0.003	153	0	153	153	
0.4	0.5	24	390	4	4	100	9700	100	9700	0.003	0	0.003	0.003	97	0	97	97	
0.4	0.5	28	391	13	4	100	23300	100	23300	0.003	0	0.003	0.003	233	0	233	233	
0.4	0.5	23	392	14	4	100	14068	100	14068	0.003	0	0.003	0.003	140.68	13.9689	125	153	
0.4	0.5	32	393	3	4	100	50100	100	50100	0.003	0	0.003	0.003	501	0	501	501	
0.4	0.5	23	394	6	4	99	12375	99	12375	0.00307071	0.000703526	0.003	0.01	125	0	125	125	
0.4	0.5	25	395	6	4	100	13844	100	13844	0.003	0	0.003	0.003	138.44	10.1308	137	209	
0.4	0.5	52	396	26	4	70	4690	71	4757	0.003	0	0.003	0.003	67	0	67	67	
0.4	0.5	33	397	1	4	100	105600	100	105600	0.003	0	0.003	0.003	1056	0	1056	1056	
0.4	0.5	24	398	2	4	100	12500	100	12500	0.003	0	0.003	0.003	125	0	125	125	
0.4	0.5	48	399	12	4	100	25300	100	25300	0.003	0	0.003	0.003	253	0	253	253	
0.4	0.5	52	400	3	4	69	8625	68	8500	0.00320588	0.0011915	0.003	0.01	125	0	125	125	
0.4	0.5	3	401	2	4	100	38900	100	38900	0.003	0	0.003	0.003	389	0	389	389	
0.4	0.5	19	402	8	4	100	31860	100	31860	0.003	0	0.003	0.003	318.6	7.87786	309	325	
0.4	0.5	53	403	6	4	100	93500	100	93500	0.003	0	0.003	0.003	935	0	935	935	
0.4	0.5	16	404	8	4	100	17364	100	17492	0.003	0	0.003	0.003	174.92	62.7465	125	253	
0.4	0.5	52	405	27	4	70	11268	71	11429	0.00309859	0.000830747	0.003	0.01	160.972	0.237356	159	161	
0.4	0.5	15	406	6	4	100	48500	100	48500	0.003	0	0.003	0.003	485	0	485	485	
0.4	0.5	15	407	1	4	100	105600	100	105600	0.003	0	0.003	0.003	1056	0	1056	1056	
0.4	0.5	28	408	5	4	100	16100	100	16100	0.003	0	0.003	0.003	161	0	161	161	
0.4	0.5	14	409	2	4	64	32064	64	32064	0.00671875	0.00352077	0.003	0.01	501	0	501	501	
0.4	0.5	5	410	37	4	47	5875	47	5875	0.00314894	0.00102105	0.003	0.01	125	0	125	125	
0.4	0.5	30	411	1	4	100	6700	100	6700	0.003	0	0.003	0.003	67	0	67	67	
0.4	0.5	10	412	10	4	100	12500	100	12500	0.003	0	0.003	0.003	125	0	125	125	
0.4	0.5	36	413	9	4	80	11940	79	11783	0.00477215	0.00306322	0.003	0.01	149.152	9.82812	137	157	
0.4	0.5	52	414	15	4	69	6693	69	6693	0.0032029	0.00118296	0.003	0.01	97	0	97	97	
0.4	0.5	47	415	10	4	97	29005	97	28809	0.00321649	0.00121815	0.003	0.01	297	92.8314	193	469	
0.4	0.5	3	416	5	4	100	45298	100	45298	0.003	0	0.003	0.003	452.98	0.2	451	453	
0.4	0.5	34	417	19	4	100	3200	100	3200	0.003	0	0.003	0.003	32	0	32	32	
0.4	0.5	52	418	40	4	71	13703	71	13703	0.003	0	0.003	0.003	193	0	193	193	
0.4	0.5	48	419	2	4	52	8044	55	8515	0.00923636	0.00220239	0.003	0.01	154.818	6.29253	137	157	
0.4	0.5	31	420	6	4	100	51700	100	51700	0.003	0	0.003	0.003	517	0	517	517	
0.4	0.5	53	421	4	4	100	51700	100	51700	0.003	0	0.003	0.003	517	0	517	517	
0.4	0.5	30	422	11	4	100	6700	100	6700	0.003	0	0.003	0.003	67	0	67	67	
0.4	0.5	37	423	5	4	67	3283	67	3283	0.003	0	0.003	0.003	49	0	49	49	
0.4	0.5	13	424	6	4	100	15700	100	15700	0.003	0	0.003	0.003	157	0	157	157	
0.4	0.5	40	425	2	4	100	77499	100	77499	0.003	0	0.003	0.003	774.99	0.1	774	775	
0.4	0.5	48	426	7	4	100	13700	100	13700	0.003	0	0.003	0.003	137	0	137	137	
0.4	0.5	36	427	1	4	100	74900	100	74900	0.003	0	0.003	0.003	749	0	749	749	
0.4	0.5	4	428	5	4	100	56756	100	56980	0.003	0	0.003	0.003	569.8	112	469	693	
0.4	0.5	54	429	4	4	100	51698	100	51698	0.003	0	0.003	0.003	516.98	0.2	515	517	
0.4	0.5	5	430	45	4	42	15666	42	15666	0.003	0	0.003	0.003	373	0	373	373	
0.4	0.5	8	431	16	4	100	3198	100	3198	0.003	0	0.003	0.003	31.98	0.2	30	32	
0.4	0.5	7	432	7	4	100	14124	100	14124	0.003	0	0.003	0.003	141.24	13.8893	125	153	
0.4	0.5	51	433	3	4	49	11417	51	11883	0.01	0	0.01	0.01	233	0	233	233	
0.4	0.5	52	434	13	4	71	5467	72	5544	0.003	0	0.003	0.003	77	0	77	77	
0.4	0.5	27	435	1	4	100	62100	100	62100	0.003	0	0.003	0.003	621	0	621	621	
0.4	0.5	2	436	9	4	100	38900	100	38900	0.003	0	0.003	0.003	389	0	389	389	
0.4	0.5	52	437	1	4	73	7081	72	6984	0.003	0	0.003	0.003	97	0	97	97	
0.4	0.5	39	438	9	4	78	5226	79	5293	0.003	0	0.003	0.003	67	0	67	67	
0.4	0.5	37	439	18	4	68	4556	68	4556	0.003	0	0.003	0.003	67	0	67	67	
0.4	0.5	51	440	8	4	74	81030	74	81030	0.00545946	0.00336456	0.003	0.01	1095	0	1095	1095	
0.4	0.5	39	441	22	4	82	5494	82	5494	0.003	0	0.003	0.003	67	0	67	67	
0.4	0.5	7	442	12	4	77	4817	77	4817	0.00509091	0.00322483	0.003	0.01	62.5584	7.81108	49	67	
0.4	0.5	26	443	3	4	100	48499	100	48499	0.003	0	0.003	0.003	484.99	0.1	484	485	
0.4	0.5	22	444	3	4	84	83916	85	84915	0.00431765	0.00275254	0.003	0.01	999	0	999	999	
0.4	0.5	40	445	1	4	100	89020	100	89020	0.003	0	0.003	0.003	890.2	38.5935	775	903	
0.4	0.5	56	446	3	4	100	80700	100	80700	0.003	0	0.003	0.003	807	0	807	807	
0.4	0.5	22	447	2	4	100	64500	100	64500	0.003	0	0.003	0.003	645	0	645	645	
0.4	0.5	37	448	14	4	68	6596	67	6499	0.003	0	0.003	0.003	97	0	97	97	
0.4	0.5	20	449	3	4	71	23075	71	23075	0.00585915	0.00346532	0.003	0.01	325	0	325	325	
0.4	0.5	30	450	3	4	55	12367	53	11901	0.0089434	0.00252994	0.003	0.01	224.547	21.1901	161	233	
0.4	0.5	13	451	8	4	100	53300	100	53300	0.003	0	0.003	0.003	533	0	533	533	
0.4	0.5	51	452	1	4	97	34917	96	34528	0.00329167	0.00140613	0.003	0.01	359.667	41.7014	301	389	
0.4	0.5	23	453	8	4	100	37300	100	37300	0.003	0	0.003	0.003	373	0	373	373	
0.4	0.5	7	454	9	4	100	23300	100	23300	0.003	0	0.003	0.003	233	0	233	233	
0.4	0.5	47	455	9	4	52	5068	51	5011	0.00931372	0.00210229	0.003	0.01	98.2549	18.0752	77	201	
0.4	0.5	20	456	9	4	100	53300	100	53300	0.003	0	0.003	0.003	533	0	533	533	
0.4	0.5	34	457	3	4	100	16100	100	16100	0.003	0	0.003	0.003	161	0	161	161	
0.4	0.5	39	458	20	4	80	6160	81	6237	0.003	0	0.003	0.003	77	0	77	77	
0.4	0.5	30	459	8	4	100	6700	100	6700	0.003	0	0.003	0.003	67	0	67	67	
0.4	0.5	38	460	2	4	100	45298	100	45298	0.003	0	0.003	0.003	452.98	0.2	451	453	
0.4	0.5	8	461	12	4	100	12500	100	12500	0.003	0	0.003	0.003	125	0	125	125	
0.4	0.5	49	462	6	4	100	13700	100	13698	0.003	0	0.003	0.003	136.98	0.2	135	137	
0.4	0.5	42	463	8	4	100	18644	100	18388	0.003	0	0.003	0.003	183.88	64.1163	125	253	
0.4	0.5	28	464	11	4	100	9700	100	9700	0.003	0	0.003	0.003	97	0	97	97	
0.4	0.5	19	465	11	4	100	74900	100	74900	0.003	0	0.003	0.003	749	0	749	749	
0.4	0.5	5	466	30	4	47	3149	48	3216	0.003	0	0.003	0.003	67	0	67	67	
0.4	0.5	8	467	5	4	96	7392	96	7392	0.00329167	0.00140613	0.003	0.01	77	0	77	77	
0.4	0.5	4	468	7	4	99	59513	100	60320	0.00307	0.0007	0.003	0.01	603.2	99.2654	469	807	
0.4	0.5	47	469	13	4	100	11060	100	10980	0.003	0	0.003	0.003	109.8	39.5449	77	157	
0.4	0.5	52	470	7	4	70	11270	71	11431	0.003	0	0.003	0.003	161	0	161	161	
0.4	0.5	57	471	6	4	72	16200	74	16666	0.00574324	0.00344054	0.003	0.01	225.216	11.3116	209	233	
0.4	0.5	9	472	4	4	64	15528	63	15179	0.00677778	0.00351698	0.003	0.01	240.937	32.4683	209	301	
0.4	0.5	8	473	11	4	100	37300	100	37300	0.003	0	0.003	0.003	373	0	373	373	
0.4	0.5	1	474	6	4	84	13524	85	13685	0.00308235	0.000759257	0.003	0.01	161	0	161	161	
0.4	0.5	39	475	15	4	82	6313	83	6390	0.003	0	0.003	0.003	76.988	0.109764	76	77	
0.4	0.5	42	476	13	4	100	10060	100	9920	0.003	0	0.003	0.003	99.2	35.0636	67	137	
0.4	0.5	5	477	50	4	42	15666	42	15666	0.003	0	0.003	0.003	373	0	373	373	
0.4	0.5	47	478	8	4	100	14068	100	13964	0.003	0	0.003	0.003	139.64	51.4084	97	201	
0.4	0.5	37	479	26	4	67	5159	68	5236	0.003	0	0.003	0.003	77	0	77	77	
0.4	0.5	37	480	37	4	68	4556	68	4556	0.003	0	0.003	0.003	67	0	67	67	
0.4	0.5	11	481	6	4	61	7789	60	7796	0.00743333	0.00340173	0.003	0.01	129.933	48.7866	97	201	
0.4	0.5	18	482	8	4	100	13700	100	13700	0.003	0	0.003	0.003	137	0	137	137	
0.4	0.5	20	483	8	4	100	30900	100	30900	0.003	0	0.003	0.003	309	0	309	309	
0.4	0.5	41	484	10	4	94	4604	94	4604	0.003	0	0.003	0.003	48.9787	0.206284	47	49	
0.4	0.5	41	485	12	4	94	4604	94	4604	0.003	0	0.003	0.003	48.9787	0.206284	47	49	
0.4	0.5	43	486	4	4	100	20100	100	20100	0.003	0	0.003	0.003	201	0	201	201	
0.4	0.5	16	487	6	4	99	22006	99	22170	0.00307071	0.000703526	0.003	0.01	223.939	80.1703	160	325	
0.4	0.5	46	488	10	4	100	46900	100	46900	0.003	0	0.003	0.003	469	0	469	469	
0.4	0.5	1	489	16	4	83	8051	82	7954	0.00453658	0.00291524	0.003	0.01	97	0	97	97	
0.4	0.5	35	490	6	4	100	105600	100	105600	0.003	0	0.003	0.003	1056	0	1056	1056	
0.4	0.5	21	491	7	4	100	13012	100	13012	0.003	0	0.003	0.003	130.12	25.2091	125	253	
0.4	0.5	14	492	1	4	100	99900	100	99900	0.003	0	0.003	0.003	999	0	999	999	
0.4	0.5	52	493	16	4	69	4623	70	4690	0.0031	0.00083666	0.003	0.01	67	0	67	67	
0.4	0.5	18	494	2	4	100	30900	100	30900	0.003	0	0.003	0.003	309	0	309	309	
0.4	0.5	34	495	13	4	100	26900	100	26900	0.003	0	0.003	0.003	269	0	269	269	
0.4	0.5	39	496	19	4	69	5283	72	5514	0.00504167	0.00320404	0.003	0.01	76.5833	2.01229	67	77	
0.4	0.5	29	497	4	4	98	34202	98	34202	0.00321428	0.00121205	0.003	0.01	349	0	349	349	
0.4	0.5	6	498	15	4	89	6813	89	6813	0.00386517	0.00231689	0.003	0.01	76.5506	2.08355	67	77	
0.4	0.5	37	499	7	4	68	4556	69	4623	0.0032029	0.00118296	0.003	0.01	67	0	67	67	
0.4	0.5	56	500	6	4	100	42484	100	42484	0.003	0	0.003	0.003	424.84	31.9288	389	453	
0.4	0.5	52	501	38	4	71	4757	70	4690	0.003	0	0.003	0.003	67	0	67	67	
0.4	0.5	49	502	8	4	100	74900	100	74900	0.003	0	0.003	0.003	749	0	749	749	
0.4	0.5	36	503	6	4	100	32500	100	32500	0.003	0	0.003	0.003	325	0	325	325	
0.4	0.5	43	504	5	4	100	13700	100	13700	0.003	0	0.003	0.003	137	0	137	137	
0.4	0.5	49	505	1	4	100	13700	100	13700	0.003	0	0.003	0.003	137	0	137	137	
0.4	0.5	43	506	3	4	100	13700	100	13700	0.003	0	0.003	0.003	137	0	137	137	
0.4	0.5	13	507	3	4	100	46899	100	46899	0.003	0	0.003	0.003	468.99	0.1	468	469	
0.4	0.5	52	508	36	4	64	6208	63	6111	0.00388889	0.00234941	0.003	0.01	97	0	97	97	
0.4	0.5	14	509	4	4	100	105600	100	105600	0.003	0	0.003	0.003	1056	0	1056	1056	
0.4	0.5	12	510	10	4	100	13698	100	13698	0.003	0	0.003	0.003	136.98	0.2	135	137	
0.4	0.5	37	511	21	4	67	15611	68	15844	0.003	0	0.003	0.003	233	0	233	233	
0.4	0.5	23	512	9	4	64	7468	65	7593	0.00698461	0.00349326	0.003	0.01	116.815	12.8341	97	125	
0.4	0.5	20	513	4	4	100	20100	100	20100	0.003	0	0.003	0.003	201	0	201	201	
0.4	0.5	7	514	3	4	89	19377	89	19377	0.00386517	0.00231689	0.003	0.01	217.719	19.5454	193	233	
0.4	0.5	55	515	19	4	100	19300	100	19300	0.003	0	0.003	0.003	193	0	193	193	
0.4	0.5	49	516	5	4	100	10100	100	10100	0.003	0	0.003	0.003	101	0	101	101	
0.4	0.5	34	517	21	4	100	15300	100	15300	0.003	0	0.003	0.003	153	0	153	153	
0.4	0.5	34	518	5	4	100	12499	100	12499	0.003	0	0.003	0.003	124.99	0.1	124	125	
0.4	0.5	44	519	8	4	100	13700	100	13700	0.003	0	0.003	0.003	137	0	137	137	
0.4	0.5	19	520	2	4	100	32500	100	32500	0.003	0	0.003	0.003	325	0	325	325	
0.4	0.5	14	521	5	4	100	105600	100	105600	0.003	0	0.003	0.003	1056	0	1056	1056	
0.4	0.5	56	522	2	4	100	45298	100	45298	0.003	0	0.003	0.003	452.98	0.2	451	453	
0.4	0.5	32	523	5	4	100	80700	100	80700	0.003	0	0.003	0.003	807	0	807	807	
0.4	0.5	8	524	2	4	100	9700	100	9700	0.003	0	0.003	0.003	97	0	97	97	
0.4	0.5	39	525	28	4	81	30213	80	29840	0.003	0	0.003	0.003	373	0	373	373	
0.4	0.5	55	526	7	4	100	23300	100	23300	0.003	0	0.003	0.003	233	0	233	233	
0.4	0.5	19	527	3	4	100	53298	100	53298	0.003	0	0.003	0.003	532.98	0.2	531	533	
0.4	0.5	10	528	12	4	98	7546	99	7623	0.00314141	0.000989847	0.003	0.01	77	0	77	77	
0.4	0.5	9	529	7	4	100	105600	100	105600	0.003	0	0.003	0.003	1056	0	1056	1056	
0.4	0.5	34	530	8	4	100	23294	100	23294	0.003	0	0.003	0.003	232.94	0.342893	231	233	
0.4	0.5	54	531	3	4	100	93500	100	93500	0.003	0	0.003	0.003	935	0	935	935	
0.4	0.5	28	532	12	4	100	9700	100	9700	0.003	0	0.003	0.003	97	0	97	97	
0.4	0.5	52	533	28	4	71	10863	72	11016	0.003	0	0.003	0.003	153	0	153	153	
0.4	0.5	55	534	16	4	100	7700	100	7700	0.003	0	0.003	0.003	77	0	77	77	
0.4	0.5	34	535	9	4	98	14042	98	14042	0.00314286	0.000994832	0.003	0.01	143.286	13.3964	125	153	
0.4	0.5	25	536	8	4	100	75592	100	75592	0.003	0	0.003	0.003	755.92	48.684	749	1095	
0.4	0.5	37	537	1	4	67	4489	67	4489	0.00310448	0.000855186	0.003	0.01	67	0	67	67	
0.4	0.5	39	538	13	4	83	30957	83	30955	0.003	0	0.003	0.003	372.952	0.26612	371	373	
0.4	0.5	16	539	1	4	100	26748	100	26944	0.003	0	0.003	0.003	269.44	96.0806	193	389	
0.4	0.5	27	540	3	4	100	15700	100	15700	0.003	0	0.003	0.003	157	0	157	157	
0.4	0.5	32	541	1	4	100	34900	100	34900	0.003	0	0.003	0.003	349	0	349	349	
0.4	0.5	8	542	15	4	100	4900	100	4900	0.003	0	0.003	0.003	49	0	49	49	
0.4	0.5	23	543	5	4	97	7469	95	7315	0.00322105	0.00123063	0.003	0.01	77	0	77	77	
0.4	0.5	41	544	18	4	95	18335	94	18142	0.003	0	0.003	0.003	193	0	193	193	
0.4	0.5	28	545	10	4	100	37300	100	37300	0.003	0	0.003	0.003	373	0	373	373	
0.4	0.5	37	546	33	4	68	4556	68	4556	0.003	0	0.003	0.003	67	0	67	67	
0.4	0.5	11	547	13	4	100	35336	100	35336	0.003	0	0.003	0.003	353.36	118.571	233	469	
0.4	0.5	52	548	41	4	72	6984	71	6887	0.003	0	0.003	0.003	97	0	97	97	
0.4	0.5	6	549	9	4	100	6700	100	6700	0.003	0	0.003	0.003	67	0	67	67	
0.4	0.5	35	550	5	4	87	105670	87	106580	0.00404598	0.00251002	0.003	0.01	1225.06	178.422	1056	1479	
0.4	0.5	11	551	12	4	98	28261	98	28261	0.00314286	0.000994832	0.003	0.01	288.378	96.6731	193	389	
0.4	0.5	22	552	4	4	100	77499	100	77499	0.003	0	0.003	0.003	774.99	0.1	774	775	
0.4	0.5	44	553	10	4	100	74900	100	74900	0.003	0	0.003	0.003	749	0	749	749	
0.4	0.5	24	554	21	4	100	7700	100	7700	0.003	0	0.003	0.003	77	0	77	77	
0.4	0.5	7	555	10	4	100	15300	100	15300	0.003	0	0.003	0.003	153	0	153	153	
0.4	0.5	55	556	15	4	100	4900	100	4900	0.003	0	0.003	0.003	49	0	49	49	
0.4	0.5	44	557	11	4	100	20100	100	20100	0.003	0	0.003	0.003	201	0	201	201	
0.4	0.5	23	558	11	4	77	6887	77	6867	0.00509091	0.00322483	0.003	0.01	89.1818	9.8525	75	97	
0.4	0.5	26	559	4	4	100	30100	100	30100	0.003	0	0.003	0.003	301	0	301	301	
0.4	0.5	24	560	13	4	87	8718	89	8996	0.00402247	0.00248622	0.003	0.01	101.079	9.95013	96	125	
0.4	0.5	52	561	33	4	73	11751	73	11751	0.003	0	0.003	0.003	160.973	0.234082	159	161	
0.4	0.5	7	562	2	4	100	6700	100	6700	0.003	0	0.003	0.003	67	0	67	67	
0.4	0.5	37	563	24	4	66	15378	67	15611	0.003	0	0.003	0.003	233	0	233	233	
0.4	0.5	49	564	3	4	100	74900	100	74900	0.003	0	0.003	0.003	749	0	749	749	
0.4	0.5	50	565	3	4	100	23300	100	23300	0.003	0	0.003	0.003	233	0	233	233	
0.4	0.5	41	566	11	4	98	6566	98	6566	0.003	0	0.003	0.003	67	0	67	67	
0.4	0.5	11	567	4	4	100	15004	100	15004	0.003	0	0.003	0.003	150.04	52.2515	97	201	
0.4	0.5	39	568	2	4	81	5427	80	5360	0.003	0	0.003	0.003	67	0	67	67	
0.4	0.5	10	569	6	4	100	12500	100	12500	0.003	0	0.003	0.003	125	0	125	125	
0.4	0.5	12	570	7	4	100	25300	100	25300	0.003	0	0.003	0.003	253	0	253	253	
0.4	0.5	54	571	5	4	100	51698	100	51698	0.003	0	0.003	0.003	516.98	0.2	515	517	
0.4	0.5	26	572	6	4	100	45300	100	45300	0.003	0	0.003	0.003	453	0	453	453	
0.4	0.5	39	573	12	4	77	28717	78	29090	0.00353846	0.00187736	0.003	0.01	372.949	0.274332	371	373	
0.4	0.5	27	574	8	4	51	16575	49	15925	0.01	0	0.01	0.01	325	0	325	325	
0.4	0.5	41	575	3	4	97	6499	97	6499	0.003	0	0.003	0.003	67	0	67	67	
0.4	0.5	37	576	27	4	67	3283	68	3332	0.003	0	0.003	0.003	49	0	49	49	
0.4	0.5	24	577	22	4	100	12500	100	12500	0.003	0	0.003	0.003	125	0	125	125	
0.4	0.5	10	578	7	4	100	37300	100	37300	0.003	0	0.003	0.003	373	0	373	373	
0.4	0.5	38	579	8	4	60	13570	59	13337	0.00774576	0.00329887	0.003	0.01	226.051	10.9441	209	233	
0.4	0.5	41	580	17	4	98	12248	98	12248	0.003	0	0.003	0.003	124.98	0.202031	123	125	
0.4	0.5	10	581	11	4	100	16098	100	16098	0.003	0	0.003	0.003	160.98	0.2	159	161	
0.4	0.5	19	582	1	4	84	62914	84	62916	0.00433333	0.00276525	0.003	0.01	749	0	749	749	
0.4	0.5	2	583	1	4	100	6900	100	6900	0.003	0	0.003	0.003	69	0	69	69	
0.4	0.5	3	584	3	4	100	30100	100	30100	0.003	0	0.003	0.003	301	0	301	301	
0.4	0.5	34	585	7	4	100	19300	100	19300	0.003	0	0.003	0.003	193	0	193	193	
0.4	0.5	55	586	8	4	89	14329	88	14168	0.003875	0.0023283	0.003	0.01	161	0	161	161	
0.4	0.5	13	587	4	4	91	23023	93	23529	0.00367742	0.00208077	0.003	0.01	253	0	253	253	
0.4	0.5	37	588	38	4	68	6596	68	6596	0.003	0	0.003	0.003	97	0	97	97	
0.4	0.5	28	589	9	4	100	23300	100	23300	0.003	0	0.003	0.003	233	0	233	233	
0.4	0.5	3	590	7	4	100	48500	100	48500	0.003	0	0.003	0.003	485	0	485	485	
0.4	0.5	52	591	43	4	72	2304	71	2272	0.003	0	0.003	0.003	32	0	32	32	
0.4	0.5	46	592	3	4	100	13698	100	13698	0.003	0	0.003	0.003	136.98	0.2	135	137	
0.4	0.5	12	593	4	4	100	30899	100	30899	0.003	0	0.003	0.003	308.99	0.1	308	309	
0.4	0.5	37	594	13	4	68	1496	67	1474	0.003	0	0.003	0.003	22	0	22	22	
0.4	0.5	10	595	3	4	100	19300	100	19300	0.003	0	0.003	0.003	193	0	193	193	
0.4	0.5	24	596	10	4	100	16100	100	16100	0.003	0	0.003	0.003	161	0	161	161	
0.4	0.5	35	597	2	4	60	18259	60	18260	0.00778333	0.00328371	0.003	0.01	304.333	18.7641	277	317	
0.4	0.5	16	598	13	4	100	13652	100	13756	0.003	0	0.003	0.003	137.56	50.9815	97	201	
0.4	0.5	11	599	8	4	100	23032	100	23032	0.003	0	0.003	0.003	230.32	76.9332	153	309	
0.4	0.5	10	600	4	4	100	19300	100	19300	0.003	0	0.003	0.003	193	0	193	193	
0.4	0.5	34	601	17	4	100	6700	100	6700	0.003	0	0.003	0.003	67	0	67	67	
0.4	0.5	55	602	23	4	100	16100	100	16100	0.003	0	0.003	0.003	161	0	161	161	
0.4	0.5	2	603	3	4	100	25300	100	25300	0.003	0	0.003	0.003	253	0	253	253	
0.4	0.5	39	604	8	4	70	13510	70	13510	0.0049	0.00313535	0.003	0.01	193	0	193	193	
0.4	0.5	2	605	12	4	100	53300	100	53300	0.003	0	0.003	0.003	533	0	533	533	
0.4	0.5	44	606	7	4	100	13700	100	13700	0.003	0	0.003	0.003	137	0	137	137	
0.4	0.5	26	607	1	4	100	30100	100	30100	0.003	0	0.003	0.003	301	0	301	301	
0.4	0.5	11	608	5	4	100	23256	100	23256	0.003	0	0.003	0.003	232.56	78.3773	153	309	
0.4	0.5	35	609	3	4	100	64500	100	64500	0.003	0	0.003	0.003	645	0	645	645	
0.4	0.5	36	610	10	4	100	10100	100	10100	0.003	0	0.003	0.003	101	0	101	101	
0.4	0.5	41	611	24	4	95	11873	96	11998	0.003	0	0.003	0.003	124.979	0.204124	123	125	
0.4	0.5	15	612	4	4	100	35380	99	34991	0.003	0	0.003	0.003	353.444	43.4018	301	389	
0.4	0.5	23	613	10	4	99	6633	99	6633	0.00307071	0.000703526	0.003	0.01	67	0	67	67	
0.4	0.5	55	614	1	4	100	6700	100	6700	0.003	0	0.003	0.003	67	0	67	67	
0.4	0.5	51	615	2	4	97	41381	97	41381	0.00321649	0.00121815	0.003	0.01	426.608	31.6684	389	453	
0.4	0.5	43	616	2	4	100	25300	100	25300	0.003	0	0.003	0.003	253	0	253	253	
0.4	0.5	39	617	5	4	81	13041	81	13041	0.003	0	0.003	0.003	161	0	161	161	
0.4	0.5	45	618	5	4	63	30331	62	29830	0.00717742	0.00346185	0.003	0.01	481.129	43.1359	389	501	
0.4	0.5	1	619	21	4	82	11510	82	11510	0.00334146	0.00151714	0.003	0.01	140.366	14.019	125	153	
0.4	0.5	41	620	23	4	97	3104	97	3104	0.003	0	0.003	0.003	32	0	32	32	
0.4	0.5	6	621	4	4	100	12500	100	12500	0.003	0	0.003	0.003	125	0	125	125	
0.4	0.5	26	622	5	4	100	48500	100	48500	0.003	0	0.003	0.003	485	0	485	485	
0.4	0.5	3	623	1	4	100	38900	100	38900	0.003	0	0.003	0.003	389	0	389	389	
0.4	0.5	46	624	8	4	100	13700	100	13700	0.003	0	0.003	0.003	137	0	137	137	
0.4	0.5	35	625	1	4	100	62100	100	62100	0.003	0	0.003	0.003	621	0	621	621	
0.4	0.5	49	626	12	4	100	20100	100	20100	0.003	0	0.003	0.003	201	0	201	201	
0.4	0.5	21	627	4	4	100	13012	100	13012	0.003	0	0.003	0.003	130.12	25.2091	125	253	
0.4	0.5	56	628	1	4	51	15351	51	15351	0.00986274	0.000980196	0.003	0.01	301	0	301	301	
0.4	0.5	30	629	2	4	100	16100	100	16100	0.003	0	0.003	0.003	161	0	161	161	
0.4	0.5	34	630	4	4	100	6700	100	6700	0.003	0	0.003	0.003	67	0	67	67	
0.4	0.5	13	631	10	4	100	30900	100	30900	0.003	0	0.003	0.003	309	0	309	309	
0.4	0.5	42	632	10	4	100	10060	100	9920	0.003	0	0.003	0.003	99.2	35.0636	67	137	
0.4	0.5	34	633	16	4	99	19107	99	19107	0.00307071	0.000703526	0.003	0.01	193	0	193	193	
0.4	0.5	27	634	5	4	100	20100	100	20100	0.003	0	0.003	0.003	201	0	201	201	
0.4	0.5	44	635	1	4	100	32500	100	32500	0.003	0	0.003	0.003	325	0	325	325	
0.4	0.5	48	636	11	4	100	20100	100	20100	0.003	0	0.003	0.003	201	0	201	201	
0.4	0.5	39	637	11	4	82	2624	82	2624	0.003	0	0.003	0.003	32	0	32	32	
0.4	0.5	11	638	10	4	97	14269	97	14269	0.00321649	0.00121815	0.003	0.01	147.103	51.4396	97	201	
0.4	0.5	6	639	17	4	100	6700	100	6700	0.003	0	0.003	0.003	67	0	67	67	
0.4	0.5	47	640	3	4	100	53092	100	52716	0.003	0	0.003	0.003	527.16	185.861	373	749	
0.4	0.5	49	641	10	4	100	15699	100	15699	0.003	0	0.003	0.003	156.99	0.1	156	157	
0.4	0.5	30	642	4	4	100	15300	100	15300	0.003	0	0.003	0.003	153	0	153	153	
0.4	0.5	21	643	12	4	100	15924	100	15924	0.003	0	0.003	0.003	159.24	30.7236	153	309	
0.4	0.5	6	644	14	4	100	23300	100	23300	0.003	0	0.003	0.003	233	0	233	233	
0.4	0.5	51	645	5	4	100	23300	100	23300	0.003	0	0.003	0.003	233	0	233	233	
0.4	0.5	52	646	10	4	71	4757	72	4824	0.003	0	0.003	0.003	67	0	67	67	
0.4	0.5	52	647	9	4	71	19099	72	19368	0.003	0	0.003	0.003	269	0	269	269	
0.4	0.5	24	648	6	4	90	11194	92	11444	0.00383696	0.00228361	0.003	0.01	124.391	4.10563	97	125	
0.4	0.5	16	649	3	4	100	13652	100	13756	0.003	0	0.003	0.003	137.56	50.9815	97	201	
0.4	0.5	32	650	4	4	100	38899	100	38899	0.003	0	0.003	0.003	388.99	0.1	388	389	
0.4	0.5	52	651	44	4	72	3528	71	3479	0.003	0	0.003	0.003	49	0	49	49	
0.4	0.5	19	652	7	4	100	25300	100	25300	0.003	0	0.003	0.003	253	0	253	253	
0.4	0.5	4	653	6	4	56	17408	57	17733	0.00852631	0.00287914	0.003	0.01	311.105	28.6666	253	325	
0.4	0.5	20	654	2	4	96	71904	97	72653	0.00328866	0.0013991	0.003	0.01	749	0	749	749	
0.4	0.5	19	655	10	4	100	30900	100	30900	0.003	0	0.003	0.003	309	0	309	309	
0.4	0.5	42	656	6	4	95	9375	95	9305	0.00329474	0.00141326	0.003	0.01	97.9474	34.949	67	137	
0.4	0.5	53	657	2	4	100	51700	100	51700	0.003	0	0.003	0.003	517	0	517	517	
0.4	0.5	39	658	7	4	84	1848	84	1848	0.003	0	0.003	0.003	22	0	22	22	
0.4	0.5	48	659	4	4	83	15493	85	15895	0.0044	0.00281662	0.003	0.01	187	20.6421	155	201	
0.4	0.5	37	660	25	4	67	4489	68	4556	0.003	0	0.003	0.003	67	0	67	67	
0.4	0.5	25	661	7	4	92	14518	91	14361	0.00353846	0.00187562	0.003	0.01	157.813	7.97205	155	233	
0.4	0.5	5	662	58	4	47	7191	47	7191	0.003	0	0.003	0.003	153	0	153	153	
0.4	0.5	1	663	29	4	86	5762	86	5762	0.003	0	0.003	0.003	67	0	67	67	
0.4	0.5	5	664	52	4	42	5838	42	5866	0.00383333	0.00229439	0.003	0.01	139.667	14.1536	125	153	
0.4	0.5	24	665	1	4	100	25388	100	25388	0.003	0	0.003	0.003	253.88	17.8576	233	269	
0.4	0.5	5	666	17	4	36	8388	35	8155	0.0042	0.0026767	0.003	0.01	233	0	233	233	
0.4	0.5	1	667	14	4	86	13846	85	13685	0.003	0	0.003	0.003	161	0	161	161	
0.4	0.5	6	668	18	4	100	16100	100	16100	0.003	0	0.003	0.003	161	0	161	161	
0.4	0.5	5	669	29	4	42	6762	43	6923	0.003	0	0.003	0.003	161	0	161	161	
0.4	0.5	5	670	14	4	38	3686	37	3589	0.00375676	0.0022036	0.003	0.01	97	0	97	97	
0.4	0.5	1	671	3	4	80	18640	81	18873	0.0034321	0.00169513	0.003	0.01	233	0	233	233	
0.4	0.5	1	672	12	4	100	9698	100	9698	0.003	0	0.003	0.003	96.98	0.2	95	97	
0.4	0.5	6	673	2	4	97	7469	97	7469	0.00321649	0.00121815	0.003	0.01	77	0	77	77	
0.4	0.5	5	674	19	4	43	6923	42	6762	0.003	0	0.003	0.003	161	0	161	161	
0.4	0.5	24	675	12	4	69	25737	66	24618	0.00628788	0.00352034	0.003	0.01	373	0	373	373	
0.4	0.5	5	676	15	4	47	17531	47	17531	0.003	0	0.003	0.003	373	0	373	373	
0.4	0.5	5	677	28	4	26	3250	27	3375	0.00714815	0.00350498	0.003	0.01	125	0	125	125	
0.4	0.5	24	678	20	4	100	21380	100	21380	0.003	0	0.003	0.003	213.8	20.0847	193	233	
0.4	0.5	6	679	10	4	97	12125	97	12125	0.00321649	0.00121815	0.003	0.01	125	0	125	125	
0.4	0.5	5	680	3	4	47	5874	47	5874	0.003	0	0.003	0.003	124.979	0.145865	124	125	
0.4	0.5	30	681	5	4	100	6700	100	6700	0.003	0	0.003	0.003	67	0	67	67	
0.4	0.5	24	682	3	4	87	32451	88	32824	0.00403409	0.00249804	0.003	0.01	373	0	373	373	
0.4	0.5	6	683	16	4	100	9700	100	9700	0.003	0	0.003	0.003	97	0	97	97	
0.4	0.5	1	684	27	4	76	13580	76	13580	0.00392105	0.00238195	0.003	0.01	178.684	16.0168	161	193	
0.4	0.5	5	685	46	4	48	12912	48	12912	0.003	0	0.003	0.003	269	0	269	269	
0.4	0.5	5	686	11	4	42	11298	42	11298	0.003	0	0.003	0.003	269	0	269	269	
0.4	0.5	1	687	15	4	70	6790	69	6693	0.00452174	0.00290845	0.003	0.01	97	0	97	97	
0.4	0.5	5	688	23	4	43	5375	42	5250	0.003	0	0.003	0.003	125	0	125	125	
0.4	0.5	6	689	3	4	100	7700	100	7700	0.003	0	0.003	0.003	77	0	77	77	
0.4	0.5	5	690	48	4	42	15666	42	15666	0.003	0	0.003	0.003	373	0	373	373	
0.4	0.5	5	691	44	4	32	2108	32	2108	0.00496875	0.00319762	0.003	0.01	65.875	4.42682	49	67	
0.4	0.5	5	692	36	4	39	14546	40	14919	0.003525	0.00186723	0.003	0.01	372.975	0.158114	372	373	
0.4	0.5	5	693	2	4	42	5249	42	5249	0.003	0	0.003	0.003	124.976	0.154303	124	125	
0.4	0.5	5	694	5	4	42	2814	42	2814	0.003	0	0.003	0.003	67	0	67	67	
0.4	0.5	24	695	7	4	68	5236	66	5082	0.00639394	0.0035252	0.003	0.01	77	0	77	77	
0.4	0.5	5	696	10	4	33	5313	32	5152	0.00496875	0.00319762	0.003	0.01	161	0	161	161	
0.4	0.5	1	697	24	4	83	6391	82	6314	0.0032561	0.00132228	0.003	0.01	77	0	77	77	
0.4	0.5	1	698	4	4	100	9698	100	9698	0.003	0	0.003	0.003	96.98	0.2	95	97	
0.4	0.5	5	699	61	4	48	3216	47	3149	0.003	0	0.003	0.003	67	0	67	67	
0.4	0.5	1	700	5	4	85	31705	86	32078	0.003	0	0.003	0.003	373	0	373	373	
0.4	0.5	25	701	4	4	100	20300	100	20300	0.003	0	0.003	0.003	203	14.0705	201	301	
0.4	0.5	6	702	1	4	100	19300	100	19300	0.003	0	0.003	0.003	193	0	193	193	
0.4	0.5	24	703	11	4	100	19236	100	19236	0.003	0	0.003	0.003	192.36	4.50257	161	193	
0.4	0.5	5	704	9	4	32	2464	32	2464	0.0065	0.003556	0.003	0.01	77	0	77	77	
0.4	0.5	24	705	8	4	85	6545	86	6622	0.00422093	0.00267186	0.003	0.01	77	0	77	77	
0.4	0.5	1	706	11	4	86	5762	85	5695	0.003	0	0.003	0.003	67	0	67	67	
0.4	0.5	5	707	57	4	42	5250	42	5250	0.003	0	0.003	0.003	125	0	125	125	
0.4	0.5	5	708	27	4	33	3021	35	3215	0.0058	0.00347935	0.003	0.01	91.8571	8.86879	77	97	
0.4	0.5	1	709	26	4	100	12500	100	12500	0.003	0	0.003	0.003	125	0	125	125	
0.4	0.5	5	710	22	4	43	8299	42	8106	0.003	0	0.003	0.003	193	0	193	193	
0.4	0.5	5	711	56	4	42	5250	42	5250	0.003	0	0.003	0.003	125	0	125	125	
0.4	0.5	5	712	18	4	48	7728	48	7728	0.003	0	0.003	0.003	161	0	161	161	
0.4	0.5	5	713	7	4	29	2493	29	2493	0.00613793	0.00354284	0.003	0.01	85.9655	10.1224	77	97	
0.4	0.5	6	714	11	4	100	7700	100	7700	0.003	0	0.003	0.003	77	0	77	77	
0.4	0.5	5	715	51	4	41	15293	42	15666	0.00316667	0.00108012	0.003	0.01	373	0	373	373	
0.4	0.5	24	716	15	4	100	9700	100	9700	0.003	0	0.003	0.003	97	0	97	97	
0.4	0.5	1	717	7	4	84	16212	85	16405	0.00308235	0.000759257	0.003	0.01	193	0	193	193	
0.4	0.5	43	718	7	4	100	30964	100	30964	0.003	0	0.003	0.003	309.64	3.15114	309	325	
0.4	0.5	1	719	25	4	86	23134	86	23134	0.003	0	0.003	0.003	269	0	269	269	
0.4	0.5	5	720	6	4	47	14147	47	14147	0.003	0	0.003	0.003	301	0	301	301	
0.4	0.5	1	721	8	4	100	19300	100	19300	0.003	0	0.003	0.003	193	0	193	193	
0.4	0.5	5	722	38	4	42	6762	42	6762	0.003	0	0.003	0.003	161	0	161	161	
0.4	0.5	5	723	49	4	47	7191	47	7191	0.003	0	0.003	0.003	153	0	153	153	
0.4	0.5	43	724	1	4	100	74900	100	74900	0.003	0	0.003	0.003	749	0	749	749	
0.4	0.5	1	725	23	4	86	23134	86	23134	0.003	0	0.003	0.003	269	0	269	269	
0.4	0.5	1	726	19	4	86	6622	86	6622	0.003	0	0.003	0.003	77	0	77	77	
0.4	0.5	43	727	10	4	100	32500	100	32500	0.003	0	0.003	0.003	325	0	325	325	
0.4	0.5	5	728	39	4	42	5250	42	5250	0.003	0	0.003	0.003	125	0	125	125	
0.4	0.5	5	729	4	4	42	6426	42	6426	0.003	0	0.003	0.003	153	0	153	153	
0.4	0.5	5	730	43	4	46	4462	46	4462	0.00315217	0.00103209	0.003	0.01	97	0	97	97	
0.4	0.5	1	731	28	4	66	9370	67	9523	0.00508955	0.0032274	0.003	0.01	142.134	13.7476	125	153	
0.4	0.5	6	732	12	4	100	7700	100	7700	0.003	0	0.003	0.003	77	0	77	77	
0.4	0.5	5	733	42	4	42	15664	42	15664	0.003	0	0.003	0.003	372.952	0.21554	372	373	
0.4	0.5	24	734	5	4	99	15091	99	15091	0.00307071	0.000703526	0.003	0.01	152.434	3.95939	125	153	
0.4	0.5	5	735	40	4	47	5875	47	5875	0.003	0	0.003	0.003	125	0	125	125	
0.4	0.5	24	736	16	4	97	12123	97	12123	0.00321649	0.00121815	0.003	0.01	124.979	0.203069	123	125	
0.4	0.5	5	737	8	4	42	4073	42	4073	0.003	0	0.003	0.003	96.9762	0.154303	96	97	
0.4	0.5	1	738	2	4	77	12396	76	12235	0.00373684	0.00216252	0.003	0.01	160.987	0.114708	160	161	
0.4	0.5	5	739	54	4	42	6426	42	6426	0.003	0	0.003	0.003	153	0	153	153	
0.4	0.5	5	740	31	4	42	5250	43	5375	0.003	0	0.003	0.003	125	0	125	125	
0.4	0.5	5	741	59	4	42	6426	42	6426	0.003	0	0.003	0.003	153	0	153	153	
0.4	0.5	5	742	55	4	46	5750	47	5875	0.00314894	0.00102105	0.003	0.01	125	0	125	125	
0.4	0.5	43	743	6	4	100	53300	100	53300	0.003	0	0.003	0.003	533	0	533	533	
0.4	0.5	5	744	53	4	42	5250	42	5250	0.003	0	0.003	0.003	125	0	125	125	
0.4	0.5	6	745	8	4	100	9698	100	9698	0.003	0	0.003	0.003	96.98	0.2	95	97	
0.4	0.5	5	746	20	4	43	2881	42	2814	0.003	0	0.003	0.003	67	0	67	67	
0.4	0.5	5	747	16	4	42	2814	42	2814	0.003	0	0.003	0.003	67	0	67	67	
0.4	0.5	1	748	13	4	86	5762	85	5695	0.003	0	0.003	0.003	67	0	67	67	
0.4	0.5	5	749	24	4	48	12910	47	12641	0.003	0	0.003	0.003	268.957	0.29173	267	269	
0.4	0.5	5	750	47	4	37	3589	37	3589	0.00375676	0.0022036	0.003	0.01	97	0	97	97	
