% start	end	CellId	IMSI	RNTI	LCID	nTxPDUs	TxBytes	nRxPDUs	RxBytes	delay	stdDev	min	max	PduSize	stdDev	min	max
0.4	0.5	29	1	12	4	100	30900	100	30900	0.003	0	0.003	0.003	309	0	309	309	
0.4	0.5	42	2	10	4	100	6700	100	6700	0.003	0	0.003	0.003	67	0	67	67	
0.4	0.5	22	3	6	4	100	45300	100	45300	0.003	0	0.003	0.003	453	0	453	453	
0.4	0.5	34	4	23	4	100	4900	100	4900	0.003	0	0.003	0.003	49	0	49	49	
0.4	0.5	56	5	4	4	100	64500	100	64500	0.003	0	0.003	0.003	645	0	645	645	
0.4	0.5	49	6	1	4	100	30100	100	30100	0.003	0	0.003	0.003	301	0	301	301	
0.4	0.5	34	7	16	4	100	12498	100	12498	0.003	0	0.003	0.003	124.98	0.2	123	125	
0.4	0.5	52	8	6	4	72	6984	71	6887	0.003	0	0.003	0.003	97	0	97	97	
0.4	0.5	23	9	7	4	100	7780	100	7780	0.003	0	0.003	0.003	77.8	8	77	157	
0.4	0.5	6	10	8	4	100	37300	100	37300	0.003	0	0.003	0.003	373	0	373	373	
0.4	0.5	2	11	11	4	100	16100	100	16100	0.003	0	0.003	0.003	161	0	161	161	
0.4	0.5	52	12	29	4	71	3479	72	3528	0.003	0	0.003	0.003	49	0	49	49	
0.4	0.5	41	13	36	4	62	9486	62	9486	0.003	0	0.003	0.003	153	0	153	153	
0.4	0.5	55	14	19	4	85	10623	85	10623	0.00308235	0.000759257	0.003	0.01	124.976	0.21693	123	125	
0.4	0.5	23	15	5	4	95	35435	95	35435	0.00336842	0.00157137	0.003	0.01	373	0	373	373	
0.4	0.5	15	16	1	4	100	59700	100	59700	0.003	0	0.003	0.003	597	0	597	597	
0.4	0.5	44	17	1	4	99	105600	99	105600	0.00307071	0.000703526	0.003	0.01	1066.67	106.132	1056	2112	
0.4	0.5	5	18	25	4	47	5875	47	5875	0.003	0	0.003	0.003	125	0	125	125	
0.4	0.5	37	19	1	4	79	3871	78	3822	0.003	0	0.003	0.003	49	0	49	49	
0.4	0.5	17	20	21	4	100	19300	100	19300	0.003	0	0.003	0.003	193	0	193	193	
0.4	0.5	23	21	9	4	100	27164	100	27164	0.003	0	0.003	0.003	271.64	26.4	269	533	
0.4	0.5	13	22	2	4	100	25300	100	25300	0.003	0	0.003	0.003	253	0	253	253	
0.4	0.5	43	23	5	4	100	20900	100	20900	0.003	0	0.003	0.003	209	0	209	209	
0.4	0.5	41	24	34	4	66	6402	66	6402	0.003	0	0.003	0.003	97	0	97	97	
0.4	0.5	3	25	12	4	100	12500	100	12500	0.003	0	0.003	0.003	125	0	125	125	
0.4	0.5	1	26	3	4	77	5159	77	5159	0.003	0	0.003	0.003	67	0	67	67	
0.4	0.5	20	27	8	4	100	38900	100	38900	0.003	0	0.003	0.003	389	0	389	389	
0.4	0.5	49	28	5	4	100	105600	100	105600	0.003	0	0.003	0.003	1056	0	1056	1056	
0.4	0.5	40	29	5	4	49	9849	50	10050	0.01	0	0.01	0.01	201	0	201	201	
0.4	0.5	52	30	31	4	72	4824	72	4824	0.003	0	0.003	0.003	67	0	67	67	
0.4	0.5	18	31	6	4	100	20100	100	20100	0.003	0	0.003	0.003	201	0	201	201	
0.4	0.5	52	32	23	4	71	2272	72	2304	0.003	0	0.003	0.003	32	0	32	32	
0.4	0.5	36	33	1	4	100	69300	100	69300	0.003	0	0.003	0.003	693	0	693	693	
0.4	0.5	41	34	25	4	62	4154	63	4221	0.00322222	0.00123712	0.003	0.01	67	0	67	67	
0.4	0.5	2	35	4	4	84	10500	85	10625	0.0044	0.00281662	0.003	0.01	125	0	125	125	
0.4	0.5	55	36	17	4	84	19572	84	19572	0.003	0	0.003	0.003	233	0	233	233	
0.4	0.5	48	37	3	4	100	38900	100	38900	0.003	0	0.003	0.003	389	0	389	389	
0.4	0.5	21	38	12	4	78	9750	77	9625	0.005	0.00318301	0.003	0.01	125	0	125	125	
0.4	0.5	55	39	3	4	83	7389	83	7389	0.00325301	0.00131449	0.003	0.01	89.0241	9.83024	77	97	
0.4	0.5	37	40	22	4	82	6314	82	6314	0.003	0	0.003	0.003	77	0	77	77	
0.4	0.5	17	41	10	4	100	9700	100	9700	0.003	0	0.003	0.003	97	0	97	97	
0.4	0.5	19	42	5	4	100	32500	100	32500	0.003	0	0.003	0.003	325	0	325	325	
0.4	0.5	27	43	3	4	100	25300	100	25300	0.003	0	0.003	0.003	253	0	253	253	
0.4	0.5	21	44	14	4	100	26900	100	26900	0.003	0	0.003	0.003	269	0	269	269	
0.4	0.5	23	45	10	4	100	6770	100	6770	0.003	0	0.003	0.003	67.7	7	67	137	
0.4	0.5	9	46	10	4	100	25300	100	25300	0.003	0	0.003	0.003	253	0	253	253	
0.4	0.5	37	47	9	4	78	5226	79	5293	0.003	0	0.003	0.003	67	0	67	67	
0.4	0.5	39	48	34	4	77	2464	76	2432	0.003	0	0.003	0.003	32	0	32	32	
0.4	0.5	55	49	6	4	69	5313	69	5313	0.00502898	0.00319913	0.003	0.01	77	0	77	77	
0.4	0.5	55	50	25	4	86	8342	86	8342	0.003	0	0.003	0.003	97	0	97	97	
0.4	0.5	17	51	13	4	100	15300	100	15300	0.003	0	0.003	0.003	153	0	153	153	
0.4	0.5	40	52	2	4	49	9849	51	10251	0.01	0	0.01	0.01	201	0	201	201	
0.4	0.5	31	53	5	4	100	64499	100	64499	0.003	0	0.003	0.003	644.99	0.1	644	645	
0.4	0.5	20	54	4	4	100	32500	100	32500	0.003	0	0.003	0.003	325	0	325	325	
0.4	0.5	42	55	9	4	100	3200	100	3200	0.003	0	0.003	0.003	32	0	32	32	
0.4	0.5	5	56	42	4	51	7803	51	7803	0.003	0	0.003	0.003	153	0	153	153	
0.4	0.5	57	57	3	4	100	105600	100	105600	0.003	0	0.003	0.003	1056	0	1056	1056	
0.4	0.5	21	58	1	4	100	26898	100	26898	0.003	0	0.003	0.003	268.98	0.2	267	269	
0.4	0.5	39	59	10	4	71	3479	70	3430	0.003	0	0.003	0.003	49	0	49	49	
0.4	0.5	37	60	4	4	79	9875	78	9750	0.003	0	0.003	0.003	125	0	125	125	
0.4	0.5	4	61	3	4	100	105600	100	105600	0.003	0	0.003	0.003	1056	0	1056	1056	
0.4	0.5	55	62	10	4	86	2752	85	2720	0.003	0	0.003	0.003	32	0	32	32	
0.4	0.5	2	63	5	4	87	23402	87	23402	0.00396552	0.00242779	0.003	0.01	268.989	0.107211	268	269	
0.4	0.5	20	64	2	4	100	46900	100	46900	0.003	0	0.003	0.003	469	0	469	469	
0.4	0.5	43	65	6	4	100	48500	100	48500	0.003	0	0.003	0.003	485	0	485	485	
0.4	0.5	52	66	26	4	70	5390	71	5467	0.003	0	0.003	0.003	77	0	77	77	
0.4	0.5	34	67	22	4	73	11633	74	11786	0.00555405	0.00339275	0.003	0.01	159.27	3.31579	153	161	
0.4	0.5	52	68	24	4	71	3479	71	3479	0.003	0	0.003	0.003	49	0	49	49	
0.4	0.5	41	69	18	4	64	3136	63	3087	0.003	0	0.003	0.003	49	0	49	49	
0.4	0.5	26	70	7	4	100	15700	100	15700	0.003	0	0.003	0.003	157	0	157	157	
0.4	0.5	42	71	17	4	100	26900	100	26900	0.003	0	0.003	0.003	269	0	269	269	
0.4	0.5	37	72	8	4	74	2367	75	2399	0.003	0	0.003	0.003	31.9867	0.11547	31	32	
0.4	0.5	14	73	5	4	100	38804	100	38804	0.003	0	0.003	0.003	388.04	74.0518	373	749	
0.4	0.5	7	74	3	4	95	36955	94	36566	0.00337234	0.00157933	0.003	0.01	389	0	389	389	
0.4	0.5	37	75	2	4	77	3773	76	3724	0.003	0	0.003	0.003	49	0	49	49	
0.4	0.5	34	76	1	4	100	19299	100	19299	0.003	0	0.003	0.003	192.99	0.1	192	193	
0.4	0.5	49	77	4	4	100	80700	100	80700	0.003	0	0.003	0.003	807	0	807	807	
0.4	0.5	7	78	6	4	100	69298	100	69298	0.003	0	0.003	0.003	692.98	0.2	691	693	
0.4	0.5	52	79	11	4	71	2272	70	2240	0.003	0	0.003	0.003	32	0	32	32	
0.4	0.5	54	80	5	4	100	28548	100	28548	0.003	0	0.003	0.003	285.48	27.7785	253	309	
0.4	0.5	19	81	7	4	100	74900	100	74900	0.003	0	0.003	0.003	749	0	749	749	
0.4	0.5	41	82	15	4	65	3185	64	3136	0.003	0	0.003	0.003	49	0	49	49	
0.4	0.5	37	83	23	4	77	5929	76	5852	0.0030921	0.000802955	0.003	0.01	77	0	77	77	
0.4	0.5	12	84	5	4	100	105600	100	105600	0.003	0	0.003	0.003	1056	0	1056	1056	
0.4	0.5	39	85	13	4	76	7372	77	7469	0.003	0	0.003	0.003	97	0	97	97	
0.4	0.5	55	86	7	4	84	8148	84	8148	0.003	0	0.003	0.003	97	0	97	97	
0.4	0.5	1	87	25	4	76	7372	76	7372	0.003	0	0.003	0.003	97	0	97	97	
0.4	0.5	41	88	2	4	67	3281	68	3330	0.003	0	0.003	0.003	48.9706	0.242536	47	49	
0.4	0.5	27	89	10	4	100	32500	100	32500	0.003	0	0.003	0.003	325	0	325	325	
0.4	0.5	16	90	3	4	82	14392	81	14235	0.00464197	0.00298458	0.003	0.01	175.741	32.9916	155	233	
0.4	0.5	22	91	4	4	100	30100	100	30100	0.003	0	0.003	0.003	301	0	301	301	
0.4	0.5	34	92	10	4	100	6700	100	6700	0.003	0	0.003	0.003	67	0	67	67	
0.4	0.5	5	93	23	4	48	3216	48	3216	0.003	0	0.003	0.003	67	0	67	67	
0.4	0.5	34	94	20	4	100	4900	100	4900	0.003	0	0.003	0.003	49	0	49	49	
0.4	0.5	42	95	5	4	100	6700	100	6700	0.003	0	0.003	0.003	67	0	67	67	
0.4	0.5	1	96	26	4	55	4234	55	4234	0.00618182	0.00351763	0.003	0.01	76.9818	0.13484	76	77	
0.4	0.5	40	97	11	4	100	74900	100	74900	0.003	0	0.003	0.003	749	0	749	749	
0.4	0.5	53	98	1	4	100	38898	100	38898	0.003	0	0.003	0.003	388.98	0.2	387	389	
0.4	0.5	34	99	17	4	100	37300	100	37300	0.003	0	0.003	0.003	373	0	373	373	
0.4	0.5	26	100	5	4	100	53300	100	53300	0.003	0	0.003	0.003	533	0	533	533	
0.4	0.5	19	101	9	4	100	38900	100	38900	0.003	0	0.003	0.003	389	0	389	389	
0.4	0.5	9	102	4	4	100	20100	100	20100	0.003	0	0.003	0.003	201	0	201	201	
0.4	0.5	21	103	13	4	83	6391	82	6314	0.00453658	0.00291524	0.003	0.01	77	0	77	77	
0.4	0.5	39	104	30	4	65	8069	67	8319	0.00414925	0.00261264	0.003	0.01	124.164	4.80087	97	125	
0.4	0.5	10	105	6	4	52	15380	52	15380	0.00946154	0.00188348	0.003	0.01	295.769	18.2967	233	301	
0.4	0.5	52	106	36	4	72	2304	71	2272	0.003	0	0.003	0.003	32	0	32	32	
0.4	0.5	1	107	10	4	76	5092	77	5159	0.003	0	0.003	0.003	67	0	67	67	
0.4	0.5	50	108	8	4	100	20100	100	20100	0.003	0	0.003	0.003	201	0	201	201	
0.4	0.5	41	109	19	4	68	3332	67	3283	0.003	0	0.003	0.003	49	0	49	49	
0.4	0.5	26	110	8	4	100	15698	100	15698	0.003	0	0.003	0.003	156.98	0.2	155	157	
0.4	0.5	48	111	1	4	100	13700	100	13700	0.003	0	0.003	0.003	137	0	137	137	
0.4	0.5	3	112	5	4	93	11625	92	11500	0.00353261	0.00186613	0.003	0.01	125	0	125	125	
0.4	0.5	24	113	15	4	100	16083	100	16083	0.003	0	0.003	0.003	160.83	1.12864	153	161	
0.4	0.5	33	114	5	4	91	89949	91	89949	0.00376923	0.0022014	0.003	0.01	988.451	43.994	807	999	
0.4	0.5	37	115	27	4	77	5159	76	5092	0.003	0	0.003	0.003	67	0	67	67	
0.4	0.5	21	116	4	4	100	12500	100	12500	0.003	0	0.003	0.003	125	0	125	125	
0.4	0.5	40	117	9	4	100	74900	100	74900	0.003	0	0.003	0.003	749	0	749	749	
0.4	0.5	8	118	10	4	97	72653	97	72653	0.00321649	0.00121815	0.003	0.01	749	0	749	749	
0.4	0.5	46	119	3	4	100	23300	100	23300	0.003	0	0.003	0.003	233	0	233	233	
0.4	0.5	38	120	7	4	100	69300	100	69300	0.003	0	0.003	0.003	693	0	693	693	
0.4	0.5	39	121	32	4	54	3600	54	3600	0.00585185	0.00347176	0.003	0.01	66.6667	2.44949	49	67	
0.4	0.5	33	122	2	4	62	47660	62	47660	0.00729032	0.00343744	0.003	0.01	768.71	28.1235	645	775	
0.4	0.5	22	123	3	4	100	80700	100	80700	0.003	0	0.003	0.003	807	0	807	807	
0.4	0.5	24	124	1	4	79	6081	79	6081	0.00486076	0.00311215	0.003	0.01	76.9747	0.225018	75	77	
0.4	0.5	27	125	1	4	100	15700	100	15700	0.003	0	0.003	0.003	157	0	157	157	
0.4	0.5	23	126	6	4	100	23536	100	23536	0.003	0	0.003	0.003	235.36	23.6	233	469	
0.4	0.5	16	127	5	4	100	35796	100	35940	0.003	0	0.003	0.003	359.4	69.0296	309	453	
0.4	0.5	8	128	9	4	100	74900	100	74900	0.003	0	0.003	0.003	749	0	749	749	
0.4	0.5	41	129	12	4	67	5157	67	5157	0.00320895	0.00120022	0.003	0.01	76.9701	0.244339	75	77	
0.4	0.5	5	130	21	4	48	3696	48	3696	0.003	0	0.003	0.003	77	0	77	77	
0.4	0.5	26	131	3	4	100	20100	100	20100	0.003	0	0.003	0.003	201	0	201	201	
0.4	0.5	37	132	18	4	76	5852	77	5929	0.00309091	0.000797724	0.003	0.01	77	0	77	77	
0.4	0.5	33	133	1	4	100	80700	100	80700	0.003	0	0.003	0.003	807	0	807	807	
0.4	0.5	45	134	4	4	100	25299	100	25299	0.003	0	0.003	0.003	252.99	0.1	252	253	
0.4	0.5	39	135	12	4	69	8623	70	8748	0.0031	0.00083666	0.003	0.01	124.971	0.239046	123	125	
0.4	0.5	19	136	12	4	100	19044	100	19000	0.003	0	0.003	0.003	190	19.1485	157	201	
0.4	0.5	22	137	5	4	100	38900	100	38900	0.003	0	0.003	0.003	389	0	389	389	
0.4	0.5	29	138	7	4	100	15700	100	15700	0.003	0	0.003	0.003	157	0	157	157	
0.4	0.5	47	139	6	4	100	20900	100	20900	0.003	0	0.003	0.003	209	0	209	209	
0.4	0.5	49	140	3	4	100	48500	100	48500	0.003	0	0.003	0.003	485	0	485	485	
0.4	0.5	30	141	11	4	98	15386	98	15386	0.00314286	0.000994832	0.003	0.01	157	0	157	157	
0.4	0.5	14	142	13	4	100	20083	100	20083	0.003	0	0.003	0.003	200.83	38.6037	192	389	
0.4	0.5	3	143	4	4	100	26899	100	26899	0.003	0	0.003	0.003	268.99	0.1	268	269	
0.4	0.5	22	144	2	4	51	24735	50	24250	0.01	0	0.01	0.01	485	0	485	485	
0.4	0.5	9	145	6	4	100	13700	100	13700	0.003	0	0.003	0.003	137	0	137	137	
0.4	0.5	26	146	2	4	100	45780	100	45780	0.003	0	0.003	0.003	457.8	27.8988	389	469	
0.4	0.5	52	147	2	4	71	2272	69	2208	0.003	0	0.003	0.003	32	0	32	32	
0.4	0.5	24	148	4	4	89	5963	89	5963	0.00386517	0.00231689	0.003	0.01	67	0	67	67	
0.4	0.5	56	149	5	4	100	64500	100	64500	0.003	0	0.003	0.003	645	0	645	645	
0.4	0.5	6	150	7	4	89	14233	88	14072	0.003875	0.0023283	0.003	0.01	159.909	2.76113	153	161	
0.4	0.5	50	151	6	4	100	32498	100	32498	0.003	0	0.003	0.003	324.98	0.2	323	325	
0.4	0.5	57	152	1	4	100	105600	100	105600	0.003	0	0.003	0.003	1056	0	1056	1056	
0.4	0.5	13	153	1	4	69	10833	67	10519	0.0062388	0.00351658	0.003	0.01	157	0	157	157	
0.4	0.5	2	154	15	4	100	4900	100	4900	0.003	0	0.003	0.003	49	0	49	49	
0.4	0.5	29	155	4	4	100	15700	100	15700	0.003	0	0.003	0.003	157	0	157	157	
0.4	0.5	25	156	3	4	100	105600	100	105600	0.003	0	0.003	0.003	1056	0	1056	1056	
0.4	0.5	40	157	8	4	100	25298	100	25298	0.003	0	0.003	0.003	252.98	0.2	251	253	
0.4	0.5	14	158	4	4	97	9511	98	9608	0.00321428	0.00121205	0.003	0.01	98.0408	10.5096	95	201	
0.4	0.5	12	159	2	4	100	45300	100	45300	0.003	0	0.003	0.003	453	0	453	453	
0.4	0.5	49	160	7	4	100	59699	100	59699	0.003	0	0.003	0.003	596.99	0.1	596	597	
0.4	0.5	51	161	7	4	100	27884	100	27884	0.003	0	0.003	0.003	278.84	53.6217	253	389	
0.4	0.5	29	162	2	4	100	46900	100	46900	0.003	0	0.003	0.003	469	0	469	469	
0.4	0.5	29	163	8	4	100	20100	100	20100	0.003	0	0.003	0.003	201	0	201	201	
0.4	0.5	56	164	2	4	100	77500	100	77500	0.003	0	0.003	0.003	775	0	775	775	
0.4	0.5	54	165	6	4	100	20100	100	20100	0.003	0	0.003	0.003	201	0	201	201	
0.4	0.5	37	166	28	4	79	12719	78	12558	0.003	0	0.003	0.003	161	0	161	161	
0.4	0.5	39	167	35	4	71	2272	70	2240	0.003	0	0.003	0.003	32	0	32	32	
0.4	0.5	17	168	9	4	100	12500	100	12500	0.003	0	0.003	0.003	125	0	125	125	
0.4	0.5	20	169	1	4	51	8005	49	7691	0.01	0	0.01	0.01	156.959	0.285714	155	157	
0.4	0.5	52	170	3	4	73	3577	72	3528	0.003	0	0.003	0.003	49	0	49	49	
0.4	0.5	43	171	1	4	100	15300	100	15300	0.003	0	0.003	0.003	153	0	153	153	
0.4	0.5	31	172	3	4	85	54825	86	55470	0.00422093	0.00267186	0.003	0.01	645	0	645	645	
0.4	0.5	35	173	1	4	100	77499	100	77499	0.003	0	0.003	0.003	774.99	0.1	774	775	
0.4	0.5	2	174	10	4	66	8250	65	8125	0.00676923	0.00351679	0.003	0.01	125	0	125	125	
0.4	0.5	52	175	32	4	71	5467	71	5467	0.00319718	0.00116643	0.003	0.01	77	0	77	77	
0.4	0.5	27	176	2	4	100	53300	100	53300	0.003	0	0.003	0.003	533	0	533	533	
0.4	0.5	34	177	3	4	99	7623	99	7623	0.00307071	0.000703526	0.003	0.01	77	0	77	77	
0.4	0.5	51	178	5	4	100	22000	100	22000	0.003	0	0.003	0.003	220	39.4277	201	301	
0.4	0.5	27	179	11	4	100	46898	100	46898	0.003	0	0.003	0.003	468.98	0.2	467	469	
0.4	0.5	22	180	1	4	97	22601	98	22834	0.00321428	0.00121205	0.003	0.01	233	0	233	233	
0.4	0.5	12	181	4	4	100	69300	100	69300	0.003	0	0.003	0.003	693	0	693	693	
0.4	0.5	6	182	1	4	100	12500	100	12500	0.003	0	0.003	0.003	125	0	125	125	
0.4	0.5	6	183	10	4	100	9700	100	9700	0.003	0	0.003	0.003	97	0	97	97	
0.4	0.5	41	184	31	4	62	6014	62	6014	0.003	0	0.003	0.003	97	0	97	97	
0.4	0.5	21	185	6	4	100	12500	100	12500	0.003	0	0.003	0.003	125	0	125	125	
0.4	0.5	24	186	10	4	100	15300	100	15300	0.003	0	0.003	0.003	153	0	153	153	
0.4	0.5	19	187	6	4	100	74900	100	74900	0.003	0	0.003	0.003	749	0	749	749	
0.4	0.5	43	188	2	4	100	30100	100	30100	0.003	0	0.003	0.003	301	0	301	301	
0.4	0.5	29	189	3	4	100	38900	100	38900	0.003	0	0.003	0.003	389	0	389	389	
0.4	0.5	50	190	5	4	98	15385	98	15385	0.00314286	0.000994832	0.003	0.01	156.99	0.101015	156	157	
0.4	0.5	37	191	29	4	77	5159	76	5092	0.003	0	0.003	0.003	67	0	67	67	
0.4	0.5	36	192	7	4	54	26190	54	26190	0.00896296	0.00251008	0.003	0.01	485	0	485	485	
0.4	0.5	52	193	10	4	72	3526	71	3477	0.003	0	0.003	0.003	48.9718	0.237356	47	49	
0.4	0.5	50	194	3	4	100	62097	100	62097	0.003	0	0.003	0.003	620.97	0.171447	620	621	
0.4	0.5	51	195	4	4	100	27884	100	27884	0.003	0	0.003	0.003	278.84	53.6217	253	389	
0.4	0.5	24	196	14	4	100	9700	100	9700	0.00307	0.0007	0.003	0.01	97	0	97	97	
0.4	0.5	23	197	13	4	100	12628	100	12628	0.003	0	0.003	0.003	126.28	12.8	125	253	
0.4	0.5	15	198	7	4	100	23300	100	23300	0.003	0	0.003	0.003	233	0	233	233	
0.4	0.5	13	199	9	4	100	74900	100	74900	0.003	0	0.003	0.003	749	0	749	749	
0.4	0.5	37	200	5	4	77	9623	76	9498	0.003	0	0.003	0.003	124.974	0.229416	123	125	
0.4	0.5	39	201	14	4	41	3977	42	4074	0.008	0.00320061	0.003	0.01	97	0	97	97	
0.4	0.5	17	202	7	4	100	9700	100	9700	0.003	0	0.003	0.003	97	0	97	97	
0.4	0.5	34	203	5	4	100	37300	100	37300	0.003	0	0.003	0.003	373	0	373	373	
0.4	0.5	6	204	15	4	100	6700	100	6700	0.003	0	0.003	0.003	67	0	67	67	
0.4	0.5	42	205	14	4	100	12500	100	12500	0.003	0	0.003	0.003	125	0	125	125	
0.4	0.5	6	206	14	4	90	11250	91	11375	0.00376923	0.0022014	0.003	0.01	125	0	125	125	
0.4	0.5	4	207	1	4	100	105600	100	105600	0.003	0	0.003	0.003	1056	0	1056	1056	
0.4	0.5	17	208	2	4	100	15300	100	15300	0.003	0	0.003	0.003	153	0	153	153	
0.4	0.5	19	209	11	4	100	74900	100	74900	0.003	0	0.003	0.003	749	0	749	749	
0.4	0.5	41	210	21	4	65	8125	64	8000	0.003	0	0.003	0.003	125	0	125	125	
0.4	0.5	3	211	16	4	100	37300	100	37300	0.003	0	0.003	0.003	373	0	373	373	
0.4	0.5	36	212	2	4	81	22001	81	21933	0.00455555	0.00292831	0.003	0.01	270.778	34	233	301	
0.4	0.5	55	213	9	4	86	2752	85	2720	0.003	0	0.003	0.003	32	0	32	32	
0.4	0.5	52	214	8	4	72	2304	71	2272	0.003	0	0.003	0.003	32	0	32	32	
0.4	0.5	42	215	4	4	100	3200	100	3200	0.003	0	0.003	0.003	32	0	32	32	
0.4	0.5	13	216	4	4	100	46900	100	46900	0.003	0	0.003	0.003	469	0	469	469	
0.4	0.5	39	217	3	4	77	2464	76	2432	0.003	0	0.003	0.003	32	0	32	32	
0.4	0.5	54	218	2	4	100	13700	100	13700	0.003	0	0.003	0.003	137	0	137	137	
0.4	0.5	28	219	1	4	100	62096	100	62096	0.003	0	0.003	0.003	620.96	0.242878	619	621	
0.4	0.5	5	220	17	4	49	3773	49	3773	0.00328571	0.0013994	0.003	0.01	77	0	77	77	
0.4	0.5	37	221	3	4	76	14667	75	14474	0.00309333	0.00080829	0.003	0.01	192.987	0.11547	192	193	
0.4	0.5	4	222	4	4	100	38900	100	38900	0.003	0	0.003	0.003	389	0	389	389	
0.4	0.5	40	223	4	4	100	25300	100	25300	0.003	0	0.003	0.003	253	0	253	253	
0.4	0.5	28	224	6	4	100	51028	100	51028	0.003	0	0.003	0.003	510.28	26.7325	405	517	
0.4	0.5	8	225	12	4	100	15700	100	15700	0.003	0	0.003	0.003	157	0	157	157	
0.4	0.5	12	226	3	4	100	20900	100	20900	0.003	0	0.003	0.003	209	0	209	209	
0.4	0.5	17	227	20	4	100	26900	100	26900	0.003	0	0.003	0.003	269	0	269	269	
0.4	0.5	10	228	3	4	100	20900	100	20900	0.003	0	0.003	0.003	209	0	209	209	
0.4	0.5	3	229	15	4	100	37300	100	37300	0.003	0	0.003	0.003	373	0	373	373	
0.4	0.5	47	230	2	4	99	29391	99	29391	0.00307071	0.000703526	0.003	0.01	296.879	16.3078	233	301	
0.4	0.5	30	231	2	4	88	22262	89	22515	0.00394382	0.00240435	0.003	0.01	252.978	0.212	251	253	
0.4	0.5	55	232	2	4	56	7000	56	7000	0.006875	0.00351135	0.003	0.01	125	0	125	125	
0.4	0.5	7	233	2	4	100	48500	100	48500	0.003	0	0.003	0.003	485	0	485	485	
0.4	0.5	14	234	10	4	100	16756	100	16756	0.003	0	0.003	0.003	167.56	32.2992	161	325	
0.4	0.5	7	235	7	4	100	48500	100	48500	0.003	0	0.003	0.003	485	0	485	485	
0.4	0.5	14	236	8	4	100	16756	100	16756	0.003	0	0.003	0.003	167.56	32.2992	161	325	
0.4	0.5	38	237	3	4	100	47476	100	47476	0.003	0	0.003	0.003	474.76	15.0024	453	485	
0.4	0.5	17	238	16	4	95	7315	95	7315	0.00329474	0.00141326	0.003	0.01	77	0	77	77	
0.4	0.5	23	239	4	4	86	5762	86	5762	0.00422093	0.00267186	0.003	0.01	67	0	67	67	
0.4	0.5	18	240	4	4	80	25999	81	26324	0.00472839	0.00303732	0.003	0.01	324.988	0.111111	324	325	
0.4	0.5	2	241	7	4	100	6700	100	6700	0.003	0	0.003	0.003	67	0	67	67	
0.4	0.5	17	242	4	4	100	7698	100	7698	0.003	0	0.003	0.003	76.98	0.2	75	77	
0.4	0.5	29	243	10	4	51	8007	50	7850	0.00986	0.000989949	0.003	0.01	157	0	157	157	
0.4	0.5	19	244	3	4	100	20100	100	20100	0.003	0	0.003	0.003	201	0	201	201	
0.4	0.5	37	245	20	4	78	6006	79	6083	0.003	0	0.003	0.003	77	0	77	77	
0.4	0.5	37	246	10	4	76	11628	77	11781	0.003	0	0.003	0.003	153	0	153	153	
0.4	0.5	13	247	8	4	100	25300	100	25300	0.003	0	0.003	0.003	253	0	253	253	
0.4	0.5	3	248	2	4	89	13617	89	13617	0.00386517	0.00231689	0.003	0.01	153	0	153	153	
0.4	0.5	34	249	6	4	100	12500	100	12500	0.003	0	0.003	0.003	125	0	125	125	
0.4	0.5	29	250	6	4	100	13700	100	13700	0.003	0	0.003	0.003	137	0	137	137	
0.4	0.5	34	251	14	4	100	7700	100	7700	0.003	0	0.003	0.003	77	0	77	77	
0.4	0.5	54	252	8	4	65	17425	63	16807	0.00688889	0.00350627	0.003	0.01	266.778	49.933	201	309	
0.4	0.5	40	253	6	4	53	17225	54	17550	0.00896296	0.00251008	0.003	0.01	325	0	325	325	
0.4	0.5	55	254	20	4	86	23134	86	23134	0.003	0	0.003	0.003	269	0	269	269	
0.4	0.5	41	255	1	4	65	4355	66	4422	0.003	0	0.003	0.003	67	0	67	67	
0.4	0.5	6	256	3	4	100	19300	100	19300	0.003	0	0.003	0.003	193	0	193	193	
0.4	0.5	38	257	6	4	100	105600	100	105600	0.003	0	0.003	0.003	1056	0	1056	1056	
0.4	0.5	52	258	4	4	71	5466	71	5466	0.003	0	0.003	0.003	76.9859	0.118678	76	77	
0.4	0.5	3	259	10	4	100	37300	100	37300	0.003	0	0.003	0.003	373	0	373	373	
0.4	0.5	25	260	1	4	100	64500	100	64500	0.003	0	0.003	0.003	645	0	645	645	
0.4	0.5	45	261	9	4	100	13698	100	13698	0.003	0	0.003	0.003	136.98	0.2	135	137	
0.4	0.5	19	262	10	4	100	38898	100	38898	0.003	0	0.003	0.003	388.98	0.2	387	389	
0.4	0.5	29	263	5	4	81	12715	80	12558	0.0046625	0.00299765	0.003	0.01	156.975	0.223607	155	157	
0.4	0.5	11	264	5	4	100	80059	100	80027	0.003	0	0.003	0.003	800.27	13.0947	775	807	
0.4	0.5	1	265	19	4	53	4070	55	4224	0.00592727	0.00348465	0.003	0.01	76.8	1.35264	67	77	
0.4	0.5	37	266	26	4	77	5159	76	5092	0.003	0	0.003	0.003	67	0	67	67	
0.4	0.5	55	267	27	4	84	6468	84	6468	0.003	0	0.003	0.003	77	0	77	77	
0.4	0.5	28	268	5	4	100	31698	100	31698	0.003	0	0.003	0.003	316.98	0.2	315	317	
0.4	0.5	47	269	7	4	100	68724	100	68724	0.003	0	0.003	0.003	687.24	22.9136	597	693	
0.4	0.5	52	270	19	4	71	3479	72	3528	0.003	0	0.003	0.003	49	0	49	49	
0.4	0.5	23	271	11	4	99	7622	99	7622	0.00307071	0.000703526	0.003	0.01	76.9899	0.100504	76	77	
0.4	0.5	41	272	26	4	65	8125	65	8125	0.003	0	0.003	0.003	125	0	125	125	
0.4	0.5	48	273	10	4	100	38772	100	38772	0.003	0	0.003	0.003	387.72	9.00514	325	389	
0.4	0.5	55	274	18	4	86	4214	86	4214	0.003	0	0.003	0.003	49	0	49	49	
0.4	0.5	41	275	5	4	62	6014	62	6014	0.00390322	0.00236581	0.003	0.01	97	0	97	97	
0.4	0.5	18	276	8	4	100	25299	100	25299	0.003	0	0.003	0.003	252.99	0.1	252	253	
0.4	0.5	37	277	17	4	74	3626	75	3675	0.00337333	0.00158347	0.003	0.01	49	0	49	49	
0.4	0.5	22	278	7	4	100	69300	100	69300	0.003	0	0.003	0.003	693	0	693	693	
0.4	0.5	6	279	18	4	100	37297	100	37297	0.003	0	0.003	0.003	372.97	0.171447	372	373	
0.4	0.5	41	280	39	4	65	8125	66	8250	0.003	0	0.003	0.003	125	0	125	125	
0.4	0.5	27	281	6	4	100	74900	100	74900	0.003	0	0.003	0.003	749	0	749	749	
0.4	0.5	2	282	12	4	100	19300	100	19300	0.003	0	0.003	0.003	193	0	193	193	
0.4	0.5	42	283	15	4	100	16100	100	16100	0.003	0	0.003	0.003	161	0	161	161	
0.4	0.5	41	284	30	4	65	2080	64	2048	0.003	0	0.003	0.003	32	0	32	32	
0.4	0.5	20	285	10	4	100	25300	100	25300	0.003	0	0.003	0.003	253	0	253	253	
0.4	0.5	21	286	8	4	80	12880	81	13041	0.00472839	0.00303732	0.003	0.01	161	0	161	161	
0.4	0.5	6	287	4	4	100	12500	100	12500	0.003	0	0.003	0.003	125	0	125	125	
0.4	0.5	52	288	28	4	71	5467	72	5544	0.003	0	0.003	0.003	77	0	77	77	
0.4	0.5	8	289	11	4	100	6900	100	6900	0.003	0	0.003	0.003	69	0	69	69	
0.4	0.5	24	290	13	4	100	7698	100	7698	0.003	0	0.003	0.003	76.98	0.2	75	77	
0.4	0.5	37	291	11	4	76	2432	76	2432	0.003	0	0.003	0.003	32	0	32	32	
0.4	0.5	48	292	8	4	100	25300	100	25300	0.003	0	0.003	0.003	253	0	253	253	
0.4	0.5	16	293	2	4	100	45972	100	46180	0.003	0	0.003	0.003	461.8	99.7095	389	597	
0.4	0.5	52	294	16	4	71	13703	72	13896	0.003	0	0.003	0.003	193	0	193	193	
0.4	0.5	39	295	11	4	73	7081	73	7081	0.00328767	0.0013992	0.003	0.01	97	0	97	97	
0.4	0.5	39	296	7	4	77	2464	76	2432	0.003	0	0.003	0.003	32	0	32	32	
0.4	0.5	2	297	2	4	100	12500	100	12500	0.003	0	0.003	0.003	125	0	125	125	
0.4	0.5	55	298	14	4	85	5695	85	5695	0.00308235	0.000759257	0.003	0.01	67	0	67	67	
0.4	0.5	55	299	12	4	86	10750	86	10750	0.003	0	0.003	0.003	125	0	125	125	
0.4	0.5	23	300	1	4	100	7780	100	7780	0.003	0	0.003	0.003	77.8	8	77	157	
0.4	0.5	21	301	2	4	100	16100	100	16100	0.003	0	0.003	0.003	161	0	161	161	
0.4	0.5	57	302	4	4	100	45396	100	45396	0.003	0	0.003	0.003	453.96	55.557	389	501	
0.4	0.5	55	303	13	4	86	16598	86	16598	0.003	0	0.003	0.003	193	0	193	193	
0.4	0.5	39	304	15	4	76	3724	77	3773	0.003	0	0.003	0.003	49	0	49	49	
0.4	0.5	39	305	29	4	71	2272	70	2240	0.003	0	0.003	0.003	32	0	32	32	
0.4	0.5	37	306	16	4	74	4958	75	5025	0.003	0	0.003	0.003	67	0	67	67	
0.4	0.5	39	307	23	4	66	2112	67	2144	0.00341791	0.00167105	0.003	0.01	32	0	32	32	
0.4	0.5	10	308	4	4	100	80700	100	80700	0.003	0	0.003	0.003	807	0	807	807	
0.4	0.5	24	309	9	4	100	6700	100	6700	0.003	0	0.003	0.003	67	0	67	67	
0.4	0.5	8	310	6	4	100	20098	100	20098	0.003	0	0.003	0.003	200.98	0.2	199	201	
0.4	0.5	34	311	7	4	100	15300	100	15300	0.003	0	0.003	0.003	153	0	153	153	
0.4	0.5	10	312	8	4	100	38900	100	38900	0.003	0	0.003	0.003	389	0	389	389	
0.4	0.5	47	313	3	4	100	38900	100	38900	0.003	0	0.003	0.003	389	0	389	389	
0.4	0.5	52	314	34	4	71	3479	71	3479	0.00309859	0.000830747	0.003	0.01	49	0	49	49	
0.4	0.5	52	315	13	4	70	2240	70	2240	0.003	0	0.003	0.003	32	0	32	32	
0.4	0.5	55	316	26	4	86	2752	86	2752	0.003	0	0.003	0.003	32	0	32	32	
0.4	0.5	57	317	5	4	100	105600	100	105600	0.003	0	0.003	0.003	1056	0	1056	1056	
0.4	0.5	21	318	11	4	100	12499	100	12499	0.003	0	0.003	0.003	124.99	0.1	124	125	
0.4	0.5	56	319	6	4	100	77500	100	77500	0.003	0	0.003	0.003	775	0	775	775	
0.4	0.5	39	320	24	4	74	4958	75	5025	0.00309333	0.00080829	0.003	0.01	67	0	67	67	
0.4	0.5	39	321	2	4	49	7889	49	7889	0.00614286	0.00351781	0.003	0.01	161	0	161	161	
0.4	0.5	56	322	1	4	89	28212	89	28212	0.00386517	0.00231689	0.003	0.01	316.989	0.106	316	317	
0.4	0.5	39	323	22	4	72	9000	72	9000	0.00338889	0.00161468	0.003	0.01	125	0	125	125	
0.4	0.5	39	324	33	4	71	3479	70	3430	0.003	0	0.003	0.003	49	0	49	49	
0.4	0.5	6	325	16	4	100	7698	100	7698	0.003	0	0.003	0.003	76.98	0.2	75	77	
0.4	0.5	48	326	4	4	100	38900	100	38900	0.003	0	0.003	0.003	389	0	389	389	
0.4	0.5	34	327	8	4	100	6700	100	6700	0.003	0	0.003	0.003	67	0	67	67	
0.4	0.5	1	328	1	4	54	5238	56	5432	0.006	0.00349545	0.003	0.01	97	0	97	97	
0.4	0.5	12	329	6	4	100	23300	100	23300	0.003	0	0.003	0.003	233	0	233	233	
0.4	0.5	37	330	21	4	76	2432	77	2464	0.003	0	0.003	0.003	32	0	32	32	
0.4	0.5	13	331	5	4	100	15700	100	15700	0.003	0	0.003	0.003	157	0	157	157	
0.4	0.5	46	332	4	4	100	59700	100	59700	0.003	0	0.003	0.003	597	0	597	597	
0.4	0.5	41	333	38	4	64	4288	66	4422	0.00321212	0.00120913	0.003	0.01	67	0	67	67	
0.4	0.5	33	334	4	4	100	80700	100	80700	0.003	0	0.003	0.003	807	0	807	807	
0.4	0.5	18	335	12	4	100	74900	100	74900	0.003	0	0.003	0.003	749	0	749	749	
0.4	0.5	35	336	4	4	99	40095	99	40095	0.00307071	0.000703526	0.003	0.01	405	0	405	405	
0.4	0.5	46	337	2	4	100	45300	100	45300	0.003	0	0.003	0.003	453	0	453	453	
0.4	0.5	50	338	4	4	100	25300	100	25300	0.003	0	0.003	0.003	253	0	253	253	
0.4	0.5	40	339	10	4	100	74900	100	74900	0.003	0	0.003	0.003	749	0	749	749	
0.4	0.5	21	340	10	4	100	12500	100	12500	0.003	0	0.003	0.003	125	0	125	125	
0.4	0.5	41	341	27	4	60	4620	61	4697	0.00655738	0.00352857	0.003	0.01	77	0	77	77	
0.4	0.5	17	342	6	4	100	9700	100	9700	0.003	0	0.003	0.003	97	0	97	97	
0.4	0.5	52	343	30	4	71	10863	72	11016	0.003	0	0.003	0.003	153	0	153	153	
0.4	0.5	27	344	9	4	100	13700	100	13700	0.003	0	0.003	0.003	137	0	137	137	
0.4	0.5	48	345	9	4	100	20100	100	20100	0.003	0	0.003	0.003	201	0	201	201	
0.4	0.5	48	346	6	4	100	46900	100	46900	0.003	0	0.003	0.003	469	0	469	469	
0.4	0.5	30	347	8	4	100	15700	100	15700	0.003	0	0.003	0.003	157	0	157	157	
0.4	0.5	52	348	12	4	71	2272	70	2240	0.003	0	0.003	0.003	32	0	32	32	
0.4	0.5	48	349	11	4	100	25300	100	25300	0.003	0	0.003	0.003	253	0	253	253	
0.4	0.5	46	350	5	4	100	30100	100	30100	0.003	0	0.003	0.003	301	0	301	301	
0.4	0.5	37	351	7	4	78	9748	79	9873	0.003	0	0.003	0.003	124.975	0.225018	123	125	
0.4	0.5	26	352	6	4	100	46900	100	46900	0.003	0	0.003	0.003	469	0	469	469	
0.4	0.5	54	353	1	4	100	58403	100	58403	0.003	0	0.003	0.003	584.03	43.6435	533	621	
0.4	0.5	55	354	21	4	86	13158	86	13158	0.003	0	0.003	0.003	153	0	153	153	
0.4	0.5	1	355	14	4	75	22575	76	22876	0.003	0	0.003	0.003	301	0	301	301	
0.4	0.5	21	356	7	4	100	6700	100	6700	0.003	0	0.003	0.003	67	0	67	67	
0.4	0.5	36	357	3	4	100	105600	100	105600	0.003	0	0.003	0.003	1056	0	1056	1056	
0.4	0.5	30	358	10	4	100	32500	100	32500	0.003	0	0.003	0.003	325	0	325	325	
0.4	0.5	39	359	8	4	70	3428	69	3379	0.00310145	0.000842701	0.003	0.01	48.971	0.240772	47	49	
0.4	0.5	49	360	2	4	100	30100	100	30100	0.003	0	0.003	0.003	301	0	301	301	
0.4	0.5	9	361	1	4	100	53298	100	53298	0.003	0	0.003	0.003	532.98	0.2	531	533	
0.4	0.5	20	362	6	4	98	19698	98	19698	0.00314286	0.000994832	0.003	0.01	201	0	201	201	
0.4	0.5	14	363	1	4	99	9915	99	9915	0.00307071	0.000703526	0.003	0.01	100.152	17.9184	97	201	
0.4	0.5	16	364	9	4	100	62616	100	62890	0.003	0	0.003	0.003	628.9	131.348	533	807	
0.4	0.5	47	365	1	4	100	38900	100	38900	0.003	0	0.003	0.003	389	0	389	389	
0.4	0.5	11	366	3	4	100	64500	100	64500	0.003	0	0.003	0.003	645	0	645	645	
0.4	0.5	29	367	11	4	100	32500	100	32500	0.003	0	0.003	0.003	325	0	325	325	
0.4	0.5	31	368	2	4	100	51698	100	51698	0.003	0	0.003	0.003	516.98	0.2	515	517	
0.4	0.5	16	369	8	4	100	16144	100	16216	0.003	0	0.003	0.003	162.16	34.5455	135	209	
0.4	0.5	27	370	8	4	100	53300	100	53300	0.003	0	0.003	0.003	533	0	533	533	
0.4	0.5	26	371	10	4	87	13359	86	13202	0.00405814	0.00252216	0.003	0.01	153.512	7.63389	137	157	
0.4	0.5	52	372	21	4	71	8873	72	8998	0.003	0	0.003	0.003	124.972	0.235702	123	125	
0.4	0.5	28	373	2	4	100	105600	100	105600	0.003	0	0.003	0.003	1056	0	1056	1056	
0.4	0.5	34	374	15	4	100	7700	100	7700	0.003	0	0.003	0.003	77	0	77	77	
0.4	0.5	28	375	4	4	80	41359	79	40842	0.00468354	0.00301085	0.003	0.01	516.987	0.112509	516	517	
0.4	0.5	24	376	8	4	100	15300	100	15300	0.003	0	0.003	0.003	153	0	153	153	
0.4	0.5	37	377	30	4	82	6314	82	6314	0.003	0	0.003	0.003	77	0	77	77	
0.4	0.5	11	378	1	4	77	106701	77	106701	0.00518182	0.00326354	0.003	0.01	1385.73	365.821	1056	1836	
0.4	0.5	14	379	3	4	100	13012	100	13012	0.003	0	0.003	0.003	130.12	25.2091	125	253	
0.4	0.5	18	380	7	4	49	9849	51	10251	0.00972549	0.00137227	0.003	0.01	201	0	201	201	
0.4	0.5	37	381	24	4	76	5092	75	5025	0.003	0	0.003	0.003	67	0	67	67	
0.4	0.5	42	382	7	4	49	7888	51	8210	0.01	0	0.01	0.01	160.98	0.140028	160	161	
0.4	0.5	18	383	9	4	100	25300	100	25300	0.003	0	0.003	0.003	253	0	253	253	
0.4	0.5	34	384	19	4	100	9700	100	9700	0.003	0	0.003	0.003	97	0	97	97	
0.4	0.5	32	385	1	4	100	105600	100	105600	0.003	0	0.003	0.003	1056	0	1056	1056	
0.4	0.5	7	386	8	4	100	80700	100	80700	0.003	0	0.003	0.003	807	0	807	807	
0.4	0.5	53	387	2	4	100	38900	100	38900	0.003	0	0.003	0.003	389	0	389	389	
0.4	0.5	43	388	7	4	100	45300	100	45300	0.003	0	0.003	0.003	453	0	453	453	
0.4	0.5	21	389	9	4	100	19300	100	19300	0.003	0	0.003	0.003	193	0	193	193	
0.4	0.5	24	390	17	4	100	6664	100	6664	0.003	0	0.003	0.003	66.64	2.5327	49	67	
0.4	0.5	54	391	3	4	100	32500	100	32500	0.003	0	0.003	0.003	325	0	325	325	
0.4	0.5	36	392	6	4	100	69298	100	69298	0.003	0	0.003	0.003	692.98	0.2	691	693	
0.4	0.5	41	393	23	4	67	15611	66	15378	0.003	0	0.003	0.003	233	0	233	233	
0.4	0.5	17	394	22	4	100	16100	100	16100	0.003	0	0.003	0.003	161	0	161	161	
0.4	0.5	12	395	8	4	100	48500	100	48500	0.003	0	0.003	0.003	485	0	485	485	
0.4	0.5	56	396	3	4	100	31700	100	31700	0.003	0	0.003	0.003	317	0	317	317	
0.4	0.5	41	397	29	4	66	8249	66	8249	0.003	0	0.003	0.003	124.985	0.123091	124	125	
0.4	0.5	2	398	9	4	99	15147	99	15147	0.00307071	0.000703526	0.003	0.01	153	0	153	153	
0.4	0.5	42	399	12	4	100	19300	100	19300	0.003	0	0.003	0.003	193	0	193	193	
0.4	0.5	44	400	3	4	100	46900	100	46900	0.003	0	0.003	0.003	469	0	469	469	
0.4	0.5	29	401	1	4	100	38900	100	38900	0.003	0	0.003	0.003	389	0	389	389	
0.4	0.5	54	402	7	4	65	13889	63	13383	0.00688889	0.00350627	0.003	0.01	212.429	46.6302	157	253	
0.4	0.5	31	403	6	4	100	40500	100	40500	0.003	0	0.003	0.003	405	0	405	405	
0.4	0.5	17	404	8	4	100	7698	100	7698	0.003	0	0.003	0.003	76.98	0.2	75	77	
0.4	0.5	41	405	3	4	65	12545	66	12738	0.003	0	0.003	0.003	193	0	193	193	
0.4	0.5	34	406	4	4	100	16098	100	16098	0.003	0	0.003	0.003	160.98	0.2	159	161	
0.4	0.5	50	407	9	4	100	25300	100	25300	0.003	0	0.003	0.003	253	0	253	253	
0.4	0.5	33	408	3	4	100	63636	100	63636	0.003	0	0.003	0.003	636.36	34.3704	501	645	
0.4	0.5	57	409	2	4	100	105600	100	105600	0.003	0	0.003	0.003	1056	0	1056	1056	
0.4	0.5	15	410	6	4	100	48500	100	48500	0.003	0	0.003	0.003	485	0	485	485	
0.4	0.5	25	411	5	4	100	99900	100	99900	0.003	0	0.003	0.003	999	0	999	999	
0.4	0.5	39	412	31	4	59	5723	59	5723	0.00442373	0.00284183	0.003	0.01	97	0	97	97	
0.4	0.5	55	413	30	4	85	4165	86	4214	0.003	0	0.003	0.003	49	0	49	49	
0.4	0.5	41	414	14	4	68	2176	67	2144	0.003	0	0.003	0.003	32	0	32	32	
0.4	0.5	42	415	11	4	100	19300	100	19300	0.003	0	0.003	0.003	193	0	193	193	
0.4	0.5	9	416	8	4	100	10100	100	10100	0.003	0	0.003	0.003	101	0	101	101	
0.4	0.5	24	417	19	4	100	7700	100	7700	0.003	0	0.003	0.003	77	0	77	77	
0.4	0.5	52	418	37	4	71	4757	70	4690	0.003	0	0.003	0.003	67	0	67	67	
0.4	0.5	37	419	6	4	63	6109	65	6303	0.00644615	0.00352682	0.003	0.01	96.9692	0.248069	95	97	
0.4	0.5	55	420	8	4	55	4235	55	4235	0.00796364	0.00320857	0.003	0.01	77	0	77	77	
0.4	0.5	41	421	20	4	66	4872	64	4708	0.00420312	0.00266178	0.003	0.01	73.5625	4.78714	67	77	
0.4	0.5	55	422	29	4	82	6314	82	6314	0.00334146	0.00151714	0.003	0.01	77	0	77	77	
0.4	0.5	30	423	7	4	100	13699	100	13700	0.003	0	0.003	0.003	137	0	137	137	
0.4	0.5	53	424	3	4	94	35004	94	35004	0.00344681	0.00172032	0.003	0.01	372.383	19.8403	347	389	
0.4	0.5	19	425	4	4	100	74900	100	74900	0.003	0	0.003	0.003	749	0	749	749	
0.4	0.5	32	426	2	4	100	105600	100	105600	0.003	0	0.003	0.003	1056	0	1056	1056	
0.4	0.5	41	427	11	4	64	6208	64	6208	0.003	0	0.003	0.003	97	0	97	97	
0.4	0.5	9	428	7	4	100	46900	100	46900	0.003	0	0.003	0.003	469	0	469	469	
0.4	0.5	38	429	4	4	100	23294	100	23294	0.003	0	0.003	0.003	232.94	0.342893	231	233	
0.4	0.5	42	430	2	4	100	4900	100	4900	0.003	0	0.003	0.003	49	0	49	49	
0.4	0.5	34	431	13	4	100	26900	100	26900	0.003	0	0.003	0.003	269	0	269	269	
0.4	0.5	50	432	10	4	100	32498	100	32498	0.003	0	0.003	0.003	324.98	0.2	323	325	
0.4	0.5	2	433	18	4	97	4753	96	4704	0.00321875	0.00122434	0.003	0.01	49	0	49	49	
0.4	0.5	37	434	15	4	78	9748	79	9873	0.003	0	0.003	0.003	124.975	0.225018	123	125	
0.4	0.5	41	435	33	4	67	5159	67	5159	0.00310448	0.000855186	0.003	0.01	77	0	77	77	
0.4	0.5	2	436	17	4	52	4004	49	3773	0.00985714	0.001	0.003	0.01	77	0	77	77	
0.4	0.5	41	437	8	4	64	6208	63	6111	0.00311111	0.000881917	0.003	0.01	97	0	97	97	
0.4	0.5	39	438	25	4	69	5313	70	5390	0.0031	0.00083666	0.003	0.01	77	0	77	77	
0.4	0.5	39	439	5	4	53	4081	53	4081	0.00603773	0.00350254	0.003	0.01	77	0	77	77	
0.4	0.5	48	440	5	4	100	13700	100	13700	0.003	0	0.003	0.003	137	0	137	137	
0.4	0.5	15	441	3	4	100	48500	100	48500	0.003	0	0.003	0.003	485	0	485	485	
0.4	0.5	52	442	5	4	72	5544	71	5467	0.003	0	0.003	0.003	77	0	77	77	
0.4	0.5	20	443	5	4	51	12903	50	12650	0.01	0	0.01	0.01	253	0	253	253	
0.4	0.5	40	444	3	4	60	12060	63	12663	0.00733333	0.00342665	0.003	0.01	201	0	201	201	
0.4	0.5	52	445	35	4	72	11016	71	10863	0.003	0	0.003	0.003	153	0	153	153	
0.4	0.5	8	446	7	4	100	38900	100	38900	0.003	0	0.003	0.003	389	0	389	389	
0.4	0.5	3	447	9	4	100	26900	100	26900	0.003	0	0.003	0.003	269	0	269	269	
0.4	0.5	46	448	7	4	100	30100	100	30100	0.003	0	0.003	0.003	301	0	301	301	
0.4	0.5	52	449	33	4	72	1584	70	1540	0.003	0	0.003	0.003	22	0	22	22	
0.4	0.5	39	450	16	4	70	6790	71	6887	0.003	0	0.003	0.003	97	0	97	97	
0.4	0.5	36	451	4	4	100	80699	100	80699	0.003	0	0.003	0.003	806.99	0.1	806	807	
0.4	0.5	17	452	1	4	100	12500	100	12500	0.003	0	0.003	0.003	125	0	125	125	
0.4	0.5	48	453	12	4	100	13700	100	13700	0.003	0	0.003	0.003	137	0	137	137	
0.4	0.5	31	454	4	4	100	31700	100	31700	0.003	0	0.003	0.003	317	0	317	317	
0.4	0.5	21	455	15	4	98	9506	98	9506	0.00314286	0.000994832	0.003	0.01	97	0	97	97	
0.4	0.5	3	456	14	4	100	16100	100	16100	0.003	0	0.003	0.003	161	0	161	161	
0.4	0.5	45	457	7	4	100	10100	100	10100	0.003	0	0.003	0.003	101	0	101	101	
0.4	0.5	45	458	8	4	100	13698	100	13698	0.003	0	0.003	0.003	136.98	0.2	135	137	
0.4	0.5	41	459	28	4	66	5082	66	5080	0.003	0	0.003	0.003	76.9697	0.246183	75	77	
0.4	0.5	42	460	6	4	100	12500	100	12500	0.003	0	0.003	0.003	125	0	125	125	
0.4	0.5	41	461	16	4	62	4774	61	4697	0.00368852	0.00210191	0.003	0.01	77	0	77	77	
0.4	0.5	52	462	15	4	69	8625	70	8750	0.0032	0.00117461	0.003	0.01	125	0	125	125	
0.4	0.5	39	463	20	4	76	3724	77	3773	0.003	0	0.003	0.003	49	0	49	49	
0.4	0.5	52	464	1	4	72	2304	71	2272	0.003	0	0.003	0.003	32	0	32	32	
0.4	0.5	3	465	1	4	85	10625	85	10625	0.00415294	0.00261181	0.003	0.01	125	0	125	125	
0.4	0.5	34	466	11	4	100	23300	100	23300	0.003	0	0.003	0.003	233	0	233	233	
0.4	0.5	5	467	16	4	50	6250	50	6250	0.003	0	0.003	0.003	125	0	125	125	
0.4	0.5	52	468	22	4	71	6887	72	6984	0.003	0	0.003	0.003	97	0	97	97	
0.4	0.5	53	469	4	4	100	93756	100	93756	0.003	0	0.003	0.003	937.56	90.0146	807	999	
0.4	0.5	45	470	6	4	100	32500	100	32500	0.003	0	0.003	0.003	325	0	325	325	
0.4	0.5	52	471	7	4	72	9000	71	8875	0.003	0	0.003	0.003	125	0	125	125	
0.4	0.5	26	472	1	4	100	52276	100	52276	0.003	0	0.003	0.003	522.76	23.581	469	533	
0.4	0.5	54	473	10	4	100	30900	100	30900	0.003	0	0.003	0.003	309	0	309	309	
0.4	0.5	39	474	28	4	69	3381	69	3381	0.00381159	0.00225751	0.003	0.01	49	0	49	49	
0.4	0.5	52	475	20	4	71	6886	72	6983	0.003	0	0.003	0.003	96.9861	0.117851	96	97	
0.4	0.5	10	476	1	4	100	30100	100	30100	0.003	0	0.003	0.003	301	0	301	301	
0.4	0.5	15	477	2	4	100	38900	100	38900	0.003	0	0.003	0.003	389	0	389	389	
0.4	0.5	13	478	6	4	100	20100	100	20100	0.003	0	0.003	0.003	201	0	201	201	
0.4	0.5	51	479	6	4	63	16347	60	15588	0.00731667	0.00343211	0.003	0.01	259.8	29.8906	253	389	
0.4	0.5	34	480	21	4	100	19300	100	19300	0.003	0	0.003	0.003	193	0	193	193	
0.4	0.5	35	481	5	4	100	51700	100	51700	0.003	0	0.003	0.003	517	0	517	517	
0.4	0.5	17	482	15	4	100	15300	100	15300	0.003	0	0.003	0.003	153	0	153	153	
0.4	0.5	52	483	27	4	71	10863	72	11016	0.003	0	0.003	0.003	153	0	153	153	
0.4	0.5	8	484	8	4	100	25300	100	25300	0.003	0	0.003	0.003	253	0	253	253	
0.4	0.5	41	485	32	4	66	4422	66	4422	0.003	0	0.003	0.003	67	0	67	67	
0.4	0.5	17	486	14	4	99	6633	99	6633	0.00307071	0.000703526	0.003	0.01	67	0	67	67	
0.4	0.5	1	487	12	4	77	5159	78	5226	0.003	0	0.003	0.003	67	0	67	67	
0.4	0.5	37	488	32	4	77	7469	76	7372	0.003	0	0.003	0.003	97	0	97	97	
0.4	0.5	39	489	21	4	70	13510	71	13703	0.003	0	0.003	0.003	193	0	193	193	
0.4	0.5	1	490	32	4	75	17475	75	17475	0.003	0	0.003	0.003	233	0	233	233	
0.4	0.5	7	491	1	4	100	48500	100	48500	0.003	0	0.003	0.003	485	0	485	485	
0.4	0.5	34	492	9	4	100	7700	100	7700	0.003	0	0.003	0.003	77	0	77	77	
0.4	0.5	40	493	1	4	81	25029	84	25956	0.00458333	0.00294614	0.003	0.01	309	0	309	309	
0.4	0.5	41	494	4	4	62	3036	63	3085	0.003	0	0.003	0.003	48.9683	0.251976	47	49	
0.4	0.5	7	495	5	4	100	59699	100	59699	0.003	0	0.003	0.003	596.99	0.1	596	597	
0.4	0.5	6	496	19	4	100	19300	100	19300	0.003	0	0.003	0.003	193	0	193	193	
0.4	0.5	50	497	7	4	97	24539	97	24539	0.00321649	0.00121815	0.003	0.01	252.979	0.203069	251	253	
0.4	0.5	27	498	4	4	100	10100	100	10100	0.003	0	0.003	0.003	101	0	101	101	
0.4	0.5	45	499	11	4	100	20100	100	20100	0.003	0	0.003	0.003	201	0	201	201	
0.4	0.5	12	500	7	4	100	30100	100	30100	0.003	0	0.003	0.003	301	0	301	301	
0.4	0.5	18	501	5	4	100	38900	100	38900	0.003	0	0.003	0.003	389	0	389	389	
0.4	0.5	38	502	2	4	100	30100	100	30100	0.003	0	0.003	0.003	301	0	301	301	
0.4	0.5	45	503	5	4	100	20100	100	20100	0.003	0	0.003	0.003	201	0	201	201	
0.4	0.5	39	504	4	4	71	3479	70	3430	0.003	0	0.003	0.003	49	0	49	49	
0.4	0.5	46	505	1	4	100	48500	100	48500	0.003	0	0.003	0.003	485	0	485	485	
0.4	0.5	30	506	1	4	100	53300	100	53300	0.003	0	0.003	0.003	533	0	533	533	
0.4	0.5	48	507	2	4	100	30564	100	30564	0.003	0	0.003	0.003	305.64	13.3663	253	309	
0.4	0.5	51	508	9	4	100	27884	100	27884	0.003	0	0.003	0.003	278.84	53.6217	253	389	
0.4	0.5	7	509	4	4	100	30100	100	30100	0.003	0	0.003	0.003	301	0	301	301	
0.4	0.5	20	510	9	4	100	30900	100	30900	0.003	0	0.003	0.003	309	0	309	309	
0.4	0.5	32	511	3	4	100	105600	100	105600	0.003	0	0.003	0.003	1056	0	1056	1056	
0.4	0.5	8	512	5	4	100	25300	100	25300	0.003	0	0.003	0.003	253	0	253	253	
0.4	0.5	2	513	13	4	54	5237	53	5140	0.0089434	0.00252994	0.003	0.01	96.9811	0.137361	96	97	
0.4	0.5	2	514	14	4	100	6700	100	6700	0.003	0	0.003	0.003	67	0	67	67	
0.4	0.5	9	515	9	4	100	20100	100	20100	0.003	0	0.003	0.003	201	0	201	201	
0.4	0.5	24	516	20	4	100	9700	100	9700	0.003	0	0.003	0.003	97	0	97	97	
0.4	0.5	55	517	24	4	86	5762	86	5762	0.003	0	0.003	0.003	67	0	67	67	
0.4	0.5	37	518	14	4	82	7953	82	7953	0.003	0	0.003	0.003	96.9878	0.110432	96	97	
0.4	0.5	19	519	2	4	100	15700	100	15700	0.003	0	0.003	0.003	157	0	157	157	
0.4	0.5	50	520	2	4	100	25300	100	25300	0.003	0	0.003	0.003	253	0	253	253	
0.4	0.5	49	521	6	4	100	38898	100	38898	0.003	0	0.003	0.003	388.98	0.2	387	389	
0.4	0.5	19	522	1	4	100	38900	100	38900	0.003	0	0.003	0.003	389	0	389	389	
0.4	0.5	14	523	6	4	100	31380	100	31380	0.003	0	0.003	0.003	313.8	63.0228	301	621	
0.4	0.5	41	524	22	4	64	4928	63	4851	0.003	0	0.003	0.003	77	0	77	77	
0.4	0.5	21	525	5	4	100	16098	100	16098	0.003	0	0.003	0.003	160.98	0.2	159	161	
0.4	0.5	14	526	12	4	100	13012	100	13012	0.003	0	0.003	0.003	130.12	25.2091	125	253	
0.4	0.5	47	527	8	4	100	20900	100	20900	0.003	0	0.003	0.003	209	0	209	209	
0.4	0.5	17	528	11	4	100	7700	100	7700	0.003	0	0.003	0.003	77	0	77	77	
0.4	0.5	4	529	5	4	100	50100	100	50100	0.003	0	0.003	0.003	501	0	501	501	
0.4	0.5	9	530	2	4	100	38900	100	38900	0.003	0	0.003	0.003	389	0	389	389	
0.4	0.5	15	531	4	4	100	45300	100	45300	0.003	0	0.003	0.003	453	0	453	453	
0.4	0.5	42	532	1	4	100	6700	100	6700	0.003	0	0.003	0.003	67	0	67	67	
0.4	0.5	35	533	3	4	60	18180	61	18497	0.00759016	0.00335349	0.003	0.01	303.23	19.1628	277	317	
0.4	0.5	39	534	9	4	73	11753	72	11592	0.00338889	0.00161468	0.003	0.01	161	0	161	161	
0.4	0.5	10	535	5	4	100	105600	100	105600	0.003	0	0.003	0.003	1056	0	1056	1056	
0.4	0.5	51	536	8	4	100	51156	100	51156	0.003	0	0.003	0.003	511.56	88.3181	469	693	
0.4	0.5	8	537	1	4	100	25300	100	25300	0.003	0	0.003	0.003	253	0	253	253	
0.4	0.5	51	538	1	4	100	22000	100	22000	0.003	0	0.003	0.003	220	39.4277	201	301	
0.4	0.5	30	539	4	4	100	13700	100	13700	0.003	0	0.003	0.003	137	0	137	137	
0.4	0.5	55	540	15	4	86	10750	86	10750	0.003	0	0.003	0.003	125	0	125	125	
0.4	0.5	45	541	1	4	99	31917	99	31917	0.00307071	0.000703526	0.003	0.01	322.394	5.91404	309	325	
0.4	0.5	18	542	2	4	100	13700	100	13700	0.003	0	0.003	0.003	137	0	137	137	
0.4	0.5	48	543	7	4	100	46900	100	46900	0.003	0	0.003	0.003	469	0	469	469	
0.4	0.5	41	544	9	4	56	7000	58	7250	0.00493103	0.00315596	0.003	0.01	125	0	125	125	
0.4	0.5	45	545	10	4	100	30900	100	30900	0.003	0	0.003	0.003	309	0	309	309	
0.4	0.5	30	546	6	4	100	32500	100	32500	0.003	0	0.003	0.003	325	0	325	325	
0.4	0.5	53	547	5	4	100	64500	100	64500	0.003	0	0.003	0.003	645	0	645	645	
0.4	0.5	18	548	3	4	100	38900	100	38900	0.003	0	0.003	0.003	389	0	389	389	
0.4	0.5	37	549	12	4	78	2496	79	2528	0.003	0	0.003	0.003	32	0	32	32	
0.4	0.5	55	550	22	4	84	6468	84	6468	0.003	0	0.003	0.003	77	0	77	77	
0.4	0.5	3	551	11	4	89	11125	87	10875	0.00388506	0.00233987	0.003	0.01	125	0	125	125	
0.4	0.5	3	552	3	4	97	14841	97	14841	0.00321649	0.00121815	0.003	0.01	153	0	153	153	
0.4	0.5	4	553	2	4	100	105600	100	105600	0.003	0	0.003	0.003	1056	0	1056	1056	
0.4	0.5	11	554	2	4	100	50100	100	50100	0.003	0	0.003	0.003	501	0	501	501	
0.4	0.5	20	555	3	4	100	10100	100	10100	0.003	0	0.003	0.003	101	0	101	101	
0.4	0.5	46	556	6	4	100	90300	100	90300	0.003	0	0.003	0.003	903	0	903	903	
0.4	0.5	34	557	2	4	100	3200	99	3168	0.003	0	0.003	0.003	32	0	32	32	
0.4	0.5	18	558	11	4	100	32498	100	32498	0.003	0	0.003	0.003	324.98	0.2	323	325	
0.4	0.5	51	559	3	4	57	9101	58	9258	0.00831034	0.0030216	0.003	0.01	159.621	13.9885	157	233	
0.4	0.5	20	560	7	4	100	13700	100	13700	0.003	0	0.003	0.003	137	0	137	137	
0.4	0.5	18	561	10	4	100	32498	100	32498	0.003	0	0.003	0.003	324.98	0.2	323	325	
0.4	0.5	30	562	5	4	74	11518	74	11518	0.00545946	0.00336456	0.003	0.01	155.649	5.05431	137	157	
0.4	0.5	8	563	2	4	100	30900	100	30900	0.003	0	0.003	0.003	309	0	309	309	
0.4	0.5	26	564	9	4	98	15386	98	15386	0.00321428	0.00121205	0.003	0.01	157	0	157	157	
0.4	0.5	8	565	3	4	100	20100	100	20100	0.003	0	0.003	0.003	201	0	201	201	
0.4	0.5	14	566	2	4	100	16756	100	16756	0.003	0	0.003	0.003	167.56	32.2992	161	325	
0.4	0.5	21	567	3	4	97	9409	97	9409	0.00321649	0.00121815	0.003	0.01	97	0	97	97	
0.4	0.5	30	568	9	4	100	25299	100	25299	0.003	0	0.003	0.003	252.99	0.1	252	253	
0.4	0.5	1	569	27	4	60	7500	58	7250	0.00505172	0.00321413	0.003	0.01	125	0	125	125	
0.4	0.5	27	570	7	4	100	32498	100	32498	0.003	0	0.003	0.003	324.98	0.140705	324	325	
0.4	0.5	23	571	3	4	100	16263	100	16263	0.003	0	0.003	0.003	162.63	16.4013	160	325	
0.4	0.5	17	572	3	4	100	7700	100	7700	0.003	0	0.003	0.003	77	0	77	77	
0.4	0.5	47	573	5	4	100	23300	100	23300	0.003	0	0.003	0.003	233	0	233	233	
0.4	0.5	5	574	48	4	52	6500	51	6375	0.003	0	0.003	0.003	125	0	125	125	
0.4	0.5	17	575	5	4	100	7698	100	7698	0.003	0	0.003	0.003	76.98	0.2	75	77	
0.4	0.5	30	576	3	4	100	13699	100	13700	0.003	0	0.003	0.003	137	0	137	137	
0.4	0.5	55	577	23	4	86	5762	86	5762	0.003	0	0.003	0.003	67	0	67	67	
0.4	0.5	15	578	5	4	100	48308	100	48308	0.003	0	0.003	0.003	483.08	7.63786	453	485	
0.4	0.5	41	579	35	4	64	12352	64	12352	0.003	0	0.003	0.003	193	0	193	193	
0.4	0.5	45	580	3	4	100	25300	100	25300	0.003	0	0.003	0.003	253	0	253	253	
0.4	0.5	10	581	2	4	100	80699	100	80699	0.003	0	0.003	0.003	806.99	0.1	806	807	
0.4	0.5	13	582	3	4	100	20099	100	20099	0.003	0	0.003	0.003	200.99	0.1	200	201	
0.4	0.5	42	583	19	4	100	6700	100	6700	0.003	0	0.003	0.003	67	0	67	67	
0.4	0.5	34	584	12	4	100	4900	100	4900	0.003	0	0.003	0.003	49	0	49	49	
0.4	0.5	16	585	6	4	51	16895	50	16570	0.01	0	0.01	0.01	331.4	31.6718	325	485	
0.4	0.5	27	586	5	4	100	10100	100	10100	0.003	0	0.003	0.003	101	0	101	101	
0.4	0.5	50	587	11	4	100	74900	100	74900	0.003	0	0.003	0.003	749	0	749	749	
0.4	0.5	39	588	6	4	71	3479	70	3430	0.003	0	0.003	0.003	49	0	49	49	
0.4	0.5	39	589	19	4	63	7847	64	7972	0.00376562	0.00220204	0.003	0.01	124.562	3.5	97	125	
0.4	0.5	42	590	16	4	100	4900	100	4900	0.003	0	0.003	0.003	49	0	49	49	
0.4	0.5	3	591	6	4	100	19299	100	19299	0.003	0	0.003	0.003	192.99	0.1	192	193	
0.4	0.5	12	592	1	4	100	90300	100	90300	0.003	0	0.003	0.003	903	0	903	903	
0.4	0.5	37	593	31	4	77	5929	76	5852	0.0030921	0.000802955	0.003	0.01	77	0	77	77	
0.4	0.5	51	594	2	4	93	15513	93	15513	0.00352688	0.00185678	0.003	0.01	166.806	25.616	157	233	
0.4	0.5	55	595	28	4	85	4165	85	4165	0.00308235	0.000759257	0.003	0.01	49	0	49	49	
0.4	0.5	55	596	4	4	62	4774	62	4774	0.00627419	0.00352122	0.003	0.01	77	0	77	77	
0.4	0.5	9	597	3	4	100	25300	100	25300	0.003	0	0.003	0.003	253	0	253	253	
0.4	0.5	50	598	1	4	100	13698	100	13698	0.003	0	0.003	0.003	136.98	0.2	135	137	
0.4	0.5	16	599	7	4	100	37940	100	38100	0.003	0	0.003	0.003	381	76.6996	325	485	
0.4	0.5	42	600	13	4	100	37300	100	37300	0.003	0	0.003	0.003	373	0	373	373	
0.4	0.5	38	601	1	4	100	38900	100	38900	0.003	0	0.003	0.003	389	0	389	389	
0.4	0.5	31	602	1	4	100	40500	100	40500	0.003	0	0.003	0.003	405	0	405	405	
0.4	0.5	41	603	24	4	66	4422	65	4355	0.003	0	0.003	0.003	67	0	67	67	
0.4	0.5	47	604	4	4	100	38900	100	38900	0.003	0	0.003	0.003	389	0	389	389	
0.4	0.5	52	605	14	4	72	5543	72	5543	0.003	0	0.003	0.003	76.9861	0.117851	76	77	
0.4	0.5	39	606	26	4	72	8972	73	9097	0.00328767	0.0013992	0.003	0.01	124.616	3.27715	97	125	
0.4	0.5	42	607	3	4	99	7623	99	7623	0.00307071	0.000703526	0.003	0.01	77	0	77	77	
0.4	0.5	45	608	2	4	100	53300	100	53300	0.003	0	0.003	0.003	533	0	533	533	
0.4	0.5	3	609	13	4	99	15939	99	15939	0.00307071	0.000703526	0.003	0.01	161	0	161	161	
0.4	0.5	41	610	10	4	65	2080	65	2080	0.00310769	0.000868243	0.003	0.01	32	0	32	32	
0.4	0.5	14	611	7	4	100	13012	100	13012	0.003	0	0.003	0.003	130.12	25.2091	125	253	
0.4	0.5	28	612	3	4	100	40500	100	40500	0.003	0	0.003	0.003	405	0	405	405	
0.4	0.5	37	613	25	4	79	2528	78	2496	0.003	0	0.003	0.003	32	0	32	32	
0.4	0.5	5	614	50	4	52	7956	52	7956	0.003	0	0.003	0.003	153	0	153	153	
0.4	0.5	18	615	1	4	90	18088	88	17686	0.003875	0.0023283	0.003	0.01	200.977	0.213201	199	201	
0.4	0.5	55	616	11	4	84	31330	84	31330	0.003	0	0.003	0.003	372.976	0.153371	372	373	
0.4	0.5	9	617	5	4	100	15700	100	15700	0.003	0	0.003	0.003	157	0	157	157	
0.4	0.5	52	618	25	4	71	5467	72	5544	0.003	0	0.003	0.003	77	0	77	77	
0.4	0.5	2	619	1	4	100	15300	100	15300	0.003	0	0.003	0.003	153	0	153	153	
0.4	0.5	39	620	27	4	70	6770	70	6770	0.0032	0.00117461	0.003	0.01	96.7143	2.39046	77	97	
0.4	0.5	11	621	4	4	100	38900	100	38900	0.003	0	0.003	0.003	389	0	389	389	
0.4	0.5	16	622	1	4	100	23500	100	23600	0.003	0	0.003	0.003	236	47.9372	201	301	
0.4	0.5	3	623	8	4	100	16100	100	16100	0.003	0	0.003	0.003	161	0	161	161	
0.4	0.5	2	624	3	4	100	9700	100	9700	0.003	0	0.003	0.003	97	0	97	97	
0.4	0.5	16	625	4	4	62	10114	60	9724	0.00743333	0.00340173	0.003	0.01	162.067	19.1177	157	233	
0.4	0.5	39	626	1	4	57	3819	59	3953	0.00525424	0.00329887	0.003	0.01	67	0	67	67	
0.4	0.5	39	627	18	4	76	9498	77	9623	0.003	0	0.003	0.003	124.974	0.227921	123	125	
0.4	0.5	37	628	19	4	76	20444	77	20713	0.003	0	0.003	0.003	269	0	269	269	
0.4	0.5	38	629	5	4	100	38898	100	38898	0.003	0	0.003	0.003	388.98	0.2	387	389	
0.4	0.5	14	630	11	4	100	15924	100	15924	0.003	0	0.003	0.003	159.24	30.7236	153	309	
0.4	0.5	41	631	7	4	59	22007	59	22007	0.00727119	0.00344329	0.003	0.01	373	0	373	373	
0.4	0.5	44	632	4	4	100	46900	100	46900	0.003	0	0.003	0.003	469	0	469	469	
0.4	0.5	23	633	12	4	100	9804	100	9804	0.003	0	0.003	0.003	98.04	10.4	97	201	
0.4	0.5	40	634	7	4	65	13065	64	12864	0.0069375	0.0035	0.003	0.01	201	0	201	201	
0.4	0.5	17	635	12	4	84	6466	85	6543	0.00431765	0.00275254	0.003	0.01	76.9765	0.21693	75	77	
0.4	0.5	3	636	7	4	100	9698	100	9698	0.003	0	0.003	0.003	96.98	0.2	95	97	
0.4	0.5	52	637	9	4	72	4824	71	4757	0.003	0	0.003	0.003	67	0	67	67	
0.4	0.5	54	638	9	4	100	43540	100	43540	0.003	0	0.003	0.003	435.4	39.6836	389	469	
0.4	0.5	6	639	2	4	78	29094	78	29094	0.00497436	0.00317038	0.003	0.01	373	0	373	373	
0.4	0.5	35	640	6	4	100	27700	100	27700	0.003	0	0.003	0.003	277	0	277	277	
0.4	0.5	37	641	13	4	76	22876	77	23177	0.003	0	0.003	0.003	301	0	301	301	
0.4	0.5	35	642	2	4	100	62100	100	62100	0.003	0	0.003	0.003	621	0	621	621	
0.4	0.5	42	643	8	4	100	6700	100	6700	0.003	0	0.003	0.003	67	0	67	67	
0.4	0.5	41	644	37	4	69	2208	67	2144	0.003	0	0.003	0.003	32	0	32	32	
0.4	0.5	43	645	8	4	100	45300	100	45300	0.003	0	0.003	0.003	453	0	453	453	
0.4	0.5	2	646	8	4	51	8211	49	7889	0.01	0	0.01	0.01	161	0	161	161	
0.4	0.5	25	647	2	4	100	80060	100	80060	0.003	0	0.003	0.003	800.6	12.8645	775	807	
0.4	0.5	36	648	5	4	100	30100	100	30100	0.003	0	0.003	0.003	301	0	301	301	
0.4	0.5	14	649	9	4	100	31380	100	31380	0.003	0	0.003	0.003	313.8	63.0228	301	621	
0.4	0.5	26	650	4	4	58	9106	60	9420	0.0079	0.00323487	0.003	0.01	157	0	157	157	
0.4	0.5	42	651	18	4	100	6700	100	6700	0.003	0	0.003	0.003	67	0	67	67	
0.4	0.5	13	652	7	4	100	59812	100	59724	0.003	0	0.003	0.003	597.24	39.2653	533	621	
0.4	0.5	55	653	5	4	70	11270	71	11431	0.00457746	0.00294551	0.003	0.01	161	0	161	161	
0.4	0.5	55	654	1	4	86	5762	86	5762	0.003	0	0.003	0.003	67	0	67	67	
0.4	0.5	54	655	4	4	100	46900	100	46900	0.003	0	0.003	0.003	469	0	469	469	
0.4	0.5	19	656	8	4	100	74900	100	74900	0.003	0	0.003	0.003	749	0	749	749	
0.4	0.5	41	657	40	4	62	6014	63	6111	0.003	0	0.003	0.003	97	0	97	97	
0.4	0.5	44	658	2	4	100	46900	100	46900	0.003	0	0.003	0.003	469	0	469	469	
0.4	0.5	10	659	7	4	100	38900	100	38900	0.003	0	0.003	0.003	389	0	389	389	
0.4	0.5	29	660	9	4	100	20100	100	20100	0.003	0	0.003	0.003	201	0	201	201	
0.4	0.5	23	661	8	4	100	6770	100	6770	0.003	0	0.003	0.003	67.7	7	67	137	
0.4	0.5	6	662	5	4	100	30100	100	30100	0.003	0	0.003	0.003	301	0	301	301	
0.4	0.5	24	663	21	4	100	12498	100	12498	0.003	0	0.003	0.003	124.98	0.2	123	125	
0.4	0.5	24	664	16	4	100	7700	100	7700	0.003	0	0.003	0.003	77	0	77	77	
0.4	0.5	5	665	49	4	49	6125	49	6125	0.003	0	0.003	0.003	125	0	125	125	
0.4	0.5	1	666	30	4	76	9500	75	9375	0.00309333	0.00080829	0.003	0.01	125	0	125	125	
0.4	0.5	5	667	44	4	51	3417	51	3417	0.003	0	0.003	0.003	67	0	67	67	
0.4	0.5	5	668	35	4	50	9650	50	9650	0.003	0	0.003	0.003	193	0	193	193	
0.4	0.5	5	669	52	4	52	3484	52	3484	0.003	0	0.003	0.003	67	0	67	67	
0.4	0.5	23	670	14	4	100	6770	100	6770	0.003	0	0.003	0.003	67.7	7	67	137	
0.4	0.5	5	671	13	4	50	4850	50	4850	0.003	0	0.003	0.003	97	0	97	97	
0.4	0.5	5	672	26	4	52	5044	52	5044	0.003	0	0.003	0.003	97	0	97	97	
0.4	0.5	5	673	24	4	51	3399	52	3466	0.00367308	0.00208375	0.003	0.01	66.6538	2.49615	49	67	
0.4	0.5	5	674	37	4	49	6125	49	6125	0.003	0	0.003	0.003	125	0	125	125	
0.4	0.5	5	675	32	4	47	5875	47	5875	0.003	0	0.003	0.003	125	0	125	125	
0.4	0.5	5	676	40	4	50	6250	50	6250	0.00328	0.00138564	0.003	0.01	125	0	125	125	
0.4	0.5	5	677	3	4	49	3773	49	3773	0.003	0	0.003	0.003	77	0	77	77	
0.4	0.5	5	678	5	4	49	6125	49	6125	0.003	0	0.003	0.003	125	0	125	125	
0.4	0.5	5	679	19	4	49	6125	49	6125	0.003	0	0.003	0.003	125	0	125	125	
0.4	0.5	5	680	47	4	48	12910	48	12910	0.003	0	0.003	0.003	268.958	0.288675	267	269	
0.4	0.5	5	681	30	4	49	3283	49	3283	0.003	0	0.003	0.003	67	0	67	67	
0.4	0.5	1	682	13	4	53	6625	52	6500	0.00609615	0.00351054	0.003	0.01	125	0	125	125	
0.4	0.5	1	683	7	4	70	8748	69	8623	0.00391304	0.00237474	0.003	0.01	124.971	0.240772	123	125	
0.4	0.5	5	684	2	4	52	10036	52	10036	0.003	0	0.003	0.003	193	0	193	193	
0.4	0.5	1	685	20	4	74	7178	74	7178	0.003	0	0.003	0.003	97	0	97	97	
0.4	0.5	6	686	6	4	100	16099	100	16099	0.003	0	0.003	0.003	160.99	0.1	160	161	
0.4	0.5	1	687	24	4	56	13007	58	13473	0.0052931	0.00331402	0.003	0.01	232.293	5.25159	193	233	
0.4	0.5	6	688	20	4	100	7700	100	7700	0.003	0	0.003	0.003	77	0	77	77	
0.4	0.5	1	689	29	4	69	5313	69	5313	0.00371014	0.00212894	0.003	0.01	77	0	77	77	
0.4	0.5	1	690	5	4	75	9375	75	9375	0.003	0	0.003	0.003	125	0	125	125	
0.4	0.5	5	691	51	4	49	3773	49	3773	0.003	0	0.003	0.003	77	0	77	77	
0.4	0.5	6	692	13	4	100	12500	100	12500	0.003	0	0.003	0.003	125	0	125	125	
0.4	0.5	1	693	18	4	72	4824	72	4824	0.003	0	0.003	0.003	67	0	67	67	
0.4	0.5	6	694	11	4	100	9700	100	9700	0.003	0	0.003	0.003	97	0	97	97	
0.4	0.5	5	695	9	4	51	8211	51	8211	0.00313725	0.000980196	0.003	0.01	161	0	161	161	
0.4	0.5	5	696	28	4	51	13719	51	13719	0.003	0	0.003	0.003	269	0	269	269	
0.4	0.5	5	697	31	4	50	6250	50	6250	0.003	0	0.003	0.003	125	0	125	125	
0.4	0.5	43	698	4	4	100	20900	100	20900	0.003	0	0.003	0.003	209	0	209	209	
0.4	0.5	24	699	11	4	100	12500	100	12500	0.003	0	0.003	0.003	125	0	125	125	
0.4	0.5	5	700	1	4	48	7728	48	7728	0.003	0	0.003	0.003	161	0	161	161	
0.4	0.5	24	701	6	4	99	9603	99	9603	0.00307071	0.000703526	0.003	0.01	97	0	97	97	
0.4	0.5	24	702	12	4	100	12500	100	12500	0.003	0	0.003	0.003	125	0	125	125	
0.4	0.5	1	703	4	4	75	7275	75	7275	0.003	0	0.003	0.003	97	0	97	97	
0.4	0.5	5	704	20	4	50	6250	50	6250	0.003	0	0.003	0.003	125	0	125	125	
0.4	0.5	1	705	21	4	76	20444	76	20444	0.003	0	0.003	0.003	269	0	269	269	
0.4	0.5	1	706	2	4	73	11169	73	11169	0.003	0	0.003	0.003	153	0	153	153	
0.4	0.5	24	707	5	4	88	6716	88	6716	0.00395454	0.00241599	0.003	0.01	76.3182	2.53502	67	77	
0.4	0.5	1	708	15	4	75	5025	76	5092	0.003	0	0.003	0.003	67	0	67	67	
0.4	0.5	6	709	12	4	100	15300	100	15300	0.003	0	0.003	0.003	153	0	153	153	
0.4	0.5	24	710	22	4	100	15244	100	15244	0.003	0	0.003	0.003	152.44	3.93975	125	153	
0.4	0.5	5	711	27	4	47	3619	47	3619	0.00329787	0.00142821	0.003	0.01	77	0	77	77	
0.4	0.5	1	712	16	4	49	3773	49	3773	0.00714286	0.00347611	0.003	0.01	77	0	77	77	
0.4	0.5	5	713	14	4	50	7594	50	7594	0.003	0	0.003	0.003	151.88	5.54256	125	153	
0.4	0.5	5	714	36	4	49	13181	48	12912	0.003	0	0.003	0.003	269	0	269	269	
0.4	0.5	5	715	34	4	49	6125	49	6125	0.003	0	0.003	0.003	125	0	125	125	
0.4	0.5	24	716	3	4	100	16099	100	16099	0.003	0	0.003	0.003	160.99	0.1	160	161	
0.4	0.5	6	717	9	4	100	9698	100	9698	0.003	0	0.003	0.003	96.98	0.2	95	97	
0.4	0.5	5	718	41	4	49	13181	49	13181	0.003	0	0.003	0.003	269	0	269	269	
0.4	0.5	30	719	12	4	100	10100	100	10100	0.003	0	0.003	0.003	101	0	101	101	
0.4	0.5	5	720	15	4	50	7650	50	7650	0.003	0	0.003	0.003	153	0	153	153	
0.4	0.5	5	721	18	4	51	6375	51	6375	0.003	0	0.003	0.003	125	0	125	125	
0.4	0.5	1	722	8	4	61	5917	62	6014	0.00491935	0.00314824	0.003	0.01	97	0	97	97	
0.4	0.5	1	723	9	4	72	11016	72	11016	0.003	0	0.003	0.003	153	0	153	153	
0.4	0.5	5	724	10	4	49	6125	49	6125	0.003	0	0.003	0.003	125	0	125	125	
0.4	0.5	1	725	11	4	73	11753	74	11914	0.003	0	0.003	0.003	161	0	161	161	
0.4	0.5	1	726	17	4	65	10457	66	10618	0.00437879	0.0028053	0.003	0.01	160.879	0.984732	153	161	
0.4	0.5	5	727	43	4	49	6125	49	6125	0.003	0	0.003	0.003	125	0	125	125	
0.4	0.5	5	728	29	4	48	9264	48	9264	0.003	0	0.003	0.003	193	0	193	193	
0.4	0.5	5	729	7	4	50	3850	50	3850	0.003	0	0.003	0.003	77	0	77	77	
0.4	0.5	1	730	22	4	76	5852	76	5852	0.003	0	0.003	0.003	77	0	77	77	
0.4	0.5	5	731	4	4	52	4004	52	4004	0.00326923	0.00135929	0.003	0.01	77	0	77	77	
0.4	0.5	1	732	28	4	76	9500	75	9375	0.003	0	0.003	0.003	125	0	125	125	
0.4	0.5	1	733	31	4	78	20982	77	20713	0.003	0	0.003	0.003	269	0	269	269	
0.4	0.5	23	734	2	4	100	6770	100	6770	0.003	0	0.003	0.003	67.7	7	67	137	
0.4	0.5	1	735	23	4	75	7275	75	7275	0.003	0	0.003	0.003	97	0	97	97	
0.4	0.5	24	736	18	4	100	19300	100	19300	0.003	0	0.003	0.003	193	0	193	193	
0.4	0.5	43	737	3	4	100	105600	100	105600	0.003	0	0.003	0.003	1056	0	1056	1056	
0.4	0.5	25	738	4	4	100	64500	100	64500	0.003	0	0.003	0.003	645	0	645	645	
0.4	0.5	5	739	39	4	50	6250	50	6250	0.003	0	0.003	0.003	125	0	125	125	
0.4	0.5	1	740	33	4	66	5082	65	5005	0.00375385	0.00218683	0.003	0.01	77	0	77	77	
0.4	0.5	5	741	33	4	50	13450	50	13450	0.003	0	0.003	0.003	269	0	269	269	
0.4	0.5	5	742	6	4	50	6250	50	6250	0.003	0	0.003	0.003	125	0	125	125	
0.4	0.5	5	743	8	4	49	3283	49	3283	0.003	0	0.003	0.003	67	0	67	67	
0.4	0.5	1	744	6	4	75	5025	75	5025	0.003	0	0.003	0.003	67	0	67	67	
0.4	0.5	24	745	7	4	98	7546	98	7546	0.00314286	0.000994832	0.003	0.01	77	0	77	77	
0.4	0.5	5	746	12	4	48	17904	48	17904	0.003	0	0.003	0.003	373	0	373	373	
0.4	0.5	5	747	38	4	50	6250	50	6250	0.003	0	0.003	0.003	125	0	125	125	
0.4	0.5	5	748	22	4	51	7803	51	7803	0.003	0	0.003	0.003	153	0	153	153	
0.4	0.5	5	749	11	4	51	11883	52	12116	0.00313461	0.000970725	0.003	0.01	233	0	233	233	
0.4	0.5	24	750	2	4	81	7857	82	7954	0.00462195	0.00297164	0.003	0.01	97	0	97	97	
