% start	end	CellId	IMSI	RNTI	LCID	nTxPDUs	TxBytes	nRxPDUs	RxBytes	delay	stdDev	min	max	PduSize	stdDev	min	max
0.4	0.5	44	1	6	4	54	13662	52	13156	0.00892308	0.00255025	0.003	0.01	253	0	253	253	
0.4	0.5	52	2	30	4	79	12087	80	12240	0.003	0	0.003	0.003	153	0	153	153	
0.4	0.5	37	3	18	4	66	5082	66	5082	0.003	0	0.003	0.003	77	0	77	77	
0.4	0.5	37	4	8	4	64	4928	64	4928	0.003	0	0.003	0.003	77	0	77	77	
0.4	0.5	42	5	16	4	88	8536	88	8536	0.00395454	0.00241599	0.003	0.01	97	0	97	97	
0.4	0.5	5	6	35	4	47	4557	48	4654	0.00620833	0.00352474	0.003	0.01	96.9583	0.288675	95	97	
0.4	0.5	42	7	18	4	100	3199	100	3199	0.003	0	0.003	0.003	31.99	0.1	31	32	
0.4	0.5	19	8	12	4	100	32500	100	32500	0.003	0	0.003	0.003	325	0	325	325	
0.4	0.5	9	9	12	4	100	46898	100	46898	0.003	0	0.003	0.003	468.98	0.2	467	469	
0.4	0.5	13	10	1	4	100	13700	100	13700	0.003	0	0.003	0.003	137	0	137	137	
0.4	0.5	42	11	9	4	100	19300	100	19300	0.003	0	0.003	0.003	193	0	193	193	
0.4	0.5	40	12	6	4	100	20098	100	20098	0.003	0	0.003	0.003	200.98	0.2	199	201	
0.4	0.5	25	13	6	4	100	37300	100	37300	0.003	0	0.003	0.003	373	0	373	373	
0.4	0.5	39	14	2	4	42	2814	43	2881	0.01	0	0.01	0.01	67	0	67	67	
0.4	0.5	2	15	9	4	100	7700	100	7700	0.003	0	0.003	0.003	77	0	77	77	
0.4	0.5	6	16	20	4	87	32451	88	32824	0.00403409	0.00249804	0.003	0.01	373	0	373	373	
0.4	0.5	50	17	8	4	100	20100	100	20100	0.003	0	0.003	0.003	201	0	201	201	
0.4	0.5	5	18	24	4	48	4656	49	4753	0.004	0.00247487	0.003	0.01	97	0	97	97	
0.4	0.5	3	19	7	4	58	17754	59	18063	0.00822034	0.00307419	0.003	0.01	306.153	12.408	253	309	
0.4	0.5	6	20	13	4	100	19300	100	19300	0.003	0	0.003	0.003	193	0	193	193	
0.4	0.5	42	21	7	4	100	9700	100	9700	0.003	0	0.003	0.003	97	0	97	97	
0.4	0.5	41	22	39	4	60	7500	60	7500	0.003	0	0.003	0.003	125	0	125	125	
0.4	0.5	39	23	17	4	84	10498	83	10373	0.003	0	0.003	0.003	124.976	0.219529	123	125	
0.4	0.5	2	24	10	4	69	5313	70	5390	0.0061	0.00350217	0.003	0.01	77	0	77	77	
0.4	0.5	37	25	6	4	67	5159	67	5159	0.00310448	0.000855186	0.003	0.01	77	0	77	77	
0.4	0.5	52	26	5	4	79	7661	79	7661	0.003	0	0.003	0.003	96.9747	0.225018	95	97	
0.4	0.5	32	27	1	4	100	69300	100	69300	0.003	0	0.003	0.003	693	0	693	693	
0.4	0.5	13	28	5	4	100	32498	100	32498	0.003	0	0.003	0.003	324.98	0.2	323	325	
0.4	0.5	37	29	1	4	68	3332	68	3332	0.003	0	0.003	0.003	49	0	49	49	
0.4	0.5	21	30	8	4	53	8109	50	7650	0.00944	0.00191833	0.003	0.01	153	0	153	153	
0.4	0.5	24	31	9	4	100	12500	100	12500	0.003	0	0.003	0.003	125	0	125	125	
0.4	0.5	20	32	9	4	53	8281	51	7967	0.00972549	0.00137227	0.003	0.01	156.216	3.92078	137	157	
0.4	0.5	16	33	2	4	100	80700	100	80700	0.003	0	0.003	0.003	807	0	807	807	
0.4	0.5	34	34	4	4	98	18914	98	18914	0.003	0	0.003	0.003	193	0	193	193	
0.4	0.5	38	35	5	4	100	20100	100	20100	0.003	0	0.003	0.003	201	0	201	201	
0.4	0.5	29	36	6	4	100	23300	100	23300	0.003	0	0.003	0.003	233	0	233	233	
0.4	0.5	55	37	15	4	99	4849	100	4898	0.003	0	0.003	0.003	48.98	0.2	47	49	
0.4	0.5	42	38	17	4	100	37300	100	37300	0.003	0	0.003	0.003	373	0	373	373	
0.4	0.5	52	39	20	4	80	6160	80	6160	0.003	0	0.003	0.003	77	0	77	77	
0.4	0.5	56	40	8	4	100	6700	100	6700	0.003	0	0.003	0.003	67	0	67	67	
0.4	0.5	19	41	8	4	100	38898	100	38898	0.003	0	0.003	0.003	388.98	0.2	387	389	
0.4	0.5	36	42	1	4	100	77500	100	77500	0.003	0	0.003	0.003	775	0	775	775	
0.4	0.5	3	43	8	4	100	25300	100	25300	0.003	0	0.003	0.003	253	0	253	253	
0.4	0.5	15	44	2	4	100	77499	100	77499	0.003	0	0.003	0.003	774.99	0.1	774	775	
0.4	0.5	55	45	6	4	92	7084	92	7084	0.003	0	0.003	0.003	77	0	77	77	
0.4	0.5	34	46	9	4	94	9118	94	9118	0.003	0	0.003	0.003	97	0	97	97	
0.4	0.5	28	47	3	4	94	21902	94	21902	0.00344681	0.00172032	0.003	0.01	233	0	233	233	
0.4	0.5	9	48	8	4	100	32500	100	32500	0.003	0	0.003	0.003	325	0	325	325	
0.4	0.5	37	49	2	4	66	4422	66	4422	0.003	0	0.003	0.003	67	0	67	67	
0.4	0.5	46	50	6	4	95	30843	96	31168	0.00336458	0.00156353	0.003	0.01	324.667	2.29721	309	325	
0.4	0.5	56	51	13	4	100	9700	100	9700	0.003	0	0.003	0.003	97	0	97	97	
0.4	0.5	34	52	6	4	98	6566	98	6566	0.003	0	0.003	0.003	67	0	67	67	
0.4	0.5	39	53	10	4	87	5829	87	5829	0.003	0	0.003	0.003	67	0	67	67	
0.4	0.5	52	54	3	4	81	30213	82	30586	0.003	0	0.003	0.003	373	0	373	373	
0.4	0.5	34	55	2	4	98	6566	98	6566	0.003	0	0.003	0.003	67	0	67	67	
0.4	0.5	54	56	3	4	70	102524	70	102440	0.006	0.00348911	0.003	0.01	1463.43	520.59	1056	2196	
0.4	0.5	39	57	24	4	84	5628	83	5561	0.003	0	0.003	0.003	67	0	67	67	
0.4	0.5	9	58	11	4	100	30900	100	30900	0.003	0	0.003	0.003	309	0	309	309	
0.4	0.5	39	59	8	4	81	5427	82	5494	0.003	0	0.003	0.003	67	0	67	67	
0.4	0.5	22	60	7	4	95	14914	95	14914	0.00329474	0.00141326	0.003	0.01	156.989	0.102598	156	157	
0.4	0.5	48	61	9	4	61	13461	61	13461	0.00759016	0.00335349	0.003	0.01	220.672	40.0819	201	301	
0.4	0.5	46	62	7	4	73	12752	73	12880	0.00578082	0.00344902	0.003	0.01	176.438	31.3533	136	201	
0.4	0.5	19	63	3	4	100	53300	100	53300	0.003	0	0.003	0.003	533	0	533	533	
0.4	0.5	48	64	6	4	93	80383	92	79288	0.00360869	0.00198321	0.003	0.01	861.826	163.086	749	1095	
0.4	0.5	29	65	4	4	100	6700	100	6700	0.003	0	0.003	0.003	67	0	67	67	
0.4	0.5	47	66	8	4	100	32499	100	32499	0.003	0	0.003	0.003	324.99	0.1	324	325	
0.4	0.5	47	67	1	4	100	25300	100	25300	0.003	0	0.003	0.003	253	0	253	253	
0.4	0.5	1	68	15	4	83	8051	84	8148	0.00325	0.00130684	0.003	0.01	97	0	97	97	
0.4	0.5	9	69	1	4	53	17143	52	16820	0.00932692	0.00208375	0.003	0.01	323.462	4.76285	309	325	
0.4	0.5	3	70	4	4	100	20098	100	20098	0.003	0	0.003	0.003	200.98	0.2	199	201	
0.4	0.5	41	71	37	4	62	6014	61	5917	0.003	0	0.003	0.003	97	0	97	97	
0.4	0.5	56	72	14	4	100	19300	100	19300	0.003	0	0.003	0.003	193	0	193	193	
0.4	0.5	34	73	30	4	98	12248	98	12248	0.003	0	0.003	0.003	124.98	0.202031	123	125	
0.4	0.5	55	74	12	4	91	8827	91	8827	0.00307692	0.000733799	0.003	0.01	97	0	97	97	
0.4	0.5	41	75	25	4	59	1298	59	1298	0.003	0	0.003	0.003	22	0	22	22	
0.4	0.5	7	76	4	4	100	105600	100	105600	0.003	0	0.003	0.003	1056	0	1056	1056	
0.4	0.5	28	77	2	4	100	66036	100	66036	0.003	0	0.003	0.003	660.36	45.7051	597	693	
0.4	0.5	38	78	9	4	100	74900	100	74900	0.003	0	0.003	0.003	749	0	749	749	
0.4	0.5	34	79	21	4	80	10000	81	10125	0.00420988	0.00266325	0.003	0.01	125	0	125	125	
0.4	0.5	1	80	3	4	53	4081	51	3927	0.00752941	0.00337848	0.003	0.01	77	0	77	77	
0.4	0.5	52	81	16	4	81	5427	81	5427	0.003	0	0.003	0.003	67	0	67	67	
0.4	0.5	41	82	5	4	61	11773	61	11773	0.003	0	0.003	0.003	193	0	193	193	
0.4	0.5	38	83	7	4	100	25300	100	25299	0.003	0	0.003	0.003	252.99	0.1	252	253	
0.4	0.5	38	84	1	4	51	16575	49	15925	0.01	0	0.01	0.01	325	0	325	325	
0.4	0.5	22	85	8	4	100	20100	100	20100	0.003	0	0.003	0.003	201	0	201	201	
0.4	0.5	2	86	7	4	100	37300	100	37300	0.003	0	0.003	0.003	373	0	373	373	
0.4	0.5	39	87	20	4	81	3969	80	3920	0.003	0	0.003	0.003	49	0	49	49	
0.4	0.5	37	88	29	4	65	9945	65	9945	0.003	0	0.003	0.003	153	0	153	153	
0.4	0.5	42	89	13	4	84	31332	84	31332	0.00433333	0.00276525	0.003	0.01	373	0	373	373	
0.4	0.5	21	90	12	4	100	9908	100	9908	0.003	0	0.003	0.003	99.08	14.6334	97	201	
0.4	0.5	30	91	5	4	100	34899	100	34899	0.003	0	0.003	0.003	348.99	0.1	348	349	
0.4	0.5	39	92	32	4	79	3871	80	3920	0.003175	0.00109977	0.003	0.01	49	0	49	49	
0.4	0.5	26	93	1	4	81	62775	82	63550	0.00462195	0.00297164	0.003	0.01	775	0	775	775	
0.4	0.5	42	94	11	4	100	6700	100	6700	0.003	0	0.003	0.003	67	0	67	67	
0.4	0.5	34	95	15	4	94	4606	94	4606	0.003	0	0.003	0.003	49	0	49	49	
0.4	0.5	24	96	14	4	100	9700	100	9700	0.003	0	0.003	0.003	97	0	97	97	
0.4	0.5	2	97	13	4	100	19300	100	19300	0.003	0	0.003	0.003	193	0	193	193	
0.4	0.5	41	98	34	4	62	1984	62	1984	0.0031129	0.000889001	0.003	0.01	32	0	32	32	
0.4	0.5	35	99	4	4	100	74900	100	74900	0.003	0	0.003	0.003	749	0	749	749	
0.4	0.5	50	100	12	4	100	13700	100	13700	0.003	0	0.003	0.003	137	0	137	137	
0.4	0.5	39	101	11	4	83	22327	83	22327	0.003	0	0.003	0.003	269	0	269	269	
0.4	0.5	56	102	6	4	89	8633	87	8439	0.00388506	0.00233987	0.003	0.01	97	0	97	97	
0.4	0.5	41	103	2	4	61	4087	61	4087	0.003	0	0.003	0.003	67	0	67	67	
0.4	0.5	46	104	10	4	100	25300	100	25300	0.003	0	0.003	0.003	253	0	253	253	
0.4	0.5	5	105	6	4	50	3350	48	3216	0.00372917	0.00216096	0.003	0.01	67	0	67	67	
0.4	0.5	44	106	9	4	50	7850	50	7850	0.00986	0.000989949	0.003	0.01	157	0	157	157	
0.4	0.5	48	107	5	4	100	23498	100	23598	0.003	0	0.003	0.003	235.98	47.9524	199	301	
0.4	0.5	51	108	3	4	100	64500	100	64500	0.003	0	0.003	0.003	645	0	645	645	
0.4	0.5	27	109	5	4	100	53300	100	53300	0.003	0	0.003	0.003	533	0	533	533	
0.4	0.5	14	110	6	4	100	105600	100	105600	0.003	0	0.003	0.003	1056	0	1056	1056	
0.4	0.5	4	111	4	4	50	7850	52	8164	0.00973077	0.00135929	0.003	0.01	157	0	157	157	
0.4	0.5	53	112	1	4	100	105600	100	105600	0.003	0	0.003	0.003	1056	0	1056	1056	
0.4	0.5	55	113	19	4	99	12373	99	12373	0.003	0	0.003	0.003	124.98	0.201008	123	125	
0.4	0.5	2	114	14	4	70	5390	70	5390	0.006	0.00348911	0.003	0.01	77	0	77	77	
0.4	0.5	55	115	16	4	93	17949	93	17949	0.003	0	0.003	0.003	193	0	193	193	
0.4	0.5	57	116	3	4	100	25300	100	25300	0.003	0	0.003	0.003	253	0	253	253	
0.4	0.5	41	117	36	4	55	3974	55	3964	0.00376364	0.00220239	0.003	0.01	72.0727	5.0657	66	77	
0.4	0.5	38	118	6	4	100	38900	100	38900	0.003	0	0.003	0.003	389	0	389	389	
0.4	0.5	18	119	5	4	100	34900	100	34900	0.003	0	0.003	0.003	349	0	349	349	
0.4	0.5	37	120	37	4	68	2176	68	2176	0.003	0	0.003	0.003	32	0	32	32	
0.4	0.5	17	121	9	4	100	20098	100	20098	0.003	0	0.003	0.003	200.98	0.2	199	201	
0.4	0.5	56	122	5	4	100	19300	100	19300	0.003	0	0.003	0.003	193	0	193	193	
0.4	0.5	24	123	2	4	99	7623	99	7623	0.00307071	0.000703526	0.003	0.01	77	0	77	77	
0.4	0.5	39	124	1	4	81	2592	82	2624	0.003	0	0.003	0.003	32	0	32	32	
0.4	0.5	50	125	7	4	100	46900	100	46900	0.003	0	0.003	0.003	469	0	469	469	
0.4	0.5	52	126	14	4	80	18640	80	18640	0.003	0	0.003	0.003	233	0	233	233	
0.4	0.5	41	127	3	4	55	12775	54	12542	0.00364815	0.00204808	0.003	0.01	232.259	5.44331	193	233	
0.4	0.5	41	128	35	4	59	13747	59	13747	0.003	0	0.003	0.003	233	0	233	233	
0.4	0.5	7	129	5	4	100	23300	100	23300	0.003	0	0.003	0.003	233	0	233	233	
0.4	0.5	41	130	13	4	60	5820	60	5820	0.003	0	0.003	0.003	97	0	97	97	
0.4	0.5	41	131	24	4	61	2989	61	2989	0.003	0	0.003	0.003	49	0	49	49	
0.4	0.5	17	132	2	4	100	25298	100	25298	0.003	0	0.003	0.003	252.98	0.2	251	253	
0.4	0.5	3	133	2	4	51	7947	52	8104	0.00959615	0.00164805	0.003	0.01	155.846	4.70871	137	157	
0.4	0.5	35	134	2	4	100	25300	100	25300	0.003	0	0.003	0.003	253	0	253	253	
0.4	0.5	45	135	2	4	100	30900	100	30900	0.003	0	0.003	0.003	309	0	309	309	
0.4	0.5	47	136	7	4	93	34192	93	34192	0.00345161	0.00172901	0.003	0.01	367.656	30.3489	324	389	
0.4	0.5	38	137	4	4	100	25300	100	25300	0.003	0	0.003	0.003	253	0	253	253	
0.4	0.5	6	138	10	4	100	26755	100	26755	0.003	0	0.003	0.003	267.55	7.08872	233	269	
0.4	0.5	56	139	2	4	100	23300	100	23300	0.003	0	0.003	0.003	233	0	233	233	
0.4	0.5	42	140	3	4	99	9601	99	9601	0.00307071	0.000703526	0.003	0.01	96.9798	0.201008	95	97	
0.4	0.5	41	141	31	4	59	5723	59	5723	0.00311864	0.000911322	0.003	0.01	97	0	97	97	
0.4	0.5	36	142	4	4	100	42100	100	42100	0.003	0	0.003	0.003	421	0	421	421	
0.4	0.5	50	143	3	4	100	46900	100	46900	0.003	0	0.003	0.003	469	0	469	469	
0.4	0.5	39	144	7	4	80	10000	81	10125	0.003	0	0.003	0.003	125	0	125	125	
0.4	0.5	39	145	31	4	70	3378	72	3476	0.00445833	0.00286276	0.003	0.01	48.2778	3.42	32	49	
0.4	0.5	25	146	8	4	100	6700	100	6700	0.003	0	0.003	0.003	67	0	67	67	
0.4	0.5	2	147	4	4	100	23300	99	23067	0.003	0	0.003	0.003	233	0	233	233	
0.4	0.5	40	148	9	4	70	14068	70	14068	0.0061	0.00350217	0.003	0.01	200.971	0.239046	199	201	
0.4	0.5	28	149	4	4	100	80700	100	80700	0.003	0	0.003	0.003	807	0	807	807	
0.4	0.5	43	150	2	4	100	30900	100	30900	0.003	0	0.003	0.003	309	0	309	309	
0.4	0.5	16	151	1	4	100	105600	100	105600	0.003	0	0.003	0.003	1056	0	1056	1056	
0.4	0.5	55	152	8	4	93	7161	92	7084	0.003	0	0.003	0.003	77	0	77	77	
0.4	0.5	52	153	36	4	79	2528	79	2528	0.003	0	0.003	0.003	32	0	32	32	
0.4	0.5	16	154	4	4	100	80700	100	80700	0.003	0	0.003	0.003	807	0	807	807	
0.4	0.5	56	155	12	4	100	19300	100	19300	0.003	0	0.003	0.003	193	0	193	193	
0.4	0.5	35	156	8	4	100	20100	100	20100	0.003	0	0.003	0.003	201	0	201	201	
0.4	0.5	52	157	7	4	79	7663	79	7663	0.003	0	0.003	0.003	97	0	97	97	
0.4	0.5	56	158	7	4	100	37300	100	37300	0.003	0	0.003	0.003	373	0	373	373	
0.4	0.5	34	159	7	4	94	11750	94	11750	0.003	0	0.003	0.003	125	0	125	125	
0.4	0.5	33	160	10	4	100	36532	100	36596	0.003	0	0.003	0.003	365.96	30.8748	325	389	
0.4	0.5	29	161	14	4	100	16098	100	16098	0.003	0	0.003	0.003	160.98	0.2	159	161	
0.4	0.5	41	162	16	4	50	4850	49	4753	0.00485714	0.0031225	0.003	0.01	97	0	97	97	
0.4	0.5	35	163	7	4	100	15699	100	15699	0.003	0	0.003	0.003	156.99	0.1	156	157	
0.4	0.5	34	164	10	4	98	3136	98	3136	0.003	0	0.003	0.003	32	0	32	32	
0.4	0.5	37	165	9	4	66	4422	66	4422	0.003	0	0.003	0.003	67	0	67	67	
0.4	0.5	54	166	2	4	100	105600	100	105600	0.003	0	0.003	0.003	1056	0	1056	1056	
0.4	0.5	11	167	7	4	100	25300	100	25300	0.003	0	0.003	0.003	253	0	253	253	
0.4	0.5	8	168	8	4	100	11380	100	11380	0.003	0	0.003	0.003	113.8	40.0727	77	157	
0.4	0.5	20	169	6	4	100	74900	100	74900	0.003	0	0.003	0.003	749	0	749	749	
0.4	0.5	19	170	1	4	100	25300	100	25300	0.003	0	0.003	0.003	253	0	253	253	
0.4	0.5	17	171	6	4	100	13700	100	13700	0.003	0	0.003	0.003	137	0	137	137	
0.4	0.5	37	172	13	4	68	10948	68	10948	0.003	0	0.003	0.003	161	0	161	161	
0.4	0.5	8	173	11	4	100	23642	100	23642	0.003	0	0.003	0.003	236.42	82.1677	159	325	
0.4	0.5	10	174	8	4	100	38900	100	38900	0.003	0	0.003	0.003	389	0	389	389	
0.4	0.5	37	175	30	4	68	3332	68	3332	0.003	0	0.003	0.003	49	0	49	49	
0.4	0.5	17	176	8	4	100	30900	100	30900	0.003	0	0.003	0.003	309	0	309	309	
0.4	0.5	19	177	2	4	100	53298	100	53298	0.003	0	0.003	0.003	532.98	0.2	531	533	
0.4	0.5	55	178	10	4	93	4557	92	4508	0.003	0	0.003	0.003	49	0	49	49	
0.4	0.5	37	179	15	4	67	4489	67	4489	0.003	0	0.003	0.003	67	0	67	67	
0.4	0.5	42	180	12	4	100	23300	100	23300	0.003	0	0.003	0.003	233	0	233	233	
0.4	0.5	15	181	3	4	100	46900	100	46900	0.003	0	0.003	0.003	469	0	469	469	
0.4	0.5	37	182	25	4	60	7500	62	7750	0.00446774	0.00287281	0.003	0.01	125	0	125	125	
0.4	0.5	12	183	5	4	100	80700	100	80700	0.003	0	0.003	0.003	807	0	807	807	
0.4	0.5	49	184	4	4	100	38900	100	38900	0.003	0	0.003	0.003	389	0	389	389	
0.4	0.5	5	185	1	4	50	8050	50	8050	0.003	0	0.003	0.003	161	0	161	161	
0.4	0.5	39	186	30	4	82	2624	81	2592	0.003	0	0.003	0.003	32	0	32	32	
0.4	0.5	18	187	2	4	70	27230	70	27230	0.0062	0.0035123	0.003	0.01	389	0	389	389	
0.4	0.5	1	188	9	4	76	9500	75	9375	0.00384	0.00229005	0.003	0.01	125	0	125	125	
0.4	0.5	21	189	10	4	100	5004	100	5004	0.003	0	0.003	0.003	50.04	7.31668	49	101	
0.4	0.5	1	190	16	4	86	10750	86	10750	0.003	0	0.003	0.003	125	0	125	125	
0.4	0.5	41	191	14	4	60	5820	59	5723	0.00311864	0.000911322	0.003	0.01	97	0	97	97	
0.4	0.5	22	192	4	4	100	38900	100	38900	0.003	0	0.003	0.003	389	0	389	389	
0.4	0.5	52	193	10	4	80	9998	80	9998	0.003	0	0.003	0.003	124.975	0.223607	123	125	
0.4	0.5	56	194	1	4	77	28721	77	28721	0.005	0.00318301	0.003	0.01	373	0	373	373	
0.4	0.5	11	195	2	4	92	14442	93	14599	0.00360215	0.00197341	0.003	0.01	156.978	0.20739	155	157	
0.4	0.5	21	196	4	4	99	15347	99	15347	0.00307071	0.000703526	0.003	0.01	155.02	22.9026	125	309	
0.4	0.5	29	197	9	4	100	9700	100	9700	0.003	0	0.003	0.003	97	0	97	97	
0.4	0.5	9	198	9	4	100	32500	100	32500	0.003	0	0.003	0.003	325	0	325	325	
0.4	0.5	20	199	1	4	100	25300	100	25300	0.003	0	0.003	0.003	253	0	253	253	
0.4	0.5	11	200	1	4	98	30282	98	30282	0.00314286	0.000994832	0.003	0.01	309	0	309	309	
0.4	0.5	13	201	4	4	100	38900	100	38900	0.003	0	0.003	0.003	389	0	389	389	
0.4	0.5	14	202	3	4	99	44847	99	44847	0.00307071	0.000703526	0.003	0.01	453	0	453	453	
0.4	0.5	42	203	14	4	100	9698	100	9698	0.003	0	0.003	0.003	96.98	0.2	95	97	
0.4	0.5	39	204	4	4	80	5360	81	5427	0.00308642	0.000777778	0.003	0.01	67	0	67	67	
0.4	0.5	38	205	2	4	100	32500	100	32500	0.003	0	0.003	0.003	325	0	325	325	
0.4	0.5	39	206	19	4	82	6314	81	6237	0.003	0	0.003	0.003	77	0	77	77	
0.4	0.5	43	207	1	4	100	25300	100	25300	0.003	0	0.003	0.003	253	0	253	253	
0.4	0.5	52	208	9	4	80	6160	80	6160	0.003	0	0.003	0.003	77	0	77	77	
0.4	0.5	38	209	8	4	100	25300	100	25300	0.003	0	0.003	0.003	253	0	253	253	
0.4	0.5	8	210	12	4	100	54594	100	54594	0.003	0	0.003	0.003	545.94	188.36	371	749	
0.4	0.5	42	211	5	4	100	37300	100	37300	0.003	0	0.003	0.003	373	0	373	373	
0.4	0.5	21	212	6	4	100	16426	100	16426	0.003	0	0.003	0.003	164.26	23.0794	159	325	
0.4	0.5	27	213	6	4	100	25300	100	25300	0.003	0	0.003	0.003	253	0	253	253	
0.4	0.5	39	214	5	4	83	5561	84	5628	0.00308333	0.000763763	0.003	0.01	67	0	67	67	
0.4	0.5	55	215	7	4	100	4898	100	4898	0.003	0	0.003	0.003	48.98	0.2	47	49	
0.4	0.5	47	216	2	4	100	20098	100	20098	0.003	0	0.003	0.003	200.98	0.2	199	201	
0.4	0.5	39	217	25	4	83	2656	83	2656	0.003	0	0.003	0.003	32	0	32	32	
0.4	0.5	33	218	9	4	100	38900	100	38900	0.003	0	0.003	0.003	389	0	389	389	
0.4	0.5	2	219	2	4	100	9700	100	9700	0.003	0	0.003	0.003	97	0	97	97	
0.4	0.5	27	220	7	4	100	53300	100	53300	0.003	0	0.003	0.003	533	0	533	533	
0.4	0.5	52	221	24	4	81	5427	80	5360	0.003	0	0.003	0.003	67	0	67	67	
0.4	0.5	39	222	28	4	82	5494	82	5494	0.003	0	0.003	0.003	67	0	67	67	
0.4	0.5	16	223	3	4	100	99900	100	99900	0.003	0	0.003	0.003	999	0	999	999	
0.4	0.5	34	224	11	4	94	11748	94	11748	0.003	0	0.003	0.003	124.979	0.206284	123	125	
0.4	0.5	4	225	6	4	100	15699	100	15699	0.003	0	0.003	0.003	156.99	0.1	156	157	
0.4	0.5	44	226	5	4	83	25647	83	25647	0.0043494	0.00277811	0.003	0.01	309	0	309	309	
0.4	0.5	41	227	26	4	60	4020	60	4020	0.003	0	0.003	0.003	67	0	67	67	
0.4	0.5	55	228	17	4	99	4851	100	4900	0.003	0	0.003	0.003	49	0	49	49	
0.4	0.5	37	229	31	4	68	5236	67	5159	0.003	0	0.003	0.003	77	0	77	77	
0.4	0.5	57	230	8	4	100	25300	100	25300	0.003	0	0.003	0.003	253	0	253	253	
0.4	0.5	33	231	8	4	100	32499	100	32499	0.003	0	0.003	0.003	324.99	0.1	324	325	
0.4	0.5	7	232	7	4	100	20900	100	20900	0.003	0	0.003	0.003	209	0	209	209	
0.4	0.5	6	233	7	4	97	12125	97	12125	0.00328866	0.0013991	0.003	0.01	125	0	125	125	
0.4	0.5	51	234	1	4	100	105600	100	105600	0.003	0	0.003	0.003	1056	0	1056	1056	
0.4	0.5	27	235	3	4	100	38900	100	38900	0.003	0	0.003	0.003	389	0	389	389	
0.4	0.5	41	236	8	4	59	3953	60	4020	0.00323333	0.00126714	0.003	0.01	67	0	67	67	
0.4	0.5	26	237	2	4	100	40499	100	40499	0.003	0	0.003	0.003	404.99	0.1	404	405	
0.4	0.5	45	238	1	4	100	32500	100	32500	0.003	0	0.003	0.003	325	0	325	325	
0.4	0.5	19	239	5	4	100	46900	100	46900	0.003	0	0.003	0.003	469	0	469	469	
0.4	0.5	29	240	7	4	100	30100	100	30100	0.003	0	0.003	0.003	301	0	301	301	
0.4	0.5	2	241	11	4	100	19300	100	19300	0.003	0	0.003	0.003	193	0	193	193	
0.4	0.5	8	242	5	4	99	14283	99	14283	0.00307071	0.000703526	0.003	0.01	144.273	52.0482	97	201	
0.4	0.5	10	243	2	4	100	38898	100	38898	0.003	0	0.003	0.003	388.98	0.2	387	389	
0.4	0.5	41	244	19	4	40	3880	40	3880	0.00755	0.00338132	0.003	0.01	97	0	97	97	
0.4	0.5	8	245	2	4	97	13880	97	13880	0.00321649	0.00121815	0.003	0.01	143.093	51.9214	97	201	
0.4	0.5	47	246	9	4	99	15541	99	15541	0.003	0	0.003	0.003	156.98	0.201008	155	157	
0.4	0.5	52	247	32	4	81	2592	80	2560	0.003	0	0.003	0.003	32	0	32	32	
0.4	0.5	20	248	5	4	100	46899	100	46899	0.003	0	0.003	0.003	468.99	0.1	468	469	
0.4	0.5	20	249	4	4	100	20100	100	20100	0.003	0	0.003	0.003	201	0	201	201	
0.4	0.5	43	250	6	4	100	32500	100	32500	0.003	0	0.003	0.003	325	0	325	325	
0.4	0.5	24	251	16	4	100	9698	100	9698	0.003	0	0.003	0.003	96.98	0.2	95	97	
0.4	0.5	39	252	12	4	83	6389	83	6389	0.003	0	0.003	0.003	76.9759	0.219529	75	77	
0.4	0.5	28	253	6	4	100	38900	100	38900	0.003	0	0.003	0.003	389	0	389	389	
0.4	0.5	37	254	12	4	67	10251	67	10251	0.003	0	0.003	0.003	153	0	153	153	
0.4	0.5	34	255	24	4	86	6622	85	6545	0.00398823	0.00245189	0.003	0.01	77	0	77	77	
0.4	0.5	20	256	8	4	100	74900	100	74900	0.003	0	0.003	0.003	749	0	749	749	
0.4	0.5	46	257	1	4	100	38900	100	38900	0.003	0	0.003	0.003	389	0	389	389	
0.4	0.5	7	258	3	4	100	38899	100	38899	0.003	0	0.003	0.003	388.99	0.1	388	389	
0.4	0.5	52	259	23	4	82	4018	81	3969	0.003	0	0.003	0.003	49	0	49	49	
0.4	0.5	6	260	5	4	100	37300	100	37300	0.003	0	0.003	0.003	373	0	373	373	
0.4	0.5	12	261	1	4	100	38898	100	38898	0.003	0	0.003	0.003	388.98	0.2	387	389	
0.4	0.5	49	262	1	4	53	12349	55	12815	0.00910909	0.00235445	0.003	0.01	233	0	233	233	
0.4	0.5	20	263	2	4	100	25300	100	25300	0.003	0	0.003	0.003	253	0	253	253	
0.4	0.5	52	264	29	4	81	18873	81	18873	0.003	0	0.003	0.003	233	0	233	233	
0.4	0.5	21	265	13	4	100	15612	100	15612	0.003	0	0.003	0.003	156.12	21.95	153	309	
0.4	0.5	56	266	4	4	100	37300	100	37300	0.003	0	0.003	0.003	373	0	373	373	
0.4	0.5	43	267	9	4	53	8221	52	8064	0.00932692	0.00208375	0.003	0.01	155.077	5.95357	137	157	
0.4	0.5	52	268	15	4	79	3871	79	3871	0.003	0	0.003	0.003	49	0	49	49	
0.4	0.5	32	269	8	4	100	59699	100	59699	0.003	0	0.003	0.003	596.99	0.1	596	597	
0.4	0.5	55	270	5	4	100	19300	100	19300	0.003	0	0.003	0.003	193	0	193	193	
0.4	0.5	41	271	29	4	59	2891	59	2891	0.003	0	0.003	0.003	49	0	49	49	
0.4	0.5	11	272	10	4	100	13700	100	13700	0.003	0	0.003	0.003	137	0	137	137	
0.4	0.5	29	273	12	4	100	6700	100	6700	0.003	0	0.003	0.003	67	0	67	67	
0.4	0.5	28	274	5	4	100	69300	100	69300	0.003	0	0.003	0.003	693	0	693	693	
0.4	0.5	12	275	2	4	100	50100	100	50100	0.003	0	0.003	0.003	501	0	501	501	
0.4	0.5	11	276	5	4	100	15699	100	15699	0.003	0	0.003	0.003	156.99	0.1	156	157	
0.4	0.5	37	277	7	4	67	8375	67	8375	0.003	0	0.003	0.003	125	0	125	125	
0.4	0.5	31	278	5	4	100	40500	100	40500	0.003	0	0.003	0.003	405	0	405	405	
0.4	0.5	34	279	26	4	93	9021	94	9118	0.0032234	0.00123701	0.003	0.01	97	0	97	97	
0.4	0.5	51	280	2	4	100	103098	100	103100	0.003	0	0.003	0.003	1031	0	1031	1031	
0.4	0.5	15	281	4	4	100	42100	100	42100	0.003	0	0.003	0.003	421	0	421	421	
0.4	0.5	6	282	9	4	53	6625	53	6625	0.00933962	0.00206568	0.003	0.01	125	0	125	125	
0.4	0.5	13	283	9	4	50	7850	51	8007	0.01	0	0.01	0.01	157	0	157	157	
0.4	0.5	52	284	6	4	81	7857	81	7857	0.003	0	0.003	0.003	97	0	97	97	
0.4	0.5	6	285	12	4	52	4924	51	4827	0.00945098	0.00190067	0.003	0.01	94.6471	8.14573	67	97	
0.4	0.5	37	286	32	4	68	6596	67	6499	0.003	0	0.003	0.003	97	0	97	97	
0.4	0.5	41	287	27	4	61	4087	61	4087	0.003	0	0.003	0.003	67	0	67	67	
0.4	0.5	39	288	15	4	82	10250	81	10125	0.003	0	0.003	0.003	125	0	125	125	
0.4	0.5	3	289	9	4	98	30226	97	29973	0.00314433	0.000999893	0.003	0.01	309	0	309	309	
0.4	0.5	29	290	15	4	100	12500	100	12500	0.003	0	0.003	0.003	125	0	125	125	
0.4	0.5	44	291	4	4	100	54122	100	53848	0.003	0	0.003	0.003	538.48	38.5533	533	807	
0.4	0.5	45	292	5	4	100	74900	100	74900	0.003	0	0.003	0.003	749	0	749	749	
0.4	0.5	55	293	26	4	93	14973	93	14973	0.003	0	0.003	0.003	161	0	161	161	
0.4	0.5	49	294	5	4	100	30100	100	30100	0.003	0	0.003	0.003	301	0	301	301	
0.4	0.5	55	295	4	4	92	6164	92	6164	0.003	0	0.003	0.003	67	0	67	67	
0.4	0.5	26	296	5	4	100	27700	100	27700	0.003	0	0.003	0.003	277	0	277	277	
0.4	0.5	33	297	3	4	100	25300	100	25299	0.003	0	0.003	0.003	252.99	0.1	252	253	
0.4	0.5	50	298	5	4	100	13700	100	13700	0.003	0	0.003	0.003	137	0	137	137	
0.4	0.5	47	299	5	4	98	24794	98	24794	0.00314286	0.000994832	0.003	0.01	253	0	253	253	
0.4	0.5	43	300	11	4	100	32500	100	32500	0.003	0	0.003	0.003	325	0	325	325	
0.4	0.5	37	301	19	4	68	4556	69	4623	0.003	0	0.003	0.003	67	0	67	67	
0.4	0.5	52	302	2	4	79	9873	80	9998	0.003	0	0.003	0.003	124.975	0.223607	123	125	
0.4	0.5	39	303	26	4	82	5494	82	5494	0.003	0	0.003	0.003	67	0	67	67	
0.4	0.5	33	304	5	4	100	38900	100	38900	0.003	0	0.003	0.003	389	0	389	389	
0.4	0.5	37	305	3	4	69	6693	69	6693	0.003	0	0.003	0.003	97	0	97	97	
0.4	0.5	2	306	16	4	91	17403	90	17242	0.0037	0.00211176	0.003	0.01	191.578	6.63152	161	193	
0.4	0.5	41	307	42	4	61	22751	61	22751	0.003	0	0.003	0.003	372.967	0.179556	372	373	
0.4	0.5	23	308	8	4	100	10100	100	10100	0.003	0	0.003	0.003	101	0	101	101	
0.4	0.5	57	309	6	4	100	38900	100	38900	0.003	0	0.003	0.003	389	0	389	389	
0.4	0.5	9	310	6	4	100	38900	100	38900	0.003	0	0.003	0.003	389	0	389	389	
0.4	0.5	55	311	22	4	93	6231	93	6231	0.003	0	0.003	0.003	67	0	67	67	
0.4	0.5	55	312	9	4	100	7698	100	7698	0.003	0	0.003	0.003	76.98	0.2	75	77	
0.4	0.5	9	313	2	4	98	24794	98	24794	0.00314286	0.000994832	0.003	0.01	253	0	253	253	
0.4	0.5	36	314	3	4	51	23919	53	24857	0.00973585	0.00134666	0.003	0.01	469	0	469	469	
0.4	0.5	49	315	3	4	94	28294	95	28595	0.0034421	0.00171176	0.003	0.01	301	0	301	301	
0.4	0.5	4	316	8	4	100	20100	100	20100	0.003	0	0.003	0.003	201	0	201	201	
0.4	0.5	54	317	1	4	100	105600	100	105600	0.003	0	0.003	0.003	1056	0	1056	1056	
0.4	0.5	42	318	8	4	100	16100	100	16100	0.003	0	0.003	0.003	161	0	161	161	
0.4	0.5	2	319	1	4	50	4850	51	4947	0.00972549	0.00137227	0.003	0.01	97	0	97	97	
0.4	0.5	41	320	23	4	59	4543	59	4543	0.00335593	0.001551	0.003	0.01	77	0	77	77	
0.4	0.5	30	321	2	4	100	38900	100	38900	0.003	0	0.003	0.003	389	0	389	389	
0.4	0.5	57	322	2	4	100	30900	100	30900	0.003	0	0.003	0.003	309	0	309	309	
0.4	0.5	33	323	6	4	100	28996	100	28996	0.003	0	0.003	0.003	289.96	26.6613	253	309	
0.4	0.5	44	324	8	4	100	15928	100	15852	0.003	0	0.003	0.003	158.52	10.6936	157	233	
0.4	0.5	45	325	9	4	100	38900	100	38900	0.003	0	0.003	0.003	389	0	389	389	
0.4	0.5	55	326	21	4	99	6633	99	6633	0.003	0	0.003	0.003	67	0	67	67	
0.4	0.5	2	327	15	4	99	4851	99	4851	0.00314141	0.000989847	0.003	0.01	49	0	49	49	
0.4	0.5	22	328	6	4	100	32500	100	32500	0.003	0	0.003	0.003	325	0	325	325	
0.4	0.5	39	329	6	4	78	9750	80	10000	0.0034375	0.00170512	0.003	0.01	125	0	125	125	
0.4	0.5	8	330	6	4	100	7290	100	7290	0.003	0	0.003	0.003	72.9	26.0665	47	101	
0.4	0.5	41	331	38	4	51	6375	52	6500	0.00421154	0.00267403	0.003	0.01	125	0	125	125	
0.4	0.5	54	332	4	4	100	105600	100	105600	0.003	0	0.003	0.003	1056	0	1056	1056	
0.4	0.5	34	333	1	4	94	7238	94	7238	0.003	0	0.003	0.003	77	0	77	77	
0.4	0.5	49	334	7	4	100	20900	100	20900	0.003	0	0.003	0.003	209	0	209	209	
0.4	0.5	7	335	2	4	97	20273	96	20064	0.00321875	0.00122434	0.003	0.01	209	0	209	209	
0.4	0.5	2	336	18	4	100	12500	100	12500	0.003	0	0.003	0.003	125	0	125	125	
0.4	0.5	3	337	5	4	89	66661	89	66661	0.00386517	0.00231689	0.003	0.01	749	0	749	749	
0.4	0.5	56	338	3	4	100	7698	100	7698	0.003	0	0.003	0.003	76.98	0.2	75	77	
0.4	0.5	42	339	2	4	100	12499	100	12499	0.003	0	0.003	0.003	124.99	0.1	124	125	
0.4	0.5	48	340	3	4	72	23832	72	23976	0.00572222	0.00343643	0.003	0.01	333	54.0422	309	453	
0.4	0.5	13	341	8	4	100	30900	100	30900	0.003	0	0.003	0.003	309	0	309	309	
0.4	0.5	10	342	1	4	100	48500	100	48500	0.003	0	0.003	0.003	485	0	485	485	
0.4	0.5	28	343	1	4	100	30100	100	30100	0.003	0	0.003	0.003	301	0	301	301	
0.4	0.5	52	344	12	4	80	3920	80	3920	0.003	0	0.003	0.003	49	0	49	49	
0.4	0.5	40	345	1	4	100	25300	100	25300	0.003	0	0.003	0.003	253	0	253	253	
0.4	0.5	37	346	33	4	65	15145	64	14912	0.00310937	0.000875	0.003	0.01	233	0	233	233	
0.4	0.5	40	347	4	4	51	8007	51	8007	0.01	0	0.01	0.01	157	0	157	157	
0.4	0.5	29	348	5	4	76	8856	73	8481	0.00530137	0.00331111	0.003	0.01	116.178	13.0972	97	125	
0.4	0.5	41	349	9	4	58	2842	59	2891	0.00335593	0.001551	0.003	0.01	49	0	49	49	
0.4	0.5	43	350	7	4	100	30900	100	30900	0.003	0	0.003	0.003	309	0	309	309	
0.4	0.5	10	351	4	4	100	20900	100	20900	0.003	0	0.003	0.003	209	0	209	209	
0.4	0.5	8	352	7	4	100	23644	100	23644	0.003	0	0.003	0.003	236.44	82.149	161	325	
0.4	0.5	11	353	9	4	100	38900	100	38900	0.003	0	0.003	0.003	389	0	389	389	
0.4	0.5	41	354	41	4	62	4154	62	4154	0.003	0	0.003	0.003	67	0	67	67	
0.4	0.5	35	355	1	4	100	25300	100	25300	0.003	0	0.003	0.003	253	0	253	253	
0.4	0.5	12	356	4	4	100	77500	100	77500	0.003	0	0.003	0.003	775	0	775	775	
0.4	0.5	17	357	1	4	100	30900	100	30900	0.003	0	0.003	0.003	309	0	309	309	
0.4	0.5	10	358	7	4	100	59700	100	59700	0.003	0	0.003	0.003	597	0	597	597	
0.4	0.5	55	359	14	4	93	14229	93	14229	0.003	0	0.003	0.003	153	0	153	153	
0.4	0.5	8	360	13	4	54	6750	54	6750	0.00896296	0.00251008	0.003	0.01	125	0	125	125	
0.4	0.5	49	361	8	4	100	30099	100	30099	0.003	0	0.003	0.003	300.99	0.1	300	301	
0.4	0.5	37	362	28	4	69	6692	69	6692	0.003	0	0.003	0.003	96.9855	0.120386	96	97	
0.4	0.5	48	363	8	4	100	54516	100	54740	0.003	0	0.003	0.003	547.4	107.379	469	693	
0.4	0.5	23	364	7	4	100	30900	100	30900	0.003	0	0.003	0.003	309	0	309	309	
0.4	0.5	21	365	11	4	50	3850	51	3925	0.01	0	0.01	0.01	76.9608	0.280056	75	77	
0.4	0.5	22	366	11	4	100	38899	100	38899	0.003	0	0.003	0.003	388.99	0.1	388	389	
0.4	0.5	32	367	5	4	100	59699	100	59699	0.003	0	0.003	0.003	596.99	0.1	596	597	
0.4	0.5	5	368	43	4	48	6000	48	6000	0.003	0	0.003	0.003	125	0	125	125	
0.4	0.5	39	369	18	4	83	22327	83	22327	0.003	0	0.003	0.003	269	0	269	269	
0.4	0.5	46	370	8	4	100	13700	100	13700	0.003	0	0.003	0.003	137	0	137	137	
0.4	0.5	41	371	15	4	63	23499	62	23126	0.003	0	0.003	0.003	373	0	373	373	
0.4	0.5	48	372	1	4	100	62616	100	62890	0.003	0	0.003	0.003	628.9	131.348	533	807	
0.4	0.5	40	373	5	4	100	53300	100	53300	0.003	0	0.003	0.003	533	0	533	533	
0.4	0.5	37	374	24	4	68	2176	68	2176	0.003	0	0.003	0.003	32	0	32	32	
0.4	0.5	8	375	10	4	100	7292	100	7290	0.003	0	0.003	0.003	72.9	26.0665	47	101	
0.4	0.5	19	376	7	4	100	32499	100	32499	0.003	0	0.003	0.003	324.99	0.1	324	325	
0.4	0.5	37	377	5	4	67	2144	68	2176	0.003	0	0.003	0.003	32	0	32	32	
0.4	0.5	52	378	26	4	81	2592	81	2592	0.003	0	0.003	0.003	32	0	32	32	
0.4	0.5	23	379	2	4	50	10050	49	9849	0.01	0	0.01	0.01	201	0	201	201	
0.4	0.5	39	380	3	4	89	2848	89	2848	0.003	0	0.003	0.003	32	0	32	32	
0.4	0.5	25	381	5	4	100	6700	100	6700	0.003	0	0.003	0.003	67	0	67	67	
0.4	0.5	29	382	10	4	100	16098	100	16098	0.003	0	0.003	0.003	160.98	0.2	159	161	
0.4	0.5	41	383	28	4	60	2940	60	2940	0.003	0	0.003	0.003	49	0	49	49	
0.4	0.5	32	384	2	4	83	19339	84	19572	0.0045	0.00288953	0.003	0.01	233	0	233	233	
0.4	0.5	22	385	1	4	100	32500	100	32500	0.003	0	0.003	0.003	325	0	325	325	
0.4	0.5	17	386	4	4	100	38900	100	38900	0.003	0	0.003	0.003	389	0	389	389	
0.4	0.5	33	387	4	4	100	30900	100	30900	0.003	0	0.003	0.003	309	0	309	309	
0.4	0.5	5	388	50	4	51	11883	51	11883	0.003	0	0.003	0.003	233	0	233	233	
0.4	0.5	8	389	3	4	100	23642	100	23642	0.003	0	0.003	0.003	236.42	82.1677	159	325	
0.4	0.5	14	390	5	4	100	27788	100	27788	0.003	0	0.003	0.003	277.88	32.3745	233	301	
0.4	0.5	46	391	3	4	56	19744	59	21047	0.00833898	0.0030035	0.003	0.01	356.729	58.3538	253	389	
0.4	0.5	41	392	12	4	60	4020	60	4020	0.003	0	0.003	0.003	67	0	67	67	
0.4	0.5	42	393	6	4	100	15300	100	15300	0.003	0	0.003	0.003	153	0	153	153	
0.4	0.5	3	394	3	4	52	10320	53	10521	0.00933962	0.00206568	0.003	0.01	198.509	10.265	157	201	
0.4	0.5	37	395	35	4	70	4690	69	4623	0.003	0	0.003	0.003	67	0	67	67	
0.4	0.5	41	396	32	4	59	2891	60	2940	0.003	0	0.003	0.003	49	0	49	49	
0.4	0.5	24	397	23	4	100	26900	100	26900	0.003	0	0.003	0.003	269	0	269	269	
0.4	0.5	19	398	4	4	100	32500	100	32500	0.003	0	0.003	0.003	325	0	325	325	
0.4	0.5	25	399	2	4	62	4118	63	4185	0.00744444	0.00339724	0.003	0.01	66.4286	3.18117	49	67	
0.4	0.5	55	400	24	4	93	25017	93	25017	0.003	0	0.003	0.003	269	0	269	269	
0.4	0.5	13	401	2	4	100	74900	100	74900	0.003	0	0.003	0.003	749	0	749	749	
0.4	0.5	30	402	4	4	100	64500	100	64500	0.003	0	0.003	0.003	645	0	645	645	
0.4	0.5	33	403	2	4	57	8949	57	8949	0.00840351	0.00296322	0.003	0.01	157	0	157	157	
0.4	0.5	34	404	12	4	98	14994	98	14994	0.003	0	0.003	0.003	153	0	153	153	
0.4	0.5	4	405	3	4	100	20100	100	20100	0.003	0	0.003	0.003	201	0	201	201	
0.4	0.5	25	406	12	4	100	6700	100	6700	0.003	0	0.003	0.003	67	0	67	67	
0.4	0.5	35	407	5	4	100	13700	100	13700	0.003	0	0.003	0.003	137	0	137	137	
0.4	0.5	13	408	7	4	100	25300	100	25300	0.003	0	0.003	0.003	253	0	253	253	
0.4	0.5	40	409	10	4	51	10207	49	9849	0.01	0	0.01	0.01	201	0	201	201	
0.4	0.5	55	410	11	4	100	7700	100	7700	0.003	0	0.003	0.003	77	0	77	77	
0.4	0.5	39	411	27	4	80	12880	80	12880	0.003175	0.00109977	0.003	0.01	161	0	161	161	
0.4	0.5	47	412	3	4	98	73402	98	73402	0.00314286	0.000994832	0.003	0.01	749	0	749	749	
0.4	0.5	34	413	29	4	79	6083	79	6083	0.00441772	0.00283118	0.003	0.01	77	0	77	77	
0.4	0.5	56	414	10	4	100	19300	100	19300	0.003	0	0.003	0.003	193	0	193	193	
0.4	0.5	4	415	7	4	100	30900	100	30900	0.003	0	0.003	0.003	309	0	309	309	
0.4	0.5	23	416	3	4	100	74900	100	74900	0.003	0	0.003	0.003	749	0	749	749	
0.4	0.5	45	417	4	4	100	15700	100	15700	0.003	0	0.003	0.003	157	0	157	157	
0.4	0.5	1	418	23	4	85	19805	86	20038	0.003	0	0.003	0.003	233	0	233	233	
0.4	0.5	14	419	8	4	100	59700	100	59700	0.003	0	0.003	0.003	597	0	597	597	
0.4	0.5	22	420	5	4	84	25732	84	25732	0.00425	0.00269705	0.003	0.01	306.333	11.9973	253	309	
0.4	0.5	17	421	7	4	100	15700	100	15700	0.003	0	0.003	0.003	157	0	157	157	
0.4	0.5	52	422	21	4	81	3969	81	3969	0.003	0	0.003	0.003	49	0	49	49	
0.4	0.5	3	423	6	4	100	74900	100	74900	0.003	0	0.003	0.003	749	0	749	749	
0.4	0.5	25	424	7	4	86	19918	87	20151	0.00412644	0.00258711	0.003	0.01	231.621	7.34094	193	233	
0.4	0.5	55	425	3	4	100	6700	100	6700	0.003	0	0.003	0.003	67	0	67	67	
0.4	0.5	34	426	5	4	93	6231	93	6231	0.00307527	0.000725866	0.003	0.01	67	0	67	67	
0.4	0.5	25	427	16	4	100	12500	100	12500	0.003	0	0.003	0.003	125	0	125	125	
0.4	0.5	29	428	3	4	100	37300	100	37300	0.003	0	0.003	0.003	373	0	373	373	
0.4	0.5	14	429	2	4	100	59699	100	59699	0.003	0	0.003	0.003	596.99	0.1	596	597	
0.4	0.5	34	430	14	4	98	9506	98	9506	0.003	0	0.003	0.003	97	0	97	97	
0.4	0.5	37	431	21	4	65	5005	66	5082	0.00331818	0.00146927	0.003	0.01	77	0	77	77	
0.4	0.5	5	432	49	4	50	13450	50	13450	0.003	0	0.003	0.003	269	0	269	269	
0.4	0.5	46	433	9	4	73	21565	73	21709	0.00578082	0.00344902	0.003	0.01	297.384	35.2525	253	325	
0.4	0.5	41	434	22	4	61	3583	60	3498	0.003	0	0.003	0.003	58.3	9.07091	49	67	
0.4	0.5	6	435	19	4	51	11883	53	12349	0.00960377	0.00163307	0.003	0.01	233	0	233	233	
0.4	0.5	31	436	3	4	100	31700	100	31700	0.003	0	0.003	0.003	317	0	317	317	
0.4	0.5	55	437	25	4	99	15939	99	15939	0.003	0	0.003	0.003	161	0	161	161	
0.4	0.5	52	438	33	4	79	6083	79	6083	0.003	0	0.003	0.003	77	0	77	77	
0.4	0.5	34	439	13	4	94	14382	94	14382	0.003	0	0.003	0.003	153	0	153	153	
0.4	0.5	11	440	3	4	100	38900	100	38900	0.003	0	0.003	0.003	389	0	389	389	
0.4	0.5	56	441	11	4	76	12236	77	12397	0.00518182	0.00326354	0.003	0.01	161	0	161	161	
0.4	0.5	29	442	11	4	80	6160	78	6006	0.00479487	0.00307634	0.003	0.01	77	0	77	77	
0.4	0.5	39	443	14	4	81	5427	80	5360	0.003	0	0.003	0.003	67	0	67	67	
0.4	0.5	37	444	4	4	65	4355	65	4355	0.003	0	0.003	0.003	67	0	67	67	
0.4	0.5	57	445	9	4	100	30900	100	30900	0.003	0	0.003	0.003	309	0	309	309	
0.4	0.5	3	446	10	4	100	20099	100	20099	0.003	0	0.003	0.003	200.99	0.1	200	201	
0.4	0.5	3	447	1	4	59	14927	59	14927	0.00786441	0.00325077	0.003	0.01	253	0	253	253	
0.4	0.5	48	448	7	4	100	86664	100	87010	0.003	0	0.003	0.003	870.1	165.863	749	1095	
0.4	0.5	55	449	20	4	93	9021	93	9021	0.003	0	0.003	0.003	97	0	97	97	
0.4	0.5	45	450	3	4	100	62100	100	62100	0.003	0	0.003	0.003	621	0	621	621	
0.4	0.5	37	451	14	4	67	1474	67	1474	0.003	0	0.003	0.003	22	0	22	22	
0.4	0.5	40	452	8	4	99	25047	99	25047	0.00307071	0.000703526	0.003	0.01	253	0	253	253	
0.4	0.5	29	453	2	4	100	7700	100	7700	0.003	0	0.003	0.003	77	0	77	77	
0.4	0.5	22	454	9	4	100	32500	100	32500	0.003	0	0.003	0.003	325	0	325	325	
0.4	0.5	34	455	3	4	94	6298	94	6298	0.003	0	0.003	0.003	67	0	67	67	
0.4	0.5	45	456	6	4	100	46900	100	46900	0.003	0	0.003	0.003	469	0	469	469	
0.4	0.5	37	457	34	4	67	18023	66	17754	0.003	0	0.003	0.003	269	0	269	269	
0.4	0.5	39	458	29	4	84	4047	83	3998	0.00342169	0.00167565	0.003	0.01	48.1687	3.662	32	49	
0.4	0.5	40	459	7	4	58	14674	60	15180	0.00778333	0.00328371	0.003	0.01	253	0	253	253	
0.4	0.5	32	460	3	4	100	80700	100	80700	0.003	0	0.003	0.003	807	0	807	807	
0.4	0.5	41	461	43	4	60	7500	60	7500	0.003	0	0.003	0.003	125	0	125	125	
0.4	0.5	35	462	9	4	100	15700	100	15700	0.003	0	0.003	0.003	157	0	157	157	
0.4	0.5	53	463	2	4	100	105600	100	105600	0.003	0	0.003	0.003	1056	0	1056	1056	
0.4	0.5	41	464	6	4	58	2824	59	2873	0.00311864	0.000911322	0.003	0.01	48.6949	2.2148	32	49	
0.4	0.5	41	465	10	4	59	7375	60	7500	0.003	0	0.003	0.003	125	0	125	125	
0.4	0.5	20	466	3	4	100	30899	100	30899	0.003	0	0.003	0.003	308.99	0.1	308	309	
0.4	0.5	26	467	3	4	100	51700	100	51700	0.003	0	0.003	0.003	517	0	517	517	
0.4	0.5	30	468	1	4	65	32565	66	33066	0.00660606	0.0035252	0.003	0.01	501	0	501	501	
0.4	0.5	55	469	2	4	91	8827	91	8827	0.00307692	0.000733799	0.003	0.01	97	0	97	97	
0.4	0.5	49	470	6	4	100	45300	100	45300	0.003	0	0.003	0.003	453	0	453	453	
0.4	0.5	6	471	4	4	100	15300	100	15300	0.003	0	0.003	0.003	153	0	153	153	
0.4	0.5	6	472	2	4	100	19300	100	19300	0.003	0	0.003	0.003	193	0	193	193	
0.4	0.5	39	473	22	4	88	5896	87	5829	0.003	0	0.003	0.003	67	0	67	67	
0.4	0.5	31	474	1	4	100	64500	100	64500	0.003	0	0.003	0.003	645	0	645	645	
0.4	0.5	19	475	6	4	100	30900	100	30900	0.003	0	0.003	0.003	309	0	309	309	
0.4	0.5	8	476	9	4	100	7292	100	7292	0.003	0	0.003	0.003	72.92	26.0472	49	101	
0.4	0.5	29	477	1	4	100	6700	100	6700	0.003	0	0.003	0.003	67	0	67	67	
0.4	0.5	50	478	1	4	100	46900	100	46900	0.003	0	0.003	0.003	469	0	469	469	
0.4	0.5	4	479	2	4	100	15700	100	15700	0.003	0	0.003	0.003	157	0	157	157	
0.4	0.5	1	480	6	4	97	18721	97	18721	0.00321649	0.00121815	0.003	0.01	193	0	193	193	
0.4	0.5	9	481	3	4	100	32500	100	32500	0.003	0	0.003	0.003	325	0	325	325	
0.4	0.5	46	482	4	4	100	43380	100	43380	0.003	0	0.003	0.003	433.8	39.911	389	469	
0.4	0.5	16	483	5	4	100	99900	100	99900	0.003	0	0.003	0.003	999	0	999	999	
0.4	0.5	2	484	8	4	100	12500	100	12500	0.003	0	0.003	0.003	125	0	125	125	
0.4	0.5	22	485	10	4	51	10119	52	10320	0.00959615	0.00164805	0.003	0.01	198.462	10.3592	157	201	
0.4	0.5	4	486	9	4	100	46900	100	46900	0.003	0	0.003	0.003	469	0	469	469	
0.4	0.5	11	487	6	4	100	25300	100	25300	0.003	0	0.003	0.003	253	0	253	253	
0.4	0.5	14	488	7	4	97	18369	97	18369	0.00321649	0.00121815	0.003	0.01	189.371	26.8582	153	209	
0.4	0.5	50	489	4	4	100	20100	100	20100	0.003	0	0.003	0.003	201	0	201	201	
0.4	0.5	34	490	25	4	87	6699	87	6699	0.0038046	0.00224561	0.003	0.01	77	0	77	77	
0.4	0.5	2	491	6	4	50	6250	49	6125	0.01	0	0.01	0.01	125	0	125	125	
0.4	0.5	24	492	19	4	100	26900	100	26900	0.003	0	0.003	0.003	269	0	269	269	
0.4	0.5	52	493	11	4	81	6237	81	6237	0.003	0	0.003	0.003	77	0	77	77	
0.4	0.5	17	494	11	4	100	74900	100	74900	0.003	0	0.003	0.003	749	0	749	749	
0.4	0.5	44	495	1	4	90	67756	90	67756	0.00377778	0.00221221	0.003	0.01	752.844	36.4716	749	1095	
0.4	0.5	45	496	7	4	100	38900	100	38900	0.003	0	0.003	0.003	389	0	389	389	
0.4	0.5	41	497	4	4	62	4154	62	4154	0.003	0	0.003	0.003	67	0	67	67	
0.4	0.5	37	498	27	4	66	10626	66	10626	0.00321212	0.00120913	0.003	0.01	161	0	161	161	
0.4	0.5	27	499	9	4	100	38900	100	38900	0.003	0	0.003	0.003	389	0	389	389	
0.4	0.5	18	500	4	4	63	50841	65	52455	0.00676923	0.00351679	0.003	0.01	807	0	807	807	
0.4	0.5	52	501	22	4	80	5360	80	5360	0.003	0	0.003	0.003	67	0	67	67	
0.4	0.5	37	502	36	4	64	9792	64	9792	0.003	0	0.003	0.003	153	0	153	153	
0.4	0.5	26	503	4	4	100	64500	100	64500	0.003	0	0.003	0.003	645	0	645	645	
0.4	0.5	5	504	47	4	51	8211	51	8211	0.00327451	0.00137227	0.003	0.01	161	0	161	161	
0.4	0.5	41	505	30	4	63	14679	63	14679	0.003	0	0.003	0.003	233	0	233	233	
0.4	0.5	2	506	17	4	100	15300	100	15300	0.003	0	0.003	0.003	153	0	153	153	
0.4	0.5	27	507	8	4	100	25300	100	25300	0.003	0	0.003	0.003	253	0	253	253	
0.4	0.5	50	508	11	4	100	46900	100	46900	0.003	0	0.003	0.003	469	0	469	469	
0.4	0.5	42	509	10	4	100	4899	100	4899	0.003	0	0.003	0.003	48.99	0.1	48	49	
0.4	0.5	41	510	11	4	63	4221	63	4221	0.003	0	0.003	0.003	67	0	67	67	
0.4	0.5	50	511	10	4	100	25299	100	25299	0.003	0	0.003	0.003	252.99	0.1	252	253	
0.4	0.5	52	512	1	4	82	10248	82	10248	0.003	0	0.003	0.003	124.976	0.220863	123	125	
0.4	0.5	55	513	23	4	99	7623	99	7623	0.003	0	0.003	0.003	77	0	77	77	
0.4	0.5	11	514	8	4	100	15699	100	15699	0.003	0	0.003	0.003	156.99	0.1	156	157	
0.4	0.5	22	515	2	4	96	15072	96	15072	0.00329167	0.00140613	0.003	0.01	157	0	157	157	
0.4	0.5	56	516	16	4	100	19300	100	19300	0.003	0	0.003	0.003	193	0	193	193	
0.4	0.5	23	517	4	4	100	13700	100	13700	0.003	0	0.003	0.003	137	0	137	137	
0.4	0.5	44	518	2	4	100	13914	100	13842	0.003	0	0.003	0.003	138.42	10.1356	135	209	
0.4	0.5	29	519	8	4	100	6700	100	6700	0.003	0	0.003	0.003	67	0	67	67	
0.4	0.5	35	520	3	4	100	25300	100	25300	0.003	0	0.003	0.003	253	0	253	253	
0.4	0.5	22	521	12	4	100	25300	100	25300	0.003	0	0.003	0.003	253	0	253	253	
0.4	0.5	34	522	28	4	95	7315	96	7392	0.003	0	0.003	0.003	77	0	77	77	
0.4	0.5	52	523	8	4	79	7663	80	7760	0.00335	0.00153524	0.003	0.01	97	0	97	97	
0.4	0.5	17	524	10	4	100	20098	100	20098	0.003	0	0.003	0.003	200.98	0.2	199	201	
0.4	0.5	57	525	5	4	100	74900	100	74900	0.003	0	0.003	0.003	749	0	749	749	
0.4	0.5	5	526	5	4	50	4850	50	4850	0.0065	0.00353553	0.003	0.01	97	0	97	97	
0.4	0.5	21	527	14	4	100	38052	100	38052	0.003	0	0.003	0.003	380.52	52.9052	373	749	
0.4	0.5	39	528	21	4	82	7954	81	7857	0.003	0	0.003	0.003	97	0	97	97	
0.4	0.5	18	529	3	4	100	64498	100	64498	0.003	0	0.003	0.003	644.98	0.2	643	645	
0.4	0.5	11	530	4	4	66	10362	65	10205	0.00666154	0.00352348	0.003	0.01	157	0	157	157	
0.4	0.5	48	531	4	4	56	9324	54	9010	0.00883333	0.00263324	0.003	0.01	166.852	25.7678	157	233	
0.4	0.5	27	532	1	4	56	20584	59	21831	0.00833898	0.0030035	0.003	0.01	370.017	34.3258	309	389	
0.4	0.5	55	533	1	4	93	7161	92	7084	0.00353261	0.00186613	0.003	0.01	77	0	77	77	
0.4	0.5	52	534	31	4	81	2592	81	2592	0.00308642	0.000777778	0.003	0.01	32	0	32	32	
0.4	0.5	45	535	8	4	100	74900	100	74900	0.003	0	0.003	0.003	749	0	749	749	
0.4	0.5	29	536	13	4	99	15937	99	15937	0.00307071	0.000703526	0.003	0.01	160.98	0.201008	159	161	
0.4	0.5	13	537	10	4	100	32500	100	32500	0.003	0	0.003	0.003	325	0	325	325	
0.4	0.5	14	538	4	4	74	21050	75	21351	0.00542667	0.00335379	0.003	0.01	284.68	29.2372	233	301	
0.4	0.5	7	539	1	4	100	69299	100	69299	0.003	0	0.003	0.003	692.99	0.1	692	693	
0.4	0.5	37	540	11	4	58	4464	59	4541	0.0048983	0.00313872	0.003	0.01	76.9661	0.260378	75	77	
0.4	0.5	15	541	1	4	100	96700	100	96700	0.003	0	0.003	0.003	967	0	967	967	
0.4	0.5	42	542	1	4	58	11194	59	11387	0.00786441	0.00325077	0.003	0.01	193	0	193	193	
0.4	0.5	37	543	20	4	66	15378	67	15611	0.003	0	0.003	0.003	233	0	233	233	
0.4	0.5	27	544	2	4	100	20100	100	20100	0.003	0	0.003	0.003	201	0	201	201	
0.4	0.5	39	545	13	4	82	5494	81	5427	0.003	0	0.003	0.003	67	0	67	67	
0.4	0.5	32	546	7	4	100	48500	100	48500	0.003	0	0.003	0.003	485	0	485	485	
0.4	0.5	10	547	5	4	100	30100	100	30100	0.003	0	0.003	0.003	301	0	301	301	
0.4	0.5	24	548	1	4	95	14535	95	14535	0.00336842	0.00157137	0.003	0.01	153	0	153	153	
0.4	0.5	21	549	5	4	51	4947	51	4947	0.01	0	0.01	0.01	97	0	97	97	
0.4	0.5	21	550	15	4	88	5966	88	5966	0.003875	0.0023283	0.003	0.01	67.7955	7.46203	67	137	
0.4	0.5	44	551	10	4	51	10451	49	9949	0.01	0	0.01	0.01	203.041	14.2857	201	301	
0.4	0.5	31	552	2	4	100	64498	100	64498	0.003	0	0.003	0.003	644.98	0.2	643	645	
0.4	0.5	41	553	7	4	58	11194	59	11387	0.00335593	0.001551	0.003	0.01	193	0	193	193	
0.4	0.5	23	554	5	4	100	20100	100	20100	0.003	0	0.003	0.003	201	0	201	201	
0.4	0.5	2	555	3	4	99	7623	99	7623	0.00307071	0.000703526	0.003	0.01	77	0	77	77	
0.4	0.5	56	556	15	4	100	15300	100	15300	0.003	0	0.003	0.003	153	0	153	153	
0.4	0.5	37	557	23	4	66	4422	67	4489	0.003	0	0.003	0.003	67	0	67	67	
0.4	0.5	40	558	3	4	100	32500	100	32500	0.003	0	0.003	0.003	325	0	325	325	
0.4	0.5	43	559	3	4	100	74900	100	74900	0.003	0	0.003	0.003	749	0	749	749	
0.4	0.5	36	560	2	4	100	77499	100	77499	0.003	0	0.003	0.003	774.99	0.1	774	775	
0.4	0.5	25	561	11	4	100	6700	100	6700	0.003	0	0.003	0.003	67	0	67	67	
0.4	0.5	49	562	2	4	98	38122	98	38122	0.00314286	0.000994832	0.003	0.01	389	0	389	389	
0.4	0.5	6	563	15	4	100	12500	100	12500	0.003	0	0.003	0.003	125	0	125	125	
0.4	0.5	21	564	1	4	92	9028	93	9125	0.00360215	0.00197341	0.003	0.01	98.1183	10.7843	97	201	
0.4	0.5	34	565	27	4	97	22601	96	22368	0.003	0	0.003	0.003	233	0	233	233	
0.4	0.5	37	566	16	4	66	8250	66	8250	0.00310606	0.00086164	0.003	0.01	125	0	125	125	
0.4	0.5	57	567	4	4	100	53298	100	53298	0.003	0	0.003	0.003	532.98	0.2	531	533	
0.4	0.5	45	568	10	4	93	12741	94	12878	0.00352128	0.00184757	0.003	0.01	137	0	137	137	
0.4	0.5	21	569	7	4	51	4947	51	4947	0.01	0	0.01	0.01	97	0	97	97	
0.4	0.5	23	570	6	4	100	38900	100	38900	0.003	0	0.003	0.003	389	0	389	389	
0.4	0.5	46	571	11	4	100	74900	100	74900	0.003	0	0.003	0.003	749	0	749	749	
0.4	0.5	52	572	34	4	81	30211	81	30211	0.003	0	0.003	0.003	372.975	0.15615	372	373	
0.4	0.5	9	573	5	4	100	74900	100	74900	0.003	0	0.003	0.003	749	0	749	749	
0.4	0.5	9	574	10	4	100	20099	100	20099	0.003	0	0.003	0.003	200.99	0.1	200	201	
0.4	0.5	52	575	25	4	79	7663	79	7663	0.003	0	0.003	0.003	97	0	97	97	
0.4	0.5	21	576	2	4	100	15612	100	15612	0.003	0	0.003	0.003	156.12	21.95	153	309	
0.4	0.5	33	577	1	4	100	25300	100	25300	0.003	0	0.003	0.003	253	0	253	253	
0.4	0.5	18	578	1	4	100	50100	100	50100	0.003	0	0.003	0.003	501	0	501	501	
0.4	0.5	26	579	6	4	100	105600	100	105600	0.003	0	0.003	0.003	1056	0	1056	1056	
0.4	0.5	33	580	7	4	100	20100	100	20100	0.003	0	0.003	0.003	201	0	201	201	
0.4	0.5	37	581	22	4	67	8375	68	8500	0.003	0	0.003	0.003	125	0	125	125	
0.4	0.5	13	582	3	4	100	25300	100	25300	0.003	0	0.003	0.003	253	0	253	253	
0.4	0.5	41	583	1	4	58	2400	58	2417	0.00348276	0.00178926	0.003	0.01	41.6724	8.49228	32	49	
0.4	0.5	10	584	3	4	100	23300	100	23300	0.003	0	0.003	0.003	233	0	233	233	
0.4	0.5	47	585	6	4	100	20098	100	20098	0.003	0	0.003	0.003	200.98	0.2	199	201	
0.4	0.5	17	586	3	4	100	46900	100	46900	0.003	0	0.003	0.003	469	0	469	469	
0.4	0.5	44	587	3	4	92	18692	93	18793	0.00360215	0.00197341	0.003	0.01	202.075	10.3695	201	301	
0.4	0.5	25	588	4	4	88	8536	89	8633	0.00402247	0.00248622	0.003	0.01	97	0	97	97	
0.4	0.5	8	589	4	4	100	28316	100	28316	0.003	0	0.003	0.003	283.16	98.178	193	389	
0.4	0.5	43	590	4	4	100	38898	100	38898	0.003	0	0.003	0.003	388.98	0.2	387	389	
0.4	0.5	42	591	4	4	100	6700	100	6700	0.003	0	0.003	0.003	67	0	67	67	
0.4	0.5	31	592	6	4	100	40500	100	40500	0.003	0	0.003	0.003	405	0	405	405	
0.4	0.5	50	593	6	4	100	15700	100	15700	0.003	0	0.003	0.003	157	0	157	157	
0.4	0.5	17	594	5	4	100	20098	100	20098	0.003	0	0.003	0.003	200.98	0.2	199	201	
0.4	0.5	12	595	3	4	100	34900	100	34900	0.003	0	0.003	0.003	349	0	349	349	
0.4	0.5	37	596	10	4	70	6790	69	6693	0.003	0	0.003	0.003	97	0	97	97	
0.4	0.5	5	597	56	4	51	3927	51	3927	0.00327451	0.00137227	0.003	0.01	77	0	77	77	
0.4	0.5	44	598	7	4	77	30161	72	28216	0.00504167	0.00320404	0.003	0.01	391.889	24.513	389	597	
0.4	0.5	33	599	11	4	100	13698	100	13698	0.003	0	0.003	0.003	136.98	0.2	135	137	
0.4	0.5	23	600	10	4	100	74900	100	74900	0.003	0	0.003	0.003	749	0	749	749	
0.4	0.5	37	601	38	4	67	4489	67	4489	0.003	0	0.003	0.003	67	0	67	67	
0.4	0.5	37	602	26	4	67	15607	67	15605	0.00331343	0.00145861	0.003	0.01	232.91	0.416746	231	233	
0.4	0.5	48	603	2	4	100	35796	100	35940	0.003	0	0.003	0.003	359.4	69.0296	309	453	
0.4	0.5	19	604	9	4	62	12462	62	12462	0.00729032	0.00343744	0.003	0.01	201	0	201	201	
0.4	0.5	25	605	9	4	100	4900	100	4900	0.003	0	0.003	0.003	49	0	49	49	
0.4	0.5	38	606	3	4	100	32499	100	32499	0.003	0	0.003	0.003	324.99	0.1	324	325	
0.4	0.5	6	607	18	4	100	12500	100	12500	0.003	0	0.003	0.003	125	0	125	125	
0.4	0.5	34	608	16	4	98	6566	98	6566	0.003	0	0.003	0.003	67	0	67	67	
0.4	0.5	57	609	7	4	100	13700	100	13700	0.003	0	0.003	0.003	137	0	137	137	
0.4	0.5	27	610	10	4	100	30676	100	30676	0.003	0	0.003	0.003	306.76	11.029	253	309	
0.4	0.5	32	611	4	4	100	23300	100	23300	0.003	0	0.003	0.003	233	0	233	233	
0.4	0.5	2	612	5	4	94	9118	95	9215	0.0034421	0.00171176	0.003	0.01	97	0	97	97	
0.4	0.5	6	613	16	4	81	13023	81	13023	0.00464197	0.00298458	0.003	0.01	160.778	1.41421	151	161	
0.4	0.5	46	614	2	4	100	20100	100	20100	0.003	0	0.003	0.003	201	0	201	201	
0.4	0.5	52	615	4	4	81	2592	81	2592	0.00308642	0.000777778	0.003	0.01	32	0	32	32	
0.4	0.5	43	616	10	4	100	74900	100	74900	0.003	0	0.003	0.003	749	0	749	749	
0.4	0.5	43	617	5	4	100	25300	100	25300	0.003	0	0.003	0.003	253	0	253	253	
0.4	0.5	2	618	12	4	100	9700	100	9700	0.003	0	0.003	0.003	97	0	97	97	
0.4	0.5	19	619	11	4	100	25300	100	25300	0.003	0	0.003	0.003	253	0	253	253	
0.4	0.5	41	620	40	4	49	4753	49	4753	0.00528571	0.00331662	0.003	0.01	97	0	97	97	
0.4	0.5	31	621	4	4	100	105600	100	105600	0.003	0	0.003	0.003	1056	0	1056	1056	
0.4	0.5	41	622	21	4	60	1920	60	1920	0.003	0	0.003	0.003	32	0	32	32	
0.4	0.5	25	623	14	4	64	6208	65	6305	0.00687692	0.00350672	0.003	0.01	97	0	97	97	
0.4	0.5	41	624	33	4	60	4020	60	4020	0.003	0	0.003	0.003	67	0	67	67	
0.4	0.5	14	625	1	4	100	59699	100	59699	0.003	0	0.003	0.003	596.99	0.1	596	597	
0.4	0.5	34	626	22	4	97	14841	97	14841	0.003	0	0.003	0.003	153	0	153	153	
0.4	0.5	9	627	7	4	100	46900	100	46900	0.003	0	0.003	0.003	469	0	469	469	
0.4	0.5	32	628	6	4	100	105600	100	105600	0.003	0	0.003	0.003	1056	0	1056	1056	
0.4	0.5	21	629	9	4	100	12756	100	12756	0.003	0	0.003	0.003	127.56	18.0103	125	253	
0.4	0.5	27	630	4	4	100	13698	100	13698	0.003	0	0.003	0.003	136.98	0.2	135	137	
0.4	0.5	40	631	2	4	95	24035	95	24035	0.00336842	0.00157137	0.003	0.01	253	0	253	253	
0.4	0.5	55	632	18	4	93	6231	93	6231	0.003	0	0.003	0.003	67	0	67	67	
0.4	0.5	52	633	13	4	68	25364	69	25737	0.00502898	0.00319913	0.003	0.01	373	0	373	373	
0.4	0.5	34	634	8	4	98	26362	98	26362	0.003	0	0.003	0.003	269	0	269	269	
0.4	0.5	8	635	1	4	100	14484	100	14484	0.003	0	0.003	0.003	144.84	52.0945	97	201	
0.4	0.5	22	636	3	4	100	13700	100	13700	0.003	0	0.003	0.003	137	0	137	137	
0.4	0.5	50	637	9	4	100	74900	100	74900	0.003	0	0.003	0.003	749	0	749	749	
0.4	0.5	10	638	6	4	67	67989	67	68181	0.00644776	0.00352602	0.003	0.01	1017.63	94.8863	903	1095	
0.4	0.5	24	639	24	4	100	16100	100	16100	0.003	0	0.003	0.003	161	0	161	161	
0.4	0.5	46	640	5	4	100	13700	100	13700	0.003	0	0.003	0.003	137	0	137	137	
0.4	0.5	4	641	5	4	100	32500	100	32500	0.003	0	0.003	0.003	325	0	325	325	
0.4	0.5	52	642	27	4	80	9998	80	9998	0.003	0	0.003	0.003	124.975	0.223607	123	125	
0.4	0.5	9	643	4	4	91	14287	91	14287	0.00369231	0.00210128	0.003	0.01	157	0	157	157	
0.4	0.5	47	644	4	4	100	46900	100	46900	0.003	0	0.003	0.003	469	0	469	469	
0.4	0.5	30	645	3	4	100	64500	100	64500	0.003	0	0.003	0.003	645	0	645	645	
0.4	0.5	21	646	3	4	100	19692	100	19692	0.003	0	0.003	0.003	196.92	27.5782	193	389	
0.4	0.5	13	647	6	4	100	30900	100	30900	0.003	0	0.003	0.003	309	0	309	309	
0.4	0.5	1	648	21	4	62	4773	59	4542	0.00572881	0.00344329	0.003	0.01	76.9831	0.130189	76	77	
0.4	0.5	19	649	10	4	100	10100	100	10100	0.003	0	0.003	0.003	101	0	101	101	
0.4	0.5	57	650	1	4	100	30900	100	30900	0.003	0	0.003	0.003	309	0	309	309	
0.4	0.5	35	651	6	4	100	13700	100	13700	0.003	0	0.003	0.003	137	0	137	137	
0.4	0.5	39	652	16	4	88	20504	87	20271	0.003	0	0.003	0.003	233	0	233	233	
0.4	0.5	56	653	9	4	99	19107	99	19107	0.00307071	0.000703526	0.003	0.01	193	0	193	193	
0.4	0.5	4	654	1	4	100	38900	100	38900	0.003	0	0.003	0.003	389	0	389	389	
0.4	0.5	7	655	6	4	100	30100	100	30100	0.003	0	0.003	0.003	301	0	301	301	
0.4	0.5	28	656	7	4	100	59699	100	59699	0.003	0	0.003	0.003	596.99	0.1	596	597	
0.4	0.5	34	657	23	4	95	11873	95	11873	0.003	0	0.003	0.003	124.979	0.205196	123	125	
0.4	0.5	41	658	20	4	60	1320	56	1232	0.003	0	0.003	0.003	22	0	22	22	
0.4	0.5	55	659	13	4	100	7698	100	7698	0.003	0	0.003	0.003	76.98	0.2	75	77	
0.4	0.5	50	660	2	4	93	18693	93	18693	0.00352688	0.00185678	0.003	0.01	201	0	201	201	
0.4	0.5	5	661	31	4	50	3350	50	3350	0.003	0	0.003	0.003	67	0	67	67	
0.4	0.5	1	662	24	4	85	10625	86	10750	0.003	0	0.003	0.003	125	0	125	125	
0.4	0.5	5	663	48	4	51	11883	51	11883	0.003	0	0.003	0.003	233	0	233	233	
0.4	0.5	5	664	26	4	50	18650	50	18650	0.003	0	0.003	0.003	373	0	373	373	
0.4	0.5	6	665	3	4	100	15300	100	15300	0.003	0	0.003	0.003	153	0	153	153	
0.4	0.5	5	666	55	4	52	8372	52	8372	0.003	0	0.003	0.003	161	0	161	161	
0.4	0.5	24	667	10	4	100	12500	100	12500	0.003	0	0.003	0.003	125	0	125	125	
0.4	0.5	24	668	25	4	100	12498	100	12498	0.003	0	0.003	0.003	124.98	0.2	123	125	
0.4	0.5	1	669	12	4	86	13845	86	13845	0.003	0	0.003	0.003	160.988	0.107833	160	161	
0.4	0.5	5	670	52	4	51	19023	51	19023	0.003	0	0.003	0.003	373	0	373	373	
0.4	0.5	1	671	1	4	86	8342	85	8245	0.003	0	0.003	0.003	97	0	97	97	
0.4	0.5	1	672	19	4	53	6625	52	6500	0.00744231	0.00340365	0.003	0.01	125	0	125	125	
0.4	0.5	5	673	54	4	49	3773	49	3773	0.00671428	0.00352964	0.003	0.01	77	0	77	77	
0.4	0.5	6	674	14	4	90	6929	89	6852	0.00370786	0.0021224	0.003	0.01	76.9888	0.106	76	77	
0.4	0.5	5	675	28	4	51	3927	50	3850	0.0072	0.0034641	0.003	0.01	77	0	77	77	
0.4	0.5	1	676	20	4	85	5695	86	5762	0.003	0	0.003	0.003	67	0	67	67	
0.4	0.5	5	677	45	4	50	4850	50	4850	0.003	0	0.003	0.003	97	0	97	97	
0.4	0.5	5	678	15	4	51	3927	50	3850	0.0058	0.0034641	0.003	0.01	77	0	77	77	
0.4	0.5	24	679	18	4	100	6700	100	6700	0.003	0	0.003	0.003	67	0	67	67	
0.4	0.5	5	680	33	4	52	6500	52	6500	0.003	0	0.003	0.003	125	0	125	125	
0.4	0.5	5	681	51	4	51	4947	50	4850	0.003	0	0.003	0.003	97	0	97	97	
0.4	0.5	1	682	25	4	57	5529	59	5723	0.00632203	0.00352548	0.003	0.01	97	0	97	97	
0.4	0.5	5	683	8	4	48	3696	48	3696	0.00314583	0.00101036	0.003	0.01	77	0	77	77	
0.4	0.5	23	684	9	4	100	15700	100	15700	0.003	0	0.003	0.003	157	0	157	157	
0.4	0.5	25	685	10	4	99	7623	99	7621	0.00307071	0.000703526	0.003	0.01	76.9798	0.201008	75	77	
0.4	0.5	5	686	44	4	49	4753	49	4753	0.003	0	0.003	0.003	97	0	97	97	
0.4	0.5	6	687	8	4	100	19300	100	19300	0.003	0	0.003	0.003	193	0	193	193	
0.4	0.5	5	688	13	4	49	18277	49	18277	0.003	0	0.003	0.003	373	0	373	373	
0.4	0.5	24	689	22	4	99	7623	99	7623	0.00307071	0.000703526	0.003	0.01	77	0	77	77	
0.4	0.5	5	690	37	4	50	3350	50	3350	0.003	0	0.003	0.003	67	0	67	67	
0.4	0.5	23	691	1	4	100	15700	100	15700	0.003	0	0.003	0.003	157	0	157	157	
0.4	0.5	24	692	3	4	99	15937	99	15937	0.00307071	0.000703526	0.003	0.01	160.98	0.201008	159	161	
0.4	0.5	5	693	22	4	48	12912	49	13181	0.003	0	0.003	0.003	269	0	269	269	
0.4	0.5	1	694	27	4	86	10748	85	10623	0.003	0	0.003	0.003	124.976	0.21693	123	125	
0.4	0.5	5	695	23	4	50	6250	51	6375	0.003	0	0.003	0.003	125	0	125	125	
0.4	0.5	24	696	7	4	100	9700	100	9700	0.003	0	0.003	0.003	97	0	97	97	
0.4	0.5	5	697	9	4	49	6125	49	6125	0.003	0	0.003	0.003	125	0	125	125	
0.4	0.5	6	698	1	4	97	12123	97	12123	0.00321649	0.00121815	0.003	0.01	124.979	0.203069	123	125	
0.4	0.5	43	699	8	4	100	20100	100	20100	0.003	0	0.003	0.003	201	0	201	201	
0.4	0.5	6	700	6	4	100	6700	100	6700	0.003	0	0.003	0.003	67	0	67	67	
0.4	0.5	1	701	7	4	86	5762	86	5762	0.003	0	0.003	0.003	67	0	67	67	
0.4	0.5	24	702	5	4	100	16100	100	16100	0.003	0	0.003	0.003	161	0	161	161	
0.4	0.5	1	703	18	4	100	26900	100	26900	0.003	0	0.003	0.003	269	0	269	269	
0.4	0.5	5	704	53	4	50	3850	50	3850	0.003	0	0.003	0.003	77	0	77	77	
0.4	0.5	5	705	3	4	50	3350	50	3350	0.003	0	0.003	0.003	67	0	67	67	
0.4	0.5	5	706	25	4	49	2401	49	2401	0.003	0	0.003	0.003	49	0	49	49	
0.4	0.5	24	707	21	4	100	9700	100	9700	0.003	0	0.003	0.003	97	0	97	97	
0.4	0.5	1	708	5	4	86	13846	85	13685	0.003	0	0.003	0.003	161	0	161	161	
0.4	0.5	1	709	11	4	86	5762	86	5762	0.003	0	0.003	0.003	67	0	67	67	
0.4	0.5	5	710	29	4	51	19023	51	19023	0.003	0	0.003	0.003	373	0	373	373	
0.4	0.5	5	711	10	4	49	3773	49	3773	0.003	0	0.003	0.003	77	0	77	77	
0.4	0.5	5	712	7	4	49	6125	49	6125	0.00314286	0.001	0.003	0.01	125	0	125	125	
0.4	0.5	20	713	7	4	100	20098	100	20098	0.003	0	0.003	0.003	200.98	0.2	199	201	
0.4	0.5	5	714	34	4	50	3350	50	3350	0.003	0	0.003	0.003	67	0	67	67	
0.4	0.5	1	715	2	4	100	6700	100	6700	0.003	0	0.003	0.003	67	0	67	67	
0.4	0.5	25	716	1	4	100	6700	100	6700	0.003	0	0.003	0.003	67	0	67	67	
0.4	0.5	25	717	15	4	100	6700	100	6700	0.003	0	0.003	0.003	67	0	67	67	
0.4	0.5	24	718	4	4	100	9700	100	9700	0.003	0	0.003	0.003	97	0	97	97	
0.4	0.5	5	719	36	4	50	3850	50	3850	0.003	0	0.003	0.003	77	0	77	77	
0.4	0.5	5	720	32	4	50	3848	50	3848	0.003	0	0.003	0.003	76.96	0.282843	75	77	
0.4	0.5	24	721	20	4	100	9700	100	9700	0.003	0	0.003	0.003	97	0	97	97	
0.4	0.5	5	722	27	4	51	6375	51	6375	0.003	0	0.003	0.003	125	0	125	125	
0.4	0.5	1	723	10	4	69	8625	71	8875	0.00605634	0.00349648	0.003	0.01	125	0	125	125	
0.4	0.5	5	724	14	4	51	6375	51	6375	0.003	0	0.003	0.003	125	0	125	125	
0.4	0.5	5	725	57	4	52	5044	52	5044	0.003	0	0.003	0.003	97	0	97	97	
0.4	0.5	5	726	30	4	48	7344	48	7344	0.00402083	0.00249672	0.003	0.01	153	0	153	153	
0.4	0.5	24	727	6	4	100	23300	100	23300	0.003	0	0.003	0.003	233	0	233	233	
0.4	0.5	1	728	28	4	86	16598	85	16405	0.003	0	0.003	0.003	193	0	193	193	
0.4	0.5	24	729	15	4	99	9603	99	9603	0.00307071	0.000703526	0.003	0.01	97	0	97	97	
0.4	0.5	24	730	13	4	99	12375	99	12375	0.00307071	0.000703526	0.003	0.01	125	0	125	125	
0.4	0.5	25	731	13	4	100	6700	100	6700	0.003	0	0.003	0.003	67	0	67	67	
0.4	0.5	1	732	8	4	73	5621	73	5621	0.00434246	0.00277498	0.003	0.01	77	0	77	77	
0.4	0.5	1	733	26	4	100	6700	100	6700	0.003	0	0.003	0.003	67	0	67	67	
0.4	0.5	1	734	14	4	99	23067	99	23067	0.00307071	0.000703526	0.003	0.01	233	0	233	233	
0.4	0.5	1	735	13	4	86	13846	86	13846	0.003	0	0.003	0.003	161	0	161	161	
0.4	0.5	24	736	8	4	100	37300	100	37300	0.003	0	0.003	0.003	373	0	373	373	
0.4	0.5	5	737	16	4	50	3350	50	3350	0.003	0	0.003	0.003	67	0	67	67	
0.4	0.5	5	738	12	4	50	6248	50	6248	0.003	0	0.003	0.003	124.96	0.282843	123	125	
0.4	0.5	5	739	2	4	50	3350	50	3350	0.003	0	0.003	0.003	67	0	67	67	
0.4	0.5	5	740	4	4	50	11650	50	11650	0.003	0	0.003	0.003	233	0	233	233	
0.4	0.5	5	741	11	4	47	3619	46	3542	0.00406522	0.00254211	0.003	0.01	77	0	77	77	
0.4	0.5	6	742	11	4	100	7700	100	7700	0.003	0	0.003	0.003	77	0	77	77	
0.4	0.5	24	743	12	4	100	7700	100	7700	0.003	0	0.003	0.003	77	0	77	77	
0.4	0.5	1	744	17	4	86	8342	86	8342	0.003	0	0.003	0.003	97	0	97	97	
0.4	0.5	5	745	46	4	48	4656	48	4656	0.003	0	0.003	0.003	97	0	97	97	
0.4	0.5	25	746	3	4	100	6700	100	6700	0.003	0	0.003	0.003	67	0	67	67	
0.4	0.5	1	747	4	4	65	5005	63	4851	0.00522222	0.00328459	0.003	0.01	77	0	77	77	
0.4	0.5	24	748	11	4	100	16100	100	16100	0.003	0	0.003	0.003	161	0	161	161	
0.4	0.5	6	749	17	4	99	7623	98	7546	0.00307143	0.000707107	0.003	0.01	77	0	77	77	
0.4	0.5	1	750	22	4	100	9700	100	9700	0.003	0	0.003	0.003	97	0	97	97	
