% start	end	CellId	IMSI	RNTI	LCID	nTxPDUs	TxBytes	nRxPDUs	RxBytes	delay	stdDev	min	max	PduSize	stdDev	min	max
0.4	0.5	7	1	5	4	80	26000	80	26000	0.00475	0.00305021	0.003	0.01	325	0	325	325	
0.4	0.5	10	2	4	4	52	15652	49	14749	0.00985714	0.001	0.003	0.01	301	0	301	301	
0.4	0.5	28	3	5	4	99	6633	99	6633	0.00307071	0.000703526	0.003	0.01	67	0	67	67	
0.4	0.5	33	4	9	4	99	46431	99	46431	0.00307071	0.000703526	0.003	0.01	469	0	469	469	
0.4	0.5	41	5	4	4	63	16550	63	16514	0.003	0	0.003	0.003	262.127	14.2834	232	269	
0.4	0.5	20	6	7	4	100	48500	100	48500	0.003	0	0.003	0.003	485	0	485	485	
0.4	0.5	23	7	7	4	100	25300	100	25300	0.003	0	0.003	0.003	253	0	253	253	
0.4	0.5	43	8	7	4	100	19300	100	19300	0.003	0	0.003	0.003	193	0	193	193	
0.4	0.5	33	9	6	4	100	32500	100	32500	0.003	0	0.003	0.003	325	0	325	325	
0.4	0.5	34	10	16	4	51	4947	49	4753	0.01	0	0.01	0.01	97	0	97	97	
0.4	0.5	47	11	8	4	100	20100	99	19899	0.003	0	0.003	0.003	201	0	201	201	
0.4	0.5	16	12	3	4	100	105600	100	105600	0.003	0	0.003	0.003	1056	0	1056	1056	
0.4	0.5	35	13	5	4	100	32498	100	32498	0.003	0	0.003	0.003	324.98	0.2	323	325	
0.4	0.5	28	14	4	4	100	12500	100	12500	0.003	0	0.003	0.003	125	0	125	125	
0.4	0.5	52	15	16	4	71	19099	72	19368	0.003	0	0.003	0.003	269	0	269	269	
0.4	0.5	46	16	11	4	84	21252	82	20746	0.00436585	0.00279113	0.003	0.01	253	0	253	253	
0.4	0.5	49	17	8	4	100	38900	100	38900	0.003	0	0.003	0.003	389	0	389	389	
0.4	0.5	38	18	9	4	100	74900	100	74900	0.003	0	0.003	0.003	749	0	749	749	
0.4	0.5	55	19	4	4	81	6237	80	6160	0.003	0	0.003	0.003	77	0	77	77	
0.4	0.5	47	20	3	4	100	38900	100	38900	0.003	0	0.003	0.003	389	0	389	389	
0.4	0.5	55	21	11	4	79	12719	78	12558	0.003	0	0.003	0.003	161	0	161	161	
0.4	0.5	57	22	1	4	99	15939	99	15939	0.00307071	0.000703526	0.003	0.01	161	0	161	161	
0.4	0.5	53	23	5	4	100	25300	100	25300	0.003	0	0.003	0.003	253	0	253	253	
0.4	0.5	19	24	9	4	100	13700	100	13700	0.003	0	0.003	0.003	137	0	137	137	
0.4	0.5	52	25	37	4	72	9000	71	8875	0.003	0	0.003	0.003	125	0	125	125	
0.4	0.5	2	26	17	4	100	6700	100	6700	0.003	0	0.003	0.003	67	0	67	67	
0.4	0.5	47	27	4	4	100	20099	100	20099	0.003	0	0.003	0.003	200.99	0.1	200	201	
0.4	0.5	39	28	5	4	76	17708	77	17941	0.003	0	0.003	0.003	233	0	233	233	
0.4	0.5	55	29	23	4	81	5427	82	5494	0.003	0	0.003	0.003	67	0	67	67	
0.4	0.5	1	30	5	4	99	7623	99	7623	0.00307071	0.000703526	0.003	0.01	77	0	77	77	
0.4	0.5	44	31	7	4	97	33177	96	32944	0.00321875	0.00122434	0.003	0.01	343.167	117.178	193	469	
0.4	0.5	25	32	1	4	100	10094	100	10094	0.003	0	0.003	0.003	100.94	0.342893	99	101	
0.4	0.5	55	33	24	4	79	9875	80	10000	0.003	0	0.003	0.003	125	0	125	125	
0.4	0.5	54	34	2	4	100	53300	100	53300	0.003	0	0.003	0.003	533	0	533	533	
0.4	0.5	33	35	10	4	100	32500	100	32500	0.003	0	0.003	0.003	325	0	325	325	
0.4	0.5	55	36	26	4	80	5360	81	5427	0.003	0	0.003	0.003	67	0	67	67	
0.4	0.5	55	37	25	4	78	3822	79	3871	0.00308861	0.000787562	0.003	0.01	49	0	49	49	
0.4	0.5	18	38	1	4	100	55216	100	54942	0.003	0	0.003	0.003	549.42	65.4046	531	807	
0.4	0.5	55	39	1	4	79	12087	79	12087	0.003	0	0.003	0.003	153	0	153	153	
0.4	0.5	7	40	1	4	100	15700	100	15700	0.003	0	0.003	0.003	157	0	157	157	
0.4	0.5	35	41	2	4	100	20100	100	20100	0.003	0	0.003	0.003	201	0	201	201	
0.4	0.5	2	42	8	4	100	23294	100	23294	0.003	0	0.003	0.003	232.94	0.342893	231	233	
0.4	0.5	37	43	4	4	96	22368	96	22368	0.003	0	0.003	0.003	233	0	233	233	
0.4	0.5	26	44	8	4	100	46900	100	46900	0.003	0	0.003	0.003	469	0	469	469	
0.4	0.5	42	45	4	4	93	11625	94	11750	0.00344681	0.00172032	0.003	0.01	125	0	125	125	
0.4	0.5	19	46	2	4	100	15700	100	15700	0.003	0	0.003	0.003	157	0	157	157	
0.4	0.5	52	47	11	4	71	2272	72	2304	0.003	0	0.003	0.003	32	0	32	32	
0.4	0.5	24	48	17	4	100	16100	100	16100	0.003	0	0.003	0.003	161	0	161	161	
0.4	0.5	37	49	7	4	96	9312	96	9312	0.003	0	0.003	0.003	97	0	97	97	
0.4	0.5	39	50	1	4	76	20444	77	20713	0.003	0	0.003	0.003	269	0	269	269	
0.4	0.5	34	51	28	4	100	6700	100	6700	0.003	0	0.003	0.003	67	0	67	67	
0.4	0.5	8	52	8	4	100	34864	100	34864	0.003	0	0.003	0.003	348.64	118.571	233	469	
0.4	0.5	29	53	9	4	100	74900	100	74900	0.003	0	0.003	0.003	749	0	749	749	
0.4	0.5	7	54	3	4	80	12560	81	12717	0.00472839	0.00303732	0.003	0.01	157	0	157	157	
0.4	0.5	41	55	30	4	65	4355	65	4355	0.003	0	0.003	0.003	67	0	67	67	
0.4	0.5	55	56	13	4	80	6160	80	6160	0.0032625	0.00133828	0.003	0.01	77	0	77	77	
0.4	0.5	43	57	10	4	100	30100	100	30100	0.003	0	0.003	0.003	301	0	301	301	
0.4	0.5	26	58	6	4	100	30900	100	30900	0.003	0	0.003	0.003	309	0	309	309	
0.4	0.5	54	59	8	4	100	74900	100	74900	0.003	0	0.003	0.003	749	0	749	749	
0.4	0.5	3	60	3	4	100	23300	100	23300	0.003	0	0.003	0.003	233	0	233	233	
0.4	0.5	37	61	13	4	96	6432	96	6432	0.003	0	0.003	0.003	67	0	67	67	
0.4	0.5	15	62	9	4	100	46900	100	46900	0.003	0	0.003	0.003	469	0	469	469	
0.4	0.5	54	63	5	4	65	10205	63	9891	0.00677778	0.00351698	0.003	0.01	157	0	157	157	
0.4	0.5	53	64	1	4	100	74900	100	74900	0.003	0	0.003	0.003	749	0	749	749	
0.4	0.5	30	65	3	4	100	105600	100	105600	0.003	0	0.003	0.003	1056	0	1056	1056	
0.4	0.5	40	66	4	4	100	56588	100	56588	0.003	0	0.003	0.003	565.88	89.488	533	807	
0.4	0.5	41	67	10	4	65	4355	64	4288	0.00310937	0.000875	0.003	0.01	67	0	67	67	
0.4	0.5	26	68	3	4	98	73402	98	73402	0.00314286	0.000994832	0.003	0.01	749	0	749	749	
0.4	0.5	9	69	3	4	100	105600	100	105600	0.003	0	0.003	0.003	1056	0	1056	1056	
0.4	0.5	39	70	17	4	71	4757	71	4757	0.003	0	0.003	0.003	67	0	67	67	
0.4	0.5	47	71	10	4	100	15699	100	15699	0.003	0	0.003	0.003	156.99	0.1	156	157	
0.4	0.5	33	72	2	4	100	25300	100	25300	0.003	0	0.003	0.003	253	0	253	253	
0.4	0.5	30	73	7	4	100	23300	100	23300	0.003	0	0.003	0.003	233	0	233	233	
0.4	0.5	47	74	5	4	98	24793	98	24793	0.00307143	0.000707107	0.003	0.01	252.99	0.101015	252	253	
0.4	0.5	2	75	16	4	100	26180	100	26180	0.003	0	0.003	0.003	261.8	14.4725	233	269	
0.4	0.5	31	76	1	4	100	25300	100	25300	0.003	0	0.003	0.003	253	0	253	253	
0.4	0.5	44	77	14	4	93	21405	93	21405	0.00352688	0.00185678	0.003	0.01	230.161	78.4182	153	309	
0.4	0.5	7	78	8	4	98	15385	98	15385	0.00314286	0.000994832	0.003	0.01	156.99	0.101015	156	157	
0.4	0.5	17	79	2	4	100	69300	100	69300	0.003	0	0.003	0.003	693	0	693	693	
0.4	0.5	5	80	50	4	48	3696	47	3619	0.003	0	0.003	0.003	77	0	77	77	
0.4	0.5	29	81	1	4	100	32500	100	32500	0.003	0	0.003	0.003	325	0	325	325	
0.4	0.5	6	82	1	4	100	30100	100	30100	0.003	0	0.003	0.003	301	0	301	301	
0.4	0.5	28	83	6	4	100	7700	100	7700	0.003	0	0.003	0.003	77	0	77	77	
0.4	0.5	57	84	16	4	84	10500	84	10500	0.00425	0.00269705	0.003	0.01	125	0	125	125	
0.4	0.5	27	85	1	4	100	105600	100	105600	0.003	0	0.003	0.003	1056	0	1056	1056	
0.4	0.5	25	86	7	4	100	38900	100	38900	0.003	0	0.003	0.003	389	0	389	389	
0.4	0.5	50	87	3	4	100	30100	100	30100	0.003	0	0.003	0.003	301	0	301	301	
0.4	0.5	23	88	4	4	100	13700	100	13700	0.003	0	0.003	0.003	137	0	137	137	
0.4	0.5	15	89	4	4	100	15700	100	15700	0.003	0	0.003	0.003	157	0	157	157	
0.4	0.5	8	90	4	4	100	10130	100	10130	0.003	0	0.003	0.003	101.3	35.1693	67	137	
0.4	0.5	2	91	6	4	93	7161	93	7161	0.00352688	0.00185678	0.003	0.01	77	0	77	77	
0.4	0.5	34	92	25	4	100	19300	100	19300	0.003	0	0.003	0.003	193	0	193	193	
0.4	0.5	49	93	2	4	100	30100	100	30100	0.003	0	0.003	0.003	301	0	301	301	
0.4	0.5	38	94	6	4	100	30900	100	30900	0.003	0	0.003	0.003	309	0	309	309	
0.4	0.5	47	95	2	4	100	74900	100	74900	0.003	0	0.003	0.003	749	0	749	749	
0.4	0.5	45	96	8	4	100	59700	100	59700	0.003	0	0.003	0.003	597	0	597	597	
0.4	0.5	2	97	18	4	100	37300	100	37300	0.003	0	0.003	0.003	373	0	373	373	
0.4	0.5	10	98	3	4	100	38900	100	38900	0.003	0	0.003	0.003	389	0	389	389	
0.4	0.5	46	99	4	4	97	24541	97	24541	0.00321649	0.00121815	0.003	0.01	253	0	253	253	
0.4	0.5	31	100	5	4	100	15700	100	15700	0.003	0	0.003	0.003	157	0	157	157	
0.4	0.5	41	101	46	4	63	1386	62	1364	0.003	0	0.003	0.003	22	0	22	22	
0.4	0.5	51	102	2	4	80	25360	82	25994	0.00462195	0.00297164	0.003	0.01	317	0	317	317	
0.4	0.5	6	103	10	4	100	15300	100	15300	0.003	0	0.003	0.003	153	0	153	153	
0.4	0.5	37	104	12	4	96	35808	96	35808	0.003	0	0.003	0.003	373	0	373	373	
0.4	0.5	40	105	9	4	100	31132	100	31132	0.003	0	0.003	0.003	311.32	49.4893	253	453	
0.4	0.5	3	106	4	4	100	30099	100	30099	0.003	0	0.003	0.003	300.99	0.1	300	301	
0.4	0.5	3	107	1	4	50	11650	51	11883	0.01	0	0.01	0.01	233	0	233	233	
0.4	0.5	41	108	8	4	63	3087	63	3087	0.003	0	0.003	0.003	49	0	49	49	
0.4	0.5	22	109	6	4	100	64500	100	64500	0.003	0	0.003	0.003	645	0	645	645	
0.4	0.5	32	110	7	4	100	20100	100	20100	0.003	0	0.003	0.003	201	0	201	201	
0.4	0.5	20	111	6	4	100	38900	100	38900	0.003	0	0.003	0.003	389	0	389	389	
0.4	0.5	37	112	25	4	96	6432	96	6432	0.003	0	0.003	0.003	67	0	67	67	
0.4	0.5	30	113	5	4	100	38900	100	38900	0.003	0	0.003	0.003	389	0	389	389	
0.4	0.5	8	114	11	4	89	12689	89	12793	0.00386517	0.00231689	0.003	0.01	143.742	52.0266	97	201	
0.4	0.5	52	115	35	4	72	11592	71	11431	0.003	0	0.003	0.003	161	0	161	161	
0.4	0.5	34	116	22	4	100	9700	100	9700	0.003	0	0.003	0.003	97	0	97	97	
0.4	0.5	42	117	1	4	100	6700	100	6700	0.003	0	0.003	0.003	67	0	67	67	
0.4	0.5	30	118	6	4	100	23300	100	23300	0.003	0	0.003	0.003	233	0	233	233	
0.4	0.5	42	119	10	4	100	6700	100	6700	0.003	0	0.003	0.003	67	0	67	67	
0.4	0.5	13	120	11	4	99	11463	99	11543	0.00307071	0.000703526	0.003	0.01	116.596	40.2015	77	157	
0.4	0.5	7	121	12	4	100	30900	100	30900	0.003	0	0.003	0.003	309	0	309	309	
0.4	0.5	34	122	3	4	100	9700	100	9700	0.003	0	0.003	0.003	97	0	97	97	
0.4	0.5	5	123	11	4	45	8685	45	8685	0.003	0	0.003	0.003	193	0	193	193	
0.4	0.5	38	124	8	4	100	53298	100	53298	0.003	0	0.003	0.003	532.98	0.2	531	533	
0.4	0.5	5	125	20	4	40	5000	41	5125	0.00453658	0.00293341	0.003	0.01	125	0	125	125	
0.4	0.5	39	126	24	4	76	3724	76	3724	0.003	0	0.003	0.003	49	0	49	49	
0.4	0.5	33	127	1	4	100	32500	100	32500	0.003	0	0.003	0.003	325	0	325	325	
0.4	0.5	2	128	10	4	69	25737	69	25737	0.00614493	0.00350745	0.003	0.01	373	0	373	373	
0.4	0.5	39	129	7	4	76	2432	77	2464	0.003	0	0.003	0.003	32	0	32	32	
0.4	0.5	56	130	3	4	96	105330	96	104550	0.00321875	0.00122434	0.003	0.01	1089.06	143.348	1056	1836	
0.4	0.5	37	131	8	4	96	25823	96	25823	0.003	0	0.003	0.003	268.99	0.102062	268	269	
0.4	0.5	39	132	32	4	71	6886	70	6789	0.003	0	0.003	0.003	96.9857	0.119523	96	97	
0.4	0.5	20	133	5	4	100	105600	100	105600	0.003	0	0.003	0.003	1056	0	1056	1056	
0.4	0.5	42	134	9	4	100	12499	100	12499	0.003	0	0.003	0.003	124.99	0.1	124	125	
0.4	0.5	31	135	2	4	99	31327	99	31359	0.00307071	0.000703526	0.003	0.01	316.758	8.03702	309	325	
0.4	0.5	52	136	34	4	64	4928	64	4928	0.00376562	0.00220204	0.003	0.01	77	0	77	77	
0.4	0.5	46	137	8	4	100	32500	100	32500	0.003	0	0.003	0.003	325	0	325	325	
0.4	0.5	42	138	19	4	100	6700	100	6700	0.003	0	0.003	0.003	67	0	67	67	
0.4	0.5	37	139	15	4	96	4704	96	4704	0.003	0	0.003	0.003	49	0	49	49	
0.4	0.5	40	140	7	4	53	8321	51	8007	0.00931372	0.00210229	0.003	0.01	157	0	157	157	
0.4	0.5	36	141	3	4	100	27700	100	27700	0.003	0	0.003	0.003	277	0	277	277	
0.4	0.5	14	142	2	4	100	77500	100	77500	0.003	0	0.003	0.003	775	0	775	775	
0.4	0.5	39	143	6	4	70	3430	71	3479	0.003	0	0.003	0.003	49	0	49	49	
0.4	0.5	17	144	4	4	100	105600	100	105600	0.003	0	0.003	0.003	1056	0	1056	1056	
0.4	0.5	49	145	4	4	100	30100	100	30100	0.003	0	0.003	0.003	301	0	301	301	
0.4	0.5	34	146	26	4	100	19300	100	19300	0.003	0	0.003	0.003	193	0	193	193	
0.4	0.5	55	147	18	4	75	5775	76	5852	0.00373684	0.00216252	0.003	0.01	77	0	77	77	
0.4	0.5	11	148	4	4	100	42100	100	42100	0.003	0	0.003	0.003	421	0	421	421	
0.4	0.5	15	149	1	4	100	74900	100	74900	0.003	0	0.003	0.003	749	0	749	749	
0.4	0.5	28	150	13	4	100	12498	100	12498	0.003	0	0.003	0.003	124.98	0.2	123	125	
0.4	0.5	15	151	12	4	100	62096	100	62096	0.003	0	0.003	0.003	620.96	0.242878	619	621	
0.4	0.5	52	152	19	4	71	4757	71	4757	0.003	0	0.003	0.003	67	0	67	67	
0.4	0.5	41	153	12	4	66	2112	66	2112	0.003	0	0.003	0.003	32	0	32	32	
0.4	0.5	18	154	7	4	83	26527	82	26218	0.00445122	0.00285516	0.003	0.01	319.732	22.6351	309	453	
0.4	0.5	31	155	6	4	68	17204	67	16951	0.00644776	0.00352602	0.003	0.01	253	0	253	253	
0.4	0.5	2	156	4	4	100	4900	100	4898	0.003	0	0.003	0.003	48.98	0.2	47	49	
0.4	0.5	39	157	34	4	71	2272	70	2240	0.003	0	0.003	0.003	32	0	32	32	
0.4	0.5	57	158	15	4	100	12500	100	12500	0.003	0	0.003	0.003	125	0	125	125	
0.4	0.5	3	159	6	4	100	15300	100	15300	0.003	0	0.003	0.003	153	0	153	153	
0.4	0.5	52	160	22	4	71	2272	72	2304	0.003	0	0.003	0.003	32	0	32	32	
0.4	0.5	54	161	3	4	98	24793	98	24793	0.00314286	0.000994832	0.003	0.01	252.99	0.101015	252	253	
0.4	0.5	54	162	6	4	100	20100	100	20100	0.003	0	0.003	0.003	201	0	201	201	
0.4	0.5	4	163	3	4	100	20099	100	20099	0.003	0	0.003	0.003	200.99	0.1	200	201	
0.4	0.5	26	164	4	4	100	20100	100	20100	0.003	0	0.003	0.003	201	0	201	201	
0.4	0.5	42	165	18	4	100	4900	100	4900	0.003	0	0.003	0.003	49	0	49	49	
0.4	0.5	1	166	3	4	100	6700	100	6700	0.003	0	0.003	0.003	67	0	67	67	
0.4	0.5	27	167	7	4	100	59700	100	59700	0.003	0	0.003	0.003	597	0	597	597	
0.4	0.5	37	168	5	4	96	3071	96	3071	0.003	0	0.003	0.003	31.9896	0.102062	31	32	
0.4	0.5	41	169	3	4	67	3281	67	3281	0.003	0	0.003	0.003	48.9701	0.244339	47	49	
0.4	0.5	39	170	8	4	70	6790	71	6887	0.003	0	0.003	0.003	97	0	97	97	
0.4	0.5	27	171	4	4	100	61812	100	61812	0.003	0	0.003	0.003	618.12	39.968	597	693	
0.4	0.5	19	172	5	4	100	25300	100	25300	0.003	0	0.003	0.003	253	0	253	253	
0.4	0.5	50	173	5	4	100	48500	100	48500	0.003	0	0.003	0.003	485	0	485	485	
0.4	0.5	41	174	11	4	65	12545	65	12545	0.003	0	0.003	0.003	193	0	193	193	
0.4	0.5	4	175	10	4	100	46900	100	46900	0.003	0	0.003	0.003	469	0	469	469	
0.4	0.5	34	176	13	4	100	12499	100	12499	0.003	0	0.003	0.003	124.99	0.1	124	125	
0.4	0.5	35	177	8	4	99	15541	99	15541	0.00314141	0.000989847	0.003	0.01	156.98	0.201008	155	157	
0.4	0.5	37	178	22	4	96	6432	96	6432	0.003	0	0.003	0.003	67	0	67	67	
0.4	0.5	4	179	5	4	100	74900	100	74900	0.003	0	0.003	0.003	749	0	749	749	
0.4	0.5	51	180	4	4	100	64500	100	64500	0.003	0	0.003	0.003	645	0	645	645	
0.4	0.5	23	181	9	4	100	25300	100	25300	0.003	0	0.003	0.003	253	0	253	253	
0.4	0.5	37	182	9	4	96	11998	96	11998	0.003	0	0.003	0.003	124.979	0.204124	123	125	
0.4	0.5	47	183	12	4	100	38900	100	38900	0.003	0	0.003	0.003	389	0	389	389	
0.4	0.5	39	184	29	4	77	3773	76	3724	0.003	0	0.003	0.003	49	0	49	49	
0.4	0.5	10	185	6	4	52	12116	50	11650	0.00972	0.00138564	0.003	0.01	233	0	233	233	
0.4	0.5	29	186	2	4	82	12873	84	13187	0.00458333	0.00294614	0.003	0.01	156.988	0.109109	156	157	
0.4	0.5	57	187	9	4	100	23300	100	23300	0.003	0	0.003	0.003	233	0	233	233	
0.4	0.5	11	188	2	4	100	96700	100	96700	0.003	0	0.003	0.003	967	0	967	967	
0.4	0.5	57	189	13	4	90	6930	90	6930	0.0037	0.00211176	0.003	0.01	77	0	77	77	
0.4	0.5	16	190	1	4	51	32895	50	32250	0.01	0	0.01	0.01	645	0	645	645	
0.4	0.5	52	191	3	4	72	6984	71	6887	0.003	0	0.003	0.003	97	0	97	97	
0.4	0.5	52	192	29	4	70	2240	70	2240	0.0032	0.00117461	0.003	0.01	32	0	32	32	
0.4	0.5	19	193	10	4	100	15700	100	15700	0.003	0	0.003	0.003	157	0	157	157	
0.4	0.5	38	194	7	4	100	13700	100	13700	0.003	0	0.003	0.003	137	0	137	137	
0.4	0.5	34	195	2	4	99	9603	99	9603	0.00307071	0.000703526	0.003	0.01	97	0	97	97	
0.4	0.5	41	196	33	4	62	9486	62	9486	0.003	0	0.003	0.003	153	0	153	153	
0.4	0.5	37	197	20	4	56	4311	56	4311	0.0085	0.00289828	0.003	0.01	76.9821	0.133631	76	77	
0.4	0.5	26	198	5	4	100	32498	100	32498	0.003	0	0.003	0.003	324.98	0.2	323	325	
0.4	0.5	32	199	9	4	100	46900	100	46900	0.003	0	0.003	0.003	469	0	469	469	
0.4	0.5	4	200	1	4	100	20099	100	20099	0.003	0	0.003	0.003	200.99	0.1	200	201	
0.4	0.5	37	201	16	4	92	10408	92	10408	0.00338043	0.00159561	0.003	0.01	113.13	13.9128	97	125	
0.4	0.5	2	202	1	4	77	9373	78	9470	0.00515385	0.00325168	0.003	0.01	121.41	9.4215	97	125	
0.4	0.5	37	203	6	4	94	4605	94	4605	0.00314894	0.00101555	0.003	0.01	48.9894	0.103142	48	49	
0.4	0.5	52	204	38	4	66	8248	66	8248	0.00363636	0.00202778	0.003	0.01	124.97	0.246183	123	125	
0.4	0.5	41	205	38	4	67	8375	67	8375	0.003	0	0.003	0.003	125	0	125	125	
0.4	0.5	34	206	11	4	100	6700	100	6700	0.003	0	0.003	0.003	67	0	67	67	
0.4	0.5	48	207	1	4	100	59700	100	59700	0.003	0	0.003	0.003	597	0	597	597	
0.4	0.5	46	208	7	4	96	24286	96	24286	0.00329167	0.00140613	0.003	0.01	252.979	0.204124	251	253	
0.4	0.5	55	209	8	4	78	7566	77	7469	0.00309091	0.000797724	0.003	0.01	97	0	97	97	
0.4	0.5	26	210	1	4	94	14757	94	14757	0.00344681	0.00172032	0.003	0.01	156.989	0.103142	156	157	
0.4	0.5	31	211	10	4	100	25300	100	25300	0.003	0	0.003	0.003	253	0	253	253	
0.4	0.5	28	212	9	4	100	6700	100	6700	0.003	0	0.003	0.003	67	0	67	67	
0.4	0.5	32	213	10	4	100	38900	100	38900	0.003	0	0.003	0.003	389	0	389	389	
0.4	0.5	4	214	2	4	100	15699	100	15699	0.003	0	0.003	0.003	156.99	0.1	156	157	
0.4	0.5	38	215	3	4	100	30900	100	30900	0.003	0	0.003	0.003	309	0	309	309	
0.4	0.5	13	216	8	4	100	10129	100	10199	0.003	0	0.003	0.003	101.99	35.1664	67	137	
0.4	0.5	32	217	2	4	69	10153	69	10193	0.00614493	0.00350745	0.003	0.01	147.725	10.0468	137	157	
0.4	0.5	46	218	2	4	100	13700	100	13700	0.003	0	0.003	0.003	137	0	137	137	
0.4	0.5	37	219	2	4	96	12000	96	12000	0.003	0	0.003	0.003	125	0	125	125	
0.4	0.5	2	220	7	4	100	26900	100	26900	0.003	0	0.003	0.003	269	0	269	269	
0.4	0.5	34	221	9	4	100	3200	99	3168	0.003	0	0.003	0.003	32	0	32	32	
0.4	0.5	12	222	2	4	100	46900	100	46900	0.003	0	0.003	0.003	469	0	469	469	
0.4	0.5	30	223	8	4	100	45300	100	45300	0.003	0	0.003	0.003	453	0	453	453	
0.4	0.5	4	224	8	4	100	25300	100	25300	0.003	0	0.003	0.003	253	0	253	253	
0.4	0.5	6	225	13	4	99	9521	99	9521	0.00307071	0.000703526	0.003	0.01	96.1717	3.95908	77	97	
0.4	0.5	55	226	9	4	82	5494	81	5427	0.00308642	0.000777778	0.003	0.01	67	0	67	67	
0.4	0.5	53	227	3	4	67	13465	69	13867	0.00624638	0.00351637	0.003	0.01	200.971	0.240772	199	201	
0.4	0.5	24	228	8	4	100	12500	100	12500	0.003	0	0.003	0.003	125	0	125	125	
0.4	0.5	28	229	11	4	100	16100	100	16100	0.003	0	0.003	0.003	161	0	161	161	
0.4	0.5	41	230	29	4	64	2048	63	2016	0.003	0	0.003	0.003	32	0	32	32	
0.4	0.5	6	231	12	4	100	26324	99	25983	0.003	0	0.003	0.003	262.455	13.9557	233	269	
0.4	0.5	2	232	3	4	100	37300	100	37300	0.003	0	0.003	0.003	373	0	373	373	
0.4	0.5	15	233	8	4	100	53298	100	53298	0.003	0	0.003	0.003	532.98	0.2	531	533	
0.4	0.5	54	234	9	4	98	31850	98	31850	0.00314286	0.000994832	0.003	0.01	325	0	325	325	
0.4	0.5	57	235	3	4	100	7700	100	7700	0.003	0	0.003	0.003	77	0	77	77	
0.4	0.5	44	236	10	4	52	22028	52	22028	0.00946154	0.00188348	0.003	0.01	423.615	129.585	373	749	
0.4	0.5	43	237	8	4	100	9700	100	9700	0.003	0	0.003	0.003	97	0	97	97	
0.4	0.5	25	238	3	4	55	25251	53	24313	0.00920755	0.00223915	0.003	0.01	458.736	30.1127	325	469	
0.4	0.5	44	239	2	4	97	27512	97	27512	0.00321649	0.00121815	0.003	0.01	283.629	97.258	161	389	
0.4	0.5	55	240	22	4	78	5226	79	5293	0.003	0	0.003	0.003	67	0	67	67	
0.4	0.5	4	241	6	4	100	20100	100	20100	0.003	0	0.003	0.003	201	0	201	201	
0.4	0.5	7	242	10	4	100	25300	100	25300	0.003	0	0.003	0.003	253	0	253	253	
0.4	0.5	42	243	15	4	100	16100	100	16100	0.003	0	0.003	0.003	161	0	161	161	
0.4	0.5	12	244	3	4	90	87030	90	87030	0.00377778	0.00221221	0.003	0.01	967	0	967	967	
0.4	0.5	12	245	1	4	100	105600	100	105600	0.003	0	0.003	0.003	1056	0	1056	1056	
0.4	0.5	18	246	8	4	100	20800	100	20700	0.003	0	0.003	0.003	207	23.8683	201	301	
0.4	0.5	2	247	14	4	100	12498	100	12498	0.003	0	0.003	0.003	124.98	0.2	123	125	
0.4	0.5	39	248	9	4	76	5092	76	5092	0.003	0	0.003	0.003	67	0	67	67	
0.4	0.5	34	249	4	4	100	9700	100	9700	0.003	0	0.003	0.003	97	0	97	97	
0.4	0.5	42	250	5	4	100	37298	100	37298	0.003	0	0.003	0.003	372.98	0.2	371	373	
0.4	0.5	39	251	20	4	77	12397	76	12236	0.003	0	0.003	0.003	161	0	161	161	
0.4	0.5	36	252	1	4	100	51698	100	51698	0.003	0	0.003	0.003	516.98	0.2	515	517	
0.4	0.5	52	253	14	4	71	6887	72	6984	0.003	0	0.003	0.003	97	0	97	97	
0.4	0.5	18	254	10	4	68	12024	68	11960	0.00608823	0.00350154	0.003	0.01	175.882	31.2742	137	201	
0.4	0.5	49	255	7	4	100	30100	100	30100	0.003	0	0.003	0.003	301	0	301	301	
0.4	0.5	30	256	4	4	100	20900	100	20900	0.003	0	0.003	0.003	209	0	209	209	
0.4	0.5	20	257	4	4	92	35788	92	35788	0.00360869	0.00198321	0.003	0.01	389	0	389	389	
0.4	0.5	4	258	4	4	100	15699	100	15699	0.003	0	0.003	0.003	156.99	0.1	156	157	
0.4	0.5	52	259	31	4	71	8875	70	8750	0.0031	0.00083666	0.003	0.01	125	0	125	125	
0.4	0.5	4	260	11	4	100	46900	100	46900	0.003	0	0.003	0.003	469	0	469	469	
0.4	0.5	55	261	21	4	79	5293	80	5360	0.003	0	0.003	0.003	67	0	67	67	
0.4	0.5	25	262	6	4	100	32500	100	32500	0.003	0	0.003	0.003	325	0	325	325	
0.4	0.5	4	263	9	4	100	32499	100	32499	0.003	0	0.003	0.003	324.99	0.1	324	325	
0.4	0.5	35	264	4	4	100	15699	100	15699	0.003	0	0.003	0.003	156.99	0.1	156	157	
0.4	0.5	36	265	2	4	100	105600	100	105600	0.003	0	0.003	0.003	1056	0	1056	1056	
0.4	0.5	55	266	12	4	82	10250	82	10250	0.003	0	0.003	0.003	125	0	125	125	
0.4	0.5	8	267	10	4	100	7448	100	7448	0.003	0	0.003	0.003	74.48	26.1258	49	101	
0.4	0.5	41	268	43	4	64	2048	64	2048	0.003	0	0.003	0.003	32	0	32	32	
0.4	0.5	23	269	5	4	99	15542	99	15542	0.003	0	0.003	0.003	156.99	0.100504	156	157	
0.4	0.5	52	270	33	4	71	5467	70	5390	0.0031	0.00083666	0.003	0.01	77	0	77	77	
0.4	0.5	41	271	6	4	65	6305	64	6208	0.003	0	0.003	0.003	97	0	97	97	
0.4	0.5	13	272	10	4	100	39836	100	40100	0.003	0	0.003	0.003	401	132.665	269	533	
0.4	0.5	28	273	14	4	99	15939	99	15939	0.00307071	0.000703526	0.003	0.01	161	0	161	161	
0.4	0.5	29	274	7	4	100	46900	100	46900	0.003	0	0.003	0.003	469	0	469	469	
0.4	0.5	15	275	3	4	55	13915	54	13662	0.00883333	0.00263324	0.003	0.01	253	0	253	253	
0.4	0.5	3	276	2	4	100	80700	100	80700	0.003	0	0.003	0.003	807	0	807	807	
0.4	0.5	22	277	2	4	100	27700	100	27700	0.003	0	0.003	0.003	277	0	277	277	
0.4	0.5	8	278	1	4	100	55724	100	55724	0.003	0	0.003	0.003	557.24	188.909	373	749	
0.4	0.5	37	279	24	4	95	6365	96	6432	0.003	0	0.003	0.003	67	0	67	67	
0.4	0.5	22	280	1	4	100	64499	100	64500	0.003	0	0.003	0.003	645	0	645	645	
0.4	0.5	55	281	19	4	81	6237	81	6237	0.003	0	0.003	0.003	77	0	77	77	
0.4	0.5	34	282	24	4	100	6700	100	6700	0.003	0	0.003	0.003	67	0	67	67	
0.4	0.5	57	283	6	4	94	11750	95	11875	0.0034421	0.00171176	0.003	0.01	125	0	125	125	
0.4	0.5	39	284	10	4	70	21070	71	21371	0.003	0	0.003	0.003	301	0	301	301	
0.4	0.5	55	285	2	4	81	5427	81	5427	0.003	0	0.003	0.003	67	0	67	67	
0.4	0.5	40	286	5	4	100	16610	100	16610	0.003	0	0.003	0.003	166.1	24.8297	155	233	
0.4	0.5	46	287	3	4	83	20997	83	20997	0.00426506	0.00270989	0.003	0.01	252.976	0.219529	251	253	
0.4	0.5	56	288	5	4	84	60239	84	60563	0.00441667	0.00282931	0.003	0.01	720.988	80.3886	645	807	
0.4	0.5	45	289	3	4	100	59700	100	59700	0.003	0	0.003	0.003	597	0	597	597	
0.4	0.5	13	290	9	4	100	10129	100	10199	0.003	0	0.003	0.003	101.99	35.1664	67	137	
0.4	0.5	39	291	25	4	71	5467	70	5390	0.003	0	0.003	0.003	77	0	77	77	
0.4	0.5	30	292	2	4	100	30100	100	30100	0.003	0	0.003	0.003	301	0	301	301	
0.4	0.5	49	293	3	4	100	23300	100	23300	0.003	0	0.003	0.003	233	0	233	233	
0.4	0.5	57	294	10	4	100	7700	100	7700	0.003	0	0.003	0.003	77	0	77	77	
0.4	0.5	32	295	5	4	100	32499	100	32499	0.003	0	0.003	0.003	324.99	0.1	324	325	
0.4	0.5	50	296	1	4	100	48500	100	48500	0.003	0	0.003	0.003	485	0	485	485	
0.4	0.5	57	297	17	4	100	19300	100	19300	0.003	0	0.003	0.003	193	0	193	193	
0.4	0.5	34	298	7	4	99	6633	99	6633	0.00307071	0.000703526	0.003	0.01	67	0	67	67	
0.4	0.5	34	299	23	4	100	9700	100	9700	0.003	0	0.003	0.003	97	0	97	97	
0.4	0.5	55	300	30	4	82	5494	82	5494	0.003	0	0.003	0.003	67	0	67	67	
0.4	0.5	51	301	5	4	100	69960	100	70220	0.003	0	0.003	0.003	702.2	64.8554	645	775	
0.4	0.5	52	302	27	4	72	6983	72	6983	0.003	0	0.003	0.003	96.9861	0.117851	96	97	
0.4	0.5	28	303	16	4	100	12498	100	12498	0.003	0	0.003	0.003	124.98	0.2	123	125	
0.4	0.5	41	304	39	4	65	4533	65	4543	0.00321538	0.00121825	0.003	0.01	69.8923	4.61019	65	77	
0.4	0.5	39	305	12	4	70	10710	71	10863	0.003	0	0.003	0.003	153	0	153	153	
0.4	0.5	41	306	42	4	67	3283	68	3332	0.003	0	0.003	0.003	49	0	49	49	
0.4	0.5	41	307	13	4	62	6014	62	6014	0.003	0	0.003	0.003	97	0	97	97	
0.4	0.5	35	308	7	4	100	38900	100	38900	0.003	0	0.003	0.003	389	0	389	389	
0.4	0.5	52	309	23	4	61	4697	63	4851	0.00411111	0.00257852	0.003	0.01	77	0	77	77	
0.4	0.5	14	310	5	4	100	105600	100	105600	0.003	0	0.003	0.003	1056	0	1056	1056	
0.4	0.5	27	311	6	4	100	59700	100	59700	0.003	0	0.003	0.003	597	0	597	597	
0.4	0.5	43	312	14	4	100	12498	100	12498	0.003	0	0.003	0.003	124.98	0.2	123	125	
0.4	0.5	23	313	1	4	100	25300	100	25300	0.003	0	0.003	0.003	253	0	253	253	
0.4	0.5	41	314	22	4	63	3087	63	3087	0.003	0	0.003	0.003	49	0	49	49	
0.4	0.5	49	315	1	4	100	38900	100	38900	0.003	0	0.003	0.003	389	0	389	389	
0.4	0.5	18	316	6	4	66	9740	66	9760	0.0065	0.00352682	0.003	0.01	147.879	10.01	137	157	
0.4	0.5	54	317	7	4	100	25300	100	25300	0.003	0	0.003	0.003	253	0	253	253	
0.4	0.5	55	318	20	4	81	15633	81	15633	0.003	0	0.003	0.003	193	0	193	193	
0.4	0.5	15	319	2	4	100	13700	100	13700	0.003	0	0.003	0.003	137	0	137	137	
0.4	0.5	21	320	4	4	100	13700	100	13700	0.003	0	0.003	0.003	137	0	137	137	
0.4	0.5	23	321	8	4	100	38900	100	38900	0.003	0	0.003	0.003	389	0	389	389	
0.4	0.5	8	322	13	4	99	18519	99	18519	0.00307071	0.000703526	0.003	0.01	187.061	64.2962	125	253	
0.4	0.5	42	323	13	4	100	7700	100	7700	0.003	0	0.003	0.003	77	0	77	77	
0.4	0.5	10	324	1	4	100	45298	100	45298	0.003	0	0.003	0.003	452.98	0.2	451	453	
0.4	0.5	1	325	19	4	100	9700	100	9700	0.003	0	0.003	0.003	97	0	97	97	
0.4	0.5	23	326	2	4	100	20100	100	20100	0.003	0	0.003	0.003	201	0	201	201	
0.4	0.5	35	327	9	4	100	13700	100	13700	0.003	0	0.003	0.003	137	0	137	137	
0.4	0.5	51	328	3	4	100	64500	100	64500	0.003	0	0.003	0.003	645	0	645	645	
0.4	0.5	39	329	27	4	77	12397	76	12236	0.003	0	0.003	0.003	161	0	161	161	
0.4	0.5	18	330	5	4	78	24822	79	25163	0.00494937	0.00315781	0.003	0.01	318.519	17.2856	309	453	
0.4	0.5	8	331	2	4	81	9197	81	9197	0.00464197	0.00298458	0.003	0.01	113.543	40.0986	77	157	
0.4	0.5	34	332	5	4	100	6700	100	6700	0.003	0	0.003	0.003	67	0	67	67	
0.4	0.5	21	333	11	4	100	30900	100	30900	0.003	0	0.003	0.003	309	0	309	309	
0.4	0.5	6	334	9	4	100	26755	100	26755	0.003	0	0.003	0.003	267.55	7.08872	233	269	
0.4	0.5	36	335	6	4	100	51698	100	51698	0.003	0	0.003	0.003	516.98	0.2	515	517	
0.4	0.5	7	336	2	4	100	20100	100	20100	0.003	0	0.003	0.003	201	0	201	201	
0.4	0.5	12	337	4	4	100	42100	100	42100	0.003	0	0.003	0.003	421	0	421	421	
0.4	0.5	1	338	22	4	100	6700	100	6700	0.003	0	0.003	0.003	67	0	67	67	
0.4	0.5	39	339	37	4	70	1538	71	1560	0.003	0	0.003	0.003	21.9718	0.237356	20	22	
0.4	0.5	46	340	5	4	100	31796	100	31828	0.003	0	0.003	0.003	318.28	7.93672	309	325	
0.4	0.5	55	341	29	4	79	18407	79	18407	0.003	0	0.003	0.003	233	0	233	233	
0.4	0.5	45	342	7	4	60	35820	60	35820	0.00766667	0.00332768	0.003	0.01	597	0	597	597	
0.4	0.5	46	343	6	4	100	30900	100	30900	0.003	0	0.003	0.003	309	0	309	309	
0.4	0.5	34	344	12	4	98	15776	100	16098	0.00314	0.000984937	0.003	0.01	160.98	0.2	159	161	
0.4	0.5	31	345	7	4	100	32500	100	32500	0.003	0	0.003	0.003	325	0	325	325	
0.4	0.5	5	346	30	4	49	9073	50	9234	0.00328	0.00138564	0.003	0.01	184.68	14.1788	161	193	
0.4	0.5	34	347	14	4	100	15300	99	15147	0.003	0	0.003	0.003	153	0	153	153	
0.4	0.5	31	348	11	4	100	46898	100	46898	0.003	0	0.003	0.003	468.98	0.2	467	469	
0.4	0.5	44	349	11	4	51	6759	50	6634	0.00986	0.000989949	0.003	0.01	132.68	30.7069	125	253	
0.4	0.5	34	350	15	4	100	15300	100	15300	0.003	0	0.003	0.003	153	0	153	153	
0.4	0.5	34	351	6	4	79	6083	81	6237	0.00464197	0.00298458	0.003	0.01	77	0	77	77	
0.4	0.5	17	352	7	4	100	69300	100	69300	0.003	0	0.003	0.003	693	0	693	693	
0.4	0.5	7	353	9	4	100	38900	100	38900	0.003	0	0.003	0.003	389	0	389	389	
0.4	0.5	52	354	5	4	71	6887	70	6790	0.003	0	0.003	0.003	97	0	97	97	
0.4	0.5	37	355	10	4	96	3070	95	3038	0.003	0	0.003	0.003	31.9789	0.205196	30	32	
0.4	0.5	41	356	32	4	64	3136	64	3136	0.003	0	0.003	0.003	49	0	49	49	
0.4	0.5	18	357	9	4	66	9902	67	10039	0.00634328	0.00352288	0.003	0.01	149.836	9.66185	137	157	
0.4	0.5	40	358	1	4	100	34420	100	34420	0.003	0	0.003	0.003	344.2	52.2558	325	485	
0.4	0.5	40	359	8	4	100	28412	100	28468	0.003	0	0.003	0.003	284.68	51.3815	253	453	
0.4	0.5	41	360	28	4	63	4221	63	4221	0.003	0	0.003	0.003	67	0	67	67	
0.4	0.5	41	361	14	4	64	23869	64	23869	0.003	0	0.003	0.003	372.953	0.277728	371	373	
0.4	0.5	40	362	2	4	99	26543	99	26543	0.00307071	0.000703526	0.003	0.01	268.111	42.9582	253	389	
0.4	0.5	33	363	7	4	59	14927	60	15180	0.00778333	0.00328371	0.003	0.01	253	0	253	253	
0.4	0.5	26	364	2	4	100	38900	100	38900	0.003	0	0.003	0.003	389	0	389	389	
0.4	0.5	9	365	2	4	100	64500	100	64500	0.003	0	0.003	0.003	645	0	645	645	
0.4	0.5	20	366	1	4	99	105127	99	105127	0.00307071	0.000703526	0.003	0.01	1061.89	14.0079	1056	1095	
0.4	0.5	47	367	9	4	100	53298	100	53298	0.003	0	0.003	0.003	532.98	0.2	531	533	
0.4	0.5	55	368	16	4	81	3969	82	4018	0.0032561	0.00132228	0.003	0.01	49	0	49	49	
0.4	0.5	3	369	5	4	98	46601	98	46537	0.00314286	0.000994832	0.003	0.01	474.867	14.9733	452	485	
0.4	0.5	40	370	3	4	74	11590	76	11864	0.00539474	0.00334297	0.003	0.01	156.105	14.5562	137	233	
0.4	0.5	52	371	21	4	70	2240	69	2208	0.003	0	0.003	0.003	32	0	32	32	
0.4	0.5	45	372	2	4	95	104025	94	102930	0.00337234	0.00157933	0.003	0.01	1095	0	1095	1095	
0.4	0.5	14	373	3	4	70	45150	71	45795	0.00576056	0.00344535	0.003	0.01	645	0	645	645	
0.4	0.5	53	374	8	4	100	20100	100	20100	0.003	0	0.003	0.003	201	0	201	201	
0.4	0.5	34	375	27	4	100	6700	100	6700	0.003	0	0.003	0.003	67	0	67	67	
0.4	0.5	17	376	5	4	100	90300	100	90300	0.003	0	0.003	0.003	903	0	903	903	
0.4	0.5	22	377	4	4	56	17752	55	17435	0.00847273	0.00291773	0.003	0.01	317	0	317	317	
0.4	0.5	43	378	13	4	71	26483	70	26110	0.0059	0.00347308	0.003	0.01	373	0	373	373	
0.4	0.5	48	379	3	4	100	96700	100	96700	0.003	0	0.003	0.003	967	0	967	967	
0.4	0.5	41	380	40	4	62	4154	62	4154	0.003	0	0.003	0.003	67	0	67	67	
0.4	0.5	5	381	55	4	38	4750	40	5000	0.0051	0.00324867	0.003	0.01	125	0	125	125	
0.4	0.5	39	382	21	4	71	4757	70	4690	0.003	0	0.003	0.003	67	0	67	67	
0.4	0.5	38	383	2	4	100	13700	100	13700	0.003	0	0.003	0.003	137	0	137	137	
0.4	0.5	27	384	8	4	100	36788	100	36788	0.003	0	0.003	0.003	367.88	37.7727	301	389	
0.4	0.5	47	385	11	4	100	53300	100	53300	0.003	0	0.003	0.003	533	0	533	533	
0.4	0.5	41	386	25	4	52	4004	53	4081	0.00749057	0.00338902	0.003	0.01	77	0	77	77	
0.4	0.5	11	387	3	4	100	90300	100	90300	0.003	0	0.003	0.003	903	0	903	903	
0.4	0.5	44	388	3	4	84	11848	85	11945	0.00431765	0.00275254	0.003	0.01	140.529	51.3046	97	201	
0.4	0.5	39	389	4	4	70	10710	71	10863	0.003	0	0.003	0.003	153	0	153	153	
0.4	0.5	7	390	11	4	100	15700	100	15700	0.003	0	0.003	0.003	157	0	157	157	
0.4	0.5	37	391	1	4	95	4655	95	4655	0.00307368	0.000718185	0.003	0.01	49	0	49	49	
0.4	0.5	21	392	10	4	100	10094	100	10094	0.003	0	0.003	0.003	100.94	0.342893	99	101	
0.4	0.5	55	393	14	4	78	12558	78	12558	0.003	0	0.003	0.003	161	0	161	161	
0.4	0.5	31	394	8	4	100	20099	100	20099	0.003	0	0.003	0.003	200.99	0.1	200	201	
0.4	0.5	35	395	1	4	100	30900	100	30900	0.003	0	0.003	0.003	309	0	309	309	
0.4	0.5	6	396	6	4	100	37300	100	37300	0.003	0	0.003	0.003	373	0	373	373	
0.4	0.5	44	397	13	4	100	11620	100	11620	0.003	0	0.003	0.003	116.2	40.1935	77	157	
0.4	0.5	2	398	2	4	100	12500	100	12500	0.003	0	0.003	0.003	125	0	125	125	
0.4	0.5	13	399	2	4	100	10130	100	10200	0.003	0	0.003	0.003	102	35.1763	67	137	
0.4	0.5	42	400	17	4	100	6700	100	6700	0.003	0	0.003	0.003	67	0	67	67	
0.4	0.5	39	401	36	4	76	2432	76	2432	0.003	0	0.003	0.003	32	0	32	32	
0.4	0.5	41	402	27	4	62	4774	62	4774	0.00322581	0.00124689	0.003	0.01	77	0	77	77	
0.4	0.5	50	403	2	4	100	59700	100	59700	0.003	0	0.003	0.003	597	0	597	597	
0.4	0.5	29	404	8	4	100	30900	100	30900	0.003	0	0.003	0.003	309	0	309	309	
0.4	0.5	47	405	6	4	100	32500	100	32500	0.003	0	0.003	0.003	325	0	325	325	
0.4	0.5	18	406	2	4	86	24270	86	24326	0.00405814	0.00252216	0.003	0.01	282.86	32.3376	253	389	
0.4	0.5	53	407	2	4	100	74900	100	74900	0.003	0	0.003	0.003	749	0	749	749	
0.4	0.5	37	408	21	4	96	6432	96	6432	0.003	0	0.003	0.003	67	0	67	67	
0.4	0.5	38	409	5	4	100	46900	100	46900	0.003	0	0.003	0.003	469	0	469	469	
0.4	0.5	57	410	5	4	100	26899	100	26899	0.003	0	0.003	0.003	268.99	0.1	268	269	
0.4	0.5	33	411	8	4	100	32498	100	32498	0.003	0	0.003	0.003	324.98	0.2	323	325	
0.4	0.5	57	412	12	4	100	23300	100	23300	0.003	0	0.003	0.003	233	0	233	233	
0.4	0.5	39	413	28	4	68	4556	67	4489	0.00320895	0.00120022	0.003	0.01	67	0	67	67	
0.4	0.5	34	414	10	4	100	15300	100	15300	0.003	0	0.003	0.003	153	0	153	153	
0.4	0.5	45	415	1	4	100	44020	100	43892	0.003	0	0.003	0.003	438.92	26.6453	389	453	
0.4	0.5	26	416	9	4	67	10519	67	10519	0.00655224	0.00352602	0.003	0.01	157	0	157	157	
0.4	0.5	42	417	11	4	100	16100	100	16100	0.003	0	0.003	0.003	161	0	161	161	
0.4	0.5	55	418	10	4	80	9999	79	9874	0.003	0	0.003	0.003	124.987	0.112509	124	125	
0.4	0.5	26	419	10	4	100	25300	100	25300	0.003	0	0.003	0.003	253	0	253	253	
0.4	0.5	42	420	16	4	100	9699	100	9699	0.003	0	0.003	0.003	96.99	0.1	96	97	
0.4	0.5	37	421	14	4	96	4704	96	4704	0.003	0	0.003	0.003	49	0	49	49	
0.4	0.5	25	422	9	4	100	20100	100	20100	0.003	0	0.003	0.003	201	0	201	201	
0.4	0.5	52	423	28	4	72	11592	72	11592	0.003	0	0.003	0.003	161	0	161	161	
0.4	0.5	33	424	3	4	100	74900	100	74900	0.003	0	0.003	0.003	749	0	749	749	
0.4	0.5	5	425	32	4	47	12643	47	12643	0.003	0	0.003	0.003	269	0	269	269	
0.4	0.5	7	426	6	4	100	10100	100	10100	0.003	0	0.003	0.003	101	0	101	101	
0.4	0.5	21	427	7	4	100	25300	100	25300	0.003	0	0.003	0.003	253	0	253	253	
0.4	0.5	28	428	1	4	100	6700	100	6700	0.003	0	0.003	0.003	67	0	67	67	
0.4	0.5	1	429	16	4	100	23300	100	23300	0.003	0	0.003	0.003	233	0	233	233	
0.4	0.5	22	430	5	4	100	31700	100	31700	0.003	0	0.003	0.003	317	0	317	317	
0.4	0.5	33	431	5	4	100	15700	100	15700	0.003	0	0.003	0.003	157	0	157	157	
0.4	0.5	13	432	12	4	100	34864	100	35100	0.003	0	0.003	0.003	351	118.594	233	469	
0.4	0.5	55	433	15	4	79	7662	79	7662	0.003	0	0.003	0.003	96.9873	0.112509	96	97	
0.4	0.5	19	434	8	4	100	13700	100	13700	0.003	0	0.003	0.003	137	0	137	137	
0.4	0.5	52	435	24	4	72	13896	72	13896	0.003	0	0.003	0.003	193	0	193	193	
0.4	0.5	13	436	3	4	51	3927	50	3850	0.01	0	0.01	0.01	77	0	77	77	
0.4	0.5	53	437	9	4	100	25300	100	25300	0.003	0	0.003	0.003	253	0	253	253	
0.4	0.5	13	438	13	4	100	11620	100	11700	0.003	0	0.003	0.003	117	40.2015	77	157	
0.4	0.5	43	439	6	4	100	15300	100	15300	0.003	0	0.003	0.003	153	0	153	153	
0.4	0.5	57	440	2	4	100	37300	100	37300	0.003	0	0.003	0.003	373	0	373	373	
0.4	0.5	41	441	1	4	65	5005	65	5005	0.003	0	0.003	0.003	77	0	77	77	
0.4	0.5	2	442	19	4	100	26900	100	26900	0.003	0	0.003	0.003	269	0	269	269	
0.4	0.5	54	443	1	4	100	46898	100	46898	0.003	0	0.003	0.003	468.98	0.2	467	469	
0.4	0.5	54	444	4	4	100	15700	100	15700	0.003	0	0.003	0.003	157	0	157	157	
0.4	0.5	44	445	1	4	100	10130	100	10130	0.003	0	0.003	0.003	101.3	35.1693	67	137	
0.4	0.5	43	446	2	4	100	26898	100	26898	0.003	0	0.003	0.003	268.98	0.2	267	269	
0.4	0.5	57	447	11	4	100	15300	100	15300	0.003	0	0.003	0.003	153	0	153	153	
0.4	0.5	5	448	12	4	45	12105	45	12105	0.003	0	0.003	0.003	269	0	269	269	
0.4	0.5	2	449	15	4	100	12499	100	12499	0.003	0	0.003	0.003	124.99	0.1	124	125	
0.4	0.5	50	450	4	4	100	30099	100	30099	0.003	0	0.003	0.003	300.99	0.1	300	301	
0.4	0.5	50	451	7	4	100	45298	100	45298	0.003	0	0.003	0.003	452.98	0.2	451	453	
0.4	0.5	39	452	11	4	76	5092	77	5159	0.003	0	0.003	0.003	67	0	67	67	
0.4	0.5	43	453	11	4	100	9700	100	9700	0.003	0	0.003	0.003	97	0	97	97	
0.4	0.5	15	454	11	4	100	20100	100	20100	0.003	0	0.003	0.003	201	0	201	201	
0.4	0.5	29	455	5	4	100	20100	100	20100	0.003	0	0.003	0.003	201	0	201	201	
0.4	0.5	28	456	15	4	100	15300	100	15300	0.003	0	0.003	0.003	153	0	153	153	
0.4	0.5	29	457	10	4	100	20100	100	20100	0.003	0	0.003	0.003	201	0	201	201	
0.4	0.5	19	458	4	4	90	67410	89	66661	0.00362921	0.00201349	0.003	0.01	749	0	749	749	
0.4	0.5	8	459	3	4	100	5012	99	4980	0.003	0	0.003	0.003	50.303	18.6035	31	69	
0.4	0.5	41	460	35	4	63	4851	63	4851	0.00344444	0.00172063	0.003	0.01	77	0	77	77	
0.4	0.5	2	461	11	4	100	15188	100	15188	0.003	0	0.003	0.003	151.88	5.5145	125	153	
0.4	0.5	39	462	3	4	76	7372	77	7469	0.003	0	0.003	0.003	97	0	97	97	
0.4	0.5	14	463	1	4	100	105600	100	105600	0.003	0	0.003	0.003	1056	0	1056	1056	
0.4	0.5	2	464	13	4	100	37300	100	37300	0.003	0	0.003	0.003	373	0	373	373	
0.4	0.5	38	465	10	4	100	38900	100	38900	0.003	0	0.003	0.003	389	0	389	389	
0.4	0.5	41	466	41	4	65	3185	63	3087	0.00355555	0.00190735	0.003	0.01	49	0	49	49	
0.4	0.5	28	467	10	4	100	37300	100	37300	0.003	0	0.003	0.003	373	0	373	373	
0.4	0.5	6	468	8	4	100	12498	100	12498	0.003	0	0.003	0.003	124.98	0.2	123	125	
0.4	0.5	3	469	7	4	100	105600	100	105600	0.003	0	0.003	0.003	1056	0	1056	1056	
0.4	0.5	54	470	10	4	100	53300	100	53300	0.003	0	0.003	0.003	533	0	533	533	
0.4	0.5	28	471	8	4	100	9700	100	9700	0.003	0	0.003	0.003	97	0	97	97	
0.4	0.5	8	472	7	4	100	10130	100	10130	0.003	0	0.003	0.003	101.3	35.1693	67	137	
0.4	0.5	37	473	29	4	96	2112	95	2090	0.003	0	0.003	0.003	22	0	22	22	
0.4	0.5	14	474	4	4	100	64500	100	64500	0.003	0	0.003	0.003	645	0	645	645	
0.4	0.5	55	475	7	4	62	6014	60	5820	0.00556667	0.00340173	0.003	0.01	97	0	97	97	
0.4	0.5	27	476	3	4	100	45298	100	45298	0.003	0	0.003	0.003	452.98	0.2	451	453	
0.4	0.5	37	477	3	4	95	4655	95	4655	0.00307368	0.000718185	0.003	0.01	49	0	49	49	
0.4	0.5	28	478	7	4	100	19300	100	19300	0.003	0	0.003	0.003	193	0	193	193	
0.4	0.5	48	479	2	4	100	105600	100	105600	0.003	0	0.003	0.003	1056	0	1056	1056	
0.4	0.5	10	480	7	4	100	20899	100	20899	0.003	0	0.003	0.003	208.99	0.1	208	209	
0.4	0.5	47	481	7	4	100	53300	100	53300	0.003	0	0.003	0.003	533	0	533	533	
0.4	0.5	29	482	11	4	100	13700	100	13700	0.003	0	0.003	0.003	137	0	137	137	
0.4	0.5	5	483	9	4	47	5875	46	5750	0.003	0	0.003	0.003	125	0	125	125	
0.4	0.5	52	484	15	4	71	11431	72	11592	0.003	0	0.003	0.003	161	0	161	161	
0.4	0.5	13	485	1	4	100	14796	100	14900	0.003	0	0.003	0.003	149	52.262	97	201	
0.4	0.5	42	486	2	4	100	12499	100	12499	0.003	0	0.003	0.003	124.99	0.1	124	125	
0.4	0.5	50	487	6	4	100	38900	100	38900	0.003	0	0.003	0.003	389	0	389	389	
0.4	0.5	39	488	14	4	75	3675	76	3724	0.0030921	0.000802955	0.003	0.01	49	0	49	49	
0.4	0.5	37	489	17	4	96	18528	96	18528	0.003	0	0.003	0.003	193	0	193	193	
0.4	0.5	27	490	2	4	100	23300	100	23300	0.003	0	0.003	0.003	233	0	233	233	
0.4	0.5	41	491	44	4	63	2016	63	2016	0.003	0	0.003	0.003	32	0	32	32	
0.4	0.5	53	492	7	4	100	13700	100	13700	0.003	0	0.003	0.003	137	0	137	137	
0.4	0.5	20	493	3	4	100	105715	100	105793	0.003	0	0.003	0.003	1057.93	8.45697	1056	1095	
0.4	0.5	26	494	7	4	100	15699	100	15699	0.003	0	0.003	0.003	156.99	0.1	156	157	
0.4	0.5	42	495	14	4	100	37300	100	37300	0.003	0	0.003	0.003	373	0	373	373	
0.4	0.5	39	496	18	4	77	2464	77	2464	0.003	0	0.003	0.003	32	0	32	32	
0.4	0.5	55	497	28	4	79	12087	80	12240	0.003	0	0.003	0.003	153	0	153	153	
0.4	0.5	52	498	9	4	71	6887	72	6984	0.003	0	0.003	0.003	97	0	97	97	
0.4	0.5	37	499	28	4	96	4704	95	4655	0.003	0	0.003	0.003	49	0	49	49	
0.4	0.5	28	500	12	4	100	9700	100	9700	0.003	0	0.003	0.003	97	0	97	97	
0.4	0.5	19	501	7	4	100	53300	100	53300	0.003	0	0.003	0.003	533	0	533	533	
0.4	0.5	8	502	5	4	51	3927	49	3773	0.01	0	0.01	0.01	77	0	77	77	
0.4	0.5	52	503	25	4	72	3528	72	3528	0.003	0	0.003	0.003	49	0	49	49	
0.4	0.5	43	504	3	4	100	6700	100	6700	0.003	0	0.003	0.003	67	0	67	67	
0.4	0.5	55	505	3	4	56	5432	57	5529	0.00668421	0.00352622	0.003	0.01	97	0	97	97	
0.4	0.5	56	506	4	4	83	34286	83	34438	0.0043494	0.00277811	0.003	0.01	414.916	75.7982	348	501	
0.4	0.5	15	507	10	4	100	32500	100	32500	0.003	0	0.003	0.003	325	0	325	325	
0.4	0.5	39	508	22	4	77	7469	76	7372	0.003	0	0.003	0.003	97	0	97	97	
0.4	0.5	38	509	1	4	100	32500	100	32500	0.003	0	0.003	0.003	325	0	325	325	
0.4	0.5	37	510	26	4	96	14688	96	14688	0.003	0	0.003	0.003	153	0	153	153	
0.4	0.5	53	511	4	4	100	25298	100	25298	0.003	0	0.003	0.003	252.98	0.2	251	253	
0.4	0.5	18	512	4	4	100	26252	100	26116	0.003	0	0.003	0.003	261.16	32.4609	253	389	
0.4	0.5	53	513	6	4	100	38900	100	38900	0.003	0	0.003	0.003	389	0	389	389	
0.4	0.5	2	514	9	4	100	23300	100	23300	0.003	0	0.003	0.003	233	0	233	233	
0.4	0.5	29	515	4	4	100	32500	100	32500	0.003	0	0.003	0.003	325	0	325	325	
0.4	0.5	32	516	4	4	100	20100	100	20100	0.003	0	0.003	0.003	201	0	201	201	
0.4	0.5	15	517	7	4	99	15543	99	15543	0.00307071	0.000703526	0.003	0.01	157	0	157	157	
0.4	0.5	6	518	4	4	77	5899	78	5976	0.0050641	0.00321256	0.003	0.01	76.6154	1.93552	67	77	
0.4	0.5	41	519	34	4	65	4355	65	4355	0.003	0	0.003	0.003	67	0	67	67	
0.4	0.5	51	520	6	4	79	25043	78	24726	0.00479487	0.00307634	0.003	0.01	317	0	317	317	
0.4	0.5	6	521	3	4	100	7700	100	7700	0.003	0	0.003	0.003	77	0	77	77	
0.4	0.5	44	522	8	4	100	34864	100	34864	0.003	0	0.003	0.003	348.64	118.571	233	469	
0.4	0.5	32	523	3	4	100	36340	100	36468	0.003	0	0.003	0.003	364.68	31.2212	325	389	
0.4	0.5	52	524	32	4	71	8875	70	8750	0.003	0	0.003	0.003	125	0	125	125	
0.4	0.5	4	525	7	4	100	15699	100	15699	0.003	0	0.003	0.003	156.99	0.1	156	157	
0.4	0.5	5	526	47	4	40	6440	40	6440	0.004925	0.00316542	0.003	0.01	161	0	161	161	
0.4	0.5	36	527	4	4	100	105600	100	105600	0.003	0	0.003	0.003	1056	0	1056	1056	
0.4	0.5	52	528	8	4	71	10863	72	11016	0.003	0	0.003	0.003	153	0	153	153	
0.4	0.5	22	529	3	4	100	39092	100	38916	0.003	0	0.003	0.003	389.16	33.9788	317	405	
0.4	0.5	21	530	2	4	100	25300	100	25300	0.003	0	0.003	0.003	253	0	253	253	
0.4	0.5	32	531	1	4	51	7967	52	8124	0.00946154	0.00188348	0.003	0.01	156.231	3.88368	137	157	
0.4	0.5	21	532	8	4	100	15700	100	15700	0.003	0	0.003	0.003	157	0	157	157	
0.4	0.5	45	533	6	4	100	78876	100	78648	0.003	0	0.003	0.003	786.48	44.018	693	807	
0.4	0.5	42	534	8	4	100	16100	100	16100	0.003	0	0.003	0.003	161	0	161	161	
0.4	0.5	41	535	21	4	68	2176	67	2144	0.003	0	0.003	0.003	32	0	32	32	
0.4	0.5	8	536	12	4	100	28904	100	28904	0.003	0	0.003	0.003	289.04	98.474	193	389	
0.4	0.5	52	537	7	4	70	8750	71	8875	0.003	0	0.003	0.003	125	0	125	125	
0.4	0.5	45	538	4	4	69	20088	73	21156	0.0059726	0.00348398	0.003	0.01	289.808	25.4081	232	301	
0.4	0.5	57	539	7	4	100	9700	100	9700	0.003	0	0.003	0.003	97	0	97	97	
0.4	0.5	32	540	8	4	92	16732	92	16820	0.00360869	0.00198321	0.003	0.01	182.826	21.7835	157	201	
0.4	0.5	39	541	19	4	71	3479	71	3479	0.003	0	0.003	0.003	49	0	49	49	
0.4	0.5	48	542	4	4	100	105600	100	105600	0.003	0	0.003	0.003	1056	0	1056	1056	
0.4	0.5	5	543	44	4	47	5875	47	5875	0.003	0	0.003	0.003	125	0	125	125	
0.4	0.5	57	544	14	4	100	7700	100	7700	0.003	0	0.003	0.003	77	0	77	77	
0.4	0.5	46	545	10	4	100	46900	100	46900	0.003	0	0.003	0.003	469	0	469	469	
0.4	0.5	21	546	6	4	100	13700	100	13700	0.003	0	0.003	0.003	137	0	137	137	
0.4	0.5	1	547	9	4	100	37300	100	37300	0.003	0	0.003	0.003	373	0	373	373	
0.4	0.5	10	548	2	4	100	69300	100	69300	0.003	0	0.003	0.003	693	0	693	693	
0.4	0.5	34	549	8	4	100	7700	100	7700	0.003	0	0.003	0.003	77	0	77	77	
0.4	0.5	13	550	7	4	100	22944	100	23100	0.003	0	0.003	0.003	231	78.3929	153	309	
0.4	0.5	46	551	9	4	70	30910	71	31459	0.00595775	0.00348235	0.003	0.01	443.085	37.7048	389	469	
0.4	0.5	35	552	6	4	100	38900	100	38900	0.003	0	0.003	0.003	389	0	389	389	
0.4	0.5	11	553	1	4	100	42100	100	42100	0.003	0	0.003	0.003	421	0	421	421	
0.4	0.5	2	554	5	4	100	15300	100	15300	0.003	0	0.003	0.003	153	0	153	153	
0.4	0.5	43	555	1	4	100	26898	100	26898	0.003	0	0.003	0.003	268.98	0.2	267	269	
0.4	0.5	21	556	9	4	100	32436	100	32436	0.003	0	0.003	0.003	324.36	3.15114	309	325	
0.4	0.5	52	557	20	4	71	10863	72	11016	0.003	0	0.003	0.003	153	0	153	153	
0.4	0.5	44	558	4	4	100	55724	100	55724	0.003	0	0.003	0.003	557.24	188.909	373	749	
0.4	0.5	51	559	1	4	100	27700	100	27700	0.003	0	0.003	0.003	277	0	277	277	
0.4	0.5	44	560	12	4	61	9937	61	9653	0.00747541	0.00338923	0.003	0.01	158.246	58.7267	97	253	
0.4	0.5	8	561	6	4	100	34864	100	34864	0.003	0	0.003	0.003	348.64	118.571	233	469	
0.4	0.5	7	562	4	4	100	25300	100	25300	0.003	0	0.003	0.003	253	0	253	253	
0.4	0.5	7	563	7	4	100	53298	100	53298	0.003	0	0.003	0.003	532.98	0.2	531	533	
0.4	0.5	45	564	5	4	100	30100	100	30100	0.003	0	0.003	0.003	301	0	301	301	
0.4	0.5	52	565	2	4	72	3526	71	3477	0.003	0	0.003	0.003	48.9718	0.237356	47	49	
0.4	0.5	42	566	3	4	100	12498	100	12498	0.003	0	0.003	0.003	124.98	0.2	123	125	
0.4	0.5	39	567	33	4	77	9623	76	9498	0.003	0	0.003	0.003	124.974	0.229416	123	125	
0.4	0.5	41	568	24	4	65	3185	65	3185	0.003	0	0.003	0.003	49	0	49	49	
0.4	0.5	55	569	5	4	80	6160	80	6160	0.003	0	0.003	0.003	77	0	77	77	
0.4	0.5	20	570	2	4	100	48500	100	48500	0.003	0	0.003	0.003	485	0	485	485	
0.4	0.5	41	571	7	4	68	8500	68	8500	0.003	0	0.003	0.003	125	0	125	125	
0.4	0.5	28	572	3	4	100	19300	100	19300	0.003	0	0.003	0.003	193	0	193	193	
0.4	0.5	52	573	4	4	69	8623	68	8498	0.00330882	0.00144818	0.003	0.01	124.971	0.242536	123	125	
0.4	0.5	23	574	11	4	100	30900	100	30900	0.003	0	0.003	0.003	309	0	309	309	
0.4	0.5	8	575	9	4	100	55724	100	55724	0.003	0	0.003	0.003	557.24	188.909	373	749	
0.4	0.5	41	576	31	4	68	8500	68	8500	0.003	0	0.003	0.003	125	0	125	125	
0.4	0.5	55	577	17	4	79	12087	79	12087	0.003	0	0.003	0.003	153	0	153	153	
0.4	0.5	39	578	30	4	71	3479	70	3430	0.003	0	0.003	0.003	49	0	49	49	
0.4	0.5	31	579	4	4	100	20100	100	20100	0.003	0	0.003	0.003	201	0	201	201	
0.4	0.5	46	580	1	4	100	32500	100	32500	0.003	0	0.003	0.003	325	0	325	325	
0.4	0.5	21	581	5	4	100	20100	100	20100	0.003	0	0.003	0.003	201	0	201	201	
0.4	0.5	31	582	3	4	100	38900	100	38900	0.003	0	0.003	0.003	389	0	389	389	
0.4	0.5	29	583	3	4	67	10519	68	10676	0.0065	0.00352602	0.003	0.01	157	0	157	157	
0.4	0.5	34	584	21	4	99	6633	99	6633	0.00307071	0.000703526	0.003	0.01	67	0	67	67	
0.4	0.5	55	585	31	4	80	21520	80	21520	0.003	0	0.003	0.003	269	0	269	269	
0.4	0.5	38	586	4	4	100	25300	100	25300	0.003	0	0.003	0.003	253	0	253	253	
0.4	0.5	37	587	27	4	94	3008	94	3008	0.00307447	0.000721995	0.003	0.01	32	0	32	32	
0.4	0.5	19	588	1	4	100	25300	100	25300	0.003	0	0.003	0.003	253	0	253	253	
0.4	0.5	41	589	16	4	65	8124	65	8124	0.00310769	0.000868243	0.003	0.01	124.985	0.124035	124	125	
0.4	0.5	29	590	12	4	100	53300	100	53300	0.003	0	0.003	0.003	533	0	533	533	
0.4	0.5	10	591	5	4	100	90300	100	90300	0.003	0	0.003	0.003	903	0	903	903	
0.4	0.5	38	592	11	4	100	25300	100	25300	0.003	0	0.003	0.003	253	0	253	253	
0.4	0.5	35	593	10	4	100	74900	100	74900	0.003	0	0.003	0.003	749	0	749	749	
0.4	0.5	19	594	3	4	100	46900	100	46900	0.003	0	0.003	0.003	469	0	469	469	
0.4	0.5	52	595	26	4	72	5544	72	5544	0.003	0	0.003	0.003	77	0	77	77	
0.4	0.5	42	596	6	4	100	23300	100	23300	0.003	0	0.003	0.003	233	0	233	233	
0.4	0.5	32	597	6	4	71	12686	71	12730	0.00576056	0.00344535	0.003	0.01	179.296	22.1691	156	201	
0.4	0.5	35	598	3	4	100	38900	100	38900	0.003	0	0.003	0.003	389	0	389	389	
0.4	0.5	1	599	7	4	100	12500	100	12500	0.003	0	0.003	0.003	125	0	125	125	
0.4	0.5	31	600	9	4	100	25300	100	25300	0.003	0	0.003	0.003	253	0	253	253	
0.4	0.5	15	601	5	4	100	32500	100	32500	0.003	0	0.003	0.003	325	0	325	325	
0.4	0.5	33	602	4	4	100	46900	100	46900	0.003	0	0.003	0.003	469	0	469	469	
0.4	0.5	17	603	6	4	100	38900	100	38900	0.003	0	0.003	0.003	389	0	389	389	
0.4	0.5	20	604	8	4	100	45300	100	45300	0.003	0	0.003	0.003	453	0	453	453	
0.4	0.5	39	605	2	4	70	3430	71	3479	0.003	0	0.003	0.003	49	0	49	49	
0.4	0.5	23	606	6	4	100	38900	100	38900	0.003	0	0.003	0.003	389	0	389	389	
0.4	0.5	44	607	6	4	50	5162	51	5363	0.00972549	0.00137227	0.003	0.01	105.157	28.2385	97	201	
0.4	0.5	34	608	1	4	100	12500	100	12500	0.003	0	0.003	0.003	125	0	125	125	
0.4	0.5	47	609	1	4	100	20100	100	20100	0.003	0	0.003	0.003	201	0	201	201	
0.4	0.5	41	610	5	4	63	10143	63	10143	0.003	0	0.003	0.003	161	0	161	161	
0.4	0.5	56	611	1	4	98	105604	98	105604	0.00314286	0.000994832	0.003	0.01	1077.59	116.905	1056	1836	
0.4	0.5	21	612	3	4	100	74900	100	74900	0.003	0	0.003	0.003	749	0	749	749	
0.4	0.5	39	613	15	4	71	8875	71	8875	0.003	0	0.003	0.003	125	0	125	125	
0.4	0.5	28	614	2	4	100	26900	100	26900	0.003	0	0.003	0.003	269	0	269	269	
0.4	0.5	44	615	5	4	100	14795	100	14795	0.003	0	0.003	0.003	147.95	52.2615	96	201	
0.4	0.5	40	616	6	4	97	26037	96	25784	0.00321875	0.00122434	0.003	0.01	268.583	43.5459	253	389	
0.4	0.5	30	617	1	4	100	90300	100	90300	0.003	0	0.003	0.003	903	0	903	903	
0.4	0.5	57	618	8	4	100	16099	100	16099	0.003	0	0.003	0.003	160.99	0.1	160	161	
0.4	0.5	17	619	1	4	100	69299	100	69299	0.003	0	0.003	0.003	692.99	0.1	692	693	
0.4	0.5	55	620	6	4	82	7954	81	7857	0.003	0	0.003	0.003	97	0	97	97	
0.4	0.5	13	621	6	4	99	18239	99	18367	0.00307071	0.000703526	0.003	0.01	185.525	67.6115	97	253	
0.4	0.5	56	622	2	4	89	57405	87	56115	0.0038046	0.00224561	0.003	0.01	645	0	645	645	
0.4	0.5	39	623	23	4	71	26481	70	26109	0.003	0	0.003	0.003	372.986	0.119523	372	373	
0.4	0.5	15	624	6	4	100	20099	100	20099	0.003	0	0.003	0.003	200.99	0.1	200	201	
0.4	0.5	29	625	6	4	100	15699	100	15699	0.003	0	0.003	0.003	156.99	0.1	156	157	
0.4	0.5	25	626	4	4	100	13700	100	13700	0.003	0	0.003	0.003	137	0	137	137	
0.4	0.5	57	627	4	4	99	12375	99	12375	0.00307071	0.000703526	0.003	0.01	125	0	125	125	
0.4	0.5	25	628	2	4	100	25300	100	25300	0.003	0	0.003	0.003	253	0	253	253	
0.4	0.5	23	629	3	4	100	15699	100	15699	0.003	0	0.003	0.003	156.99	0.1	156	157	
0.4	0.5	13	630	5	4	99	28515	99	28711	0.00307071	0.000703526	0.003	0.01	290.01	98.4937	193	389	
0.4	0.5	49	631	5	4	100	59700	100	59700	0.003	0	0.003	0.003	597	0	597	597	
0.4	0.5	41	632	2	4	63	4851	64	4928	0.00453125	0.00291667	0.003	0.01	77	0	77	77	
0.4	0.5	19	633	6	4	100	46899	100	46899	0.003	0	0.003	0.003	468.99	0.1	468	469	
0.4	0.5	5	634	40	4	44	2948	45	3015	0.00315555	0.0010435	0.003	0.01	67	0	67	67	
0.4	0.5	13	635	4	4	100	22944	100	23100	0.003	0	0.003	0.003	231	78.3929	153	309	
0.4	0.5	52	636	12	4	71	10863	72	11016	0.003	0	0.003	0.003	153	0	153	153	
0.4	0.5	18	637	3	4	100	26250	100	26114	0.003	0	0.003	0.003	261.14	32.4666	251	389	
0.4	0.5	41	638	15	4	64	4928	64	4928	0.00310937	0.000875	0.003	0.01	77	0	77	77	
0.4	0.5	52	639	36	4	71	3479	70	3430	0.0031	0.00083666	0.003	0.01	49	0	49	49	
0.4	0.5	42	640	12	4	100	15300	100	15300	0.003	0	0.003	0.003	153	0	153	153	
0.4	0.5	21	641	1	4	100	13699	100	13699	0.003	0	0.003	0.003	136.99	0.1	136	137	
0.4	0.5	52	642	30	4	72	8998	71	8873	0.003	0	0.003	0.003	124.972	0.237356	123	125	
0.4	0.5	36	643	5	4	100	105600	100	105600	0.003	0	0.003	0.003	1056	0	1056	1056	
0.4	0.5	52	644	1	4	72	19368	71	19099	0.003	0	0.003	0.003	269	0	269	269	
0.4	0.5	17	645	3	4	100	38900	100	38900	0.003	0	0.003	0.003	389	0	389	389	
0.4	0.5	52	646	6	4	71	16543	71	16543	0.003	0	0.003	0.003	233	0	233	233	
0.4	0.5	41	647	9	4	65	4355	65	4355	0.003	0	0.003	0.003	67	0	67	67	
0.4	0.5	39	648	31	4	77	2464	76	2432	0.003	0	0.003	0.003	32	0	32	32	
0.4	0.5	52	649	13	4	71	10863	72	11016	0.003	0	0.003	0.003	153	0	153	153	
0.4	0.5	39	650	16	4	77	2463	77	2463	0.003	0	0.003	0.003	31.987	0.113961	31	32	
0.4	0.5	37	651	11	4	96	7391	96	7391	0.003	0	0.003	0.003	76.9896	0.102062	76	77	
0.4	0.5	55	652	27	4	81	15633	81	15633	0.003	0	0.003	0.003	193	0	193	193	
0.4	0.5	2	653	12	4	79	6083	79	6083	0.00477215	0.00306322	0.003	0.01	77	0	77	77	
0.4	0.5	41	654	23	4	63	3087	63	3087	0.003	0	0.003	0.003	49	0	49	49	
0.4	0.5	16	655	2	4	100	105600	100	105600	0.003	0	0.003	0.003	1056	0	1056	1056	
0.4	0.5	27	656	5	4	100	23300	100	23300	0.003	0	0.003	0.003	233	0	233	233	
0.4	0.5	1	657	1	4	100	12500	100	12500	0.003	0	0.003	0.003	125	0	125	125	
0.4	0.5	9	658	1	4	53	34183	51	32893	0.00931372	0.00210229	0.003	0.01	644.961	0.280056	643	645	
0.4	0.5	49	659	6	4	100	20900	100	20900	0.003	0	0.003	0.003	209	0	209	209	
0.4	0.5	44	660	9	4	82	18734	83	18895	0.00451807	0.00290232	0.003	0.01	227.651	80.7381	153	325	
0.4	0.5	24	661	5	4	98	12250	98	12250	0.00314286	0.000994832	0.003	0.01	125	0	125	125	
0.4	0.5	1	662	4	4	100	12500	100	12500	0.003	0	0.003	0.003	125	0	125	125	
0.4	0.5	1	663	6	4	100	15300	100	15300	0.003	0	0.003	0.003	153	0	153	153	
0.4	0.5	5	664	52	4	48	7344	48	7344	0.003	0	0.003	0.003	153	0	153	153	
0.4	0.5	24	665	2	4	100	6700	100	6700	0.003	0	0.003	0.003	67	0	67	67	
0.4	0.5	5	666	54	4	45	3465	45	3465	0.003	0	0.003	0.003	77	0	77	77	
0.4	0.5	23	667	10	4	52	8164	51	8007	0.00986274	0.000980196	0.003	0.01	157	0	157	157	
0.4	0.5	24	668	7	4	100	16100	100	16100	0.003	0	0.003	0.003	161	0	161	161	
0.4	0.5	5	669	59	4	44	4268	44	4268	0.003	0	0.003	0.003	97	0	97	97	
0.4	0.5	5	670	26	4	45	10485	45	10485	0.003	0	0.003	0.003	233	0	233	233	
0.4	0.5	5	671	1	4	44	16412	44	16412	0.003	0	0.003	0.003	373	0	373	373	
0.4	0.5	23	672	12	4	100	15700	100	15700	0.003	0	0.003	0.003	157	0	157	157	
0.4	0.5	24	673	1	4	91	8827	91	8827	0.00369231	0.00210128	0.003	0.01	97	0	97	97	
0.4	0.5	5	674	4	4	38	6118	37	5957	0.00451351	0.00292139	0.003	0.01	161	0	161	161	
0.4	0.5	5	675	25	4	45	5625	45	5625	0.00331111	0.00145886	0.003	0.01	125	0	125	125	
0.4	0.5	6	676	2	4	100	15300	100	15300	0.003	0	0.003	0.003	153	0	153	153	
0.4	0.5	5	677	34	4	45	5625	45	5625	0.003	0	0.003	0.003	125	0	125	125	
0.4	0.5	5	678	57	4	47	12643	47	12643	0.003	0	0.003	0.003	269	0	269	269	
0.4	0.5	6	679	7	4	100	7700	100	7700	0.003	0	0.003	0.003	77	0	77	77	
0.4	0.5	6	680	5	4	100	9700	100	9700	0.003	0	0.003	0.003	97	0	97	97	
0.4	0.5	6	681	15	4	100	7700	100	7700	0.003	0	0.003	0.003	77	0	77	77	
0.4	0.5	5	682	43	4	34	2618	33	2541	0.00660606	0.00355263	0.003	0.01	77	0	77	77	
0.4	0.5	6	683	14	4	100	19300	100	19300	0.003	0	0.003	0.003	193	0	193	193	
0.4	0.5	1	684	23	4	100	15300	100	15300	0.003	0	0.003	0.003	153	0	153	153	
0.4	0.5	5	685	46	4	48	7728	48	7728	0.003	0	0.003	0.003	161	0	161	161	
0.4	0.5	1	686	20	4	100	12500	100	12500	0.003	0	0.003	0.003	125	0	125	125	
0.4	0.5	5	687	41	4	38	4750	40	5000	0.004925	0.00316542	0.003	0.01	125	0	125	125	
0.4	0.5	1	688	11	4	99	7621	99	7621	0.00307071	0.000703526	0.003	0.01	76.9798	0.201008	75	77	
0.4	0.5	5	689	13	4	48	11184	48	11184	0.003	0	0.003	0.003	233	0	233	233	
0.4	0.5	5	690	48	4	41	3157	41	3157	0.00368293	0.00210284	0.003	0.01	77	0	77	77	
0.4	0.5	5	691	14	4	47	3149	47	3149	0.003	0	0.003	0.003	67	0	67	67	
0.4	0.5	1	692	8	4	100	6700	100	6700	0.003	0	0.003	0.003	67	0	67	67	
0.4	0.5	5	693	3	4	41	5125	41	5125	0.00487805	0.00314002	0.003	0.01	125	0	125	125	
0.4	0.5	6	694	11	4	100	6700	100	6700	0.003	0	0.003	0.003	67	0	67	67	
0.4	0.5	24	695	6	4	100	6700	100	6700	0.003	0	0.003	0.003	67	0	67	67	
0.4	0.5	5	696	8	4	47	9071	46	8878	0.003	0	0.003	0.003	193	0	193	193	
0.4	0.5	24	697	13	4	96	9312	97	9409	0.00328866	0.0013991	0.003	0.01	97	0	97	97	
0.4	0.5	5	698	33	4	42	5250	41	5125	0.00351219	0.00184556	0.003	0.01	125	0	125	125	
0.4	0.5	24	699	4	4	96	9312	94	9118	0.00329787	0.00142051	0.003	0.01	97	0	97	97	
0.4	0.5	5	700	7	4	46	7038	45	6885	0.003	0	0.003	0.003	153	0	153	153	
0.4	0.5	5	701	6	4	45	7245	44	7084	0.00331818	0.00147495	0.003	0.01	161	0	161	161	
0.4	0.5	5	702	16	4	46	17158	47	17531	0.003	0	0.003	0.003	373	0	373	373	
0.4	0.5	5	703	42	4	35	2695	35	2695	0.006	0.00351468	0.003	0.01	77	0	77	77	
0.4	0.5	24	704	9	4	99	12375	99	12375	0.00307071	0.000703526	0.003	0.01	125	0	125	125	
0.4	0.5	1	705	2	4	83	6391	82	6314	0.00436585	0.00279113	0.003	0.01	77	0	77	77	
0.4	0.5	5	706	60	4	42	4074	43	4171	0.00430232	0.00275625	0.003	0.01	97	0	97	97	
0.4	0.5	24	707	12	4	100	37298	100	37298	0.003	0	0.003	0.003	372.98	0.2	371	373	
0.4	0.5	25	708	5	4	100	13700	100	13700	0.003	0	0.003	0.003	137	0	137	137	
0.4	0.5	43	709	9	4	100	23300	100	23300	0.003	0	0.003	0.003	233	0	233	233	
0.4	0.5	24	710	19	4	100	19300	100	19300	0.003	0	0.003	0.003	193	0	193	193	
0.4	0.5	5	711	51	4	36	4500	35	4375	0.0052	0.00329706	0.003	0.01	125	0	125	125	
0.4	0.5	5	712	49	4	45	3015	45	3015	0.003	0	0.003	0.003	67	0	67	67	
0.4	0.5	5	713	58	4	46	3542	45	3465	0.00331111	0.00145886	0.003	0.01	77	0	77	77	
0.4	0.5	1	714	17	4	100	15300	100	15300	0.003	0	0.003	0.003	153	0	153	153	
0.4	0.5	5	715	45	4	42	15666	41	15293	0.00402439	0.00250487	0.003	0.01	373	0	373	373	
0.4	0.5	43	716	4	4	100	37300	100	37300	0.003	0	0.003	0.003	373	0	373	373	
0.4	0.5	25	717	8	4	100	10100	100	10100	0.003	0	0.003	0.003	101	0	101	101	
0.4	0.5	1	718	18	4	100	14683	100	14655	0.003	0	0.003	0.003	146.55	11.8376	125	153	
0.4	0.5	5	719	2	4	40	3080	41	3157	0.00453658	0.00293341	0.003	0.01	77	0	77	77	
0.4	0.5	5	720	53	4	44	8492	44	8492	0.00347727	0.0017848	0.003	0.01	193	0	193	193	
0.4	0.5	5	721	28	4	45	5624	45	5624	0.003	0	0.003	0.003	124.978	0.149071	124	125	
0.4	0.5	43	722	12	4	100	7700	100	7700	0.003	0	0.003	0.003	77	0	77	77	
0.4	0.5	24	723	14	4	100	16100	100	16100	0.003	0	0.003	0.003	161	0	161	161	
0.4	0.5	6	724	16	4	64	4928	67	5159	0.00676119	0.00351658	0.003	0.01	77	0	77	77	
0.4	0.5	24	725	15	4	69	5313	69	5313	0.00614493	0.00350745	0.003	0.01	77	0	77	77	
0.4	0.5	24	726	18	4	100	37300	100	37300	0.003	0	0.003	0.003	373	0	373	373	
0.4	0.5	24	727	3	4	100	16100	100	16100	0.003	0	0.003	0.003	161	0	161	161	
0.4	0.5	5	728	21	4	42	3234	43	3311	0.00332558	0.00149158	0.003	0.01	77	0	77	77	
0.4	0.5	5	729	23	4	45	5625	45	5625	0.003	0	0.003	0.003	125	0	125	125	
0.4	0.5	5	730	29	4	46	10718	46	10718	0.003	0	0.003	0.003	233	0	233	233	
0.4	0.5	5	731	22	4	40	3080	40	3080	0.0051	0.00324867	0.003	0.01	77	0	77	77	
0.4	0.5	1	732	15	4	100	12498	100	12498	0.003	0	0.003	0.003	124.98	0.2	123	125	
0.4	0.5	24	733	11	4	100	23300	100	23300	0.003	0	0.003	0.003	233	0	233	233	
0.4	0.5	5	734	27	4	46	5749	46	5749	0.003	0	0.003	0.003	124.978	0.147442	124	125	
0.4	0.5	1	735	21	4	100	12500	100	12500	0.003	0	0.003	0.003	125	0	125	125	
0.4	0.5	24	736	10	4	100	16100	100	16100	0.003	0	0.003	0.003	161	0	161	161	
0.4	0.5	5	737	15	4	35	2695	36	2772	0.00611111	0.00352767	0.003	0.01	77	0	77	77	
0.4	0.5	43	738	5	4	100	37300	100	37300	0.003	0	0.003	0.003	373	0	373	373	
0.4	0.5	1	739	13	4	100	30100	100	30100	0.003	0	0.003	0.003	301	0	301	301	
0.4	0.5	5	740	5	4	42	4074	42	4074	0.00416667	0.00264037	0.003	0.01	97	0	97	97	
0.4	0.5	24	741	20	4	100	16100	100	16100	0.003	0	0.003	0.003	161	0	161	161	
0.4	0.5	5	742	10	4	48	7344	48	7344	0.003	0	0.003	0.003	153	0	153	153	
0.4	0.5	1	743	14	4	99	9603	99	9603	0.00307071	0.000703526	0.003	0.01	97	0	97	97	
0.4	0.5	5	744	56	4	42	4074	42	4074	0.00366667	0.00207971	0.003	0.01	97	0	97	97	
0.4	0.5	1	745	12	4	100	16099	100	16099	0.003	0	0.003	0.003	160.99	0.1	160	161	
0.4	0.5	1	746	10	4	49	3773	50	3850	0.00986	0.000989949	0.003	0.01	77	0	77	77	
0.4	0.5	5	747	24	4	48	7728	48	7728	0.003	0	0.003	0.003	161	0	161	161	
0.4	0.5	24	748	16	4	100	16100	100	16100	0.003	0	0.003	0.003	161	0	161	161	
0.4	0.5	5	749	35	4	48	4656	48	4656	0.003	0	0.003	0.003	97	0	97	97	
0.4	0.5	5	750	31	4	44	16412	44	16412	0.003	0	0.003	0.003	373	0	373	373	
