% start	end	CellId	IMSI	RNTI	LCID	nTxPDUs	TxBytes	nRxPDUs	RxBytes	delay	stdDev	min	max	PduSize	stdDev	min	max
0.4	5.4	34	1	21	3	325	386880	325	386880	0.00588615	0.00353762	0.003	0.017	1190.4	1236.74	26	9422	
0.4	5.4	41	2	16	3	7	420	7	420	0.007	0.00374166	0.003	0.01	60	0	60	60	
0.4	5.4	4	3	25	3	80	257496	80	257496	0.003	0	0.003	0.003	3218.7	1837.32	60	9422	
0.4	5.4	36	4	13	3	179	748554	180	753287	0.00712222	0.00345385	0.003	0.01	4184.93	2707.22	36	9422	
0.4	5.4	27	5	11	3	3	180	3	180	0.00766667	0.00404145	0.003	0.01	60	0	60	60	
0.4	5.4	20	6	9	3	99	310777	100	312304	0.00748	0.00337693	0.003	0.01	3123.04	2143.44	60	8873	
0.4	5.4	37	7	1	3	3	180	3	180	0.00533333	0.00404145	0.003	0.01	60	0	60	60	
0.4	5.4	15	8	7	3	74	177063	74	177063	0.00791892	0.00361412	0.003	0.017	2392.74	2018.38	60	9422	
0.4	5.4	38	9	6	3	119	221479	118	220887	0.00697458	0.00348246	0.003	0.01	1871.92	1979.41	60	9422	
0.4	5.4	10	10	10	3	69	98407	69	98407	0.00695652	0.0045679	0.003	0.017	1426.19	1168.25	28	5324	
0.4	5.4	25	12	2	3	185	709719	188	716820	0.00612766	0.00384662	0.003	0.017	3812.87	2778.82	45	9422	
0.4	5.4	37	14	27	3	1	60	1	60	0.003	0	0.003	0.003	60	0	60	60	
0.4	5.4	23	16	25	3	4	240	4	240	0.01	0.00571548	0.003	0.017	60	0	60	60	
0.4	5.4	54	17	5	3	218	598423	218	598423	0.00694954	0.00354331	0.003	0.017	2745.06	2209.32	19	9422	
0.4	5.4	25	19	21	3	97	183126	97	183126	0.00740206	0.00455444	0.003	0.017	1887.9	1683.16	60	9422	
0.4	5.4	53	20	4	3	108	296568	108	296568	0.00831481	0.00300668	0.003	0.01	2746	2048.45	60	9422	
0.4	5.4	57	21	4	3	31	88278	31	88278	0.00570968	0.00346596	0.003	0.01	2847.68	2126.79	60	7099	
0.4	5.4	46	22	16	3	131	449911	131	449911	0.00454962	0.00291736	0.003	0.01	3434.44	2656.39	45	9422	
0.4	5.4	7	23	8	3	33	88869	33	88869	0.00851515	0.00290604	0.003	0.01	2693	1864.88	60	6507	
0.4	5.4	14	25	14	3	66	122735	66	122735	0.00777273	0.00328538	0.003	0.01	1859.62	1949.44	60	9422	
0.4	5.4	41	26	63	3	276	273921	276	273921	0.00566304	0.00365696	0.003	0.017	992.467	1078.17	6	7689	
0.4	5.4	34	27	41	3	258	182246	258	182246	0.00620155	0.00449622	0.003	0.024	706.38	645.785	17	4395	
0.4	5.4	14	28	11	3	77	274067	77	274067	0.00745454	0.0033894	0.003	0.01	3559.31	2647.06	60	9422	
0.4	5.4	28	29	23	3	70	170067	70	170067	0.0086	0.00349492	0.003	0.017	2429.53	2131.19	60	9422	
0.4	5.4	13	31	6	3	4	240	4	240	0.0065	0.00404145	0.003	0.01	60	0	60	60	
0.4	5.4	56	32	28	3	228	525908	228	525908	0.00625438	0.00349905	0.003	0.01	2306.61	1980.19	36	9422	
0.4	5.4	50	34	11	3	84	244561	84	244561	0.007	0.00348491	0.003	0.01	2911.44	2233.06	60	8873	
0.4	5.4	49	35	1	3	141	617300	141	617300	0.00870922	0.00284991	0.003	0.017	4378.01	2545.97	45	9422	
0.4	5.4	8	36	3	3	1	60	1	60	0.003	0	0.003	0.003	60	0	60	60	
0.4	5.4	26	37	1	3	3	180	3	180	0.01	0	0.01	0.01	60	0	60	60	
0.4	5.4	33	38	27	3	159	472446	160	480728	0.0074625	0.00388496	0.003	0.017	3004.55	2178.14	28	9422	
0.4	5.4	47	39	12	3	191	655143	191	655143	0.00758115	0.0034887	0.003	0.017	3430.07	2415.3	36	9422	
0.4	5.4	37	41	39	3	2	120	2	120	0.0065	0.00494975	0.003	0.01	60	0	60	60	
0.4	5.4	21	42	20	3	68	250387	68	250387	0.003	0	0.003	0.003	3682.16	2035.16	45	9422	
0.4	5.4	12	44	5	3	175	616755	175	616755	0.003	0	0.003	0.003	3524.31	2208.58	45	9422	
0.4	5.4	5	45	11	3	67	210164	67	210164	0.00791045	0.0032274	0.003	0.01	3136.78	2359.4	45	9422	
0.4	5.4	30	46	6	3	59	154665	59	154665	0.00822034	0.00307419	0.003	0.01	2621.44	2072.42	60	9422	
0.4	5.4	5	47	10	3	141	494756	141	494756	0.00766667	0.0033116	0.003	0.01	3508.91	2398.52	60	9422	
0.4	5.4	40	48	13	3	166	436836	167	441569	0.00698203	0.00364291	0.003	0.017	2644.13	2033.79	45	9422	
0.4	5.4	39	49	79	3	1	60	1	60	0.003	0	0.003	0.003	60	0	60	60	
0.4	5.4	50	50	8	3	206	519238	206	519238	0.00741747	0.00372211	0.003	0.017	2520.57	2293.01	39	9422	
0.4	5.4	4	52	23	3	181	567079	181	567079	0.00458563	0.00302941	0.003	0.017	3133.03	2355.38	45	9422	
0.4	5.4	51	56	11	3	91	382309	91	382309	0.00353846	0.00187562	0.003	0.01	4201.2	2768.45	45	9422	
0.4	5.4	39	57	75	3	180	147310	178	145285	0.00524157	0.00351961	0.003	0.017	816.208	653.821	38	4107	
0.4	5.4	23	59	1	3	106	334420	106	334420	0.00775472	0.00328289	0.003	0.01	3154.91	2258.39	60	9422	
0.4	5.4	8	61	9	3	72	204308	72	204308	0.007375	0.00341264	0.003	0.01	2837.61	2048.21	60	9422	
0.4	5.4	34	62	67	3	151	226424	149	219744	0.00487919	0.00311256	0.003	0.01	1474.79	1236.68	38	7099	
0.4	5.4	35	63	9	3	4	3667	4	3667	0.0065	0.00404145	0.003	0.01	916.75	733.545	60	1775	
0.4	5.4	41	64	12	3	358	397158	357	396063	0.0057451	0.00431219	0.003	0.024	1109.42	933.215	7	5916	
0.4	5.4	15	65	11	3	1	60	1	60	0.003	0	0.003	0.003	60	0	60	60	
0.4	5.4	50	67	4	3	116	199603	116	199603	0.00698276	0.00383118	0.003	0.017	1720.72	1747.61	60	9422	
0.4	5.4	29	68	4	3	1	60	1	60	0.003	0	0.003	0.003	60	0	60	60	
0.4	5.4	52	69	28	3	11	14326	11	14326	0.00363636	0.00211058	0.003	0.01	1302.36	830.588	60	3182	
0.4	5.4	9	72	11	3	118	432145	117	431553	0.00820513	0.0030697	0.003	0.01	3688.49	2427.46	36	9422	
0.4	5.4	2	74	3	3	3	180	3	180	0.00766667	0.00404145	0.003	0.01	60	0	60	60	
0.4	5.4	55	78	29	3	119	145184	119	145184	0.00617647	0.00361646	0.003	0.017	1220.03	897.854	4	4904	
0.4	5.4	34	80	11	3	234	201752	231	200839	0.00618182	0.00450525	0.003	0.024	869.433	881.513	38	4395	
0.4	5.4	39	81	43	3	313	442984	313	442984	0.00546006	0.00334729	0.003	0.01	1415.28	1549.86	4	9422	
0.4	5.4	56	82	15	3	96	107320	96	107320	0.00657292	0.00430849	0.003	0.017	1117.92	782.905	60	3550	
0.4	5.4	51	83	10	3	236	793110	237	794294	0.00719409	0.00343775	0.003	0.01	3351.45	2176.3	36	9422	
0.4	5.4	39	85	8	3	217	250607	217	250607	0.00564516	0.00346789	0.003	0.017	1154.87	870.801	18	4395	
0.4	5.4	37	86	70	3	57	70096	56	68321	0.007625	0.00406565	0.003	0.017	1220.02	738.503	60	3822	
0.4	5.4	41	87	18	3	314	362007	315	363191	0.00597778	0.00376831	0.003	0.017	1152.99	1102.66	26	9422	
0.4	5.4	34	88	54	3	267	449039	267	449039	0.00412734	0.00257786	0.003	0.01	1681.79	1600.31	12	9422	
0.4	5.4	11	89	1	3	116	406004	116	406004	0.00758621	0.00334162	0.003	0.01	3500.03	2051.64	60	9422	
0.4	5.4	4	91	12	3	94	267696	94	267696	0.00597872	0.00347952	0.003	0.01	2847.83	1704.71	60	9422	
0.4	5.4	2	92	12	3	1	60	1	60	0.003	0	0.003	0.003	60	0	60	60	
0.4	5.4	37	93	15	3	143	148204	143	148204	0.00725874	0.00519034	0.003	0.024	1036.39	790.586	13	4107	
0.4	5.4	56	94	3	3	241	596740	242	597388	0.00635537	0.00399244	0.003	0.017	2468.55	1917.07	45	9422	
0.4	5.4	37	96	13	3	1	60	1	60	0.003	0	0.003	0.003	60	0	60	60	
0.4	5.4	6	98	3	3	25	72307	25	72307	0.00552	0.00342929	0.003	0.01	2892.28	1858.16	60	6882	
0.4	5.4	39	99	80	3	77	64716	77	64716	0.00581818	0.00413498	0.003	0.017	840.468	560.375	13	1775	
0.4	5.4	11	100	5	3	137	403851	137	403851	0.0080073	0.00339007	0.003	0.017	2947.82	2093.79	36	9422	
0.4	5.4	39	102	62	3	2	120	2	120	0.0065	0.00494975	0.003	0.01	60	0	60	60	
0.4	5.4	35	104	14	3	101	460394	101	460394	0.00868317	0.00274929	0.003	0.01	4558.36	2814.7	45	9422	
0.4	5.4	44	106	2	3	4	240	4	240	0.00825	0.0035	0.003	0.01	60	0	60	60	
0.4	5.4	10	107	21	3	205	497504	205	497504	0.00641463	0.00350752	0.003	0.01	2426.85	2085.41	45	9422	
0.4	5.4	37	109	9	3	3	180	3	180	0.00766667	0.00404145	0.003	0.01	60	0	60	60	
0.4	5.4	10	110	13	3	178	527478	178	527478	0.003	0	0.003	0.003	2963.36	1925.87	60	9422	
0.4	5.4	40	111	20	3	104	268315	104	268315	0.00784615	0.00352734	0.003	0.017	2579.95	2400.6	13	9422	
0.4	5.4	27	113	10	3	112	249290	112	249290	0.007625	0.0040473	0.003	0.024	2225.8	1908.64	60	9422	
0.4	5.4	53	114	15	3	116	297321	116	297321	0.00788793	0.0038307	0.003	0.017	2563.11	2183.53	45	9422	
0.4	5.4	46	115	22	3	201	752955	201	752955	0.00630846	0.00350348	0.003	0.01	3746.04	2660.94	57	9422	
0.4	5.4	53	116	8	3	162	414486	162	414486	0.00740741	0.00339081	0.003	0.01	2558.56	2370.9	45	9422	
0.4	5.4	35	117	4	3	23	67626	23	67626	0.00878261	0.00271287	0.003	0.01	2940.26	3005.2	60	9422	
0.4	5.4	27	118	13	3	3	1892	3	1892	0.00766667	0.00404145	0.003	0.01	630.667	562.2	60	1184	
0.4	5.4	13	122	5	3	170	403284	170	403284	0.00748823	0.00361659	0.003	0.017	2372.26	1856.49	60	9422	
0.4	5.4	27	123	22	3	133	458071	134	459255	0.0071791	0.00344637	0.003	0.01	3427.28	2421.51	45	9422	
0.4	5.4	16	125	6	3	112	417938	112	417938	0.00925	0.00217479	0.003	0.01	3731.59	2310.37	60	9422	
0.4	5.4	1	126	9	3	149	531192	149	531192	0.003	0	0.003	0.003	3565.05	2713.45	45	9422	
0.4	5.4	52	127	27	3	1	60	1	60	0.003	0	0.003	0.003	60	0	60	60	
0.4	5.4	21	128	2	3	14	42716	14	42716	0.003	0	0.003	0.003	3051.14	3163.04	60	9422	
0.4	5.4	23	131	16	3	11	21423	11	21423	0.00809091	0.00452669	0.003	0.017	1947.55	1535.22	60	4395	
0.4	5.4	55	133	22	3	358	405980	358	405980	0.00526816	0.00363775	0.003	0.017	1134.02	990.496	34	4395	
0.4	5.4	44	134	13	3	59	190754	59	190754	0.00881356	0.00264884	0.003	0.01	3233.12	2350.18	60	9422	
0.4	5.4	15	135	15	3	54	113868	54	113868	0.00909259	0.00360957	0.003	0.017	2108.67	1517.84	60	5916	
0.4	5.4	37	136	30	3	152	226983	152	226983	0.00488816	0.00311703	0.003	0.01	1493.31	799.77	60	4904	
0.4	5.4	27	137	7	3	164	523885	164	523885	0.00718293	0.00344324	0.003	0.01	3194.42	2378.14	36	9422	
0.4	5.4	41	140	71	3	222	232141	222	232141	0.00476576	0.00304701	0.003	0.01	1045.68	898.746	43	5324	
0.4	5.4	56	141	25	3	207	656103	207	656103	0.003	0	0.003	0.003	3169.58	2389.84	45	9422	
0.4	5.4	41	142	51	3	95	77166	95	77166	0.00506316	0.0032084	0.003	0.01	812.274	591.714	60	3182	
0.4	5.4	6	143	8	3	145	530837	145	530837	0.00855172	0.00307528	0.003	0.017	3660.94	2480.68	45	9422	
0.4	5.4	48	144	8	3	100	239213	99	238621	0.00738384	0.0036859	0.003	0.017	2410.31	1955.15	60	7708	
0.4	5.4	38	145	3	3	2	120	2	120	0.01	0	0.01	0.01	60	0	60	60	
0.4	5.4	39	146	27	3	1	60	1	60	0.003	0	0.003	0.003	60	0	60	60	
0.4	5.4	3	149	4	3	164	377101	164	377101	0.00825	0.0035	0.003	0.017	2299.4	1697.05	57	9422	
0.4	5.4	10	151	16	3	125	253402	125	253402	0.008264	0.00340338	0.003	0.017	2027.22	1774.25	60	8282	
0.4	5.4	52	152	31	3	116	100386	116	100386	0.00571552	0.00342575	0.003	0.01	865.397	614.398	55	3580	
0.4	5.4	37	154	7	3	180	301374	180	301374	0.00618889	0.00349587	0.003	0.01	1674.3	1839.58	43	9422	
0.4	5.4	33	155	23	3	49	114942	49	114942	0.003	0	0.003	0.003	2345.76	1410	60	7098	
0.4	5.4	16	156	2	3	3	1892	3	1892	0.01	0	0.01	0.01	630.667	562.2	60	1184	
0.4	5.4	52	158	53	3	1	60	1	60	0.003	0	0.003	0.003	60	0	60	60	
0.4	5.4	20	159	26	3	118	456996	118	456996	0.00661864	0.00351291	0.003	0.01	3872.85	2532.43	45	9422	
0.4	5.4	16	160	11	3	67	292383	67	292383	0.00926866	0.00215731	0.003	0.01	4363.93	3164.13	45	9422	
0.4	5.4	9	161	9	3	137	472275	136	466951	0.00521323	0.00326691	0.003	0.01	3433.46	2125.81	60	9422	
0.4	5.4	10	162	3	3	148	524471	148	524471	0.003	0	0.003	0.003	3543.72	2720.68	45	9422	
0.4	5.4	23	163	13	3	107	371104	106	368737	0.00689623	0.00349402	0.003	0.01	3478.65	2252.51	57	8873	
0.4	5.4	46	164	3	3	42	99523	42	99523	0.0055	0.00339476	0.003	0.01	2369.6	2019.56	60	9422	
0.4	5.4	32	165	9	3	111	329112	111	329112	0.003	0	0.003	0.003	2964.97	1880.7	60	9422	
0.4	5.4	27	168	18	3	5	300	5	300	0.0044	0.0031305	0.003	0.01	60	0	60	60	
0.4	5.4	9	170	15	3	40	120233	40	120233	0.004225	0.00269365	0.003	0.01	3005.82	2260.2	60	9422	
0.4	5.4	2	172	29	3	147	492660	147	492660	0.003	0	0.003	0.003	3351.43	2552.66	45	9422	
0.4	5.4	32	173	11	3	2	120	2	120	0.003	0	0.003	0.003	60	0	60	60	
0.4	5.4	52	176	60	3	8	5448	8	5448	0.00475	0.00324037	0.003	0.01	681	429.223	60	1287	
0.4	5.4	52	178	26	3	1	60	1	60	0.003	0	0.003	0.003	60	0	60	60	
0.4	5.4	33	179	25	3	189	639735	189	639735	0.00559259	0.00338931	0.003	0.01	3384.84	2316.25	6	9422	
0.4	5.4	37	180	51	3	248	380764	248	380764	0.00590726	0.00345642	0.003	0.01	1535.34	1307.41	60	9422	
0.4	5.4	25	182	8	3	121	287222	121	287222	0.00797521	0.00377373	0.003	0.017	2373.74	1628.85	60	7690	
0.4	5.4	8	184	12	3	5	300	5	300	0.01	0.00494975	0.003	0.017	60	0	60	60	
0.4	5.4	2	186	22	3	3	180	3	180	0.01	0.007	0.003	0.017	60	0	60	60	
0.4	5.4	42	187	4	3	91	325524	91	325524	0.00330769	0.00144293	0.003	0.01	3577.19	1916.96	60	9422	
0.4	5.4	9	189	7	3	9	27331	9	27331	0.00611111	0.00368932	0.003	0.01	3036.78	2536.5	60	7099	
0.4	5.4	31	190	11	3	103	348247	103	348247	0.00626213	0.00350898	0.003	0.01	3381.04	2574.74	60	9422	
0.4	5.4	51	191	14	3	103	376404	103	376404	0.003	0	0.003	0.003	3654.41	2166.37	60	9422	
0.4	5.4	31	192	10	3	25	52781	25	52781	0.003	0	0.003	0.003	2111.24	1196.09	60	5324	
0.4	5.4	55	193	18	3	323	328612	323	328612	0.00612074	0.00434044	0.003	0.024	1017.37	1114.77	21	9422	
0.4	5.4	11	194	19	3	24	84722	24	84722	0.003	0	0.003	0.003	3530.08	2553.02	60	9422	
0.4	5.4	7	196	20	3	6	5502	6	5502	0.003	0	0.003	0.003	917	785.478	60	1775	
0.4	5.4	39	197	84	3	14	9011	14	9011	0.005	0.00328165	0.003	0.01	643.643	463.882	11	1836	
0.4	5.4	52	198	2	3	1	60	1	60	0.01	0	0.01	0.01	60	0	60	60	
0.4	5.4	39	201	39	3	93	81955	94	83434	0.00724468	0.00515499	0.003	0.024	887.596	643.169	13	2196	
0.4	5.4	39	202	38	3	110	208445	110	208445	0.00656364	0.00376251	0.003	0.017	1894.95	2003.98	60	9422	
0.4	5.4	11	203	16	3	86	264731	86	264731	0.0082093	0.00307214	0.003	0.01	3078.27	2186.33	36	8873	
0.4	5.4	46	204	8	3	50	138573	50	138573	0.00748	0.00339411	0.003	0.01	2771.46	2215.47	60	9422	
0.4	5.4	45	207	12	3	1	60	1	60	0.003	0	0.003	0.003	60	0	60	60	
0.4	5.4	5	208	14	3	35	93719	35	93719	0.0084	0.0029823	0.003	0.01	2677.69	2444.27	60	9422	
0.4	5.4	36	211	2	3	129	455943	128	454759	0.00896094	0.00292532	0.003	0.017	3552.8	2645.93	45	9422	
0.4	5.4	34	214	63	3	456	425560	456	425560	0.00536403	0.00374153	0.003	0.017	933.246	1041.55	11	9422	
0.4	5.4	12	216	11	3	148	485062	148	485062	0.00635811	0.003509	0.003	0.01	3277.45	2358.04	60	9422	
0.4	5.4	57	217	19	3	67	225548	67	225548	0.00801492	0.00317897	0.003	0.01	3366.39	2408.67	60	9422	
0.4	5.4	39	219	67	3	72	80678	72	80678	0.00523611	0.0034904	0.003	0.017	1120.53	798.682	60	4107	
0.4	5.4	46	220	23	3	65	210169	65	210169	0.00526154	0.00329904	0.003	0.01	3233.37	1971.74	19	8282	
0.4	5.4	23	221	21	3	103	262865	103	262865	0.00809709	0.00327951	0.003	0.017	2552.09	1582.62	60	7099	
0.4	5.4	39	224	78	3	2	120	2	120	0.0065	0.00494975	0.003	0.01	60	0	60	60	
0.4	5.4	52	226	50	3	63	55226	63	55226	0.00611111	0.00431468	0.003	0.017	876.603	770.935	60	4395	
0.4	5.4	52	227	55	3	309	475721	309	475721	0.00576375	0.00356378	0.003	0.017	1539.55	1497.51	60	9211	
0.4	5.4	37	229	5	3	147	180682	147	180682	0.00538095	0.00332762	0.003	0.01	1229.13	851.576	14	5861	
0.4	5.4	43	230	10	3	188	540352	188	540352	0.00906915	0.00314201	0.003	0.024	2874.21	2435.38	45	9422	
0.4	5.4	55	231	9	3	32	48083	32	48083	0.00715625	0.00349294	0.003	0.01	1502.59	1053.23	60	3662	
0.4	5.4	4	234	7	3	41	130294	41	130294	0.003	0	0.003	0.003	3177.9	1854.84	60	7099	
0.4	5.4	39	235	52	3	2	120	2	120	0.0065	0.00494975	0.003	0.01	60	0	60	60	
0.4	5.4	32	236	17	3	121	323778	121	323778	0.00479339	0.00306843	0.003	0.01	2675.85	2291.88	45	9422	
0.4	5.4	34	237	62	3	369	319541	369	319541	0.00631978	0.00419247	0.003	0.024	865.965	1122.02	7	9422	
0.4	5.4	48	238	23	3	204	494947	204	494947	0.00732353	0.00393584	0.003	0.017	2426.21	2293.42	45	9422	
0.4	5.4	39	240	74	3	6	1898	6	1898	0.00533333	0.00361478	0.003	0.01	316.333	175.531	60	517	
0.4	5.4	14	241	13	3	1	60	1	60	0.01	0	0.01	0.01	60	0	60	60	
0.4	5.4	52	242	37	3	189	166015	186	164237	0.00601075	0.00429329	0.003	0.017	882.995	768.131	46	4395	
0.4	5.4	28	243	17	3	3	180	3	180	0.00533333	0.00404145	0.003	0.01	60	0	60	60	
0.4	5.4	41	244	19	3	353	369039	353	369039	0.00569688	0.00383412	0.003	0.017	1045.44	1206.46	7	9422	
0.4	5.4	14	245	19	3	25	78810	25	78810	0.00888	0.00261916	0.003	0.01	3152.4	1922	60	9422	
0.4	5.4	52	246	38	3	71	85986	68	79847	0.00505882	0.00321323	0.003	0.01	1174.22	857.192	38	3938	
0.4	5.4	27	247	16	3	153	410902	153	410902	0.0059281	0.0034643	0.003	0.01	2685.63	1939.83	60	9422	
0.4	5.4	20	248	22	3	86	214339	86	214339	0.00731395	0.003424	0.003	0.01	2492.31	1567.02	60	9422	
0.4	5.4	56	249	9	3	74	125029	74	125029	0.0047973	0.00307878	0.003	0.01	1689.58	1620.62	32	8873	
0.4	5.4	13	251	3	3	161	426883	161	426883	0.00730435	0.00359173	0.003	0.017	2651.45	2166.12	45	9422	
0.4	5.4	21	252	27	3	134	342868	134	342868	0.00676119	0.0037077	0.003	0.017	2558.72	1925.04	36	9422	
0.4	5.4	4	253	21	3	123	372920	124	375287	0.00599193	0.00347698	0.003	0.01	3026.51	2167.02	45	9422	
0.4	5.4	37	256	4	3	192	321548	191	320956	0.00607853	0.00355692	0.003	0.017	1680.4	1526.22	43	7204	
0.4	5.4	34	257	29	3	152	93964	152	93964	0.00475	0.00314601	0.003	0.017	618.184	638.168	38	3550	
0.4	5.4	36	258	10	3	57	153373	57	153373	0.00950877	0.00259892	0.003	0.017	2690.75	1763.58	60	9422	
0.4	5.4	33	260	11	3	7	8995	7	8995	0.003	0	0.003	0.003	1285	1131.77	60	3550	
0.4	5.4	40	261	18	3	68	159289	68	159289	0.00608823	0.00350154	0.003	0.01	2342.49	1834.44	60	9422	
0.4	5.4	30	264	3	3	199	689664	199	689664	0.00901507	0.00263519	0.003	0.017	3465.65	2573.87	45	9422	
0.4	5.4	8	267	14	3	1	60	1	60	0.003	0	0.003	0.003	60	0	60	60	
0.4	5.4	56	269	5	3	68	146409	68	146409	0.00557353	0.00340025	0.003	0.01	2153.07	1752.13	30	9422	
0.4	5.4	43	270	7	3	142	392063	142	392063	0.00911268	0.00261772	0.003	0.017	2761.01	2298.89	45	9422	
0.4	5.4	4	272	14	3	1	60	1	60	0.003	0	0.003	0.003	60	0	60	60	
0.4	5.4	25	273	1	3	172	598520	172	598520	0.00499419	0.00316874	0.003	0.01	3479.77	2472.02	21	9422	
0.4	5.4	55	274	17	3	100	100255	100	100255	0.00573	0.00383986	0.003	0.017	1002.55	1218.73	17	9422	
0.4	5.4	38	278	1	3	3	180	3	180	0.00766667	0.00404145	0.003	0.01	60	0	60	60	
0.4	5.4	41	279	24	3	1	60	1	60	0.003	0	0.003	0.003	60	0	60	60	
0.4	5.4	21	281	21	3	140	409107	140	409107	0.0068	0.00349964	0.003	0.01	2922.19	1865.18	60	9422	
0.4	5.4	55	282	10	3	4	240	4	240	0.01	0	0.01	0.01	60	0	60	60	
0.4	5.4	21	283	7	3	62	180585	62	180585	0.00864516	0.00278813	0.003	0.01	2912.66	2656.38	45	9422	
0.4	5.4	41	284	57	3	337	375054	337	375054	0.00505638	0.00319315	0.003	0.01	1112.92	1127.62	13	9422	
0.4	5.4	43	285	3	3	2	120	2	120	0.01	0	0.01	0.01	60	0	60	60	
0.4	5.4	39	287	41	3	52	38661	51	38080	0.00409804	0.00257103	0.003	0.01	746.667	674.149	52	2755	
0.4	5.4	39	288	73	3	121	84296	121	84296	0.00519835	0.00350385	0.003	0.017	696.661	590.221	26	3822	
0.4	5.4	14	289	5	3	63	140426	63	140426	0.00833333	0.00300537	0.003	0.01	2228.98	2285.54	26	9422	
0.4	5.4	42	290	7	3	1	60	1	60	0.01	0	0.01	0.01	60	0	60	60	
0.4	5.4	48	291	19	3	145	417454	145	417454	0.00686207	0.00358938	0.003	0.017	2878.99	2336.62	60	9422	
0.4	5.4	40	292	6	3	64	167691	63	167318	0.00822222	0.00331879	0.003	0.017	2655.84	2025.15	13	7099	
0.4	5.4	41	294	23	3	221	169210	221	169210	0.00591403	0.00405158	0.003	0.017	765.656	740.744	4	4395	
0.4	5.4	2	296	2	3	180	289749	180	289749	0.00731667	0.00364558	0.003	0.017	1609.72	1249.27	60	9422	
0.4	5.4	55	299	7	3	2	120	2	120	0.003	0	0.003	0.003	60	0	60	60	
0.4	5.4	39	304	50	3	3	180	3	180	0.00766667	0.00404145	0.003	0.01	60	0	60	60	
0.4	5.4	9	307	13	3	136	335870	136	335870	0.0070147	0.00357768	0.003	0.017	2469.63	2036.51	57	9422	
0.4	5.4	14	308	3	3	143	402633	143	402633	0.00574126	0.00342878	0.003	0.01	2815.62	2229.31	45	9422	
0.4	5.4	4	309	24	3	2	120	2	120	0.003	0	0.003	0.003	60	0	60	60	
0.4	5.4	32	310	14	3	105	203288	103	199454	0.0066699	0.00351297	0.003	0.01	1936.45	1852.55	54	9422	
0.4	5.4	47	311	10	3	160	534648	160	534648	0.00645625	0.00351071	0.003	0.01	3341.55	2553.38	45	9422	
0.4	5.4	33	312	2	3	164	724166	164	724166	0.00364024	0.00202405	0.003	0.01	4415.65	2748.37	45	9422	
0.4	5.4	29	313	2	3	58	123801	58	123801	0.00855172	0.00286033	0.003	0.01	2134.5	1341.1	60	7099	
0.4	5.4	37	316	69	3	1	60	1	60	0.01	0	0.01	0.01	60	0	60	60	
0.4	5.4	33	317	7	3	203	617514	203	617514	0.00406896	0.00252417	0.003	0.01	3041.94	2176.3	60	9422	
0.4	5.4	55	319	2	3	222	264836	222	264836	0.00662613	0.0040349	0.003	0.017	1192.95	1047.2	5	6882	
0.4	5.4	21	320	10	3	2	120	2	120	0.0065	0.00494975	0.003	0.01	60	0	60	60	
0.4	5.4	56	321	13	3	104	189535	104	189535	0.00616346	0.00363401	0.003	0.017	1822.45	1507.96	60	6507	
0.4	5.4	14	324	17	3	75	252985	74	245295	0.00735135	0.00341805	0.003	0.01	3314.8	2348.68	60	9422	
0.4	5.4	4	325	8	3	148	538072	148	538072	0.003	0	0.003	0.003	3635.62	2256.3	45	9422	
0.4	5.4	48	326	18	3	84	172343	85	172420	0.00752941	0.00399877	0.003	0.017	2028.47	1967.22	21	9422	
0.4	5.4	36	329	12	3	7	6035	7	6035	0.008	0.00341565	0.003	0.01	862.143	646.833	56	1775	
0.4	5.4	13	330	15	3	83	230995	83	230995	0.00426506	0.00270989	0.003	0.01	2783.07	1889.79	60	9422	
0.4	5.4	42	331	23	3	4	240	4	240	0.00475	0.0035	0.003	0.01	60	0	60	60	
0.4	5.4	41	332	37	3	4	240	4	240	0.00475	0.0035	0.003	0.01	60	0	60	60	
0.4	5.4	30	333	15	3	94	358062	94	358062	0.00873404	0.00270871	0.003	0.01	3809.17	2478.88	36	9422	
0.4	5.4	13	335	9	3	1	60	1	60	0.003	0	0.003	0.003	60	0	60	60	
0.4	5.4	32	337	7	3	76	206630	76	206630	0.00622368	0.00351226	0.003	0.01	2718.82	1819.06	60	7099	
0.4	5.4	26	338	4	3	69	173015	69	173015	0.00888406	0.00308953	0.003	0.017	2507.46	2091.92	60	9422	
0.4	5.4	57	339	17	3	66	154085	65	151127	0.00892308	0.00254526	0.003	0.01	2325.03	1908.2	60	9422	
0.4	5.4	47	340	15	3	109	350406	109	350406	0.00820183	0.00307252	0.003	0.01	3214.73	2349.39	45	9422	
0.4	5.4	22	341	3	3	55	138574	55	138574	0.00898182	0.00249066	0.003	0.01	2519.53	1858.97	60	9422	
0.4	5.4	1	343	10	3	85	239755	85	239755	0.00827059	0.00303703	0.003	0.01	2820.65	2078.88	60	9422	
0.4	5.4	52	345	45	3	268	368440	268	368440	0.00587313	0.00350264	0.003	0.017	1374.78	1628.89	58	9422	
0.4	5.4	13	346	13	3	103	346847	103	346847	0.00327184	0.00135902	0.003	0.01	3367.45	2205.06	60	9422	
0.4	5.4	36	347	11	3	77	206057	78	207580	0.00730769	0.00394543	0.003	0.017	2661.28	2187.7	60	9422	
0.4	5.4	41	350	73	3	98	149336	98	149336	0.003	0	0.003	0.003	1523.84	1361.44	60	7099	
0.4	5.4	39	351	82	3	45	42776	45	42776	0.00502222	0.00320857	0.003	0.01	950.578	571.179	60	1836	
0.4	5.4	57	355	3	3	181	679713	181	679967	0.00740884	0.00338932	0.003	0.01	3756.72	2758.4	36	9422	
0.4	5.4	51	356	5	3	116	287719	116	287719	0.00710345	0.00346254	0.003	0.01	2480.34	2156.78	60	9422	
0.4	5.4	29	357	8	3	2	120	2	120	0.0065	0.00494975	0.003	0.01	60	0	60	60	
0.4	5.4	7	358	17	3	66	201293	66	201293	0.00448485	0.0028836	0.003	0.01	3049.89	2674.33	45	9422	
0.4	5.4	39	359	9	3	26	32805	25	32157	0.0072	0.00451848	0.003	0.017	1286.28	942.909	60	3182	
0.4	5.4	38	360	7	3	3	180	3	180	0.01	0	0.01	0.01	60	0	60	60	
0.4	5.4	9	362	1	3	170	671831	170	671831	0.00477059	0.00305187	0.003	0.01	3951.95	2738.87	45	9422	
0.4	5.4	52	364	41	3	67	56990	67	56990	0.00519403	0.00349128	0.003	0.017	850.597	536.018	17	2367	
0.4	5.4	54	365	18	3	160	288531	160	288531	0.006325	0.00367817	0.003	0.017	1803.32	1677.19	60	9422	
0.4	5.4	10	366	5	3	174	535399	174	535399	0.00698276	0.00347655	0.003	0.01	3077.01	2622.5	45	9422	
0.4	5.4	27	367	4	3	32	67578	32	67578	0.00715625	0.00349294	0.003	0.01	2111.81	2470.5	60	9422	
0.4	5.4	2	369	26	3	250	499220	251	501467	0.00690438	0.00370173	0.003	0.017	1997.88	1626.06	45	9422	
0.4	5.4	22	370	2	3	1	60	1	60	0.003	0	0.003	0.003	60	0	60	60	
0.4	5.4	17	371	7	3	3	180	3	180	0.01	0	0.01	0.01	60	0	60	60	
0.4	5.4	21	372	18	3	63	142716	63	142716	0.00544444	0.00336384	0.003	0.01	2265.33	1931	60	9422	
0.4	5.4	30	373	5	3	124	445639	124	445639	0.00717742	0.00367157	0.003	0.017	3593.86	2660.41	45	9422	
0.4	5.4	48	374	4	3	126	459250	126	459250	0.00622222	0.00350289	0.003	0.01	3644.84	2704.64	36	9422	
0.4	5.4	50	375	16	3	82	177665	82	177665	0.00632927	0.00351735	0.003	0.01	2166.65	1711.94	60	8282	
0.4	5.4	55	377	21	3	129	139317	130	141153	0.00585385	0.00356145	0.003	0.017	1085.79	914.883	60	6877	
0.4	5.4	3	378	5	3	44	75887	44	75887	0.0065	0.00384889	0.003	0.017	1724.7	1167.66	60	5324	
0.4	5.4	55	379	33	3	171	238838	171	238838	0.00476023	0.00380338	0.003	0.017	1396.71	1741.02	30	9422	
0.4	5.4	53	380	3	3	164	486643	164	486643	0.00846341	0.00320159	0.003	0.017	2967.34	2004.84	60	9422	
0.4	5.4	39	381	57	3	144	144642	144	144642	0.0051875	0.00355765	0.003	0.017	1004.46	811.79	60	4904	
0.4	5.4	19	382	3	3	91	312523	91	312523	0.005	0.0031798	0.003	0.01	3434.32	2511.92	45	9422	
0.4	5.4	55	383	3	3	96	183017	96	181242	0.00438542	0.00280364	0.003	0.01	1887.94	1802.22	23	9422	
0.4	5.4	23	384	7	3	44	97759	45	98943	0.00797778	0.00412029	0.003	0.017	2198.73	2178.86	60	9422	
0.4	5.4	29	385	1	3	91	364587	91	364587	0.00815385	0.0031017	0.003	0.01	4006.45	2372.68	45	9422	
0.4	5.4	28	386	15	3	5	300	5	300	0.0072	0.00383406	0.003	0.01	60	0	60	60	
0.4	5.4	49	387	16	3	104	469880	104	469880	0.00441346	0.00282365	0.003	0.01	4518.08	2829.49	45	9422	
0.4	5.4	4	390	19	3	151	576430	151	576430	0.003	0	0.003	0.003	3817.42	2349.45	45	9422	
0.4	5.4	24	391	11	3	7	420	7	420	0.008	0.00341565	0.003	0.01	60	0	60	60	
0.4	5.4	33	394	9	3	46	100132	45	97174	0.00626667	0.00353167	0.003	0.01	2159.42	1528.94	10	7099	
0.4	5.4	47	397	17	3	31	61068	30	59884	0.00626667	0.00355191	0.003	0.01	1996.13	1007.3	60	4141	
0.4	5.4	54	398	10	3	269	540530	269	540530	0.00729368	0.00414108	0.003	0.017	2009.41	1676.51	45	9422	
0.4	5.4	55	400	44	3	238	347293	238	347293	0.00585294	0.00415413	0.003	0.017	1459.21	1522	21	9422	
0.4	5.4	46	401	14	3	1	60	1	60	0.01	0	0.01	0.01	60	0	60	60	
0.4	5.4	21	402	23	3	159	514897	158	514305	0.0064557	0.00368435	0.003	0.017	3255.09	2323.19	36	9422	
0.4	5.4	3	404	18	3	157	404293	156	401524	0.00694872	0.00390995	0.003	0.017	2573.87	1858.98	60	9422	
0.4	5.4	34	405	71	3	24	6663	23	4888	0.00330435	0.0014596	0.003	0.01	212.522	162.648	60	645	
0.4	5.4	6	408	7	3	103	395465	103	395465	0.00830097	0.00301576	0.003	0.01	3839.47	2572.72	45	9422	
0.4	5.4	11	409	2	3	111	429649	111	429649	0.00375676	0.00218348	0.003	0.01	3870.71	2213.92	60	9422	
0.4	5.4	34	410	59	3	216	135980	216	135980	0.00543055	0.00372731	0.003	0.017	629.537	721.878	10	4904	
0.4	5.4	34	411	24	3	3	180	3	180	0.00533333	0.00404145	0.003	0.01	60	0	60	60	
0.4	5.4	3	412	13	3	153	508373	153	508373	0.00569935	0.00341838	0.003	0.01	3322.7	2615.26	45	9422	
0.4	5.4	10	414	15	3	213	393720	213	393720	0.00750235	0.00368913	0.003	0.017	1848.45	2173.22	19	9422	
0.4	5.4	53	416	6	3	193	712723	194	716273	0.00729381	0.00341761	0.003	0.01	3692.13	2399.95	45	9422	
0.4	5.4	54	418	20	3	243	455425	243	455425	0.00686008	0.00376765	0.003	0.017	1874.18	1705.44	60	9422	
0.4	5.4	33	419	3	3	123	199750	122	197914	0.00764754	0.00489716	0.003	0.024	1622.25	1275.14	48	7690	
0.4	5.4	32	420	8	3	181	640562	181	640562	0.00562983	0.00339951	0.003	0.01	3539.02	2452.72	45	9422	
0.4	5.4	39	421	30	3	198	348947	198	348947	0.003	0	0.003	0.003	1762.36	1611.22	60	9422	
0.4	5.4	2	423	15	3	82	171161	82	171161	0.00778049	0.00345705	0.003	0.017	2087.33	1702.13	60	8282	
0.4	5.4	39	424	6	3	187	176039	187	176039	0.00539572	0.00333015	0.003	0.01	941.385	550.96	5	3550	
0.4	5.4	52	425	52	3	282	207155	282	207155	0.00543262	0.00391603	0.003	0.024	734.592	673.244	13	4395	
0.4	5.4	27	426	19	3	133	434993	133	434993	0.005	0.00317423	0.003	0.01	3270.62	2270.21	36	9422	
0.4	5.4	46	427	1	3	169	450658	169	450658	0.00788757	0.00331201	0.003	0.017	2666.62	1978.27	60	9422	
0.4	5.4	39	428	81	3	66	35818	66	35818	0.00565151	0.00363526	0.003	0.017	542.697	365.348	29	1775	
0.4	5.4	15	429	8	3	51	130299	51	130299	0.003	0	0.003	0.003	2554.88	2283.64	60	9422	
0.4	5.4	7	432	19	3	25	76441	25	76441	0.0086	0.00285774	0.003	0.01	3057.64	2458.71	60	9422	
0.4	5.4	34	433	4	3	96	88367	96	88367	0.00584375	0.00360213	0.003	0.017	920.49	641.508	60	3822	
0.4	5.4	41	434	40	3	358	438406	358	438406	0.0046229	0.0029582	0.003	0.01	1224.6	1114.15	20	9422	
0.4	5.4	50	435	2	3	10	31474	10	31474	0.0072	0.00361478	0.003	0.01	3147.4	3155.04	60	9422	
0.4	5.4	57	436	7	3	1	60	1	60	0.01	0	0.01	0.01	60	0	60	60	
0.4	5.4	2	437	6	3	85	182994	85	182994	0.00703529	0.0037999	0.003	0.017	2152.87	1539.02	60	7126	
0.4	5.4	42	438	20	3	136	500648	136	500648	0.00454412	0.00291323	0.003	0.01	3681.24	2262.88	60	9422	
0.4	5.4	56	441	30	3	198	583017	198	583017	0.00515656	0.00324009	0.003	0.01	2944.53	2149.76	45	9422	
0.4	5.4	10	442	6	3	36	24424	36	24424	0.00630555	0.00391933	0.003	0.017	678.444	623.972	60	2367	
0.4	5.4	25	443	7	3	97	271723	97	271723	0.0058866	0.00346373	0.003	0.01	2801.27	2020.8	60	9422	
0.4	5.4	28	444	25	3	62	206603	61	203053	0.00827869	0.00303936	0.003	0.01	3328.74	2864.99	45	9422	
0.4	5.4	16	445	7	3	55	221973	55	221973	0.00312727	0.00094388	0.003	0.01	4035.87	2270.04	60	9422	
0.4	5.4	34	446	70	3	96	64244	96	64244	0.00445833	0.00285774	0.003	0.01	669.208	623.552	60	3754	
0.4	5.4	20	447	15	3	86	195518	86	195518	0.00772093	0.00378744	0.003	0.017	2273.47	1660.38	60	9422	
0.4	5.4	34	448	72	3	202	292696	202	292696	0.003	0	0.003	0.003	1448.99	1131.44	8	5324	
0.4	5.4	41	449	61	3	163	96523	163	96523	0.00609202	0.00433733	0.003	0.017	592.166	641.483	13	5439	
0.4	5.4	18	450	12	3	34	110169	34	110169	0.00732353	0.00345289	0.003	0.01	3240.26	2664.56	60	9422	
0.4	5.4	37	451	31	3	145	232775	145	232775	0.00608965	0.00358414	0.003	0.017	1605.34	1223.02	60	9422	
0.4	5.4	28	452	8	3	34	72913	34	72913	0.00752941	0.0033955	0.003	0.01	2144.5	1400.61	60	4904	
0.4	5.4	3	454	15	3	71	230878	71	230878	0.00369014	0.00210164	0.003	0.01	3251.8	2172.94	60	8873	
0.4	5.4	50	455	25	3	50	97761	50	97761	0.00664	0.0035327	0.003	0.01	1955.22	1914.85	60	9422	
0.4	5.4	22	456	11	3	49	175832	49	175832	0.00842857	0.00295099	0.003	0.01	3588.41	2408.96	60	8282	
0.4	5.4	55	457	30	3	119	161290	119	161290	0.00623529	0.00350473	0.003	0.01	1355.38	933.374	60	5324	
0.4	5.4	52	458	20	3	95	63588	95	63588	0.00572631	0.00372297	0.003	0.017	669.347	675.705	6	4395	
0.4	5.4	32	459	6	3	1	60	1	60	0.01	0	0.01	0.01	60	0	60	60	
0.4	5.4	52	460	30	3	282	323019	281	322374	0.00551601	0.00393981	0.003	0.017	1147.24	1424.33	46	9422	
0.4	5.4	20	461	14	3	156	597351	156	597351	0.00555769	0.00338162	0.003	0.01	3829.17	2553.36	45	9422	
0.4	5.4	54	462	19	3	119	238879	119	238879	0.00541176	0.00334059	0.003	0.01	2007.39	1510.97	60	5916	
0.4	5.4	50	463	23	3	91	186525	91	186525	0.00707692	0.00347125	0.003	0.01	2049.73	1935.43	60	9422	
0.4	5.4	39	467	48	3	162	146941	161	145974	0.005	0.00326726	0.003	0.017	906.671	1195.29	3	9422	
0.4	5.4	52	468	11	3	4	240	4	240	0.00825	0.0035	0.003	0.01	60	0	60	60	
0.4	5.4	17	470	16	3	136	564188	136	564188	0.003	0	0.003	0.003	4148.44	2618.63	45	9422	
0.4	5.4	34	474	1	3	238	191023	238	191023	0.00538235	0.00356389	0.003	0.017	802.618	629.905	19	4141	
0.4	5.4	43	475	5	3	130	420383	130	420383	0.00784615	0.00346961	0.003	0.017	3233.72	2486.62	45	9422	
0.4	5.4	45	476	26	3	109	212617	109	212617	0.00711009	0.00395189	0.003	0.017	1950.61	1463.54	13	6507	
0.4	5.4	2	477	7	3	100	167149	100	167149	0.00748	0.0041645	0.003	0.017	1671.49	1360.55	60	7099	
0.4	5.4	2	479	33	3	34	87806	34	87806	0.00670588	0.00354648	0.003	0.01	2582.53	2444.48	60	9422	
0.4	5.4	10	480	18	3	182	384967	182	384967	0.00680769	0.00379318	0.003	0.017	2115.2	1895.09	57	9422	
0.4	5.4	51	481	4	3	168	720630	168	720630	0.00425	0.00268897	0.003	0.01	4289.46	2271.46	45	9422	
0.4	5.4	56	482	8	3	3	1892	3	1892	0.00766667	0.00404145	0.003	0.01	630.667	562.2	60	1184	
0.4	5.4	33	483	5	3	69	170550	68	167342	0.00536765	0.00333639	0.003	0.01	2460.91	2029.78	60	9422	
0.4	5.4	20	484	5	3	51	85942	52	88903	0.00784615	0.00326229	0.003	0.01	1709.67	1812.45	60	9422	
0.4	5.4	12	486	8	3	130	520285	130	520285	0.00434615	0.00276947	0.003	0.01	4002.19	2576.19	45	9422	
0.4	5.4	41	487	14	3	250	196881	250	196881	0.00524	0.00327188	0.003	0.01	787.524	575.997	23	2769	
0.4	5.4	45	488	9	3	79	148080	79	148080	0.00778481	0.00363978	0.003	0.017	1874.43	1588.48	36	9422	
0.4	5.4	52	489	15	3	4	240	4	240	0.00475	0.0035	0.003	0.01	60	0	60	60	
0.4	5.4	44	491	10	3	88	298904	88	298904	0.00825	0.00304846	0.003	0.01	3396.64	2204.27	60	9422	
0.4	5.4	55	492	4	3	327	389177	326	387993	0.0068865	0.00436729	0.003	0.024	1190.16	1499.81	60	9422	
0.4	5.4	27	493	5	3	42	82392	42	82392	0.00633333	0.00386142	0.003	0.017	1961.71	1294.04	60	4395	
0.4	5.4	24	495	3	3	3	180	3	180	0.01	0	0.01	0.01	60	0	60	60	
0.4	5.4	31	496	4	3	132	498285	132	498285	0.0077197	0.0032931	0.003	0.01	3774.89	2293.72	45	9422	
0.4	5.4	18	499	1	3	45	152174	46	156202	0.00619565	0.00382169	0.003	0.017	3395.7	2353.03	60	9422	
0.4	5.4	27	500	20	3	87	293592	87	293592	0.00509195	0.00322286	0.003	0.01	3374.62	2408.04	60	9422	
0.4	5.4	29	502	18	3	6	8992	6	8992	0.00883333	0.00285774	0.003	0.01	1498.67	1204.42	60	3550	
0.4	5.4	47	503	4	3	153	506827	152	503277	0.00516447	0.00324587	0.003	0.01	3311.03	2350.03	45	9422	
0.4	5.4	49	504	17	3	141	415516	141	415516	0.00786525	0.00364147	0.003	0.017	2946.92	2156.6	11	9422	
0.4	5.4	39	506	15	3	251	252020	251	252020	0.00587251	0.00392832	0.003	0.017	1004.06	974.149	34	8063	
0.4	5.4	7	507	16	3	44	172872	44	172872	0.003	0	0.003	0.003	3928.91	2654.2	60	9422	
0.4	5.4	56	508	12	3	134	225665	134	225665	0.00592537	0.0038674	0.003	0.017	1684.07	1210.79	21	5916	
0.4	5.4	15	509	17	3	77	207363	77	207363	0.00863636	0.00301273	0.003	0.017	2693.03	2160.16	45	9422	
0.4	5.4	15	510	14	3	42	113245	42	113245	0.00833333	0.00301756	0.003	0.01	2696.31	2586.74	45	9422	
0.4	5.4	55	512	14	3	124	241018	123	237468	0.00396748	0.00242573	0.003	0.01	1930.63	1580.91	60	8282	
0.4	5.4	37	513	60	3	193	463018	193	463018	0.00401554	0.00247167	0.003	0.01	2399.06	2125.4	45	9422	
0.4	5.4	48	515	2	3	30	48050	30	48050	0.00813333	0.00314844	0.003	0.01	1601.67	826.965	60	3550	
0.4	5.4	32	516	1	3	62	133851	62	133851	0.00785484	0.00325348	0.003	0.01	2158.89	1845.22	60	9422	
0.4	5.4	39	518	63	3	2	120	2	120	0.0065	0.00494975	0.003	0.01	60	0	60	60	
0.4	5.4	49	519	9	3	2	120	2	120	0.0065	0.00494975	0.003	0.01	60	0	60	60	
0.4	5.4	53	521	18	3	133	542773	133	542773	0.00368421	0.00208664	0.003	0.01	4081	2321.4	60	9422	
0.4	5.4	41	522	78	3	123	100873	122	100591	0.00460656	0.00295575	0.003	0.01	824.516	717.754	60	6057	
0.4	5.4	18	523	6	3	10	31474	10	31474	0.0065	0.00368932	0.003	0.01	3147.4	3155.04	60	9422	
0.4	5.4	54	524	2	3	61	68786	61	68786	0.00827869	0.00397128	0.003	0.017	1127.64	863.535	60	4395	
0.4	5.4	45	525	24	3	125	371833	125	371833	0.0072	0.00344309	0.003	0.01	2974.66	2366.54	60	9422	
0.4	5.4	12	526	4	3	23	50525	22	48750	0.00777273	0.00333712	0.003	0.01	2215.91	1762.03	60	5324	
0.4	5.4	39	527	49	3	5	772	5	772	0.0044	0.0031305	0.003	0.01	154.4	133.889	50	301	
0.4	5.4	48	528	9	3	88	190085	88	190085	0.00809091	0.00347615	0.003	0.017	2160.06	1506.38	60	7690	
0.4	5.4	16	530	3	3	171	638611	171	638611	0.00697076	0.00347838	0.003	0.01	3734.57	2869.06	45	9422	
0.4	5.4	53	533	14	3	41	132650	41	132650	0.00880488	0.00309208	0.003	0.017	3235.37	2512.53	60	9422	
0.4	5.4	41	534	67	3	311	342050	311	342050	0.00504823	0.00323901	0.003	0.017	1099.84	911.343	4	4733	
0.4	5.4	37	536	10	3	1	60	1	60	0.003	0	0.003	0.003	60	0	60	60	
0.4	5.4	41	538	82	3	176	111317	176	111317	0.00602273	0.00420606	0.003	0.017	632.483	675.252	13	3191	
0.4	5.4	13	540	2	3	54	117420	54	117420	0.00740741	0.00367305	0.003	0.017	2174.44	1559.79	10	7099	
0.4	5.4	1	541	15	3	3	180	3	180	0.00766667	0.00404145	0.003	0.01	60	0	60	60	
0.4	5.4	37	542	32	3	152	211584	152	211584	0.00617763	0.00349664	0.003	0.01	1392	1074.32	60	5322	
0.4	5.4	41	545	11	3	231	425127	231	425127	0.003	0	0.003	0.003	1840.38	1569.43	23	9422	
0.4	5.4	55	546	40	3	160	283800	160	283800	0.0053625	0.00332039	0.003	0.01	1773.75	1680.79	33	9422	
0.4	5.4	17	547	14	3	9	8998	8	7865	0.00825	0.00324037	0.003	0.01	983.125	598.817	60	1775	
0.4	5.4	50	548	17	3	103	384811	103	384811	0.00340777	0.00164756	0.003	0.01	3736.03	2292.7	45	9422	
0.4	5.4	27	549	15	3	61	194250	61	194250	0.003	0	0.003	0.003	3184.43	1947.1	60	7690	
0.4	5.4	49	550	4	3	40	78828	40	78828	0.0072	0.00347297	0.003	0.01	1970.7	1806.64	60	9422	
0.4	5.4	15	552	3	3	20	61648	20	61648	0.00895	0.00256443	0.003	0.01	3082.4	2837.47	60	9422	
0.4	5.4	41	554	4	3	1	60	1	60	0.003	0	0.003	0.003	60	0	60	60	
0.4	5.4	17	556	2	3	110	469504	109	468912	0.00775229	0.00328339	0.003	0.01	4301.94	2233.57	60	9422	
0.4	5.4	2	557	27	3	116	160569	116	160569	0.00722414	0.00460451	0.003	0.024	1384.22	1226.17	60	5915	
0.4	5.4	54	558	4	3	151	276513	150	275921	0.00748	0.00356101	0.003	0.017	1839.47	1759.24	60	9422	
0.4	5.4	41	559	75	3	140	158282	140	158282	0.00595	0.00385404	0.003	0.017	1130.59	1429.35	36	9422	
0.4	5.4	15	562	13	3	91	242275	91	242275	0.00861538	0.00364774	0.003	0.017	2662.36	2514.36	45	9422	
0.4	5.4	39	563	26	3	207	201027	208	202211	0.00579327	0.00350439	0.003	0.017	972.168	1024.91	13	6674	
0.4	5.4	34	564	25	3	180	171369	180	171369	0.00455555	0.00301064	0.003	0.017	952.05	1065.02	43	6882	
0.4	5.4	23	566	17	3	62	122048	60	116130	0.00766667	0.00476451	0.003	0.017	1935.5	1366.37	60	6507	
0.4	5.4	22	571	7	3	49	132650	49	132650	0.00785714	0.0032596	0.003	0.01	2707.14	2272.75	45	9422	
0.4	5.4	17	572	1	3	145	592342	145	592342	0.003	0	0.003	0.003	4085.12	2041.2	60	8873	
0.4	5.4	46	575	7	3	148	528344	148	528344	0.00702027	0.00347287	0.003	0.01	3569.89	2617.7	45	9422	
0.4	5.4	57	577	15	3	147	543978	146	543341	0.0074589	0.00337767	0.003	0.01	3721.51	2645.69	45	9422	
0.4	5.4	20	579	1	3	7	14316	7	14316	0.003	0	0.003	0.003	2045.14	1816.4	60	5324	
0.4	5.4	11	581	6	3	119	336314	119	336314	0.003	0	0.003	0.003	2826.17	2472.51	45	9422	
0.4	5.4	41	582	54	3	198	154932	198	154932	0.00543939	0.00395711	0.003	0.017	782.485	848.389	23	5324	
0.4	5.4	31	583	8	3	146	441807	146	441807	0.003	0	0.003	0.003	3026.08	2094.33	60	9422	
0.4	5.4	10	584	12	3	87	157573	87	157573	0.00750575	0.00384549	0.003	0.017	1811.18	1466.55	60	6507	
0.4	5.4	40	585	5	3	8	6038	8	6038	0.003	0	0.003	0.003	754.75	417.895	60	1184	
0.4	5.4	47	586	7	3	118	435099	118	435099	0.00388983	0.00234168	0.003	0.01	3687.28	2593.26	45	9422	
0.4	5.4	47	587	5	3	49	145787	49	145787	0.00371428	0.00214087	0.003	0.01	2975.24	2353.44	60	9422	
0.4	5.4	19	588	13	3	34	58123	34	58123	0.0065	0.00355263	0.003	0.01	1709.5	1159.5	60	4395	
0.4	5.4	56	589	21	3	126	286677	126	286677	0.00538889	0.0033322	0.003	0.01	2275.21	1967.49	45	9422	
0.4	5.4	37	590	37	3	118	219109	117	218517	0.00647008	0.00351493	0.003	0.01	1867.67	1465.95	60	9422	
0.4	5.4	14	597	12	3	4	240	4	240	0.00825	0.0035	0.003	0.01	60	0	60	60	
0.4	5.4	48	598	5	3	46	106047	46	106047	0.00665217	0.00353533	0.003	0.01	2305.37	1752.58	60	7099	
0.4	5.4	43	600	13	3	210	651834	209	647101	0.00752153	0.00342513	0.003	0.017	3096.18	2317.6	57	9422	
0.4	5.4	17	601	13	3	56	178795	56	178795	0.006625	0.00352942	0.003	0.01	3192.77	1874.84	60	8873	
0.4	5.4	34	603	39	3	34	30917	34	30917	0.00629412	0.00354648	0.003	0.01	909.324	832.057	60	2958	
0.4	5.4	13	605	14	3	1	60	1	60	0.003	0	0.003	0.003	60	0	60	60	
0.4	5.4	47	606	14	3	121	359406	122	361426	0.00753279	0.00359105	0.003	0.017	2962.51	1988.08	60	9422	
0.4	5.4	34	609	69	3	77	53466	75	51098	0.00524	0.00328732	0.003	0.01	681.307	481.951	5	1908	
0.4	5.4	38	611	26	3	12	43307	12	43307	0.00708333	0.0036045	0.003	0.01	3608.92	3397.13	60	9422	
0.4	5.4	39	612	53	3	160	321516	160	321516	0.0055375	0.00355352	0.003	0.017	2009.48	1822.77	23	9422	
0.4	5.4	4	613	13	3	117	252814	118	255181	0.00721186	0.0036768	0.003	0.017	2162.55	1634.61	60	9422	
0.4	5.4	55	617	19	3	86	162359	86	162359	0.0047093	0.00302486	0.003	0.01	1887.9	1670.29	60	9422	
0.4	5.4	45	618	10	3	69	153991	68	153399	0.00639706	0.0035245	0.003	0.01	2255.87	1590.48	60	5916	
0.4	5.4	44	619	15	3	36	113723	36	113723	0.003	0	0.003	0.003	3158.97	2777.2	60	9422	
0.4	5.4	45	621	15	3	70	133874	70	133874	0.0072	0.00345405	0.003	0.01	1912.49	1491.96	60	7099	
0.4	5.4	52	622	35	3	201	240107	201	240107	0.00582089	0.00364935	0.003	0.017	1194.56	1209.97	20	9422	
0.4	5.4	37	623	53	3	2	120	2	120	0.0065	0.00494975	0.003	0.01	60	0	60	60	
0.4	5.4	34	625	68	3	361	174053	361	174053	0.0052687	0.00402594	0.003	0.017	482.141	476.802	6	3550	
0.4	5.4	50	627	1	3	76	161679	76	161679	0.00751316	0.00373985	0.003	0.017	2127.36	1741.61	57	9422	
0.4	5.4	17	628	8	3	105	311447	105	313221	0.00686667	0.00349743	0.003	0.01	2983.06	1893.29	60	8873	
0.4	5.4	28	629	13	3	48	120241	48	120241	0.00854167	0.00352474	0.003	0.017	2505.02	2327.61	36	9422	
0.4	5.4	51	630	13	3	190	770449	190	770449	0.00797368	0.00318301	0.003	0.01	4054.99	2576.45	45	9422	
0.4	5.4	3	631	10	3	87	255154	86	253970	0.00560465	0.00340339	0.003	0.01	2953.14	1780.1	23	7099	
0.4	5.4	5	633	5	3	123	407425	123	407425	0.00453658	0.00290926	0.003	0.01	3312.4	2643.58	45	9422	
0.4	5.4	52	634	39	3	138	115081	136	113305	0.00557353	0.00369511	0.003	0.017	833.125	758.409	6	4141	
0.4	5.4	34	635	10	3	1	60	1	60	0.003	0	0.003	0.003	60	0	60	60	
0.4	5.4	13	636	1	3	30	79408	30	79408	0.0044	0.00284787	0.003	0.01	2646.93	2117.06	60	9422	
0.4	5.4	5	637	6	3	94	296083	94	296083	0.00739362	0.00340214	0.003	0.01	3149.82	2611.32	45	9422	
0.4	5.4	25	639	4	3	42	85941	42	85941	0.00466667	0.00339057	0.003	0.017	2046.21	2132.02	60	9422	
0.4	5.4	22	640	6	3	61	195430	61	195430	0.00609836	0.00350573	0.003	0.01	3203.77	3094.56	60	9422	
0.4	5.4	3	642	1	3	82	205692	82	205692	0.00743902	0.00339243	0.003	0.01	2508.44	2051.91	60	9422	
0.4	5.4	52	643	51	3	1	60	1	60	0.01	0	0.01	0.01	60	0	60	60	
0.4	5.4	5	644	9	3	12	30886	12	30886	0.0065	0.00365563	0.003	0.01	2573.83	1670.07	60	5324	
0.4	5.4	29	647	11	3	73	189049	72	188799	0.00922222	0.00250758	0.003	0.017	2622.21	2355.23	60	9422	
0.4	5.4	29	649	20	3	64	197267	64	197267	0.00682812	0.00351213	0.003	0.01	3082.3	2633.26	45	9422	
0.4	5.4	23	650	18	3	101	262854	101	262854	0.00514851	0.00324465	0.003	0.01	2602.51	1965.79	7	9422	
0.4	5.4	37	651	8	3	3	180	3	180	0.00766667	0.00404145	0.003	0.01	60	0	60	60	
0.4	5.4	42	655	22	3	127	518637	127	518637	0.00327559	0.00136671	0.003	0.01	4083.76	2854.97	45	9422	
0.4	5.4	52	656	25	3	9	6041	9	6041	0.00688889	0.00368932	0.003	0.01	671.222	569.455	60	1775	
0.4	5.4	31	657	9	3	1	60	1	60	0.01	0	0.01	0.01	60	0	60	60	
0.4	5.4	40	658	11	3	62	130441	62	130441	0.00774193	0.00329896	0.003	0.01	2103.89	1799.88	60	9422	
0.4	5.4	38	664	5	3	143	336272	141	332128	0.00697163	0.00357959	0.003	0.017	2355.52	1888.39	45	9422	
0.4	5.4	6	665	1	3	7	14316	7	14316	0.009	0.00264575	0.003	0.01	2045.14	1816.4	60	5324	
0.4	5.4	6	668	13	3	125	415702	125	415702	0.003	0	0.003	0.003	3325.62	2270.02	45	9422	
0.4	5.4	41	670	6	3	1	60	1	60	0.003	0	0.003	0.003	60	0	60	60	
0.4	5.4	27	672	1	3	38	102010	38	102010	0.003	0	0.003	0.003	2684.47	2223.62	60	9422	
0.4	5.4	18	673	11	3	125	459686	125	459686	0.003	0	0.003	0.003	3677.49	2526.67	60	9422	
0.4	5.4	48	674	16	3	15	26689	15	26689	0.00673333	0.00361478	0.003	0.01	1779.27	966.874	60	3550	
0.4	5.4	17	675	9	3	47	129107	47	129107	0.003	0	0.003	0.003	2746.96	1843.92	60	9422	
0.4	5.4	50	678	10	3	85	135046	85	135046	0.00695294	0.00349117	0.003	0.01	1588.78	2114.23	60	9422	
0.4	5.4	9	680	5	3	53	175252	52	168153	0.00569231	0.00343876	0.003	0.01	3233.71	2695.75	45	9422	
0.4	5.4	41	683	59	3	200	178130	200	178130	0.004715	0.00301817	0.003	0.01	890.65	807.266	13	4904	
0.4	5.4	54	684	11	3	1	60	1	60	0.01	0	0.01	0.01	60	0	60	60	
0.4	5.4	10	686	20	3	84	168323	84	168323	0.004	0.0024642	0.003	0.01	2003.85	1871.69	58	9422	
0.4	5.4	35	687	12	3	3	180	3	180	0.00766667	0.00404145	0.003	0.01	60	0	60	60	
0.4	5.4	41	688	25	3	11	4862	11	4862	0.00490909	0.00452669	0.003	0.017	442	212.496	60	648	
0.4	5.4	34	689	15	3	123	92041	123	92041	0.00561789	0.00362939	0.003	0.017	748.301	543.848	12	2769	
0.4	5.4	19	690	9	3	62	197746	62	197746	0.003	0	0.003	0.003	3189.45	2215.2	60	9422	
0.4	5.4	34	691	44	3	228	321799	228	321799	0.00465789	0.00298256	0.003	0.01	1411.4	1239.01	26	9422	
0.4	5.4	38	693	21	3	180	560729	180	560729	0.00447778	0.00346967	0.003	0.017	3115.16	2630.67	45	9422	
0.4	5.4	49	695	15	3	3	1892	3	1892	0.003	0	0.003	0.003	630.667	562.2	60	1184	
0.4	5.4	56	696	11	3	65	124422	65	124422	0.00483077	0.00310025	0.003	0.01	1914.18	1646.85	60	7690	
0.4	5.4	26	697	8	3	30	101296	30	101296	0.00416667	0.00265334	0.003	0.01	3376.53	1833.99	60	7099	
0.4	5.4	21	698	11	3	2	708	2	708	0.0065	0.00494975	0.003	0.01	354	415.779	60	648	
0.4	5.4	8	700	15	3	72	172308	72	172308	0.00338889	0.00161468	0.003	0.01	2393.17	2829.69	45	9422	
0.4	5.4	21	701	28	3	2	120	2	120	0.0065	0.00494975	0.003	0.01	60	0	60	60	
0.4	5.4	30	702	8	3	63	221506	62	220914	0.003	0	0.003	0.003	3563.13	2387.17	60	9422	
0.4	5.4	2	703	14	3	146	162380	146	162380	0.0059726	0.00409701	0.003	0.017	1112.19	839.018	60	5324	
0.4	5.4	20	704	3	3	87	230891	88	233258	0.00848864	0.00326245	0.003	0.017	2650.66	1839.11	57	7690	
0.4	5.4	1	706	6	3	2	120	2	120	0.01	0	0.01	0.01	60	0	60	60	
0.4	5.4	1	707	8	3	12	29107	12	29107	0.01	0	0.01	0.01	2425.58	1687.5	60	5324	
0.4	5.4	45	708	4	3	155	328228	154	325861	0.00763636	0.00377265	0.003	0.017	2115.98	2205.45	60	9422	
0.4	5.4	48	709	22	3	105	242387	105	242387	0.00786667	0.00401695	0.003	0.024	2308.45	1976.67	60	9422	
0.4	5.4	14	710	16	3	129	459966	129	459966	0.00658139	0.00351269	0.003	0.01	3565.63	2709.83	45	9422	
0.4	5.4	35	713	19	3	85	347995	85	347995	0.00794118	0.00320844	0.003	0.01	4094.06	3095.11	45	9422	
0.4	5.4	50	714	15	3	77	155186	77	155186	0.00545454	0.0035487	0.003	0.017	2015.4	2013.25	60	9422	
0.4	5.4	55	716	8	3	218	195181	218	195181	0.00605046	0.00407671	0.003	0.017	895.326	666.785	26	3550	
0.4	5.4	41	717	81	3	151	112773	152	114012	0.00548684	0.00372745	0.003	0.017	750.079	700.529	43	4395	
0.4	5.4	3	718	20	3	16	34436	16	34436	0.0086875	0.00282179	0.003	0.01	2152.25	1659.59	60	5324	
0.4	5.4	49	719	6	3	45	143892	45	143892	0.00891111	0.00296818	0.003	0.017	3197.6	2315.23	60	9422	
0.4	5.4	39	720	10	3	269	350456	269	350456	0.0048736	0.00310494	0.003	0.01	1302.81	874.017	17	4395	
0.4	5.4	33	721	13	3	183	520869	183	520869	0.00495082	0.00347246	0.003	0.017	2846.28	2232.86	60	9422	
0.4	5.4	43	722	14	3	34	87692	34	87692	0.0087647	0.00270867	0.003	0.01	2579.18	2361.5	60	9422	
0.4	5.4	39	723	83	3	206	208565	207	210340	0.00580676	0.00364057	0.003	0.017	1016.14	886.82	60	9422	
0.4	5.4	13	724	10	3	166	441100	166	441100	0.0071747	0.00361305	0.003	0.017	2657.23	2203.9	60	9422	
0.4	5.4	30	725	14	3	138	407323	138	407323	0.00812319	0.00322502	0.003	0.017	2951.62	1849.88	60	9422	
0.4	5.4	9	726	6	3	154	478928	155	480112	0.00796774	0.00338142	0.003	0.017	3097.5	1983.71	60	9422	
0.4	5.4	51	727	2	3	1	60	1	60	0.003	0	0.003	0.003	60	0	60	60	
0.4	5.4	49	728	12	3	143	477009	142	476417	0.00654929	0.00351204	0.003	0.01	3355.05	2693.26	45	9422	
0.4	5.4	17	729	15	3	129	538399	129	538399	0.00565891	0.00341068	0.003	0.01	4173.64	2416.36	45	9422	
0.4	5.4	26	730	7	3	103	424553	103	424553	0.00660194	0.00364971	0.003	0.017	4121.87	3131.21	45	9422	
0.4	5.4	41	732	74	3	3	180	3	180	0.00766667	0.00404145	0.003	0.01	60	0	60	60	
0.4	5.4	55	733	13	3	183	237724	183	237724	0.00655738	0.00474813	0.003	0.017	1299.04	1387.14	43	8873	
0.4	5.4	31	734	15	3	91	298337	91	298337	0.00669231	0.00351407	0.003	0.01	3278.43	2148.19	45	9422	
0.4	5.4	10	735	9	3	81	99676	81	99676	0.003	0	0.003	0.003	1230.57	934.404	60	4395	
0.4	5.4	55	737	35	3	197	192671	197	192671	0.00733502	0.00491036	0.003	0.024	978.025	882.138	46	7099	
0.4	5.4	20	738	27	3	90	327448	90	327448	0.003	0	0.003	0.003	3638.31	2816.99	45	9422	
0.4	5.4	48	739	21	3	10	21420	10	21420	0.01	0	0.01	0.01	2142	1551.72	60	4395	
0.4	5.4	2	740	25	3	123	404838	124	406022	0.0066129	0.00351237	0.003	0.01	3274.37	2282.05	60	9422	
0.4	5.4	48	742	1	3	76	128057	76	128057	0.00843421	0.00335196	0.003	0.017	1684.96	1379.98	36	5324	
0.4	5.4	45	747	23	3	55	190038	55	190038	0.00770909	0.0033148	0.003	0.01	3455.24	2324.21	60	9422	
0.4	5.4	39	749	71	3	223	365548	221	363179	0.00559728	0.00382168	0.003	0.017	1643.34	1524.14	26	9422	
0.4	5.4	34	752	43	3	127	164885	127	164885	0.00625197	0.00350503	0.003	0.01	1298.31	1566.81	60	9422	
0.4	5.4	15	753	10	3	52	132673	52	132673	0.00663461	0.00353153	0.003	0.01	2551.4	2419	60	9422	
0.4	5.4	2	755	4	3	1	60	1	60	0.01	0	0.01	0.01	60	0	60	60	
0.4	5.4	54	757	17	3	136	394322	137	396539	0.00453285	0.0029055	0.003	0.01	2894.45	1918.33	23	9422	
0.4	5.4	7	758	3	3	68	305990	67	298891	0.00467164	0.003007	0.003	0.01	4461.06	2548.38	60	9422	
0.4	5.4	13	759	18	3	31	55747	31	55747	0.00706452	0.00394914	0.003	0.017	1798.29	1342.77	60	5324	
0.4	5.4	56	760	4	3	138	184883	138	184883	0.00573913	0.00363138	0.003	0.017	1339.73	1228.75	34	6610	
0.4	5.4	2	761	16	3	107	126230	107	126230	0.00679439	0.00399702	0.003	0.017	1179.72	1177.54	30	9422	
0.4	5.4	37	762	28	3	179	298548	177	292029	0.00529378	0.00337834	0.003	0.017	1649.88	1185.3	31	9422	
0.4	5.4	37	764	49	3	74	130343	74	130343	0.00687838	0.00386751	0.003	0.017	1761.39	1275.65	60	7099	
0.4	5.4	45	765	20	3	192	668253	191	667661	0.00607853	0.00355692	0.003	0.017	3495.61	2583.4	45	9422	
0.4	5.4	36	768	6	3	28	56936	28	56936	0.00825	0.00308671	0.003	0.01	2033.43	2035.62	60	9422	
0.4	5.4	52	769	62	3	2	120	2	120	0.01	0.00989949	0.003	0.017	60	0	60	60	
0.4	5.4	32	771	19	3	108	302603	108	302603	0.00449074	0.00287917	0.003	0.01	2801.88	2004.95	57	9422	
0.4	5.4	34	772	5	3	220	157912	219	156728	0.00619635	0.00435393	0.003	0.017	715.653	750.433	5	6507	
0.4	5.4	52	775	18	3	117	220394	117	220394	0.003	0	0.003	0.003	1883.71	1813.46	60	9422	
0.4	5.4	41	776	70	3	253	257462	253	257462	0.00518577	0.00342509	0.003	0.017	1017.64	1053.76	14	9422	
0.4	5.4	52	777	6	3	1	60	1	60	0.01	0	0.01	0.01	60	0	60	60	
0.4	5.4	30	780	1	3	105	387667	105	387667	0.00773333	0.00343138	0.003	0.017	3692.07	2567.17	45	9422	
0.4	5.4	54	781	3	3	53	80618	53	80618	0.003	0	0.003	0.003	1521.09	955.76	32	3550	
0.4	5.4	57	783	13	3	83	284704	82	281154	0.00743902	0.00339243	0.003	0.01	3428.71	2121.78	45	9422	
0.4	5.4	50	787	13	3	4	240	4	240	0.00825	0.0035	0.003	0.01	60	0	60	60	
0.4	5.4	23	788	12	3	158	436829	158	436829	0.0064557	0.0040089	0.003	0.017	2764.74	1742.81	60	9422	
0.4	5.4	1	790	13	3	70	226719	70	226719	0.0078	0.00327308	0.003	0.01	3238.84	2061.31	60	9422	
0.4	5.4	49	791	11	3	27	65794	27	65794	0.003	0	0.003	0.003	2436.81	1507.01	60	5324	
0.4	5.4	25	792	3	3	1	60	1	60	0.01	0	0.01	0.01	60	0	60	60	
0.4	5.4	43	794	8	3	87	272285	87	272285	0.00758621	0.00334647	0.003	0.01	3129.71	2735.24	45	9422	
0.4	5.4	33	795	20	3	96	271109	96	271109	0.00628125	0.00351149	0.003	0.01	2824.05	2549.28	60	9422	
0.4	5.4	45	796	16	3	33	66990	33	66990	0.00745454	0.00341953	0.003	0.01	2030	2461.96	60	9422	
0.4	5.4	13	797	17	3	167	568736	167	568736	0.00710778	0.00345719	0.003	0.01	3405.6	2600.7	45	9422	
0.4	5.4	36	798	1	3	30	42730	30	42730	0.0044	0.00284787	0.003	0.01	1424.33	767.169	60	2958	
0.4	5.4	34	799	51	3	281	229474	281	229474	0.00519217	0.00335816	0.003	0.017	816.633	705.191	24	4141	
0.4	5.4	44	800	7	3	103	431419	103	431419	0.00823301	0.0030557	0.003	0.01	4188.53	2940.1	45	9422	
0.4	5.4	49	803	2	3	1	60	1	60	0.003	0	0.003	0.003	60	0	60	60	
0.4	5.4	17	805	12	3	4	3667	4	3667	0.00475	0.0035	0.003	0.01	916.75	733.545	60	1775	
0.4	5.4	37	806	47	3	47	65251	47	65251	0.00553191	0.00397739	0.003	0.017	1388.32	1098.17	38	4395	
0.4	5.4	5	808	8	3	62	154668	63	157035	0.00588889	0.00347392	0.003	0.01	2492.62	2059.18	45	9422	
0.4	5.4	19	809	11	3	29	84791	29	84791	0.003	0	0.003	0.003	2923.83	2113.24	60	9422	
0.4	5.4	5	811	13	3	62	155370	62	155370	0.00932258	0.00208644	0.003	0.01	2505.97	1903.03	60	8282	
0.4	5.4	56	815	24	3	104	269028	104	269028	0.00306731	0.000686406	0.003	0.01	2586.81	2461.18	45	9422	
0.4	5.4	39	816	54	3	318	327921	318	327921	0.00528931	0.0033818	0.003	0.017	1031.2	754.58	6	4587	
0.4	5.4	27	819	2	3	98	400663	98	400663	0.00407143	0.00253328	0.003	0.01	4088.4	2486.1	60	9422	
0.4	5.4	39	820	76	3	294	266174	293	264338	0.00672696	0.00493178	0.003	0.024	902.177	893.937	13	6087	
0.4	5.4	35	821	7	3	2	120	2	120	0.003	0	0.003	0.003	60	0	60	60	
0.4	5.4	10	822	11	3	160	470778	160	470778	0.0071125	0.00387702	0.003	0.017	2942.36	2646.58	25	9422	
0.4	5.4	52	823	19	3	144	131628	144	131628	0.00523611	0.00337822	0.003	0.017	914.083	671.444	60	4395	
0.4	5.4	26	824	16	3	34	109577	34	109577	0.00588235	0.00349688	0.003	0.01	3222.85	2698.28	60	9422	
0.4	5.4	8	827	25	3	120	329699	118	321416	0.00786441	0.00323685	0.003	0.01	2723.86	1859.02	60	9422	
0.4	5.4	48	828	10	3	24	58113	24	58113	0.00620833	0.00356284	0.003	0.01	2421.38	2037.76	60	8030	
0.4	5.4	49	829	14	3	119	284762	119	284762	0.00805882	0.00363666	0.003	0.017	2392.96	1673.24	36	8282	
0.4	5.4	39	830	65	3	69	65348	69	65348	0.00492754	0.00314978	0.003	0.01	947.072	624.382	60	3550	
0.4	5.4	1	831	14	3	153	517109	153	517109	0.00743791	0.00338307	0.003	0.01	3379.8	2376.98	45	9422	
0.4	5.4	32	832	12	3	72	204845	72	204845	0.00756944	0.0035557	0.003	0.017	2845.07	2071.26	45	9422	
0.4	5.4	41	833	2	3	132	287188	132	287188	0.003	0	0.003	0.003	2175.67	1894.8	60	9422	
0.4	5.4	34	837	47	3	65	77805	65	77805	0.00493846	0.00315672	0.003	0.01	1197	1054.81	31	4395	
0.4	5.4	55	838	27	3	215	273789	215	273789	0.00570232	0.003736	0.003	0.017	1273.44	986.69	60	4733	
0.4	5.4	39	842	72	3	41	64647	41	64647	0.003	0	0.003	0.003	1576.76	1161.92	60	4395	
0.4	5.4	30	844	13	3	48	141541	48	141541	0.00927083	0.00259901	0.003	0.017	2948.77	2496.85	60	9422	
0.4	5.4	25	846	5	3	170	775280	170	775280	0.00349412	0.00179825	0.003	0.01	4560.47	2945.08	45	9422	
0.4	5.4	31	848	6	3	47	161056	46	156323	0.00665217	0.00353533	0.003	0.01	3398.33	2310.29	57	9422	
0.4	5.4	22	849	13	3	5	300	5	300	0.0072	0.00383406	0.003	0.01	60	0	60	60	
0.4	5.4	23	850	15	3	51	94252	51	94252	0.0072549	0.0046598	0.003	0.017	1848.08	1619.18	60	8873	
0.4	5.4	24	852	21	3	137	499718	137	499718	0.00908029	0.00252067	0.003	0.017	3647.58	2704.95	13	9422	
0.4	5.4	31	853	2	3	115	345191	115	345191	0.00780869	0.00326033	0.003	0.01	3001.66	2408.89	36	9422	
0.4	5.4	2	854	28	3	82	148690	82	148690	0.00573171	0.00343565	0.003	0.01	1813.29	1147.58	60	7099	
0.4	5.4	56	857	1	3	148	421307	148	421307	0.00413513	0.00258896	0.003	0.01	2846.67	1871.15	60	8282	
0.4	5.4	47	858	11	3	105	323176	105	323176	0.0066	0.00351535	0.003	0.01	3077.87	2272.08	60	9422	
0.4	5.4	38	859	4	3	115	233315	114	232131	0.00717544	0.00357287	0.003	0.017	2036.24	1596.1	60	7690	
0.4	5.4	20	862	23	3	25	61064	25	61064	0.00636	0.00356931	0.003	0.01	2442.56	2494.84	60	9422	
0.4	5.4	31	863	12	3	65	149950	65	149950	0.0086	0.00282179	0.003	0.01	2306.92	2591.77	60	9422	
0.4	5.4	57	864	8	3	15	45676	15	45676	0.00766667	0.00341565	0.003	0.01	3045.07	3230.42	60	9422	
0.4	5.4	16	865	1	3	102	291921	102	291921	0.00897059	0.00249139	0.003	0.01	2861.97	2862.13	45	9422	
0.4	5.4	47	866	1	3	103	306144	103	306144	0.00802913	0.00316369	0.003	0.01	2972.27	2316.78	45	9422	
0.4	5.4	41	867	15	3	4	240	4	240	0.0065	0.00404145	0.003	0.01	60	0	60	60	
0.4	5.4	44	868	11	3	78	161069	78	161069	0.00820513	0.00307634	0.003	0.01	2064.99	2167.61	36	9422	
0.4	5.4	26	872	11	3	31	75257	31	75257	0.00458064	0.00297517	0.003	0.01	2427.65	1772.3	60	7099	
0.4	5.4	41	874	45	3	217	368507	217	368507	0.003	0	0.003	0.003	1698.19	1554.06	45	9422	
0.4	5.4	56	876	16	3	218	326003	218	326003	0.00572936	0.00385631	0.003	0.017	1495.43	1389.35	60	9422	
0.4	5.4	41	878	44	3	294	189827	292	188793	0.00556507	0.00384483	0.003	0.017	646.551	727.63	53	8079	
0.4	5.4	33	879	24	3	25	39782	25	39782	0.00692	0.00455448	0.003	0.017	1591.28	1210.16	60	4733	
0.4	5.4	29	880	9	3	77	140476	77	140476	0.00863636	0.00279053	0.003	0.01	1824.36	2048.39	60	9422	
0.4	5.4	34	882	66	3	225	280375	224	278600	0.00584375	0.0036319	0.003	0.017	1243.75	1293.27	4	9422	
0.4	5.4	39	883	47	3	8	8997	8	8997	0.0065	0.00374166	0.003	0.01	1124.62	649.038	60	1836	
0.4	5.4	53	884	11	3	59	173598	59	173598	0.003	0	0.003	0.003	2942.34	2208.74	60	8873	
0.4	5.4	41	886	36	3	1	60	1	60	0.01	0	0.01	0.01	60	0	60	60	
0.4	5.4	41	888	72	3	274	499754	274	499754	0.00409854	0.00255083	0.003	0.01	1823.92	1659.87	55	9422	
0.4	5.4	15	889	1	3	6	5444	6	5444	0.00533333	0.00361478	0.003	0.01	907.333	706.249	60	1775	
0.4	5.4	19	890	4	3	69	259272	69	259272	0.003	0	0.003	0.003	3757.57	2267.96	60	9422	
0.4	5.4	4	892	18	3	262	668137	262	666954	0.00676717	0.00349647	0.003	0.01	2545.63	2177.9	60	9422	
0.4	5.4	28	893	3	3	3	180	3	180	0.00533333	0.00404145	0.003	0.01	60	0	60	60	
0.4	5.4	12	895	2	3	55	160471	54	158104	0.0065	0.00353286	0.003	0.01	2927.85	1991.89	60	9422	
0.4	5.4	29	896	10	3	1	60	1	60	0.01	0	0.01	0.01	60	0	60	60	
0.4	5.4	29	897	22	3	139	441634	139	441634	0.00491367	0.00313115	0.003	0.01	3177.22	2817.29	45	9422	
0.4	5.4	38	898	23	3	155	458707	154	458115	0.007	0.00365506	0.003	0.017	2974.77	2112.58	45	9422	
0.4	5.4	4	899	11	3	35	74104	35	74104	0.0082	0.00490378	0.003	0.017	2117.26	1490.62	60	5664	
0.4	5.4	5	900	2	3	124	393001	124	393001	0.00785484	0.00324023	0.003	0.01	3169.36	2430.54	45	9422	
0.4	5.4	7	903	9	3	76	191851	76	191851	0.00760526	0.00334297	0.003	0.01	2524.36	1745.75	45	9422	
0.4	5.4	49	906	13	3	44	106743	43	104376	0.00593023	0.00349418	0.003	0.01	2427.35	2393.35	60	9422	
0.4	5.4	41	907	3	3	6	360	6	360	0.00416667	0.00285774	0.003	0.01	60	0	60	60	
0.4	5.4	55	908	28	3	150	119839	150	119839	0.00589333	0.0040701	0.003	0.017	798.927	646.022	18	3550	
0.4	5.4	41	909	28	3	242	282163	242	282163	0.00493802	0.00313862	0.003	0.01	1165.96	1034.19	35	6728	
0.4	5.4	18	910	5	3	163	593665	163	593665	0.0078957	0.00321956	0.003	0.01	3642.12	2658.23	45	9422	
0.4	5.4	38	911	25	3	92	217903	92	217903	0.00779348	0.00373148	0.003	0.017	2368.51	1572.81	60	7690	
0.4	5.4	30	912	7	3	37	94433	37	94433	0.00886486	0.00261579	0.003	0.01	2552.24	2494.39	60	9422	
0.4	5.4	52	914	23	3	277	384553	277	384553	0.00484476	0.00308944	0.003	0.01	1388.28	1188.38	5	9422	
0.4	5.4	37	917	12	3	80	84203	80	84203	0.0058875	0.00346773	0.003	0.01	1052.54	435.542	31	1836	
0.4	5.4	2	918	9	3	13	12072	13	12072	0.00730769	0.00354459	0.003	0.01	928.615	947.325	60	3550	
0.4	5.4	39	920	40	3	257	246109	257	246109	0.00531517	0.00329978	0.003	0.01	957.623	637.098	10	3491	
0.4	5.4	12	921	10	3	122	347654	122	347654	0.003	0	0.003	0.003	2849.62	2450.97	45	9422	
0.4	5.4	33	923	21	3	79	197771	80	198304	0.003875	0.00232964	0.003	0.01	2478.8	2042.53	60	9422	
0.4	5.4	54	926	13	3	142	345858	142	345858	0.00699296	0.00347738	0.003	0.01	2435.62	2035.32	36	9422	
0.4	5.4	45	929	21	3	2	120	2	120	0.0135	0.00494975	0.01	0.017	60	0	60	60	
0.4	5.4	33	930	22	3	70	150451	70	150451	0.0056	0.00340673	0.003	0.01	2149.3	1899.81	60	9422	
0.4	5.4	41	932	55	3	96	67708	96	67708	0.00496875	0.00375977	0.003	0.017	705.292	992.993	60	8873	
0.4	5.4	2	935	35	3	62	112587	62	112587	0.00706452	0.00348237	0.003	0.01	1815.92	1171.69	52	4733	
0.4	5.4	56	937	22	3	166	469530	166	469530	0.0050241	0.0031832	0.003	0.01	2828.49	2255.48	45	9422	
0.4	5.4	8	938	13	3	161	669379	161	669379	0.00560869	0.00339517	0.003	0.01	4157.63	2838.93	45	9422	
0.4	5.4	52	939	12	3	1	60	1	60	0.01	0	0.01	0.01	60	0	60	60	
0.4	5.4	46	941	11	3	16	42132	16	42132	0.0078125	0.00335099	0.003	0.01	2633.25	2526.05	60	9422	
0.4	5.4	55	943	26	3	157	118712	157	118712	0.00545223	0.00410822	0.003	0.024	756.127	784.251	49	4736	
0.4	5.4	41	944	32	3	278	272963	276	270293	0.00573913	0.00372179	0.003	0.017	979.322	1257.3	44	9422	
0.4	5.4	36	946	9	3	122	505492	122	505492	0.00804918	0.0032774	0.003	0.017	4143.38	2751.99	60	9422	
0.4	5.4	6	949	12	3	132	499465	133	504789	0.0078421	0.00324467	0.003	0.01	3795.41	2795.24	36	9422	
0.4	5.4	37	952	66	3	33	42748	33	42748	0.00533333	0.00335099	0.003	0.01	1295.39	1595.88	26	9422	
0.4	5.4	26	953	3	3	5	300	5	300	0.0086	0.0031305	0.003	0.01	60	0	60	60	
0.4	5.4	38	954	14	3	18	32665	17	28524	0.00547059	0.00344815	0.003	0.01	1677.88	1281.33	60	4141	
0.4	5.4	7	955	10	3	139	491787	139	491787	0.00622302	0.00350164	0.003	0.01	3538.04	2374.9	45	9422	
0.4	5.4	23	957	19	3	161	503655	161	503655	0.00473913	0.00303423	0.003	0.01	3128.29	1936.2	60	9422	
0.4	5.4	42	958	5	3	81	198347	81	198347	0.00948148	0.00266041	0.003	0.017	2448.73	2221.51	45	9422	
0.4	5.4	14	959	7	3	92	285070	92	285070	0.00528261	0.00329944	0.003	0.01	3098.59	2401.18	60	9422	
0.4	5.4	19	960	5	3	138	594104	138	594104	0.003	0	0.003	0.003	4305.1	2570.12	45	9422	
0.4	5.4	26	962	15	3	90	339240	90	339240	0.00797778	0.00335863	0.003	0.017	3769.33	2736.29	45	9422	
0.4	5.4	24	964	12	3	69	295924	69	295924	0.00898551	0.00248225	0.003	0.01	4288.75	2733.97	45	9422	
0.4	5.4	50	965	3	3	103	258827	103	258827	0.00327184	0.00135902	0.003	0.01	2512.88	2131.17	60	9422	
0.4	5.4	31	968	1	3	59	140475	59	140475	0.003	0	0.003	0.003	2380.93	2303.72	60	9422	
0.4	5.4	40	969	9	3	197	571160	196	568793	0.00728571	0.0034194	0.003	0.01	2902.01	2205.18	9	9422	
0.4	5.4	5	971	22	3	92	285558	92	285558	0.00779348	0.00343075	0.003	0.017	3103.89	2245.27	36	9422	
0.4	5.4	5	972	15	3	1	60	1	60	0.003	0	0.003	0.003	60	0	60	60	
0.4	5.4	12	973	1	3	99	304357	99	304357	0.00462626	0.00297124	0.003	0.01	3074.31	2148.79	60	9422	
0.4	5.4	55	975	41	3	278	491124	279	495429	0.00533333	0.00356239	0.003	0.017	1775.73	2111.58	34	9422	
0.4	5.4	38	976	19	3	111	413224	110	412040	0.00503636	0.00319382	0.003	0.01	3745.82	3148.72	45	9422	
0.4	5.4	21	977	9	3	153	343520	153	343520	0.00812418	0.0035006	0.003	0.017	2245.23	1936.16	60	9422	
0.4	5.4	42	978	2	3	63	170049	63	170049	0.006	0.00349193	0.003	0.01	2699.19	1885.51	60	6507	
0.4	5.4	3	979	8	3	73	153387	73	153387	0.00750685	0.00357119	0.003	0.017	2101.19	1783.49	36	9422	
0.4	5.4	37	980	35	3	2	120	2	120	0.0065	0.00494975	0.003	0.01	60	0	60	60	
0.4	5.4	25	981	14	3	99	242250	99	242250	0.00731313	0.00342156	0.003	0.01	2446.97	2252.39	45	9422	
0.4	5.4	2	983	11	3	67	101934	67	101934	0.00634328	0.00352288	0.003	0.01	1521.4	987.185	38	4918	
0.4	5.4	4	984	9	3	173	534926	174	539659	0.00617816	0.00349523	0.003	0.01	3101.49	1910.2	57	9422	
0.4	5.4	41	985	21	3	3	180	3	180	0.00766667	0.00404145	0.003	0.01	60	0	60	60	
0.4	5.4	54	986	21	3	142	279491	142	279491	0.00773239	0.00377922	0.003	0.017	1968.25	1397.37	28	9422	
0.4	5.4	15	987	2	3	7	5446	7	5446	0.006	0.00374166	0.003	0.01	778	715.521	60	1775	
0.4	5.4	27	988	12	3	161	584680	161	584680	0.00773913	0.00346504	0.003	0.017	3631.55	2468.76	45	9422	
0.4	5.4	34	989	61	3	1	60	1	60	0.003	0	0.003	0.003	60	0	60	60	
0.4	5.4	25	990	18	3	57	224944	57	224944	0.003	0	0.003	0.003	3946.39	2815.77	45	9422	
0.4	5.4	36	991	8	3	36	106031	36	106031	0.00377778	0.00223109	0.003	0.01	2945.31	2367.26	60	9422	
0.4	5.4	40	992	1	3	41	127332	41	127332	0.00658536	0.00354243	0.003	0.01	3105.66	2833.02	60	9422	
0.4	5.4	1	993	12	3	16	39758	16	39758	0.007375	0.0035	0.003	0.01	2484.88	2827.88	60	9422	
0.4	5.4	34	994	14	3	3	180	3	180	0.00766667	0.00404145	0.003	0.01	60	0	60	60	
0.4	5.4	19	995	14	3	80	247079	79	243529	0.00556962	0.00339564	0.003	0.01	3082.65	2259.54	60	9422	
0.4	5.4	49	996	10	3	67	168184	66	161085	0.00809091	0.00358942	0.003	0.017	2440.68	1962.58	36	8873	
0.4	5.4	38	999	12	3	103	262524	103	262524	0.00327184	0.00135902	0.003	0.01	2548.78	2298.93	60	9422	
0.4	5.4	35	1000	11	3	23	84133	22	77034	0.00840909	0.00300252	0.003	0.01	3501.55	2068.05	60	6882	
0.4	5.4	38	1001	15	3	93	187152	92	185968	0.00596739	0.00377514	0.003	0.017	2021.39	1720.77	60	8873	
0.4	5.4	40	1002	22	3	192	532699	193	532951	0.00782383	0.00354877	0.003	0.017	2761.4	1929.22	36	9422	
0.4	5.4	52	1003	29	3	348	509443	348	509443	0.00505172	0.00319089	0.003	0.01	1463.92	1379.35	60	9422	
0.4	5.4	37	1004	54	3	204	318411	204	318411	0.00612255	0.0038812	0.003	0.017	1560.84	1239.33	18	9422	
0.4	5.4	33	1010	8	3	158	481407	157	480223	0.00420382	0.00264996	0.003	0.01	3058.75	2084.83	60	9422	
0.4	5.4	52	1011	14	3	255	312884	255	312884	0.00604706	0.00379569	0.003	0.017	1227	898.19	60	5861	
0.4	5.4	52	1014	8	3	79	59463	77	55913	0.00509091	0.00322483	0.003	0.01	726.143	497.557	28	2854	
0.4	5.4	1	1015	11	3	34	72849	34	72849	0.00773529	0.00332401	0.003	0.01	2142.62	1326.6	60	4904	
0.4	5.4	11	1016	14	3	157	546930	157	546930	0.00817197	0.003282	0.003	0.017	3483.63	2454.68	45	9422	
0.4	5.4	55	1018	1	3	1	60	1	60	0.003	0	0.003	0.003	60	0	60	60	
0.4	5.4	34	1019	52	3	524	502875	524	502875	0.00568511	0.00412821	0.003	0.017	959.685	1214.5	31	9422	
0.4	5.4	20	1021	28	3	14	32073	11	21421	0.00681818	0.00365563	0.003	0.01	1947.36	1296.87	60	3822	
0.4	5.4	54	1024	14	3	275	439619	276	442580	0.00728623	0.00425308	0.003	0.017	1603.55	1558.21	26	9092	
0.4	5.4	29	1025	3	3	1	60	1	60	0.01	0	0.01	0.01	60	0	60	60	
0.4	5.4	52	1027	9	3	336	415185	336	415185	0.0059375	0.00378279	0.003	0.017	1235.67	1433.08	47	9422	
0.4	5.4	45	1029	3	3	125	442688	125	442688	0.003	0	0.003	0.003	3541.5	2278.68	45	9422	
0.4	5.4	42	1030	11	3	65	174667	65	174667	0.00924615	0.00218683	0.003	0.01	2687.18	1957.21	60	8282	
0.4	5.4	32	1031	20	3	182	654763	181	654369	0.00559116	0.00338932	0.003	0.01	3615.3	2707.26	45	9422	
0.4	5.4	41	1032	22	3	243	393925	243	393925	0.00493004	0.00313459	0.003	0.01	1621.09	1654.85	60	9422	
0.4	5.4	20	1033	13	3	123	372405	124	372997	0.00616129	0.0034977	0.003	0.01	3008.04	2425.88	57	9422	
0.4	5.4	37	1036	67	3	21	16816	21	16816	0.00533333	0.00338132	0.003	0.01	800.762	574.185	56	1775	
0.4	5.4	19	1039	19	3	141	462333	141	462333	0.00910638	0.0023443	0.003	0.01	3278.96	1953.23	26	9422	
0.4	5.4	11	1040	8	3	33	85556	33	85556	0.00681818	0.00353955	0.003	0.01	2592.61	2141.08	60	8873	
0.4	5.4	20	1041	29	3	154	552757	153	550390	0.00789542	0.00322034	0.003	0.01	3597.32	2211.65	60	9422	
0.4	5.4	37	1042	16	3	1	60	1	60	0.003	0	0.003	0.003	60	0	60	60	
0.4	5.4	23	1046	24	3	47	141535	47	141535	0.00434042	0.00278409	0.003	0.01	3011.38	2753.65	45	9422	
0.4	5.4	42	1047	3	3	21	34441	21	34441	0.01	0.00442719	0.003	0.024	1640.05	879.945	60	3550	
0.4	5.4	19	1048	21	3	1	60	1	60	0.01	0	0.01	0.01	60	0	60	60	
0.4	5.4	33	1049	26	3	8	14318	8	14318	0.003	0	0.003	0.003	1789.75	1822.63	60	5324	
0.4	5.4	47	1051	13	3	110	350039	110	350039	0.00586364	0.00345741	0.003	0.01	3182.17	2560.28	45	9422	
0.4	5.4	26	1052	9	3	112	330992	113	336316	0.00876106	0.00268353	0.003	0.01	2976.25	2179.42	60	9422	
0.4	5.4	46	1053	2	3	17	41538	17	41538	0.00752941	0.00344815	0.003	0.01	2443.41	2290.38	60	7099	
0.4	5.4	48	1055	17	3	103	240482	103	240482	0.00768932	0.00384511	0.003	0.017	2334.78	2085.78	60	9422	
0.4	5.4	24	1056	19	3	78	252990	78	252990	0.003	0	0.003	0.003	3243.46	2760.55	60	9422	
0.4	5.4	3	1057	9	3	137	316255	137	316255	0.00734306	0.00361459	0.003	0.017	2308.43	1924.36	60	9422	
0.4	5.4	43	1059	1	3	47	164001	47	164001	0.00761702	0.00335283	0.003	0.01	3489.38	1768.17	36	6507	
0.4	5.4	24	1060	22	3	84	333797	84	333797	0.00891667	0.00254695	0.003	0.01	3973.77	2353.51	60	9422	
0.4	5.4	8	1061	11	3	203	798383	203	798383	0.00524138	0.00327394	0.003	0.01	3932.92	2772.9	45	9422	
0.4	5.4	39	1062	11	3	2	120	2	120	0.0065	0.00494975	0.003	0.01	60	0	60	60	
0.4	5.4	44	1063	3	3	3	1244	3	1244	0.00766667	0.00404145	0.003	0.01	414.667	307.15	60	592	
0.4	5.4	8	1064	2	3	87	207206	86	206022	0.00894186	0.00252216	0.003	0.01	2395.6	2271.69	60	9422	
0.4	5.4	4	1065	26	3	90	228650	90	228650	0.00688889	0.0037996	0.003	0.017	2540.56	1747.58	60	7099	
0.4	5.4	29	1067	21	3	130	571037	130	571037	0.00402308	0.00248239	0.003	0.01	4392.59	2733.8	45	9422	
0.4	5.4	21	1068	26	3	68	154808	68	154808	0.0070147	0.00369143	0.003	0.017	2276.59	1908.88	60	9422	
0.4	5.4	53	1069	13	3	93	197783	94	198171	0.00873404	0.00355048	0.003	0.017	2108.2	1419.58	36	7099	
0.4	5.4	53	1070	1	3	163	557985	163	557985	0.00652147	0.00351072	0.003	0.01	3423.22	2287.86	45	9422	
0.4	5.4	40	1071	3	3	150	529306	150	529306	0.00636	0.00350891	0.003	0.01	3528.71	2923.8	45	9422	
0.4	5.4	2	1072	13	3	225	439819	226	441003	0.00684071	0.00367349	0.003	0.017	1951.34	1949.62	11	9422	
0.4	5.4	52	1073	61	3	193	172187	193	172187	0.00550259	0.00372369	0.003	0.017	892.161	794.465	11	4904	
0.4	5.4	20	1075	2	3	13	29109	13	29109	0.01	0.00285774	0.003	0.017	2239.15	2190.39	60	7099	
0.4	5.4	55	1076	24	3	204	339340	204	339340	0.00492157	0.00313155	0.003	0.01	1663.43	1510.33	6	6988	
0.4	5.4	28	1077	1	3	52	120244	52	120244	0.00367308	0.00208375	0.003	0.01	2312.38	1953.63	60	9422	
0.4	5.4	41	1079	35	3	272	303424	272	303424	0.00513603	0.00322923	0.003	0.01	1115.53	1195.85	32	9422	
0.4	5.4	12	1080	3	3	38	113719	37	110169	0.00810811	0.00315158	0.003	0.01	2977.54	2609.44	60	9422	
0.4	5.4	57	1081	14	3	108	372407	108	372407	0.00740741	0.00339609	0.003	0.01	3448.21	2262.13	45	9422	
0.4	5.4	13	1082	11	3	3	180	3	180	0.01	0	0.01	0.01	60	0	60	60	
0.4	5.4	52	1083	21	3	64	55219	64	55219	0.00453125	0.00291667	0.003	0.01	862.797	564.554	60	3203	
0.4	5.4	38	1085	16	3	26	72902	26	72902	0.00434615	0.00281343	0.003	0.01	2803.92	1601.6	60	5916	
0.4	5.4	39	1086	3	3	2	120	2	120	0.003	0	0.003	0.003	60	0	60	60	
0.4	5.4	13	1088	4	3	79	144508	79	144508	0.00716456	0.00345829	0.003	0.01	1829.22	1839.35	60	9422	
0.4	5.4	35	1090	5	3	29	107202	28	104244	0.00925	0.00220479	0.003	0.01	3723	2836.99	60	9422	
0.4	5.4	28	1092	7	3	4	3667	4	3667	0.00825	0.0035	0.003	0.01	916.75	733.545	60	1775	
0.4	5.4	18	1094	9	3	93	353911	93	353911	0.00841935	0.00294265	0.003	0.01	3805.49	2150.88	60	9422	
0.4	5.4	41	1097	13	3	1	60	1	60	0.003	0	0.003	0.003	60	0	60	60	
0.4	5.4	25	1098	11	3	85	214929	85	214929	0.00818823	0.00308411	0.003	0.01	2528.58	1933.6	57	9422	
0.4	5.4	39	1100	37	3	140	95552	140	95552	0.00475	0.00304197	0.003	0.01	682.514	455.329	60	1980	
0.4	5.4	39	1102	33	3	116	207322	116	207322	0.003	0	0.003	0.003	1787.26	1556.68	35	9422	
0.4	5.4	23	1103	6	3	125	283815	125	283815	0.00776	0.00362206	0.003	0.017	2270.52	1940.41	60	9422	
0.4	5.4	27	1105	9	3	1	60	1	60	0.017	0	0.017	0.017	60	0	60	60	
0.4	5.4	40	1106	4	3	90	304832	90	304832	0.00657778	0.00351874	0.003	0.01	3387.02	2659.18	45	9422	
0.4	5.4	34	1107	17	3	55	47534	55	47534	0.0044	0.00282581	0.003	0.01	864.255	855.168	43	5652	
0.4	5.4	23	1108	4	3	113	342239	113	342239	0.00609734	0.00349225	0.003	0.01	3028.66	2046.02	60	9422	
0.4	5.4	11	1109	9	3	4	3667	4	3667	0.01	0	0.01	0.01	916.75	733.545	60	1775	
0.4	5.4	39	1110	46	3	144	186055	144	186055	0.00543055	0.00344518	0.003	0.017	1292.05	951.485	60	5324	
0.4	5.4	2	1111	20	3	116	238268	116	238268	0.00613793	0.00349632	0.003	0.01	2054.03	1919.25	53	8873	
0.4	5.4	34	1113	23	3	368	514724	368	514724	0.005625	0.00383667	0.003	0.017	1398.71	1783.06	33	9422	
0.4	5.4	34	1115	40	3	332	286668	332	286668	0.00470783	0.00305966	0.003	0.017	863.458	896.212	4	7099	
0.4	5.4	52	1116	13	3	4	240	4	240	0.0065	0.00404145	0.003	0.01	60	0	60	60	
0.4	5.4	25	1118	9	3	132	387710	132	387710	0.00708333	0.00346419	0.003	0.01	2937.2	2638.42	43	9422	
0.4	5.4	14	1119	20	3	27	62257	27	62257	0.00585185	0.00350498	0.003	0.01	2305.81	1591.57	60	7099	
0.4	5.4	13	1120	16	3	80	292391	80	292391	0.003	0	0.003	0.003	3654.89	2007.02	60	9422	
0.4	5.4	57	1123	9	3	104	411429	104	411429	0.003	0	0.003	0.003	3956.05	2349.51	60	9422	
0.4	5.4	40	1126	10	3	121	425555	121	425555	0.00386777	0.0023164	0.003	0.01	3516.98	2464.79	45	9422	
0.4	5.4	45	1128	1	3	150	524469	150	524469	0.003	0	0.003	0.003	3496.46	2190.94	45	9422	
0.4	5.4	33	1129	1	3	121	445166	121	445166	0.00357851	0.00193542	0.003	0.01	3679.06	2566.58	32	9422	
0.4	5.4	44	1132	1	3	111	430239	111	430239	0.00728829	0.00342554	0.003	0.01	3876.03	2779.9	45	9422	
0.4	5.4	39	1136	45	3	7	4262	7	4262	0.007	0.00374166	0.003	0.01	608.857	326.61	60	1184	
0.4	5.4	3	1137	23	3	27	53968	27	53968	0.00688889	0.00354459	0.003	0.01	1998.81	1196.16	60	5324	
0.4	5.4	12	1138	12	3	51	160455	51	160455	0.00505882	0.00322125	0.003	0.01	3146.18	2456.79	60	9422	
0.4	5.4	49	1140	18	3	38	93605	38	93605	0.00392105	0.00239799	0.003	0.01	2463.29	2666.4	60	9422	
0.4	5.4	37	1141	6	3	2	120	2	120	0.01	0	0.01	0.01	60	0	60	60	
0.4	5.4	28	1143	10	3	5	300	5	300	0.0072	0.00383406	0.003	0.01	60	0	60	60	
0.4	5.4	34	1144	65	3	179	113974	179	113974	0.00546369	0.00351283	0.003	0.017	636.726	667.914	4	4395	
0.4	5.4	54	1145	12	3	33	61087	33	61087	0.003	0	0.003	0.003	1851.12	1883.91	60	9422	
0.4	5.4	29	1146	17	3	40	107924	40	107924	0.007725	0.00332039	0.003	0.01	2698.1	2299.92	60	9422	
0.4	5.4	39	1147	16	3	5	300	5	300	0.0086	0.00585662	0.003	0.017	60	0	60	60	
0.4	5.4	39	1149	58	3	133	134572	133	134572	0.00610526	0.00369738	0.003	0.017	1011.82	822.321	19	5861	
0.4	5.4	25	1150	6	3	147	375894	147	375894	0.00780952	0.00325689	0.003	0.01	2557.1	2164.24	45	9422	
0.4	5.4	47	1153	16	3	31	49527	31	49527	0.00774193	0.00332634	0.003	0.01	1597.65	1418.56	60	5324	
0.4	5.4	21	1154	17	3	143	561017	143	561017	0.00613287	0.00349293	0.003	0.01	3923.2	2296.85	60	9422	
0.4	5.4	37	1155	71	3	4	240	4	240	0.0065	0.00404145	0.003	0.01	60	0	60	60	
0.4	5.4	7	1157	5	3	136	509757	136	509757	0.00886765	0.00258717	0.003	0.01	3748.21	2607.97	45	9422	
0.4	5.4	8	1159	16	3	2	120	2	120	0.0065	0.00494975	0.003	0.01	60	0	60	60	
0.4	5.4	22	1161	14	3	93	316063	93	316063	0.0090215	0.0024405	0.003	0.01	3398.53	2086.36	60	9422	
0.4	5.4	55	1162	15	3	5	3668	5	3668	0.003	0	0.003	0.003	733.6	470.86	60	1184	
0.4	5.4	36	1163	3	3	40	125669	40	125669	0.00895	0.00253134	0.003	0.01	3141.72	2644.1	60	9422	
0.4	5.4	45	1165	5	3	69	122623	70	123215	0.0049	0.00313535	0.003	0.01	1760.21	1802.93	60	9422	
0.4	5.4	41	1167	17	3	1	60	1	60	0.003	0	0.003	0.003	60	0	60	60	
0.4	5.4	51	1168	9	3	104	426089	105	428456	0.00506667	0.00320836	0.003	0.01	4080.53	2395.3	60	9422	
0.4	5.4	10	1169	17	3	134	181380	134	181380	0.00712686	0.00479571	0.003	0.024	1353.58	1460.98	3	9422	
0.4	5.4	45	1171	11	3	6	6034	6	6034	0.003	0	0.003	0.003	1005.67	694.101	60	1775	
0.4	5.4	24	1174	20	3	85	328481	85	328481	0.00934118	0.00205608	0.003	0.01	3864.48	2171.45	60	9422	
0.4	5.4	23	1179	14	3	59	80133	59	80133	0.00715254	0.00346815	0.003	0.01	1358.19	1014.47	60	5324	
0.4	5.4	32	1180	13	3	119	427306	118	425138	0.003	0	0.003	0.003	3602.86	2387.95	45	9422	
0.4	5.4	2	1181	31	3	6	3192	6	3192	0.003	0	0.003	0.003	532	424.543	60	1184	
0.4	5.4	50	1183	12	3	81	198351	80	197759	0.0051	0.00322804	0.003	0.01	2471.99	2197.97	60	9422	
0.4	5.4	21	1184	24	3	61	155152	61	155152	0.00472131	0.00303936	0.003	0.01	2543.48	2207.6	60	9422	
0.4	5.4	3	1187	24	3	69	161800	68	160367	0.00722059	0.00421386	0.003	0.017	2358.34	2110.4	60	9422	
0.4	5.4	38	1190	20	3	104	304399	104	304399	0.00643269	0.0035163	0.003	0.01	2926.91	2450.27	60	9422	
0.4	5.4	42	1192	8	3	1	60	1	60	0.01	0	0.01	0.01	60	0	60	60	
0.4	5.4	55	1193	12	3	191	196287	191	196287	0.00593194	0.00381694	0.003	0.017	1027.68	1244.53	60	9422	
0.4	5.4	15	1195	6	3	222	770109	221	767742	0.0079095	0.00334677	0.003	0.017	3473.95	2736.73	45	9422	
0.4	5.4	17	1197	4	3	115	455909	114	449993	0.00668421	0.00351058	0.003	0.01	3947.31	2835.93	45	9422	
0.4	5.4	41	1198	33	3	349	303993	348	302715	0.00509195	0.00329573	0.003	0.017	869.871	971.905	12	9422	
0.4	5.4	46	1199	10	3	167	615562	167	615562	0.00320958	0.00119654	0.003	0.01	3686	2626.65	45	9422	
0.4	5.4	11	1203	11	3	127	429187	127	429187	0.00829134	0.00301875	0.003	0.01	3379.43	2100.43	57	9422	
0.4	5.4	52	1204	47	3	57	58770	57	58770	0.00557895	0.00365449	0.003	0.017	1031.05	844.233	20	3550	
0.4	5.4	50	1205	22	3	71	156945	71	156945	0.00635211	0.00352176	0.003	0.01	2210.49	1957.19	60	9422	
0.4	5.4	50	1206	7	3	35	101295	36	103662	0.00805555	0.0031798	0.003	0.01	2879.5	2140.02	60	8873	
0.4	5.4	41	1207	7	3	1	60	1	60	0.01	0	0.01	0.01	60	0	60	60	
0.4	5.4	55	1208	34	3	201	434212	201	434212	0.00460199	0.00294802	0.003	0.01	2160.26	1984.3	33	9422	
0.4	5.4	48	1212	12	3	17	22607	17	22607	0.00917647	0.00232474	0.003	0.01	1329.82	813.211	60	2958	
0.4	5.4	28	1215	9	3	114	366371	113	362821	0.00584956	0.00345435	0.003	0.01	3210.81	1913.63	60	8282	
0.4	5.4	42	1216	13	3	118	478153	118	478153	0.00691525	0.0034901	0.003	0.01	4052.14	2485.12	45	9422	
0.4	5.4	14	1218	9	3	106	273498	106	273498	0.00775472	0.00328289	0.003	0.01	2580.17	2232.05	60	9422	
0.4	5.4	18	1219	7	3	41	97754	41	97754	0.00863415	0.00280852	0.003	0.01	2384.24	2158.35	60	9422	
0.4	5.4	3	1220	7	3	67	149829	67	149829	0.00404478	0.00251319	0.003	0.01	2236.25	2306.29	60	9422	
0.4	5.4	19	1221	6	3	46	122605	46	122605	0.00847826	0.00327101	0.003	0.017	2665.33	2623.58	60	9422	
0.4	5.4	37	1224	68	3	145	315671	145	315671	0.0059931	0.0042663	0.003	0.017	2177.04	2330.59	53	9422	
0.4	5.4	19	1225	18	3	2	120	2	120	0.01	0	0.01	0.01	60	0	60	60	
0.4	5.4	15	1227	5	3	2	708	2	708	0.01	0	0.01	0.01	354	415.779	60	648	
0.4	5.4	13	1231	8	3	103	196010	103	196010	0.00626213	0.00350898	0.003	0.01	1903.01	1488.3	60	9422	
0.4	5.4	42	1233	21	3	109	424914	109	424914	0.00402752	0.00248871	0.003	0.01	3898.29	2512.94	45	9422	
0.4	5.4	41	1239	69	3	5	2486	5	2486	0.0072	0.00383406	0.003	0.01	497.2	437.98	60	1184	
0.4	5.4	2	1241	34	3	69	114368	68	112593	0.0070147	0.00348769	0.003	0.01	1655.78	1290.51	60	5915	
0.4	5.4	50	1242	20	3	114	371929	114	371929	0.00754386	0.00360467	0.003	0.017	3262.54	2798.68	45	9422	
0.4	5.4	57	1243	6	3	92	308492	91	305534	0.00815385	0.0031017	0.003	0.01	3357.52	2316.36	60	9422	
0.4	5.4	37	1244	59	3	1	60	1	60	0.01	0	0.01	0.01	60	0	60	60	
0.4	5.4	51	1246	6	3	101	409176	101	409176	0.003	0	0.003	0.003	4051.25	3137.24	45	9422	
0.4	5.4	10	1247	14	3	169	335238	169	335238	0.00768047	0.00379751	0.003	0.017	1983.66	1402.98	35	7099	
0.4	5.4	54	1248	9	3	69	115546	69	115546	0.00695652	0.00349552	0.003	0.01	1674.58	1675.31	52	9422	
0.4	5.4	56	1250	27	3	124	412666	124	412666	0.00328226	0.00138259	0.003	0.01	3327.95	2541.24	45	9422	
0.4	5.4	17	1251	6	3	1	60	1	60	0.01	0	0.01	0.01	60	0	60	60	
0.4	5.4	39	1253	51	3	8	3196	8	3196	0.0065	0.0052915	0.003	0.017	399.5	313.132	5	775	
0.4	5.4	44	1258	20	3	120	366369	119	361636	0.00723529	0.00355515	0.003	0.017	3038.96	2419.74	45	9422	
0.4	5.4	3	1259	11	3	94	297273	94	297273	0.0067234	0.00351159	0.003	0.01	3162.48	2504.1	60	9422	
0.4	5.4	24	1261	25	3	15	43311	15	43311	0.0086	0.00289828	0.003	0.01	2887.4	3314.14	60	9422	
0.4	5.4	12	1262	9	3	67	168869	66	164136	0.00819697	0.00308455	0.003	0.01	2486.91	1943.37	60	9422	
0.4	5.4	23	1263	9	3	109	305455	109	305455	0.00691743	0.0036187	0.003	0.017	2802.34	2371.56	28	9422	
0.4	5.4	28	1264	19	3	96	283065	95	278332	0.00749474	0.00337347	0.003	0.01	2929.81	2049.24	60	9422	
0.4	5.4	49	1265	5	3	33	80586	32	77628	0.00934375	0.00207301	0.003	0.01	2425.87	1241.52	60	5324	
0.4	5.4	7	1267	13	3	2	120	2	120	0.0065	0.00494975	0.003	0.01	60	0	60	60	
0.4	5.4	22	1268	9	3	138	511828	137	510644	0.0070365	0.00347133	0.003	0.01	3727.33	2430.49	57	9422	
0.4	5.4	56	1269	7	3	188	452381	188	452381	0.00698404	0.00383409	0.003	0.017	2406.28	2061.44	24	9422	
0.4	5.4	52	1270	59	3	87	67103	87	67103	0.00493103	0.00314677	0.003	0.01	771.299	701.595	60	4733	
0.4	5.4	32	1272	16	3	95	193332	95	193332	0.0058	0.00344748	0.003	0.01	2035.07	1919.86	60	9422	
0.4	5.4	49	1274	8	3	66	206136	66	206136	0.00830303	0.0032627	0.003	0.017	3123.27	1980.91	60	8873	
0.4	5.4	21	1275	22	3	78	235619	78	235619	0.00685897	0.00350408	0.003	0.01	3020.76	2205.03	28	8873	
0.4	5.4	52	1276	58	3	199	262534	199	262534	0.00500502	0.00317264	0.003	0.01	1319.27	1325.66	7	9422	
0.4	5.4	33	1277	16	3	75	233247	75	233247	0.00309333	0.00080829	0.003	0.01	3109.96	2120.66	60	9422	
0.4	5.4	37	1279	58	3	36	55172	36	55172	0.00494444	0.0031798	0.003	0.01	1532.56	1347.1	60	5916	
0.4	5.4	1	1281	7	3	206	764015	207	768156	0.00550241	0.00336295	0.003	0.01	3710.9	2812.09	45	9422	
0.4	5.4	35	1282	1	3	104	398403	103	393670	0.00932039	0.00208267	0.003	0.01	3822.04	2802.58	45	9422	
0.4	5.4	56	1283	14	3	142	292050	142	292050	0.00590845	0.00401929	0.003	0.017	2056.69	2015.99	57	9422	
0.4	5.4	31	1286	7	3	24	51719	24	51719	0.00883333	0.0033708	0.003	0.017	2154.96	2051	60	9422	
0.4	5.4	19	1287	12	3	18	35028	17	31478	0.00752941	0.00344815	0.003	0.01	1851.65	1114.01	60	4141	
0.4	5.4	28	1288	12	3	72	147463	72	147463	0.00815278	0.00310683	0.003	0.01	2048.1	1743.07	60	7099	
0.4	5.4	29	1289	19	3	103	269343	103	269343	0.003	0	0.003	0.003	2614.98	2215.41	60	8873	
0.4	5.4	9	1290	17	3	10	31474	10	31474	0.0051	0.00338132	0.003	0.01	3147.4	3155.04	60	9422	
0.4	5.4	48	1291	25	3	1	60	1	60	0.01	0	0.01	0.01	60	0	60	60	
0.4	5.4	38	1293	10	3	46	128636	46	128636	0.003	0	0.003	0.003	2796.43	2083.3	60	9422	
0.4	5.4	37	1296	46	3	150	211463	150	211463	0.00556667	0.00338456	0.003	0.01	1409.75	1320.02	60	9422	
0.4	5.4	15	1298	20	3	66	248017	66	248017	0.00787879	0.00324163	0.003	0.01	3757.83	2236.84	60	9422	
0.4	5.4	37	1299	56	3	91	138149	91	138149	0.00653846	0.00351918	0.003	0.01	1518.12	1399.3	47	9422	
0.4	5.4	29	1300	5	3	12	13729	12	13729	0.00883333	0.00272475	0.003	0.01	1144.08	643.916	60	1775	
0.4	5.4	31	1302	17	3	20	34445	20	34445	0.00685	0.00357292	0.003	0.01	1722.25	1727.79	38	5324	
0.4	5.4	8	1303	21	3	2	120	2	120	0.01	0	0.01	0.01	60	0	60	60	
0.4	5.4	22	1304	5	3	19	64013	19	64013	0.003	0	0.003	0.003	3369.11	2524.61	60	9422	
0.4	5.4	42	1306	15	3	64	124402	64	124402	0.0078125	0.00411299	0.003	0.017	1943.78	1493.73	60	7860	
0.4	5.4	52	1308	64	3	185	160409	185	160409	0.00485405	0.00309721	0.003	0.01	867.076	842.916	26	6507	
0.4	5.4	46	1309	18	3	4	2484	4	2484	0.00475	0.0035	0.003	0.01	621	459.442	60	1184	
0.4	5.4	2	1310	5	3	3	180	3	180	0.003	0	0.003	0.003	60	0	60	60	
0.4	5.4	37	1311	11	3	74	130498	74	130498	0.00318919	0.00114288	0.003	0.01	1763.49	1876.99	60	9422	
0.4	5.4	25	1313	22	3	15	17880	15	17880	0.00813333	0.00415532	0.003	0.017	1192	763.648	60	2769	
0.4	5.4	9	1314	2	3	64	181192	64	181192	0.00715625	0.0034651	0.003	0.01	2831.12	1949.09	60	9422	
0.4	5.4	47	1316	8	3	45	103094	45	103094	0.00626667	0.00353167	0.003	0.01	2290.98	2206.35	60	9422	
0.4	5.4	41	1320	49	3	296	394048	297	395232	0.00479124	0.00305969	0.003	0.01	1330.75	1061.76	4	4904	
0.4	5.4	28	1325	2	3	60	154670	60	154670	0.003	0	0.003	0.003	2577.83	2306.1	60	9422	
0.4	5.4	32	1326	18	3	131	520650	131	520650	0.00583206	0.00344886	0.003	0.01	3974.43	2678.22	45	9422	
0.4	5.4	41	1327	10	3	2	120	2	120	0.0065	0.00494975	0.003	0.01	60	0	60	60	
0.4	5.4	52	1328	44	3	255	362591	255	362591	0.00525098	0.00327598	0.003	0.01	1421.93	1226.2	43	8873	
0.4	5.4	52	1330	34	3	142	337463	142	337463	0.003	0	0.003	0.003	2376.5	1892.8	4	9422	
0.4	5.4	38	1331	11	3	9	14320	9	14320	0.00688889	0.00368932	0.003	0.01	1591.11	1107.34	60	3182	
0.4	5.4	42	1332	1	3	22	42138	22	42138	0.00681818	0.0041706	0.003	0.017	1915.36	2255.62	60	9422	
0.4	5.4	16	1334	4	3	38	103732	37	100182	0.00754054	0.00338784	0.003	0.01	2707.62	2394.62	60	9422	
0.4	5.4	16	1336	8	3	17	42715	17	42715	0.00835294	0.00306066	0.003	0.01	2512.65	1820.78	60	5324	
0.4	5.4	6	1337	2	3	82	248283	82	248283	0.00564634	0.00341519	0.003	0.01	3027.84	2118.1	60	9422	
0.4	5.4	23	1341	20	3	30	45094	30	45094	0.00766667	0.00335624	0.003	0.01	1503.13	770.234	60	2958	
0.4	5.4	55	1342	5	3	3	180	3	180	0.0123333	0.00404145	0.01	0.017	60	0	60	60	
0.4	5.4	3	1345	19	3	14	16098	14	16098	0.0065	0.00363212	0.003	0.01	1149.86	653.715	60	2367	
0.4	5.4	39	1347	77	3	274	302278	274	302278	0.00504379	0.00318851	0.003	0.01	1103.2	839.113	34	5623	
0.4	5.4	4	1348	27	3	142	468819	141	468227	0.00627659	0.00350532	0.003	0.01	3320.76	2351	45	9422	
0.4	5.4	28	1349	20	3	88	351552	88	351552	0.00307954	0.000746203	0.003	0.01	3994.91	2442.96	45	9422	
0.4	5.4	39	1350	28	3	199	273838	199	273838	0.00461809	0.00295845	0.003	0.01	1376.07	838.761	60	4395	
0.4	5.4	55	1351	31	3	44	94823	44	94823	0.00490909	0.00315357	0.003	0.01	2155.07	2015.19	60	7099	
0.4	5.4	48	1353	20	3	2	120	2	120	0.0065	0.00494975	0.003	0.01	60	0	60	60	
0.4	5.4	10	1354	19	3	1	60	1	60	0.01	0	0.01	0.01	60	0	60	60	
0.4	5.4	37	1356	2	3	4	240	4	240	0.00475	0.0035	0.003	0.01	60	0	60	60	
0.4	5.4	41	1358	80	3	154	115221	153	114625	0.00611111	0.00438981	0.003	0.017	749.183	648.616	24	4395	
0.4	5.4	56	1360	2	3	33	53395	33	53395	0.0070303	0.00392496	0.003	0.017	1618.03	1320.78	60	5324	
0.4	5.4	45	1361	2	3	48	82981	48	82981	0.00722917	0.00345943	0.003	0.01	1728.77	1036.57	60	4141	
0.4	5.4	40	1362	19	3	145	506609	145	506609	0.00662069	0.00360568	0.003	0.017	3493.86	2458.16	45	9422	
0.4	5.4	26	1363	13	3	113	400688	113	400688	0.00727434	0.00342847	0.003	0.01	3545.91	2329.45	36	9422	
0.4	5.4	52	1364	48	3	9	5451	9	5451	0.00533333	0.0035	0.003	0.01	605.667	500.425	60	1775	
0.4	5.4	19	1365	10	3	36	83664	36	83664	0.0065	0.00354965	0.003	0.01	2324	2331.72	60	9422	
0.4	5.4	24	1368	10	3	128	518490	128	518490	0.00595312	0.00347059	0.003	0.01	4050.7	2440.34	45	9422	
0.4	5.4	25	1370	20	3	22	37412	22	37412	0.00681818	0.00469687	0.003	0.017	1700.55	1095.68	60	4395	
0.4	5.4	48	1371	11	3	117	219095	117	219095	0.00826496	0.00342756	0.003	0.017	1872.61	1597.35	31	9422	
0.4	5.4	9	1372	4	3	100	284728	100	284728	0.00713	0.00346018	0.003	0.01	2847.28	2261.51	45	9422	
0.4	5.4	39	1376	12	3	165	164768	165	164768	0.00473939	0.00303415	0.003	0.01	998.594	1033.26	60	9422	
0.4	5.4	2	1377	21	3	2	120	2	120	0.01	0	0.01	0.01	60	0	60	60	
0.4	5.4	43	1380	17	3	10	23191	10	23191	0.0079	0.00338132	0.003	0.01	2319.1	2295.89	60	7099	
0.4	5.4	41	1381	62	3	267	386174	267	386174	0.00504494	0.00346598	0.003	0.017	1446.34	1409.62	18	9422	
0.4	5.4	52	1382	22	3	179	180819	179	180819	0.005581	0.00369754	0.003	0.017	1010.16	723.334	24	4081	
0.4	5.4	45	1383	8	3	100	254819	101	254566	0.00847525	0.00322364	0.003	0.017	2520.46	1904.76	60	9422	
0.4	5.4	41	1384	83	3	229	254205	229	254205	0.00513974	0.00323192	0.003	0.01	1110.07	1010.82	23	9422	
0.4	5.4	7	1385	18	3	94	248151	94	248151	0.00739362	0.00340214	0.003	0.01	2639.9	2180.23	60	9422	
0.4	5.4	54	1388	8	3	162	311550	163	311923	0.00780981	0.00392924	0.003	0.017	1913.64	1802.05	60	7690	
0.4	5.4	52	1390	40	3	2	120	2	120	0.003	0	0.003	0.003	60	0	60	60	
0.4	5.4	41	1391	20	3	3	180	3	180	0.00766667	0.00404145	0.003	0.01	60	0	60	60	
0.4	5.4	8	1392	5	3	138	487570	138	487570	0.003	0	0.003	0.003	3533.12	2303.15	45	9422	
0.4	5.4	9	1393	14	3	151	494196	151	494196	0.00615232	0.0036765	0.003	0.017	3272.82	2365.12	45	9422	
0.4	5.4	43	1394	12	3	2	120	2	120	0.01	0	0.01	0.01	60	0	60	60	
0.4	5.4	39	1395	32	3	1	60	1	60	0.01	0	0.01	0.01	60	0	60	60	
0.4	5.4	56	1396	10	3	89	203717	89	203717	0.00457303	0.00293833	0.003	0.01	2288.96	1568.19	60	7099	
0.4	5.4	6	1397	5	3	47	126142	48	127917	0.00897917	0.00249672	0.003	0.01	2664.94	1347.77	60	5324	
0.4	5.4	3	1400	16	3	75	198944	75	198944	0.00738667	0.00394863	0.003	0.017	2652.59	1819.77	60	9422	
0.4	5.4	21	1401	15	3	1	60	1	60	0.01	0	0.01	0.01	60	0	60	60	
0.4	5.4	52	1403	32	3	90	60152	90	60152	0.00494444	0.00315289	0.003	0.01	668.356	1022.34	13	9422	
0.4	5.4	56	1404	6	3	31	67583	31	67583	0.00367742	0.00210376	0.003	0.01	2180.1	1425.13	60	5324	
0.4	5.4	31	1405	5	3	70	195992	70	195992	0.0043	0.00274179	0.003	0.01	2799.89	2028.37	60	9422	
0.4	5.4	2	1407	17	3	48	74230	48	74230	0.00635417	0.00353397	0.003	0.01	1546.46	1212.43	60	7099	
0.4	5.4	18	1408	13	3	46	165180	46	165180	0.00513043	0.00325651	0.003	0.01	3590.87	2323.69	60	9422	
0.4	5.4	18	1410	10	3	5	5442	4	3667	0.003	0	0.003	0.003	916.75	733.545	60	1775	
0.4	5.4	33	1412	14	3	223	585510	225	592290	0.00791555	0.00446284	0.003	0.024	2632.4	2257.55	45	9422	
0.4	5.4	44	1413	8	3	54	172998	53	164716	0.00920755	0.00296362	0.003	0.017	3107.85	2394.75	60	9422	
0.4	5.4	32	1414	2	3	81	260452	81	260452	0.00464197	0.00298458	0.003	0.01	3215.46	2017.49	60	9422	
0.4	5.4	47	1417	6	3	74	163575	74	163575	0.00848649	0.00333205	0.003	0.017	2210.47	1577.82	60	6882	
0.4	5.4	4	1418	1	3	1	60	1	60	0.01	0	0.01	0.01	60	0	60	60	
0.4	5.4	1	1422	4	3	69	214308	69	214308	0.00695652	0.00349552	0.003	0.01	3105.91	2574.62	60	9422	
0.4	5.4	37	1423	29	3	148	187820	148	187820	0.00550676	0.00336751	0.003	0.01	1269.05	900.266	60	6728	
0.4	5.4	52	1424	42	3	145	259523	145	259523	0.00454483	0.00291304	0.003	0.01	1789.81	1734.63	3	8282	
