% start	end	CellId	IMSI	RNTI	LCID	nTxPDUs	TxBytes	nRxPDUs	RxBytes	delay	stdDev	min	max	PduSize	stdDev	min	max
0.4	5.4	37	1	46	3	138	146418	138	146418	0.00548551	0.00336195	0.003	0.01	1061	919.062	6	4733	
0.4	5.4	50	2	6	3	4	240	4	240	0.01	0	0.01	0.01	60	0	60	60	
0.4	5.4	2	4	25	3	256	739498	256	739498	0.00663672	0.0037684	0.003	0.017	2888.66	2010.44	35	9422	
0.4	5.4	39	6	46	3	2	120	2	120	0.0065	0.00494975	0.003	0.01	60	0	60	60	
0.4	5.4	30	8	12	3	22	64611	22	64611	0.003	0	0.003	0.003	2936.86	1580.61	60	5664	
0.4	5.4	12	9	10	3	35	66989	35	66989	0.0072	0.00347935	0.003	0.01	1913.97	1245.13	36	5324	
0.4	5.4	49	10	12	3	107	324432	107	324432	0.0033271	0.00148436	0.003	0.01	3032.07	2587.62	45	9422	
0.4	5.4	10	11	12	3	34	64638	34	64638	0.00752941	0.0033955	0.003	0.01	1901.12	1875.27	45	9422	
0.4	5.4	14	13	7	3	3	180	3	180	0.00766667	0.00404145	0.003	0.01	60	0	60	60	
0.4	5.4	38	14	2	3	203	748726	203	748726	0.00351724	0.00183569	0.003	0.01	3688.31	2688.6	45	9422	
0.4	5.4	56	15	9	3	118	440544	118	440544	0.00632203	0.00351038	0.003	0.01	3733.42	2298.96	45	9422	
0.4	5.4	52	17	44	3	236	221825	237	222208	0.00515612	0.00323855	0.003	0.01	937.586	1079.26	23	9422	
0.4	5.4	53	18	17	3	116	354092	115	353455	0.00391304	0.00236779	0.003	0.01	3073.52	2315.09	45	9422	
0.4	5.4	4	19	18	3	143	633893	143	633893	0.00588811	0.00345821	0.003	0.01	4432.82	3022.54	45	9422	
0.4	5.4	11	20	8	3	93	369309	93	369309	0.00796774	0.0031946	0.003	0.01	3971.06	2261.42	60	9422	
0.4	5.4	28	21	15	3	122	333267	122	333267	0.00845082	0.00330815	0.003	0.017	2731.7	2129.44	26	9422	
0.4	5.4	57	22	12	3	88	252771	88	252771	0.00673864	0.00351187	0.003	0.01	2872.4	1856.72	57	9422	
0.4	5.4	9	23	2	3	70	200694	70	200694	0.0056	0.00340673	0.003	0.01	2867.06	2198.28	60	9422	
0.4	5.4	47	25	13	3	1	60	1	60	0.003	0	0.003	0.003	60	0	60	60	
0.4	5.4	24	26	6	3	97	337003	97	337003	0.00336082	0.00155581	0.003	0.01	3474.26	2233.75	60	9422	
0.4	5.4	27	27	18	3	157	169091	157	169091	0.00580892	0.00425792	0.003	0.017	1077.01	1432.28	60	9422	
0.4	5.4	27	28	1	3	126	173012	126	173012	0.00677778	0.00457102	0.003	0.017	1373.11	1271.92	60	9418	
0.4	5.4	52	29	49	3	223	263690	223	263690	0.00469507	0.00300545	0.003	0.01	1182.47	830.622	3	5324	
0.4	5.4	24	31	5	3	139	600019	139	600019	0.00733093	0.00341223	0.003	0.01	4316.68	2586.79	45	9422	
0.4	5.4	20	32	13	3	53	139764	53	139764	0.00709434	0.00348218	0.003	0.01	2637.06	1407.15	60	7673	
0.4	5.4	17	36	17	3	153	415059	153	419356	0.00789542	0.00350782	0.003	0.017	2740.89	1516.1	36	6507	
0.4	5.4	2	37	7	3	43	86529	43	86529	0.00772093	0.00331896	0.003	0.01	2012.3	1127.47	60	5861	
0.4	5.4	9	39	20	3	20	41551	20	41551	0.00405	0.00256443	0.003	0.01	2077.55	1578.51	60	5664	
0.4	5.4	10	40	23	3	157	645125	157	645125	0.00509554	0.00321611	0.003	0.01	4109.08	2510.71	45	9422	
0.4	5.4	33	42	4	3	153	528461	153	528461	0.0030915	0.00079769	0.003	0.01	3453.99	2635.03	45	9422	
0.4	5.4	19	43	30	3	105	340482	105	340482	0.00646667	0.00351663	0.003	0.01	3242.69	2285.66	60	9422	
0.4	5.4	53	44	9	3	143	351657	143	351657	0.00647552	0.00360913	0.003	0.017	2459.14	2083.96	36	9422	
0.4	5.4	5	45	20	3	197	837880	197	837880	0.003	0	0.003	0.003	4253.2	2727.96	45	9422	
0.4	5.4	9	51	27	3	28	62367	28	62367	0.00325	0.00132288	0.003	0.01	2227.39	1467.44	60	5324	
0.4	5.4	55	54	4	3	3	180	3	180	0.00533333	0.00404145	0.003	0.01	60	0	60	60	
0.4	5.4	2	55	12	3	1	60	1	60	0.01	0	0.01	0.01	60	0	60	60	
0.4	5.4	30	56	1	3	44	169324	44	169324	0.00729545	0.00344781	0.003	0.01	3848.27	2268.21	60	8873	
0.4	5.4	35	57	9	3	102	361733	102	361733	0.00855882	0.00301013	0.003	0.017	3546.4	2334.2	60	9422	
0.4	5.4	53	58	13	3	107	278951	107	278951	0.003	0	0.003	0.003	2607.02	2007.01	60	9422	
0.4	5.4	20	62	25	3	24	47464	24	47464	0.00679167	0.00356284	0.003	0.01	1977.67	1346.61	60	5324	
0.4	5.4	56	68	3	3	216	877668	216	877668	0.0060463	0.00347853	0.003	0.01	4063.28	2664.21	36	9422	
0.4	5.4	54	69	5	3	45	104972	45	104972	0.00828889	0.00304229	0.003	0.01	2332.71	1849.75	60	8873	
0.4	5.4	28	71	6	3	99	228531	99	228531	0.00632323	0.00351332	0.003	0.01	2308.39	2071	48	9422	
0.4	5.4	44	73	2	3	8	21415	7	14316	0.008	0.00341565	0.003	0.01	2045.14	1816.4	60	5324	
0.4	5.4	13	75	10	3	153	598867	153	598867	0.00675163	0.00350241	0.003	0.01	3914.16	2516.8	36	9422	
0.4	5.4	27	76	11	3	2	120	2	120	0.003	0	0.003	0.003	60	0	60	60	
0.4	5.4	45	77	7	3	77	197880	77	197880	0.00781818	0.00326354	0.003	0.01	2569.87	1961.09	36	9422	
0.4	5.4	22	78	3	3	86	323743	86	323743	0.00332558	0.00148278	0.003	0.01	3764.45	1691.17	60	7099	
0.4	5.4	42	80	1	3	95	199568	95	199568	0.00594737	0.00347443	0.003	0.01	2100.72	1812.37	60	9422	
0.4	5.4	29	81	13	3	144	529911	144	529911	0.00304861	0.000583333	0.003	0.01	3679.94	2214.05	60	9422	
0.4	5.4	36	83	20	3	50	132662	50	132662	0.0072	0.0034641	0.003	0.01	2653.24	2860.72	45	9422	
0.4	5.4	55	84	49	3	31	33270	31	33270	0.00729032	0.00390891	0.003	0.017	1073.23	668.369	60	2958	
0.4	5.4	8	86	40	3	235	266692	237	271121	0.0053924	0.00373855	0.003	0.017	1143.97	973.375	3	5916	
0.4	5.4	34	87	22	3	194	242417	194	242417	0.00574227	0.00349916	0.003	0.017	1249.57	872.365	3	4395	
0.4	5.4	56	90	1	3	79	224370	79	224370	0.00689873	0.00349943	0.003	0.01	2840.13	1534.26	60	6507	
0.4	5.4	17	91	8	3	206	677769	207	680730	0.00678744	0.00349663	0.003	0.01	3288.55	2347.64	36	9422	
0.4	5.4	21	97	24	3	119	241603	119	241603	0.0067647	0.00350473	0.003	0.01	2030.28	1604.68	45	9422	
0.4	5.4	34	98	8	3	124	362742	124	362742	0.00458064	0.00293866	0.003	0.01	2925.34	2552.78	45	9422	
0.4	5.4	1	99	1	3	1	60	1	60	0.01	0	0.01	0.01	60	0	60	60	
0.4	5.4	19	100	29	3	66	175277	66	175277	0.00607576	0.00350082	0.003	0.01	2655.71	2392.77	60	9422	
0.4	5.4	9	101	26	3	66	153522	65	149972	0.00633846	0.00352348	0.003	0.01	2307.26	1634.01	60	8282	
0.4	5.4	22	103	8	3	167	616157	167	616157	0.00551497	0.00336863	0.003	0.01	3689.56	2339.31	45	9422	
0.4	5.4	43	104	11	3	97	346229	97	346229	0.003	0	0.003	0.003	3569.37	1887.81	60	9422	
0.4	5.4	30	107	6	3	80	341484	80	341484	0.0086	0.00281767	0.003	0.01	4268.55	2315.75	60	9422	
0.4	5.4	45	108	19	3	118	459359	118	459359	0.00798305	0.00343681	0.003	0.017	3892.87	2772.81	45	9422	
0.4	5.4	31	109	3	3	119	570441	119	570441	0.00547059	0.00335934	0.003	0.01	4793.62	2799.99	45	9422	
0.4	5.4	5	110	4	3	119	265376	119	265376	0.00794118	0.00345257	0.003	0.017	2230.05	1880.79	60	9422	
0.4	5.4	8	111	15	3	226	382814	227	383998	0.00546696	0.00377726	0.003	0.017	1691.62	1645.48	60	9422	
0.4	5.4	42	112	19	3	1	60	1	60	0.003	0	0.003	0.003	60	0	60	60	
0.4	5.4	36	114	15	3	74	227457	74	227457	0.003	0	0.003	0.003	3073.74	2657.54	45	9422	
0.4	5.4	41	115	1	3	4	240	4	240	0.0065	0.00404145	0.003	0.01	60	0	60	60	
0.4	5.4	32	116	12	3	130	517319	130	517319	0.00461538	0.00296068	0.003	0.01	3979.38	2431.02	60	9422	
0.4	5.4	40	117	14	3	64	185540	63	177009	0.009	0.00246916	0.003	0.01	2809.67	2334	60	9422	
0.4	5.4	35	119	7	3	106	367075	106	367075	0.00517924	0.00325663	0.003	0.01	3462.97	2410.23	45	9422	
0.4	5.4	39	120	26	3	250	435986	252	438944	0.00580555	0.0036036	0.003	0.017	1741.84	1375.19	60	9422	
0.4	5.4	33	121	18	3	96	234526	95	233342	0.00823158	0.00338159	0.003	0.017	2456.23	1709.52	36	8191	
0.4	5.4	2	122	8	3	2	120	2	120	0.01	0	0.01	0.01	60	0	60	60	
0.4	5.4	54	123	2	3	53	191229	53	191229	0.00867924	0.00276498	0.003	0.01	3608.09	3042.17	36	9422	
0.4	5.4	47	124	9	3	160	309192	160	309192	0.0072875	0.00384509	0.003	0.017	1932.45	1375.13	60	9422	
0.4	5.4	38	126	21	3	44	94933	44	94933	0.00570454	0.00344781	0.003	0.01	2157.57	1547.19	60	7082	
0.4	5.4	10	127	6	3	25	22637	25	22637	0.00412	0.00261916	0.003	0.01	905.48	711.456	60	2769	
0.4	5.4	27	128	8	3	126	219743	126	219743	0.00661111	0.00393339	0.003	0.017	1743.99	1243.8	60	5916	
0.4	5.4	41	129	71	3	2	708	2	708	0.003	0	0.003	0.003	354	415.779	60	648	
0.4	5.4	34	131	14	3	34	87710	34	87710	0.00588235	0.00389844	0.003	0.017	2579.71	1530.79	60	7520	
0.4	5.4	1	132	6	3	58	151058	58	151058	0.00758621	0.00335624	0.003	0.01	2604.45	2267.13	45	9422	
0.4	5.4	26	133	15	3	144	551589	144	551589	0.00436111	0.00278008	0.003	0.01	3830.48	2647.45	45	9422	
0.4	5.4	1	134	4	3	85	238580	85	238580	0.00777647	0.00327827	0.003	0.01	2806.82	2090.93	45	9422	
0.4	5.4	15	136	23	3	5	5442	5	5442	0.0086	0.0031305	0.003	0.01	1088.4	742.216	60	1775	
0.4	5.4	15	137	14	3	307	420209	307	420209	0.00671661	0.0044282	0.003	0.024	1368.76	1453.89	13	9422	
0.4	5.4	41	139	74	3	130	176011	130	176011	0.00450769	0.00288875	0.003	0.01	1353.93	1077.57	26	5324	
0.4	5.4	2	143	1	3	1	60	1	60	0.003	0	0.003	0.003	60	0	60	60	
0.4	5.4	37	144	56	3	90	85432	90	85432	0.00486667	0.00328497	0.003	0.017	949.244	824.226	60	4395	
0.4	5.4	39	145	11	3	128	218699	126	215740	0.00455555	0.0029218	0.003	0.01	1712.22	1857.68	36	8873	
0.4	5.4	24	146	8	3	1	60	1	60	0.01	0	0.01	0.01	60	0	60	60	
0.4	5.4	7	147	2	3	90	229229	90	229229	0.0058	0.0034485	0.003	0.01	2546.99	1888.54	60	8873	
0.4	5.4	52	150	2	3	5	300	5	300	0.0072	0.00383406	0.003	0.01	60	0	60	60	
0.4	5.4	41	153	84	3	243	272576	241	267841	0.0053527	0.00337455	0.003	0.017	1111.37	846.991	60	4733	
0.4	5.4	21	154	6	3	95	279519	95	279519	0.003	0	0.003	0.003	2942.31	2359	60	9422	
0.4	5.4	38	155	3	3	15	16101	15	16101	0.0058	0.00354965	0.003	0.01	1073.4	764.417	60	2958	
0.4	5.4	51	156	13	3	55	168743	55	168743	0.00770909	0.0033148	0.003	0.01	3068.05	2107.06	60	9422	
0.4	5.4	15	157	13	3	3	180	3	180	0.003	0	0.003	0.003	60	0	60	60	
0.4	5.4	52	159	34	3	257	307511	258	308695	0.00500775	0.0031721	0.003	0.01	1196.49	1225.94	43	9422	
0.4	5.4	55	160	22	3	20	22616	20	22616	0.0058	0.00351837	0.003	0.01	1130.8	743.071	60	3182	
0.4	5.4	25	161	16	3	67	263986	67	263986	0.0048806	0.00312624	0.003	0.01	3940.09	2521.13	60	9422	
0.4	5.4	18	163	3	3	33	116666	33	116666	0.00957576	0.00169614	0.003	0.01	3535.33	2169.92	60	9422	
0.4	5.4	33	166	12	3	85	180030	85	180030	0.00711765	0.00362994	0.003	0.017	2118	1778.62	60	9422	
0.4	5.4	34	168	12	3	2	120	2	120	0.0065	0.00494975	0.003	0.01	60	0	60	60	
0.4	5.4	30	169	8	3	95	262244	95	262244	0.00749474	0.00337347	0.003	0.01	2760.46	2037.66	60	9422	
0.4	5.4	18	171	10	3	2	120	2	120	0.0065	0.00494975	0.003	0.01	60	0	60	60	
0.4	5.4	24	172	4	3	22	73477	22	73477	0.00395454	0.00245875	0.003	0.01	3339.86	2202.23	60	8873	
0.4	5.4	39	173	72	3	20	14934	20	14934	0.00475	0.00310983	0.003	0.01	746.7	525.782	40	1775	
0.4	5.4	23	174	10	3	78	200733	79	205128	0.00778481	0.00346288	0.003	0.017	2596.56	2171.51	45	9422	
0.4	5.4	22	175	5	3	79	183560	79	183560	0.00893671	0.0033792	0.003	0.017	2323.54	2024.17	60	9422	
0.4	5.4	19	176	23	3	149	592361	149	592361	0.00351678	0.00183658	0.003	0.01	3975.58	2555.56	45	9422	
0.4	5.4	12	177	15	3	107	343527	107	343527	0.00633645	0.00351263	0.003	0.01	3210.53	2172.89	60	8282	
0.4	5.4	28	178	5	3	2	120	2	120	0.01	0	0.01	0.01	60	0	60	60	
0.4	5.4	24	179	10	3	76	278432	76	278432	0.00843421	0.00293637	0.003	0.01	3663.58	2797.54	45	9422	
0.4	5.4	52	180	17	3	1	60	1	60	0.003	0	0.003	0.003	60	0	60	60	
0.4	5.4	27	182	20	3	230	391566	230	391566	0.0065913	0.00432601	0.003	0.017	1702.46	1625.37	37	9422	
0.4	5.4	54	183	14	3	73	271673	73	271673	0.00549315	0.00337525	0.003	0.01	3721.55	2175.94	60	9422	
0.4	5.4	42	184	7	3	105	211418	105	211418	0.00546667	0.00349743	0.003	0.017	2013.5	1325.8	60	7099	
0.4	5.4	55	185	41	3	78	65914	78	65914	0.00596154	0.00365898	0.003	0.017	845.051	659.52	4	2813	
0.4	5.4	37	186	37	3	97	82506	97	82506	0.00610309	0.00451499	0.003	0.017	850.577	1026.3	36	8282	
0.4	5.4	13	187	11	3	94	387160	94	387160	0.0048617	0.00310948	0.003	0.01	4118.72	2863.48	45	9422	
0.4	5.4	37	189	25	3	2	120	2	120	0.0065	0.00494975	0.003	0.01	60	0	60	60	
0.4	5.4	48	191	20	3	36	104266	36	104266	0.003	0	0.003	0.003	2896.28	1435.89	60	4395	
0.4	5.4	52	192	65	3	171	263006	171	263006	0.00561988	0.00339748	0.003	0.01	1538.05	1647.61	60	9422	
0.4	5.4	46	194	4	3	1	60	1	60	0.01	0	0.01	0.01	60	0	60	60	
0.4	5.4	39	195	48	3	140	224613	140	224613	0.0065	0.00380174	0.003	0.017	1604.38	1481.37	60	9422	
0.4	5.4	15	196	8	3	178	588979	178	588979	0.00307865	0.0007399	0.003	0.01	3308.87	2329	60	9422	
0.4	5.4	29	197	8	3	97	284254	97	284254	0.003	0	0.003	0.003	2930.45	2338.11	60	9422	
0.4	5.4	5	198	6	3	16	54549	16	54549	0.0086875	0.00282179	0.003	0.01	3409.31	3010.62	60	9422	
0.4	5.4	20	199	26	3	4	3667	4	3667	0.01	0	0.01	0.01	916.75	733.545	60	1775	
0.4	5.4	15	200	5	3	44	74717	44	74717	0.00538636	0.00335646	0.003	0.01	1698.11	1499.17	17	9422	
0.4	5.4	34	201	26	3	138	170097	138	170097	0.00477536	0.00305669	0.003	0.01	1232.59	756.465	60	4395	
0.4	5.4	20	203	16	3	65	139787	65	139787	0.0072	0.00367083	0.003	0.017	2150.57	1311.6	60	5916	
0.4	5.4	31	204	5	3	110	401841	110	401841	0.00694545	0.00348743	0.003	0.01	3653.1	1974.49	60	9422	
0.4	5.4	49	206	3	3	131	280072	131	280072	0.00823664	0.0039161	0.003	0.017	2137.95	1925.8	60	8873	
0.4	5.4	7	207	7	3	3	180	3	180	0.01	0	0.01	0.01	60	0	60	60	
0.4	5.4	3	209	14	3	176	722861	176	722861	0.00741477	0.00338798	0.003	0.01	4107.16	2897.49	45	9422	
0.4	5.4	27	210	2	3	232	670682	232	670682	0.00668103	0.00350287	0.003	0.01	2890.87	2453.37	45	9422	
0.4	5.4	33	211	13	3	132	514859	132	514859	0.00549242	0.0033646	0.003	0.01	3900.45	2879.53	45	9422	
0.4	5.4	48	213	7	3	58	108406	58	108406	0.00903448	0.00243487	0.003	0.01	1869.07	2288.6	60	9422	
0.4	5.4	32	214	1	3	2	120	2	120	0.0065	0.00494975	0.003	0.01	60	0	60	60	
0.4	5.4	13	215	18	3	43	114912	42	110179	0.003	0	0.003	0.003	2623.31	1428.11	60	5324	
0.4	5.4	37	216	54	3	378	547845	378	547845	0.00512963	0.00322484	0.003	0.01	1449.33	1602.35	28	9422	
0.4	5.4	39	219	52	3	186	284450	186	284450	0.00657527	0.00400233	0.003	0.017	1529.3	1665.62	13	9422	
0.4	5.4	12	221	9	3	101	247768	101	247768	0.0089604	0.00319036	0.003	0.017	2453.15	1645.2	60	7098	
0.4	5.4	42	222	10	3	128	155247	128	155247	0.00742969	0.00420102	0.003	0.017	1212.87	778.326	60	4107	
0.4	5.4	37	224	15	3	126	275914	126	275914	0.003	0	0.003	0.003	2189.79	1781.39	60	9422	
0.4	5.4	42	226	30	3	192	398537	192	398537	0.00715625	0.00380088	0.003	0.017	2075.71	1885.73	60	9422	
0.4	5.4	52	229	6	3	249	412884	249	412884	0.00628916	0.0041227	0.003	0.017	1658.17	1806.64	60	9422	
0.4	5.4	21	230	3	3	186	667785	186	667785	0.0042043	0.00264906	0.003	0.01	3590.24	2542.77	10	9422	
0.4	5.4	15	231	2	3	136	306232	136	306232	0.00536765	0.00332401	0.003	0.01	2251.71	1802.88	60	9422	
0.4	5.4	52	232	21	3	46	36865	46	36865	0.00680435	0.00409672	0.003	0.017	801.413	665.683	14	2481	
0.4	5.4	9	233	10	3	93	312526	93	312526	0.003	0	0.003	0.003	3360.49	2251.59	60	9422	
0.4	5.4	24	234	13	3	57	107845	57	107845	0.00864912	0.00384286	0.003	0.017	1892.02	1385.76	60	7099	
0.4	5.4	28	235	1	3	165	614320	164	613728	0.0059878	0.00347292	0.003	0.01	3742.24	2752.45	36	9422	
0.4	5.4	14	236	14	3	179	636194	180	643884	0.00595555	0.00346704	0.003	0.01	3577.13	2454.51	35	9422	
0.4	5.4	43	237	9	3	118	328520	118	328520	0.00804237	0.00315523	0.003	0.01	2784.07	2406.26	45	9422	
0.4	5.4	11	238	9	3	66	255114	66	255114	0.00745454	0.00339312	0.003	0.01	3865.36	2164.59	45	9422	
0.4	5.4	15	240	7	3	120	179480	120	179480	0.007025	0.00359145	0.003	0.017	1495.67	1132.28	4	7099	
0.4	5.4	12	241	3	3	4	240	4	240	0.00825	0.0035	0.003	0.01	60	0	60	60	
0.4	5.4	13	242	17	3	56	186493	56	186493	0.003875	0.00233598	0.003	0.01	3330.23	2823.99	45	9422	
0.4	5.4	55	244	6	3	69	142775	69	142775	0.00472464	0.0030384	0.003	0.01	2069.2	1701.32	60	8873	
0.4	5.4	27	245	10	3	112	300738	112	300738	0.003	0	0.003	0.003	2685.16	1827.17	4	9422	
0.4	5.4	48	246	18	3	4	3667	4	3667	0.01	0.0080829	0.003	0.017	916.75	733.545	60	1775	
0.4	5.4	19	251	12	3	65	124984	65	124984	0.0086	0.00332039	0.003	0.017	1922.83	2253.53	60	9422	
0.4	5.4	55	252	8	3	3	180	3	180	0.01	0	0.01	0.01	60	0	60	60	
0.4	5.4	37	253	52	3	194	224570	195	225633	0.00558461	0.00338687	0.003	0.01	1157.09	709.501	27	2961	
0.4	5.4	28	255	4	3	18	54555	18	54555	0.00494444	0.00322622	0.003	0.01	3030.83	2893.48	60	9422	
0.4	5.4	46	256	23	3	4	3667	4	3667	0.003	0	0.003	0.003	916.75	733.545	60	1775	
0.4	5.4	52	258	54	3	61	64693	61	64693	0.00472131	0.00303936	0.003	0.01	1060.54	954.451	6	4904	
0.4	5.4	8	259	31	3	173	356577	173	356577	0.00457803	0.00362821	0.003	0.017	2061.14	2512.14	32	9422	
0.4	5.4	49	260	1	3	48	124371	48	124371	0.00402083	0.00249672	0.003	0.01	2591.06	1977.77	60	9422	
0.4	5.4	18	261	6	3	3	1892	3	1892	0.01	0	0.01	0.01	630.667	562.2	60	1184	
0.4	5.4	52	262	35	3	398	493635	398	493635	0.00535678	0.00366594	0.003	0.017	1240.29	1287.64	4	9422	
0.4	5.4	4	263	8	3	29	84725	29	84725	0.00855172	0.00288576	0.003	0.01	2921.55	1829.13	60	6507	
0.4	5.4	38	266	1	3	107	208576	107	208576	0.00712149	0.00359168	0.003	0.017	1949.31	1281.59	60	5664	
0.4	5.4	55	267	1	3	87	119130	87	119130	0.00525287	0.00328923	0.003	0.01	1369.31	1003.53	60	4395	
0.4	5.4	22	268	2	3	80	309081	80	309081	0.0051	0.00322804	0.003	0.01	3863.51	2939.52	45	9422	
0.4	5.4	39	271	25	3	2	120	2	120	0.01	0	0.01	0.01	60	0	60	60	
0.4	5.4	44	272	4	3	38	90172	38	90172	0.00594737	0.00386213	0.003	0.017	2372.95	2719.01	60	9422	
0.4	5.4	52	273	73	3	233	237206	233	237206	0.00594421	0.00413056	0.003	0.017	1018.05	1041.23	3	8282	
0.4	5.4	33	274	20	3	63	151734	63	151734	0.00677778	0.00373495	0.003	0.017	2408.48	1777.84	57	8282	
0.4	5.4	14	277	17	3	86	220379	84	214461	0.00641667	0.00368392	0.003	0.017	2553.11	2138.25	60	9422	
0.4	5.4	35	278	6	3	185	704455	185	704455	0.00663243	0.00350698	0.003	0.01	3807.86	2889.22	14	9422	
0.4	5.4	23	286	7	3	68	153352	68	145705	0.00691176	0.00350154	0.003	0.01	2142.72	1700.55	60	9422	
0.4	5.4	28	287	14	3	71	182974	71	182974	0.00694366	0.00349648	0.003	0.01	2577.1	1651.29	36	8873	
0.4	5.4	41	288	36	3	1	60	1	60	0.003	0	0.003	0.003	60	0	60	60	
0.4	5.4	5	289	13	3	82	232658	82	232658	0.00632927	0.00351735	0.003	0.01	2837.29	1875.01	60	9422	
0.4	5.4	5	290	12	3	1	60	0	0	0	0	0	0	0	0	0	0	
0.4	5.4	1	293	17	3	171	626189	171	626189	0.00709357	0.00345943	0.003	0.01	3661.92	2915.13	45	9422	
0.4	5.4	36	296	5	3	165	598315	164	597131	0.00453658	0.00300794	0.003	0.017	3641.04	2559.8	45	9422	
0.4	5.4	21	297	16	3	1	60	1	60	0.003	0	0.003	0.003	60	0	60	60	
0.4	5.4	41	298	29	3	189	188679	189	188679	0.00537037	0.00389904	0.003	0.017	998.302	761.133	60	4107	
0.4	5.4	6	299	11	3	189	730293	190	733843	0.00734737	0.00348016	0.003	0.017	3862.33	2809.37	45	9422	
0.4	5.4	54	300	9	3	122	512579	122	512579	0.00701639	0.00347597	0.003	0.01	4201.47	2699.9	45	9422	
0.4	5.4	46	301	9	3	176	668219	174	664668	0.00674138	0.00350174	0.003	0.01	3819.93	2787.9	45	9422	
0.4	5.4	36	302	19	3	65	129951	65	129951	0.00396923	0.0024365	0.003	0.01	1999.25	1622.27	60	6882	
0.4	5.4	41	303	54	3	264	229433	264	229433	0.0050947	0.00364626	0.003	0.017	869.064	782.246	24	5324	
0.4	5.4	41	304	42	3	127	105190	127	105190	0.00570079	0.004046	0.003	0.017	828.268	795.463	12	4395	
0.4	5.4	45	305	10	3	1	60	1	60	0.01	0	0.01	0.01	60	0	60	60	
0.4	5.4	57	307	13	3	115	377256	115	377256	0.0051913	0.00326033	0.003	0.01	3280.49	2282.86	45	9422	
0.4	5.4	17	309	13	3	85	212081	85	212081	0.0058	0.00344964	0.003	0.01	2495.07	1653.42	60	9422	
0.4	5.4	57	310	11	3	152	479045	152	479045	0.00778947	0.0033625	0.003	0.017	3151.61	2577.89	60	9422	
0.4	5.4	39	311	40	3	274	394465	274	394465	0.00591241	0.00384969	0.003	0.017	1439.65	1490.26	33	9422	
0.4	5.4	32	312	16	3	125	434739	125	434739	0.006584	0.00351307	0.003	0.01	3477.91	2832.61	45	9422	
0.4	5.4	42	313	4	3	133	297396	133	297396	0.00378947	0.00222265	0.003	0.01	2236.06	1625.2	60	8873	
0.4	5.4	55	315	12	3	4	240	4	240	0.0065	0.00404145	0.003	0.01	60	0	60	60	
0.4	5.4	21	316	38	3	4	2484	4	2484	0.00825	0.0035	0.003	0.01	621	459.442	60	1184	
0.4	5.4	56	319	6	3	59	130893	59	130893	0.00833898	0.00352141	0.003	0.017	2218.53	1469.63	13	5324	
0.4	5.4	26	320	6	3	217	839226	217	839226	0.00829032	0.0034364	0.003	0.017	3867.4	2913.99	45	9422	
0.4	5.4	49	321	10	3	116	239792	114	237424	0.00815789	0.00336452	0.003	0.017	2082.67	1774.33	13	9422	
0.4	5.4	38	322	23	3	157	314491	157	314491	0.00781529	0.00353158	0.003	0.017	2003.13	1511.18	13	9422	
0.4	5.4	51	328	15	3	76	317831	76	317831	0.00456579	0.00293637	0.003	0.01	4181.99	2927.02	45	9422	
0.4	5.4	49	330	16	3	2	120	2	120	0.0065	0.00494975	0.003	0.01	60	0	60	60	
0.4	5.4	10	331	1	3	164	555820	164	555820	0.00615854	0.00349397	0.003	0.01	3389.15	2289.52	36	9422	
0.4	5.4	10	332	18	3	230	605474	230	605474	0.00662174	0.00362553	0.003	0.017	2632.5	2000.22	57	9422	
0.4	5.4	12	333	12	3	114	281918	114	281918	0.0082807	0.00302646	0.003	0.01	2472.96	1962.8	60	9422	
0.4	5.4	27	335	5	3	120	149975	120	149975	0.00725833	0.00474119	0.003	0.017	1249.79	1403.14	60	9422	
0.4	5.4	45	336	2	3	50	126269	49	120945	0.00714286	0.00347611	0.003	0.01	2468.27	2191.59	60	9422	
0.4	5.4	35	338	3	3	28	69936	28	69936	0.00675	0.00355512	0.003	0.01	2497.71	2496.43	60	9422	
0.4	5.4	39	339	75	3	251	486911	251	486911	0.00545418	0.00334677	0.003	0.01	1939.88	1672.36	60	9422	
0.4	5.4	35	340	4	3	3	180	3	180	0.01	0	0.01	0.01	60	0	60	60	
0.4	5.4	21	341	25	3	95	256686	95	256686	0.0034421	0.00171176	0.003	0.01	2701.96	2246.28	60	9422	
0.4	5.4	53	342	11	3	2	120	2	120	0.003	0	0.003	0.003	60	0	60	60	
0.4	5.4	55	347	5	3	2	120	2	120	0.0065	0.00494975	0.003	0.01	60	0	60	60	
0.4	5.4	22	348	1	3	58	119169	58	119169	0.00348276	0.00221828	0.003	0.017	2054.64	1367.9	60	5324	
0.4	5.4	21	351	29	3	77	176469	77	176469	0.00572727	0.00442075	0.003	0.017	2291.81	1877.17	60	9422	
0.4	5.4	13	352	16	3	76	248164	76	248164	0.00327631	0.00137209	0.003	0.01	3265.32	2592.49	60	9422	
0.4	5.4	36	353	11	3	73	228153	73	228153	0.00309589	0.000819288	0.003	0.01	3125.38	2561.3	60	9422	
0.4	5.4	37	354	38	3	2	120	2	120	0.0065	0.00494975	0.003	0.01	60	0	60	60	
0.4	5.4	41	356	35	3	170	208809	170	208809	0.00547059	0.00335507	0.003	0.01	1228.29	1152.83	57	7708	
0.4	5.4	7	358	23	3	78	208046	78	208046	0.00488461	0.00312502	0.003	0.01	2667.26	1966.23	60	9422	
0.4	5.4	52	359	63	3	269	322455	269	322455	0.00495167	0.00314475	0.003	0.01	1198.72	947.036	7	7319	
0.4	5.4	37	360	2	3	1	60	1	60	0.003	0	0.003	0.003	60	0	60	60	
0.4	5.4	31	362	15	3	103	413191	103	413191	0.00680582	0.00350366	0.003	0.01	4011.56	2521.76	45	9422	
0.4	5.4	8	363	7	3	283	440672	279	437120	0.00673835	0.00397017	0.003	0.017	1566.74	1328.41	49	9422	
0.4	5.4	37	364	45	3	29	37471	29	37471	0.003	0	0.003	0.003	1292.1	1175.47	60	4395	
0.4	5.4	18	365	7	3	35	88990	35	88990	0.0092	0.00282635	0.003	0.017	2542.57	2423.89	60	9422	
0.4	5.4	41	369	47	3	66	66474	66	66474	0.00437879	0.0028053	0.003	0.01	1007.18	783.127	24	3359	
0.4	5.4	52	372	1	3	1	60	1	60	0.003	0	0.003	0.003	60	0	60	60	
0.4	5.4	41	374	24	3	169	331858	169	331858	0.003	0	0.003	0.003	1963.66	1399.16	60	8282	
0.4	5.4	52	375	58	3	368	443706	368	443706	0.00528261	0.00336621	0.003	0.017	1205.72	1096.36	14	8873	
0.4	5.4	12	376	2	3	94	285307	94	285307	0.00776596	0.00328052	0.003	0.01	3035.18	1984.61	60	9422	
0.4	5.4	15	384	10	3	196	256524	196	256524	0.00582143	0.00422857	0.003	0.017	1308.8	1262.43	4	9422	
0.4	5.4	15	385	6	3	117	204493	117	204493	0.00605128	0.00394104	0.003	0.017	1747.8	1681.38	60	9422	
0.4	5.4	45	386	18	3	78	313815	78	313815	0.003	0	0.003	0.003	4023.27	2931.85	45	9422	
0.4	5.4	37	388	29	3	174	178459	174	178459	0.00722414	0.00456694	0.003	0.017	1025.63	1032.01	60	9422	
0.4	5.4	53	389	6	3	248	505575	248	505575	0.00760081	0.00412727	0.003	0.024	2038.61	1600.13	26	9422	
0.4	5.4	21	390	35	3	170	344547	171	345731	0.00717544	0.00398729	0.003	0.017	2021.82	1689.18	57	9422	
0.4	5.4	29	391	5	3	2	120	2	120	0.0065	0.00494975	0.003	0.01	60	0	60	60	
0.4	5.4	2	395	35	3	215	713267	215	713267	0.00436744	0.00278176	0.003	0.01	3317.52	2548.63	45	9422	
0.4	5.4	18	396	12	3	4	3667	4	3667	0.00825	0.0035	0.003	0.01	916.75	733.545	60	1775	
0.4	5.4	19	398	14	3	100	249833	101	253383	0.0080594	0.00314904	0.003	0.01	2508.74	1763.61	60	9422	
0.4	5.4	52	400	30	3	197	225393	197	225393	0.00566497	0.003621	0.003	0.017	1144.13	1049.82	24	7099	
0.4	5.4	8	401	5	3	35	90065	35	90065	0.003	0	0.003	0.003	2573.29	2324.07	60	9422	
0.4	5.4	7	403	16	3	74	233354	74	233354	0.00754054	0.00336456	0.003	0.01	3153.43	2400.98	60	9422	
0.4	5.4	41	404	76	3	106	169450	106	169450	0.00557547	0.00339172	0.003	0.01	1598.58	1124.85	28	6507	
0.4	5.4	8	405	20	3	74	136956	74	136956	0.00536486	0.00333341	0.003	0.01	1850.76	1742.54	53	9422	
0.4	5.4	22	407	13	3	3	180	3	180	0.01	0	0.01	0.01	60	0	60	60	
0.4	5.4	25	408	20	3	86	288363	86	288363	0.0082093	0.00307214	0.003	0.01	3353.06	2126.5	57	8873	
0.4	5.4	42	409	14	3	4	240	4	240	0.003	0	0.003	0.003	60	0	60	60	
0.4	5.4	43	410	17	3	150	635050	150	635050	0.003	0	0.003	0.003	4233.67	3001.7	45	9422	
0.4	5.4	36	411	7	3	128	422462	128	418659	0.00469531	0.00301063	0.003	0.01	3270.77	2627.2	45	9422	
0.4	5.4	53	413	2	3	156	345739	156	345739	0.00739743	0.00348579	0.003	0.017	2216.28	1794.97	60	9422	
0.4	5.4	37	414	41	3	176	156513	176	156513	0.00522727	0.0034367	0.003	0.017	889.278	750.634	7	6882	
0.4	5.4	24	415	1	3	55	166960	55	166960	0.00312727	0.00094388	0.003	0.01	3035.64	2167.75	60	9422	
0.4	5.4	13	416	9	3	78	174092	78	174092	0.003	0	0.003	0.003	2231.95	1793.41	60	9422	
0.4	5.4	17	417	7	3	97	369320	97	369320	0.00314433	0.000999893	0.003	0.01	3807.42	2329.1	60	9422	
0.4	5.4	56	419	5	3	65	142238	65	142238	0.00806154	0.00315672	0.003	0.01	2188.28	2308.85	60	9422	
0.4	5.4	57	423	6	3	141	452869	141	452869	0.00801418	0.00327542	0.003	0.017	3211.84	2372.14	45	9422	
0.4	5.4	47	424	6	3	194	460526	194	460526	0.00700515	0.00382045	0.003	0.017	2373.85	1846.61	60	9422	
0.4	5.4	46	426	14	3	1	60	1	60	0.003	0	0.003	0.003	60	0	60	60	
0.4	5.4	21	428	21	3	1	60	1	60	0.003	0	0.003	0.003	60	0	60	60	
0.4	5.4	30	429	13	3	89	310955	89	310955	0.00858427	0.00282766	0.003	0.01	3493.88	2934.59	45	9422	
0.4	5.4	57	430	1	3	32	91824	32	91824	0.0069375	0.00352811	0.003	0.01	2869.5	2572.16	60	9422	
0.4	5.4	47	432	20	3	40	96570	40	96570	0.00615	0.00352682	0.003	0.01	2414.25	1756.42	60	7099	
0.4	5.4	12	433	5	3	29	98923	29	98923	0.00710345	0.00350861	0.003	0.01	3411.14	2508.8	60	9422	
0.4	5.4	26	434	7	3	74	214325	74	214325	0.00489189	0.00333749	0.003	0.017	2896.28	2162.59	60	8282	
0.4	5.4	43	435	1	3	34	85919	34	85919	0.00547059	0.0033955	0.003	0.01	2527.03	1791.43	60	8873	
0.4	5.4	9	437	11	3	4	3667	4	3667	0.00475	0.0035	0.003	0.01	916.75	733.545	60	1775	
0.4	5.4	11	438	2	3	156	519136	156	519136	0.00896795	0.00248977	0.003	0.01	3327.79	2449.66	45	9422	
0.4	5.4	8	439	21	3	240	481663	239	480538	0.00566527	0.00346605	0.003	0.017	2010.62	2062.84	60	9422	
0.4	5.4	4	441	4	3	43	113121	43	113121	0.00316279	0.00106749	0.003	0.01	2630.72	1929.56	60	9422	
0.4	5.4	41	442	69	3	210	399334	210	399334	0.00566667	0.00379793	0.003	0.017	1901.59	2139.58	24	9422	
0.4	5.4	14	446	2	3	203	710492	203	710492	0.00558621	0.00338696	0.003	0.01	3499.96	2536.29	17	9422	
0.4	5.4	9	447	24	3	170	603144	170	603144	0.00629412	0.00350426	0.003	0.01	3547.91	2199.66	45	9422	
0.4	5.4	39	448	38	3	106	119172	106	119172	0.00478302	0.0030644	0.003	0.01	1124.26	828.179	58	4141	
0.4	5.4	52	451	10	3	5	830	5	830	0.0058	0.00383406	0.003	0.01	166	152.038	60	389	
0.4	5.4	50	452	10	3	2	120	2	120	0.01	0	0.01	0.01	60	0	60	60	
0.4	5.4	34	453	36	3	116	254623	116	254623	0.00559483	0.00339559	0.003	0.01	2195.03	1714.45	60	9422	
0.4	5.4	17	454	16	3	187	781339	186	776603	0.00348925	0.00178958	0.003	0.01	4175.28	2685.43	45	9422	
0.4	5.4	52	455	20	3	3	180	3	180	0.00766667	0.00404145	0.003	0.01	60	0	60	60	
0.4	5.4	44	456	5	3	12	42122	12	42122	0.00941667	0.00202073	0.003	0.01	3510.17	3339.51	60	9422	
0.4	5.4	1	457	14	3	135	398636	135	398636	0.0084963	0.00288556	0.003	0.01	2952.86	2184.66	26	9422	
0.4	5.4	36	459	10	3	155	341810	155	341810	0.00756129	0.00370693	0.003	0.017	2205.23	2051.08	4	9422	
0.4	5.4	52	460	33	3	1	60	1	60	0.003	0	0.003	0.003	60	0	60	60	
0.4	5.4	38	462	5	3	40	89481	40	89481	0.0065	0.00354459	0.003	0.01	2237.03	2277.75	60	9422	
0.4	5.4	9	463	12	3	104	246901	104	246901	0.00811538	0.00380676	0.003	0.017	2374.05	2129.16	19	9422	
0.4	5.4	23	465	8	3	5	5442	5	5442	0.01	0	0.01	0.01	1088.4	742.216	60	1775	
0.4	5.4	55	466	42	3	42	45144	42	45144	0.006	0.00350609	0.003	0.01	1074.86	875.192	5	3550	
0.4	5.4	39	470	43	3	196	235789	197	235797	0.0061269	0.00362941	0.003	0.017	1196.94	1103.24	6	9422	
0.4	5.4	18	471	5	3	133	526673	134	527857	0.00749254	0.00347655	0.003	0.017	3939.23	2895.55	45	9422	
0.4	5.4	52	472	32	3	226	229352	226	229352	0.00541593	0.00333527	0.003	0.01	1014.83	1078.31	26	9422	
0.4	5.4	27	473	21	3	263	674939	263	674939	0.0055019	0.00336106	0.003	0.01	2566.31	2122.75	43	9422	
0.4	5.4	36	474	6	3	104	249266	104	249266	0.00724038	0.00343736	0.003	0.01	2396.79	2008.3	60	9422	
0.4	5.4	20	476	12	3	1	60	1	60	0.003	0	0.003	0.003	60	0	60	60	
0.4	5.4	26	477	5	3	88	236923	88	236923	0.00825	0.00304846	0.003	0.01	2692.31	2710.01	60	9422	
0.4	5.4	7	479	4	3	125	227957	126	228549	0.0085	0.00314388	0.003	0.017	1813.88	1832.63	60	9422	
0.4	5.4	53	480	8	3	119	261111	119	261111	0.00564706	0.00340883	0.003	0.01	2194.21	1805.16	60	9422	
0.4	5.4	50	481	1	3	111	409196	111	409196	0.00798198	0.00318514	0.003	0.01	3686.45	2839.83	45	9422	
0.4	5.4	38	485	11	3	128	501844	128	501844	0.0060625	0.00348619	0.003	0.01	3920.66	2725.47	14	9422	
0.4	5.4	40	486	11	3	112	400662	112	400662	0.003	0	0.003	0.003	3577.34	1979.34	60	9422	
0.4	5.4	11	489	7	3	129	387092	129	387092	0.00696124	0.003483	0.003	0.01	3000.71	2816.06	45	9422	
0.4	5.4	37	490	20	3	492	603632	492	603632	0.00540447	0.00332751	0.003	0.01	1226.89	852.446	16	8079	
0.4	5.4	46	491	13	3	162	448801	162	448801	0.00723457	0.00343266	0.003	0.01	2770.38	2293.29	14	9422	
0.4	5.4	2	496	15	3	111	286066	111	286066	0.00432432	0.00275405	0.003	0.01	2577.17	2142.2	60	9422	
0.4	5.4	4	497	16	3	52	203635	52	203635	0.00623077	0.00352368	0.003	0.01	3916.06	2111.62	60	8873	
0.4	5.4	50	498	12	3	162	600175	162	600175	0.00753704	0.0033532	0.003	0.01	3704.78	2820.75	45	9422	
0.4	5.4	47	499	2	3	77	239156	77	239156	0.00309091	0.000797724	0.003	0.01	3105.92	1965.57	60	9422	
0.4	5.4	41	500	21	3	1	60	1	60	0.003	0	0.003	0.003	60	0	60	60	
0.4	5.4	8	502	1	3	3	180	3	180	0.00766667	0.0080829	0.003	0.017	60	0	60	60	
0.4	5.4	46	503	18	3	167	475556	167	475556	0.00580838	0.0034413	0.003	0.01	2847.64	2293.41	45	9422	
0.4	5.4	39	504	71	3	151	158807	151	158807	0.00666225	0.00434033	0.003	0.017	1051.7	1257.04	37	9422	
0.4	5.4	52	507	31	3	8	8996	8	8996	0.003875	0.00247487	0.003	0.01	1124.5	812.033	23	2196	
0.4	5.4	12	509	16	3	164	551042	164	551042	0.0067561	0.00350131	0.003	0.01	3360.01	2354.47	36	9422	
0.4	5.4	55	510	50	3	14	14327	14	14327	0.0065	0.00363212	0.003	0.01	1023.36	606.889	60	1775	
0.4	5.4	23	511	12	3	113	297865	113	297865	0.00529203	0.00329957	0.003	0.01	2635.97	1940.15	60	9422	
0.4	5.4	2	512	19	3	180	196327	180	196327	0.00622778	0.00452285	0.003	0.024	1090.71	831.82	13	4731	
0.4	5.4	52	514	69	3	298	438343	298	438343	0.00581879	0.00357988	0.003	0.017	1470.95	1765.4	10	9422	
0.4	5.4	34	515	49	3	29	40378	29	40378	0.00372414	0.00216954	0.003	0.01	1392.34	963.719	60	3550	
0.4	5.4	48	517	4	3	123	373006	122	369456	0.00810656	0.00312232	0.003	0.01	3028.33	2171.16	45	9422	
0.4	5.4	21	518	18	3	194	362469	194	362469	0.00686082	0.00403048	0.003	0.017	1868.4	1606.61	8	9422	
0.4	5.4	9	519	16	3	108	298470	108	298470	0.00688889	0.00362322	0.003	0.017	2763.61	2056.52	36	9422	
0.4	5.4	38	520	6	3	62	106078	62	106078	0.00887097	0.00424065	0.003	0.017	1710.94	1343.96	28	4733	
0.4	5.4	44	522	22	3	70	206633	70	206633	0.0087	0.00274179	0.003	0.01	2951.9	2875.72	45	9422	
0.4	5.4	29	523	3	3	46	120347	45	117389	0.00766667	0.00333712	0.003	0.01	2608.64	2052.6	60	9422	
0.4	5.4	46	525	5	3	10	9587	10	9587	0.0079	0.00338132	0.003	0.01	958.7	482.272	60	1775	
0.4	5.4	52	526	55	3	1	60	1	60	0.003	0	0.003	0.003	60	0	60	60	
0.4	5.4	55	527	43	3	16	14925	16	14925	0.005625	0.0035	0.003	0.01	932.812	646.094	60	2196	
0.4	5.4	10	528	5	3	2	120	2	120	0.01	0	0.01	0.01	60	0	60	60	
0.4	5.4	15	530	15	3	72	126216	72	126216	0.00572222	0.00343643	0.003	0.01	1753	1479.88	4	7690	
0.4	5.4	44	531	21	3	75	185934	75	185934	0.00757333	0.00335379	0.003	0.01	2479.12	1911.01	60	9422	
0.4	5.4	40	533	7	3	132	427550	132	427550	0.00846212	0.00290933	0.003	0.01	3239.02	2275.94	60	9422	
0.4	5.4	47	535	22	3	183	520490	182	517532	0.00680769	0.00372113	0.003	0.017	2843.58	2452.23	45	9422	
0.4	5.4	14	537	18	3	83	281756	83	281756	0.003	0	0.003	0.003	3394.65	2019.67	60	9422	
0.4	5.4	37	538	5	3	204	209324	204	209324	0.00622549	0.0034978	0.003	0.01	1026.1	699.231	43	4107	
0.4	5.4	24	539	3	3	31	107207	31	107207	0.00819355	0.00311362	0.003	0.01	3458.29	2326.25	60	9422	
0.4	5.4	31	542	9	3	45	137975	45	137975	0.003	0	0.003	0.003	3066.11	2095.83	60	9422	
0.4	5.4	51	543	10	3	23	64612	23	64612	0.00908696	0.00241045	0.003	0.01	2809.22	2805.03	60	9422	
0.4	5.4	14	546	6	3	13	32065	13	32065	0.00623077	0.00363212	0.003	0.01	2466.54	1622.39	60	5324	
0.4	5.4	4	547	3	3	2	116	2	116	0.003	0	0.003	0.003	58	2.82843	56	60	
0.4	5.4	18	548	9	3	17	44497	17	44497	0.00752941	0.00344815	0.003	0.01	2617.47	1675.62	60	5664	
0.4	5.4	25	549	18	3	98	315485	98	315485	0.003	0	0.003	0.003	3219.23	1956.25	60	9422	
0.4	5.4	34	551	48	3	150	169601	149	166051	0.00544295	0.00398033	0.003	0.017	1114.44	1070.19	36	9422	
0.4	5.4	52	553	11	3	2	120	2	120	0.0065	0.00494975	0.003	0.01	60	0	60	60	
0.4	5.4	54	555	10	3	102	432584	102	432584	0.00615686	0.00350034	0.003	0.01	4241.02	2407.51	60	9422	
0.4	5.4	7	558	17	3	2	120	2	120	0.003	0	0.003	0.003	60	0	60	60	
0.4	5.4	38	559	22	3	107	233476	107	233476	0.00699065	0.00397752	0.003	0.017	2182.02	1646.75	60	9422	
0.4	5.4	47	560	21	3	194	538148	194	538148	0.0044433	0.00292734	0.003	0.017	2773.96	2228.76	45	9422	
0.4	5.4	55	566	39	3	94	113344	92	105710	0.00543478	0.00335223	0.003	0.01	1149.02	1369.61	60	9422	
0.4	5.4	9	567	23	3	104	275411	104	275411	0.00609615	0.00349346	0.003	0.01	2648.18	2088.73	45	9422	
0.4	5.4	8	568	2	3	182	310734	183	312509	0.00701639	0.00404436	0.003	0.017	1707.7	1489.09	5	9422	
0.4	5.4	10	570	3	3	66	81260	66	81260	0.00660606	0.00373293	0.003	0.017	1231.21	976.127	36	4107	
0.4	5.4	16	571	2	3	135	475463	135	475463	0.00839259	0.00295513	0.003	0.01	3521.95	2511.8	60	9422	
0.4	5.4	17	575	6	3	217	585366	217	585366	0.00735484	0.00378085	0.003	0.017	2697.54	2401.73	9	9422	
0.4	5.4	12	576	11	3	18	37401	18	37401	0.00805555	0.00402159	0.003	0.017	2077.83	1416.8	60	5324	
0.4	5.4	23	577	3	3	100	317905	100	317905	0.00713	0.00346018	0.003	0.01	3179.05	1910.75	60	9422	
0.4	5.4	43	578	15	3	76	237967	76	237967	0.00778947	0.00327543	0.003	0.01	3131.14	2255.61	60	9422	
0.4	5.4	52	579	23	3	1	60	1	60	0.01	0	0.01	0.01	60	0	60	60	
0.4	5.4	50	581	5	3	169	661000	169	661000	0.00631361	0.00350542	0.003	0.01	3911.24	2603.3	45	9422	
0.4	5.4	44	582	10	3	22	36803	22	36803	0.00681818	0.00356753	0.003	0.01	1672.86	1280.32	60	5324	
0.4	5.4	43	584	18	3	88	265200	88	265200	0.00817045	0.00309327	0.003	0.01	3013.64	2739.4	60	9422	
0.4	5.4	50	585	7	3	173	665362	173	665362	0.003	0	0.003	0.003	3846.02	2510.92	45	9422	
0.4	5.4	37	586	1	3	2	120	2	120	0.0065	0.00494975	0.003	0.01	60	0	60	60	
0.4	5.4	50	587	4	3	70	163438	68	156147	0.00619118	0.00351227	0.003	0.01	2296.28	2214.7	60	9422	
0.4	5.4	10	588	17	3	136	240572	137	245305	0.0070365	0.00376987	0.003	0.017	1790.55	1581.32	20	9422	
0.4	5.4	39	590	79	3	248	367722	248	367722	0.00616129	0.00365714	0.003	0.017	1482.75	1565.57	8	9422	
0.4	5.4	30	591	9	3	78	303270	78	303270	0.00569231	0.00342757	0.003	0.01	3888.08	2992.7	45	9422	
0.4	5.4	55	592	32	3	32	78836	32	78836	0.00540625	0.00337791	0.003	0.01	2463.63	1939.31	60	6882	
0.4	5.4	39	593	31	3	62	63576	62	63576	0.00435484	0.00278813	0.003	0.01	1025.42	676.83	60	3332	
0.4	5.4	39	595	13	3	2	120	2	120	0.01	0.00989949	0.003	0.017	60	0	60	60	
0.4	5.4	26	597	10	3	110	338664	109	337480	0.00325688	0.0013222	0.003	0.01	3096.15	2439.67	60	9422	
0.4	5.4	51	599	2	3	146	493193	146	493193	0.003	0	0.003	0.003	3378.03	2408.11	60	9422	
0.4	5.4	55	600	9	3	5	300	5	300	0.01	0	0.01	0.01	60	0	60	60	
0.4	5.4	44	601	6	3	1	60	1	60	0.003	0	0.003	0.003	60	0	60	60	
0.4	5.4	46	602	2	3	50	75281	50	75281	0.00804	0.00347563	0.003	0.017	1505.62	1085.5	60	5324	
0.4	5.4	44	603	16	3	72	182368	72	182368	0.00815278	0.00310683	0.003	0.01	2532.89	1952.17	60	9422	
0.4	5.4	28	606	9	3	2	708	2	708	0.01	0	0.01	0.01	354	415.779	60	648	
0.4	5.4	55	607	31	3	156	138775	156	138775	0.00658974	0.00416881	0.003	0.017	889.583	1053.8	29	9422	
0.4	5.4	39	609	44	3	22	14342	22	14342	0.00490909	0.00385337	0.003	0.017	651.909	485.941	60	1775	
0.4	5.4	27	610	9	3	119	208486	119	208486	0.00617647	0.00349975	0.003	0.01	1751.98	1355.38	60	7099	
0.4	5.4	8	611	34	3	45	65827	45	65827	0.00611111	0.00351763	0.003	0.01	1462.82	987.109	36	4107	
0.4	5.4	48	613	1	3	134	475989	134	475989	0.00362686	0.00200627	0.003	0.01	3552.16	2022.99	60	9422	
0.4	5.4	48	616	13	3	82	239759	82	239759	0.00940244	0.00225454	0.003	0.017	2923.89	2031.34	60	9422	
0.4	5.4	9	617	4	3	46	151587	46	151587	0.0065	0.00353868	0.003	0.01	3295.37	2500.38	60	9422	
0.4	5.4	28	618	3	3	129	287820	129	287820	0.00755814	0.00334922	0.003	0.01	2231.16	1863.04	60	9422	
0.4	5.4	29	621	6	3	101	398293	101	398293	0.00431683	0.00274929	0.003	0.01	3943.5	2777.04	45	9422	
0.4	5.4	41	622	46	3	83	123387	83	123387	0.00578313	0.00344663	0.003	0.01	1486.59	1078.49	50	6507	
0.4	5.4	54	625	8	3	50	129106	50	129106	0.00748	0.00339411	0.003	0.01	2582.12	1837.43	60	7099	
0.4	5.4	4	626	2	3	46	155253	46	155253	0.00786956	0.00325651	0.003	0.01	3375.07	2394.05	45	9422	
0.4	5.4	7	628	12	3	130	615298	130	615298	0.00326923	0.00135136	0.003	0.01	4733.06	3239.53	45	9422	
0.4	5.4	17	629	1	3	3	1892	3	1892	0.01	0	0.01	0.01	630.667	562.2	60	1184	
0.4	5.4	27	630	22	3	152	194381	152	194381	0.00622368	0.00447687	0.003	0.017	1278.82	978.603	9	4904	
0.4	5.4	23	631	16	3	119	339962	119	339962	0.00647059	0.00374352	0.003	0.017	2856.82	2308.19	27	9422	
0.4	5.4	14	633	12	3	21	37397	21	37397	0.00933333	0.00210555	0.003	0.01	1780.81	1206.92	56	4141	
0.4	5.4	39	637	67	3	29	23811	29	23811	0.00589655	0.00350861	0.003	0.01	821.069	518.084	60	1775	
0.4	5.4	47	638	11	3	163	317932	163	317932	0.00793865	0.0036425	0.003	0.017	1950.5	1546.51	60	9422	
0.4	5.4	6	639	4	3	104	454485	104	454485	0.00326923	0.00135267	0.003	0.01	4370.05	2789.13	45	9422	
0.4	5.4	29	640	1	3	180	675333	180	676516	0.00774444	0.00328042	0.003	0.01	3758.42	2403.96	45	9422	
0.4	5.4	34	641	58	3	253	438374	253	438374	0.00620949	0.00349484	0.003	0.01	1732.7	1501.3	40	9422	
0.4	5.4	39	644	15	3	1	60	1	60	0.003	0	0.003	0.003	60	0	60	60	
0.4	5.4	23	645	5	3	199	704233	200	706850	0.007025	0.00346908	0.003	0.01	3534.25	2715.76	45	9422	
0.4	5.4	21	646	36	3	67	98478	67	98478	0.00310448	0.000855186	0.003	0.01	1469.82	1579.79	60	7099	
0.4	5.4	33	647	23	3	109	393564	109	393564	0.0042844	0.00272197	0.003	0.01	3610.68	2320.24	60	9422	
0.4	5.4	42	648	18	3	4	240	4	240	0.003	0	0.003	0.003	60	0	60	60	
0.4	5.4	44	649	23	3	30	74200	30	74200	0.0086	0.00284787	0.003	0.01	2473.33	2506.37	60	9422	
0.4	5.4	55	652	27	3	159	189591	159	189591	0.00713836	0.0037119	0.003	0.017	1192.4	1085.29	60	9422	
0.4	5.4	41	654	15	3	255	231320	255	231320	0.00536078	0.0034303	0.003	0.017	907.137	818.36	39	4904	
0.4	5.4	41	655	67	3	115	146987	116	148171	0.00481034	0.00307843	0.003	0.01	1277.34	914.61	60	4904	
0.4	5.4	22	657	10	3	170	551694	170	551694	0.00711765	0.00353817	0.003	0.017	3245.26	2161.16	60	9422	
0.4	5.4	41	659	50	3	392	365898	392	365898	0.00564286	0.00394398	0.003	0.017	933.413	804.996	3	4975	
0.4	5.4	13	660	15	3	63	191240	63	191240	0.003	0	0.003	0.003	3035.56	2539.44	60	9422	
0.4	5.4	22	661	6	3	86	225568	86	225568	0.00536046	0.00332871	0.003	0.01	2622.88	1818.04	60	9422	
0.4	5.4	55	662	15	3	89	97382	89	97382	0.00591011	0.00362642	0.003	0.017	1094.18	1107.48	60	9422	
0.4	5.4	28	664	10	3	166	490192	166	490192	0.00713253	0.00353775	0.003	0.017	2952.96	2475.36	13	9422	
0.4	5.4	52	665	52	3	220	196163	220	196163	0.00605454	0.00354317	0.003	0.017	891.65	625.246	36	4395	
0.4	5.4	39	667	32	3	190	422740	191	422860	0.00483246	0.00347823	0.003	0.017	2213.93	2146.12	45	9422	
0.4	5.4	22	668	9	3	186	567677	186	567677	0.00725269	0.00365182	0.003	0.017	3052.03	2355.68	45	9422	
0.4	5.4	41	670	65	3	260	333129	260	333129	0.00518077	0.00347329	0.003	0.017	1281.27	1150.01	58	7099	
0.4	5.4	1	671	15	3	86	322565	86	322565	0.00373256	0.00215529	0.003	0.01	3750.76	2809.59	45	9422	
0.4	5.4	41	675	17	3	97	120922	97	120922	0.00494845	0.00315361	0.003	0.01	1246.62	938.093	53	4904	
0.4	5.4	37	677	58	3	127	137517	127	137517	0.00570079	0.00342103	0.003	0.01	1082.81	891.236	44	5322	
0.4	5.4	57	679	14	3	116	378202	116	378202	0.00873276	0.00270702	0.003	0.01	3260.36	2310.12	45	9422	
0.4	5.4	45	680	20	3	48	139760	48	139760	0.00445833	0.0028729	0.003	0.01	2911.67	2370.84	60	9422	
0.4	5.4	34	681	30	3	52	49892	52	49892	0.00569231	0.0039583	0.003	0.017	959.462	1043.42	5	6507	
0.4	5.4	20	682	17	3	152	483757	152	483757	0.00792763	0.00340257	0.003	0.017	3182.61	2596.38	45	9422	
0.4	5.4	15	683	21	3	277	559532	277	559532	0.00716967	0.00422854	0.003	0.024	2019.97	2128.49	13	9422	
0.4	5.4	42	684	32	3	160	510892	160	510892	0.00566875	0.0035867	0.003	0.017	3193.08	2570.64	45	9422	
0.4	5.4	47	685	12	3	171	435633	172	436225	0.00706977	0.0037033	0.003	0.017	2536.19	1838.34	60	9422	
0.4	5.4	5	686	3	3	168	423241	169	424425	0.00755621	0.00343279	0.003	0.017	2511.39	1682.63	30	9422	
0.4	5.4	17	689	15	3	33	51037	33	51037	0.00575757	0.0042649	0.003	0.017	1546.58	1458.86	60	7099	
0.4	5.4	56	690	8	3	2	120	2	120	0.0065	0.00494975	0.003	0.01	60	0	60	60	
0.4	5.4	17	691	10	3	64	188992	65	192294	0.00903077	0.00324504	0.003	0.017	2958.37	2620.41	56	9422	
0.4	5.4	41	692	25	3	40	35061	40	35061	0.005625	0.00343203	0.003	0.01	876.525	509.542	6	1775	
0.4	5.4	48	693	3	3	52	128516	52	128516	0.00555769	0.00340365	0.003	0.01	2471.46	1554.69	60	7099	
0.4	5.4	10	695	15	3	99	118657	99	118657	0.00674747	0.00416091	0.003	0.024	1198.56	1102.99	36	4395	
0.4	5.4	42	696	5	3	95	143362	95	143362	0.00638947	0.00351681	0.003	0.01	1509.07	1099.33	43	5324	
0.4	5.4	57	698	3	3	5	300	5	300	0.01	0	0.01	0.01	60	0	60	60	
0.4	5.4	2	700	27	3	125	367634	124	365686	0.00412903	0.00258503	0.003	0.01	2949.08	2496.68	45	9422	
0.4	5.4	37	704	49	3	219	263178	219	263178	0.00507762	0.00320527	0.003	0.01	1201.73	1228.42	14	9422	
0.4	5.4	23	706	6	3	75	179418	75	179418	0.00776	0.00328732	0.003	0.01	2392.24	2069.99	45	9422	
0.4	5.4	13	707	3	3	110	379978	110	379978	0.00624545	0.00350671	0.003	0.01	3454.35	2071.51	36	9422	
0.4	5.4	38	708	4	3	138	488980	138	488980	0.0065	0.00351275	0.003	0.01	3543.33	2573.42	45	9422	
0.4	5.4	53	709	19	3	56	171229	56	171229	0.0035	0.00181909	0.003	0.01	3057.66	2410.04	60	9422	
0.4	5.4	52	710	4	3	4	240	4	240	0.00825	0.0035	0.003	0.01	60	0	60	60	
0.4	5.4	31	713	11	3	17	49229	16	46271	0.007375	0.0035	0.003	0.01	2891.94	3184.97	60	9422	
0.4	5.4	38	714	19	3	2	708	2	708	0.003	0	0.003	0.003	354	415.779	60	648	
0.4	5.4	46	715	20	3	98	165838	98	165838	0.00728571	0.00384493	0.003	0.017	1692.22	1264.81	60	6236	
0.4	5.4	11	716	10	3	31	65320	31	65320	0.00977419	0.00220166	0.003	0.017	2107.1	1534.33	60	5324	
0.4	5.4	10	717	14	3	12	10773	11	9589	0.00745454	0.00353167	0.003	0.01	871.727	522.84	60	1775	
0.4	5.4	36	718	18	3	17	37404	17	37404	0.00835294	0.00464948	0.003	0.017	2200.24	1744.57	60	7598	
0.4	5.4	5	720	1	3	66	185434	66	185434	0.003	0	0.003	0.003	2809.61	2354.47	45	9422	
0.4	5.4	31	724	14	3	21	36918	21	36918	0.00566667	0.00348329	0.003	0.01	1758	1368.58	60	5324	
0.4	5.4	42	725	34	3	130	203768	131	204333	0.00786259	0.00466701	0.003	0.024	1559.79	1605.02	45	9422	
0.4	5.4	25	730	9	3	97	274074	97	274074	0.00826804	0.00303629	0.003	0.01	2825.51	2330.37	60	9422	
0.4	5.4	52	732	12	3	2	120	2	120	0.0065	0.00494975	0.003	0.01	60	0	60	60	
0.4	5.4	20	734	21	3	115	293616	116	297166	0.00800862	0.00317188	0.003	0.01	2561.78	2007.68	60	9422	
0.4	5.4	23	735	14	3	39	69946	39	69946	0.00676923	0.00420189	0.003	0.017	1793.49	2245.17	60	9422	
0.4	5.4	55	736	48	3	56	159298	56	159298	0.00575	0.00344964	0.003	0.01	2844.61	2326.73	45	9422	
0.4	5.4	52	737	38	3	245	217735	245	217735	0.00528571	0.00379927	0.003	0.017	888.714	813.212	47	4395	
0.4	5.4	34	738	32	3	271	408080	270	405121	0.00543704	0.0036534	0.003	0.017	1500.45	1328.22	60	9422	
0.4	5.4	41	739	72	3	122	176592	122	176592	0.00518033	0.00325504	0.003	0.01	1447.48	1153.49	60	7098	
0.4	5.4	43	741	12	3	18	46268	18	46268	0.00455555	0.00299455	0.003	0.01	2570.44	3104.11	60	9422	
0.4	5.4	39	742	4	3	1	60	1	60	0.003	0	0.003	0.003	60	0	60	60	
0.4	5.4	41	743	32	3	163	339281	163	339281	0.00484662	0.00309437	0.003	0.01	2081.48	1863.68	38	9422	
0.4	5.4	26	744	8	3	2	120	2	120	0.003	0	0.003	0.003	60	0	60	60	
0.4	5.4	52	748	71	3	116	125071	116	125071	0.00571552	0.00366607	0.003	0.017	1078.2	980.252	23	5324	
0.4	5.4	39	749	1	3	51	92590	51	92590	0.003	0	0.003	0.003	1815.49	997.091	60	5324	
0.4	5.4	44	751	15	3	150	532844	150	532844	0.00902	0.00243705	0.003	0.01	3552.29	2338.05	45	9422	
0.4	5.4	48	752	23	3	114	429178	114	429178	0.0030614	0.00065561	0.003	0.01	3764.72	2189.85	60	9422	
0.4	5.4	55	753	16	3	3	180	3	180	0.00766667	0.00404145	0.003	0.01	60	0	60	60	
0.4	5.4	50	755	2	3	86	249341	86	249341	0.00894186	0.00274121	0.003	0.017	2899.31	2064.13	34	9422	
0.4	5.4	26	757	12	3	183	652239	183	652239	0.003	0	0.003	0.003	3564.15	2203.24	45	9422	
0.4	5.4	15	758	9	3	98	121511	98	121511	0.00628571	0.00391929	0.003	0.017	1239.91	1043.45	13	6507	
0.4	5.4	34	760	57	3	161	290771	161	290771	0.00652174	0.00359702	0.003	0.017	1806.03	1227.43	17	5861	
0.4	5.4	55	761	47	3	111	227401	111	227401	0.00735135	0.00366221	0.003	0.017	2048.66	1639.11	5	9422	
0.4	5.4	27	762	16	3	84	181349	84	181349	0.00575	0.00343923	0.003	0.01	2158.92	1990.96	43	9422	
0.4	5.4	14	763	15	3	42	122115	40	116788	0.003175	0.0011068	0.003	0.01	2919.7	2461.1	60	9422	
0.4	5.4	39	764	20	3	262	371472	262	371472	0.00599237	0.00387841	0.003	0.017	1417.83	1482.34	28	9422	
0.4	5.4	47	765	4	3	2	120	2	120	0.003	0	0.003	0.003	60	0	60	60	
0.4	5.4	33	767	3	3	35	70601	35	70601	0.0074	0.00343169	0.003	0.01	2017.17	2138.52	60	9422	
0.4	5.4	32	768	14	3	1	60	1	60	0.01	0	0.01	0.01	60	0	60	60	
0.4	5.4	40	771	8	3	117	439225	117	439225	0.00820513	0.0030697	0.003	0.01	3754.06	2312.54	45	9422	
0.4	5.4	47	773	7	3	29	78818	29	78818	0.003	0	0.003	0.003	2717.86	2568.46	60	9422	
0.4	5.4	37	774	14	3	280	417559	280	417559	0.005	0.00316794	0.003	0.01	1491.28	1028.34	6	5861	
0.4	5.4	21	775	22	3	61	137518	61	137518	0.00540984	0.00335349	0.003	0.01	2254.39	1870.79	60	9422	
0.4	5.4	39	777	82	3	140	123959	140	123959	0.00575	0.00381991	0.003	0.017	885.421	774.745	24	4395	
0.4	5.4	41	778	49	3	118	114572	118	114572	0.00566949	0.00376456	0.003	0.017	970.949	899.473	14	7690	
0.4	5.4	10	779	22	3	201	969907	201	969907	0.003	0	0.003	0.003	4825.41	2847.33	45	9422	
0.4	5.4	2	780	30	3	245	541894	245	541894	0.00694286	0.00406464	0.003	0.017	2211.81	1828.46	37	9422	
0.4	5.4	8	781	16	3	2	120	2	120	0.0065	0.00494975	0.003	0.01	60	0	60	60	
0.4	5.4	21	782	10	3	155	246935	155	246935	0.00697419	0.0037433	0.003	0.017	1593.13	1474.85	60	9422	
0.4	5.4	41	783	68	3	128	106767	128	106767	0.005625	0.00421284	0.003	0.017	834.117	663.62	5	4395	
0.4	5.4	46	785	22	3	130	316244	130	316244	0.00703846	0.00347171	0.003	0.01	2432.65	2030.04	60	9422	
0.4	5.4	30	786	15	3	46	108409	46	108409	0.00847826	0.00327101	0.003	0.017	2356.72	2425.3	60	9422	
0.4	5.4	25	787	11	3	28	72361	28	72361	0.003	0	0.003	0.003	2584.32	2396.81	60	9422	
0.4	5.4	11	788	6	3	71	244484	71	244484	0.00743662	0.00339635	0.003	0.01	3443.44	2436.42	45	9422	
0.4	5.4	37	789	16	3	291	453125	291	453125	0.00600687	0.00392779	0.003	0.017	1557.13	1473.14	60	9422	
0.4	5.4	41	790	83	3	29	30313	29	30313	0.00589655	0.00477602	0.003	0.017	1045.28	618.836	60	2958	
0.4	5.4	29	793	11	3	45	139155	44	137971	0.00936364	0.00203562	0.003	0.01	3135.7	2204.71	60	8873	
0.4	5.4	53	794	16	3	122	405435	122	405435	0.003	0	0.003	0.003	3323.24	2494.13	45	9422	
0.4	5.4	46	795	19	3	19	62244	19	62244	0.003	0	0.003	0.003	3276	2647.18	60	9422	
0.4	5.4	20	796	5	3	141	339308	141	339308	0.00796454	0.00319019	0.003	0.01	2406.44	1962.78	36	9422	
0.4	5.4	35	797	8	3	104	267930	105	267990	0.00733333	0.00341565	0.003	0.01	2552.29	1763.97	60	9422	
0.4	5.4	36	798	16	3	61	179987	61	179987	0.00632787	0.00352478	0.003	0.01	2950.61	2451.03	60	9422	
0.4	5.4	1	799	3	3	69	170645	69	170645	0.00797101	0.00319913	0.003	0.01	2473.12	1739.81	60	9422	
0.4	5.4	32	801	11	3	39	107813	39	107813	0.00748718	0.00340179	0.003	0.01	2764.44	2303.26	60	9422	
0.4	5.4	29	802	10	3	113	425148	113	425148	0.00851327	0.00287575	0.003	0.01	3762.37	2423.63	60	9422	
0.4	5.4	56	803	13	3	174	592517	174	592517	0.00762644	0.00332334	0.003	0.01	3405.27	2180.16	47	9422	
0.4	5.4	16	805	5	3	7	6626	7	6626	0.008	0.00341565	0.003	0.01	946.571	652.63	60	1775	
0.4	5.4	7	807	21	3	127	543821	127	543821	0.00498425	0.00316725	0.003	0.01	4282.06	2645.23	38	9422	
0.4	5.4	5	808	8	3	148	339801	148	339801	0.00763513	0.00370172	0.003	0.017	2295.95	2002.61	12	9422	
0.4	5.4	28	809	19	3	110	291831	109	287098	0.00730275	0.00342243	0.003	0.01	2633.93	1926.27	60	9422	
0.4	5.4	53	812	12	3	170	552421	170	552421	0.003	0	0.003	0.003	3249.54	2601.77	45	9422	
0.4	5.4	16	813	8	3	67	235722	67	235722	0.00602985	0.00349446	0.003	0.01	3518.24	2875.37	60	9422	
0.4	5.4	10	814	20	3	68	100169	68	100169	0.00639706	0.00372623	0.003	0.017	1473.07	1565.75	36	7673	
0.4	5.4	34	815	45	3	74	71201	74	71201	0.0064054	0.00481129	0.003	0.017	962.176	987.956	4	5324	
0.4	5.4	45	816	21	3	36	97746	36	97746	0.00805555	0.0031798	0.003	0.01	2715.17	2312.94	60	9422	
0.4	5.4	19	817	26	3	5	300	5	300	0.0058	0.00383406	0.003	0.01	60	0	60	60	
0.4	5.4	39	818	2	3	127	215573	127	215573	0.00652756	0.00351375	0.003	0.01	1697.43	1428.88	60	9422	
0.4	5.4	39	819	3	3	135	180141	134	177833	0.00576866	0.00343558	0.003	0.01	1327.11	1249.21	14	9422	
0.4	5.4	42	821	6	3	154	275935	153	274751	0.00693464	0.00348431	0.003	0.01	1795.76	1517.31	60	9422	
0.4	5.4	34	823	29	3	54	135635	54	135635	0.003	0	0.003	0.003	2511.76	2029.76	60	9422	
0.4	5.4	39	824	63	3	158	183273	158	183273	0.00570253	0.00350888	0.003	0.017	1159.96	888.71	60	4904	
0.4	5.4	54	825	6	3	13	41534	13	41534	0.01	0	0.01	0.01	3194.92	2216.72	60	7099	
0.4	5.4	1	826	10	3	2	120	2	120	0.0065	0.00494975	0.003	0.01	60	0	60	60	
0.4	5.4	15	827	19	3	181	336445	181	336445	0.00682873	0.00432929	0.003	0.017	1858.81	1825.67	36	9422	
0.4	5.4	40	828	3	3	17	53958	17	53958	0.0087647	0.00275067	0.003	0.01	3174	3265.51	60	9422	
0.4	5.4	9	829	1	3	47	81194	47	81194	0.00538298	0.00335283	0.003	0.01	1727.53	1021.29	60	4141	
0.4	5.4	12	830	1	3	173	730799	173	730799	0.00340462	0.00163834	0.003	0.01	4224.27	2835.88	45	9422	
0.4	5.4	40	832	10	3	21	39174	21	39174	0.00666667	0.00358236	0.003	0.01	1865.43	1202.75	60	5324	
0.4	5.4	2	833	17	3	44	120231	44	120231	0.003	0	0.003	0.003	2732.52	2198.66	60	9422	
0.4	5.4	39	835	41	3	66	78989	66	78989	0.00554545	0.00381165	0.003	0.017	1196.8	1114.31	32	5719	
0.4	5.4	39	836	81	3	181	229840	181	229840	0.00682873	0.00379304	0.003	0.017	1269.83	757.857	43	4733	
0.4	5.4	10	837	21	3	39	54003	39	54003	0.0044359	0.00286352	0.003	0.01	1384.69	885.401	59	4733	
0.4	5.4	26	841	18	3	79	217497	79	217497	0.003	0	0.003	0.003	2753.13	1918.71	60	9422	
0.4	5.4	41	842	8	3	1	60	1	60	0.003	0	0.003	0.003	60	0	60	60	
0.4	5.4	33	844	1	3	67	167577	67	167577	0.00665672	0.00352288	0.003	0.01	2501.15	2279.67	60	9422	
0.4	5.4	12	845	14	3	62	194894	62	194894	0.0063871	0.00352674	0.003	0.01	3143.45	2177.3	60	9422	
0.4	5.4	39	846	73	3	156	130523	155	130305	0.00570968	0.00409778	0.003	0.017	840.677	674.656	43	4733	
0.4	5.4	7	848	8	3	133	482898	133	482898	0.00821053	0.00306508	0.003	0.01	3630.81	2733.86	45	9422	
0.4	5.4	21	849	33	3	146	241734	146	241734	0.00669178	0.00404384	0.003	0.017	1655.71	1716.9	26	9422	
0.4	5.4	41	850	12	3	1	60	1	60	0.01	0	0.01	0.01	60	0	60	60	
0.4	5.4	36	851	2	3	166	622182	167	625143	0.00320958	0.00119654	0.003	0.01	3743.37	2710.34	45	9422	
0.4	5.4	27	852	17	3	108	362256	108	362256	0.003	0	0.003	0.003	3354.22	2570.95	60	9422	
0.4	5.4	3	853	7	3	101	342112	101	342112	0.00833663	0.00299425	0.003	0.01	3387.25	2122.41	60	8873	
0.4	5.4	23	854	15	3	67	246828	67	246828	0.003	0	0.003	0.003	3684	2421.97	45	9422	
0.4	5.4	31	855	2	3	77	210877	76	208510	0.00880263	0.0026534	0.003	0.01	2743.55	2206.45	60	9422	
0.4	5.4	34	856	13	3	1	60	1	60	0.01	0	0.01	0.01	60	0	60	60	
0.4	5.4	19	857	7	3	194	690208	194	690208	0.003	0	0.003	0.003	3557.77	2500.48	45	9422	
0.4	5.4	52	858	53	3	3	710	3	710	0.00766667	0.00404145	0.003	0.01	236.667	258.21	60	533	
0.4	5.4	19	859	28	3	229	598537	229	598537	0.00727947	0.00360319	0.003	0.017	2613.7	2068.73	60	9422	
0.4	5.4	33	860	24	3	52	148632	52	148632	0.00825	0.00335994	0.003	0.017	2858.31	2222.44	60	9422	
0.4	5.4	25	861	17	3	55	84743	55	84743	0.00898182	0.00283164	0.003	0.017	1540.78	1826.9	60	9422	
0.4	5.4	51	863	8	3	128	452164	128	452164	0.00529687	0.00329963	0.003	0.01	3532.53	2397.09	45	9422	
0.4	5.4	41	864	78	3	1	60	1	60	0.01	0	0.01	0.01	60	0	60	60	
0.4	5.4	42	866	11	3	2	120	2	120	0.0065	0.00494975	0.003	0.01	60	0	60	60	
0.4	5.4	36	867	12	3	218	564840	218	564840	0.00759174	0.00383692	0.003	0.017	2591.01	2021.23	50	9422	
0.4	5.4	43	868	8	3	1	60	1	60	0.01	0	0.01	0.01	60	0	60	60	
0.4	5.4	52	869	62	3	1	60	1	60	0.01	0	0.01	0.01	60	0	60	60	
0.4	5.4	22	870	4	3	107	394999	106	393815	0.00689623	0.00349402	0.003	0.01	3715.24	2648.71	45	9422	
0.4	5.4	49	872	8	3	108	190243	108	190243	0.00805555	0.00415322	0.003	0.017	1761.51	1609.73	13	9422	
0.4	5.4	30	873	18	3	113	463364	113	463364	0.003	0	0.003	0.003	4100.57	2570.18	45	9422	
0.4	5.4	24	874	9	3	59	139761	59	139761	0.00964407	0.00202368	0.003	0.017	2368.83	1925.31	60	8670	
0.4	5.4	21	875	12	3	3	180	3	180	0.00533333	0.00404145	0.003	0.01	60	0	60	60	
0.4	5.4	2	876	23	3	125	136907	123	134719	0.0084065	0.00543793	0.003	0.024	1095.28	892.014	12	5501	
0.4	5.4	21	877	19	3	32	42730	32	42730	0.0069375	0.00352811	0.003	0.01	1335.31	491.294	60	2367	
0.4	5.4	4	878	5	3	95	261171	95	261171	0.00734737	0.00341389	0.003	0.01	2749.17	1657.9	60	9422	
0.4	5.4	20	880	20	3	29	47471	29	47471	0.00758621	0.00386853	0.003	0.017	1636.93	1259.83	60	5324	
0.4	5.4	3	882	3	3	30	91231	30	91231	0.00486667	0.00314844	0.003	0.01	3041.03	2253.7	60	8282	
0.4	5.4	28	884	7	3	107	307331	107	307331	0.00803738	0.00357118	0.003	0.017	2872.25	1732.7	60	7746	
0.4	5.4	3	889	5	3	1	60	1	60	0.01	0	0.01	0.01	60	0	60	60	
0.4	5.4	35	893	10	3	136	378225	136	378225	0.00825	0.00315935	0.003	0.017	2781.07	2141.47	28	9422	
0.4	5.4	47	895	19	3	17	40356	17	40356	0.00670588	0.00360147	0.003	0.01	2373.88	1477.25	60	5324	
0.4	5.4	4	897	10	3	86	371241	86	371241	0.003	0	0.003	0.003	4316.76	2227.54	60	9422	
0.4	5.4	38	898	13	3	51	91266	51	91266	0.00698039	0.00350137	0.003	0.01	1789.53	1124.51	55	4733	
0.4	5.4	16	900	15	3	148	593053	148	593053	0.00612162	0.0034913	0.003	0.01	4007.11	2735.6	45	9422	
0.4	5.4	20	902	1	3	163	417291	163	417291	0.00561963	0.00357151	0.003	0.017	2560.07	2219.26	45	9422	
0.4	5.4	43	904	7	3	48	133847	47	129706	0.00791489	0.00323587	0.003	0.01	2759.7	2195.53	45	9422	
0.4	5.4	30	905	7	3	65	142251	64	141659	0.00857812	0.00310046	0.003	0.017	2213.42	1703.76	60	8873	
0.4	5.4	46	906	12	3	35	76463	36	77647	0.00688889	0.00352767	0.003	0.01	2156.86	1718.09	60	6882	
0.4	5.4	37	907	11	3	1	60	1	60	0.01	0	0.01	0.01	60	0	60	60	
0.4	5.4	8	909	35	3	47	98970	47	98970	0.00538298	0.00335283	0.003	0.01	2105.74	1872.52	60	9422	
0.4	5.4	41	910	6	3	320	407390	320	407390	0.00551562	0.00336398	0.003	0.01	1273.09	1155.79	58	9422	
0.4	5.4	5	913	17	3	51	133851	51	133851	0.00588235	0.00347935	0.003	0.01	2624.53	1884.64	60	9422	
0.4	5.4	48	915	5	3	122	468803	122	468803	0.003	0	0.003	0.003	3842.65	2294.6	45	9422	
0.4	5.4	33	918	5	3	151	359906	151	359906	0.00805298	0.00344439	0.003	0.017	2383.48	1806.51	48	9422	
0.4	5.4	10	921	24	3	6	3671	6	3671	0.0065	0.00383406	0.003	0.01	611.833	694.906	4	1775	
0.4	5.4	50	922	9	3	18	63423	18	63423	0.00688889	0.00357917	0.003	0.01	3523.5	2499.57	60	7690	
0.4	5.4	44	923	24	3	144	643794	144	643794	0.003	0	0.003	0.003	4470.79	2399.43	45	9422	
0.4	5.4	34	924	34	3	6	3784	6	3784	0.00416667	0.00285774	0.003	0.01	630.667	502.847	60	1184	
0.4	5.4	57	928	2	3	131	433995	131	433995	0.00780916	0.0032584	0.003	0.01	3312.94	2025.24	60	9422	
0.4	5.4	40	930	9	3	1	60	1	60	0.01	0	0.01	0.01	60	0	60	60	
0.4	5.4	33	931	19	3	96	273486	96	273486	0.00577083	0.00344117	0.003	0.01	2848.81	1840.44	60	8282	
0.4	5.4	18	932	8	3	1	60	1	60	0.01	0	0.01	0.01	60	0	60	60	
0.4	5.4	13	933	4	3	79	229225	79	229225	0.00734177	0.00341897	0.003	0.01	2901.58	2422.5	36	9422	
0.4	5.4	55	934	13	3	153	194854	153	194854	0.00739216	0.00384098	0.003	0.017	1273.56	1688.46	46	9422	
0.4	5.4	48	935	8	3	136	417269	136	417269	0.00773529	0.00328687	0.003	0.01	3068.15	2450.1	48	9422	
0.4	5.4	21	938	17	3	37	81310	37	81310	0.00337838	0.0016047	0.003	0.01	2197.57	1473.07	60	7099	
0.4	5.4	3	940	6	3	120	509514	120	509514	0.00696667	0.00348329	0.003	0.01	4245.95	2482.56	45	9422	
0.4	5.4	8	941	37	3	177	178397	177	178397	0.00608474	0.00440282	0.003	0.017	1007.89	704.562	60	4395	
0.4	5.4	32	942	3	3	61	209574	61	209574	0.00804918	0.00316452	0.003	0.01	3435.64	3247.8	45	9422	
0.4	5.4	3	943	8	3	59	223752	58	221385	0.003	0	0.003	0.003	3816.98	2198.78	60	9422	
0.4	5.4	42	944	33	3	87	133298	87	133298	0.00621839	0.00350888	0.003	0.01	1532.16	1061.37	60	5324	
0.4	5.4	25	945	12	3	89	336756	88	333206	0.00395454	0.00241599	0.003	0.01	3786.43	2559.77	45	9422	
0.4	5.4	3	946	15	3	90	251757	90	251757	0.00844444	0.00292648	0.003	0.01	2797.3	1882.39	60	9422	
0.4	5.4	51	948	5	3	78	300208	77	297250	0.00472727	0.00303764	0.003	0.01	3860.39	3051	45	9422	
0.4	5.4	34	949	25	3	179	209878	179	209878	0.005581	0.00384355	0.003	0.017	1172.5	968.45	23	4904	
0.4	5.4	18	950	2	3	90	281861	90	281861	0.003	0	0.003	0.003	3131.79	2385.1	60	9422	
0.4	5.4	8	953	6	3	167	411748	167	411748	0.00497006	0.00359455	0.003	0.017	2465.56	2177.35	60	9422	
0.4	5.4	38	954	12	3	163	297482	163	297482	0.00768098	0.00397011	0.003	0.017	1825.04	1483.8	32	7690	
0.4	5.4	15	955	17	3	3	180	3	180	0.01	0	0.01	0.01	60	0	60	60	
0.4	5.4	23	956	13	3	124	329927	124	329927	0.00610484	0.00349173	0.003	0.01	2660.7	2137.09	60	9422	
0.4	5.4	8	957	28	3	18	34446	18	34446	0.00416667	0.00268438	0.003	0.01	1913.67	1306.34	60	4395	
0.4	5.4	2	959	33	3	93	235644	93	235644	0.00525806	0.00328998	0.003	0.01	2533.81	2153.82	45	9422	
0.4	5.4	21	960	32	3	117	265358	118	267160	0.0059661	0.00347379	0.003	0.01	2264.07	1553.57	60	9422	
0.4	5.4	20	962	6	3	140	408613	140	408613	0.003	0	0.003	0.003	2918.66	2708.12	60	9422	
0.4	5.4	38	963	15	3	56	93756	56	93756	0.005875	0.00347491	0.003	0.01	1674.21	1947.59	60	9422	
0.4	5.4	44	964	1	3	65	288233	65	288233	0.00310769	0.000868243	0.003	0.01	4434.35	2401.73	60	9422	
0.4	5.4	21	965	15	3	1	60	1	60	0.01	0	0.01	0.01	60	0	60	60	
0.4	5.4	34	966	7	3	205	280838	205	280838	0.00607317	0.0036177	0.003	0.017	1369.94	1046.11	38	7690	
0.4	5.4	39	967	69	3	48	67626	48	67626	0.00577083	0.00401719	0.003	0.017	1408.87	1655.68	20	6882	
0.4	5.4	25	968	13	3	27	84723	27	84723	0.00507407	0.00325725	0.003	0.01	3137.89	2187.09	60	7708	
0.4	5.4	41	969	85	3	54	35700	54	35700	0.00494444	0.00344453	0.003	0.017	661.111	1151.45	21	8282	
0.4	5.4	8	970	39	3	94	254138	94	254138	0.00307447	0.000721995	0.003	0.01	2703.6	2505.61	4	9422	
0.4	5.4	39	971	76	3	5	1304	5	1304	0.0058	0.00383406	0.003	0.01	260.8	236.349	60	648	
0.4	5.4	37	972	51	3	234	228171	234	228171	0.00563248	0.00391563	0.003	0.017	975.09	837.533	24	5770	
0.4	5.4	15	977	11	3	72	217975	72	217975	0.003	0	0.003	0.003	3027.43	2273.09	60	9422	
0.4	5.4	11	979	5	3	2	120	2	120	0.0065	0.00494975	0.003	0.01	60	0	60	60	
0.4	5.4	55	980	26	3	16	24975	16	24975	0.007375	0.0035	0.003	0.01	1560.94	1010.28	60	3328	
0.4	5.4	4	981	17	3	6	3136	6	3136	0.00766667	0.00361478	0.003	0.01	522.667	422.091	60	1184	
0.4	5.4	41	982	20	3	188	155992	188	155992	0.00530851	0.0039503	0.003	0.017	829.745	620.445	40	4395	
0.4	5.4	42	984	26	3	3	1892	3	1892	0.003	0	0.003	0.003	630.667	562.2	60	1184	
0.4	5.4	8	985	3	3	1	60	1	60	0.003	0	0.003	0.003	60	0	60	60	
0.4	5.4	12	986	17	3	6	8992	5	5442	0.0072	0.00383406	0.003	0.01	1088.4	742.216	60	1775	
0.4	5.4	14	987	3	3	132	353503	132	353503	0.00448485	0.00287257	0.003	0.01	2678.05	2051.86	60	9422	
0.4	5.4	3	988	11	3	9	24964	9	24964	0.00844444	0.00308671	0.003	0.01	2773.78	2136.57	60	5324	
0.4	5.4	19	989	15	3	20	55144	20	55144	0.00895	0.00256443	0.003	0.01	2757.2	2312.37	60	9422	
0.4	5.4	21	990	4	3	1	60	1	60	0.003	0	0.003	0.003	60	0	60	60	
0.4	5.4	7	991	6	3	1	60	1	60	0.01	0	0.01	0.01	60	0	60	60	
0.4	5.4	8	992	38	3	3	1892	3	1892	0.003	0	0.003	0.003	630.667	562.2	60	1184	
0.4	5.4	46	994	24	3	157	602539	157	602539	0.0052293	0.00327162	0.003	0.01	3837.83	2844.1	45	9422	
0.4	5.4	10	996	13	3	174	410968	174	410968	0.00766667	0.00407634	0.003	0.024	2361.89	2237.44	60	9422	
0.4	5.4	1	998	19	3	65	258178	65	258178	0.00881538	0.00264512	0.003	0.01	3971.97	2345.44	60	9422	
0.4	5.4	52	999	67	3	151	182601	151	182601	0.00554967	0.0035678	0.003	0.017	1209.28	1152.03	8	9422	
0.4	5.4	9	1004	7	3	135	352788	135	352788	0.00642222	0.00371457	0.003	0.017	2613.24	2108.99	45	9422	
0.4	5.4	43	1005	10	3	35	93124	35	93124	0.0064	0.00354965	0.003	0.01	2660.69	2403.38	60	9422	
0.4	5.4	39	1006	28	3	231	398385	231	398385	0.00487879	0.00310862	0.003	0.01	1724.61	1593.4	45	9422	
0.4	5.4	15	1007	3	3	8	6151	8	6151	0.00475	0.00324037	0.003	0.01	768.875	588.273	60	1775	
0.4	5.4	57	1008	4	3	23	62843	22	59293	0.00809091	0.0031909	0.003	0.01	2695.14	2022.9	60	9422	
0.4	5.4	56	1010	16	3	2	708	2	708	0.003	0	0.003	0.003	354	415.779	60	648	
0.4	5.4	41	1011	5	3	61	36294	61	36294	0.00483606	0.00335748	0.003	0.017	594.984	427.654	60	1775	
0.4	5.4	37	1012	53	3	130	128636	130	128636	0.00547692	0.00357904	0.003	0.017	989.508	949.056	60	5916	
0.4	5.4	41	1013	26	3	245	257844	244	256660	0.00529508	0.00369671	0.003	0.017	1051.89	1073.79	24	9422	
0.4	5.4	37	1014	31	3	122	289549	122	289549	0.003	0	0.003	0.003	2373.35	2031.91	4	9422	
0.4	5.4	37	1015	39	3	212	325854	210	322894	0.00576667	0.00356456	0.003	0.017	1537.59	1353.09	60	9422	
0.4	5.4	20	1016	10	3	44	125555	44	125555	0.00697727	0.00350739	0.003	0.01	2853.52	1788.75	60	7099	
0.4	5.4	16	1017	12	3	169	665826	169	665826	0.003	0	0.003	0.003	3939.8	2778.8	45	9422	
0.4	5.4	32	1019	13	3	34	80588	34	80588	0.00814706	0.00313468	0.003	0.01	2370.24	2404.61	60	9422	
0.4	5.4	45	1020	4	3	108	464666	108	464666	0.00837963	0.00296622	0.003	0.01	4302.46	3146.23	45	9422	
0.4	5.4	42	1022	21	3	125	254597	125	254597	0.007368	0.0034043	0.003	0.01	2036.78	1763.15	43	9422	
0.4	5.4	38	1023	14	3	130	376682	130	376682	0.00822308	0.00352019	0.003	0.017	2897.55	2211.69	60	9422	
0.4	5.4	19	1024	3	3	54	106656	54	106656	0.00546296	0.00337423	0.003	0.01	1975.11	2066.83	60	9422	
0.4	5.4	2	1026	21	3	260	800309	261	804450	0.00517241	0.00378115	0.003	0.017	3082.18	2243.57	8	9422	
0.4	5.4	49	1030	13	3	171	532835	171	532835	0.00742105	0.00338655	0.003	0.01	3115.99	2443.05	40	9422	
0.4	5.4	35	1033	2	3	52	136212	52	136212	0.00865385	0.00367762	0.003	0.017	2619.46	2055.3	60	9422	
0.4	5.4	39	1038	47	3	97	75977	97	75977	0.00631959	0.00452895	0.003	0.017	783.268	604.69	11	2961	
0.4	5.4	34	1039	55	3	111	141136	111	141136	0.0070991	0.00405632	0.003	0.017	1271.5	1335.55	13	9422	
0.4	5.4	42	1040	27	3	119	341650	119	341650	0.003	0	0.003	0.003	2871.01	1894.47	60	9422	
0.4	5.4	36	1042	14	3	105	228664	105	228664	0.00633333	0.00377152	0.003	0.017	2177.75	1895.88	60	9422	
0.4	5.4	30	1044	5	3	2	120	2	120	0.0065	0.00494975	0.003	0.01	60	0	60	60	
0.4	5.4	6	1045	12	3	72	165321	72	165321	0.00786111	0.00324712	0.003	0.01	2296.12	2471.2	60	9422	
0.4	5.4	38	1047	25	3	3	1892	3	1892	0.00766667	0.00404145	0.003	0.01	630.667	562.2	60	1184	
0.4	5.4	52	1048	41	3	17	9015	17	9015	0.00464706	0.00393607	0.003	0.017	530.294	407.346	60	1775	
0.4	5.4	51	1049	9	3	79	182475	79	182475	0.003	0	0.003	0.003	2309.81	2510.42	45	9422	
0.4	5.4	8	1050	13	3	19	21896	18	21427	0.00611111	0.00430989	0.003	0.017	1190.39	661.984	60	1775	
0.4	5.4	15	1051	12	3	1	60	1	60	0.01	0	0.01	0.01	60	0	60	60	
0.4	5.4	21	1053	34	3	73	131614	73	131614	0.00635616	0.00352124	0.003	0.01	1802.93	2091.93	60	9422	
0.4	5.4	46	1054	7	3	54	133244	54	133244	0.00507407	0.00322638	0.003	0.01	2467.48	2077.92	60	9422	
0.4	5.4	42	1055	2	3	150	216266	150	216266	0.00668667	0.00394788	0.003	0.017	1441.77	1438.78	18	9422	
0.4	5.4	51	1057	11	3	92	279433	92	279433	0.00733696	0.00341708	0.003	0.01	3037.32	2330.78	36	9422	
0.4	5.4	2	1059	32	3	94	183002	94	183002	0.00605319	0.00348998	0.003	0.01	1946.83	1331.25	60	5324	
0.4	5.4	34	1060	53	3	153	118030	151	116846	0.0069404	0.00521182	0.003	0.024	773.815	540.714	26	3822	
0.4	5.4	8	1061	29	3	143	338815	144	341182	0.0060625	0.00348467	0.003	0.01	2369.32	2190.12	55	9422	
0.4	5.4	52	1063	72	3	302	407146	303	408330	0.005033	0.00318298	0.003	0.01	1347.62	1125.31	24	7690	
0.4	5.4	56	1064	17	3	53	180684	53	180684	0.00656604	0.00353286	0.003	0.01	3409.13	2466.99	60	9422	
0.4	5.4	34	1065	46	3	201	230457	201	230457	0.00655224	0.00402846	0.003	0.017	1146.55	944.17	60	5916	
0.4	5.4	42	1066	13	3	131	151093	130	148726	0.00687692	0.00380537	0.003	0.017	1144.05	1096.78	60	9422	
0.4	5.4	2	1067	13	3	145	329736	145	329736	0.00497931	0.00316331	0.003	0.01	2274.04	1597.44	60	8282	
0.4	5.4	55	1068	2	3	150	197210	149	194843	0.00746309	0.00374801	0.003	0.017	1307.67	1201.99	60	9422	
0.4	5.4	41	1069	60	3	198	186720	198	186720	0.00529798	0.00337008	0.003	0.017	943.03	709.223	14	4733	
0.4	5.4	52	1071	9	3	71	51680	71	51680	0.0052676	0.00329917	0.003	0.01	727.887	500.5	58	1775	
0.4	5.4	54	1073	1	3	17	35619	17	35619	0.00382353	0.00232474	0.003	0.01	2095.24	2131.54	60	7099	
0.4	5.4	8	1074	32	3	147	126911	147	126911	0.00633333	0.00480059	0.003	0.024	863.34	939.121	60	8481	
0.4	5.4	27	1075	19	3	190	198608	190	198608	0.00539474	0.00422226	0.003	0.024	1045.31	1076.08	43	7099	
0.4	5.4	45	1076	6	3	44	132656	44	132656	0.00968182	0.00147495	0.003	0.01	3014.91	2417.53	60	9422	
0.4	5.4	13	1078	6	3	49	155146	49	155146	0.00785714	0.0032596	0.003	0.01	3166.24	2355.16	45	9422	
0.4	5.4	33	1079	8	3	1	60	1	60	0.003	0	0.003	0.003	60	0	60	60	
0.4	5.4	17	1081	5	3	163	455883	164	459432	0.00714024	0.00393955	0.003	0.017	2801.41	2083.31	45	9422	
0.4	5.4	48	1084	9	3	112	430851	112	430851	0.0048125	0.00308011	0.003	0.01	3846.88	2820.92	45	9422	
0.4	5.4	29	1085	4	3	135	592988	134	591804	0.00576866	0.00343558	0.003	0.01	4416.45	3072.76	45	9422	
0.4	5.4	55	1086	25	3	1	60	1	60	0.01	0	0.01	0.01	60	0	60	60	
0.4	5.4	35	1087	11	3	40	82973	40	82973	0.0072	0.00347297	0.003	0.01	2074.32	1319.89	36	4733	
0.4	5.4	40	1088	1	3	7	14316	7	14316	0.004	0.00264575	0.003	0.01	2045.14	1816.4	60	5324	
0.4	5.4	15	1089	1	3	125	160104	125	160104	0.007144	0.00454139	0.003	0.017	1280.83	886.338	60	5324	
0.4	5.4	23	1090	21	3	128	420898	128	420898	0.003	0	0.003	0.003	3288.27	2253.97	60	9422	
0.4	5.4	39	1091	39	3	1	60	1	60	0.01	0	0.01	0.01	60	0	60	60	
0.4	5.4	36	1093	13	3	99	244023	99	244023	0.00455555	0.00292499	0.003	0.01	2464.88	2050.55	45	9422	
0.4	5.4	41	1094	38	3	172	217486	172	217486	0.00426163	0.00352703	0.003	0.017	1264.45	1097.96	26	5916	
0.4	5.4	37	1096	24	3	7	2490	7	2490	0.005	0.00341565	0.003	0.01	355.714	421.087	7	1184	
0.4	5.4	6	1098	3	3	1	60	1	60	0.01	0	0.01	0.01	60	0	60	60	
0.4	5.4	21	1100	27	3	96	139241	96	139241	0.0069375	0.003909	0.003	0.017	1450.43	1047.66	60	4395	
0.4	5.4	27	1101	15	3	42	100139	42	100139	0.00483333	0.003115	0.003	0.01	2384.26	2454.49	60	9422	
0.4	5.4	32	1102	7	3	95	303757	95	303757	0.00587368	0.00346177	0.003	0.01	3197.44	2244.94	60	9422	
0.4	5.4	14	1105	10	3	108	310887	108	310887	0.003	0	0.003	0.003	2878.58	1822.46	60	9422	
0.4	5.4	37	1107	44	3	131	155228	131	155228	0.00636641	0.00351088	0.003	0.01	1184.95	817.819	38	3550	
0.4	5.4	5	1108	11	3	201	630409	201	630409	0.00634328	0.00350522	0.003	0.01	3136.36	2259.48	60	9422	
0.4	5.4	41	1109	10	3	230	273219	230	273219	0.00564783	0.00340208	0.003	0.01	1187.91	1167.65	60	7407	
0.4	5.4	13	1113	2	3	28	91823	28	91823	0.00825	0.00308671	0.003	0.01	3279.39	2432.56	60	9422	
0.4	5.4	12	1114	4	3	50	195361	50	195361	0.003	0	0.003	0.003	3907.22	2410.03	60	9422	
0.4	5.4	49	1116	4	3	176	351918	176	351918	0.00785227	0.00386793	0.003	0.017	1999.53	1731.06	56	9422	
0.4	5.4	52	1117	70	3	2	120	2	120	0.0135	0.0148492	0.003	0.024	60	0	60	60	
0.4	5.4	37	1118	10	3	296	281451	296	281451	0.00595608	0.00391366	0.003	0.017	950.848	977.176	32	5324	
0.4	5.4	43	1119	3	3	31	116671	31	116671	0.003	0	0.003	0.003	3763.58	3110.77	60	9422	
0.4	5.4	41	1122	13	3	95	138772	95	138772	0.00351579	0.0018385	0.003	0.01	1460.76	1174.37	60	5324	
0.4	5.4	36	1123	9	3	83	178439	83	178439	0.0073012	0.0037603	0.003	0.017	2149.87	1697.06	60	9422	
0.4	5.4	14	1126	11	3	172	289106	172	289106	0.00739535	0.00428865	0.003	0.024	1680.85	1640.55	13	9422	
0.4	5.4	13	1129	5	3	30	84734	30	84734	0.00323333	0.00127802	0.003	0.01	2824.47	2478.47	60	9422	
0.4	5.4	34	1130	60	3	130	218524	130	218524	0.00703846	0.00347171	0.003	0.01	1680.95	1886.42	3	9422	
0.4	5.4	45	1131	17	3	140	573661	140	573661	0.00565	0.00340741	0.003	0.01	4097.58	2727.2	45	9422	
0.4	5.4	39	1134	10	3	63	104891	63	104891	0.003	0	0.003	0.003	1664.94	996.94	4	4141	
0.4	5.4	15	1136	18	3	162	470029	163	471213	0.00433129	0.00275559	0.003	0.01	2890.88	2287.73	45	9422	
0.4	5.4	30	1137	16	3	35	97151	35	97151	0.0056	0.00343169	0.003	0.01	2775.74	2407.1	60	9422	
0.4	5.4	6	1138	2	3	87	336276	86	331543	0.003	0	0.003	0.003	3855.15	2185.2	60	9422	
0.4	5.4	9	1139	6	3	137	531449	138	533224	0.00457246	0.00293205	0.003	0.01	3863.94	3006.46	45	9422	
0.4	5.4	20	1141	4	3	38	92425	38	92425	0.00723684	0.00346749	0.003	0.01	2432.24	1832.17	60	9422	
0.4	5.4	7	1144	22	3	21	47459	21	47459	0.00666667	0.00358236	0.003	0.01	2259.95	1630.83	60	4733	
0.4	5.4	27	1145	14	3	3	180	3	180	0.0146667	0.00404145	0.01	0.017	60	0	60	60	
0.4	5.4	32	1148	15	3	21	72299	21	72299	0.00533333	0.00338132	0.003	0.01	3442.81	2547.16	60	9422	
0.4	5.4	19	1149	1	3	74	296525	74	296525	0.00612162	0.00350324	0.003	0.01	4007.09	2921.27	45	9422	
0.4	5.4	34	1150	33	3	148	261183	148	261183	0.00597973	0.00347287	0.003	0.01	1764.75	1139.59	16	5861	
0.4	5.4	34	1151	1	3	1	60	1	60	0.01	0	0.01	0.01	60	0	60	60	
0.4	5.4	10	1152	10	3	57	122032	57	122032	0.00742105	0.00365449	0.003	0.017	2140.91	1770.99	51	8873	
0.4	5.4	21	1153	2	3	57	157528	56	156937	0.003	0	0.003	0.003	2802.45	2029.2	60	9422	
0.4	5.4	49	1155	17	3	106	348042	105	344492	0.00693333	0.00348973	0.003	0.01	3280.88	2225.16	57	9422	
0.4	5.4	9	1156	3	3	75	241545	75	241545	0.00738667	0.00377722	0.003	0.017	3220.6	2376.71	50	9422	
0.4	5.4	8	1157	14	3	16	43903	16	43903	0.003	0	0.003	0.003	2743.94	3258.52	60	9422	
0.4	5.4	51	1158	4	3	31	98925	31	98925	0.00841935	0.00348113	0.003	0.017	3191.13	2045.63	60	6507	
0.4	5.4	41	1160	23	3	134	230396	134	230396	0.00477612	0.00305745	0.003	0.01	1719.37	1474.67	60	9422	
0.4	5.4	56	1161	11	3	13	14913	13	14913	0.00407692	0.00262874	0.003	0.01	1147.15	600.833	60	2367	
0.4	5.4	34	1162	44	3	127	161197	127	161197	0.00713386	0.00477819	0.003	0.017	1269.27	1439.12	24	9422	
0.4	5.4	23	1163	17	3	215	779023	215	779023	0.003	0	0.003	0.003	3623.36	2339.35	45	9422	
0.4	5.4	41	1164	58	3	233	307469	233	307469	0.00549356	0.00404407	0.003	0.017	1319.61	1151.98	42	7099	
0.4	5.4	20	1166	3	3	203	843434	203	843434	0.00317241	0.00108766	0.003	0.01	4154.85	2804.95	45	9422	
0.4	5.4	51	1167	1	3	117	316794	117	316794	0.00611111	0.00349329	0.003	0.01	2707.64	2494.59	36	9422	
0.4	5.4	52	1168	7	3	54	35749	54	35749	0.00481481	0.00364497	0.003	0.017	662.019	520.715	60	2958	
0.4	5.4	55	1170	14	3	2	120	2	120	0.01	0.00989949	0.003	0.017	60	0	60	60	
0.4	5.4	52	1171	39	3	79	45784	79	45784	0.00494937	0.00418452	0.003	0.017	579.544	458.312	15	1775	
0.4	5.4	4	1173	7	3	4	3667	4	3667	0.01	0	0.01	0.01	916.75	733.545	60	1775	
0.4	5.4	41	1174	44	3	197	229307	197	229307	0.00530964	0.00344795	0.003	0.017	1163.99	1242.52	39	8873	
0.4	5.4	43	1175	16	3	157	560666	157	560666	0.00487261	0.00310856	0.003	0.01	3571.12	2588.84	45	9422	
0.4	5.4	40	1176	2	3	135	527296	135	527296	0.003	0	0.003	0.003	3905.9	2694.85	45	9422	
0.4	5.4	1	1178	5	3	66	192419	66	192419	0.00862121	0.0028053	0.003	0.01	2915.44	2533.23	45	9422	
0.4	5.4	11	1181	4	3	167	594273	167	594273	0.00878443	0.00276841	0.003	0.017	3558.52	2479.1	45	9422	
0.4	5.4	52	1182	68	3	95	149902	95	149902	0.00513684	0.00324073	0.003	0.01	1577.92	1482.91	29	6882	
0.4	5.4	57	1186	5	3	80	287069	80	287069	0.003	0	0.003	0.003	3588.36	2305.07	60	9422	
0.4	5.4	15	1187	24	3	121	289029	121	289029	0.00375207	0.0021767	0.003	0.01	2388.67	1650.75	60	9422	
0.4	5.4	5	1188	21	3	119	309701	119	309701	0.00805882	0.00340063	0.003	0.017	2602.53	2203.96	60	9422	
0.4	5.4	20	1190	14	3	76	180613	76	180613	0.00548684	0.00337241	0.003	0.01	2376.49	1891.12	60	9422	
0.4	5.4	48	1191	14	3	68	265163	68	265163	0.003	0	0.003	0.003	3899.46	2104.75	60	9422	
0.4	5.4	37	1196	43	3	269	248293	268	247701	0.00527239	0.00328378	0.003	0.01	924.257	976.344	33	9422	
0.4	5.4	21	1197	26	3	25	36331	25	36331	0.00496	0.0032078	0.003	0.01	1453.24	878.52	60	3550	
0.4	5.4	52	1199	57	3	331	209557	331	209557	0.00541088	0.00398106	0.003	0.017	633.103	506.138	3	2961	
0.4	5.4	37	1203	40	3	9	9702	9	9702	0.00688889	0.00368932	0.003	0.01	1078	748.577	60	1980	
0.4	5.4	16	1205	1	3	160	707707	160	707707	0.003	0	0.003	0.003	4423.17	2530.57	45	9422	
0.4	5.4	31	1206	6	3	31	63556	31	63556	0.00751613	0.00340461	0.003	0.01	2050.19	1896.12	60	9422	
0.4	5.4	8	1207	36	3	29	35753	29	35753	0.00444827	0.00288576	0.003	0.01	1232.86	1557.43	60	7099	
0.4	5.4	13	1209	1	3	96	253481	96	253481	0.00496875	0.00316379	0.003	0.01	2640.43	2030.9	60	9422	
0.4	5.4	14	1210	5	3	78	199526	78	199526	0.00802564	0.00317038	0.003	0.01	2558.03	2161.41	57	9422	
0.4	5.4	21	1213	11	3	4	240	4	240	0.01	0.00571548	0.003	0.017	60	0	60	60	
0.4	5.4	31	1215	4	3	120	260017	120	260017	0.00603333	0.00348329	0.003	0.01	2166.81	1860.06	45	9422	
0.4	5.4	53	1216	4	3	144	463881	144	463881	0.00684028	0.00349558	0.003	0.01	3221.4	2717.44	45	9422	
0.4	5.4	49	1217	7	3	116	164106	116	164106	0.00776724	0.00376103	0.003	0.017	1414.71	992.952	60	4395	
0.4	5.4	9	1224	25	3	122	287371	122	287371	0.00678688	0.00350261	0.003	0.01	2355.5	2083.68	60	9422	
0.4	5.4	6	1225	8	3	158	593899	158	593899	0.00508228	0.00321019	0.003	0.01	3758.85	2515.4	45	9422	
0.4	5.4	8	1227	12	3	115	329934	114	328750	0.003	0	0.003	0.003	2883.77	1931.67	60	9422	
0.4	5.4	39	1228	22	3	118	196773	118	196773	0.00317797	0.00110656	0.003	0.01	1667.57	1474.16	7	9422	
0.4	5.4	42	1229	23	3	66	139887	66	139887	0.00840909	0.00295597	0.003	0.01	2119.5	2034.11	56	9422	
0.4	5.4	14	1230	13	3	113	250460	113	250460	0.00845133	0.00393925	0.003	0.024	2216.46	2005.28	45	9422	
0.4	5.4	22	1231	7	3	151	471702	150	468744	0.00780667	0.00335725	0.003	0.017	3124.96	2532.53	45	9422	
0.4	5.4	26	1232	13	3	39	125079	39	125079	0.00389743	0.00237082	0.003	0.01	3207.15	2415.81	60	9422	
0.4	5.4	13	1234	14	3	82	275953	82	275953	0.00897561	0.00272154	0.003	0.017	3365.28	2263.32	60	9422	
0.4	5.4	52	1236	15	3	1	60	1	60	0.003	0	0.003	0.003	60	0	60	60	
0.4	5.4	52	1240	66	3	97	86025	97	86025	0.00451546	0.00289796	0.003	0.01	886.856	738.783	17	3550	
0.4	5.4	17	1243	3	3	122	286075	122	286075	0.0079918	0.00376257	0.003	0.017	2344.88	1751.41	36	9422	
0.4	5.4	4	1246	20	3	108	329083	108	329083	0.00786111	0.00323953	0.003	0.01	3047.06	2530.94	60	9422	
0.4	5.4	7	1247	3	3	50	83571	50	83571	0.0086	0.00282843	0.003	0.01	1671.42	1343.83	60	5322	
0.4	5.4	5	1248	2	3	97	316208	97	316208	0.00545361	0.00335727	0.003	0.01	3259.88	2453.5	45	9422	
0.4	5.4	10	1249	16	3	81	226168	81	226168	0.00541975	0.00334987	0.003	0.01	2792.2	2641.72	44	9422	
0.4	5.4	55	1252	34	3	172	596678	172	596678	0.0047093	0.00301601	0.003	0.01	3469.06	2438.39	45	9422	
0.4	5.4	37	1253	33	3	2	708	2	708	0.003	0	0.003	0.003	354	415.779	60	648	
0.4	5.4	34	1254	2	3	3	180	3	180	0.00766667	0.00404145	0.003	0.01	60	0	60	60	
0.4	5.4	41	1256	28	3	139	135296	139	135296	0.00506475	0.00320373	0.003	0.01	973.353	846.938	30	5861	
0.4	5.4	5	1257	15	3	115	253999	115	253999	0.00774783	0.00388394	0.003	0.017	2208.69	1710.16	13	7099	
0.4	5.4	38	1258	10	3	105	349217	106	349587	0.00392453	0.00238127	0.003	0.01	3297.99	2679.47	41	9422	
0.4	5.4	13	1259	13	3	142	511558	142	511558	0.00654929	0.00351204	0.003	0.01	3602.52	2346.71	36	9422	
0.4	5.4	34	1260	43	3	150	267660	149	266476	0.00708725	0.00355637	0.003	0.017	1788.43	1581.82	31	9422	
0.4	5.4	41	1261	37	3	355	407152	354	405968	0.00539265	0.00352748	0.003	0.017	1146.8	1145.54	29	9422	
0.4	5.4	3	1262	12	3	40	89580	40	89580	0.00895	0.00253134	0.003	0.01	2239.5	2036.18	60	9422	
0.4	5.4	49	1266	5	3	8	21415	8	21415	0.009125	0.00247487	0.003	0.01	2676.88	2453.7	60	7099	
0.4	5.4	52	1267	56	3	112	185517	112	185517	0.003	0	0.003	0.003	1656.4	1261.73	18	8035	
0.4	5.4	2	1268	34	3	44	40399	43	40864	0.00576744	0.00435801	0.003	0.017	950.326	817.487	60	3550	
0.4	5.4	45	1269	16	3	24	48645	24	48645	0.00533333	0.0033708	0.003	0.01	2026.88	1595.61	60	4395	
0.4	5.4	52	1270	3	3	2	120	2	120	0.0065	0.00494975	0.003	0.01	60	0	60	60	
0.4	5.4	34	1271	11	3	3	180	3	180	0.00766667	0.00404145	0.003	0.01	60	0	60	60	
0.4	5.4	26	1272	3	3	30	78217	30	78217	0.00346667	0.00177596	0.003	0.01	2607.23	2492.35	60	7708	
0.4	5.4	53	1273	7	3	254	489388	255	490911	0.00747451	0.0044099	0.003	0.024	1925.14	1839.85	60	9422	
0.4	5.4	25	1274	19	3	124	377021	124	377021	0.00751613	0.00336284	0.003	0.01	3040.49	2312.92	57	9422	
0.4	5.4	39	1275	68	3	1	60	1	60	0.003	0	0.003	0.003	60	0	60	60	
0.4	5.4	41	1276	73	3	132	115700	132	115700	0.00506818	0.00364282	0.003	0.017	876.515	771.971	24	4107	
0.4	5.4	38	1280	24	3	100	300761	100	300761	0.00615	0.0035	0.003	0.01	3007.61	2759.23	45	9422	
0.4	5.4	27	1281	23	3	204	158319	203	156544	0.006	0.00445217	0.003	0.024	771.153	595.658	5	4141	
0.4	5.4	46	1285	15	3	1	60	1	60	0.01	0	0.01	0.01	60	0	60	60	
0.4	5.4	17	1287	20	3	73	145954	71	139723	0.00792958	0.00342814	0.003	0.017	1967.93	1511.49	60	7099	
0.4	5.4	2	1288	2	3	2	120	2	120	0.01	0	0.01	0.01	60	0	60	60	
0.4	5.4	46	1289	8	3	59	85932	59	85932	0.00738983	0.00365314	0.003	0.017	1456.47	1592	60	7690	
0.4	5.4	56	1291	12	3	136	502648	136	502648	0.003	0	0.003	0.003	3695.94	2485.69	60	9422	
0.4	5.4	52	1292	24	3	155	369528	155	369528	0.0049871	0.00316636	0.003	0.01	2384.05	2369.15	43	9422	
0.4	5.4	47	1293	3	3	18	23198	18	23198	0.00688889	0.00357917	0.003	0.01	1288.78	735.529	60	2958	
0.4	5.4	27	1294	4	3	70	132126	70	132126	0.0074	0.00621219	0.003	0.017	1887.51	1842.99	60	9422	
0.4	5.4	41	1296	39	3	168	133460	168	133460	0.00491667	0.00322308	0.003	0.017	794.405	655.42	55	4107	
0.4	5.4	47	1297	14	3	155	306239	156	308606	0.00708333	0.00380993	0.003	0.017	1978.24	1757.28	60	9422	
0.4	5.4	56	1299	10	3	1	60	1	60	0.01	0	0.01	0.01	60	0	60	60	
0.4	5.4	35	1300	5	3	117	335703	117	335703	0.003	0	0.003	0.003	2869.26	2564.39	60	9422	
0.4	5.4	49	1302	2	3	118	299682	118	299682	0.00667797	0.00351038	0.003	0.01	2539.68	2128.16	35	9422	
0.4	5.4	55	1305	46	3	48	64066	48	64066	0.00825	0.00445068	0.003	0.017	1334.71	1281.4	60	5916	
0.4	5.4	21	1307	7	3	130	343928	130	343928	0.003	0	0.003	0.003	2645.6	1956.4	45	9422	
0.4	5.4	6	1308	5	3	76	258672	76	258672	0.00631579	0.00351837	0.003	0.01	3403.58	2574.75	45	9422	
0.4	5.4	32	1309	4	3	74	244585	73	243401	0.00808219	0.00314357	0.003	0.01	3334.26	2871.73	36	9422	
0.4	5.4	34	1310	23	3	237	281635	237	281635	0.00565823	0.00358275	0.003	0.017	1188.33	1204.69	60	9422	
0.4	5.4	20	1312	18	3	105	354649	105	354649	0.00386667	0.00231661	0.003	0.01	3377.61	2331.01	60	9422	
0.4	5.4	43	1313	14	3	104	353932	103	352748	0.00653398	0.00351695	0.003	0.01	3424.74	2555.66	45	9422	
0.4	5.4	55	1314	3	3	91	113172	91	113172	0.00638461	0.003669	0.003	0.017	1243.65	1244.53	60	9422	
0.4	5.4	48	1318	17	3	100	286026	99	284078	0.00561616	0.0034038	0.003	0.01	2869.47	2436.39	45	9422	
0.4	5.4	37	1319	55	3	5	300	5	300	0.0072	0.00383406	0.003	0.01	60	0	60	60	
0.4	5.4	8	1321	26	3	23	13757	23	13757	0.00513043	0.00391157	0.003	0.017	598.13	472.549	60	2230	
0.4	5.4	47	1322	17	3	113	290194	113	290194	0.003	0	0.003	0.003	2568.09	2227.75	60	9422	
0.4	5.4	37	1323	22	3	102	134501	102	134501	0.00595098	0.00374266	0.003	0.017	1318.64	1480.08	24	9422	
0.4	5.4	9	1325	9	3	16	32078	16	32078	0.0051875	0.00335099	0.003	0.01	2004.88	1664.77	60	6378	
0.4	5.4	55	1326	33	3	2	120	2	120	0.003	0	0.003	0.003	60	0	60	60	
0.4	5.4	20	1327	15	3	84	210788	84	210788	0.007	0.00348491	0.003	0.01	2509.38	1988.6	10	8873	
0.4	5.4	37	1329	6	3	76	59323	76	59323	0.00576316	0.00344429	0.003	0.01	780.566	605.897	60	4107	
0.4	5.4	51	1333	3	3	69	153973	69	153973	0.00746377	0.00338934	0.003	0.01	2231.49	1499.22	60	7099	
0.4	5.4	47	1335	5	3	40	81254	40	81254	0.005975	0.00350448	0.003	0.01	2031.35	1299.49	60	4904	
0.4	5.4	2	1336	14	3	129	387222	129	387222	0.00424806	0.00268977	0.003	0.01	3001.72	2431.55	60	9422	
0.4	5.4	19	1338	27	3	103	233499	103	233499	0.00694175	0.00348899	0.003	0.01	2266.98	1668.2	60	9422	
0.4	5.4	55	1339	36	3	197	409802	197	409802	0.00680203	0.00363604	0.003	0.017	2080.21	1687.77	15	9422	
0.4	5.4	39	1340	53	3	5	300	5	300	0.0072	0.00383406	0.003	0.01	60	0	60	60	
0.4	5.4	52	1342	64	3	249	219921	249	219921	0.00583936	0.00371981	0.003	0.017	883.217	828.93	60	5916	
0.4	5.4	9	1343	30	3	94	285454	94	285454	0.00493617	0.00314799	0.003	0.01	3036.74	2064.65	60	9422	
0.4	5.4	37	1344	27	3	4	240	4	240	0.01	0.00571548	0.003	0.017	60	0	60	60	
0.4	5.4	14	1346	19	3	151	513566	151	513566	0.003	0	0.003	0.003	3401.1	2388.94	45	9422	
0.4	5.4	56	1348	14	3	168	567532	169	570493	0.00697633	0.00364161	0.003	0.017	3375.7	2228.05	36	9422	
0.4	5.4	26	1349	17	3	139	450990	139	450990	0.00667626	0.0035082	0.003	0.01	3244.53	2304.94	45	9422	
0.4	5.4	23	1352	20	3	91	245802	91	245802	0.00676923	0.00350896	0.003	0.01	2701.12	2023.73	60	9422	
0.4	5.4	54	1354	3	3	42	127920	42	127920	0.00833333	0.00301756	0.003	0.01	3045.71	2736.86	45	9422	
0.4	5.4	10	1356	11	3	42	71143	42	71143	0.00866667	0.00386142	0.003	0.017	1693.88	1512.56	7	7099	
0.4	5.4	47	1357	16	3	25	47465	24	46873	0.00620833	0.00411761	0.003	0.017	1953.04	1773.81	60	7099	
0.4	5.4	14	1358	9	3	97	219184	97	219184	0.00826804	0.0033557	0.003	0.017	2259.63	1659.54	60	7099	
0.4	5.4	13	1359	7	3	75	206148	75	206148	0.003	0	0.003	0.003	2748.64	2171.99	60	9422	
0.4	5.4	55	1360	38	3	79	176486	79	176486	0.003	0	0.003	0.003	2234	1567.56	60	9422	
0.4	5.4	41	1363	22	3	2	120	2	120	0.0065	0.00494975	0.003	0.01	60	0	60	60	
0.4	5.4	42	1364	3	3	182	599172	182	599172	0.003	0	0.003	0.003	3292.15	2762.74	45	9422	
0.4	5.4	12	1365	6	3	80	172915	80	172915	0.008075	0.0033367	0.003	0.017	2161.44	1855.63	60	7690	
0.4	5.4	40	1366	15	3	87	242236	87	242236	0.00621839	0.00350888	0.003	0.01	2784.32	2419.59	60	9422	
0.4	5.4	52	1367	60	3	4	240	4	240	0.01	0	0.01	0.01	60	0	60	60	
0.4	5.4	49	1368	15	3	121	340380	121	340380	0.00583471	0.00345048	0.003	0.01	2813.06	2261.55	45	9422	
0.4	5.4	39	1369	7	3	2	120	2	120	0.003	0	0.003	0.003	60	0	60	60	
0.4	5.4	39	1370	12	3	6	8992	6	8992	0.00416667	0.00285774	0.003	0.01	1498.67	1204.42	60	3550	
0.4	5.4	37	1371	3	3	2	120	2	120	0.01	0.00989949	0.003	0.017	60	0	60	60	
0.4	5.4	51	1372	14	3	8	9586	8	9586	0.010875	0.00247487	0.01	0.017	1198.25	934.073	60	2961	
0.4	5.4	3	1374	9	3	145	655632	145	655632	0.003	0	0.003	0.003	4521.6	2349.89	45	9422	
0.4	5.4	27	1375	13	3	250	668577	249	665027	0.00567068	0.00340718	0.003	0.01	2670.79	2051.48	45	9422	
0.4	5.4	39	1378	62	3	94	108115	94	108115	0.00508511	0.00321843	0.003	0.01	1150.16	1350.18	60	8873	
0.4	5.4	27	1380	3	3	74	142752	74	142752	0.00555405	0.0041086	0.003	0.017	1929.08	1836.16	60	9422	
0.4	5.4	34	1381	16	3	2	120	2	120	0.0065	0.00494975	0.003	0.01	60	0	60	60	
0.4	5.4	33	1384	2	3	95	204863	95	204863	0.00646316	0.00351837	0.003	0.01	2156.45	2001.37	57	8873	
0.4	5.4	54	1385	7	3	28	87680	28	87680	0.003	0	0.003	0.003	3131.43	2585.02	60	9422	
0.4	5.4	37	1387	21	3	18	18470	18	18470	0.003	0	0.003	0.003	1026.11	523.94	60	1775	
0.4	5.4	34	1389	15	3	2	120	2	120	0.0065	0.00494975	0.003	0.01	60	0	60	60	
0.4	5.4	46	1390	6	3	2	120	2	120	0.003	0	0.003	0.003	60	0	60	60	
0.4	5.4	37	1391	42	3	122	109118	121	108526	0.00566116	0.00341212	0.003	0.01	896.909	757.16	44	4395	
0.4	5.4	41	1392	45	3	42	49856	42	49856	0.00566667	0.00344055	0.003	0.01	1187.05	1170.66	60	5324	
0.4	5.4	41	1394	4	3	263	411099	263	411099	0.00358555	0.00194173	0.003	0.01	1563.11	1114.02	18	8282	
0.4	5.4	6	1396	10	3	123	366367	123	366367	0.00903252	0.00242573	0.003	0.01	2978.59	1911.82	60	9422	
0.4	5.4	19	1398	11	3	117	240981	117	240981	0.00862393	0.0034684	0.003	0.017	2059.67	1729.38	60	9422	
0.4	5.4	52	1400	26	3	119	67163	119	67163	0.00535294	0.00410372	0.003	0.017	564.395	450.856	13	1836	
0.4	5.4	9	1401	19	3	106	400671	106	400671	0.003	0	0.003	0.003	3779.92	2310.8	60	9422	
0.4	5.4	19	1403	9	3	73	134452	73	134452	0.00731507	0.00342733	0.003	0.01	1841.81	1688.27	45	9422	
0.4	5.4	9	1405	8	3	5	5442	5	5442	0.0072	0.00383406	0.003	0.01	1088.4	742.216	60	1775	
0.4	5.4	2	1406	18	3	82	145257	81	143482	0.00541975	0.00334987	0.003	0.01	1771.38	1642.79	60	9422	
0.4	5.4	28	1407	8	3	5	5442	5	5442	0.0072	0.00383406	0.003	0.01	1088.4	742.216	60	1775	
0.4	5.4	8	1408	10	3	192	418045	192	418045	0.00402083	0.00247703	0.003	0.01	2177.32	2071.47	60	9422	
0.4	5.4	38	1410	9	3	64	175856	64	175856	0.003	0	0.003	0.003	2747.75	1379.05	60	5324	
0.4	5.4	39	1411	77	3	4	2484	4	2484	0.0065	0.00404145	0.003	0.01	621	459.442	60	1184	
0.4	5.4	12	1414	20	3	9	29105	9	29105	0.00377778	0.00233333	0.003	0.01	3233.89	2839.09	60	7690	
0.4	5.4	33	1415	9	3	20	37398	20	37398	0.0044	0.00287274	0.003	0.01	1869.9	1695.54	60	5664	
0.4	5.4	5	1416	5	3	131	409576	131	409576	0.00577862	0.003438	0.003	0.01	3126.53	2596.7	45	9422	
0.4	5.4	21	1417	30	3	32	62368	32	62368	0.00825	0.003556	0.003	0.017	1949	1551.13	60	7099	
0.4	5.4	45	1419	8	3	5	5442	5	5442	0.0058	0.00383406	0.003	0.01	1088.4	742.216	60	1775	
0.4	5.4	33	1420	6	3	6	8992	6	8992	0.003	0	0.003	0.003	1498.67	1204.42	60	3550	
0.4	5.4	41	1424	70	3	70	37496	70	37496	0.0061	0.00471246	0.003	0.024	535.657	513.934	16	2367	
0.4	5.4	52	1425	27	3	2	120	2	120	0.0135	0.00494975	0.01	0.017	60	0	60	60	
