% start	end	CellId	IMSI	RNTI	LCID	nTxPDUs	TxBytes	nRxPDUs	RxBytes	delay	stdDev	min	max	PduSize	stdDev	min	max
0.4	5.4	11	1	3	3	140	360647	140	360647	0.00745	0.00404529	0.003	0.017	2576.05	1849.82	21	9422	
0.4	5.4	6	2	9	3	155	632127	155	632127	0.003	0	0.003	0.003	4078.24	2251.39	45	9422	
0.4	5.4	9	3	5	3	1	60	1	60	0.01	0	0.01	0.01	60	0	60	60	
0.4	5.4	22	4	3	3	198	621441	199	624177	0.00715075	0.00344764	0.003	0.01	3136.57	2015.93	60	9422	
0.4	5.4	21	5	20	3	5	1364	4	1304	0.00825	0.0035	0.003	0.01	326	307.15	60	592	
0.4	5.4	36	7	4	3	106	483101	106	483101	0.0040566	0.00251786	0.003	0.01	4557.56	2602.43	45	9422	
0.4	5.4	52	8	27	3	46	102499	46	102499	0.003	0	0.003	0.003	2228.24	1502.94	60	7099	
0.4	5.4	28	9	11	3	177	653303	177	653303	0.00746893	0.00337275	0.003	0.01	3690.98	2027.33	60	9422	
0.4	5.4	39	11	68	3	123	181879	124	182252	0.00514516	0.00324023	0.003	0.01	1469.77	1334.35	32	7690	
0.4	5.4	40	12	1	3	75	253350	75	253350	0.00570667	0.00343186	0.003	0.01	3378	1750.86	60	8873	
0.4	5.4	34	15	54	3	3	1892	3	1892	0.00766667	0.00404145	0.003	0.01	630.667	562.2	60	1184	
0.4	5.4	42	17	33	3	62	174087	62	174087	0.00706452	0.00348237	0.003	0.01	2807.85	2442.02	60	9422	
0.4	5.4	2	18	37	3	133	221567	133	221567	0.00526316	0.00328655	0.003	0.01	1665.92	1529.59	18	9422	
0.4	5.4	52	19	36	3	2	120	2	120	0.0065	0.00494975	0.003	0.01	60	0	60	60	
0.4	5.4	37	20	26	3	211	226474	211	226474	0.00595261	0.00384802	0.003	0.017	1073.34	1017.25	60	7673	
0.4	5.4	10	21	25	3	77	197882	77	197882	0.00781818	0.00326354	0.003	0.01	2569.9	2184.64	36	9422	
0.4	5.4	24	23	17	3	153	568689	154	572830	0.00663636	0.00350875	0.003	0.01	3719.68	2372.7	36	9422	
0.4	5.4	8	24	12	3	1	60	1	60	0.01	0	0.01	0.01	60	0	60	60	
0.4	5.4	21	26	28	3	85	180769	85	180769	0.003	0	0.003	0.003	2126.69	1894.48	45	9422	
0.4	5.4	54	27	16	3	197	453467	197	453467	0.00779695	0.00369078	0.003	0.017	2301.86	1620.18	36	8867	
0.4	5.4	18	28	17	3	139	512020	139	512020	0.00728057	0.00342419	0.003	0.01	3683.6	2566.71	60	9422	
0.4	5.4	32	30	7	3	169	696022	169	696022	0.00353846	0.00187083	0.003	0.01	4118.47	2630.97	45	9422	
0.4	5.4	10	31	22	3	176	590638	175	588271	0.00708	0.00354193	0.003	0.017	3361.55	2453.3	45	9422	
0.4	5.4	50	32	18	3	90	261674	90	261674	0.00805555	0.00332292	0.003	0.017	2907.49	1869.1	60	8873	
0.4	5.4	39	34	36	3	348	445519	348	445519	0.00535345	0.00351839	0.003	0.017	1280.23	1318.76	14	9422	
0.4	5.4	39	35	83	3	88	102105	88	102105	0.005625	0.00372414	0.003	0.017	1160.28	1453.19	45	9422	
0.4	5.4	39	36	12	3	1	60	1	60	0.01	0	0.01	0.01	60	0	60	60	
0.4	5.4	50	38	13	3	58	202575	58	202575	0.00806896	0.00315596	0.003	0.01	3492.67	2069.44	60	7690	
0.4	5.4	14	39	6	3	139	422727	140	422875	0.00755	0.00345438	0.003	0.017	3020.54	2193.97	60	9422	
0.4	5.4	49	40	9	3	240	408001	240	408001	0.00714167	0.00429517	0.003	0.017	1700	1487.76	13	8282	
0.4	5.4	37	41	75	3	317	325544	317	325544	0.00547319	0.00398535	0.003	0.017	1026.95	964.164	60	7690	
0.4	5.4	15	44	6	3	44	130890	44	130890	0.00745454	0.00340625	0.003	0.01	2974.77	2098.2	60	7099	
0.4	5.4	52	46	71	3	194	407347	194	407347	0.00462371	0.00296222	0.003	0.01	2099.73	1593.75	36	9422	
0.4	5.4	11	47	17	3	58	206607	57	201874	0.00545614	0.00337041	0.003	0.01	3541.65	2226.47	23	9422	
0.4	5.4	17	49	8	3	161	725453	162	727228	0.00511728	0.00322526	0.003	0.01	4489.06	2695.91	45	9422	
0.4	5.4	37	52	73	3	1	60	1	60	0.01	0	0.01	0.01	60	0	60	60	
0.4	5.4	18	53	1	3	22	64020	22	64020	0.003	0	0.003	0.003	2910	1758.03	60	7863	
0.4	5.4	55	54	18	3	44	49283	44	49283	0.00443182	0.00285623	0.003	0.01	1120.07	841.397	60	3550	
0.4	5.4	2	56	8	3	391	535598	391	535598	0.00659846	0.00377915	0.003	0.017	1369.82	1058.08	60	4904	
0.4	5.4	32	57	15	3	173	650499	172	648551	0.00633721	0.00350642	0.003	0.01	3770.65	2341.25	45	9422	
0.4	5.4	9	60	4	3	132	585939	132	585939	0.00490909	0.00312941	0.003	0.01	4438.93	2818.4	45	9422	
0.4	5.4	34	61	40	3	96	85443	96	85443	0.00540625	0.00391106	0.003	0.017	890.031	1227.26	34	9422	
0.4	5.4	49	63	16	3	60	128555	60	128555	0.00673333	0.00352168	0.003	0.01	2142.58	1323	60	5324	
0.4	5.4	5	64	35	3	108	191383	108	192566	0.00753704	0.00335842	0.003	0.01	1783.02	1802.6	60	9422	
0.4	5.4	1	65	12	3	185	619731	185	619731	0.00682162	0.00349465	0.003	0.01	3349.9	2450.85	45	9422	
0.4	5.4	21	66	38	3	171	437215	171	437215	0.00504678	0.0031934	0.003	0.01	2556.81	2305.45	60	9422	
0.4	5.4	4	67	7	3	140	560408	140	560408	0.00625	0.0035036	0.003	0.01	4002.91	2393.02	45	9422	
0.4	5.4	35	69	18	3	2	120	2	120	0.0065	0.00494975	0.003	0.01	60	0	60	60	
0.4	5.4	42	70	23	3	66	138620	66	138620	0.00363636	0.00202778	0.003	0.01	2100.3	2047.41	25	9422	
0.4	5.4	43	71	21	3	97	254034	97	254034	0.00769072	0.00374266	0.003	0.017	2618.91	1771.48	50	6507	
0.4	5.4	56	72	17	3	61	153974	61	153974	0.00759016	0.00335349	0.003	0.01	2524.16	2022.75	60	8282	
0.4	5.4	54	73	15	3	152	565161	152	565161	0.00544079	0.0033469	0.003	0.01	3718.16	2119.59	60	9422	
0.4	5.4	52	74	34	3	220	395097	217	391214	0.00703226	0.00439105	0.003	0.024	1802.83	1696.09	21	9422	
0.4	5.4	27	77	15	3	2	120	2	120	0.01	0	0.01	0.01	60	0	60	60	
0.4	5.4	32	78	11	3	58	162359	58	162359	0.00613793	0.00351163	0.003	0.01	2799.29	1983.22	60	9422	
0.4	5.4	8	79	3	3	65	129721	61	126761	0.00678688	0.00351717	0.003	0.01	2078.05	1285.9	60	5861	
0.4	5.4	18	82	21	3	117	439716	117	439716	0.003	0	0.003	0.003	3758.26	2319.24	45	9422	
0.4	5.4	14	83	20	3	87	248758	87	248758	0.003	0	0.003	0.003	2859.29	2025.98	60	9422	
0.4	5.4	7	85	5	3	1	60	1	60	0.01	0	0.01	0.01	60	0	60	60	
0.4	5.4	21	88	3	3	305	494535	305	494535	0.0071541	0.00362636	0.003	0.017	1621.43	1379.7	30	9422	
0.4	5.4	48	89	5	3	104	174114	103	172930	0.00918447	0.00343782	0.003	0.017	1678.93	1937.18	60	9422	
0.4	5.4	57	94	26	3	189	286828	190	288012	0.00616842	0.00452776	0.003	0.024	1515.85	1738.79	45	9422	
0.4	5.4	23	95	14	3	18	34439	18	34439	0.00766667	0.0033955	0.003	0.01	1913.28	1386.28	60	4107	
0.4	5.4	41	98	51	3	99	184799	99	184799	0.00434343	0.0027707	0.003	0.01	1866.66	1403.15	60	7099	
0.4	5.4	41	99	30	3	46	77184	46	77184	0.00604348	0.00350844	0.003	0.01	1677.91	1218.66	60	5583	
0.4	5.4	34	100	16	3	363	394042	363	394042	0.00546832	0.00362099	0.003	0.017	1085.52	1060.27	5	9422	
0.4	5.4	18	103	7	3	41	106746	41	106746	0.00760976	0.00336064	0.003	0.01	2603.56	1802	60	7099	
0.4	5.4	35	105	10	3	59	103102	59	103102	0.00822034	0.00381046	0.003	0.017	1747.49	1481.14	60	9422	
0.4	5.4	10	106	13	3	46	109658	46	109658	0.00741304	0.00341615	0.003	0.01	2383.87	1578.3	60	7099	
0.4	5.4	55	109	9	3	79	170582	79	170582	0.00503797	0.00320033	0.003	0.01	2159.27	1911.5	45	9422	
0.4	5.4	9	110	16	3	48	136324	48	136324	0.00504167	0.00321538	0.003	0.01	2840.08	2438.73	60	9422	
0.4	5.4	43	111	12	3	81	154011	81	154011	0.00853086	0.00326759	0.003	0.017	1901.37	1273.46	60	5324	
0.4	5.4	19	112	14	3	108	383508	108	383508	0.00332407	0.00147774	0.003	0.01	3551	1888.53	60	7690	
0.4	5.4	19	115	1	3	100	350971	100	350971	0.00307	0.0007	0.003	0.01	3509.71	1761.45	60	8873	
0.4	5.4	41	117	11	3	289	575022	289	575022	0.00350865	0.00182025	0.003	0.01	1989.7	1408.44	7	9422	
0.4	5.4	49	119	8	3	154	417329	154	417329	0.00618182	0.00376161	0.003	0.017	2709.93	2074.22	60	9422	
0.4	5.4	25	120	5	3	135	418779	135	418779	0.00403704	0.00249599	0.003	0.01	3102.07	2325	45	9422	
0.4	5.4	25	121	10	3	169	539856	169	539856	0.00705917	0.00354848	0.003	0.017	3194.41	2221.15	60	9422	
0.4	5.4	31	122	16	3	3	180	3	180	0.01	0	0.01	0.01	60	0	60	60	
0.4	5.4	56	124	14	3	2	120	2	120	0.0065	0.00494975	0.003	0.01	60	0	60	60	
0.4	5.4	45	128	1	3	44	150401	44	150401	0.00475	0.00306613	0.003	0.01	3418.2	3017.77	60	9422	
0.4	5.4	39	129	32	3	18	5470	18	5470	0.00455555	0.00299455	0.003	0.01	303.889	256.788	8	807	
0.4	5.4	49	130	20	3	106	170118	106	170118	0.00656604	0.00377213	0.003	0.017	1604.89	1658.79	36	9422	
0.4	5.4	7	134	19	3	30	79408	30	79408	0.00696667	0.00352805	0.003	0.01	2646.93	2532.99	60	9422	
0.4	5.4	28	136	15	3	3	180	3	180	0.00533333	0.00404145	0.003	0.01	60	0	60	60	
0.4	5.4	2	137	23	3	175	373726	175	373726	0.003	0	0.003	0.003	2135.58	1692.43	29	9422	
0.4	5.4	37	138	14	3	4	240	4	240	0.0065	0.00404145	0.003	0.01	60	0	60	60	
0.4	5.4	32	140	22	3	70	213130	70	213130	0.0068	0.0035123	0.003	0.01	3044.71	2648.76	23	9422	
0.4	5.4	44	141	9	3	4	240	4	240	0.0065	0.00404145	0.003	0.01	60	0	60	60	
0.4	5.4	30	142	7	3	27	100109	27	100109	0.00481481	0.00312603	0.003	0.01	3707.74	2720.44	43	9422	
0.4	5.4	31	143	26	3	51	147580	51	147580	0.00711765	0.00347935	0.003	0.01	2893.73	2700.32	14	9422	
0.4	5.4	8	144	27	3	157	588150	157	588150	0.00460509	0.00295209	0.003	0.01	3746.18	2860.39	45	9422	
0.4	5.4	57	146	8	3	215	699260	215	699260	0.00309767	0.000823001	0.003	0.01	3252.37	2200.68	26	9422	
0.4	5.4	54	148	11	3	59	177633	59	177633	0.00679661	0.00351734	0.003	0.01	3010.73	1552.27	60	6882	
0.4	5.4	55	149	16	3	156	519098	156	519098	0.003	0	0.003	0.003	3327.55	2591.39	32	9422	
0.4	5.4	48	151	13	3	119	388981	119	388981	0.00452941	0.00290477	0.003	0.01	3268.75	2141.51	60	9422	
0.4	5.4	2	153	24	3	247	273433	247	273433	0.00555061	0.00354823	0.003	0.017	1107.02	1115.58	34	9422	
0.4	5.4	39	155	77	3	261	306405	261	306405	0.00619157	0.00354662	0.003	0.017	1173.97	926.154	43	5916	
0.4	5.4	54	156	19	3	116	234474	114	229148	0.00815789	0.00349102	0.003	0.017	2010.07	1968.12	60	9422	
0.4	5.4	42	159	1	3	2	120	2	120	0.0065	0.00494975	0.003	0.01	60	0	60	60	
0.4	5.4	39	168	71	3	310	282748	310	282748	0.00672581	0.00489624	0.003	0.024	912.09	986.616	60	8282	
0.4	5.4	31	170	2	3	168	552894	168	552894	0.00575	0.00342892	0.003	0.01	3291.04	2036.97	57	9422	
0.4	5.4	49	171	4	3	55	152193	55	152193	0.003	0	0.003	0.003	2767.15	1847.21	60	7099	
0.4	5.4	22	175	4	3	50	148762	50	148762	0.00538	0.00334963	0.003	0.01	2975.24	1960.56	60	8873	
0.4	5.4	46	176	19	3	66	217263	66	217263	0.00787879	0.00324163	0.003	0.01	3291.86	2169.08	28	9422	
0.4	5.4	54	177	3	3	101	263433	102	264365	0.00643137	0.00351661	0.003	0.01	2591.81	2239.71	45	9422	
0.4	5.4	52	179	50	3	212	276634	208	272098	0.00676923	0.00423291	0.003	0.017	1308.16	1217.26	10	7690	
0.4	5.4	26	180	14	3	155	695161	155	695161	0.00774193	0.00328285	0.003	0.01	4484.91	2560.21	45	9422	
0.4	5.4	14	181	24	3	123	482305	123	482305	0.0035691	0.0019209	0.003	0.01	3921.18	2498.68	45	9422	
0.4	5.4	31	184	24	3	5	5442	5	5442	0.0114	0.0031305	0.01	0.017	1088.4	742.216	60	1775	
0.4	5.4	20	186	24	3	58	179517	58	179517	0.003	0	0.003	0.003	3095.12	2451.54	60	9422	
0.4	5.4	5	187	25	3	145	397381	146	397569	0.00721918	0.00343711	0.003	0.01	2723.08	2123.69	45	9422	
0.4	5.4	31	188	20	3	119	356919	119	356919	0.00764706	0.003788	0.003	0.017	2999.32	2001	35	9422	
0.4	5.4	35	191	12	3	1	60	1	60	0.01	0	0.01	0.01	60	0	60	60	
0.4	5.4	42	193	31	3	194	278457	193	276978	0.00793264	0.00398312	0.003	0.024	1435.12	1517.24	45	9422	
0.4	5.4	31	196	14	3	79	284107	79	284107	0.00335443	0.00154454	0.003	0.01	3596.29	1595.66	60	8873	
0.4	5.4	41	197	26	3	268	472076	268	472076	0.00516791	0.00324265	0.003	0.01	1761.48	1260.85	33	9422	
0.4	5.4	37	198	65	3	451	532189	451	532189	0.00531264	0.0032961	0.003	0.01	1180.02	1128.95	43	9422	
0.4	5.4	52	199	56	3	3	180	3	180	0.00766667	0.00404145	0.003	0.01	60	0	60	60	
0.4	5.4	30	201	16	3	49	112059	49	112059	0.00671428	0.00352964	0.003	0.01	2286.92	2002.5	60	8873	
0.4	5.4	34	202	33	3	194	153647	194	153647	0.00610309	0.00444654	0.003	0.017	791.995	932.288	21	9422	
0.4	5.4	42	206	13	3	1	60	1	60	0.017	0	0.017	0.017	60	0	60	60	
0.4	5.4	5	207	34	3	207	613857	208	617407	0.00703846	0.00346668	0.003	0.01	2968.3	2386.6	45	9422	
0.4	5.4	29	208	11	3	125	468690	125	468690	0.006528	0.00351397	0.003	0.01	3749.52	2550.71	45	9422	
0.4	5.4	42	210	25	3	55	125592	55	125592	0.003	0	0.003	0.003	2283.49	1832.93	60	9422	
0.4	5.4	33	212	15	3	44	153363	44	153363	0.00618182	0.0035258	0.003	0.01	3485.52	3018.84	60	9422	
0.4	5.4	5	214	21	3	79	146914	79	146914	0.00778481	0.00412519	0.003	0.017	1859.67	1686.02	60	9422	
0.4	5.4	7	215	2	3	37	106929	35	97274	0.0068	0.00353803	0.003	0.01	2779.26	2531.58	60	9422	
0.4	5.4	34	217	30	3	72	128563	72	128563	0.00513889	0.00324712	0.003	0.01	1785.6	1800.98	60	9422	
0.4	5.4	2	218	11	3	133	150661	133	150661	0.00594737	0.0043263	0.003	0.017	1132.79	866.32	11	5916	
0.4	5.4	28	220	9	3	108	302703	108	302703	0.0087037	0.00273181	0.003	0.01	2802.81	2329.85	45	9422	
0.4	5.4	39	221	45	3	169	150874	169	150874	0.00602367	0.00394901	0.003	0.017	892.746	1173.04	13	9422	
0.4	5.4	34	222	23	3	97	97873	97	97873	0.00494845	0.00360662	0.003	0.017	1009	707.207	60	3550	
0.4	5.4	14	223	17	3	5	2486	5	2486	0.0044	0.0031305	0.003	0.01	497.2	428.876	60	1184	
0.4	5.4	9	225	12	3	55	128523	55	128523	0.00681818	0.00351763	0.003	0.01	2336.78	2041.72	45	9422	
0.4	5.4	42	229	20	3	152	308716	152	308716	0.00654605	0.00351127	0.003	0.01	2031.03	1446.29	28	9422	
0.4	5.4	14	233	4	3	32	91828	32	91828	0.0060625	0.00352811	0.003	0.01	2869.62	2572.05	60	9422	
0.4	5.4	41	234	56	3	181	403810	181	403810	0.003	0	0.003	0.003	2230.99	1751.82	60	9422	
0.4	5.4	22	235	14	3	123	307949	124	310907	0.00808064	0.0037168	0.003	0.017	2507.31	1718.75	36	9422	
0.4	5.4	40	236	10	3	166	613554	166	613554	0.00801807	0.00325571	0.003	0.017	3696.11	2419.43	45	9422	
0.4	5.4	48	239	14	3	2	120	2	120	0.0065	0.00494975	0.003	0.01	60	0	60	60	
0.4	5.4	5	240	9	3	167	328618	166	327535	0.00801807	0.00441687	0.003	0.024	1973.1	1675.4	60	9422	
0.4	5.4	18	242	9	3	142	522664	142	522664	0.00354225	0.00187792	0.003	0.01	3680.73	2637.57	45	9422	
0.4	5.4	14	245	5	3	162	485924	163	490319	0.00733742	0.00349642	0.003	0.017	3008.09	2127.02	36	9422	
0.4	5.4	2	247	19	3	130	228621	132	233946	0.00559848	0.00339479	0.003	0.01	1772.32	1281.41	60	4733	
0.4	5.4	38	249	10	3	188	601203	187	600019	0.00756684	0.00357103	0.003	0.017	3208.66	2299.08	45	9422	
0.4	5.4	44	251	14	3	77	252166	77	252166	0.00409091	0.0025556	0.003	0.01	3274.88	2184.67	45	9422	
0.4	5.4	55	252	15	3	47	65839	47	65839	0.00612766	0.00351776	0.003	0.01	1400.83	1089.03	60	4462	
0.4	5.4	50	253	4	3	27	70525	27	70525	0.00325926	0.00134715	0.003	0.01	2612.04	1585.32	60	5324	
0.4	5.4	41	254	67	3	296	515418	296	515418	0.00541216	0.00361903	0.003	0.017	1741.28	1412.11	28	9422	
0.4	5.4	49	255	24	3	117	261706	118	262298	0.00727119	0.00342854	0.003	0.01	2222.86	1949.63	17	9422	
0.4	5.4	26	257	7	3	133	444454	133	444454	0.00742105	0.0033894	0.003	0.01	3341.76	2351.88	45	9422	
0.4	5.4	17	259	17	3	127	352994	126	351422	0.00883333	0.00261916	0.003	0.01	2789.06	2182.69	36	9422	
0.4	5.4	7	260	11	3	96	398875	96	398875	0.003	0	0.003	0.003	4154.95	2489.08	45	9422	
0.4	5.4	10	261	14	3	46	128523	46	128523	0.00665217	0.00353533	0.003	0.01	2793.98	2348.71	60	9422	
0.4	5.4	30	262	20	3	141	580609	141	580609	0.003	0	0.003	0.003	4117.79	2651.31	45	9422	
0.4	5.4	41	263	10	3	90	88943	90	88943	0.00455555	0.00292648	0.003	0.01	988.256	535.738	43	2457	
0.4	5.4	39	264	73	3	182	189907	182	189907	0.00553846	0.00375436	0.003	0.017	1043.45	1021.43	31	9422	
0.4	5.4	44	265	1	3	153	646721	154	646781	0.003	0	0.003	0.003	4199.88	2436	45	9422	
0.4	5.4	43	266	4	3	73	156368	73	156368	0.00741096	0.00395754	0.003	0.017	2142.03	1818.81	60	8873	
0.4	5.4	41	267	16	3	3	180	3	180	0.00533333	0.00404145	0.003	0.01	60	0	60	60	
0.4	5.4	1	268	6	3	61	197861	59	190168	0.00477966	0.00307419	0.003	0.01	3223.19	2802.11	60	9422	
0.4	5.4	26	269	5	3	144	639061	144	639061	0.00567361	0.00341291	0.003	0.01	4437.92	2476.14	45	9422	
0.4	5.4	45	271	19	3	121	418530	121	418530	0.00681818	0.0035	0.003	0.01	3458.93	2027.45	60	9422	
0.4	5.4	6	275	10	3	57	146278	57	146278	0.00680702	0.0035175	0.003	0.01	2566.28	2062.54	60	9422	
0.4	5.4	18	277	20	3	28	52315	28	52315	0.0065	0.00404145	0.003	0.017	1868.39	1655.86	60	7099	
0.4	5.4	41	278	18	3	105	104959	105	104959	0.00546667	0.00362965	0.003	0.017	999.61	1065.38	24	7099	
0.4	5.4	28	279	5	3	2	120	2	120	0.0065	0.00494975	0.003	0.01	60	0	60	60	
0.4	5.4	25	280	6	3	119	383108	118	381924	0.00673729	0.00350684	0.003	0.01	3236.64	1978.93	57	9422	
0.4	5.4	27	281	3	3	2	120	2	120	0.0065	0.00494975	0.003	0.01	60	0	60	60	
0.4	5.4	26	282	1	3	4	240	4	240	0.00475	0.0035	0.003	0.01	60	0	60	60	
0.4	5.4	8	283	16	3	187	578466	187	578466	0.00606952	0.00348275	0.003	0.01	3093.4	2507.12	45	9422	
0.4	5.4	6	284	14	3	155	347602	155	347602	0.00832903	0.00319925	0.003	0.017	2242.59	1895.22	60	9422	
0.4	5.4	5	285	12	3	2	120	2	120	0.0065	0.00494975	0.003	0.01	60	0	60	60	
0.4	5.4	22	286	2	3	3	1892	3	1892	0.00766667	0.00404145	0.003	0.01	630.667	562.2	60	1184	
0.4	5.4	13	288	13	3	7	8994	7	8994	0.007	0.00374166	0.003	0.01	1284.86	776.822	60	2385	
0.4	5.4	14	289	12	3	13	43900	13	43900	0.003	0	0.003	0.003	3376.92	3356.4	60	9422	
0.4	5.4	34	290	45	3	291	402138	291	402138	0.00547766	0.00350104	0.003	0.017	1381.92	1358.35	56	9422	
0.4	5.4	41	297	27	3	108	209657	108	209657	0.003	0	0.003	0.003	1941.27	1504.63	38	9422	
0.4	5.4	37	298	12	3	1	60	1	60	0.003	0	0.003	0.003	60	0	60	60	
0.4	5.4	8	299	17	3	1	60	1	60	0.01	0	0.01	0.01	60	0	60	60	
0.4	5.4	52	300	33	3	116	210810	116	210810	0.00475	0.00304424	0.003	0.01	1817.33	1769.46	60	9422	
0.4	5.4	26	301	13	3	102	443827	102	443827	0.0065	0.00351728	0.003	0.01	4351.25	2042.52	60	9422	
0.4	5.4	11	302	16	3	74	290918	74	290918	0.00318919	0.00114288	0.003	0.01	3931.32	2369.84	60	9422	
0.4	5.4	5	303	10	3	132	311385	132	311385	0.00602273	0.00348051	0.003	0.01	2358.98	1869.37	60	8873	
0.4	5.4	56	304	21	3	223	705545	223	705545	0.00755157	0.00372062	0.003	0.017	3163.88	2137.18	57	9422	
0.4	5.4	34	306	27	3	124	210354	124	210354	0.00469355	0.00300995	0.003	0.01	1696.4	1382.18	43	9422	
0.4	5.4	33	307	3	3	18	47565	18	47565	0.00416667	0.00268438	0.003	0.01	2642.5	2570.92	60	8873	
0.4	5.4	41	310	74	3	184	215704	184	215704	0.00524456	0.00351266	0.003	0.017	1172.3	1002.15	43	8282	
0.4	5.4	28	312	7	3	22	66387	22	66387	0.003	0	0.003	0.003	3017.59	2785.78	60	9422	
0.4	5.4	19	315	17	3	138	589512	138	589512	0.003	0	0.003	0.003	4271.83	2941.63	45	9422	
0.4	5.4	39	317	48	3	256	380281	256	380281	0.00543359	0.00334011	0.003	0.01	1485.47	1393.56	20	9422	
0.4	5.4	2	318	9	3	105	230350	105	230350	0.003	0	0.003	0.003	2193.81	1939.01	4	9422	
0.4	5.4	51	319	3	3	61	231440	61	231440	0.00965574	0.00152627	0.003	0.01	3794.1	2000.84	60	8282	
0.4	5.4	27	321	2	3	95	229140	95	229140	0.00756842	0.00364853	0.003	0.017	2412	1979.44	45	9422	
0.4	5.4	7	323	10	3	61	123338	60	121563	0.00766667	0.00356854	0.003	0.017	2026.05	2231.7	54	9422	
0.4	5.4	44	324	15	3	175	603857	175	603857	0.00664	0.00350723	0.003	0.01	3450.61	2486.15	36	9422	
0.4	5.4	52	325	49	3	151	228657	148	224988	0.00735135	0.00512545	0.003	0.024	1520.19	1591.01	60	9422	
0.4	5.4	39	326	24	3	72	89540	72	89540	0.00368055	0.00208837	0.003	0.01	1243.61	981.276	60	4395	
0.4	5.4	46	327	2	3	152	444001	152	444001	0.00686842	0.00349206	0.003	0.01	2921.06	2003.28	60	9422	
0.4	5.4	47	328	16	3	72	203073	72	203073	0.003	0	0.003	0.003	2820.46	1983.62	60	9422	
0.4	5.4	37	329	48	3	247	224048	246	222864	0.0054187	0.00345341	0.003	0.017	905.951	1001.82	4	9422	
0.4	5.4	37	331	60	3	273	346109	273	346109	0.00541026	0.00373972	0.003	0.017	1267.8	911.289	60	4395	
0.4	5.4	35	332	1	3	68	133870	68	133870	0.00886765	0.00354883	0.003	0.017	1968.68	1596.17	60	9422	
0.4	5.4	35	333	19	3	127	236856	127	236856	0.00796063	0.00364801	0.003	0.017	1865.01	1355.72	60	5545	
0.4	5.4	35	334	17	3	191	450590	192	452957	0.00828646	0.00356337	0.003	0.017	2359.15	1552.78	60	8282	
0.4	5.4	41	335	17	3	2	120	2	120	0.003	0	0.003	0.003	60	0	60	60	
0.4	5.4	51	338	5	3	144	545844	144	545844	0.00795833	0.00319281	0.003	0.01	3790.58	2949.72	45	9422	
0.4	5.4	41	339	70	3	97	150524	97	150524	0.00581443	0.00345003	0.003	0.01	1551.79	1202.73	60	9422	
0.4	5.4	4	340	19	3	112	438115	112	438115	0.005125	0.00323306	0.003	0.01	3911.74	2609.26	60	9422	
0.4	5.4	44	344	12	3	118	262388	118	262388	0.00851695	0.00340621	0.003	0.017	2223.63	2144.13	26	9422	
0.4	5.4	1	345	22	3	7	10767	7	10767	0.003	0	0.003	0.003	1538.14	1104.43	60	3550	
0.4	5.4	11	346	9	3	26	72898	25	67574	0.00664	0.00356931	0.003	0.01	2702.96	2434.2	60	9422	
0.4	5.4	56	347	20	3	96	235784	96	235784	0.0078125	0.00384246	0.003	0.017	2456.08	2121.49	60	9422	
0.4	5.4	46	348	9	3	107	360567	107	360567	0.00640187	0.00351509	0.003	0.01	3369.79	2153.93	60	9422	
0.4	5.4	56	349	12	3	129	447434	129	447434	0.003	0	0.003	0.003	3468.48	2347.84	45	9422	
0.4	5.4	8	350	7	3	3	180	3	180	0.01	0	0.01	0.01	60	0	60	60	
0.4	5.4	42	351	2	3	158	388973	159	390157	0.00647799	0.00351099	0.003	0.01	2453.82	2153.86	45	9422	
0.4	5.4	50	352	6	3	1	60	1	60	0.01	0	0.01	0.01	60	0	60	60	
0.4	5.4	55	356	28	3	85	111470	84	108509	0.00566667	0.00358824	0.003	0.017	1291.77	1055.58	60	4395	
0.4	5.4	32	362	9	3	151	548603	149	545470	0.00534899	0.00331647	0.003	0.01	3660.87	2103.51	60	9422	
0.4	5.4	51	363	8	3	4	2484	4	2484	0.00825	0.0035	0.003	0.01	621	459.442	60	1184	
0.4	5.4	2	364	26	3	266	300439	266	300439	0.00647368	0.0043534	0.003	0.017	1129.47	882.106	60	4200	
0.4	5.4	3	365	12	3	2	120	2	120	0.01	0	0.01	0.01	60	0	60	60	
0.4	5.4	37	366	7	3	4	240	4	240	0.00475	0.0035	0.003	0.01	60	0	60	60	
0.4	5.4	37	370	2	3	328	539441	328	539441	0.00432317	0.00274488	0.003	0.01	1644.64	1235.2	60	8873	
0.4	5.4	29	371	5	3	125	384693	125	384693	0.00412	0.00257657	0.003	0.01	3077.54	2496.88	45	9422	
0.4	5.4	2	372	12	3	3	180	3	180	0.00533333	0.00404145	0.003	0.01	60	0	60	60	
0.4	5.4	39	373	10	3	297	371527	297	371527	0.00500337	0.00316921	0.003	0.01	1250.93	1234.21	11	9422	
0.4	5.4	41	375	28	3	214	198754	214	198754	0.00568224	0.00385439	0.003	0.017	928.757	859.398	15	5324	
0.4	5.4	41	376	39	3	131	176592	131	176592	0.00572519	0.00363964	0.003	0.017	1348.03	1148.58	35	6262	
0.4	5.4	55	377	44	3	237	315285	238	316092	0.00638235	0.00420277	0.003	0.017	1328.12	980.479	47	6877	
0.4	5.4	37	378	64	3	24	10551	24	10551	0.00475	0.00309628	0.003	0.01	439.625	360.29	8	1184	
0.4	5.4	55	380	39	3	63	64105	63	64105	0.00566667	0.00365001	0.003	0.017	1017.54	1013.46	60	4904	
0.4	5.4	41	381	7	3	4	240	4	240	0.0065	0.00404145	0.003	0.01	60	0	60	60	
0.4	5.4	29	382	7	3	163	513959	163	513959	0.00793865	0.00320049	0.003	0.01	3153.12	2226.74	45	9422	
0.4	5.4	50	385	10	3	40	105548	40	105548	0.003	0	0.003	0.003	2638.7	2368.51	60	9422	
0.4	5.4	54	387	10	3	79	134474	79	134474	0.00813924	0.00366807	0.003	0.017	1702.2	1498.25	60	9422	
0.4	5.4	13	388	8	3	55	101900	55	101900	0.0086	0.0031305	0.003	0.017	1852.73	1909.23	60	9422	
0.4	5.4	45	389	3	3	137	577567	136	571060	0.00732353	0.00341431	0.003	0.01	4198.97	2912.33	45	9422	
0.4	5.4	52	390	10	3	2	120	2	120	0.0065	0.00494975	0.003	0.01	60	0	60	60	
0.4	5.4	52	391	46	3	3	180	3	180	0.00766667	0.00404145	0.003	0.01	60	0	60	60	
0.4	5.4	18	393	6	3	62	147469	62	147469	0.00627419	0.00352122	0.003	0.01	2378.53	1652.29	60	7099	
0.4	5.4	49	394	5	3	161	417904	163	424666	0.00561963	0.00339791	0.003	0.01	2605.31	1714.01	60	9422	
0.4	5.4	9	395	9	3	62	266345	62	266345	0.003	0	0.003	0.003	4295.89	2946.15	45	9422	
0.4	5.4	15	396	11	3	129	513671	129	513671	0.003	0	0.003	0.003	3981.95	2228.9	45	9422	
0.4	5.4	39	397	54	3	172	181574	172	181574	0.00621512	0.00395962	0.003	0.017	1055.66	1278.71	60	9422	
0.4	5.4	10	399	27	3	123	523721	123	523721	0.003	0	0.003	0.003	4257.89	2806.33	45	9422	
0.4	5.4	42	400	29	3	280	542450	280	542450	0.007425	0.0039114	0.003	0.017	1937.32	1846.12	4	9422	
0.4	5.4	53	402	12	3	71	215489	71	215489	0.003	0	0.003	0.003	3035.06	2104.23	60	9422	
0.4	5.4	21	403	24	3	200	433613	200	433613	0.004295	0.0027249	0.003	0.01	2168.07	1856.12	60	9422	
0.4	5.4	20	406	1	3	113	349313	113	349313	0.00770796	0.00329957	0.003	0.01	3091.27	1825.67	36	7690	
0.4	5.4	27	407	11	3	240	712651	240	712651	0.0079875	0.00336296	0.003	0.017	2969.38	2247.34	45	9422	
0.4	5.4	23	410	2	3	4	3667	4	3667	0.01	0	0.01	0.01	916.75	733.545	60	1775	
0.4	5.4	5	411	8	3	43	54531	43	54531	0.00690698	0.00440137	0.003	0.017	1268.16	1051.79	60	4141	
0.4	5.4	48	412	1	3	77	331425	77	331425	0.00390909	0.00236855	0.003	0.01	4304.22	2608.72	60	9422	
0.4	5.4	19	413	4	3	49	144606	49	144606	0.00857143	0.00285044	0.003	0.01	2951.14	2231.27	60	9422	
0.4	5.4	27	414	16	3	156	528107	156	528107	0.00703846	0.00346947	0.003	0.01	3385.3	2223.47	60	9422	
0.4	5.4	37	415	35	3	86	46572	85	45477	0.00514118	0.00341967	0.003	0.017	535.024	460.058	8	2134	
0.4	5.4	25	416	20	3	116	348871	116	348871	0.00571552	0.00342575	0.003	0.01	3007.51	2088.45	57	9422	
0.4	5.4	23	417	12	3	31	61660	31	61660	0.00435484	0.00281127	0.003	0.01	1989.03	2043.3	60	8282	
0.4	5.4	5	418	6	3	45	110891	45	110891	0.003	0	0.003	0.003	2464.24	2188.34	45	9422	
0.4	5.4	28	419	14	3	94	352859	94	352859	0.00724468	0.0034382	0.003	0.01	3753.82	2448.65	60	9422	
0.4	5.4	41	420	64	3	81	90135	81	90135	0.00645679	0.00457998	0.003	0.017	1112.78	847.71	60	5072	
0.4	5.4	19	421	2	3	162	736467	162	736467	0.003	0	0.003	0.003	4546.09	3075.12	45	9422	
0.4	5.4	8	422	5	3	134	214388	133	213796	0.00778947	0.00379204	0.003	0.017	1607.49	1448.6	29	9422	
0.4	5.4	29	423	8	3	4	240	4	240	0.0065	0.00404145	0.003	0.01	60	0	60	60	
0.4	5.4	37	425	37	3	5	832	5	832	0.0044	0.0031305	0.003	0.01	166.4	237.918	60	592	
0.4	5.4	52	426	52	3	69	125624	69	125624	0.00482609	0.00309628	0.003	0.01	1820.64	1203.93	60	6882	
0.4	5.4	48	427	4	3	62	122158	61	120974	0.00839344	0.00467717	0.003	0.024	1983.18	1680.23	60	8873	
0.4	5.4	15	429	9	3	106	303781	106	303781	0.00636792	0.00351412	0.003	0.01	2865.86	1941.41	60	9422	
0.4	5.4	6	430	17	3	95	290169	94	287802	0.00709574	0.00346742	0.003	0.01	3061.72	2081.23	36	9422	
0.4	5.4	49	432	14	3	189	330808	189	330808	0.00777778	0.0045934	0.003	0.017	1750.31	1599.83	60	9422	
0.4	5.4	32	434	6	3	101	320212	100	316071	0.0058	0.00344656	0.003	0.01	3160.71	2139.64	45	9422	
0.4	5.4	7	435	3	3	158	430295	158	430295	0.00694304	0.00348289	0.003	0.01	2723.39	1937.58	60	9422	
0.4	5.4	53	436	3	3	140	438566	140	438566	0.0093	0.00256063	0.003	0.017	3132.61	1730.96	60	9422	
0.4	5.4	52	437	13	3	1	60	1	60	0.003	0	0.003	0.003	60	0	60	60	
0.4	5.4	23	438	18	3	4	240	4	240	0.0065	0.00404145	0.003	0.01	60	0	60	60	
0.4	5.4	56	439	1	3	55	149227	55	149227	0.00821818	0.00307734	0.003	0.01	2713.22	2688.5	45	9422	
0.4	5.4	38	440	7	3	81	182493	81	182493	0.00714815	0.00346089	0.003	0.01	2253	1412.05	60	7099	
0.4	5.4	12	441	18	3	123	470016	123	470016	0.00778049	0.00350769	0.003	0.017	3821.27	2907.7	45	9422	
0.4	5.4	37	442	25	3	146	195585	146	195585	0.00558904	0.00358478	0.003	0.017	1339.62	1055.6	60	4395	
0.4	5.4	38	443	15	3	23	56921	23	56921	0.00786956	0.0032933	0.003	0.01	2474.83	2933.66	60	9422	
0.4	5.4	43	445	16	3	94	244625	95	245809	0.00771579	0.00329946	0.003	0.01	2587.46	1770.48	60	7690	
0.4	5.4	37	446	58	3	180	193174	180	193174	0.00541111	0.00333559	0.003	0.01	1073.19	837.59	60	3550	
0.4	5.4	56	448	11	3	61	134793	61	134793	0.00816393	0.00310473	0.003	0.01	2209.72	1987.86	60	9422	
0.4	5.4	32	449	30	3	30	67585	27	63157	0.00740741	0.00395415	0.003	0.017	2339.15	2562.18	60	9422	
0.4	5.4	21	450	21	3	189	307341	189	307341	0.00648148	0.00350925	0.003	0.01	1626.14	1501.1	60	9422	
0.4	5.4	14	451	18	3	166	544442	166	544442	0.00721687	0.00360487	0.003	0.017	3279.77	2572.79	45	9422	
0.4	5.4	4	452	15	3	87	278800	87	278800	0.00790804	0.00322286	0.003	0.01	3204.6	2045.44	60	9422	
0.4	5.4	14	453	16	3	156	523881	156	523881	0.00510897	0.00322205	0.003	0.01	3358.21	2426.06	45	9422	
0.4	5.4	17	454	10	3	65	135145	65	135145	0.00332308	0.00148016	0.003	0.01	2079.15	2185.09	60	9422	
0.4	5.4	55	455	2	3	6	8992	6	8992	0.00766667	0.00361478	0.003	0.01	1498.67	1204.42	60	3550	
0.4	5.4	52	458	68	3	162	270041	162	270041	0.00619753	0.00358368	0.003	0.017	1666.92	1411.67	60	9422	
0.4	5.4	1	460	17	3	140	414437	140	414437	0.0071	0.00356098	0.003	0.017	2960.26	2049.32	60	9422	
0.4	5.4	13	461	3	3	30	70767	30	70767	0.00883333	0.00322793	0.003	0.017	2358.9	1984.19	60	7099	
0.4	5.4	37	462	31	3	1	60	1	60	0.003	0	0.003	0.003	60	0	60	60	
0.4	5.4	16	463	2	3	65	190158	64	187791	0.0095625	0.00170783	0.003	0.01	2934.23	2223.93	60	9422	
0.4	5.4	30	464	9	3	90	258099	90	258099	0.00673333	0.00351178	0.003	0.01	2867.77	1974.25	57	8282	
0.4	5.4	52	466	30	3	101	144557	101	144557	0.00674257	0.003509	0.003	0.01	1431.26	1064.11	60	5324	
0.4	5.4	10	467	10	3	93	198384	93	198384	0.0075914	0.00406265	0.003	0.017	2133.16	1351.93	60	6877	
0.4	5.4	30	469	14	3	113	391908	113	391908	0.003	0	0.003	0.003	3468.21	2052.83	60	9422	
0.4	5.4	52	472	78	3	1	60	1	60	0.01	0	0.01	0.01	60	0	60	60	
0.4	5.4	51	475	10	3	84	325047	84	325047	0.00416667	0.00262441	0.003	0.01	3869.61	3204.88	45	9422	
0.4	5.4	57	477	16	3	4	240	4	240	0.01	0	0.01	0.01	60	0	60	60	
0.4	5.4	11	478	10	3	118	371701	118	371701	0.00744915	0.00338321	0.003	0.01	3150.01	2048.41	36	9422	
0.4	5.4	18	480	10	3	22	70525	22	70525	0.00840909	0.00369889	0.003	0.017	3205.68	1811.23	60	7099	
0.4	5.4	52	484	66	3	119	286576	119	286576	0.00441176	0.00282066	0.003	0.01	2408.2	1474.98	60	8282	
0.4	5.4	5	485	30	3	43	109652	43	109652	0.00674419	0.00384889	0.003	0.017	2550.05	1693.03	60	6507	
0.4	5.4	22	487	19	3	112	255202	112	255202	0.007875	0.00418518	0.003	0.017	2278.59	1877.56	45	9422	
0.4	5.4	5	488	3	3	1	60	1	60	0.003	0	0.003	0.003	60	0	60	60	
0.4	5.4	52	491	43	3	66	71903	66	71903	0.00565151	0.00438702	0.003	0.017	1089.44	807.915	60	3822	
0.4	5.4	10	492	1	3	79	252165	79	252165	0.003	0	0.003	0.003	3191.96	2305.48	45	9422	
0.4	5.4	39	494	38	3	160	183221	160	183221	0.0057125	0.00400218	0.003	0.017	1145.13	1301.03	60	9422	
0.4	5.4	28	497	4	3	173	683711	173	683711	0.00469942	0.00301003	0.003	0.01	3952.09	2771.17	45	9422	
0.4	5.4	50	498	16	3	19	65790	19	65790	0.003	0	0.003	0.003	3462.63	2767.66	60	9422	
0.4	5.4	11	500	22	3	106	379973	106	379973	0.00801887	0.00331226	0.003	0.017	3584.65	2734.99	45	9422	
0.4	5.4	46	501	4	3	1	60	1	60	0.01	0	0.01	0.01	60	0	60	60	
0.4	5.4	31	502	3	3	62	133277	62	133277	0.00808064	0.00362278	0.003	0.017	2149.63	2103.28	60	8873	
0.4	5.4	53	503	1	3	153	530982	153	530982	0.00743791	0.00338307	0.003	0.01	3470.47	2255.61	36	9422	
0.4	5.4	41	508	44	3	92	83821	92	83821	0.00558696	0.00398114	0.003	0.017	911.098	884.138	37	5069	
0.4	5.4	37	510	61	3	336	472814	336	472814	0.00547917	0.00335281	0.003	0.01	1407.18	1223.37	10	9422	
0.4	5.4	39	514	78	3	91	84262	91	84262	0.00615385	0.0043357	0.003	0.017	925.956	804.325	15	3822	
0.4	5.4	17	515	1	3	27	77035	27	77035	0.00481481	0.00312603	0.003	0.01	2853.15	2247.36	45	9422	
0.4	5.4	39	517	27	3	192	157278	192	157278	0.00515104	0.00361253	0.003	0.017	819.156	646.793	34	4395	
0.4	5.4	40	518	2	3	109	367673	109	367673	0.00537615	0.00332997	0.003	0.01	3373.15	2602.5	45	9422	
0.4	5.4	34	520	6	3	115	231512	115	231512	0.00573913	0.00367325	0.003	0.017	2013.15	2478.12	60	9422	
0.4	5.4	21	522	14	3	4	3667	4	3667	0.00825	0.0035	0.003	0.01	916.75	733.545	60	1775	
0.4	5.4	39	523	1	3	422	591886	422	591886	0.0056872	0.00340836	0.003	0.01	1402.57	1339.36	19	9422	
0.4	5.4	29	525	15	3	103	249840	103	249840	0.00823301	0.00335543	0.003	0.017	2425.63	2469.84	60	9422	
0.4	5.4	53	526	4	3	23	55153	23	55153	0.00604348	0.00354809	0.003	0.01	2397.96	1637.3	60	5664	
0.4	5.4	38	527	14	3	138	479952	138	479952	0.00680435	0.00349944	0.003	0.01	3477.91	1720.91	60	9422	
0.4	5.4	2	528	16	3	140	187841	140	187841	0.0048	0.0030704	0.003	0.01	1341.72	1213.52	53	7099	
0.4	5.4	22	530	23	3	204	551778	204	551778	0.00698039	0.0034754	0.003	0.01	2704.79	1767.82	54	9422	
0.4	5.4	24	531	13	3	16	53324	15	43902	0.00813333	0.00320416	0.003	0.01	2926.8	2662.36	60	9422	
0.4	5.4	6	534	5	3	71	211938	72	216079	0.00572222	0.00343643	0.003	0.01	3001.1	2175.7	60	9422	
0.4	5.4	52	535	70	3	194	470760	194	470760	0.00314433	0.000997299	0.003	0.01	2426.6	1834.52	22	9422	
0.4	5.4	57	536	24	3	164	277895	164	277895	0.00504878	0.00363488	0.003	0.017	1694.48	1754.5	60	9422	
0.4	5.4	48	537	6	3	49	100123	49	100123	0.00857143	0.00377492	0.003	0.017	2043.33	1646.46	60	6507	
0.4	5.4	30	539	1	3	101	298322	101	298322	0.00882178	0.00298126	0.003	0.017	2953.68	2949.24	36	9422	
0.4	5.4	57	540	23	3	3	1300	2	708	0.003	0	0.003	0.003	354	415.779	60	648	
0.4	5.4	4	549	2	3	146	549867	146	549867	0.00592466	0.00346427	0.003	0.01	3766.21	2446.99	45	9422	
0.4	5.4	37	551	45	3	1	60	1	60	0.003	0	0.003	0.003	60	0	60	60	
0.4	5.4	37	552	6	3	1	60	1	60	0.003	0	0.003	0.003	60	0	60	60	
0.4	5.4	48	554	11	3	147	531562	146	529195	0.00343151	0.00168935	0.003	0.01	3624.62	2981.67	45	9422	
0.4	5.4	37	555	28	3	1	60	1	60	0.003	0	0.003	0.003	60	0	60	60	
0.4	5.4	35	556	5	3	42	115625	42	115625	0.003	0	0.003	0.003	2752.98	2013.59	60	9422	
0.4	5.4	25	557	12	3	1	60	1	60	0.003	0	0.003	0.003	60	0	60	60	
0.4	5.4	35	559	14	3	4	240	4	240	0.01175	0.0035	0.01	0.017	60	0	60	60	
0.4	5.4	41	561	19	3	241	286104	241	286104	0.00564315	0.00340056	0.003	0.01	1187.15	841.305	43	5861	
0.4	5.4	52	562	69	3	104	165382	104	165382	0.00596154	0.00347508	0.003	0.01	1590.21	1312.49	60	9422	
0.4	5.4	33	563	13	3	112	391327	112	391327	0.003	0	0.003	0.003	3493.99	2310.52	60	9422	
0.4	5.4	25	564	4	3	1	60	1	60	0.003	0	0.003	0.003	60	0	60	60	
0.4	5.4	55	565	47	3	229	356730	228	356138	0.0065921	0.00423176	0.003	0.017	1562.01	1255.08	41	9422	
0.4	5.4	54	566	2	3	144	463416	144	463416	0.00504167	0.00319281	0.003	0.01	3218.17	2132.11	45	9422	
0.4	5.4	56	567	6	3	116	406607	115	405423	0.00506956	0.00320833	0.003	0.01	3525.42	2041.82	60	9422	
0.4	5.4	40	568	12	3	16	53366	15	49816	0.00906667	0.00246306	0.003	0.01	3321.07	3110.92	60	9422	
0.4	5.4	8	569	22	3	17	33854	17	33854	0.00752941	0.00344815	0.003	0.01	1991.41	1824.68	60	7099	
0.4	5.4	39	570	25	3	281	289912	281	289912	0.00583986	0.00421976	0.003	0.024	1031.72	1358.74	55	9422	
0.4	5.4	53	571	2	3	63	161681	63	161681	0.00766667	0.003556	0.003	0.017	2566.37	2189.28	6	9422	
0.4	5.4	41	572	47	3	39	56356	39	56356	0.00623077	0.00477638	0.003	0.017	1445.03	1026.03	60	4141	
0.4	5.4	7	573	18	3	1	60	1	60	0.003	0	0.003	0.003	60	0	60	60	
0.4	5.4	1	574	23	3	44	107823	44	107823	0.00745454	0.0037258	0.003	0.017	2450.52	1742.99	60	7099	
0.4	5.4	2	577	14	3	88	127418	88	127418	0.00626136	0.00351187	0.003	0.01	1447.93	1272.38	6	7099	
0.4	5.4	48	578	3	3	29	70540	29	70540	0.00662069	0.00443536	0.003	0.017	2432.41	2228.52	60	8282	
0.4	5.4	37	579	46	3	157	252970	156	252378	0.00452564	0.00289927	0.003	0.01	1617.81	1375.17	4	7690	
0.4	5.4	25	580	13	3	13	12069	13	12069	0.00461538	0.0030697	0.003	0.01	928.385	602.161	60	1775	
0.4	5.4	33	582	11	3	75	207806	75	207806	0.00794667	0.00320849	0.003	0.01	2770.75	1981.04	60	9422	
0.4	5.4	52	584	3	3	105	213768	104	213499	0.00582692	0.0034513	0.003	0.01	2052.88	2048.83	60	9422	
0.4	5.4	17	586	14	3	1	60	1	60	0.003	0	0.003	0.003	60	0	60	60	
0.4	5.4	42	587	10	3	2	120	2	120	0.0065	0.00494975	0.003	0.01	60	0	60	60	
0.4	5.4	50	589	8	3	61	190168	61	190168	0.00713115	0.00347119	0.003	0.01	3117.51	2611.7	45	9422	
0.4	5.4	57	590	9	3	160	295582	160	295582	0.00663125	0.00359528	0.003	0.017	1847.39	1789.5	60	9422	
0.4	5.4	39	592	37	3	227	257392	227	257392	0.00568282	0.00365622	0.003	0.017	1133.89	1241.96	9	9422	
0.4	5.4	20	593	7	3	149	419992	148	419195	0.00772973	0.00348484	0.003	0.017	2832.4	2028.58	45	9422	
0.4	5.4	37	594	38	3	331	386890	330	386021	0.00613939	0.00465711	0.003	0.024	1169.76	1105.78	4	9213	
0.4	5.4	34	595	8	3	288	235538	286	233171	0.00579021	0.00447661	0.003	0.024	815.283	789.943	14	4733	
0.4	5.4	49	596	23	3	164	324615	164	324615	0.00671341	0.00375273	0.003	0.017	1979.36	1749.77	60	9422	
0.4	5.4	19	597	22	3	63	146287	63	146287	0.00488889	0.0031321	0.003	0.01	2322.02	2029.98	45	9422	
0.4	5.4	41	598	75	3	262	362681	264	365048	0.00581061	0.00343795	0.003	0.01	1382.76	1194.19	18	8873	
0.4	5.4	41	599	43	3	4	1360	4	1360	0.0065	0.00404145	0.003	0.01	340	324.123	60	648	
0.4	5.4	34	602	29	3	256	238401	256	238401	0.00584375	0.00386525	0.003	0.017	931.254	809.614	24	7690	
0.4	5.4	12	604	7	3	159	694161	158	685879	0.00703164	0.00347039	0.003	0.01	4341.01	2395.34	45	9422	
0.4	5.4	52	605	67	3	91	145854	91	145854	0.00653846	0.00381607	0.003	0.017	1602.79	1545.73	53	9422	
0.4	5.4	42	607	4	3	5	300	5	300	0.0058	0.00383406	0.003	0.01	60	0	60	60	
0.4	5.4	38	608	5	3	61	136290	62	137474	0.00841935	0.0032114	0.003	0.017	2217.32	1800.24	60	9422	
0.4	5.4	39	610	67	3	45	40410	45	40410	0.00471111	0.00304229	0.003	0.01	898	513.562	6	1836	
0.4	5.4	28	612	1	3	60	181168	60	181168	0.0058	0.00345823	0.003	0.01	3019.47	2018.61	60	8282	
0.4	5.4	23	613	5	3	29	72901	29	72901	0.00589655	0.00350861	0.003	0.01	2513.83	2478.71	60	9422	
0.4	5.4	41	614	4	3	217	341700	217	341700	0.00493548	0.0031381	0.003	0.01	1574.65	1315.66	12	9422	
0.4	5.4	29	615	2	3	56	178916	56	178916	0.00375	0.00218466	0.003	0.01	3194.93	2222.6	60	9422	
0.4	5.4	41	616	13	3	5	300	5	300	0.0058	0.00383406	0.003	0.01	60	0	60	60	
0.4	5.4	55	618	24	3	232	376778	232	376778	0.00610776	0.00372095	0.003	0.017	1624.04	1266.03	60	9422	
0.4	5.4	49	619	12	3	152	466882	152	466882	0.00580921	0.0034425	0.003	0.01	3071.59	2284.44	45	9422	
0.4	5.4	55	621	10	3	3	180	3	180	0.003	0	0.003	0.003	60	0	60	60	
0.4	5.4	2	622	7	3	369	419112	369	419112	0.00635772	0.0038288	0.003	0.017	1135.8	941.002	5	6882	
0.4	5.4	32	623	14	3	9	21417	9	21417	0.00844444	0.00308671	0.003	0.01	2379.67	2306.6	60	7099	
0.4	5.4	37	624	9	3	2	120	2	120	0.01	0	0.01	0.01	60	0	60	60	
0.4	5.4	37	625	44	3	160	123389	160	123389	0.00540625	0.0035151	0.003	0.017	771.181	695.112	8	4395	
0.4	5.4	3	626	14	3	213	663046	213	663046	0.00825821	0.00310872	0.003	0.017	3112.89	2338.37	45	9422	
0.4	5.4	35	628	13	3	152	385932	152	385932	0.00820395	0.00327207	0.003	0.017	2539.03	2090.29	45	9422	
0.4	5.4	49	629	21	3	130	261157	130	261157	0.00569231	0.00403059	0.003	0.017	2008.9	2008.93	48	9422	
0.4	5.4	50	633	17	3	37	91842	37	91842	0.00848649	0.00292139	0.003	0.01	2482.22	2371.88	36	9422	
0.4	5.4	32	635	16	3	27	64624	25	61491	0.00776	0.00333267	0.003	0.01	2459.64	2622.74	60	9422	
0.4	5.4	11	636	14	3	137	526702	137	526702	0.00867153	0.00275497	0.003	0.01	3844.54	2251.52	57	8873	
0.4	5.4	53	639	14	3	30	108983	30	108983	0.00906667	0.00242022	0.003	0.01	3632.77	2784.46	60	9422	
0.4	5.4	34	640	13	3	164	142327	164	142327	0.00521951	0.00326733	0.003	0.01	867.848	798.413	44	4107	
0.4	5.4	39	641	15	3	2	120	2	120	0.003	0	0.003	0.003	60	0	60	60	
0.4	5.4	50	644	3	3	11	13727	10	11952	0.0086	0.00295146	0.003	0.01	1195.2	605.255	60	1775	
0.4	5.4	26	645	11	3	4	240	4	240	0.01	0	0.01	0.01	60	0	60	60	
0.4	5.4	56	646	2	3	113	367068	113	367068	0.00436283	0.00278408	0.003	0.01	3248.39	2349.38	45	9422	
0.4	5.4	8	647	6	3	2	120	2	120	0.003	0	0.003	0.003	60	0	60	60	
0.4	5.4	1	649	2	3	149	558156	149	558156	0.00304698	0.000573462	0.003	0.01	3746.01	2264.03	60	9422	
0.4	5.4	4	650	12	3	138	417520	138	417520	0.00558696	0.00359588	0.003	0.017	3025.51	2343.11	45	9422	
0.4	5.4	30	651	5	3	36	96567	36	96567	0.00377778	0.00223109	0.003	0.01	2682.42	2711.6	60	9422	
0.4	5.4	52	652	75	3	5	2486	5	2486	0.0044	0.0031305	0.003	0.01	497.2	288.452	60	807	
0.4	5.4	19	654	16	3	152	491818	151	489451	0.00513245	0.00323249	0.003	0.01	3241.4	2942.99	45	9422	
0.4	5.4	16	655	5	3	94	282348	94	282348	0.00627659	0.00351159	0.003	0.01	3003.7	2259.93	60	9422	
0.4	5.4	10	656	7	3	205	464803	205	464803	0.00784878	0.00358941	0.003	0.017	2267.33	2167.37	45	9422	
0.4	5.4	21	657	11	3	2	120	2	120	0.003	0	0.003	0.003	60	0	60	60	
0.4	5.4	36	658	6	3	37	113718	37	113718	0.00810811	0.00315158	0.003	0.01	3073.46	2972.47	60	9422	
0.4	5.4	57	660	15	3	34	43947	34	43947	0.00464706	0.00301393	0.003	0.01	1292.56	2061.14	60	9422	
0.4	5.4	25	661	3	3	157	429923	157	431106	0.0074586	0.00337694	0.003	0.01	2745.9	2181.9	36	9422	
0.4	5.4	45	662	12	3	32	51011	32	51011	0.00825	0.00307959	0.003	0.01	1594.09	1573.99	60	6882	
0.4	5.4	11	663	2	3	181	634395	181	634395	0.00845304	0.00300449	0.003	0.017	3504.94	2608.76	45	9422	
0.4	5.4	52	665	42	3	5	300	5	300	0.0058	0.00383406	0.003	0.01	60	0	60	60	
0.4	5.4	22	666	8	3	196	471210	196	471210	0.00789286	0.00385822	0.003	0.017	2404.13	1857.82	34	9422	
0.4	5.4	21	667	15	3	2	120	2	120	0.01	0	0.01	0.01	60	0	60	60	
0.4	5.4	41	669	59	3	28	32673	28	32673	0.005	0.00322031	0.003	0.01	1166.89	574.984	60	2367	
0.4	5.4	10	672	8	3	43	97765	43	97765	0.00772093	0.00365361	0.003	0.017	2273.6	1869.01	60	7099	
0.4	5.4	41	674	14	3	126	136353	126	136353	0.00555555	0.00439191	0.003	0.017	1082.17	821.536	23	4904	
0.4	5.4	31	675	12	3	67	177169	67	177169	0.00697015	0.00349446	0.003	0.01	2644.31	1952.24	60	9422	
0.4	5.4	22	678	6	3	107	277069	107	277069	0.003	0	0.003	0.003	2589.43	1433.65	4	5324	
0.4	5.4	41	679	15	3	97	183609	97	183609	0.003	0	0.003	0.003	1892.88	1594.78	60	9422	
0.4	5.4	22	680	13	3	128	345467	128	345467	0.003	0	0.003	0.003	2698.96	2131.62	60	9422	
0.4	5.4	8	681	18	3	41	113140	41	113140	0.003	0	0.003	0.003	2759.51	2429.84	60	9422	
0.4	5.4	43	683	11	3	48	102552	48	102552	0.0060625	0.00379477	0.003	0.017	2136.5	1682.02	60	7708	
0.4	5.4	14	684	23	3	117	314571	117	314571	0.0081453	0.00360618	0.003	0.017	2688.64	2430.04	20	9422	
0.4	5.4	34	685	62	3	89	89563	89	89563	0.00591011	0.00377684	0.003	0.017	1006.33	609.078	49	3131	
0.4	5.4	1	686	8	3	27	66989	27	66989	0.00792592	0.00379195	0.003	0.017	2481.07	1619	60	7099	
0.4	5.4	49	687	15	3	42	62859	40	59899	0.0079	0.00361478	0.003	0.017	1497.48	1110.91	53	5324	
0.4	5.4	49	688	7	3	55	146860	55	146860	0.00452727	0.00291773	0.003	0.01	2670.18	2132.72	60	9422	
0.4	5.4	42	690	14	3	188	470231	188	470231	0.00515957	0.00324178	0.003	0.01	2501.23	2202.69	24	9422	
0.4	5.4	37	693	56	3	48	40406	48	40406	0.0060625	0.0035093	0.003	0.01	841.792	525.237	30	2385	
0.4	5.4	20	694	5	3	125	350994	125	350994	0.003056	0.000626099	0.003	0.01	2807.95	1535.64	60	7099	
0.4	5.4	22	695	22	3	223	507452	223	507452	0.00770852	0.00407146	0.003	0.017	2275.57	2120.01	32	9422	
0.4	5.4	22	697	18	3	46	100143	45	99504	0.00751111	0.00338863	0.003	0.01	2211.2	1611.18	60	6507	
0.4	5.4	44	698	7	3	155	472610	155	472610	0.00652258	0.00351127	0.003	0.01	3049.1	2485.47	45	9422	
0.4	5.4	49	699	2	3	259	595495	260	599636	0.00682308	0.00394942	0.003	0.017	2306.29	1898.86	60	9422	
0.4	5.4	3	701	15	3	2	120	2	120	0.01	0	0.01	0.01	60	0	60	60	
0.4	5.4	13	702	9	3	47	165905	47	165905	0.003	0	0.003	0.003	3529.89	2950.61	60	9422	
0.4	5.4	34	703	32	3	109	66543	106	64767	0.00623585	0.00454931	0.003	0.024	611.009	532.41	58	2769	
0.4	5.4	6	706	6	3	93	226738	93	226738	0.003	0	0.003	0.003	2438.04	2303.42	45	9422	
0.4	5.4	26	708	3	3	28	82360	27	76444	0.00559259	0.00344472	0.003	0.01	2831.26	1989.38	60	7099	
0.4	5.4	51	711	2	3	8	21415	8	21415	0.007375	0.00362284	0.003	0.01	2676.88	2453.7	60	7099	
0.4	5.4	19	713	3	3	125	358116	125	358116	0.007536	0.00335661	0.003	0.01	2864.93	1852.44	60	8873	
0.4	5.4	2	714	36	3	2	120	2	120	0.003	0	0.003	0.003	60	0	60	60	
0.4	5.4	35	716	8	3	96	316445	96	316445	0.003	0	0.003	0.003	3296.3	2936.63	45	9422	
0.4	5.4	27	717	12	3	106	341507	106	341507	0.00821698	0.00321308	0.003	0.017	3221.76	1922.7	60	9422	
0.4	5.4	55	718	8	3	25	67575	25	67575	0.003	0	0.003	0.003	2703	2626.39	60	9422	
0.4	5.4	21	719	4	3	80	108473	80	108473	0.0069375	0.00383305	0.003	0.017	1355.91	1323.91	15	8873	
0.4	5.4	54	720	9	3	40	65225	40	65225	0.00755	0.00435566	0.003	0.017	1630.62	1300.08	60	7099	
0.4	5.4	1	721	4	3	125	396085	125	396085	0.007424	0.00361508	0.003	0.017	3168.68	2462.77	60	9422	
0.4	5.4	40	722	14	3	182	665528	182	665528	0.007	0.00347366	0.003	0.01	3656.75	2839.36	45	9422	
0.4	5.4	39	723	79	3	212	182019	212	182019	0.00567453	0.00397536	0.003	0.017	858.58	918.757	58	6882	
0.4	5.4	33	724	9	3	1	60	1	60	0.01	0	0.01	0.01	60	0	60	60	
0.4	5.4	15	725	2	3	139	409228	139	409228	0.00828777	0.00335409	0.003	0.017	2944.09	2420.29	45	9422	
0.4	5.4	41	728	38	3	95	223819	95	223819	0.0058	0.00387463	0.003	0.017	2355.99	2601.56	3	9422	
0.4	5.4	32	730	12	3	168	447017	168	447017	0.00733333	0.00357749	0.003	0.017	2660.82	2076.92	36	9422	
0.4	5.4	13	731	14	3	56	165788	56	165788	0.008625	0.00310754	0.003	0.017	2960.5	2014.69	60	9422	
0.4	5.4	31	732	11	3	74	155777	74	155777	0.00848649	0.00422077	0.003	0.024	2105.09	1785.91	60	8282	
0.4	5.4	56	734	5	3	150	550949	150	550949	0.003	0	0.003	0.003	3672.99	2112.8	60	9422	
0.4	5.4	37	735	43	3	1	60	1	60	0.01	0	0.01	0.01	60	0	60	60	
0.4	5.4	37	736	39	3	105	71259	105	71259	0.00526667	0.00356604	0.003	0.017	678.657	453.535	28	1775	
0.4	5.4	37	737	30	3	106	161737	106	161737	0.003	0	0.003	0.003	1525.82	1127.56	32	5324	
0.4	5.4	53	739	10	3	189	635221	189	635221	0.003	0	0.003	0.003	3360.96	2375.94	45	9422	
0.4	5.4	20	740	18	3	141	453832	141	453832	0.00647518	0.00361066	0.003	0.017	3218.67	2184.87	45	9422	
0.4	5.4	37	741	76	3	137	149991	137	149991	0.00575912	0.00343324	0.003	0.01	1094.82	813.099	60	4733	
0.4	5.4	57	742	19	3	26	38604	26	38604	0.00461538	0.00300768	0.003	0.01	1484.77	1642.81	60	7099	
0.4	5.4	27	743	1	3	4	240	4	240	0.00825	0.0035	0.003	0.01	60	0	60	60	
0.4	5.4	40	744	7	3	115	427396	115	427396	0.00738261	0.00340171	0.003	0.01	3716.49	2149.67	60	9422	
0.4	5.4	2	747	25	3	44	95512	44	95512	0.00602273	0.00350739	0.003	0.01	2170.73	1459.57	60	7099	
0.4	5.4	55	748	30	3	69	118506	69	118506	0.003	0	0.003	0.003	1717.48	1338.62	60	5324	
0.4	5.4	1	751	18	3	144	384751	144	384751	0.00679167	0.0035	0.003	0.01	2671.88	1824.04	36	9422	
0.4	5.4	2	752	33	3	183	338834	183	338834	0.0057541	0.00342898	0.003	0.01	1851.55	1265.07	29	5916	
0.4	5.4	43	753	2	3	159	338034	159	338034	0.00731446	0.00384204	0.003	0.017	2126	1797.14	60	9422	
0.4	5.4	20	754	13	3	44	68201	44	68201	0.00681818	0.00438959	0.003	0.017	1550.02	1212.32	60	4985	
0.4	5.4	55	755	21	3	2	120	2	120	0.0065	0.00494975	0.003	0.01	60	0	60	60	
0.4	5.4	21	756	30	3	1	60	1	60	0.01	0	0.01	0.01	60	0	60	60	
0.4	5.4	35	757	3	3	1	60	1	60	0.01	0	0.01	0.01	60	0	60	60	
0.4	5.4	56	758	9	3	174	526870	174	526870	0.00513218	0.00323096	0.003	0.01	3027.99	2408.93	45	9422	
0.4	5.4	34	759	11	3	158	331013	158	331013	0.003	0	0.003	0.003	2095.02	1817.16	26	9422	
0.4	5.4	39	760	33	3	1	60	1	60	0.01	0	0.01	0.01	60	0	60	60	
0.4	5.4	52	761	79	3	119	158422	119	158422	0.00652941	0.00416365	0.003	0.017	1331.28	1077.68	29	6507	
0.4	5.4	55	763	3	3	55	124984	55	124984	0.003	0	0.003	0.003	2272.44	1517.76	60	5324	
0.4	5.4	25	764	9	3	1	60	1	60	0.01	0	0.01	0.01	60	0	60	60	
0.4	5.4	22	765	20	3	54	129117	54	129117	0.00403704	0.00251008	0.003	0.01	2391.06	1594.17	60	6507	
0.4	5.4	42	766	11	3	119	227500	119	227500	0.0067647	0.00350473	0.003	0.01	1911.76	1496.46	60	9422	
0.4	5.4	39	767	34	3	290	233027	290	233027	0.00536552	0.00396841	0.003	0.017	803.541	986.211	20	9422	
0.4	5.4	41	768	12	3	27	32692	27	32692	0.00481481	0.00312603	0.003	0.01	1210.81	1129.4	38	4395	
0.4	5.4	30	769	11	3	91	236223	91	236223	0.00792308	0.00321535	0.003	0.01	2595.86	2520.37	60	9422	
0.4	5.4	25	770	18	3	145	455319	145	455319	0.00647586	0.00370076	0.003	0.017	3140.13	2552.92	45	9422	
0.4	5.4	12	771	10	3	147	647462	147	647462	0.003	0	0.003	0.003	4404.5	2434.72	45	9422	
0.4	5.4	39	773	6	3	1	60	1	60	0.01	0	0.01	0.01	60	0	60	60	
0.4	5.4	47	776	12	3	166	636907	166	636907	0.00586747	0.00345278	0.003	0.01	3836.79	2427.67	60	9422	
0.4	5.4	5	779	23	3	74	77707	73	75871	0.0070274	0.00450608	0.003	0.017	1039.33	667.447	60	2961	
0.4	5.4	45	780	8	3	23	55141	23	55141	0.00817391	0.00314284	0.003	0.01	2397.43	1935.57	60	8873	
0.4	5.4	29	781	14	3	78	276417	78	276417	0.00784615	0.00325168	0.003	0.01	3543.81	2110.79	60	9422	
0.4	5.4	11	782	18	3	84	244019	84	244019	0.005	0.00318127	0.003	0.01	2904.99	2146.2	45	9422	
0.4	5.4	17	783	2	3	76	226844	76	226844	0.00825	0.00305123	0.003	0.01	2984.79	2115.46	60	9422	
0.4	5.4	7	784	15	3	142	396686	141	390177	0.00761702	0.00343232	0.003	0.017	2767.21	2015.85	36	9422	
0.4	5.4	49	785	3	3	51	134556	50	130161	0.00734	0.0034322	0.003	0.01	2603.22	2028.49	60	8873	
0.4	5.4	10	786	24	3	133	542770	133	542770	0.003	0	0.003	0.003	4080.98	2619.15	60	9422	
0.4	5.4	26	787	8	3	91	396030	91	396030	0.003	0	0.003	0.003	4351.98	2764.39	45	9422	
0.4	5.4	37	788	24	3	2	120	2	120	0.0065	0.00494975	0.003	0.01	60	0	60	60	
0.4	5.4	10	789	12	3	1	60	1	60	0.01	0	0.01	0.01	60	0	60	60	
0.4	5.4	55	790	40	3	85	136387	85	136387	0.00695294	0.00438044	0.003	0.017	1604.55	962.252	60	4395	
0.4	5.4	55	793	31	3	3	710	2	657	0.0065	0.00494975	0.003	0.01	328.5	379.716	60	597	
0.4	5.4	16	794	14	3	101	329674	101	329674	0.00923762	0.00219157	0.003	0.01	3264.1	1865.15	60	9422	
0.4	5.4	29	797	6	3	110	373466	110	373466	0.0051	0.00322248	0.003	0.01	3395.15	2038.61	60	8282	
0.4	5.4	38	798	12	3	54	132667	54	132667	0.00494444	0.00316476	0.003	0.01	2456.8	2334.22	45	9422	
0.4	5.4	19	802	7	3	3	180	3	180	0.00766667	0.00404145	0.003	0.01	60	0	60	60	
0.4	5.4	31	803	22	3	106	346846	106	346846	0.00643396	0.003516	0.003	0.01	3272.13	2348.98	57	9422	
0.4	5.4	57	804	28	3	143	414446	143	414446	0.00618182	0.00349776	0.003	0.01	2898.22	2398.42	24	9422	
0.4	5.4	54	806	5	3	1	60	1	60	0.003	0	0.003	0.003	60	0	60	60	
0.4	5.4	39	807	30	3	142	97955	142	97955	0.0052676	0.00368612	0.003	0.017	689.824	631.259	4	4287	
0.4	5.4	5	808	15	3	2	120	2	120	0.0135	0.00494975	0.01	0.017	60	0	60	60	
0.4	5.4	4	809	9	3	2	120	2	120	0.003	0	0.003	0.003	60	0	60	60	
0.4	5.4	12	810	17	3	85	338756	85	338756	0.00349412	0.00180359	0.003	0.01	3985.36	2637.88	60	9422	
0.4	5.4	48	811	9	3	100	185936	100	185936	0.00909	0.00353937	0.003	0.024	1859.36	2076.96	60	9422	
0.4	5.4	2	812	20	3	274	264371	274	264371	0.00537591	0.0036305	0.003	0.017	964.858	1061.46	48	9422	
0.4	5.4	44	814	10	3	124	365784	124	365784	0.00819355	0.00307541	0.003	0.01	2949.87	2445.81	45	9422	
0.4	5.4	31	815	8	3	3	1300	3	1300	0.003	0	0.003	0.003	433.333	324.526	60	648	
0.4	5.4	21	816	17	3	231	362478	231	362478	0.00521212	0.00351308	0.003	0.017	1569.17	1485.5	17	9422	
0.4	5.4	3	818	7	3	46	112566	46	112566	0.00710869	0.00348475	0.003	0.01	2447.09	1480.74	60	6507	
0.4	5.4	36	820	7	3	79	298409	79	298409	0.00813924	0.00311215	0.003	0.01	3777.33	2433.09	60	9422	
0.4	5.4	31	821	25	3	108	273500	109	273545	0.00711009	0.00346234	0.003	0.01	2509.59	2471.18	45	9422	
0.4	5.4	45	823	20	3	115	376049	115	376049	0.00671304	0.0035088	0.003	0.01	3269.99	2103.92	45	9422	
0.4	5.4	19	824	5	3	172	593910	172	593910	0.003	0	0.003	0.003	3452.97	2441.57	45	9422	
0.4	5.4	41	826	68	3	29	22738	29	22738	0.00565517	0.00345663	0.003	0.01	784.069	700.63	53	2958	
0.4	5.4	37	827	29	3	146	136351	146	136351	0.00549315	0.00336359	0.003	0.01	933.911	706.332	43	4395	
0.4	5.4	55	831	23	3	168	220338	168	220338	0.0075	0.00369658	0.003	0.017	1311.54	1235.01	60	9422	
0.4	5.4	13	832	19	3	142	423999	142	423999	0.003	0	0.003	0.003	2985.91	2382.16	45	9422	
0.4	5.4	25	833	16	3	53	119766	54	123565	0.00818518	0.00338183	0.003	0.017	2288.24	1921.08	60	9422	
0.4	5.4	38	834	8	3	42	140342	42	140342	0.003	0	0.003	0.003	3341.48	2136.24	60	8282	
0.4	5.4	43	836	6	3	101	214363	100	213771	0.00678	0.00350636	0.003	0.01	2137.71	1520.64	60	6507	
0.4	5.4	21	837	31	3	152	365379	151	361829	0.00350993	0.00182526	0.003	0.01	2396.22	1982.13	12	9422	
0.4	5.4	10	839	4	3	67	197733	67	197733	0.00529851	0.00331212	0.003	0.01	2951.24	2142.7	60	9422	
0.4	5.4	13	840	2	3	78	223780	77	223188	0.003	0	0.003	0.003	2898.55	2914.04	60	9422	
0.4	5.4	4	841	14	3	93	244494	93	244494	0.0087957	0.00320176	0.003	0.017	2628.97	2027.17	60	7690	
0.4	5.4	14	842	10	3	143	552253	143	552253	0.003	0	0.003	0.003	3861.91	2391.47	60	9422	
0.4	5.4	2	843	22	3	187	314495	188	315590	0.00445213	0.00284593	0.003	0.01	1678.67	1537.17	60	9422	
0.4	5.4	52	844	65	3	169	315736	169	315736	0.00469822	0.00300952	0.003	0.01	1868.26	1449.27	49	9422	
0.4	5.4	48	846	10	3	89	234622	89	234622	0.00606741	0.00349284	0.003	0.01	2636.2	1911.06	60	9422	
0.4	5.4	55	847	27	3	38	33289	38	33289	0.00613158	0.00352728	0.003	0.01	876.026	783.68	56	3550	
0.4	5.4	39	848	46	3	156	128827	156	128827	0.00551282	0.00380914	0.003	0.017	825.814	1037.55	40	9422	
0.4	5.4	57	852	12	3	64	151853	64	151853	0.00453125	0.00291667	0.003	0.01	2372.7	2030.87	60	9422	
0.4	5.4	15	853	7	3	207	716279	208	721603	0.00771154	0.00329154	0.003	0.01	3469.25	2462.75	45	9422	
0.4	5.4	37	854	62	3	1	60	1	60	0.003	0	0.003	0.003	60	0	60	60	
0.4	5.4	25	856	15	3	90	236223	90	236223	0.00898889	0.00268786	0.003	0.017	2624.7	1910.56	60	9422	
0.4	5.4	37	857	8	3	3	180	3	180	0.003	0	0.003	0.003	60	0	60	60	
0.4	5.4	37	858	54	3	234	250892	234	250892	0.00536325	0.00390011	0.003	0.017	1072.19	1496.43	4	9422	
0.4	5.4	22	860	11	3	107	168808	107	168808	0.0077757	0.00354568	0.003	0.017	1577.64	1348.75	60	5664	
0.4	5.4	47	862	11	3	30	61663	30	61663	0.0086	0.00284787	0.003	0.01	2055.43	1546.02	60	5916	
0.4	5.4	12	863	3	3	186	591450	185	589083	0.0078054	0.00325626	0.003	0.01	3184.23	2447.84	36	9422	
0.4	5.4	32	864	32	3	78	213262	76	207935	0.00539474	0.00334297	0.003	0.01	2735.99	1879.19	60	9422	
0.4	5.4	20	866	21	3	3	180	3	180	0.01	0	0.01	0.01	60	0	60	60	
0.4	5.4	18	867	11	3	52	200693	52	200693	0.00730769	0.00343876	0.003	0.01	3859.48	2531.78	60	9422	
0.4	5.4	43	868	15	3	2	120	2	120	0.01	0.00989949	0.003	0.017	60	0	60	60	
0.4	5.4	34	870	26	3	2	120	2	120	0.01	0	0.01	0.01	60	0	60	60	
0.4	5.4	23	871	15	3	89	293582	89	293582	0.00937079	0.00201349	0.003	0.01	3298.67	2628.79	45	9422	
0.4	5.4	5	872	2	3	120	316756	120	316756	0.00410833	0.00256609	0.003	0.01	2639.63	2051.17	30	9422	
0.4	5.4	11	873	21	3	1	60	1	60	0.003	0	0.003	0.003	60	0	60	60	
0.4	5.4	37	874	40	3	144	196817	144	196817	0.00470139	0.00301298	0.003	0.01	1366.78	1239.05	23	9422	
0.4	5.4	34	875	52	3	140	169749	141	171945	0.0051844	0.00325489	0.003	0.01	1219.47	979.54	25	4587	
0.4	5.4	8	878	23	3	45	73509	45	73509	0.00673333	0.00383406	0.003	0.017	1633.53	1039.68	60	4395	
0.4	5.4	25	880	21	3	218	466147	218	466147	0.0077844	0.00352925	0.003	0.017	2138.29	1871.47	60	9422	
0.4	5.4	31	883	7	3	108	277702	107	271841	0.00829906	0.00330869	0.003	0.017	2540.57	2089.83	60	9422	
0.4	5.4	34	885	12	3	226	195774	226	195774	0.00510619	0.00335026	0.003	0.017	866.257	827.994	9	5581	
0.4	5.4	17	887	12	3	123	354789	123	354789	0.00852032	0.00326268	0.003	0.017	2884.46	2084.48	45	9422	
0.4	5.4	41	889	25	3	211	195158	211	195158	0.0051564	0.00364616	0.003	0.017	924.919	838.018	14	8282	
0.4	5.4	23	891	16	3	15	22012	15	22012	0.0044	0.00289828	0.003	0.01	1467.47	757.77	60	2958	
0.4	5.4	40	892	8	3	121	372883	121	372883	0.00826446	0.00316693	0.003	0.017	3081.68	2195.3	36	9422	
0.4	5.4	5	894	7	3	4	240	4	240	0.01	0	0.01	0.01	60	0	60	60	
0.4	5.4	20	896	4	3	97	336195	97	336195	0.00675258	0.00350901	0.003	0.01	3465.93	2221.86	57	9422	
0.4	5.4	21	897	33	3	163	369992	163	369992	0.00703681	0.00346925	0.003	0.01	2269.89	2049.78	14	9422	
0.4	5.4	39	899	51	3	318	305858	318	305858	0.00588365	0.00417998	0.003	0.017	961.818	1034.78	3	9422	
0.4	5.4	54	901	6	3	2	120	2	120	0.01	0	0.01	0.01	60	0	60	60	
0.4	5.4	12	904	5	3	139	525502	139	525502	0.00723021	0.00343536	0.003	0.01	3780.59	2419.08	45	9422	
0.4	5.4	6	905	19	3	177	739634	177	739634	0.00493785	0.00314093	0.003	0.01	4178.72	2870.94	45	9422	
0.4	5.4	2	906	21	3	140	128094	140	128094	0.00615	0.00477392	0.003	0.017	914.957	823.257	60	3550	
0.4	5.4	37	907	4	3	222	357106	222	357106	0.00441892	0.00282045	0.003	0.01	1608.59	1110.12	23	6882	
0.4	5.4	49	908	10	3	35	107814	35	107814	0.0034	0.00164853	0.003	0.01	3080.4	2045.43	60	9422	
0.4	5.4	12	910	11	3	9	16092	9	16092	0.00844444	0.00308671	0.003	0.01	1788	1660.34	60	5324	
0.4	5.4	52	912	77	3	121	229908	121	229908	0.00438843	0.00280289	0.003	0.01	1900.07	1706.71	4	9422	
0.4	5.4	31	913	6	3	46	119647	46	119647	0.00634783	0.00410538	0.003	0.017	2601.02	1928.23	60	9422	
0.4	5.4	51	914	6	3	66	237953	66	237953	0.00787879	0.00324163	0.003	0.01	3605.35	2127.05	60	9422	
0.4	5.4	39	917	35	3	63	38782	63	38782	0.00444444	0.00312006	0.003	0.017	615.587	778.612	60	4733	
0.4	5.4	52	918	51	3	96	151071	96	151071	0.00584375	0.00345597	0.003	0.01	1573.66	1426.37	30	9422	
0.4	5.4	6	919	18	3	66	171717	66	171717	0.00469697	0.00302283	0.003	0.01	2601.77	2380.06	60	9422	
0.4	5.4	34	920	1	3	3	180	3	180	0.00533333	0.00404145	0.003	0.01	60	0	60	60	
0.4	5.4	36	921	9	3	33	111942	33	111942	0.00915151	0.00232004	0.003	0.01	3392.18	2816.75	60	9422	
0.4	5.4	41	923	49	3	207	255682	207	255682	0.00624638	0.00349926	0.003	0.01	1235.18	1034.46	60	7708	
0.4	5.4	41	924	58	3	1	60	1	60	0.003	0	0.003	0.003	60	0	60	60	
0.4	5.4	34	926	4	3	306	484523	306	484523	0.0049902	0.00316278	0.003	0.01	1583.41	1620.28	4	9422	
0.4	5.4	38	927	1	3	44	116680	43	113130	0.0082093	0.00309037	0.003	0.01	2630.93	2655	60	9422	
0.4	5.4	54	928	14	3	149	491819	149	491819	0.00769799	0.00329968	0.003	0.01	3300.8	1938.66	36	9422	
0.4	5.4	31	929	13	3	67	169470	66	168286	0.00660606	0.0035252	0.003	0.01	2549.79	2150.8	60	9422	
0.4	5.4	32	931	24	3	152	610580	152	610580	0.00369079	0.00209456	0.003	0.01	4016.97	2611.68	45	9422	
0.4	5.4	24	932	16	3	17	43908	17	43908	0.0087647	0.00275067	0.003	0.01	2582.82	1578.39	60	5664	
0.4	5.4	8	933	19	3	3	1244	3	1244	0.01	0.007	0.003	0.017	414.667	307.15	60	592	
0.4	5.4	1	935	7	3	21	52191	21	52191	0.00866667	0.00281662	0.003	0.01	2485.29	2838.32	60	9422	
0.4	5.4	5	937	28	3	36	63436	36	63436	0.003	0	0.003	0.003	1762.11	971.783	60	4141	
0.4	5.4	33	939	6	3	60	227419	60	227419	0.003	0	0.003	0.003	3790.32	2350.92	60	9422	
0.4	5.4	37	941	74	3	355	481813	355	481813	0.00564225	0.00351814	0.003	0.017	1357.22	1175.37	5	8873	
0.4	5.4	30	945	12	3	17	22610	17	22610	0.00917647	0.00487641	0.003	0.024	1330	996.747	60	3550	
0.4	5.4	57	948	21	3	157	361502	158	362969	0.00627848	0.00423042	0.003	0.017	2297.27	2463.06	45	9422	
0.4	5.4	24	949	18	3	118	399124	118	399124	0.00436441	0.00278477	0.003	0.01	3382.41	2484.97	45	9422	
0.4	5.4	34	952	5	3	169	110993	168	110276	0.006875	0.00518194	0.003	0.024	656.405	665.567	37	4904	
0.4	5.4	12	955	1	3	41	111360	41	111360	0.00658536	0.00354243	0.003	0.01	2716.1	2329.87	23	9422	
0.4	5.4	50	957	11	3	168	490170	168	490170	0.00758333	0.00333807	0.003	0.01	2917.68	2372.36	36	9422	
0.4	5.4	23	958	11	3	4	1302	4	1302	0.003	0	0.003	0.003	325.5	250.115	60	648	
0.4	5.4	20	959	16	3	1	60	1	60	0.01	0	0.01	0.01	60	0	60	60	
0.4	5.4	19	960	20	3	111	262861	111	262861	0.00766667	0.00357347	0.003	0.017	2368.12	1773.86	60	9422	
0.4	5.4	41	961	29	3	230	356108	230	356108	0.00586087	0.00391367	0.003	0.017	1548.3	1416.45	29	7099	
0.4	5.4	55	962	19	3	115	282985	114	281210	0.00705263	0.00347135	0.003	0.01	2466.75	2784.22	45	9422	
0.4	5.4	42	964	12	3	1	60	1	60	0.01	0	0.01	0.01	60	0	60	60	
0.4	5.4	24	966	3	3	173	801268	173	801268	0.003	0	0.003	0.003	4631.61	2427.15	45	9422	
0.4	5.4	41	968	40	3	15	14326	15	14326	0.00533333	0.00341565	0.003	0.01	955.067	439.833	60	1775	
0.4	5.4	10	970	11	3	62	132630	61	131448	0.0085082	0.00289035	0.003	0.01	2154.89	1958.81	60	9422	
0.4	5.4	21	973	35	3	181	240631	181	240631	0.00624862	0.00420701	0.003	0.017	1329.45	1512.05	42	9422	
0.4	5.4	7	974	6	3	156	637801	156	637801	0.00798077	0.00337442	0.003	0.017	4088.47	2830.8	45	9422	
0.4	5.4	41	975	62	3	1	60	1	60	0.003	0	0.003	0.003	60	0	60	60	
0.4	5.4	10	977	3	3	9	14321	9	14321	0.00844444	0.00308671	0.003	0.01	1591.22	1050.06	60	2961	
0.4	5.4	41	979	72	3	289	320642	288	320050	0.00569792	0.0037008	0.003	0.017	1111.28	783.663	20	4395	
0.4	5.4	39	980	55	3	194	184957	194	184957	0.00541752	0.00355794	0.003	0.017	953.387	751.048	39	4395	
0.4	5.4	21	981	26	3	2	120	2	120	0.003	0	0.003	0.003	60	0	60	60	
0.4	5.4	55	982	12	3	161	432681	161	432681	0.00595652	0.00346834	0.003	0.01	2687.46	2497.24	45	9422	
0.4	5.4	23	984	9	3	140	540875	140	540875	0.0076	0.00333458	0.003	0.01	3863.39	2300.94	28	9422	
0.4	5.4	24	985	15	3	201	689556	201	689556	0.00752736	0.00335418	0.003	0.01	3430.63	2079.8	28	9422	
0.4	5.4	21	986	18	3	153	196866	153	196866	0.00533333	0.0035	0.003	0.017	1286.71	1242.25	60	6882	
0.4	5.4	14	987	19	3	127	259350	128	261125	0.00786719	0.00398298	0.003	0.024	2040.04	1298.71	60	7099	
0.4	5.4	47	988	6	3	115	316205	115	316205	0.00878261	0.00266485	0.003	0.01	2749.61	2050.08	37	9422	
0.4	5.4	16	989	3	3	12	19646	11	17279	0.00809091	0.0032697	0.003	0.01	1570.82	1300.99	60	4395	
0.4	5.4	42	990	15	3	202	229962	202	229962	0.0059802	0.00393095	0.003	0.017	1138.43	1042.28	38	9422	
0.4	5.4	55	992	22	3	107	207287	108	212020	0.00630555	0.00351089	0.003	0.01	1963.15	1643.96	60	9422	
0.4	5.4	42	993	5	3	1	60	1	60	0.003	0	0.003	0.003	60	0	60	60	
0.4	5.4	57	994	25	3	96	184892	96	184892	0.00409375	0.00255499	0.003	0.01	1925.96	1620.12	60	7099	
0.4	5.4	19	995	13	3	71	185326	71	185326	0.00812676	0.00333779	0.003	0.017	2610.23	2449.24	60	9422	
0.4	5.4	17	996	15	3	59	111392	59	111392	0.00833898	0.00352141	0.003	0.017	1888	1403.76	60	5861	
0.4	5.4	39	999	53	3	97	165882	97	165882	0.003	0	0.003	0.003	1710.12	1130.01	60	4395	
0.4	5.4	44	1001	5	3	105	323182	104	322590	0.00811538	0.00311996	0.003	0.01	3101.83	2034.6	60	9422	
0.4	5.4	44	1002	6	3	78	215135	77	212768	0.00718182	0.00345546	0.003	0.01	2763.22	2409.63	60	9422	
0.4	5.4	20	1003	23	3	99	277764	99	277764	0.00766667	0.00387298	0.003	0.017	2805.7	2220.02	36	8873	
0.4	5.4	3	1004	2	3	98	362316	98	362316	0.00807143	0.00314348	0.003	0.01	3697.1	2224.57	60	9422	
0.4	5.4	27	1005	14	3	67	266947	67	266947	0.00341791	0.00167105	0.003	0.01	3984.28	3152.82	45	9422	
0.4	5.4	37	1008	27	3	169	183128	169	183128	0.00523669	0.00327375	0.003	0.01	1083.6	955.176	36	8873	
0.4	5.4	8	1010	11	3	103	279534	103	279534	0.00639806	0.00351562	0.003	0.01	2713.92	2295.31	4	9422	
0.4	5.4	41	1011	36	3	2	120	2	120	0.0065	0.00494975	0.003	0.01	60	0	60	60	
0.4	5.4	33	1012	10	3	102	345876	102	345876	0.00368627	0.00209185	0.003	0.01	3390.94	2794.79	60	9422	
0.4	5.4	21	1013	5	3	262	276813	262	276813	0.00537786	0.00332158	0.003	0.01	1056.54	851.098	15	7099	
0.4	5.4	39	1014	13	3	194	242328	194	242328	0.00534536	0.00331261	0.003	0.01	1249.11	1036.78	47	6378	
0.4	5.4	28	1019	13	3	69	168743	69	168743	0.003	0	0.003	0.003	2445.55	2465.97	45	9422	
0.4	5.4	41	1020	8	3	69	145711	70	149433	0.0058	0.00345405	0.003	0.01	2134.76	1388.52	54	7099	
0.4	5.4	4	1021	5	3	114	478759	114	478759	0.00557895	0.00339154	0.003	0.01	4199.64	2689.25	45	9422	
0.4	5.4	46	1024	17	3	34	117857	34	117857	0.003	0	0.003	0.003	3466.38	2748.02	60	9422	
0.4	5.4	6	1025	13	3	7	10176	7	10176	0.007	0.00374166	0.003	0.01	1453.71	1105.89	60	3550	
0.4	5.4	19	1026	24	3	7	9584	7	9584	0.003	0	0.003	0.003	1369.14	1151.64	60	3550	
0.4	5.4	34	1027	10	3	74	155184	74	155184	0.00668919	0.00370459	0.003	0.017	2097.08	1405.79	60	7099	
0.4	5.4	9	1028	6	3	49	139759	49	139759	0.00771428	0.00331662	0.003	0.01	2852.22	1804.65	60	9422	
0.4	5.4	15	1031	13	3	149	349861	150	351045	0.00771333	0.00358097	0.003	0.017	2340.3	1910.1	60	9422	
0.4	5.4	39	1032	44	3	2	120	2	120	0.0065	0.00494975	0.003	0.01	60	0	60	60	
0.4	5.4	2	1033	27	3	213	275014	213	275014	0.00566197	0.00366759	0.003	0.017	1291.15	1237.12	26	9422	
0.4	5.4	10	1036	26	3	98	313946	98	313946	0.007	0.00348191	0.003	0.01	3203.53	2382.19	36	9422	
0.4	5.4	43	1039	22	3	120	347454	120	347454	0.003	0	0.003	0.003	2895.45	2106.79	60	9422	
0.4	5.4	4	1043	3	3	107	277052	107	277052	0.00614019	0.00375286	0.003	0.017	2589.27	1955.53	60	9422	
0.4	5.4	37	1047	55	3	207	212762	207	212762	0.00594203	0.00346361	0.003	0.01	1027.84	645.193	40	3550	
0.4	5.4	50	1049	7	3	59	190043	59	190043	0.00952542	0.00177488	0.003	0.01	3221.07	2614.83	60	9422	
0.4	5.4	11	1053	6	3	14	23202	14	23202	0.004	0.00254196	0.003	0.01	1657.29	1160.12	60	4141	
0.4	5.4	46	1054	6	3	78	245776	78	245776	0.00811538	0.00332242	0.003	0.017	3150.97	2552.39	60	9422	
0.4	5.4	3	1056	3	3	125	452837	125	452837	0.003	0	0.003	0.003	3622.7	2374.33	60	9422	
0.4	5.4	15	1058	8	3	86	177781	86	177781	0.00772093	0.0034697	0.003	0.017	2067.22	1918.53	45	9422	
0.4	5.4	18	1060	2	3	58	147578	58	147578	0.00734483	0.00342617	0.003	0.01	2544.45	2008.64	57	9422	
0.4	5.4	5	1061	36	3	199	485156	198	483381	0.0070303	0.00374425	0.003	0.017	2441.32	2019.9	57	9422	
0.4	5.4	5	1062	37	3	5	4851	5	4851	0.0058	0.00383406	0.003	0.01	970.2	646.413	60	1775	
0.4	5.4	35	1063	6	3	212	687657	212	687657	0.0075566	0.00354679	0.003	0.017	3243.67	2565.89	45	9422	
0.4	5.4	55	1064	35	3	140	334494	140	334494	0.00655	0.00361118	0.003	0.017	2389.24	2404.83	60	9422	
0.4	5.4	34	1066	48	3	129	235709	129	235709	0.00560465	0.00339673	0.003	0.01	1827.2	1728.75	14	9422	
0.4	5.4	2	1067	10	3	48	68860	48	68860	0.00475	0.00306316	0.003	0.01	1434.58	1911.02	60	9422	
0.4	5.4	37	1068	49	3	147	118747	147	118747	0.00566667	0.0038718	0.003	0.017	807.803	748.291	60	4395	
0.4	5.4	37	1071	52	3	239	463907	239	463907	0.003	0	0.003	0.003	1941.03	1500.31	32	7099	
0.4	5.4	52	1073	53	3	161	345279	162	349420	0.00498765	0.00316618	0.003	0.01	2156.91	1544.51	58	8873	
0.4	5.4	40	1076	6	3	79	178359	79	178359	0.00822785	0.00326186	0.003	0.017	2257.71	1342.71	60	5324	
0.4	5.4	7	1078	13	3	100	405412	100	405412	0.003	0	0.003	0.003	4054.12	2304.35	60	9422	
0.4	5.4	33	1079	14	3	75	181770	76	182362	0.00797368	0.00319572	0.003	0.01	2399.5	2045.21	60	9422	
0.4	5.4	55	1080	5	3	3	180	3	180	0.00766667	0.00404145	0.003	0.01	60	0	60	60	
0.4	5.4	21	1081	23	3	2	120	2	120	0.01	0	0.01	0.01	60	0	60	60	
0.4	5.4	3	1083	13	3	106	397812	106	397812	0.00848113	0.00289903	0.003	0.01	3752.94	2532.12	45	9422	
0.4	5.4	17	1084	7	3	22	37402	22	37402	0.00745454	0.00344656	0.003	0.01	1700.09	982.51	60	3550	
0.4	5.4	19	1088	10	3	133	429797	133	429797	0.00557895	0.0033894	0.003	0.01	3231.56	2626.86	45	9422	
0.4	5.4	34	1089	57	3	62	68814	62	68814	0.00480645	0.00308799	0.003	0.01	1109.9	856.932	60	4395	
0.4	5.4	1	1091	21	3	148	437414	148	437414	0.00664189	0.003509	0.003	0.01	2955.5	2042.26	45	9422	
0.4	5.4	13	1092	1	3	50	159980	50	159980	0.00944	0.00238328	0.003	0.017	3199.6	2466.74	60	9422	
0.4	5.4	24	1093	12	3	73	268140	73	268140	0.00664383	0.00370948	0.003	0.017	3673.15	2361.24	60	9422	
0.4	5.4	5	1095	13	3	177	282467	177	282467	0.00746893	0.00418335	0.003	0.024	1595.86	1198.25	43	7099	
0.4	5.4	34	1100	20	3	126	161209	126	161209	0.00622222	0.00421405	0.003	0.017	1279.44	1211.89	60	5324	
0.4	5.4	1	1102	20	3	226	607911	226	607911	0.00612832	0.00367047	0.003	0.017	2689.87	2124.98	34	9422	
0.4	5.4	34	1103	2	3	217	167866	217	167866	0.00519355	0.00332351	0.003	0.017	773.576	643.896	5	4395	
0.4	5.4	52	1105	55	3	119	243977	119	243977	0.00523529	0.00327731	0.003	0.01	2050.23	1748.07	60	9422	
0.4	5.4	11	1106	5	3	27	66396	27	66396	0.00507407	0.00325725	0.003	0.01	2459.11	2455.34	45	9422	
0.4	5.4	41	1108	41	3	146	201455	146	201455	0.00463014	0.00296884	0.003	0.01	1379.83	1037.21	41	5820	
0.4	5.4	13	1110	6	3	44	135018	44	135018	0.00745454	0.00340625	0.003	0.01	3068.59	2139.34	45	9422	
0.4	5.4	57	1112	29	3	45	55180	45	55180	0.00673333	0.00383406	0.003	0.017	1226.22	821.815	20	3550	
0.4	5.4	41	1113	42	3	152	178985	152	178985	0.00617763	0.0042506	0.003	0.024	1177.53	1006.85	60	6262	
0.4	5.4	39	1114	47	3	1	60	1	60	0.01	0	0.01	0.01	60	0	60	60	
0.4	5.4	39	1115	57	3	178	196204	177	195020	0.00644068	0.00422898	0.003	0.017	1101.81	1039.02	60	9422	
0.4	5.4	54	1119	1	3	167	548024	167	548024	0.00723353	0.00360045	0.003	0.017	3281.58	1995.12	60	9422	
0.4	5.4	49	1120	26	3	3	1892	2	708	0.0065	0.00494975	0.003	0.01	354	415.779	60	648	
0.4	5.4	39	1121	69	3	1	60	1	60	0.01	0	0.01	0.01	60	0	60	60	
0.4	5.4	31	1123	5	3	151	382970	150	382378	0.00734	0.00340909	0.003	0.01	2549.19	2158.92	60	9422	
0.4	5.4	46	1124	15	3	43	127333	43	127333	0.00430232	0.00275625	0.003	0.01	2961.23	2538.65	45	9422	
0.4	5.4	52	1125	39	3	153	203213	153	203213	0.00624837	0.0039358	0.003	0.017	1328.19	1166.99	60	4953	
0.4	5.4	41	1126	65	3	3	710	3	710	0.00533333	0.00404145	0.003	0.01	236.667	354.695	5	645	
0.4	5.4	14	1128	1	3	10	10770	10	10770	0.0079	0.00338132	0.003	0.01	1077	525.485	60	1775	
0.4	5.4	47	1129	19	3	82	211480	82	211480	0.00786585	0.00324232	0.003	0.01	2579.02	2090.65	60	9422	
0.4	5.4	27	1133	4	3	11	16685	11	16685	0.003	0	0.003	0.003	1516.82	1089.78	60	3550	
0.4	5.4	41	1134	9	3	88	185963	88	185963	0.003	0	0.003	0.003	2113.22	1762.78	60	9422	
0.4	5.4	41	1135	2	3	1	60	1	60	0.003	0	0.003	0.003	60	0	60	60	
0.4	5.4	49	1136	19	3	311	603002	311	603002	0.0069164	0.00440301	0.003	0.024	1938.91	1890.88	36	9422	
0.4	5.4	41	1137	69	3	120	103214	119	102030	0.0067647	0.00497401	0.003	0.024	857.395	721.887	21	4395	
0.4	5.4	37	1139	3	3	3	180	3	180	0.00533333	0.00404145	0.003	0.01	60	0	60	60	
0.4	5.4	34	1141	46	3	21	19658	21	19658	0.00566667	0.0046833	0.003	0.017	936.095	571.405	60	2367	
0.4	5.4	52	1144	1	3	4	240	4	240	0.003	0	0.003	0.003	60	0	60	60	
0.4	5.4	33	1145	1	3	76	220814	76	220814	0.00631579	0.00351837	0.003	0.01	2905.45	2039.59	60	9422	
0.4	5.4	35	1147	7	3	86	208531	86	208531	0.0047093	0.00302486	0.003	0.01	2424.78	2069.42	45	9422	
0.4	5.4	7	1149	9	3	160	506027	160	506027	0.0083375	0.00318781	0.003	0.017	3162.67	2309.28	45	9422	
0.4	5.4	39	1150	56	3	247	267848	247	267848	0.00523887	0.00333185	0.003	0.017	1084.4	1215.48	16	9422	
0.4	5.4	9	1151	11	3	84	311914	83	308364	0.00890361	0.00278329	0.003	0.017	3715.23	2175.17	36	9422	
0.4	5.4	50	1153	5	3	188	494805	188	494805	0.00776596	0.00335087	0.003	0.017	2631.94	2240.54	13	9422	
0.4	5.4	53	1155	16	3	102	412498	102	412498	0.00670588	0.00351119	0.003	0.01	4044.1	2311.62	60	9422	
0.4	5.4	52	1156	73	3	140	177735	140	177735	0.0071	0.00436187	0.003	0.017	1269.54	939.3	60	5916	
0.4	5.4	43	1158	14	3	14	37396	14	37396	0.0045	0.00298071	0.003	0.01	2671.14	1981.93	60	5916	
0.4	5.4	9	1160	10	3	137	521588	136	516264	0.00480147	0.00307154	0.003	0.01	3796.06	2651.98	45	9422	
0.4	5.4	43	1161	13	3	94	151766	94	151766	0.0083617	0.00463936	0.003	0.024	1614.53	1442.36	60	7577	
0.4	5.4	13	1162	16	3	79	290613	79	290613	0.00725316	0.00343984	0.003	0.01	3678.65	2071.61	60	9422	
0.4	5.4	45	1163	17	3	13	18461	13	18461	0.01	0	0.01	0.01	1420.08	690.531	60	2367	
0.4	5.4	52	1164	47	3	83	107274	83	107274	0.00595181	0.00347782	0.003	0.01	1292.46	1124.55	15	5916	
0.4	5.4	55	1165	42	3	242	334322	242	334322	0.00612397	0.00407822	0.003	0.017	1381.5	1193.8	35	9422	
0.4	5.4	6	1166	8	3	4	240	4	240	0.0065	0.00404145	0.003	0.01	60	0	60	60	
0.4	5.4	12	1167	2	3	40	98338	40	98338	0.00755	0.00338132	0.003	0.01	2458.45	2527.95	60	9422	
0.4	5.4	53	1171	15	3	8	7219	8	7219	0.009125	0.00247487	0.003	0.01	902.375	609.567	56	1775	
0.4	5.4	41	1172	20	3	221	198106	221	198106	0.00499547	0.00323686	0.003	0.017	896.407	676.306	60	4107	
0.4	5.4	39	1174	74	3	96	175352	96	175352	0.003	0	0.003	0.003	1826.58	1746.68	60	9422	
0.4	5.4	37	1175	21	3	123	162509	123	162509	0.00539024	0.00345138	0.003	0.017	1321.21	975.488	60	5324	
0.4	5.4	45	1177	10	3	3	180	3	180	0.00766667	0.00404145	0.003	0.01	60	0	60	60	
0.4	5.4	29	1179	9	3	105	233266	105	233266	0.0088	0.00265083	0.003	0.01	2221.58	2083.21	45	9422	
0.4	5.4	45	1180	5	3	108	341047	108	341047	0.00902778	0.0024321	0.003	0.01	3157.84	2078.96	60	9422	
0.4	5.4	38	1182	4	3	192	626465	192	626465	0.00832292	0.00316226	0.003	0.017	3262.84	2879.36	45	9422	
0.4	5.4	21	1186	13	3	89	265199	89	265199	0.003	0	0.003	0.003	2979.76	2229.03	60	9422	
0.4	5.4	43	1187	20	3	98	193202	98	193202	0.0075	0.00379433	0.003	0.017	1971.45	1734.41	60	7099	
0.4	5.4	1	1188	24	3	15	36212	14	35620	0.008	0.00328165	0.003	0.01	2544.29	2818.7	60	9422	
0.4	5.4	6	1189	2	3	1	60	1	60	0.01	0	0.01	0.01	60	0	60	60	
0.4	5.4	8	1193	4	3	17	39768	17	39768	0.003	0	0.003	0.003	2339.29	1955.18	60	7099	
0.4	5.4	6	1194	20	3	84	322550	84	322550	0.003	0	0.003	0.003	3839.88	2247.5	60	9422	
0.4	5.4	34	1195	3	3	178	158290	178	158290	0.00563483	0.00385856	0.003	0.017	889.27	567.87	24	2958	
0.4	5.4	2	1196	5	3	301	308821	301	308821	0.00625581	0.00405927	0.003	0.017	1025.98	1060.95	24	8873	
0.4	5.4	45	1197	15	3	129	462207	129	462207	0.0082093	0.00306613	0.003	0.01	3583	2328.86	45	9422	
0.4	5.4	31	1198	9	3	11	14325	11	14325	0.01	0.00442719	0.003	0.017	1302.27	1305.07	60	4395	
0.4	5.4	3	1201	5	3	72	313199	72	313199	0.00319444	0.00115842	0.003	0.01	4349.99	2992.15	45	9422	
0.4	5.4	43	1202	10	3	208	460290	208	460290	0.00720673	0.00382725	0.003	0.017	2212.93	2007.15	16	9422	
0.4	5.4	55	1203	37	3	7	7218	7	7218	0.003	0	0.003	0.003	1031.14	637.2	60	1775	
0.4	5.4	39	1204	28	3	184	237579	184	237579	0.00543478	0.00334306	0.003	0.01	1291.19	1029.84	6	7099	
0.4	5.4	7	1205	17	3	107	349217	107	349217	0.00614019	0.00349784	0.003	0.01	3263.71	1884.13	60	9422	
0.4	5.4	30	1206	19	3	44	85932	44	85932	0.00713636	0.00348145	0.003	0.01	1953	1819.52	60	9422	
0.4	5.4	8	1208	21	3	50	127944	50	127944	0.00426	0.00271662	0.003	0.01	2558.88	1983.04	60	9422	
0.4	5.4	39	1209	29	3	1	60	1	60	0.003	0	0.003	0.003	60	0	60	60	
0.4	5.4	37	1210	47	3	1	60	1	60	0.003	0	0.003	0.003	60	0	60	60	
0.4	5.4	37	1217	19	3	202	296734	203	298570	0.00565517	0.00405523	0.003	0.017	1470.79	1681.62	14	9422	
0.4	5.4	13	1220	4	3	145	529940	144	525799	0.00698611	0.00347818	0.003	0.01	3651.38	2428.7	45	9422	
0.4	5.4	49	1221	13	3	5	3076	5	3076	0.01	0.00494975	0.003	0.017	615.2	398.099	60	1184	
0.4	5.4	49	1222	18	3	1	60	1	60	0.003	0	0.003	0.003	60	0	60	60	
0.4	5.4	9	1223	2	3	122	505357	122	505357	0.00707377	0.00346689	0.003	0.01	4142.27	2506.21	45	9422	
0.4	5.4	2	1225	18	3	134	165354	134	165354	0.00592537	0.00346546	0.003	0.01	1233.99	1485.84	30	9422	
0.4	5.4	37	1227	22	3	117	139287	117	139287	0.00575214	0.00343387	0.003	0.01	1190.49	822.218	50	4395	
0.4	5.4	41	1228	22	3	84	112618	84	112618	0.00541667	0.00334811	0.003	0.01	1340.69	899.836	60	4141	
0.4	5.4	52	1231	37	3	223	413366	222	410999	0.00549099	0.00335898	0.003	0.01	1851.35	1520.44	60	9422	
0.4	5.4	52	1232	44	3	139	302581	139	302581	0.00456115	0.00292445	0.003	0.01	2176.84	1691.9	60	9422	
0.4	5.4	36	1233	8	3	102	473993	102	473993	0.00560784	0.0034011	0.003	0.01	4646.99	2496.14	45	9422	
0.4	5.4	42	1234	21	3	52	109587	52	109587	0.003	0	0.003	0.003	2107.44	1134.93	60	4141	
0.4	5.4	25	1235	7	3	74	160714	74	160714	0.00810811	0.00312992	0.003	0.01	2171.81	1852.21	60	9422	
0.4	5.4	47	1237	9	3	2	120	2	120	0.01	0	0.01	0.01	60	0	60	60	
0.4	5.4	42	1240	9	3	91	237998	91	237998	0.00507692	0.00321535	0.003	0.01	2615.36	2125.87	60	8873	
0.4	5.4	21	1241	39	3	109	83097	109	83097	0.00601835	0.0041921	0.003	0.017	762.358	650.321	60	4141	
0.4	5.4	11	1243	12	3	75	184748	75	184748	0.00869333	0.00319194	0.003	0.017	2463.31	2008.47	60	9422	
0.4	5.4	22	1244	16	3	94	259307	94	259307	0.00761702	0.00333475	0.003	0.01	2758.59	1579.1	60	7099	
0.4	5.4	17	1245	5	3	66	142137	66	142137	0.00777273	0.00350733	0.003	0.017	2153.59	2095.56	45	9422	
0.4	5.4	35	1246	9	3	1	60	1	60	0.01	0	0.01	0.01	60	0	60	60	
0.4	5.4	57	1247	6	3	127	157742	126	157364	0.00755555	0.00454234	0.003	0.024	1248.92	1016.92	13	5490	
0.4	5.4	5	1248	16	3	53	77095	53	77095	0.00616981	0.00401792	0.003	0.017	1454.62	1080.42	60	6101	
0.4	5.4	4	1249	13	3	29	62908	29	62908	0.00686207	0.00400646	0.003	0.017	2169.24	2241.21	60	9422	
0.4	5.4	52	1250	29	3	22	21012	22	21012	0.00522727	0.00333712	0.003	0.01	955.091	600.078	60	1835	
0.4	5.4	46	1252	8	3	78	187799	78	187799	0.00748718	0.00337963	0.003	0.01	2407.68	2136.6	60	9422	
0.4	5.4	8	1253	2	3	112	209152	112	209152	0.008	0.00356914	0.003	0.017	1867.43	1531.69	60	9422	
0.4	5.4	53	1254	13	3	121	363540	122	367935	0.00827869	0.00340457	0.003	0.017	3015.86	1903.55	28	7690	
0.4	5.4	47	1255	4	3	144	471685	144	471685	0.00640278	0.00351086	0.003	0.01	3275.59	2451.29	36	9422	
0.4	5.4	18	1256	18	3	150	541015	150	541015	0.00664	0.00350891	0.003	0.01	3606.77	2227.28	60	9422	
0.4	5.4	24	1257	2	3	83	340294	83	340294	0.003	0	0.003	0.003	4099.93	2211.95	60	9422	
0.4	5.4	15	1258	15	3	131	466469	131	466469	0.003	0	0.003	0.003	3560.83	2607.31	45	9422	
0.4	5.4	57	1259	18	3	134	449225	134	449225	0.00587313	0.00345633	0.003	0.01	3352.43	2768.41	45	9422	
0.4	5.4	8	1260	9	3	169	691890	169	691890	0.003	0	0.003	0.003	4094.02	2904.64	45	9422	
0.4	5.4	22	1262	15	3	120	374682	120	374682	0.003	0	0.003	0.003	3122.35	2200.52	60	9422	
0.4	5.4	15	1263	10	3	151	403790	151	403790	0.00707947	0.00373546	0.003	0.017	2674.11	2299.48	28	9422	
0.4	5.4	39	1264	81	3	112	231078	112	231078	0.0039375	0.00239474	0.003	0.01	2063.2	1640.72	45	9422	
0.4	5.4	32	1265	8	3	50	133975	50	133975	0.00608	0.00350999	0.003	0.01	2679.5	1975.6	60	9422	
0.4	5.4	46	1266	10	3	71	204839	71	204839	0.00901408	0.00245236	0.003	0.01	2885.06	1947.16	60	9422	
0.4	5.4	55	1269	38	3	77	106114	76	103153	0.00530263	0.00368427	0.003	0.017	1357.28	1054.74	60	5861	
0.4	5.4	21	1271	25	3	199	275480	198	274888	0.00522727	0.00356005	0.003	0.017	1388.32	2046.94	16	9422	
0.4	5.4	17	1273	11	3	126	380692	127	382467	0.00900787	0.00301977	0.003	0.017	3011.55	2461.7	45	9422	
0.4	5.4	57	1275	11	3	197	345468	197	345468	0.00776142	0.00408818	0.003	0.017	1753.64	1630.63	59	9422	
0.4	5.4	52	1276	26	3	1	60	1	60	0.017	0	0.017	0.017	60	0	60	60	
0.4	5.4	37	1277	51	3	34	42154	34	42154	0.00629412	0.003943	0.003	0.017	1239.82	745.223	60	3550	
0.4	5.4	28	1278	10	3	6	8992	6	8992	0.00883333	0.00285774	0.003	0.01	1498.67	1204.42	60	3550	
0.4	5.4	14	1279	7	3	148	264833	148	264833	0.00522297	0.00365487	0.003	0.017	1789.41	1512.78	48	9422	
0.4	5.4	33	1280	5	3	72	178232	72	178232	0.00747222	0.00338585	0.003	0.01	2475.44	1530.43	60	7099	
0.4	5.4	32	1281	5	3	126	411335	126	411335	0.00783333	0.00336749	0.003	0.017	3264.56	2409.78	36	9422	
0.4	5.4	55	1282	11	3	26	23809	26	23809	0.00515385	0.00329475	0.003	0.01	915.731	439.399	60	1775	
0.4	5.4	39	1283	31	3	2	120	2	120	0.0065	0.00494975	0.003	0.01	60	0	60	60	
0.4	5.4	34	1284	50	3	232	233113	232	233113	0.00640948	0.0040666	0.003	0.017	1004.8	893.894	56	5324	
0.4	5.4	47	1286	18	3	82	290726	82	290726	0.00812195	0.00312058	0.003	0.01	3545.44	2125.96	60	9422	
0.4	5.4	23	1289	4	3	166	616724	166	616724	0.00831325	0.00300274	0.003	0.01	3715.2	2206.58	45	9422	
0.4	5.4	39	1290	43	3	176	192028	176	192028	0.00570454	0.00415736	0.003	0.017	1091.07	1106.61	13	8873	
0.4	5.4	18	1291	12	3	60	139783	60	139783	0.00708333	0.00413457	0.003	0.017	2329.72	1782.72	60	9422	
0.4	5.4	54	1293	12	3	152	328211	152	328211	0.00792763	0.00358825	0.003	0.017	2159.28	1992.01	45	9422	
0.4	5.4	8	1294	25	3	186	318659	185	318067	0.00772973	0.00366867	0.003	0.017	1719.28	1361.94	60	9422	
0.4	5.4	53	1303	17	3	63	161253	63	161253	0.00766667	0.003556	0.003	0.017	2559.57	2307.8	60	9422	
0.4	5.4	8	1304	20	3	132	380128	132	380128	0.00713636	0.00345477	0.003	0.01	2879.76	2641.6	36	9422	
0.4	5.4	48	1306	2	3	2	120	2	120	0.01	0	0.01	0.01	60	0	60	60	
0.4	5.4	30	1308	4	3	1	60	1	60	0.01	0	0.01	0.01	60	0	60	60	
0.4	5.4	29	1310	16	3	64	155157	64	155157	0.00770312	0.0033127	0.003	0.01	2424.33	1888.73	60	9422	
0.4	5.4	6	1311	1	3	131	441173	131	441173	0.00807633	0.00325486	0.003	0.017	3367.73	2093.61	60	9422	
0.4	5.4	41	1314	6	3	1	60	1	60	0.01	0	0.01	0.01	60	0	60	60	
0.4	5.4	43	1315	24	3	192	593967	192	593967	0.00588021	0.00345369	0.003	0.01	3093.58	2496.03	45	9422	
0.4	5.4	52	1317	25	3	126	196154	126	196154	0.00594444	0.00346942	0.003	0.01	1556.78	1113.79	60	5072	
0.4	5.4	2	1318	28	3	69	91302	69	91302	0.00624638	0.00488818	0.003	0.017	1323.22	848.641	60	3847	
0.4	5.4	39	1319	5	3	110	119137	110	119137	0.00548182	0.00336395	0.003	0.01	1083.06	831.556	60	4904	
0.4	5.4	13	1320	10	3	2	120	2	120	0.01	0	0.01	0.01	60	0	60	60	
0.4	5.4	39	1321	11	3	1	60	1	60	0.01	0	0.01	0.01	60	0	60	60	
0.4	5.4	10	1322	9	3	46	84864	46	84864	0.00634783	0.00383097	0.003	0.017	1844.87	1251.03	43	5324	
0.4	5.4	34	1323	35	3	6	3670	6	3670	0.00416667	0.00285774	0.003	0.01	611.667	481.744	60	1184	
0.4	5.4	20	1324	14	3	133	422575	133	422575	0.00663158	0.00351075	0.003	0.01	3177.26	2039.13	16	9422	
0.4	5.4	16	1325	6	3	70	256888	70	256888	0.0082	0.0030815	0.003	0.01	3669.83	2401.98	60	9422	
0.4	5.4	43	1326	1	3	82	147473	83	148065	0.00536144	0.00332976	0.003	0.01	1783.92	2023.86	60	9422	
0.4	5.4	27	1327	5	3	104	343515	105	347065	0.0082	0.00307409	0.003	0.01	3305.38	2521.34	45	9422	
0.4	5.4	34	1328	28	3	2	120	2	120	0.0065	0.00494975	0.003	0.01	60	0	60	60	
0.4	5.4	9	1330	1	3	1	60	1	60	0.01	0	0.01	0.01	60	0	60	60	
0.4	5.4	11	1332	8	3	11	11954	11	11954	0.003	0	0.003	0.003	1086.73	499.561	60	1775	
0.4	5.4	18	1333	3	3	82	209018	82	209018	0.00803658	0.00352573	0.003	0.017	2549	1702.7	60	9422	
0.4	5.4	5	1335	14	3	127	323218	127	323218	0.00685827	0.0034954	0.003	0.01	2545.02	1804.12	60	8282	
0.4	5.4	53	1336	8	3	7	14316	7	14316	0.01	0	0.01	0.01	2045.14	1816.4	60	5324	
0.4	5.4	43	1339	7	3	1	60	1	60	0.01	0	0.01	0.01	60	0	60	60	
0.4	5.4	24	1342	14	3	43	133234	43	133234	0.00446512	0.00288138	0.003	0.01	3098.47	2332.87	60	7690	
0.4	5.4	19	1343	11	3	83	329181	83	329181	0.003	0	0.003	0.003	3966.04	2754.03	45	9422	
0.4	5.4	37	1344	80	3	1	60	1	60	0.003	0	0.003	0.003	60	0	60	60	
0.4	5.4	34	1346	42	3	245	230110	245	230110	0.00577143	0.0040727	0.003	0.017	939.224	1262.52	13	9422	
0.4	5.4	7	1347	1	3	104	331581	104	331581	0.003875	0.00232624	0.003	0.01	3188.28	2540.02	45	9422	
0.4	5.4	20	1348	12	3	1	60	1	60	0.003	0	0.003	0.003	60	0	60	60	
0.4	5.4	56	1349	4	3	177	499087	177	499087	0.00667797	0.00395331	0.003	0.017	2819.7	2047.66	45	9422	
0.4	5.4	19	1352	8	3	5	300	5	300	0.0072	0.00383406	0.003	0.01	60	0	60	60	
0.4	5.4	36	1354	3	3	1	60	1	60	0.003	0	0.003	0.003	60	0	60	60	
0.4	5.4	44	1356	13	3	141	580504	141	580504	0.00538298	0.00332879	0.003	0.01	4117.05	2348.49	45	9422	
0.4	5.4	39	1362	50	3	94	151073	95	152257	0.00498947	0.00317401	0.003	0.01	1602.71	1273.28	60	7708	
0.4	5.4	46	1363	16	3	9	7394	9	7394	0.003	0	0.003	0.003	821.556	696.508	60	1775	
0.4	5.4	48	1365	12	3	65	152799	65	152799	0.003	0	0.003	0.003	2350.75	2690.65	45	9422	
0.4	5.4	37	1366	57	3	262	194676	262	194676	0.00561832	0.00400279	0.003	0.017	743.038	677.296	40	5861	
0.4	5.4	37	1369	18	3	1	60	1	60	0.01	0	0.01	0.01	60	0	60	60	
0.4	5.4	32	1370	4	3	105	393561	105	393561	0.00553333	0.00337999	0.003	0.01	3748.2	2481.23	57	9422	
0.4	5.4	5	1371	31	3	127	371847	127	371847	0.00718898	0.00376857	0.003	0.017	2927.93	2227.39	28	9422	
0.4	5.4	37	1372	72	3	261	378234	261	378234	0.00511877	0.00322211	0.003	0.01	1449.17	1257.86	43	9422	
0.4	5.4	16	1373	12	3	87	215719	86	215127	0.00926744	0.00215529	0.003	0.01	2501.48	1928.78	60	9422	
0.4	5.4	13	1374	11	3	146	410263	146	410263	0.00774657	0.00328174	0.003	0.01	2810.02	1976.55	60	9422	
0.4	5.4	23	1376	20	3	30	73600	30	73600	0.00883333	0.00265334	0.003	0.01	2453.33	2098.94	60	8873	
0.4	5.4	18	1377	13	3	81	308496	81	308496	0.003	0	0.003	0.003	3808.59	3053.53	45	9422	
0.4	5.4	37	1379	32	3	3	1892	3	1892	0.00766667	0.00404145	0.003	0.01	630.667	562.2	60	1184	
0.4	5.4	31	1380	4	3	9	12544	9	12544	0.00766667	0.0035	0.003	0.01	1393.78	645.745	60	1980	
0.4	5.4	53	1385	7	3	105	278337	105	278337	0.00566667	0.00341565	0.003	0.01	2650.83	1883.79	60	9422	
0.4	5.4	34	1386	21	3	2	120	2	120	0.0065	0.00494975	0.003	0.01	60	0	60	60	
0.4	5.4	2	1390	13	3	6	360	6	360	0.0065	0.00383406	0.003	0.01	60	0	60	60	
0.4	5.4	33	1391	12	3	117	562142	117	562142	0.00682906	0.00349948	0.003	0.01	4804.63	2515.34	45	9422	
0.4	5.4	47	1393	10	3	4	240	4	240	0.01	0	0.01	0.01	60	0	60	60	
0.4	5.4	10	1396	6	3	4	240	4	240	0.00825	0.0035	0.003	0.01	60	0	60	60	
0.4	5.4	25	1397	2	3	119	370636	119	370636	0.003	0	0.003	0.003	3114.59	2293.62	60	9422	
0.4	5.4	8	1398	26	3	117	175906	117	175906	0.00760684	0.00391715	0.003	0.017	1503.47	1580.3	60	9422	
0.4	5.4	46	1399	5	3	113	410724	113	410724	0.00547788	0.00336234	0.003	0.01	3634.73	2970.05	45	9422	
0.4	5.4	2	1400	32	3	99	193088	99	193088	0.003	0	0.003	0.003	1950.38	1386.66	60	6507	
0.4	5.4	22	1402	12	3	127	337991	127	337991	0.0060315	0.00348224	0.003	0.01	2661.35	1329.92	60	7099	
0.4	5.4	52	1403	5	3	56	61681	56	61681	0.0065	0.00353167	0.003	0.01	1101.45	760.727	60	3550	
0.4	5.4	56	1407	3	3	145	309756	145	309756	0.00773103	0.0035848	0.003	0.017	2136.25	1775.62	45	9422	
0.4	5.4	52	1410	2	3	1	60	1	60	0.01	0	0.01	0.01	60	0	60	60	
0.4	5.4	57	1411	2	3	145	260077	145	260077	0.00691034	0.00348791	0.003	0.01	1793.63	1421.55	47	7099	
0.4	5.4	34	1412	60	3	160	201112	160	201112	0.00418125	0.00262995	0.003	0.01	1256.95	1179.29	26	5324	
0.4	5.4	52	1413	6	3	57	139192	57	139192	0.003	0	0.003	0.003	2441.96	1409.53	60	5707	
0.4	5.4	10	1417	16	3	2	708	2	708	0.0065	0.00494975	0.003	0.01	354	415.779	60	648	
0.4	5.4	40	1420	15	3	56	137985	56	137985	0.008125	0.00312795	0.003	0.01	2464.02	2346.14	60	9422	
0.4	5.4	17	1421	13	3	3	180	3	180	0.01	0	0.01	0.01	60	0	60	60	
0.4	5.4	30	1422	13	3	127	342248	127	342248	0.00862205	0.00293022	0.003	0.017	2694.87	1952.8	60	9422	
0.4	5.4	55	1423	20	3	69	101949	69	101949	0.00573913	0.00344132	0.003	0.01	1477.52	1171.48	60	4733	
0.4	5.4	3	1424	4	3	28	61668	28	61668	0.0075	0.00341565	0.003	0.01	2202.43	1496.74	60	4904	
