% start	end	CellId	IMSI	RNTI	LCID	nTxPDUs	TxBytes	nRxPDUs	RxBytes	delay	stdDev	min	max	PduSize	stdDev	min	max
0.4	5.4	37	2	71	3	2	120	2	120	0.0065	0.00494975	0.003	0.01	60	0	60	60	
0.4	5.4	2	3	28	3	257	513394	258	514825	0.00755814	0.0037715	0.003	0.017	1995.45	1609.65	49	9422	
0.4	5.4	41	6	42	3	12	10777	12	10777	0.0065	0.00365563	0.003	0.01	898.083	570.031	60	1775	
0.4	5.4	17	8	15	3	176	441130	175	438649	0.00732	0.00415648	0.003	0.017	2506.57	1897.22	51	8282	
0.4	5.4	41	9	41	3	62	73611	62	73611	0.00695161	0.00450292	0.003	0.017	1187.27	1047.42	4	7098	
0.4	5.4	33	11	5	3	167	784734	167	784734	0.003	0	0.003	0.003	4699.01	2885.76	45	9422	
0.4	5.4	3	13	3	3	206	847014	207	849381	0.00455555	0.00291723	0.003	0.01	4103.29	2841.13	45	9422	
0.4	5.4	22	16	8	3	103	307209	103	307209	0.00517476	0.00325524	0.003	0.01	2982.61	1792.54	60	7690	
0.4	5.4	43	19	7	3	170	263778	170	263778	0.0066647	0.00432133	0.003	0.017	1551.64	1184.7	40	7099	
0.4	5.4	39	20	63	3	139	351660	139	351660	0.00430935	0.00298753	0.003	0.017	2529.93	2322.21	60	9422	
0.4	5.4	8	21	24	3	223	468991	221	464846	0.0070543	0.00388783	0.003	0.017	2103.38	1465.73	45	9422	
0.4	5.4	41	22	3	3	2	120	2	120	0.01	0	0.01	0.01	60	0	60	60	
0.4	5.4	39	23	24	3	142	200806	143	201613	0.00515385	0.00324213	0.003	0.01	1409.88	1085.68	60	6877	
0.4	5.4	11	24	5	3	18	52186	18	52186	0.00766667	0.0033955	0.003	0.01	2899.22	1868.02	60	7099	
0.4	5.4	42	25	17	3	38	91247	38	91247	0.003	0	0.003	0.003	2401.24	1700.2	60	7099	
0.4	5.4	1	27	1	3	33	106615	33	106615	0.00830303	0.00304636	0.003	0.01	3230.76	1697.25	60	5861	
0.4	5.4	5	30	6	3	94	145193	94	145193	0.00687234	0.00418454	0.003	0.017	1544.61	1241.51	60	5663	
0.4	5.4	39	31	68	3	74	71322	74	71322	0.00555405	0.00426885	0.003	0.017	963.811	865.186	22	4904	
0.4	5.4	45	32	21	3	141	448632	141	448632	0.00419149	0.00264012	0.003	0.01	3181.79	1987.45	60	9422	
0.4	5.4	16	33	4	3	161	523189	161	523189	0.00686956	0.00349129	0.003	0.01	3249.62	2444.13	45	9422	
0.4	5.4	5	34	10	3	73	100194	73	100194	0.00673973	0.00405527	0.003	0.017	1372.52	1160.81	7	6106	
0.4	5.4	55	39	19	3	2	120	2	120	0.0065	0.00494975	0.003	0.01	60	0	60	60	
0.4	5.4	22	40	13	3	49	84162	49	84162	0.006	0.00378043	0.003	0.017	1717.59	1286.07	36	5324	
0.4	5.4	44	41	16	3	1	60	1	60	0.003	0	0.003	0.003	60	0	60	60	
0.4	5.4	46	42	5	3	2	120	2	120	0.0065	0.00494975	0.003	0.01	60	0	60	60	
0.4	5.4	39	45	27	3	142	169614	142	169614	0.00664789	0.00397367	0.003	0.017	1194.46	1165.57	60	7099	
0.4	5.4	26	50	1	3	182	685274	183	686206	0.00472131	0.00302261	0.003	0.01	3749.76	2434.83	45	9422	
0.4	5.4	35	52	5	3	57	212029	57	212029	0.00926316	0.00216734	0.003	0.01	3719.81	2165.99	60	8873	
0.4	5.4	13	53	11	3	166	422059	166	422059	0.00616265	0.00357822	0.003	0.017	2542.52	1703.83	45	9422	
0.4	5.4	30	54	15	3	27	21452	27	21452	0.00662963	0.00561693	0.003	0.017	794.519	517.713	60	1775	
0.4	5.4	23	55	6	3	204	695585	204	691107	0.00814706	0.00360048	0.003	0.017	3387.78	2485.94	45	9422	
0.4	5.4	37	56	64	3	254	158477	254	158477	0.00517716	0.0033059	0.003	0.017	623.925	572.858	60	4736	
0.4	5.4	8	65	1	3	184	395421	184	395421	0.00604348	0.00347957	0.003	0.01	2149.03	2218.67	57	9422	
0.4	5.4	37	68	39	3	242	142619	240	137496	0.00504167	0.00349512	0.003	0.017	572.9	532.462	43	4141	
0.4	5.4	38	69	10	3	71	168340	68	164634	0.0065	0.00352602	0.003	0.01	2421.09	2212.52	45	9422	
0.4	5.4	2	70	32	3	122	264787	122	264787	0.00627049	0.00350687	0.003	0.01	2170.39	1612.89	10	9422	
0.4	5.4	8	72	15	3	145	234498	145	234498	0.00724827	0.00343093	0.003	0.01	1617.23	1234.91	60	7520	
0.4	5.4	47	73	9	3	182	727732	181	725365	0.00566851	0.00340923	0.003	0.01	4007.54	2454.45	45	9422	
0.4	5.4	32	74	18	3	145	670539	144	666398	0.00465278	0.00298322	0.003	0.01	4627.76	2913.06	45	9422	
0.4	5.4	43	75	5	3	156	565399	156	565399	0.003	0	0.003	0.003	3624.35	2468.71	45	9422	
0.4	5.4	30	76	29	3	133	370199	133	370199	0.00773684	0.00350518	0.003	0.017	2783.45	2011.52	10	9422	
0.4	5.4	13	80	23	3	174	485483	174	485483	0.0060977	0.00364568	0.003	0.017	2790.13	2025.72	45	9422	
0.4	5.4	41	81	53	3	81	126200	81	126200	0.00671605	0.00368522	0.003	0.017	1558.02	1653.63	60	9422	
0.4	5.4	2	84	14	3	13	13730	13	13730	0.00946154	0.00448359	0.003	0.017	1056.15	591.323	60	1775	
0.4	5.4	28	88	15	3	160	398396	160	398396	0.00619375	0.00375256	0.003	0.017	2489.97	1457.83	60	8282	
0.4	5.4	52	89	83	3	103	186076	103	186076	0.00646602	0.00351695	0.003	0.01	1806.56	1071.22	60	6882	
0.4	5.4	44	90	20	3	142	306195	142	306195	0.0087676	0.00292377	0.003	0.017	2156.3	1799.99	20	9422	
0.4	5.4	7	92	7	3	60	179402	60	179402	0.0079	0.00323487	0.003	0.01	2990.03	2034.97	60	9422	
0.4	5.4	1	93	10	3	141	537612	141	537612	0.00309929	0.000830705	0.003	0.01	3812.85	2339.97	45	9422	
0.4	5.4	54	95	5	3	95	251598	95	251598	0.00911579	0.00274778	0.003	0.017	2648.4	1896.52	45	9422	
0.4	5.4	37	96	37	3	2	120	2	120	0.01	0	0.01	0.01	60	0	60	60	
0.4	5.4	17	97	14	3	105	412493	105	412493	0.003	0	0.003	0.003	3928.5	2713.69	45	9422	
0.4	5.4	12	99	4	3	43	82383	42	80016	0.008	0.00320061	0.003	0.01	1905.14	2039.05	60	9422	
0.4	5.4	28	100	17	3	136	354686	136	354686	0.00572794	0.0034264	0.003	0.01	2607.99	1342.26	60	5916	
0.4	5.4	39	101	11	3	1	60	1	60	0.017	0	0.017	0.017	60	0	60	60	
0.4	5.4	30	102	21	3	265	553138	265	553138	0.00635472	0.00375916	0.003	0.017	2087.31	1736.21	57	9422	
0.4	5.4	55	104	9	3	134	216796	134	216796	0.00723134	0.00454371	0.003	0.017	1617.88	1134.96	60	6501	
0.4	5.4	41	106	49	3	96	178860	96	178860	0.00759375	0.00349309	0.003	0.017	1863.12	1394.06	60	9422	
0.4	5.4	37	107	58	3	3	180	3	180	0.003	0	0.003	0.003	60	0	60	60	
0.4	5.4	10	108	5	3	149	731933	149	731933	0.00328188	0.00138076	0.003	0.01	4912.3	2374.67	45	9422	
0.4	5.4	6	110	9	3	1	60	1	60	0.01	0	0.01	0.01	60	0	60	60	
0.4	5.4	26	111	21	3	6	8992	6	8992	0.00766667	0.00361478	0.003	0.01	1498.67	1204.42	60	3550	
0.4	5.4	1	112	15	3	18	52186	18	52186	0.00727778	0.00351142	0.003	0.01	2899.22	2456.25	60	9422	
0.4	5.4	30	115	6	3	174	556583	174	556583	0.0060977	0.00348684	0.003	0.01	3198.75	2543.13	23	9422	
0.4	5.4	39	116	59	3	348	569701	348	569701	0.00611782	0.00352438	0.003	0.017	1637.07	1436.97	17	9422	
0.4	5.4	11	118	16	3	52	127336	52	127336	0.00892308	0.00255025	0.003	0.01	2448.77	1738.11	60	9422	
0.4	5.4	41	119	73	3	49	79649	49	79649	0.00657143	0.00353553	0.003	0.01	1625.49	1298.49	36	6932	
0.4	5.4	44	121	10	3	154	499040	155	502590	0.00733548	0.00340984	0.003	0.01	3242.52	2200.75	57	9422	
0.4	5.4	7	122	5	3	124	501456	124	501456	0.0065	0.0035142	0.003	0.01	4044	2476.95	45	9422	
0.4	5.4	41	123	71	3	3	1892	3	1892	0.00533333	0.00404145	0.003	0.01	630.667	562.2	60	1184	
0.4	5.4	3	124	12	3	135	365937	135	365937	0.00875555	0.00294595	0.003	0.017	2710.64	1957.8	60	9422	
0.4	5.4	38	127	18	3	166	376194	167	378219	0.00656287	0.00359307	0.003	0.017	2264.78	1534.85	60	7099	
0.4	5.4	57	128	7	3	11	37979	11	37979	0.00618182	0.00365563	0.003	0.01	3452.64	2846.4	60	8873	
0.4	5.4	47	129	14	3	1	60	1	60	0.01	0	0.01	0.01	60	0	60	60	
0.4	5.4	48	130	1	3	2	120	2	120	0.0065	0.00494975	0.003	0.01	60	0	60	60	
0.4	5.4	31	132	8	3	198	543347	198	543347	0.00745454	0.0035901	0.003	0.017	2744.18	1975.5	60	9422	
0.4	5.4	4	133	25	3	27	57526	27	57526	0.00688889	0.00404145	0.003	0.017	2130.59	1184.73	60	4395	
0.4	5.4	56	134	6	3	1	60	1	60	0.01	0	0.01	0.01	60	0	60	60	
0.4	5.4	53	135	14	3	2	120	2	120	0.01	0	0.01	0.01	60	0	60	60	
0.4	5.4	55	137	20	3	87	132704	87	132704	0.00589655	0.00362817	0.003	0.017	1525.33	1222.63	60	5861	
0.4	5.4	37	138	26	3	388	578880	388	578880	0.00469588	0.00300306	0.003	0.01	1491.96	1397.1	9	9422	
0.4	5.4	15	140	1	3	133	206183	133	206183	0.0048421	0.00309409	0.003	0.01	1550.25	1965.31	60	9422	
0.4	5.4	52	143	26	3	109	169429	109	169429	0.00723853	0.0039297	0.003	0.017	1554.39	1704.83	45	9422	
0.4	5.4	51	144	6	3	53	153369	53	153369	0.00709434	0.00348218	0.003	0.01	2893.75	2565.59	60	9422	
0.4	5.4	31	145	7	3	196	706209	196	706209	0.00603571	0.00347795	0.003	0.01	3603.11	2527.3	10	9422	
0.4	5.4	21	146	26	3	158	446423	158	446423	0.00428481	0.0027184	0.003	0.01	2825.46	1887.92	60	8282	
0.4	5.4	4	147	14	3	121	309618	121	309618	0.00664463	0.00351155	0.003	0.01	2558.83	1969.29	36	9422	
0.4	5.4	21	148	27	3	5	3669	4	1894	0.00475	0.0035	0.003	0.01	473.5	280.12	60	648	
0.4	5.4	37	149	41	3	2	120	2	120	0.0065	0.00494975	0.003	0.01	60	0	60	60	
0.4	5.4	20	150	9	3	8	21415	8	21415	0.00475	0.00324037	0.003	0.01	2676.88	2453.7	60	7099	
0.4	5.4	17	151	2	3	94	345900	94	345900	0.003	0	0.003	0.003	3679.79	2317.46	60	9422	
0.4	5.4	34	152	54	3	184	223325	184	223325	0.00581522	0.00381091	0.003	0.017	1213.72	1350.35	36	9422	
0.4	5.4	35	153	11	3	7	14316	7	14316	0.01	0	0.01	0.01	2045.14	1816.4	60	5324	
0.4	5.4	49	154	21	3	21	56923	21	56923	0.00566667	0.00348329	0.003	0.01	2710.62	2051.03	60	7099	
0.4	5.4	5	155	14	3	65	139304	65	139304	0.00838461	0.00366441	0.003	0.017	2143.14	1682.59	60	7099	
0.4	5.4	2	160	6	3	105	189498	105	189498	0.00526667	0.00329121	0.003	0.01	1804.74	1302.9	60	9422	
0.4	5.4	15	163	15	3	10	8998	10	8998	0.0079	0.00576291	0.003	0.017	899.8	737.736	60	1775	
0.4	5.4	46	164	6	3	55	168165	55	168165	0.00770909	0.00357809	0.003	0.017	3057.55	2175.45	60	9422	
0.4	5.4	52	165	10	3	261	487328	261	487328	0.00450191	0.00287914	0.003	0.01	1867.16	1395.07	60	9422	
0.4	5.4	45	167	11	3	2	120	2	120	0.003	0	0.003	0.003	60	0	60	60	
0.4	5.4	16	171	5	3	1	60	1	60	0.003	0	0.003	0.003	60	0	60	60	
0.4	5.4	41	173	19	3	2	120	2	120	0.01	0	0.01	0.01	60	0	60	60	
0.4	5.4	26	174	12	3	117	477584	117	477584	0.003	0	0.003	0.003	4081.91	2588.53	45	9422	
0.4	5.4	52	175	65	3	1	60	1	60	0.01	0	0.01	0.01	60	0	60	60	
0.4	5.4	19	177	7	3	43	103087	42	98354	0.00666667	0.00353841	0.003	0.01	2341.76	1957.6	60	9422	
0.4	5.4	52	179	52	3	138	415641	139	418008	0.00365468	0.00204554	0.003	0.01	3007.25	2526.41	45	9422	
0.4	5.4	47	180	10	3	70	222119	70	222119	0.003	0	0.003	0.003	3173.13	2571.04	45	9422	
0.4	5.4	8	183	13	3	6	360	6	360	0.00766667	0.00361478	0.003	0.01	60	0	60	60	
0.4	5.4	8	186	4	3	2	708	2	708	0.0065	0.00494975	0.003	0.01	354	415.779	60	648	
0.4	5.4	31	187	11	3	206	576848	206	576848	0.00765534	0.0039078	0.003	0.017	2800.23	2631.3	45	9422	
0.4	5.4	34	188	29	3	1	60	1	60	0.003	0	0.003	0.003	60	0	60	60	
0.4	5.4	13	189	10	3	207	573685	207	573685	0.00469082	0.00323228	0.003	0.017	2771.43	2181.49	28	9422	
0.4	5.4	3	193	1	3	210	591008	210	591008	0.00816667	0.00337537	0.003	0.017	2814.32	2297.24	45	9422	
0.4	5.4	2	194	11	3	1	60	1	60	0.003	0	0.003	0.003	60	0	60	60	
0.4	5.4	16	198	10	3	22	78216	22	78216	0.003	0	0.003	0.003	3555.27	2873.95	45	9422	
0.4	5.4	42	199	21	3	43	90672	43	90672	0.0064186	0.00354046	0.003	0.01	2108.65	1420.06	60	4395	
0.4	5.4	28	200	7	3	94	243424	94	243424	0.00717021	0.00360298	0.003	0.017	2589.62	1905.39	60	9422	
0.4	5.4	37	202	22	3	408	439100	408	439100	0.00497304	0.00315321	0.003	0.01	1076.23	1209.56	10	9422	
0.4	5.4	48	203	2	3	11	42121	11	42121	0.00936364	0.00211058	0.003	0.01	3829.18	3339.13	60	9422	
0.4	5.4	37	205	31	3	33	38607	33	38607	0.00490909	0.00316587	0.003	0.01	1169.91	742.159	60	2958	
0.4	5.4	4	206	36	3	89	239303	89	239303	0.003	0	0.003	0.003	2688.8	2069.55	45	9422	
0.4	5.4	34	208	22	3	10	5453	10	5453	0.0058	0.00361478	0.003	0.01	545.3	461.651	60	1775	
0.4	5.4	39	209	50	3	1	60	1	60	0.003	0	0.003	0.003	60	0	60	60	
0.4	5.4	41	212	2	3	3	180	3	180	0.00766667	0.00404145	0.003	0.01	60	0	60	60	
0.4	5.4	52	213	74	3	140	228447	139	227263	0.00566906	0.00341223	0.003	0.01	1634.99	1755.17	161	8873	
0.4	5.4	27	214	13	3	156	600779	156	600779	0.00457051	0.00292952	0.003	0.01	3851.15	2875.68	45	9422	
0.4	5.4	55	215	7	3	204	443511	204	443511	0.0070147	0.00398826	0.003	0.017	2174.07	2260.73	60	9422	
0.4	5.4	2	216	27	3	76	88959	76	88959	0.00603947	0.00367493	0.003	0.017	1170.51	765.611	26	4395	
0.4	5.4	48	217	8	3	91	298896	91	298896	0.00930769	0.00210128	0.003	0.01	3284.57	2172.42	60	9422	
0.4	5.4	57	219	16	3	22	41547	21	40363	0.007	0.00354965	0.003	0.01	1922.05	1675.71	60	5861	
0.4	5.4	52	220	4	3	3	180	3	180	0.00766667	0.00404145	0.003	0.01	60	0	60	60	
0.4	5.4	44	224	1	3	135	569874	135	569874	0.00388148	0.00233101	0.003	0.01	4221.29	2656.5	45	9422	
0.4	5.4	32	225	8	3	116	416762	116	416762	0.00481034	0.00307843	0.003	0.01	3592.78	2405.28	45	9422	
0.4	5.4	17	230	9	3	5	5442	5	5442	0.0072	0.00383406	0.003	0.01	1088.4	742.216	60	1775	
0.4	5.4	43	231	1	3	124	449798	124	449798	0.003	0	0.003	0.003	3627.4	2673.22	45	9422	
0.4	5.4	55	235	21	3	5	300	5	300	0.0086	0.0031305	0.003	0.01	60	0	60	60	
0.4	5.4	3	241	5	3	105	220254	105	220254	0.00786667	0.00364815	0.003	0.017	2097.66	1781.67	26	9422	
0.4	5.4	41	243	47	3	120	216744	120	216744	0.00638333	0.00384835	0.003	0.017	1806.2	1468.49	60	8282	
0.4	5.4	53	244	9	3	90	345639	90	345639	0.003	0	0.003	0.003	3840.43	2059.92	60	9422	
0.4	5.4	49	245	20	3	207	406902	208	416324	0.00791346	0.0041717	0.003	0.017	2001.56	1962.1	45	9422	
0.4	5.4	56	248	13	3	72	212543	72	212543	0.00786111	0.00345313	0.003	0.017	2951.99	1903.55	28	9422	
0.4	5.4	34	250	8	3	3	180	3	180	0.01	0	0.01	0.01	60	0	60	60	
0.4	5.4	43	252	21	3	164	302566	164	302566	0.00803658	0.00351489	0.003	0.017	1844.91	1441.19	31	9422	
0.4	5.4	20	253	11	3	86	232777	86	232777	0.00747674	0.00338066	0.003	0.01	2706.71	1896.89	60	9422	
0.4	5.4	19	256	4	3	71	93084	71	93084	0.00674648	0.00389402	0.003	0.017	1311.04	926.814	21	4395	
0.4	5.4	28	259	10	3	22	56388	22	56388	0.00809091	0.0031909	0.003	0.01	2563.09	2820.83	60	9422	
0.4	5.4	52	260	1	3	192	299710	192	299710	0.00569792	0.00341576	0.003	0.01	1560.99	1352.44	60	8873	
0.4	5.4	56	261	3	3	2	120	2	120	0.0065	0.00494975	0.003	0.01	60	0	60	60	
0.4	5.4	38	262	1	3	72	165769	70	164639	0.0066	0.00352383	0.003	0.01	2351.99	1738.27	60	9422	
0.4	5.4	20	263	7	3	101	232195	101	232195	0.00792079	0.0032146	0.003	0.01	2298.96	2286.3	57	9422	
0.4	5.4	11	264	10	3	106	362929	106	362929	0.003	0	0.003	0.003	3423.86	2761.87	45	9422	
0.4	5.4	28	265	21	3	144	387951	144	387951	0.00810417	0.00372239	0.003	0.017	2694.1	2225.73	60	9422	
0.4	5.4	21	267	12	3	97	229257	97	229257	0.00523711	0.00328117	0.003	0.01	2363.47	1599.43	60	9422	
0.4	5.4	52	269	37	3	148	204964	148	204964	0.00602703	0.00357418	0.003	0.017	1384.89	927.123	60	5213	
0.4	5.4	55	270	10	3	1	60	1	60	0.01	0	0.01	0.01	60	0	60	60	
0.4	5.4	44	271	14	3	101	225574	101	225574	0.003	0	0.003	0.003	2233.41	2746.79	60	9422	
0.4	5.4	8	272	10	3	3	180	3	180	0.003	0	0.003	0.003	60	0	60	60	
0.4	5.4	46	273	7	3	89	279380	89	279380	0.00307865	0.000741999	0.003	0.01	3139.1	2152.21	60	9422	
0.4	5.4	12	274	16	3	103	364754	103	364754	0.00578641	0.00344324	0.003	0.01	3541.3	2140.57	36	9422	
0.4	5.4	12	275	5	3	155	459879	154	455146	0.00604545	0.00348168	0.003	0.01	2955.49	1644.95	60	9422	
0.4	5.4	37	276	81	3	200	157195	200	157195	0.005835	0.00344487	0.003	0.01	785.975	519.587	14	3182	
0.4	5.4	55	278	33	3	273	453033	273	453033	0.00669231	0.00411603	0.003	0.017	1659.46	1349.13	60	9422	
0.4	5.4	23	279	11	3	27	56334	27	56334	0.003	0	0.003	0.003	2086.44	1319.59	60	5324	
0.4	5.4	57	280	12	3	32	90062	32	90062	0.003875	0.00235208	0.003	0.01	2814.44	2084.5	60	9422	
0.4	5.4	34	282	12	3	319	563978	319	563978	0.00504075	0.00318629	0.003	0.01	1767.96	1565.95	60	9422	
0.4	5.4	33	284	2	3	5	5442	5	5442	0.0086	0.0031305	0.003	0.01	1088.4	742.216	60	1775	
0.4	5.4	6	286	5	3	31	77624	31	77624	0.00525806	0.00332634	0.003	0.01	2504	1160.1	60	5324	
0.4	5.4	37	287	51	3	411	273716	411	273716	0.00453285	0.0030589	0.003	0.017	665.976	577.799	34	5861	
0.4	5.4	52	288	73	3	101	148234	101	148234	0.00577228	0.00344058	0.003	0.01	1467.66	894.944	60	4395	
0.4	5.4	39	289	7	3	1	60	1	60	0.01	0	0.01	0.01	60	0	60	60	
0.4	5.4	37	290	78	3	3	180	3	180	0.00533333	0.00404145	0.003	0.01	60	0	60	60	
0.4	5.4	2	291	29	3	239	419199	239	419199	0.00712971	0.00400261	0.003	0.017	1753.97	1448.7	60	9422	
0.4	5.4	41	293	69	3	3	180	3	180	0.00766667	0.00404145	0.003	0.01	60	0	60	60	
0.4	5.4	36	294	1	3	107	236875	107	236875	0.00757944	0.00373671	0.003	0.017	2213.79	1733.39	60	8282	
0.4	5.4	37	295	29	3	3	180	3	180	0.00766667	0.00404145	0.003	0.01	60	0	60	60	
0.4	5.4	9	296	21	3	153	550500	153	550500	0.0058366	0.00344784	0.003	0.01	3598.04	2529.83	45	9422	
0.4	5.4	3	297	10	3	103	358081	103	358081	0.00639806	0.00351562	0.003	0.01	3476.51	2136.45	60	9422	
0.4	5.4	10	298	7	3	1	60	1	60	0.01	0	0.01	0.01	60	0	60	60	
0.4	5.4	57	299	1	3	185	467857	185	467857	0.00754054	0.00372706	0.003	0.017	2528.96	2167.39	60	9422	
0.4	5.4	22	303	14	3	142	506104	142	506104	0.00492253	0.00313542	0.003	0.01	3564.11	2737.59	45	9422	
0.4	5.4	51	305	17	3	157	659230	157	659230	0.003	0	0.003	0.003	4198.92	2767.92	45	9422	
0.4	5.4	27	306	6	3	45	132056	45	132056	0.00797778	0.00320857	0.003	0.01	2934.58	1503.57	60	5324	
0.4	5.4	14	307	7	3	141	253454	141	253454	0.00736879	0.00422816	0.003	0.024	1797.55	1440.93	13	7099	
0.4	5.4	39	308	38	3	63	117319	63	117319	0.00544444	0.00336384	0.003	0.01	1862.21	1803.96	45	9422	
0.4	5.4	4	309	12	3	116	288904	116	288904	0.00662069	0.00374782	0.003	0.017	2490.55	1582.04	60	7690	
0.4	5.4	8	310	23	3	99	179577	99	179577	0.00773737	0.00433916	0.003	0.024	1813.91	1636.43	5	8873	
0.4	5.4	37	311	8	3	1	60	1	60	0.003	0	0.003	0.003	60	0	60	60	
0.4	5.4	12	313	1	3	109	320343	109	320343	0.00826605	0.00303572	0.003	0.01	2938.93	2345.95	60	9422	
0.4	5.4	18	314	3	3	95	324463	94	322688	0.00657447	0.00351797	0.003	0.01	3432.85	2107.3	60	9422	
0.4	5.4	35	315	6	3	21	39761	21	39761	0.00966667	0.00152753	0.003	0.01	1893.38	2474.61	60	9422	
0.4	5.4	48	316	17	3	54	133847	54	133847	0.00831481	0.00302083	0.003	0.01	2478.65	2247.17	60	9422	
0.4	5.4	37	319	82	3	232	274375	232	274375	0.00505172	0.00338662	0.003	0.017	1182.65	1124.7	4	9422	
0.4	5.4	5	320	24	3	86	128592	86	128592	0.00682558	0.00411079	0.003	0.017	1495.26	1091.37	47	5324	
0.4	5.4	45	322	17	3	126	237598	126	237598	0.00677778	0.00402371	0.003	0.024	1885.7	1683.81	26	9422	
0.4	5.4	37	323	34	3	3	180	3	180	0.00766667	0.00404145	0.003	0.01	60	0	60	60	
0.4	5.4	23	324	13	3	3	180	3	180	0.01	0	0.01	0.01	60	0	60	60	
0.4	5.4	39	325	57	3	230	441595	230	441595	0.00640869	0.00368496	0.003	0.017	1919.98	1672.86	43	9422	
0.4	5.4	1	326	2	3	33	100108	33	100108	0.00915151	0.00232004	0.003	0.01	3033.58	2508.04	60	9422	
0.4	5.4	21	327	6	3	1	60	1	60	0.01	0	0.01	0.01	60	0	60	60	
0.4	5.4	41	330	77	3	152	304385	152	304385	0.00663816	0.0037761	0.003	0.017	2002.53	1575.29	60	7099	
0.4	5.4	41	332	26	3	212	399150	211	400444	0.00641706	0.00376405	0.003	0.017	1897.84	1667.97	10	9422	
0.4	5.4	36	335	4	3	25	26757	24	26267	0.00679167	0.00411761	0.003	0.017	1094.46	470.422	60	1775	
0.4	5.4	52	337	66	3	116	307987	116	307987	0.00511207	0.00322698	0.003	0.01	2655.06	2124.82	60	9422	
0.4	5.4	36	338	7	3	1	60	1	60	0.01	0	0.01	0.01	60	0	60	60	
0.4	5.4	16	339	3	3	61	206025	61	206025	0.00644262	0.00375289	0.003	0.017	3377.46	2002.31	60	7099	
0.4	5.4	32	340	16	3	25	79404	25	79404	0.003	0	0.003	0.003	3176.16	2565.31	60	9422	
0.4	5.4	4	342	34	3	119	402573	119	402573	0.00411765	0.0025749	0.003	0.01	3382.97	2168.75	60	9422	
0.4	5.4	8	347	28	3	128	273533	127	271166	0.00707874	0.00368309	0.003	0.017	2135.17	2083.28	47	9422	
0.4	5.4	42	348	3	3	3	180	3	180	0.00766667	0.00404145	0.003	0.01	60	0	60	60	
0.4	5.4	37	349	59	3	287	195255	287	195255	0.0052439	0.00332448	0.003	0.017	680.331	590.681	39	4395	
0.4	5.4	20	350	6	3	108	285563	108	285563	0.00844444	0.00322181	0.003	0.017	2644.1	2515.89	60	9422	
0.4	5.4	49	354	14	3	106	274799	106	274799	0.003	0	0.003	0.003	2592.44	2050.95	60	9422	
0.4	5.4	19	355	22	3	118	282509	118	282509	0.00590678	0.00391793	0.003	0.017	2394.14	2237.83	28	9422	
0.4	5.4	6	356	14	3	95	343269	95	343269	0.00521053	0.00327107	0.003	0.01	3613.36	2285.64	60	9422	
0.4	5.4	52	358	77	3	130	162958	130	162958	0.00596154	0.00398136	0.003	0.017	1253.52	1333.96	60	9422	
0.4	5.4	10	360	12	3	92	319135	92	319135	0.00840217	0.00295408	0.003	0.01	3468.86	2142.44	60	9422	
0.4	5.4	34	361	20	3	50	25638	50	25638	0.00482	0.00395221	0.003	0.017	512.76	521.767	5	2148	
0.4	5.4	51	362	1	3	28	91831	29	93354	0.0102414	0.00129987	0.01	0.017	3219.1	2381.1	60	9422	
0.4	5.4	20	363	14	3	85	261052	85	261052	0.00802353	0.00316971	0.003	0.01	3071.2	1925.28	60	9422	
0.4	5.4	42	364	15	3	3	180	3	180	0.00766667	0.00404145	0.003	0.01	60	0	60	60	
0.4	5.4	41	365	82	3	69	83154	69	83154	0.00665217	0.0044286	0.003	0.017	1205.13	1123.25	60	7690	
0.4	5.4	52	366	58	3	51	80063	49	76068	0.00471428	0.00336031	0.003	0.017	1552.41	1600.06	5	9422	
0.4	5.4	11	370	9	3	1	60	1	60	0.003	0	0.003	0.003	60	0	60	60	
0.4	5.4	25	371	13	3	18	24976	17	22018	0.00752941	0.00344815	0.003	0.01	1295.18	863.403	60	3550	
0.4	5.4	40	372	7	3	131	521345	131	521345	0.00732824	0.00341364	0.003	0.01	3979.73	2754.42	45	9422	
0.4	5.4	30	373	28	3	97	182521	97	182521	0.0042268	0.00267514	0.003	0.01	1881.66	1821.47	60	9422	
0.4	5.4	13	376	1	3	27	35758	27	35758	0.0087037	0.00477022	0.003	0.017	1324.37	726.746	60	3609	
0.4	5.4	14	377	17	3	78	133328	78	133328	0.00667949	0.00432898	0.003	0.017	1709.33	1562.94	60	9422	
0.4	5.4	2	378	15	3	37	44526	37	44526	0.00697297	0.00388363	0.003	0.017	1203.41	829.7	60	4362	
0.4	5.4	36	380	6	3	59	129837	59	129837	0.00905085	0.00354976	0.003	0.017	2200.63	1937.87	5	9422	
0.4	5.4	55	381	37	3	234	309793	234	309793	0.0065	0.00445796	0.003	0.017	1323.9	1253.05	25	9422	
0.4	5.4	32	382	2	3	92	338054	92	338054	0.003	0	0.003	0.003	3674.5	2296.98	60	9422	
0.4	5.4	54	384	6	3	98	238126	98	238126	0.00764286	0.00332516	0.003	0.01	2429.86	1562.77	60	7099	
0.4	5.4	54	388	8	3	2	120	2	120	0.01	0	0.01	0.01	60	0	60	60	
0.4	5.4	46	390	10	3	33	91840	33	91840	0.00512121	0.00326686	0.003	0.01	2783.03	2390.97	60	9422	
0.4	5.4	51	391	18	3	1	60	1	60	0.003	0	0.003	0.003	60	0	60	60	
0.4	5.4	14	392	14	3	36	49855	36	49855	0.00630555	0.00391933	0.003	0.017	1384.86	1190.75	43	4395	
0.4	5.4	9	394	13	3	70	226847	70	226847	0.0034	0.00163654	0.003	0.01	3240.67	2156.18	45	9422	
0.4	5.4	17	395	7	3	120	240413	120	240413	0.007725	0.00386747	0.003	0.017	2003.44	1835.14	60	9422	
0.4	5.4	55	396	13	3	1	60	1	60	0.01	0	0.01	0.01	60	0	60	60	
0.4	5.4	2	397	33	3	65	94833	64	93649	0.007375	0.00422953	0.003	0.017	1463.27	1547.32	13	9422	
0.4	5.4	53	398	8	3	68	251682	68	251682	0.003	0	0.003	0.003	3701.21	2363.08	45	9422	
0.4	5.4	38	400	19	3	103	291855	103	291855	0.003	0	0.003	0.003	2833.54	1673.94	60	6507	
0.4	5.4	41	401	64	3	212	277283	212	277283	0.00640094	0.00363691	0.003	0.017	1307.94	1146.18	60	8282	
0.4	5.4	38	402	13	3	206	493226	206	493226	0.00731553	0.00399298	0.003	0.017	2394.3	1889.8	60	9422	
0.4	5.4	52	403	46	3	128	154309	128	154309	0.00578906	0.00365792	0.003	0.017	1205.54	872.241	50	5324	
0.4	5.4	30	404	22	3	171	507434	171	507434	0.00545614	0.00335052	0.003	0.01	2967.45	2070.3	39	9422	
0.4	5.4	52	407	43	3	65	100164	65	100164	0.00623077	0.00392814	0.003	0.017	1540.98	928.066	32	4395	
0.4	5.4	56	409	4	3	55	167615	55	167615	0.00707273	0.00348465	0.003	0.01	3047.55	1662.08	60	5916	
0.4	5.4	7	410	10	3	11	17868	11	17868	0.01	0	0.01	0.01	1624.36	977.859	60	3550	
0.4	5.4	52	414	71	3	18	21428	19	22612	0.00594737	0.0035508	0.003	0.01	1190.11	783.15	60	2958	
0.4	5.4	28	415	2	3	118	487529	118	487529	0.003	0	0.003	0.003	4131.6	2616.22	45	9422	
0.4	5.4	38	418	6	3	171	655326	171	655326	0.003	0	0.003	0.003	3832.32	2324.2	60	9422	
0.4	5.4	55	419	32	3	42	40450	42	40450	0.00566667	0.00435983	0.003	0.017	963.095	622.514	60	2585	
0.4	5.4	56	420	8	3	124	416669	124	416669	0.00734677	0.0034098	0.003	0.01	3360.23	2473.25	45	9422	
0.4	5.4	23	422	19	3	99	245128	99	245128	0.00745454	0.00405642	0.003	0.017	2476.04	1903.66	60	9422	
0.4	5.4	26	424	17	3	163	501407	164	501999	0.00803658	0.00333947	0.003	0.017	3060.97	2344.51	45	9422	
0.4	5.4	37	426	28	3	353	349948	354	350540	0.00464124	0.00296984	0.003	0.01	990.226	949.194	12	5951	
0.4	5.4	7	427	1	3	1	60	1	60	0.01	0	0.01	0.01	60	0	60	60	
0.4	5.4	4	431	24	3	135	377640	135	377640	0.00662963	0.00351063	0.003	0.01	2797.33	2136.17	57	9422	
0.4	5.4	30	432	3	3	203	638129	203	638129	0.00444827	0.00284257	0.003	0.01	3143.49	2189.6	10	9422	
0.4	5.4	14	433	9	3	62	143944	63	146144	0.00633333	0.00394723	0.003	0.017	2319.75	1467.79	60	8621	
0.4	5.4	41	437	11	3	3	180	3	180	0.003	0	0.003	0.003	60	0	60	60	
0.4	5.4	53	439	12	3	100	258790	99	254683	0.00879798	0.00316866	0.003	0.017	2572.56	1835.44	45	9422	
0.4	5.4	14	440	24	3	176	601886	176	601886	0.003	0	0.003	0.003	3419.81	2333.36	45	9422	
0.4	5.4	27	441	5	3	50	153950	50	153950	0.00496	0.0031749	0.003	0.01	3079	2322.8	60	9422	
0.4	5.4	4	443	11	3	25	29833	25	29833	0.0072	0.0035	0.003	0.01	1193.32	1063.61	13	4395	
0.4	5.4	46	444	14	3	71	222116	71	222116	0.00546479	0.0033672	0.003	0.01	3128.39	1716.45	60	7099	
0.4	5.4	37	447	54	3	269	209243	269	209243	0.0059145	0.00404224	0.003	0.017	777.855	885.5	30	9422	
0.4	5.4	54	449	7	3	146	416320	146	416320	0.00765068	0.00331682	0.003	0.01	2851.51	2152.8	36	9422	
0.4	5.4	49	451	5	3	76	143960	76	143960	0.00640789	0.00352204	0.003	0.01	1894.21	1339.79	60	5916	
0.4	5.4	42	452	5	3	198	596684	197	595500	0.00726396	0.00356734	0.003	0.017	3022.84	2534.21	28	9422	
0.4	5.4	25	453	6	3	71	191945	71	191945	0.00773239	0.00329917	0.003	0.01	2703.45	2248.89	60	9422	
0.4	5.4	34	454	3	3	158	237670	158	237670	0.00450633	0.00288582	0.003	0.01	1504.24	1091.18	23	7099	
0.4	5.4	6	455	21	3	75	264600	74	258684	0.00772973	0.00329922	0.003	0.01	3495.73	1878.43	36	7099	
0.4	5.4	52	456	49	3	89	174851	89	174851	0.00535955	0.00332773	0.003	0.01	1964.62	1511.98	60	9422	
0.4	5.4	42	457	25	3	166	435859	166	435859	0.00696385	0.00347962	0.003	0.01	2625.66	2017.76	36	9422	
0.4	5.4	45	460	9	3	214	655892	214	655892	0.0052243	0.00326687	0.003	0.01	3064.92	2301.99	45	9422	
0.4	5.4	37	461	20	3	125	194906	125	194906	0.003	0	0.003	0.003	1559.25	1290.31	60	8873	
0.4	5.4	22	462	12	3	108	229736	108	229736	0.00760185	0.00396466	0.003	0.017	2127.19	1971.44	60	9422	
0.4	5.4	9	463	8	3	121	351701	120	348743	0.00743333	0.0033874	0.003	0.01	2906.19	2043.88	57	9422	
0.4	5.4	33	464	7	3	50	132062	50	132062	0.00734	0.0034322	0.003	0.01	2641.24	2207.58	60	9422	
0.4	5.4	22	465	20	3	90	246281	90	246281	0.00704444	0.00347676	0.003	0.01	2736.46	2353.76	45	9422	
0.4	5.4	50	467	14	3	29	82486	29	82486	0.00734483	0.00345663	0.003	0.01	2844.34	2065.3	60	9422	
0.4	5.4	43	468	13	3	98	148705	98	148705	0.00792857	0.00378889	0.003	0.017	1517.4	1615.31	31	9422	
0.4	5.4	26	469	15	3	28	79992	26	73482	0.00703846	0.00352682	0.003	0.01	2826.23	1693.65	60	5916	
0.4	5.4	14	470	23	3	38	48802	38	48802	0.0065	0.00422828	0.003	0.017	1284.26	930.938	50	4395	
0.4	5.4	19	471	23	3	90	162290	90	162290	0.00743333	0.00425599	0.003	0.017	1803.22	1572.72	33	9422	
0.4	5.4	55	473	49	3	92	183734	92	183734	0.00718478	0.00476233	0.003	0.017	1997.11	1978.49	60	9422	
0.4	5.4	51	474	7	3	67	219029	67	219029	0.0039403	0.00240505	0.003	0.01	3269.09	2684.92	60	9422	
0.4	5.4	34	476	45	3	124	195491	124	195491	0.00339516	0.0016221	0.003	0.01	1576.54	1264.18	60	4395	
0.4	5.4	55	477	44	3	214	561888	214	561888	0.00509346	0.00321245	0.003	0.01	2625.64	2109.59	12	9422	
0.4	5.4	37	480	7	3	292	167367	292	167367	0.00503767	0.00363005	0.003	0.017	573.175	556.009	12	3587	
0.4	5.4	15	482	9	3	2	120	2	120	0.003	0	0.003	0.003	60	0	60	60	
0.4	5.4	57	484	8	3	148	517964	148	517964	0.00683108	0.00349614	0.003	0.01	3499.76	2724.2	45	9422	
0.4	5.4	55	485	43	3	136	330941	136	330941	0.00490441	0.00312666	0.003	0.01	2433.39	1871.58	20	9422	
0.4	5.4	24	486	5	3	60	213223	60	213223	0.003	0	0.003	0.003	3553.72	2265.88	60	9422	
0.4	5.4	56	487	11	3	52	107816	52	107816	0.00353846	0.00188348	0.003	0.01	2073.38	1253.83	60	5324	
0.4	5.4	13	488	7	3	63	152783	63	152783	0.00511111	0.00323843	0.003	0.01	2425.13	1787.85	60	9422	
0.4	5.4	17	489	16	3	37	122007	37	122007	0.00508108	0.00324361	0.003	0.01	3297.49	2362.27	57	9422	
0.4	5.4	37	490	12	3	37	28560	37	28560	0.00564865	0.00381675	0.003	0.017	771.892	634.99	60	1775	
0.4	5.4	35	492	19	3	22	73481	22	73481	0.00968182	0.00149241	0.003	0.01	3340.05	3007.05	60	9422	
0.4	5.4	41	494	83	3	1	60	1	60	0.003	0	0.003	0.003	60	0	60	60	
0.4	5.4	39	495	15	3	92	115624	92	115624	0.00528261	0.00329944	0.003	0.01	1256.78	1242.55	60	9422	
0.4	5.4	50	496	4	3	56	167675	56	167675	0.008125	0.00312795	0.003	0.01	2994.2	2373.19	56	9422	
0.4	5.4	37	499	77	3	85	68848	85	68848	0.00505882	0.00320844	0.003	0.01	809.976	661.348	8	4107	
0.4	5.4	21	501	33	3	184	405041	184	405041	0.00710869	0.00368116	0.003	0.017	2201.31	1657.54	36	9422	
0.4	5.4	47	503	11	3	93	238005	93	238005	0.00811828	0.00312023	0.003	0.01	2559.19	1854.8	60	9422	
0.4	5.4	40	504	10	3	111	385290	111	385290	0.00842342	0.0030853	0.003	0.017	3471.08	2257.82	60	9422	
0.4	5.4	8	505	16	3	148	225755	148	225755	0.00791892	0.00443166	0.003	0.017	1525.37	1209.7	60	8873	
0.4	5.4	37	507	57	3	82	96072	82	96072	0.00513415	0.00342382	0.003	0.017	1171.61	1474.75	60	9422	
0.4	5.4	33	508	4	3	49	192398	49	192398	0.00914286	0.0023184	0.003	0.01	3926.49	2321.3	60	9422	
0.4	5.4	7	509	2	3	66	275102	66	275102	0.00734848	0.00342162	0.003	0.01	4168.21	2252.34	592	9422	
0.4	5.4	2	510	3	3	58	120257	58	120257	0.00541379	0.00335624	0.003	0.01	2073.4	1505.49	30	5916	
0.4	5.4	39	512	64	3	139	140435	139	140435	0.00647482	0.00351257	0.003	0.01	1010.32	570.75	26	3550	
0.4	5.4	20	513	20	3	74	294752	74	294752	0.00366216	0.00206256	0.003	0.01	3983.14	2525.18	45	9422	
0.4	5.4	56	514	19	3	105	317429	106	318391	0.00663207	0.0036445	0.003	0.017	3003.69	2237.28	45	9422	
0.4	5.4	52	515	23	3	84	119091	84	119091	0.00508333	0.0032197	0.003	0.01	1417.75	1544.47	60	9422	
0.4	5.4	43	516	3	3	2	120	2	120	0.0065	0.00494975	0.003	0.01	60	0	60	60	
0.4	5.4	30	518	12	3	1	60	1	60	0.01	0	0.01	0.01	60	0	60	60	
0.4	5.4	39	519	3	3	1	60	1	60	0.01	0	0.01	0.01	60	0	60	60	
0.4	5.4	39	520	54	3	5	4851	5	4851	0.0072	0.00383406	0.003	0.01	970.2	646.413	60	1775	
0.4	5.4	32	521	15	3	16	45677	16	45677	0.0086875	0.00282179	0.003	0.01	2854.81	2682.64	60	9422	
0.4	5.4	26	525	7	3	7	14316	7	14316	0.007	0.00374166	0.003	0.01	2045.14	1816.4	60	5324	
0.4	5.4	32	526	14	3	51	105453	51	105453	0.003	0	0.003	0.003	2067.71	1898.99	60	9422	
0.4	5.4	55	528	11	3	1	60	1	60	0.01	0	0.01	0.01	60	0	60	60	
0.4	5.4	5	529	4	3	161	520324	161	520324	0.00843478	0.00322448	0.003	0.017	3231.83	2098	45	9422	
0.4	5.4	7	530	14	3	29	91236	29	91236	0.00855172	0.00288576	0.003	0.01	3146.07	2473.76	60	9422	
0.4	5.4	38	532	4	3	54	103086	55	106636	0.00796364	0.00320857	0.003	0.01	1938.84	1200.78	60	5324	
0.4	5.4	22	533	17	3	52	140464	53	142239	0.00683019	0.00351773	0.003	0.01	2683.75	2294.73	60	9422	
0.4	5.4	36	534	8	3	122	304398	121	303809	0.00797521	0.00343381	0.003	0.017	2510.82	2069.6	36	9422	
0.4	5.4	4	535	4	3	153	642060	153	642060	0.003	0	0.003	0.003	4196.47	2488.55	45	9422	
0.4	5.4	40	536	5	3	53	112550	53	112550	0.00801887	0.00318343	0.003	0.01	2123.58	2199.1	60	9422	
0.4	5.4	37	538	5	3	430	436057	430	436057	0.0054093	0.00371852	0.003	0.017	1014.09	1200.74	47	9422	
0.4	5.4	45	539	14	3	121	319316	121	319316	0.00629752	0.00373418	0.003	0.017	2638.98	2623.8	45	9422	
0.4	5.4	1	541	5	3	116	441027	116	441027	0.00583621	0.00345139	0.003	0.01	3801.96	2371.34	60	9422	
0.4	5.4	52	542	19	3	4	240	4	240	0.0065	0.00404145	0.003	0.01	60	0	60	60	
0.4	5.4	37	544	79	3	247	171500	247	171500	0.00523887	0.00327152	0.003	0.01	694.332	567.554	33	5916	
0.4	5.4	26	546	14	3	77	255247	76	254125	0.00511842	0.00323715	0.003	0.01	3343.75	2731.32	60	9422	
0.4	5.4	51	548	9	3	162	591218	162	591218	0.00550617	0.00354255	0.003	0.017	3649.49	2716.34	23	9422	
0.4	5.4	52	549	32	3	2	120	2	120	0.003	0	0.003	0.003	60	0	60	60	
0.4	5.4	14	550	18	3	118	232840	118	232840	0.00691525	0.0036081	0.003	0.017	1973.22	1630.75	60	9422	
0.4	5.4	52	551	69	3	124	152954	123	152911	0.00618699	0.00413174	0.003	0.017	1243.18	1702.44	52	9422	
0.4	5.4	31	554	4	3	109	227225	109	227225	0.00884404	0.00293817	0.003	0.017	2084.63	1902.32	21	9422	
0.4	5.4	47	555	2	3	118	422688	118	422688	0.003	0	0.003	0.003	3582.1	2370.15	60	9422	
0.4	5.4	41	559	39	3	119	141058	119	141058	0.00664706	0.00435615	0.003	0.024	1185.36	892.921	41	5861	
0.4	5.4	43	560	9	3	234	548138	235	549913	0.00714042	0.00384995	0.003	0.017	2340.06	2109.03	19	9422	
0.4	5.4	21	561	13	3	1	60	1	60	0.01	0	0.01	0.01	60	0	60	60	
0.4	5.4	47	562	5	3	104	343299	104	343299	0.00703846	0.00347508	0.003	0.01	3300.95	2339.38	60	9422	
0.4	5.4	2	564	26	3	221	512613	220	511429	0.00681818	0.00368058	0.003	0.017	2324.68	1919.2	36	9422	
0.4	5.4	57	565	15	3	79	139223	79	139223	0.00734177	0.00466269	0.003	0.024	1762.32	1687.21	36	9422	
0.4	5.4	39	567	53	3	2	120	2	120	0.01	0	0.01	0.01	60	0	60	60	
0.4	5.4	33	568	3	3	41	103080	41	103080	0.00846341	0.00293341	0.003	0.01	2514.15	1495.16	60	5324	
0.4	5.4	17	569	4	3	160	567415	162	573387	0.00706173	0.00346534	0.003	0.01	3539.43	2356.54	45	9422	
0.4	5.4	35	572	7	3	36	80594	36	80594	0.00863889	0.00280971	0.003	0.01	2238.72	1474.45	60	7099	
0.4	5.4	24	573	12	3	159	494895	159	494895	0.00771069	0.00338714	0.003	0.017	3112.55	2299.63	26	9422	
0.4	5.4	45	574	3	3	218	426266	218	426266	0.00852293	0.00398406	0.003	0.024	1955.35	1541.38	47	9422	
0.4	5.4	34	575	34	3	187	198598	185	193863	0.00568649	0.00398899	0.003	0.017	1047.91	928.294	60	4674	
0.4	5.4	30	580	23	3	104	162583	104	162583	0.00596154	0.00386401	0.003	0.017	1563.3	1237.05	57	5861	
0.4	5.4	34	581	11	3	92	111442	92	111442	0.00619565	0.00420423	0.003	0.017	1211.33	958.363	60	4904	
0.4	5.4	37	582	6	3	201	156030	201	156030	0.00529851	0.00358057	0.003	0.017	776.269	579.706	29	4395	
0.4	5.4	1	586	16	3	157	531980	157	531980	0.0074586	0.00337694	0.003	0.01	3388.41	2373.77	45	9422	
0.4	5.4	26	587	18	3	59	171246	58	169471	0.00903448	0.00243487	0.003	0.01	2921.91	1648.77	60	5664	
0.4	5.4	28	588	23	3	1	60	1	60	0.003	0	0.003	0.003	60	0	60	60	
0.4	5.4	21	589	2	3	3	180	3	180	0.00766667	0.00404145	0.003	0.01	60	0	60	60	
0.4	5.4	19	590	28	3	145	265423	145	265423	0.00633103	0.00378787	0.003	0.017	1830.5	1313.9	60	8670	
0.4	5.4	27	591	14	3	68	177044	68	177044	0.00722059	0.00345048	0.003	0.01	2603.59	1551.93	60	5664	
0.4	5.4	39	592	33	3	179	221794	179	221794	0.00687151	0.00400424	0.003	0.017	1239.07	1036.54	60	7099	
0.4	5.4	29	593	9	3	116	445140	116	445140	0.00837069	0.00297096	0.003	0.01	3837.41	2372.3	60	9422	
0.4	5.4	3	595	11	3	34	72912	34	72912	0.00732353	0.00345289	0.003	0.01	2144.47	1744.13	60	8873	
0.4	5.4	2	597	30	3	43	59899	43	59899	0.00576744	0.00346298	0.003	0.01	1393	812.121	60	3179	
0.4	5.4	28	599	3	3	36	71139	36	71139	0.00747222	0.00415064	0.003	0.017	1976.08	1272.27	60	5324	
0.4	5.4	39	600	46	3	96	105525	96	105525	0.00555208	0.00338688	0.003	0.01	1099.22	1055.65	53	9422	
0.4	5.4	44	601	9	3	104	387079	104	387079	0.00347115	0.00176237	0.003	0.01	3721.91	2368.74	45	9422	
0.4	5.4	17	605	5	3	163	559977	163	559977	0.00738037	0.00373705	0.003	0.017	3435.44	2546.58	45	9422	
0.4	5.4	15	607	16	3	32	78226	32	78226	0.003	0	0.003	0.003	2444.56	2450.56	60	9422	
0.4	5.4	53	609	6	3	111	543215	111	543215	0.003	0	0.003	0.003	4893.83	2353.99	60	9422	
0.4	5.4	52	611	40	3	3	180	3	180	0.01	0	0.01	0.01	60	0	60	60	
0.4	5.4	22	612	11	3	70	189652	70	189652	0.0049	0.00313535	0.003	0.01	2709.31	2097.13	60	9422	
0.4	5.4	29	614	5	3	96	333218	96	333218	0.003	0	0.003	0.003	3471.02	2242.96	45	9422	
0.4	5.4	48	615	4	3	2	120	2	120	0.0065	0.00494975	0.003	0.01	60	0	60	60	
0.4	5.4	26	617	19	3	30	48054	30	48054	0.00766667	0.00335624	0.003	0.01	1601.8	1092.16	60	5324	
0.4	5.4	13	618	32	3	51	83104	51	83104	0.0072549	0.00397916	0.003	0.017	1629.49	1809.21	18	9422	
0.4	5.4	39	619	45	3	62	69491	62	69491	0.00469355	0.00302226	0.003	0.01	1120.82	1260.26	60	7690	
0.4	5.4	38	620	5	3	51	136976	51	136976	0.00547059	0.00337848	0.003	0.01	2685.8	2327.69	56	9422	
0.4	5.4	47	621	6	3	91	264027	91	264027	0.00346154	0.00174679	0.003	0.01	2901.4	2134.45	45	9422	
0.4	5.4	21	623	23	3	1	60	1	60	0.003	0	0.003	0.003	60	0	60	60	
0.4	5.4	22	625	18	3	138	450510	137	444594	0.00724087	0.00343324	0.003	0.01	3245.21	2150.76	60	9422	
0.4	5.4	16	627	15	3	22	73485	22	73485	0.003	0	0.003	0.003	3340.23	2667.68	60	9422	
0.4	5.4	12	628	6	3	9	12543	9	12543	0.00611111	0.00368932	0.003	0.01	1393.67	1009.41	60	3550	
0.4	5.4	10	634	3	3	108	518949	108	518949	0.00662963	0.0035139	0.003	0.01	4805.08	2193.7	60	9422	
0.4	5.4	23	636	5	3	127	388410	126	387227	0.00766667	0.003313	0.003	0.01	3073.23	2398.93	45	9422	
0.4	5.4	22	637	3	3	1	60	1	60	0.003	0	0.003	0.003	60	0	60	60	
0.4	5.4	14	638	15	3	137	393761	137	393761	0.00453285	0.0029055	0.003	0.01	2874.17	2036.02	32	9422	
0.4	5.4	41	639	24	3	72	74856	72	74856	0.00581944	0.00418019	0.003	0.017	1039.67	915.354	60	4733	
0.4	5.4	52	640	13	3	2	120	2	120	0.01	0	0.01	0.01	60	0	60	60	
0.4	5.4	24	641	4	3	1	60	1	60	0.003	0	0.003	0.003	60	0	60	60	
0.4	5.4	37	643	46	3	303	288792	303	288792	0.00510231	0.00321412	0.003	0.01	953.109	791.017	8	4395	
0.4	5.4	41	645	68	3	1	60	1	60	0.01	0	0.01	0.01	60	0	60	60	
0.4	5.4	39	646	6	3	3	180	3	180	0.003	0	0.003	0.003	60	0	60	60	
0.4	5.4	50	649	5	3	35	99513	35	99513	0.003	0	0.003	0.003	2843.23	2174.41	60	8873	
0.4	5.4	6	650	3	3	176	453971	176	453971	0.00785227	0.00332279	0.003	0.017	2579.38	1729.91	13	9422	
0.4	5.4	28	654	1	3	86	261058	86	261058	0.00348837	0.00179374	0.003	0.01	3035.56	2099.19	60	9422	
0.4	5.4	2	655	4	3	12	21424	12	21424	0.00416667	0.00272475	0.003	0.01	1785.33	1442.26	60	4395	
0.4	5.4	37	656	43	3	127	116282	127	116282	0.00537008	0.00386643	0.003	0.017	915.606	743.515	13	4395	
0.4	5.4	12	657	7	3	9	16094	9	16094	0.00688889	0.00368932	0.003	0.01	1788.22	1382.24	60	4395	
0.4	5.4	44	659	17	3	96	309693	96	309693	0.00766667	0.00331715	0.003	0.01	3225.97	2334.63	60	9422	
0.4	5.4	44	660	6	3	90	219659	90	219659	0.00813333	0.00375425	0.003	0.017	2440.66	2061.82	60	8079	
0.4	5.4	30	661	11	3	38	73511	38	73511	0.00760526	0.00407722	0.003	0.017	1934.5	1954.4	60	9422	
0.4	5.4	14	662	4	3	64	109613	64	109613	0.00660937	0.00374003	0.003	0.017	1712.7	1476.12	60	8873	
0.4	5.4	9	664	7	3	126	406243	126	406243	0.0055	0.00336749	0.003	0.01	3224.15	2563.83	45	9422	
0.4	5.4	41	665	15	3	2	120	2	120	0.01	0	0.01	0.01	60	0	60	60	
0.4	5.4	56	668	12	3	48	164607	48	164607	0.005625	0.00342472	0.003	0.01	3429.31	3205.12	45	9422	
0.4	5.4	31	671	15	3	19	27937	19	27937	0.00705263	0.0035508	0.003	0.01	1470.37	1081.6	13	4107	
0.4	5.4	34	672	28	3	211	183977	210	183385	0.00506667	0.00374106	0.003	0.017	873.262	838.561	28	6882	
0.4	5.4	55	673	27	3	3	180	3	180	0.00766667	0.0080829	0.003	0.017	60	0	60	60	
0.4	5.4	13	676	21	3	87	162882	87	162882	0.00710345	0.00378195	0.003	0.017	1872.21	1500.38	42	7099	
0.4	5.4	45	677	19	3	107	304973	107	304973	0.00718691	0.00370652	0.003	0.017	2850.21	2267.53	45	9422	
0.4	5.4	34	678	41	3	117	106782	117	106782	0.0062906	0.00455628	0.003	0.017	912.667	830.985	6	4049	
0.4	5.4	38	679	15	3	184	482768	182	481396	0.007	0.00347366	0.003	0.01	2645.03	1901.59	60	8873	
0.4	5.4	17	680	17	3	11	22127	11	22127	0.00936364	0.00211058	0.003	0.01	2011.55	1476.56	60	3926	
0.4	5.4	16	681	12	3	143	438562	143	438562	0.00916783	0.00269058	0.003	0.017	3066.87	1973.01	60	9422	
0.4	5.4	37	684	53	3	206	173184	206	173184	0.00493689	0.00313919	0.003	0.01	840.699	589.369	38	3550	
0.4	5.4	8	685	25	3	16	12554	16	12554	0.0069375	0.00440407	0.003	0.017	784.625	537.112	60	1775	
0.4	5.4	4	686	37	3	13	48037	12	39164	0.00825	0.00316587	0.003	0.01	3263.67	2579.12	60	7099	
0.4	5.4	11	688	3	3	202	819796	200	809737	0.007165	0.00344487	0.003	0.01	4048.68	2439.28	45	9422	
0.4	5.4	21	690	30	3	171	591224	171	591224	0.00385965	0.00230426	0.003	0.01	3457.45	2618.19	45	9422	
0.4	5.4	36	691	11	3	23	20260	23	20260	0.00726087	0.00505621	0.003	0.017	880.87	309.2	60	1492	
0.4	5.4	39	693	10	3	2	120	2	120	0.01	0	0.01	0.01	60	0	60	60	
0.4	5.4	13	694	16	3	155	403706	156	410213	0.00703846	0.00355942	0.003	0.017	2629.57	2125.2	42	9422	
0.4	5.4	34	696	26	3	234	276760	235	279721	0.00544255	0.00334356	0.003	0.01	1190.3	1178.47	43	9422	
0.4	5.4	57	697	9	3	97	249998	97	249998	0.00617526	0.00350301	0.003	0.01	2577.3	2083.22	21	9422	
0.4	5.4	30	698	9	3	124	292473	124	292473	0.00740322	0.00351054	0.003	0.017	2358.65	2068.07	60	9422	
0.4	5.4	57	700	10	3	98	208552	98	208552	0.007	0.00348191	0.003	0.01	2128.08	1366.7	60	5916	
0.4	5.4	16	701	8	3	3	1244	3	1244	0.003	0	0.003	0.003	414.667	307.15	60	592	
0.4	5.4	52	702	38	3	2	120	2	120	0.003	0	0.003	0.003	60	0	60	60	
0.4	5.4	34	704	40	3	244	347016	244	347016	0.00584016	0.003987	0.003	0.017	1422.2	1986.52	14	9422	
0.4	5.4	32	706	19	3	62	159462	61	156504	0.00655738	0.00352857	0.003	0.01	2565.64	2094.82	60	9422	
0.4	5.4	21	707	35	3	207	500912	207	500912	0.00644927	0.00383217	0.003	0.017	2419.86	1761.4	60	7690	
0.4	5.4	17	708	12	3	10	27923	10	27923	0.003	0	0.003	0.003	2792.3	2182.07	60	7099	
0.4	5.4	25	709	2	3	143	487661	142	486477	0.00817606	0.00308347	0.003	0.01	3425.89	2510.34	45	9422	
0.4	5.4	18	715	9	3	99	152195	99	152195	0.00391919	0.00237623	0.003	0.01	1537.32	2090.82	60	9422	
0.4	5.4	21	716	14	3	190	549400	190	549400	0.00565263	0.00340485	0.003	0.01	2891.58	2049.84	57	9422	
0.4	5.4	14	717	21	3	192	428199	192	428199	0.00653646	0.00398803	0.003	0.017	2230.2	1636.71	60	9422	
0.4	5.4	43	718	20	3	19	42137	19	42137	0.00852631	0.00374712	0.003	0.017	2217.74	1470.11	52	4904	
0.4	5.4	52	721	14	3	123	286648	123	286648	0.00465041	0.00298352	0.003	0.01	2330.47	2259.19	43	9422	
0.4	5.4	12	722	11	3	97	318434	97	318434	0.00848454	0.00289796	0.003	0.01	3282.82	2319.02	45	9422	
0.4	5.4	9	723	9	3	133	445636	133	445636	0.00526316	0.00328655	0.003	0.01	3350.65	1984.44	45	9422	
0.4	5.4	24	725	14	3	84	115636	84	115636	0.00858333	0.0030308	0.003	0.017	1376.62	1464.65	13	9422	
0.4	5.4	21	726	39	3	104	282500	104	282500	0.003	0	0.003	0.003	2716.35	1715.31	60	6507	
0.4	5.4	52	727	8	3	204	297972	204	297972	0.00560784	0.00339271	0.003	0.01	1460.65	1367.76	60	9422	
0.4	5.4	53	728	16	3	32	65797	32	65797	0.0086875	0.0027759	0.003	0.01	2056.16	1057.29	60	4141	
0.4	5.4	56	729	14	3	69	210159	69	210159	0.00604348	0.00349552	0.003	0.01	3045.78	1875.98	60	9422	
0.4	5.4	14	732	3	3	96	222724	96	222724	0.00642708	0.00351761	0.003	0.01	2320.04	2301.68	60	9422	
0.4	5.4	4	735	6	3	156	363701	156	363701	0.0065	0.00360018	0.003	0.017	2331.42	1905.08	60	9422	
0.4	5.4	12	736	14	3	149	511549	149	511549	0.00779195	0.0032638	0.003	0.01	3433.21	2604.18	27	9422	
0.4	5.4	13	737	8	3	166	383831	168	393299	0.00675	0.00358431	0.003	0.017	2341.07	2128.41	57	9422	
0.4	5.4	4	738	5	3	18	44495	18	44495	0.00727778	0.00351142	0.003	0.01	2471.94	2705.98	60	9422	
0.4	5.4	55	739	8	3	40	42746	40	42746	0.0072	0.00470243	0.003	0.017	1068.65	569.855	60	1775	
0.4	5.4	41	740	14	3	91	155929	91	155929	0.00561538	0.00340512	0.003	0.01	1713.51	1163.74	23	5861	
0.4	5.4	6	743	20	3	29	83550	29	83550	0.00589655	0.00350861	0.003	0.01	2881.03	2356.53	60	9422	
0.4	5.4	46	744	9	3	15	39756	15	39756	0.00626667	0.00361478	0.003	0.01	2650.4	2324.45	60	7099	
0.4	5.4	49	745	4	3	72	184174	72	184174	0.00309722	0.000824958	0.003	0.01	2557.97	2245.92	60	9422	
0.4	5.4	56	746	16	3	8	14318	8	14318	0.00825	0.00324037	0.003	0.01	1789.75	1161.35	60	3550	
0.4	5.4	46	747	22	3	173	635681	174	638048	0.00782759	0.00324779	0.003	0.01	3666.94	2574.28	45	9422	
0.4	5.4	16	748	7	3	76	262235	76	262235	0.00364474	0.00203767	0.003	0.01	3450.46	3125.18	45	9422	
0.4	5.4	52	749	78	3	2	120	2	120	0.0065	0.00494975	0.003	0.01	60	0	60	60	
0.4	5.4	42	750	14	3	2	120	2	120	0.003	0	0.003	0.003	60	0	60	60	
0.4	5.4	24	752	13	3	36	107213	36	107213	0.0065	0.00354965	0.003	0.01	2978.14	2143.29	45	9422	
0.4	5.4	35	756	14	3	127	520175	127	520175	0.00867716	0.00275128	0.003	0.01	4095.87	2776.7	45	9422	
0.4	5.4	48	757	15	3	1	60	1	60	0.003	0	0.003	0.003	60	0	60	60	
0.4	5.4	8	760	12	3	22	66980	22	66980	0.003	0	0.003	0.003	3044.55	1899.99	60	7099	
0.4	5.4	14	761	1	3	51	99542	51	99542	0.0072549	0.00345163	0.003	0.01	1951.8	2097.32	36	9422	
0.4	5.4	11	764	11	3	123	457581	123	457581	0.00305691	0.000631169	0.003	0.01	3720.17	2187.3	60	9422	
0.4	5.4	38	767	8	3	7	8994	7	8994	0.006	0.00374166	0.003	0.01	1284.86	1067.13	60	3182	
0.4	5.4	30	769	24	3	207	664169	207	664169	0.003	0	0.003	0.003	3208.55	2239.97	45	9422	
0.4	5.4	13	770	3	3	216	472489	215	468094	0.00713488	0.00358025	0.003	0.017	2177.18	1532.94	60	8873	
0.4	5.4	21	774	15	3	79	191251	80	193618	0.00685	0.00350443	0.003	0.01	2420.22	1522.31	60	6507	
0.4	5.4	2	775	16	3	125	363552	124	360002	0.003	0	0.003	0.003	2903.24	2346.51	45	9422	
0.4	5.4	20	776	13	3	13	39165	13	39165	0.00676923	0.00363212	0.003	0.01	3012.69	2640.14	60	8282	
0.4	5.4	42	777	6	3	2	120	2	120	0.0065	0.00494975	0.003	0.01	60	0	60	60	
0.4	5.4	53	778	11	3	68	193006	68	193006	0.0087647	0.00294789	0.003	0.017	2838.32	2008.51	60	9422	
0.4	5.4	47	780	1	3	146	393149	145	389008	0.0070069	0.0034751	0.003	0.01	2682.81	2058.74	36	9422	
0.4	5.4	36	781	13	3	85	262933	85	262933	0.0086	0.00301662	0.003	0.017	3093.33	2498.18	60	9422	
0.4	5.4	46	783	20	3	76	281145	76	281145	0.00447368	0.00287274	0.003	0.01	3699.28	2251.26	60	9422	
0.4	5.4	8	784	8	3	1	60	1	60	0.003	0	0.003	0.003	60	0	60	60	
0.4	5.4	39	785	37	3	163	164787	163	164787	0.00592024	0.00363281	0.003	0.017	1010.96	997.527	60	9422	
0.4	5.4	42	786	23	3	105	207845	105	207845	0.00746667	0.0038979	0.003	0.017	1979.48	1411.06	60	6086	
0.4	5.4	32	787	10	3	54	248016	54	248016	0.003	0	0.003	0.003	4592.89	3311.88	45	9422	
0.4	5.4	10	788	4	3	128	630419	128	630419	0.00409375	0.00255163	0.003	0.01	4925.15	3097.76	45	9422	
0.4	5.4	47	789	13	3	74	212058	74	212058	0.00631081	0.00351874	0.003	0.01	2865.65	2186.22	60	9422	
0.4	5.4	46	790	2	3	20	34441	19	33849	0.00742105	0.00346916	0.003	0.01	1781.53	1535.89	60	5324	
0.4	5.4	16	792	2	3	131	397454	131	397454	0.00759542	0.00333692	0.003	0.01	3034	2295.7	60	9422	
0.4	5.4	49	793	13	3	217	445229	217	445229	0.00703226	0.00423323	0.003	0.017	2051.75	1756.03	60	9422	
0.4	5.4	37	795	10	3	79	76543	78	73693	0.0050641	0.00321256	0.003	0.01	944.782	675.005	31	2769	
0.4	5.4	18	796	6	3	72	171720	72	171720	0.00844444	0.00315732	0.003	0.017	2385	1461.28	60	5324	
0.4	5.4	19	800	18	3	76	217286	76	217286	0.003	0	0.003	0.003	2859.03	1840.66	60	9422	
0.4	5.4	27	801	17	3	46	145073	46	145073	0.00376087	0.00220287	0.003	0.01	3153.76	2670.69	45	9422	
0.4	5.4	47	804	3	3	50	97824	49	97764	0.00671428	0.00352964	0.003	0.01	1995.18	1605.03	60	5324	
0.4	5.4	50	805	19	3	77	252750	77	252750	0.007	0.00348682	0.003	0.01	3282.47	2017.82	60	9422	
0.4	5.4	36	806	15	3	103	433200	103	433200	0.00626213	0.00350898	0.003	0.01	4205.83	2780.22	36	9422	
0.4	5.4	45	807	18	3	23	35044	23	35044	0.00695652	0.00354809	0.003	0.01	1523.65	1238	60	4395	
0.4	5.4	57	808	11	3	72	168178	74	176458	0.00687838	0.00350324	0.003	0.01	2384.57	1926.46	60	9422	
0.4	5.4	54	810	3	3	1	60	1	60	0.01	0	0.01	0.01	60	0	60	60	
0.4	5.4	17	812	3	3	2	120	2	120	0.01	0	0.01	0.01	60	0	60	60	
0.4	5.4	49	813	7	3	81	174446	81	174446	0.00619753	0.00350863	0.003	0.01	2153.65	2041.45	60	9422	
0.4	5.4	23	814	9	3	87	313096	87	313096	0.00831034	0.0030128	0.003	0.01	3598.8	2312.52	60	9422	
0.4	5.4	56	815	1	3	94	369294	94	369294	0.0032234	0.00123701	0.003	0.01	3928.66	2266.86	60	9422	
0.4	5.4	50	818	6	3	55	154303	55	154303	0.00783636	0.00326465	0.003	0.01	2805.51	2425.64	60	9422	
0.4	5.4	41	819	84	3	46	65841	46	65841	0.00573913	0.00429695	0.003	0.017	1431.33	1512.73	60	8282	
0.4	5.4	21	821	40	3	69	104846	68	100739	0.00804412	0.0041625	0.003	0.017	1481.46	1342.33	60	9422	
0.4	5.4	24	822	10	3	85	318423	85	318423	0.00695294	0.00349117	0.003	0.01	3746.15	2394.72	45	9422	
0.4	5.4	38	823	2	3	104	208800	102	206226	0.003	0	0.003	0.003	2021.82	2061.51	60	9422	
0.4	5.4	57	825	18	3	5	5442	5	5442	0.0044	0.0031305	0.003	0.01	1088.4	742.216	60	1775	
0.4	5.4	6	826	17	3	30	119036	30	119036	0.00673333	0.00355191	0.003	0.01	3967.87	3027.57	45	9422	
0.4	5.4	44	827	19	3	141	511906	142	514864	0.0053169	0.00330564	0.003	0.01	3625.8	2494.23	36	9422	
0.4	5.4	4	828	16	3	147	364166	147	364166	0.00604762	0.00348251	0.003	0.01	2477.32	1694.05	60	9422	
0.4	5.4	37	829	16	3	406	446310	406	446310	0.0042931	0.0027199	0.003	0.01	1099.29	845.532	26	5324	
0.4	5.4	56	831	7	3	105	330398	105	330398	0.00713333	0.00345873	0.003	0.01	3146.65	2829.54	45	9422	
0.4	5.4	30	832	5	3	103	230321	104	230913	0.00602885	0.00348494	0.003	0.01	2220.32	1921.55	45	9422	
0.4	5.4	8	834	2	3	49	119650	49	119650	0.00357143	0.00193649	0.003	0.01	2441.84	1918.11	60	7099	
0.4	5.4	35	836	1	3	60	216076	60	216076	0.00673333	0.00352168	0.003	0.01	3601.27	2461.78	60	9422	
0.4	5.4	46	838	19	3	34	91243	33	90651	0.00809091	0.00316587	0.003	0.01	2747	2479.22	60	9422	
0.4	5.4	8	839	9	3	2	120	2	120	0.0065	0.00494975	0.003	0.01	60	0	60	60	
0.4	5.4	55	840	22	3	11	16093	11	16093	0.00618182	0.00365563	0.003	0.01	1463	915.928	60	3550	
0.4	5.4	46	842	8	3	42	108400	42	108400	0.00433333	0.00278206	0.003	0.01	2580.95	2400.84	60	9422	
0.4	5.4	37	843	60	3	195	353676	195	353676	0.003	0	0.003	0.003	1813.72	1561.9	60	9422	
0.4	5.4	19	845	10	3	174	341001	174	341001	0.00822988	0.00356509	0.003	0.017	1959.78	1477.87	60	9422	
0.4	5.4	39	846	44	3	223	242368	223	242368	0.00629596	0.00408384	0.003	0.017	1086.85	1047.31	13	6507	
0.4	5.4	6	849	16	3	165	678391	165	678391	0.00745454	0.00337757	0.003	0.01	4111.46	2713.64	45	9422	
0.4	5.4	34	851	7	3	2	120	2	120	0.003	0	0.003	0.003	60	0	60	60	
0.4	5.4	9	853	15	3	181	729025	180	723701	0.003	0	0.003	0.003	4020.56	2828.3	45	9422	
0.4	5.4	39	855	14	3	1	60	1	60	0.017	0	0.017	0.017	60	0	60	60	
0.4	5.4	15	856	2	3	48	72909	48	72909	0.00620833	0.00352474	0.003	0.01	1518.94	1928.79	60	9422	
0.4	5.4	44	859	2	3	105	317932	105	317932	0.00733333	0.00341565	0.003	0.01	3027.92	2360.45	36	9422	
0.4	5.4	39	860	9	3	227	388441	227	388441	0.00438766	0.00279687	0.003	0.01	1711.19	1271.74	57	8873	
0.4	5.4	28	862	13	3	205	664727	205	664727	0.00730244	0.00341511	0.003	0.01	3242.57	2233.14	28	9422	
0.4	5.4	25	864	8	3	134	463390	134	463390	0.0048806	0.00311447	0.003	0.01	3458.13	2119.8	60	9422	
0.4	5.4	36	866	18	3	1	60	1	60	0.01	0	0.01	0.01	60	0	60	60	
0.4	5.4	41	867	76	3	97	222294	97	222294	0.00502062	0.00318845	0.003	0.01	2291.69	1711.47	60	8873	
0.4	5.4	21	868	36	3	77	97791	77	97791	0.00827273	0.00442075	0.003	0.017	1270.01	736.793	60	4395	
0.4	5.4	53	869	1	3	8	8994	8	8994	0.003	0	0.003	0.003	1124.25	563.24	60	1775	
0.4	5.4	38	870	11	3	24	34860	23	34559	0.00786956	0.00391157	0.003	0.017	1502.57	1126.14	60	3822	
0.4	5.4	3	871	7	3	114	377013	114	377013	0.00545614	0.00335546	0.003	0.01	3307.13	2412.93	45	9422	
0.4	5.4	39	873	35	3	294	531212	294	531212	0.00569048	0.00360168	0.003	0.017	1806.84	1510.83	15	9422	
0.4	5.4	41	875	8	3	1	60	1	60	0.003	0	0.003	0.003	60	0	60	60	
0.4	5.4	2	878	7	3	3	180	3	180	0.00533333	0.00404145	0.003	0.01	60	0	60	60	
0.4	5.4	56	879	20	3	7	5447	7	5447	0.005	0.00341565	0.003	0.01	778.143	516.723	60	1527	
0.4	5.4	39	880	2	3	4	240	4	240	0.00825	0.00670199	0.003	0.017	60	0	60	60	
0.4	5.4	52	881	15	3	109	363555	109	363555	0.003	0	0.003	0.003	3335.37	2525.45	55	9422	
0.4	5.4	7	882	12	3	112	441484	112	441484	0.003875	0.00232544	0.003	0.01	3941.82	2555.74	45	9422	
0.4	5.4	50	883	2	3	28	83542	28	83542	0.003	0	0.003	0.003	2983.64	2561.53	60	9422	
0.4	5.4	8	884	21	3	15	29117	14	27112	0.007	0.00359487	0.003	0.01	1936.57	1299.97	60	4511	
0.4	5.4	37	885	76	3	167	166606	167	166606	0.00488623	0.0031151	0.003	0.01	997.641	643.656	8	2961	
0.4	5.4	45	886	5	3	242	599728	243	603278	0.00654321	0.00394188	0.003	0.017	2482.63	2178.41	45	9422	
0.4	5.4	18	888	7	3	29	83543	29	83543	0.0087931	0.00269098	0.003	0.01	2880.79	2496.81	60	9422	
0.4	5.4	13	889	24	3	49	75897	49	75897	0.00642857	0.00454606	0.003	0.017	1548.92	1242.2	60	4395	
0.4	5.4	13	890	4	3	2	120	2	120	0.0135	0.00494975	0.01	0.017	60	0	60	60	
0.4	5.4	39	891	49	3	3	180	3	180	0.00533333	0.00404145	0.003	0.01	60	0	60	60	
0.4	5.4	45	893	8	3	1	60	1	60	0.01	0	0.01	0.01	60	0	60	60	
0.4	5.4	14	894	16	3	38	53925	38	53925	0.00797368	0.00512275	0.003	0.017	1419.08	1306.12	13	5324	
0.4	5.4	47	895	16	3	92	214350	92	214350	0.00756522	0.00335223	0.003	0.01	2329.89	1731.7	36	9422	
0.4	5.4	31	899	14	3	67	215607	67	215607	0.00529851	0.00331212	0.003	0.01	3218.01	2504.47	45	9422	
0.4	5.4	23	900	15	3	82	250986	82	250986	0.003	0	0.003	0.003	3060.8	2202.1	60	9422	
0.4	5.4	14	901	13	3	185	553035	185	553035	0.00576216	0.00358252	0.003	0.017	2989.38	2458.46	45	9422	
0.4	5.4	24	902	3	3	150	541122	150	541122	0.00673333	0.00350391	0.003	0.01	3607.48	2906.86	45	9422	
0.4	5.4	19	903	25	3	45	133253	45	133253	0.003	0	0.003	0.003	2961.18	2277.54	60	9422	
0.4	5.4	37	904	50	3	213	228775	213	228775	0.00487324	0.00310628	0.003	0.01	1074.06	1035.9	11	8526	
0.4	5.4	50	905	16	3	2	1184	2	1184	0.01	0	0.01	0.01	592	0	592	592	
0.4	5.4	43	906	12	3	1	60	1	60	0.01	0	0.01	0.01	60	0	60	60	
0.4	5.4	27	907	15	3	122	530941	122	530941	0.0072459	0.00354967	0.003	0.017	4351.98	3284.93	45	9422	
0.4	5.4	37	909	44	3	1	60	1	60	0.01	0	0.01	0.01	60	0	60	60	
0.4	5.4	4	912	28	3	167	464749	167	464749	0.00597605	0.00347097	0.003	0.01	2782.93	1948.63	60	9422	
0.4	5.4	37	913	1	3	137	229810	137	229810	0.00535036	0.00331794	0.003	0.01	1677.45	1467.11	60	8873	
0.4	5.4	21	914	5	3	103	262863	103	262863	0.00680582	0.00350366	0.003	0.01	2552.07	1925.25	60	9422	
0.4	5.4	46	915	16	3	107	380667	106	376000	0.00676415	0.0035066	0.003	0.01	3547.17	2466.73	36	9422	
0.4	5.4	6	916	6	3	134	404829	134	404829	0.0074403	0.00338398	0.003	0.01	3021.11	2570.07	45	9422	
0.4	5.4	5	917	25	3	167	476599	168	477247	0.00725	0.00359599	0.003	0.017	2840.76	2039.09	45	9422	
0.4	5.4	21	918	32	3	76	259284	76	259284	0.00511842	0.00323715	0.003	0.01	3411.63	2823.67	45	9422	
0.4	5.4	21	921	37	3	69	75316	68	74132	0.00794118	0.00402189	0.003	0.017	1090.18	682.313	5	4141	
0.4	5.4	51	922	15	3	135	484767	135	484767	0.003	0	0.003	0.003	3590.87	2177.33	60	9422	
0.4	5.4	53	923	10	3	58	123806	58	123806	0.00794827	0.00321413	0.003	0.01	2134.59	1759.9	60	9422	
0.4	5.4	34	924	2	3	207	391014	207	391014	0.00421739	0.00265967	0.003	0.01	1888.96	1338.44	60	7099	
0.4	5.4	37	926	80	3	179	128174	179	128174	0.00452514	0.00289773	0.003	0.01	716.056	589.523	12	3550	
0.4	5.4	11	927	2	3	89	312512	89	312512	0.00646067	0.00351961	0.003	0.01	3511.37	1972.24	60	9422	
0.4	5.4	4	933	7	3	91	313720	91	313720	0.003	0	0.003	0.003	3447.47	2661.88	45	9422	
0.4	5.4	52	936	39	3	2	708	2	708	0.0065	0.00494975	0.003	0.01	354	415.779	60	648	
0.4	5.4	30	940	2	3	95	149294	95	149294	0.00823158	0.00420601	0.003	0.017	1571.52	1559.49	60	9422	
0.4	5.4	37	941	21	3	3	180	3	180	0.00533333	0.00404145	0.003	0.01	60	0	60	60	
0.4	5.4	13	942	28	3	89	222726	89	222726	0.00606741	0.00349284	0.003	0.01	2502.54	2150.18	45	9422	
0.4	5.4	34	945	16	3	378	540559	378	540559	0.00451852	0.00288891	0.003	0.01	1430.05	1219.9	48	8282	
0.4	5.4	19	947	21	3	90	217434	90	217434	0.00455555	0.00292648	0.003	0.01	2415.93	1718.04	60	7099	
0.4	5.4	7	948	8	3	2	120	2	120	0.0065	0.00494975	0.003	0.01	60	0	60	60	
0.4	5.4	19	949	2	3	188	502718	188	502718	0.00582979	0.0034444	0.003	0.01	2674.03	2099.51	60	9422	
0.4	5.4	30	950	10	3	1	60	1	60	0.003	0	0.003	0.003	60	0	60	60	
0.4	5.4	34	952	39	3	141	103875	141	103875	0.00508511	0.0037177	0.003	0.017	736.702	551.881	5	3822	
0.4	5.4	8	955	22	3	165	176791	165	176791	0.00732727	0.00412483	0.003	0.017	1071.46	855.713	60	5916	
0.4	5.4	21	958	28	3	21	33258	21	33258	0.004	0.00250998	0.003	0.01	1583.71	1100.38	60	4141	
0.4	5.4	20	959	18	3	88	315477	88	315477	0.0065	0.00352006	0.003	0.01	3584.97	2902.09	45	9422	
0.4	5.4	34	960	32	3	265	250995	265	250995	0.00548302	0.00377199	0.003	0.017	947.151	993.272	3	7684	
0.4	5.4	31	961	6	3	151	436928	151	436928	0.00823841	0.0038948	0.003	0.017	2893.56	2686.15	45	9422	
0.4	5.4	34	963	24	3	154	223585	154	223585	0.00518182	0.00325286	0.003	0.01	1451.85	1762.86	8	9422	
0.4	5.4	15	964	3	3	159	550492	159	550492	0.00471698	0.0030213	0.003	0.01	3462.21	2150.69	36	9422	
0.4	5.4	5	966	16	3	80	159311	80	159311	0.00685	0.00350443	0.003	0.01	1991.39	1824.09	60	9422	
0.4	5.4	49	968	27	3	30	61065	30	61065	0.0051	0.00326264	0.003	0.01	2035.5	1394.2	60	4733	
0.4	5.4	36	969	14	3	1	60	1	60	0.01	0	0.01	0.01	60	0	60	60	
0.4	5.4	29	970	13	3	55	162230	55	162230	0.003	0	0.003	0.003	2949.64	1973.47	60	9422	
0.4	5.4	56	971	10	3	11	21421	11	21421	0.00681818	0.00365563	0.003	0.01	1947.36	1736.2	60	5324	
0.4	5.4	17	972	8	3	95	178853	95	178853	0.00778947	0.00342672	0.003	0.017	1882.66	1377.45	60	6507	
0.4	5.4	13	973	14	3	114	225595	114	225595	0.00576316	0.00343666	0.003	0.01	1978.9	1691.93	60	9422	
0.4	5.4	39	974	28	3	108	167755	108	167755	0.00507407	0.00321126	0.003	0.01	1553.29	1106.02	4	6728	
0.4	5.4	11	975	13	3	123	576356	123	576356	0.00345528	0.00173324	0.003	0.01	4685.82	2703.94	45	9422	
0.4	5.4	26	978	8	3	22	63430	22	63430	0.00459091	0.00300252	0.003	0.01	2883.18	2676.02	45	9422	
0.4	5.4	34	980	21	3	206	525129	205	524537	0.00453658	0.00290451	0.003	0.01	2558.72	2240.51	45	9422	
0.4	5.4	39	981	36	3	150	215065	150	215065	0.00589333	0.00373294	0.003	0.017	1433.77	1124.95	45	9422	
0.4	5.4	24	982	6	3	40	116206	40	116206	0.0086	0.00283567	0.003	0.01	2905.15	2709.01	36	9422	
0.4	5.4	21	983	16	3	24	55147	24	55147	0.0065	0.00357528	0.003	0.01	2297.79	1736.3	60	7099	
0.4	5.4	16	984	14	3	92	171278	91	168911	0.00738461	0.00425772	0.003	0.017	1856.16	1782.51	26	9422	
0.4	5.4	15	985	21	3	119	341061	119	341061	0.00629412	0.00350871	0.003	0.01	2866.06	2168.61	60	9422	
0.4	5.4	4	986	13	3	94	300337	94	300337	0.00627659	0.00351159	0.003	0.01	3195.07	2621.65	45	9422	
0.4	5.4	2	987	8	3	116	251628	116	251628	0.00788793	0.00360138	0.003	0.017	2169.21	2254.32	60	9422	
0.4	5.4	15	989	18	3	92	231742	92	231742	0.00756522	0.00350919	0.003	0.017	2518.93	2528.13	45	9422	
0.4	5.4	8	991	19	3	82	122058	81	121236	0.00714815	0.00453352	0.003	0.017	1496.74	1339.07	60	9422	
0.4	5.4	8	992	18	3	39	54584	39	54584	0.00569231	0.00345005	0.003	0.01	1399.59	999.813	60	3550	
0.4	5.4	41	993	1	3	2	120	2	120	0.0135	0.00494975	0.01	0.017	60	0	60	60	
0.4	5.4	28	994	20	3	4	240	4	240	0.00475	0.0035	0.003	0.01	60	0	60	60	
0.4	5.4	48	995	10	3	71	204840	71	204840	0.00901408	0.00245236	0.003	0.01	2885.07	1926.32	60	7099	
0.4	5.4	16	996	1	3	154	403857	155	405097	0.00643226	0.00351069	0.003	0.01	2613.53	2389.43	45	9422	
0.4	5.4	47	997	12	3	104	297893	103	294343	0.0078932	0.00351164	0.003	0.017	2857.7	2594.07	36	9422	
0.4	5.4	39	999	5	3	141	213232	141	213232	0.0056312	0.00340254	0.003	0.01	1512.28	1137.61	60	5496	
0.4	5.4	49	1000	15	3	280	641253	281	642437	0.00646263	0.00401775	0.003	0.017	2286.25	1839.36	36	9422	
0.4	5.4	18	1001	4	3	22	63427	22	63427	0.00840909	0.00300252	0.003	0.01	2883.05	2065.44	60	7099	
0.4	5.4	55	1002	14	3	1	60	1	60	0.01	0	0.01	0.01	60	0	60	60	
0.4	5.4	25	1004	10	3	4	240	4	240	0.01	0	0.01	0.01	60	0	60	60	
0.4	5.4	19	1005	27	3	195	444162	195	444162	0.00730769	0.00383254	0.003	0.017	2277.75	1788.37	21	9422	
0.4	5.4	49	1006	19	3	274	586201	275	588568	0.00669091	0.00369984	0.003	0.017	2140.25	1642.77	60	9422	
0.4	5.4	31	1007	5	3	141	399774	141	399774	0.00821276	0.00368551	0.003	0.017	2835.28	2481.43	60	9422	
0.4	5.4	37	1008	27	3	77	38093	77	38093	0.00572727	0.00343602	0.003	0.01	494.714	348.26	3	1775	
0.4	5.4	4	1013	2	3	48	102503	48	102503	0.00577083	0.0037487	0.003	0.017	2135.48	1711.2	60	6882	
0.4	5.4	41	1014	12	3	189	394957	189	394957	0.00496296	0.00315279	0.003	0.01	2089.72	1608.28	49	9422	
0.4	5.4	18	1015	1	3	160	668083	159	659210	0.00740251	0.00339232	0.003	0.01	4145.97	2769.61	45	9422	
0.4	5.4	44	1018	13	3	31	81183	31	81183	0.00819355	0.00311362	0.003	0.01	2618.81	2169.42	60	9422	
0.4	5.4	39	1022	67	3	21	33973	21	33973	0.00366667	0.00210555	0.003	0.01	1617.76	1211.38	60	4395	
0.4	5.4	53	1023	13	3	4	3667	4	3667	0.0065	0.00404145	0.003	0.01	916.75	733.545	60	1775	
0.4	5.4	32	1024	4	3	111	445725	111	445725	0.00678378	0.0035043	0.003	0.01	4015.54	2671.02	45	9422	
0.4	5.4	33	1025	1	3	143	589518	143	589518	0.00809091	0.00323691	0.003	0.017	4122.5	2635.19	45	9422	
0.4	5.4	54	1026	13	3	178	561764	177	559397	0.00719209	0.00352061	0.003	0.017	3160.44	2524.53	45	9422	
0.4	5.4	55	1028	47	3	108	228691	108	228691	0.00721296	0.00344259	0.003	0.01	2117.51	1774.55	60	9422	
0.4	5.4	46	1029	13	3	135	612562	135	612562	0.00512592	0.00323098	0.003	0.01	4537.5	2778.41	45	9422	
0.4	5.4	25	1030	3	3	96	267695	96	267695	0.00795833	0.00319841	0.003	0.01	2788.49	2525.46	60	9422	
0.4	5.4	57	1032	19	3	78	219163	78	219163	0.00667949	0.00351802	0.003	0.01	2809.78	2368.34	45	9422	
0.4	5.4	34	1033	53	3	84	84884	82	84434	0.00709756	0.0049131	0.003	0.017	1029.68	894.479	38	4395	
0.4	5.4	28	1035	9	3	152	453613	152	453613	0.00751316	0.00372745	0.003	0.017	2984.3	2444.95	45	9422	
0.4	5.4	39	1036	52	3	116	123305	116	123305	0.00559483	0.0040796	0.003	0.017	1062.97	983.248	36	7289	
0.4	5.4	34	1037	4	3	89	115621	89	115621	0.00724719	0.00374858	0.003	0.017	1299.11	857.569	60	4395	
0.4	5.4	41	1038	13	3	100	197262	100	197262	0.00706	0.00374657	0.003	0.017	1972.62	1596.17	60	9422	
0.4	5.4	23	1039	17	3	150	523156	150	523156	0.00696667	0.00366448	0.003	0.017	3487.71	2204.46	60	9422	
0.4	5.4	36	1044	10	3	1	60	1	60	0.01	0	0.01	0.01	60	0	60	60	
0.4	5.4	52	1046	7	3	66	65883	66	65883	0.00522727	0.00428161	0.003	0.017	998.227	992.683	39	4395	
0.4	5.4	8	1047	20	3	221	577877	222	579061	0.00725676	0.00385152	0.003	0.017	2608.38	2510.51	60	9422	
0.4	5.4	19	1048	9	3	4	240	4	240	0.00475	0.0035	0.003	0.01	60	0	60	60	
0.4	5.4	11	1049	8	3	31	81176	32	85317	0.00846875	0.00294009	0.003	0.01	2666.16	1360.61	60	4733	
0.4	5.4	41	1050	31	3	91	86618	91	86618	0.00646154	0.00459301	0.003	0.017	951.846	812.638	13	4140	
0.4	5.4	43	1052	18	3	141	246533	141	246533	0.00642553	0.00360997	0.003	0.017	1748.46	1584.52	6	9422	
0.4	5.4	46	1053	15	3	22	73480	22	73480	0.003	0	0.003	0.003	3340	2671.4	60	9422	
0.4	5.4	34	1054	30	3	42	54001	42	54001	0.003	0	0.003	0.003	1285.74	757.973	4	3550	
0.4	5.4	42	1055	10	3	159	300628	157	298413	0.00759236	0.00342868	0.003	0.017	1900.72	1331.35	28	8873	
0.4	5.4	38	1056	20	3	204	416230	204	416230	0.00680882	0.00412821	0.003	0.024	2040.34	1645.26	60	9422	
0.4	5.4	55	1057	46	3	5	300	5	300	0.0072	0.00383406	0.003	0.01	60	0	60	60	
0.4	5.4	15	1058	17	3	86	228523	86	228523	0.00886046	0.00259938	0.003	0.01	2657.24	2353.23	60	9422	
0.4	5.4	41	1059	20	3	150	251899	150	251899	0.00710667	0.00382002	0.003	0.017	1679.33	1475.38	30	8282	
0.4	5.4	15	1062	8	3	132	422712	132	422712	0.00915151	0.00259913	0.003	0.017	3202.36	2763.23	45	9422	
0.4	5.4	49	1063	1	3	211	558523	211	558523	0.00684834	0.00355712	0.003	0.017	2647.03	2483.57	36	9422	
0.4	5.4	36	1064	9	3	109	291262	109	291262	0.00794495	0.00347434	0.003	0.017	2672.13	2560.91	45	9422	
0.4	5.4	22	1065	6	3	4	3667	4	3667	0.003	0	0.003	0.003	916.75	733.545	60	1775	
0.4	5.4	33	1066	9	3	125	423747	125	423747	0.006752	0.00350496	0.003	0.01	3389.98	1996.6	60	9422	
0.4	5.4	37	1067	55	3	102	217322	102	217322	0.00478431	0.00306571	0.003	0.01	2130.61	1834.92	42	9422	
0.4	5.4	6	1068	23	3	29	100100	29	100100	0.00589655	0.00350861	0.003	0.01	3451.72	1431.82	60	5324	
0.4	5.4	24	1069	9	3	100	414973	100	414973	0.00853	0.00286552	0.003	0.01	4149.73	2934.81	45	9422	
0.4	5.4	43	1070	6	3	93	144658	93	144658	0.00819355	0.00398437	0.003	0.017	1555.46	1452.2	41	9422	
0.4	5.4	52	1071	82	3	127	346903	127	346903	0.00476378	0.00305104	0.003	0.01	2731.52	2087.21	60	9422	
0.4	5.4	43	1072	15	3	38	107806	38	107806	0.003	0	0.003	0.003	2837	2475.45	60	9422	
0.4	5.4	39	1073	65	3	4	240	4	240	0.0065	0.00404145	0.003	0.01	60	0	60	60	
0.4	5.4	34	1074	37	3	104	168217	104	168217	0.00528846	0.00329952	0.003	0.01	1617.47	1894.38	59	9422	
0.4	5.4	43	1075	23	3	128	430865	128	430865	0.003	0	0.003	0.003	3366.13	2215.5	45	9422	
0.4	5.4	15	1076	12	3	20	36216	20	36216	0.003	0	0.003	0.003	1810.8	1003.67	60	3550	
0.4	5.4	19	1077	8	3	68	195377	68	195377	0.003	0	0.003	0.003	2873.19	2076.97	60	8873	
0.4	5.4	1	1078	4	3	17	52183	17	52183	0.00423529	0.00275067	0.003	0.01	3069.59	2994.81	45	9422	
0.4	5.4	28	1080	4	3	73	163451	73	163451	0.00472603	0.003038	0.003	0.01	2239.05	1896.36	58	8873	
0.4	5.4	57	1081	2	3	164	309085	165	313226	0.00783636	0.0043467	0.003	0.024	1898.34	1311.16	17	5324	
0.4	5.4	5	1082	19	3	2	708	2	708	0.01	0	0.01	0.01	354	415.779	60	648	
0.4	5.4	47	1083	18	3	1	60	1	60	0.01	0	0.01	0.01	60	0	60	60	
0.4	5.4	13	1086	27	3	15	43313	15	43313	0.00393333	0.00246306	0.003	0.01	2887.53	2981.48	60	9422	
0.4	5.4	27	1087	1	3	32	84133	32	84133	0.003	0	0.003	0.003	2629.16	1231.41	60	5324	
0.4	5.4	18	1088	10	3	194	661008	193	655684	0.00778756	0.00326303	0.003	0.01	3397.33	2554.4	45	9422	
0.4	5.4	52	1089	34	3	63	78508	61	76486	0.00598361	0.00413317	0.003	0.017	1253.87	1000.25	53	4733	
0.4	5.4	52	1090	5	3	1	60	1	60	0.01	0	0.01	0.01	60	0	60	60	
0.4	5.4	41	1091	40	3	134	227450	133	226858	0.00510526	0.00322223	0.003	0.01	1705.7	924.156	60	4736	
0.4	5.4	34	1092	23	3	107	313742	107	313742	0.003	0	0.003	0.003	2932.17	2725.36	45	9422	
0.4	5.4	20	1094	19	3	53	91268	53	91268	0.00722641	0.00371919	0.003	0.017	1722.04	1265.27	60	7099	
0.4	5.4	25	1096	9	3	104	218599	104	218599	0.00892308	0.00304877	0.003	0.017	2101.91	1660.87	60	9422	
0.4	5.4	14	1097	10	3	146	379616	146	379616	0.00367123	0.00206818	0.003	0.01	2600.11	1961.7	60	8282	
0.4	5.4	32	1098	13	3	55	175842	55	175842	0.00809091	0.00314627	0.003	0.01	3197.13	2230.42	60	9422	
0.4	5.4	19	1100	6	3	2	120	2	120	0.0065	0.00494975	0.003	0.01	60	0	60	60	
0.4	5.4	45	1101	10	3	111	364607	114	370771	0.00557895	0.00339154	0.003	0.01	3252.38	2765.58	45	9422	
0.4	5.4	1	1102	14	3	41	98451	41	98451	0.00607317	0.00351703	0.003	0.01	2401.24	2227.48	60	9422	
0.4	5.4	55	1103	4	3	3	180	3	180	0.01	0.007	0.003	0.017	60	0	60	60	
0.4	5.4	13	1104	29	3	120	292461	120	292461	0.00661667	0.00351272	0.003	0.01	2437.18	2036.59	36	9422	
0.4	5.4	25	1105	14	3	58	142850	58	142850	0.00662069	0.00352847	0.003	0.01	2462.93	2329.52	60	9422	
0.4	5.4	39	1108	30	3	83	96641	83	96641	0.0050241	0.00319289	0.003	0.01	1164.35	977.265	60	3827	
0.4	5.4	9	1109	20	3	178	665830	178	665830	0.003	0	0.003	0.003	3740.62	2473.47	45	9422	
0.4	5.4	41	1111	44	3	69	127503	67	122768	0.00467164	0.003007	0.003	0.01	1832.36	1407.89	60	7407	
0.4	5.4	43	1113	17	3	57	203064	57	203064	0.00607017	0.00350438	0.003	0.01	3562.53	2591.75	60	9422	
0.4	5.4	1	1114	8	3	33	133829	33	133829	0.00978788	0.00121854	0.003	0.01	4055.42	3030.46	60	9422	
0.4	5.4	49	1115	26	3	187	388249	185	381985	0.00825946	0.00439586	0.003	0.017	2064.78	2148.58	45	9422	
0.4	5.4	31	1116	13	3	15	33845	15	33845	0.003	0	0.003	0.003	2256.33	1446.9	60	5324	
0.4	5.4	29	1117	4	3	41	107214	41	107214	0.00897561	0.00250487	0.003	0.01	2614.98	2814.68	60	9422	
0.4	5.4	52	1119	51	3	2	120	2	120	0.01	0	0.01	0.01	60	0	60	60	
0.4	5.4	2	1120	10	3	103	173544	103	173544	0.00700971	0.00361504	0.003	0.017	1684.89	1015.2	60	5324	
0.4	5.4	30	1121	18	3	249	569257	249	569257	0.00642972	0.00407936	0.003	0.024	2286.17	2022.74	60	9422	
0.4	5.4	6	1123	22	3	89	202026	88	200251	0.00864773	0.0027794	0.003	0.01	2275.58	2049.62	60	9422	
0.4	5.4	44	1124	18	3	121	493554	121	493554	0.00577686	0.00343872	0.003	0.01	4078.96	2647.79	45	9422	
0.4	5.4	16	1125	6	3	60	84787	60	84787	0.00626667	0.00436421	0.003	0.017	1413.12	1389.76	60	7099	
0.4	5.4	50	1126	3	3	125	500743	125	500743	0.007144	0.00345409	0.003	0.01	4005.94	2517.04	45	9422	
0.4	5.4	14	1128	20	3	19	36221	19	36221	0.00594737	0.0035508	0.003	0.01	1906.37	1617.14	60	6877	
0.4	5.4	14	1129	11	3	129	389557	130	396064	0.0058	0.00355118	0.003	0.017	3046.65	2498.63	45	9422	
0.4	5.4	50	1132	15	3	14	32066	14	32066	0.009	0.00254196	0.003	0.01	2290.43	2191.43	60	7099	
0.4	5.4	5	1133	15	3	127	277803	127	277803	0.0087874	0.00395336	0.003	0.017	2187.43	1879.71	60	9422	
0.4	5.4	49	1134	25	3	102	198494	102	198494	0.00663725	0.00351458	0.003	0.01	1946.02	1097.55	60	4953	
0.4	5.4	55	1137	12	3	113	260617	113	260617	0.003	0	0.003	0.003	2306.35	2402.48	60	9422	
0.4	5.4	45	1138	2	3	154	315105	154	315105	0.007	0.00356636	0.003	0.017	2046.14	1475.99	36	7099	
0.4	5.4	54	1139	12	3	89	235757	89	235757	0.00716854	0.00345502	0.003	0.01	2648.96	2207.3	60	9422	
0.4	5.4	26	1143	13	3	53	164599	53	164599	0.00326415	0.00134666	0.003	0.01	3105.64	2233.59	60	9422	
0.4	5.4	34	1144	33	3	190	174324	191	175508	0.00618848	0.00463693	0.003	0.024	918.89	1151.76	29	9422	
0.4	5.4	17	1145	10	3	113	410718	113	410718	0.00386726	0.0023165	0.003	0.01	3634.67	2439.93	45	9422	
0.4	5.4	17	1150	6	3	118	260486	118	260486	0.00774576	0.00387008	0.003	0.017	2207.51	1952.11	60	9422	
0.4	5.4	57	1152	4	3	130	398439	130	398439	0.00892308	0.0031979	0.003	0.017	3064.92	2279.02	60	9422	
0.4	5.4	27	1153	12	3	125	398434	125	398434	0.006808	0.00350045	0.003	0.01	3187.47	2224.05	60	9422	
0.4	5.4	57	1155	5	3	98	232330	97	227935	0.00429897	0.00273543	0.003	0.01	2349.85	1373.58	60	7099	
0.4	5.4	42	1156	13	3	46	69959	45	68184	0.00704444	0.00349646	0.003	0.01	1515.2	1199.37	60	5324	
0.4	5.4	9	1157	18	3	147	410296	147	410296	0.00690476	0.0034884	0.003	0.01	2791.13	2318.66	45	9422	
0.4	5.4	19	1160	16	3	133	398462	133	398462	0.00336842	0.00156899	0.003	0.01	2995.95	2642.76	45	9422	
0.4	5.4	34	1162	56	3	217	253621	217	253621	0.00574193	0.00349043	0.003	0.017	1168.76	1028.04	60	9403	
0.4	5.4	8	1163	5	3	3	180	3	180	0.00766667	0.00404145	0.003	0.01	60	0	60	60	
0.4	5.4	21	1165	31	3	95	242140	95	242140	0.00683158	0.00350274	0.003	0.01	2548.84	1625.29	36	9422	
0.4	5.4	12	1166	2	3	88	345170	88	345170	0.00642045	0.00351915	0.003	0.01	3922.39	2402.64	45	9422	
0.4	5.4	42	1168	24	3	90	112608	90	112608	0.00696667	0.00393329	0.003	0.017	1251.2	972.026	60	5817	
0.4	5.4	55	1169	50	3	33	80598	33	80598	0.003	0	0.003	0.003	2442.36	1640.45	60	7099	
0.4	5.4	21	1172	34	3	74	135656	74	135656	0.00545946	0.00355847	0.003	0.017	1833.19	1229.26	60	6507	
0.4	5.4	9	1173	22	3	2	120	2	120	0.01	0	0.01	0.01	60	0	60	60	
0.4	5.4	29	1174	11	3	186	693523	186	693523	0.00830645	0.00300588	0.003	0.01	3728.62	2203.47	60	9422	
0.4	5.4	3	1175	4	3	92	268741	92	268741	0.00604348	0.00348911	0.003	0.01	2921.1	1773.96	36	8873	
0.4	5.4	41	1176	74	3	206	371000	203	368632	0.00662069	0.00377314	0.003	0.017	1815.92	1767.24	60	9422	
0.4	5.4	39	1177	23	3	1	60	1	60	0.01	0	0.01	0.01	60	0	60	60	
0.4	5.4	51	1178	11	3	150	488471	150	488471	0.00678	0.00350047	0.003	0.01	3256.47	2529.46	45	9422	
0.4	5.4	20	1179	10	3	120	430604	120	430604	0.007375	0.00340307	0.003	0.01	3588.37	2709.99	45	9422	
0.4	5.4	53	1180	4	3	42	140463	42	140463	0.00533333	0.00333983	0.003	0.01	3344.36	2898.56	60	9422	
0.4	5.4	31	1181	1	3	77	170672	77	170672	0.00763636	0.00386928	0.003	0.017	2216.52	1905.86	49	8282	
0.4	5.4	37	1182	52	3	1	60	1	60	0.003	0	0.003	0.003	60	0	60	60	
0.4	5.4	25	1184	5	3	3	180	3	180	0.01	0	0.01	0.01	60	0	60	60	
0.4	5.4	23	1186	8	3	104	256343	104	256343	0.00602885	0.00411121	0.003	0.017	2464.84	2094.51	45	9422	
0.4	5.4	16	1187	11	3	112	265834	112	265834	0.00725	0.00356029	0.003	0.017	2373.52	1929.34	60	9422	
0.4	5.4	1	1189	9	3	26	40949	26	40949	0.00919231	0.00228069	0.003	0.01	1574.96	1062.58	60	4141	
0.4	5.4	43	1190	10	3	47	52228	47	52228	0.00657447	0.00434764	0.003	0.017	1111.23	814.646	41	3283	
0.4	5.4	37	1191	61	3	210	145983	210	145983	0.00503333	0.0033991	0.003	0.017	695.157	633.021	4	4395	
0.4	5.4	44	1193	15	3	16	18466	16	18466	0.0065	0.00361478	0.003	0.01	1154.13	771.568	60	3182	
0.4	5.4	14	1195	19	3	169	583046	169	583046	0.00585799	0.00361593	0.003	0.017	3449.98	3037.4	3	9422	
0.4	5.4	41	1197	88	3	110	310185	110	310185	0.003	0	0.003	0.003	2819.86	2645.26	45	9422	
0.4	5.4	21	1199	21	3	135	325603	136	326787	0.00691176	0.00359108	0.003	0.017	2402.85	1663.13	60	8873	
0.4	5.4	39	1201	69	3	184	464601	184	464601	0.00619565	0.00379024	0.003	0.017	2525.01	2777.53	77	9422	
0.4	5.4	49	1202	2	3	215	386051	215	386051	0.0068093	0.00368578	0.003	0.017	1795.59	1495.14	36	9422	
0.4	5.4	35	1203	10	3	169	593079	169	593079	0.00888166	0.00257233	0.003	0.01	3509.34	2325.33	60	9422	
0.4	5.4	52	1204	42	3	42	88416	42	88416	0.00533333	0.00333983	0.003	0.01	2105.14	2092.97	43	9422	
0.4	5.4	40	1205	4	3	35	142111	34	135807	0.00855882	0.00287298	0.003	0.01	3994.32	2886.83	13	9422	
0.4	5.4	34	1207	52	3	90	227484	90	227484	0.003	0	0.003	0.003	2527.6	2258.93	32	9422	
0.4	5.4	9	1209	1	3	94	334047	94	334047	0.00635106	0.00351558	0.003	0.01	3553.69	2749.09	45	9422	
0.4	5.4	13	1211	26	3	98	196601	98	196601	0.00571428	0.00371123	0.003	0.017	2006.13	1336.7	60	6882	
0.4	5.4	14	1212	2	3	110	272903	110	272903	0.00764545	0.00332239	0.003	0.01	2480.94	1412.05	60	7099	
0.4	5.4	39	1214	42	3	2	120	2	120	0.01	0	0.01	0.01	60	0	60	60	
0.4	5.4	55	1215	2	3	4	240	4	240	0.0065	0.00404145	0.003	0.01	60	0	60	60	
0.4	5.4	41	1216	25	3	19	19658	19	19658	0.00557895	0.00346916	0.003	0.01	1034.63	644.573	5	1775	
0.4	5.4	37	1217	11	3	2	120	2	120	0.0065	0.00494975	0.003	0.01	60	0	60	60	
0.4	5.4	34	1218	38	3	28	46994	28	46994	0.003	0	0.003	0.003	1678.36	1376.88	60	5971	
0.4	5.4	24	1220	11	3	53	98948	52	97764	0.00838461	0.00328487	0.003	0.017	1880.08	1847.22	60	9422	
0.4	5.4	34	1221	13	3	194	174316	194	174316	0.00530928	0.00329974	0.003	0.01	898.536	740.865	5	5813	
0.4	5.4	37	1222	67	3	2	120	2	120	0.0065	0.00494975	0.003	0.01	60	0	60	60	
0.4	5.4	9	1223	16	3	44	113148	44	113148	0.00602273	0.00350739	0.003	0.01	2571.55	1799.81	42	7099	
0.4	5.4	15	1226	13	3	41	126753	41	126753	0.00709756	0.00349145	0.003	0.01	3091.54	2585.44	60	8873	
0.4	5.4	54	1227	4	3	175	605045	176	609440	0.00809091	0.00312643	0.003	0.01	3462.73	2532.16	45	9422	
0.4	5.4	36	1229	5	3	81	221542	80	220965	0.0078125	0.00326506	0.003	0.01	2762.06	2057.03	60	9422	
0.4	5.4	55	1233	34	3	90	215058	90	215058	0.00541111	0.00334494	0.003	0.01	2389.53	1890.16	60	9422	
0.4	5.4	1	1236	3	3	3	180	3	180	0.00766667	0.00404145	0.003	0.01	60	0	60	60	
0.4	5.4	5	1238	23	3	91	287694	91	287694	0.00346154	0.00174679	0.003	0.01	3161.47	2202.9	60	9422	
0.4	5.4	34	1239	42	3	195	242314	195	242314	0.00601538	0.0038869	0.003	0.017	1242.64	1367.02	60	9422	
0.4	5.4	41	1241	28	3	162	248732	161	247548	0.00682609	0.00349565	0.003	0.01	1537.57	975.775	60	7099	
0.4	5.4	30	1243	19	3	4	3667	4	3667	0.00475	0.0035	0.003	0.01	916.75	733.545	60	1775	
0.4	5.4	7	1244	4	3	154	655886	154	655886	0.00609091	0.00348735	0.003	0.01	4259	3081.74	45	9422	
0.4	5.4	17	1245	1	3	89	169375	89	169375	0.00858427	0.00319733	0.003	0.017	1903.09	1308.62	60	5916	
0.4	5.4	5	1247	5	3	80	191844	80	191844	0.0097375	0.00359938	0.003	0.017	2398.05	2137.96	60	9422	
0.4	5.4	51	1248	14	3	115	302504	115	302504	0.00750435	0.00384428	0.003	0.017	2630.47	1956.04	60	9422	
0.4	5.4	6	1249	15	3	5	300	5	300	0.0086	0.0031305	0.003	0.01	60	0	60	60	
0.4	5.4	53	1250	7	3	62	180595	62	180595	0.00762903	0.00379056	0.003	0.017	2912.82	2123.25	21	9422	
0.4	5.4	22	1253	1	3	129	581641	129	581641	0.0058217	0.00344703	0.003	0.01	4508.84	2877.07	45	9422	
0.4	5.4	34	1254	43	3	92	147589	92	147589	0.00520652	0.00327004	0.003	0.01	1604.23	1202.48	7	6133	
0.4	5.4	43	1255	8	3	159	608469	159	608469	0.003	0	0.003	0.003	3826.85	2583.98	60	9422	
0.4	5.4	5	1257	2	3	82	203086	82	203086	0.00539024	0.00333983	0.003	0.01	2476.66	1675.09	60	9422	
0.4	5.4	54	1259	2	3	150	597726	150	597726	0.00566	0.00340909	0.003	0.01	3984.84	2413.68	45	9422	
0.4	5.4	23	1261	1	3	52	145083	52	145083	0.00744231	0.00340365	0.003	0.01	2790.06	2362.33	60	9422	
0.4	5.4	51	1262	5	3	146	539121	146	539121	0.00381507	0.00225298	0.003	0.01	3692.61	2489.95	45	9422	
0.4	5.4	37	1263	63	3	163	135205	163	135205	0.00493251	0.00350331	0.003	0.017	829.479	1038.06	49	9422	
0.4	5.4	44	1264	11	3	128	488813	128	488813	0.00321875	0.00122273	0.003	0.01	3818.85	1993.33	60	9422	
0.4	5.4	34	1265	44	3	201	176122	201	176122	0.0059602	0.00393045	0.003	0.017	876.229	656.429	9	3550	
0.4	5.4	40	1268	12	3	130	551033	130	551033	0.00606923	0.00348683	0.003	0.01	4238.72	2505.43	45	9422	
0.4	5.4	15	1269	19	3	53	86544	53	86544	0.00709434	0.00374301	0.003	0.017	1632.91	1567.1	60	8873	
0.4	5.4	8	1270	7	3	1	60	1	60	0.003	0	0.003	0.003	60	0	60	60	
0.4	5.4	45	1271	15	3	28	39778	28	39778	0.00775	0.00332916	0.003	0.01	1420.64	1328.05	60	5324	
0.4	5.4	37	1273	32	3	288	209356	288	209356	0.0051875	0.00340418	0.003	0.017	726.931	524.463	9	2380	
0.4	5.4	50	1274	18	3	149	608308	149	608308	0.003	0	0.003	0.003	4082.6	2212.02	45	9422	
0.4	5.4	7	1275	3	3	63	213705	63	213705	0.00311111	0.000881917	0.003	0.01	3392.14	2669.75	45	9422	
0.4	5.4	57	1277	20	3	22	63536	22	63536	0.00713636	0.00352265	0.003	0.01	2888	2284.38	60	8873	
0.4	5.4	52	1278	80	3	78	206630	78	206630	0.003	0	0.003	0.003	2649.1	1797.64	60	7099	
0.4	5.4	19	1279	12	3	2	120	2	120	0.0065	0.00494975	0.003	0.01	60	0	60	60	
0.4	5.4	52	1281	22	3	1	60	1	60	0.003	0	0.003	0.003	60	0	60	60	
0.4	5.4	30	1282	7	3	5	4851	5	4851	0.0044	0.0031305	0.003	0.01	970.2	646.413	60	1775	
0.4	5.4	22	1283	10	3	65	89637	65	89637	0.00763077	0.00514347	0.003	0.024	1379.03	1209.42	60	7058	
0.4	5.4	49	1287	11	3	59	75894	59	75894	0.00786441	0.00416247	0.003	0.017	1286.34	959.577	36	4107	
0.4	5.4	52	1288	2	3	3	180	3	180	0.00766667	0.00404145	0.003	0.01	60	0	60	60	
0.4	5.4	30	1289	16	3	128	420329	128	420329	0.003	0	0.003	0.003	3283.82	2324.82	45	9422	
0.4	5.4	42	1290	4	3	15	35033	14	32072	0.0045	0.00298071	0.003	0.01	2290.86	1540.78	60	5324	
0.4	5.4	37	1294	4	3	331	258791	331	258791	0.00541088	0.00333127	0.003	0.01	781.846	717.293	15	7407	
0.4	5.4	38	1295	17	3	86	218141	84	215567	0.0075	0.00337425	0.003	0.01	2566.27	1762.95	60	9422	
0.4	5.4	53	1296	15	3	85	278198	85	278198	0.00802353	0.00316971	0.003	0.01	3272.92	2371.23	57	9422	
0.4	5.4	26	1300	3	3	69	172906	69	172906	0.00736232	0.00341696	0.003	0.01	2505.88	2200.36	60	9422	
0.4	5.4	29	1301	8	3	2	120	2	120	0.0065	0.00494975	0.003	0.01	60	0	60	60	
0.4	5.4	7	1303	9	3	34	75854	34	75854	0.0087647	0.00270867	0.003	0.01	2231	1415.65	60	5324	
0.4	5.4	37	1304	74	3	174	191397	174	191397	0.00625862	0.00373653	0.003	0.017	1099.98	1142.46	6	9422	
0.4	5.4	21	1305	22	3	31	36233	29	35618	0.00710345	0.00439435	0.003	0.017	1228.21	875.945	13	4141	
0.4	5.4	57	1306	17	3	67	193723	66	191948	0.003	0	0.003	0.003	2908.3	2239.61	60	8873	
0.4	5.4	37	1307	9	3	26	13164	26	13164	0.00461538	0.00300768	0.003	0.01	506.308	353.708	60	1184	
0.4	5.4	9	1308	5	3	101	429660	101	429660	0.00514851	0.00324465	0.003	0.01	4254.06	2851.52	45	9422	
0.4	5.4	39	1309	8	3	1	60	1	60	0.003	0	0.003	0.003	60	0	60	60	
0.4	5.4	3	1310	9	3	92	193749	92	193749	0.00832609	0.00317652	0.003	0.017	2105.97	1296.96	60	7099	
0.4	5.4	2	1311	24	3	117	226808	117	226808	0.0067094	0.00508219	0.003	0.024	1938.53	1696.8	36	9422	
0.4	5.4	56	1312	22	3	83	251590	83	251590	0.00789157	0.00341093	0.003	0.017	3031.2	2427.02	45	9422	
0.4	5.4	4	1313	10	3	2	120	2	120	0.01	0	0.01	0.01	60	0	60	60	
0.4	5.4	5	1315	20	3	168	504848	168	504848	0.00725	0.00359599	0.003	0.017	3005.05	2712.33	45	9422	
0.4	5.4	37	1316	14	3	4	240	4	240	0.0065	0.00404145	0.003	0.01	60	0	60	60	
0.4	5.4	55	1317	23	3	40	41586	40	41586	0.006325	0.00419027	0.003	0.017	1039.65	582.208	60	2296	
0.4	5.4	28	1318	8	3	89	283064	89	283064	0.003	0	0.003	0.003	3180.49	2520.4	60	9422	
0.4	5.4	39	1319	62	3	2	120	2	120	0.01	0	0.01	0.01	60	0	60	60	
0.4	5.4	45	1321	6	3	99	291262	99	291262	0.00462626	0.00297124	0.003	0.01	2942.04	2345.23	45	9422	
0.4	5.4	41	1322	46	3	1	60	1	60	0.003	0	0.003	0.003	60	0	60	60	
0.4	5.4	52	1323	27	3	67	109024	67	109024	0.00592537	0.00347856	0.003	0.01	1627.22	1657.4	60	9422	
0.4	5.4	41	1325	10	3	73	58287	73	58287	0.00693151	0.00451642	0.003	0.017	798.452	508.027	60	2367	
0.4	5.4	41	1329	87	3	6	5444	6	5444	0.00766667	0.00361478	0.003	0.01	907.333	697.236	60	1775	
0.4	5.4	33	1330	13	3	72	274291	72	274291	0.00863889	0.00302713	0.003	0.017	3809.6	2899.54	45	9422	
0.4	5.4	45	1332	1	3	156	520233	156	520233	0.00636538	0.00350867	0.003	0.01	3334.83	2146.07	57	9422	
0.4	5.4	28	1334	18	3	90	254557	90	254557	0.0079	0.00322577	0.003	0.01	2828.41	2248.03	42	9422	
0.4	5.4	36	1336	20	3	31	69940	31	69940	0.00729032	0.00346596	0.003	0.01	2256.13	1760.73	60	7099	
0.4	5.4	20	1337	4	3	122	463982	122	463982	0.003	0	0.003	0.003	3803.13	1914.91	60	9422	
0.4	5.4	8	1339	17	3	72	167121	72	167121	0.00465278	0.0029937	0.003	0.01	2321.12	1921.82	60	9422	
0.4	5.4	42	1340	27	3	135	322733	135	322733	0.00813333	0.00333413	0.003	0.017	2390.61	2119.19	36	9422	
0.4	5.4	22	1341	2	3	75	132208	75	132208	0.00766667	0.0042021	0.003	0.017	1762.77	1393.52	36	6101	
0.4	5.4	55	1342	38	3	196	259005	197	259780	0.00758376	0.00486127	0.003	0.024	1318.68	1248.01	60	9422	
0.4	5.4	34	1343	47	3	242	184449	243	186753	0.00582304	0.00408656	0.003	0.017	768.531	668.82	13	4107	
0.4	5.4	41	1344	32	3	71	119099	71	119099	0.00635211	0.00389908	0.003	0.017	1677.45	1311.99	60	7099	
0.4	5.4	55	1348	48	3	168	176774	168	176774	0.00704167	0.00487491	0.003	0.024	1052.23	884.445	13	4904	
0.4	5.4	22	1349	15	3	84	287678	84	287678	0.004	0.0024642	0.003	0.01	3424.74	2297.18	60	9422	
0.4	5.4	15	1351	4	3	78	159314	78	159314	0.00802564	0.00317038	0.003	0.01	2042.49	1537.35	60	7690	
0.4	5.4	34	1353	51	3	21	16113	21	16113	0.00533333	0.00404145	0.003	0.017	767.286	608.183	21	1775	
0.4	5.4	2	1354	13	3	1	60	1	60	0.003	0	0.003	0.003	60	0	60	60	
0.4	5.4	30	1355	1	3	70	184876	70	184876	0.003	0	0.003	0.003	2641.09	1851.61	60	8282	
0.4	5.4	29	1356	6	3	2	120	2	120	0.01	0	0.01	0.01	60	0	60	60	
0.4	5.4	43	1358	11	3	22	49348	22	49348	0.00395454	0.00245875	0.003	0.01	2243.09	1913.65	60	7099	
0.4	5.4	2	1359	31	3	1	60	1	60	0.01	0	0.01	0.01	60	0	60	60	
0.4	5.4	2	1360	2	3	1	60	1	60	0.003	0	0.003	0.003	60	0	60	60	
0.4	5.4	41	1361	51	3	2	120	2	120	0.0065	0.00494975	0.003	0.01	60	0	60	60	
0.4	5.4	42	1363	19	3	103	279533	103	279533	0.00531068	0.00330783	0.003	0.01	2713.91	2048.82	60	9422	
0.4	5.4	41	1364	5	3	63	95591	63	95591	0.00722222	0.00388315	0.003	0.017	1517.32	1757.43	60	9422	
0.4	5.4	14	1365	6	3	12	14329	12	14329	0.00708333	0.0036045	0.003	0.01	1194.08	1113.97	60	4395	
0.4	5.4	48	1366	6	3	159	612226	159	612226	0.00462893	0.00296723	0.003	0.01	3850.48	2907.56	45	9422	
0.4	5.4	49	1367	6	3	161	300336	162	300927	0.00624074	0.00350121	0.003	0.01	1857.57	1403.61	27	8873	
0.4	5.4	38	1369	9	3	270	626307	267	623650	0.00708989	0.00439491	0.003	0.024	2335.77	2134.64	3	9422	
0.4	5.4	4	1372	8	3	71	187810	71	187810	0.00792958	0.00342814	0.003	0.017	2645.21	2550.62	60	9422	
0.4	5.4	37	1373	65	3	1	60	1	60	0.003	0	0.003	0.003	60	0	60	60	
0.4	5.4	44	1375	5	3	1	60	1	60	0.01	0	0.01	0.01	60	0	60	60	
0.4	5.4	15	1376	5	3	62	104893	62	104893	0.00785484	0.00431485	0.003	0.017	1691.82	1426.81	60	6896	
0.4	5.4	27	1379	7	3	104	400065	103	395332	0.00490291	0.0031296	0.003	0.01	3838.17	2665.11	45	9422	
0.4	5.4	43	1380	19	3	103	293039	102	289489	0.00746078	0.00365782	0.003	0.017	2838.13	2086.41	45	9422	
0.4	5.4	29	1381	7	3	2	120	2	120	0.0065	0.00494975	0.003	0.01	60	0	60	60	
0.4	5.4	35	1384	12	3	70	175861	70	175861	0.0084	0.00296061	0.003	0.01	2512.3	1259.59	60	6507	
0.4	5.4	4	1385	31	3	173	431548	174	432732	0.00754598	0.00403964	0.003	0.017	2486.97	2144.31	21	9422	
0.4	5.4	54	1386	14	3	46	148038	46	148038	0.00710869	0.00348475	0.003	0.01	3218.22	2154.15	60	9422	
0.4	5.4	49	1387	8	3	168	281309	167	279473	0.0071497	0.00407701	0.003	0.017	1673.49	1488.14	13	8873	
0.4	5.4	20	1388	5	3	192	560350	192	560350	0.00821354	0.00305983	0.003	0.01	2918.49	2276.19	6	9422	
0.4	5.4	52	1389	60	3	2	120	2	120	0.0065	0.00494975	0.003	0.01	60	0	60	60	
0.4	5.4	41	1391	54	3	90	197305	90	197305	0.003	0	0.003	0.003	2192.28	1260.66	60	6507	
0.4	5.4	47	1393	8	3	60	184717	60	184717	0.00685	0.00351184	0.003	0.01	3078.62	1796.05	57	6507	
0.4	5.4	51	1394	4	3	146	461161	146	461161	0.00669178	0.00350677	0.003	0.01	3158.64	2206.76	60	9422	
0.4	5.4	12	1395	10	3	83	243891	83	243891	0.00772289	0.00329935	0.003	0.01	2938.45	1827.53	60	9422	
0.4	5.4	52	1396	6	3	93	114977	94	116161	0.00664894	0.00351558	0.003	0.01	1235.76	959.124	60	5861	
0.4	5.4	35	1397	16	3	56	166384	56	166384	0.0085	0.00289828	0.003	0.01	2971.14	2276.66	36	9422	
0.4	5.4	13	1398	9	3	79	236228	79	236228	0.00353164	0.00186627	0.003	0.01	2990.23	1924.3	60	9422	
0.4	5.4	1	1399	11	3	36	78820	36	78820	0.00825	0.00307409	0.003	0.01	2189.44	2430.35	60	9422	
0.4	5.4	55	1401	41	3	70	71168	70	71168	0.0066	0.00352383	0.003	0.01	1016.69	639.074	60	2961	
0.4	5.4	47	1402	7	3	52	120250	52	120250	0.00690385	0.00351054	0.003	0.01	2312.5	2299.56	60	9422	
0.4	5.4	34	1403	6	3	121	196840	121	196840	0.0031157	0.000896196	0.003	0.01	1626.78	1157.28	60	4733	
0.4	5.4	22	1405	4	3	74	252757	74	252757	0.003	0	0.003	0.003	3415.64	2580.71	45	9422	
0.4	5.4	53	1406	17	3	130	395372	130	395372	0.00822308	0.00305826	0.003	0.01	3041.32	1643.2	60	7690	
0.4	5.4	55	1407	42	3	80	107278	80	107278	0.00685	0.00400032	0.003	0.017	1340.98	987.123	60	5059	
0.4	5.4	39	1409	12	3	3	180	3	180	0.003	0	0.003	0.003	60	0	60	60	
0.4	5.4	40	1410	13	3	51	100127	51	100127	0.00547059	0.00337848	0.003	0.01	1963.27	1920.11	36	9422	
0.4	5.4	12	1411	15	3	100	357488	100	357488	0.003	0	0.003	0.003	3574.88	2242.77	45	9422	
0.4	5.4	25	1412	16	3	63	178216	63	178216	0.00511111	0.00323843	0.003	0.01	2828.83	2505.18	36	9422	
0.4	5.4	9	1413	12	3	60	194781	60	194781	0.00393333	0.00239962	0.003	0.01	3246.35	2375.25	60	9422	
0.4	5.4	47	1416	15	3	149	407456	149	407456	0.00666443	0.00350793	0.003	0.01	2734.6	2191.69	45	9422	
0.4	5.4	34	1417	15	3	160	126975	160	126975	0.0058875	0.00467024	0.003	0.024	793.594	872.81	12	4961	
0.4	5.4	14	1418	22	3	145	306209	145	306209	0.00686207	0.00403564	0.003	0.017	2111.79	2271.44	60	9422	
0.4	5.4	20	1419	3	3	63	152905	63	152905	0.004	0.00277082	0.003	0.017	2427.06	1746.14	60	7099	
0.4	5.4	44	1422	8	3	132	501309	132	501309	0.003	0	0.003	0.003	3797.8	2587.23	45	9422	
0.4	5.4	16	1423	9	3	73	154086	73	154086	0.00750685	0.00337525	0.003	0.01	2110.77	2062.76	57	9422	
0.4	5.4	11	1424	1	3	147	449793	147	449793	0.00928571	0.00227855	0.003	0.017	3059.82	1708.7	36	9422	
0.4	5.4	52	1425	11	3	1	60	1	60	0.003	0	0.003	0.003	60	0	60	60	
