% start	end	CellId	IMSI	RNTI	LCID	nTxPDUs	TxBytes	nRxPDUs	RxBytes	delay	stdDev	min	max	PduSize	stdDev	min	max
0.4	5.4	7	1	11	3	161	587519	161	587519	0.00443478	0.00283457	0.003	0.01	3649.19	2603.54	45	9422	
0.4	5.4	10	2	8	3	95	216726	95	216726	0.00823158	0.00353238	0.003	0.017	2281.33	1854.36	23	8873	
0.4	5.4	28	3	7	3	258	649698	258	649698	0.00739535	0.00381359	0.003	0.017	2518.21	2310.14	45	9422	
0.4	5.4	33	4	15	3	64	185931	64	185931	0.005625	0.00341565	0.003	0.01	2905.17	1540.51	60	6882	
0.4	5.4	41	5	72	3	144	340531	145	343488	0.00401379	0.00247203	0.003	0.01	2368.88	1656.54	45	9422	
0.4	5.4	20	6	3	3	94	373453	95	374637	0.00742105	0.00339455	0.003	0.01	3943.55	2101.79	60	9422	
0.4	5.4	23	7	12	3	112	330883	112	330883	0.0076875	0.00343808	0.003	0.017	2954.31	1921.25	57	9422	
0.4	5.4	43	8	20	3	173	783333	173	783333	0.00611561	0.00348893	0.003	0.01	4527.94	2673.41	45	9422	
0.4	5.4	34	10	36	3	313	208328	311	207944	0.00531833	0.00407173	0.003	0.024	668.63	762	5	5861	
0.4	5.4	16	12	8	3	51	217831	51	217831	0.00492157	0.00315495	0.003	0.01	4271.2	2891.19	45	9422	
0.4	5.4	35	13	5	3	137	479371	137	479371	0.00785401	0.00323933	0.003	0.01	3499.06	2254.25	45	9422	
0.4	5.4	28	14	27	3	117	270586	117	270586	0.0062906	0.00350876	0.003	0.01	2312.7	1956.77	60	9422	
0.4	5.4	46	16	23	3	37	94202	36	93610	0.00766667	0.00374166	0.003	0.017	2600.28	1400.52	60	5324	
0.4	5.4	49	17	11	3	56	152187	56	152187	0.00775	0.00329876	0.003	0.01	2717.62	1870.11	36	8873	
0.4	5.4	38	18	25	3	223	888326	223	888326	0.003	0	0.003	0.003	3983.52	2500.57	45	9422	
0.4	5.4	55	19	29	3	227	289240	227	289240	0.00565198	0.00364916	0.003	0.017	1274.19	1088.38	26	9422	
0.4	5.4	47	20	1	3	169	555965	169	555965	0.00536095	0.0033193	0.003	0.01	3289.73	2738.34	45	9422	
0.4	5.4	55	21	66	3	114	180088	113	178904	0.00523009	0.00327602	0.003	0.01	1583.22	1424.73	24	6882	
0.4	5.4	57	22	20	3	95	196009	95	196009	0.00675789	0.003509	0.003	0.01	2063.25	1777.7	25	8873	
0.4	5.4	53	23	1	3	58	129716	58	129716	0.00698276	0.00349682	0.003	0.01	2236.48	2051.69	60	9422	
0.4	5.4	1	30	9	3	1	60	1	60	0.01	0	0.01	0.01	60	0	60	60	
0.4	5.4	44	31	10	3	29	90052	29	90052	0.00517241	0.00329577	0.003	0.01	3105.24	2448.97	60	9422	
0.4	5.4	25	32	13	3	209	671829	209	671829	0.00822488	0.00355211	0.003	0.024	3214.49	2320.41	60	9422	
0.4	5.4	55	33	27	3	159	240587	159	240587	0.00616981	0.0034954	0.003	0.01	1513.13	1324.83	11	9422	
0.4	5.4	55	36	30	3	244	338930	244	338930	0.0065	0.00414004	0.003	0.017	1389.06	1702.74	8	9422	
0.4	5.4	55	37	64	3	1	60	1	60	0.01	0	0.01	0.01	60	0	60	60	
0.4	5.4	55	39	22	3	158	226441	156	224665	0.00528846	0.0032942	0.003	0.01	1440.16	1113.58	60	8451	
0.4	5.4	7	40	20	3	188	816489	188	816489	0.00448936	0.00296231	0.003	0.017	4343.03	2948.33	45	9422	
0.4	5.4	35	41	2	3	124	365793	124	365793	0.00819355	0.00307541	0.003	0.01	2949.94	2081.73	45	9422	
0.4	5.4	2	42	26	3	106	190124	106	190124	0.00557547	0.00339172	0.003	0.01	1793.62	1499.39	60	7690	
0.4	5.4	37	43	31	3	32	88879	32	88879	0.00475	0.00307959	0.003	0.01	2777.47	2392.35	60	9422	
0.4	5.4	19	46	4	3	142	536279	142	536279	0.00921127	0.00251473	0.003	0.017	3776.61	2368.22	60	9422	
0.4	5.4	52	47	63	3	3	180	3	180	0.00766667	0.00404145	0.003	0.01	60	0	60	60	
0.4	5.4	24	48	8	3	149	646172	149	646172	0.00783893	0.00324468	0.003	0.01	4336.72	2907.17	45	9422	
0.4	5.4	37	49	50	3	168	251357	168	251357	0.00666667	0.00350648	0.003	0.01	1496.17	1086.48	18	8929	
0.4	5.4	39	50	5	3	99	203102	98	200735	0.00335714	0.00154819	0.003	0.01	2048.32	1198.62	60	5916	
0.4	5.4	34	51	26	3	8	3675	8	3675	0.005625	0.00362284	0.003	0.01	459.375	574.55	26	1775	
0.4	5.4	8	52	5	3	87	230912	87	230912	0.00428736	0.00272759	0.003	0.01	2654.16	2032.6	60	9422	
0.4	5.4	29	53	23	3	37	85557	37	85557	0.003	0	0.003	0.003	2312.35	1947.32	60	7690	
0.4	5.4	7	54	12	3	15	38576	15	38576	0.00906667	0.00246306	0.003	0.01	2571.73	2907.49	60	9422	
0.4	5.4	41	55	52	3	133	195544	133	195544	0.0058421	0.00375952	0.003	0.017	1470.26	1417.26	60	6882	
0.4	5.4	55	56	65	3	74	82455	74	82455	0.00536486	0.00333341	0.003	0.01	1114.26	765.837	60	4141	
0.4	5.4	43	57	16	3	124	483032	124	483032	0.003	0	0.003	0.003	3895.42	2656.54	45	9422	
0.4	5.4	26	58	12	3	11	39164	11	39164	0.00872727	0.00283164	0.003	0.01	3560.36	3291.62	60	9422	
0.4	5.4	3	60	5	3	108	230345	108	230345	0.00740741	0.00365584	0.003	0.017	2132.82	1550.12	60	7099	
0.4	5.4	15	62	18	3	87	239194	87	239194	0.00436782	0.00279166	0.003	0.01	2749.36	2266.71	45	9422	
0.4	5.4	53	64	16	3	28	69474	28	69474	0.003	0	0.003	0.003	2481.21	1687.77	60	5664	
0.4	5.4	40	66	7	3	82	246378	82	246378	0.0032561	0.00132228	0.003	0.01	3004.61	2801.91	45	9422	
0.4	5.4	26	68	8	3	43	152764	43	152764	0.003	0	0.003	0.003	3552.65	1858.8	60	7099	
0.4	5.4	9	69	4	3	98	323302	99	325077	0.00582828	0.00345242	0.003	0.01	3283.61	2394.08	45	9422	
0.4	5.4	39	70	28	3	171	189042	170	187858	0.00744706	0.00485775	0.003	0.024	1105.05	987.121	4	7099	
0.4	5.4	47	71	22	3	148	319343	146	312242	0.0070274	0.00366144	0.003	0.017	2138.64	1590.99	5	9422	
0.4	5.4	33	72	16	3	110	272936	110	272936	0.00669091	0.00375816	0.003	0.017	2481.24	1875.06	10	9422	
0.4	5.4	30	73	3	3	49	92437	49	92437	0.009	0.00319505	0.003	0.017	1886.47	1862.06	60	7099	
0.4	5.4	47	74	13	3	100	188382	100	188382	0.00692	0.00349221	0.003	0.01	1883.82	1571.92	43	9422	
0.4	5.4	2	75	37	3	165	394854	165	394854	0.00406061	0.00251749	0.003	0.01	2393.05	1704.68	60	9422	
0.4	5.4	31	76	2	3	166	530999	166	530999	0.00671084	0.00350421	0.003	0.01	3198.79	2543.49	45	9422	
0.4	5.4	44	77	1	3	143	481772	143	481772	0.00515385	0.00324213	0.003	0.01	3369.03	2346.06	45	9422	
0.4	5.4	7	78	22	3	105	180135	105	180135	0.00806667	0.0031448	0.003	0.01	1715.57	1726.61	60	9422	
0.4	5.4	17	79	10	3	95	261074	95	261074	0.00491579	0.0031375	0.003	0.01	2748.15	1685.76	60	8282	
0.4	5.4	5	80	2	3	1	60	1	60	0.003	0	0.003	0.003	60	0	60	60	
0.4	5.4	29	81	21	3	123	286180	122	281447	0.00667213	0.00351018	0.003	0.01	2306.94	1773.41	36	9422	
0.4	5.4	6	82	1	3	117	529151	117	529151	0.003	0	0.003	0.003	4522.66	3065.72	45	9422	
0.4	5.4	28	83	20	3	48	83596	48	83596	0.00591667	0.00429167	0.003	0.017	1741.58	1289.21	60	5324	
0.4	5.4	57	84	13	3	165	360687	165	360687	0.00626667	0.00375001	0.003	0.017	2185.98	1798.63	57	9422	
0.4	5.4	25	86	2	3	60	233223	60	233223	0.00545	0.00336696	0.003	0.01	3887.05	1998.8	60	9422	
0.4	5.4	15	89	2	3	196	602151	196	602151	0.00828571	0.00325813	0.003	0.017	3072.2	2161.39	23	9422	
0.4	5.4	8	90	22	3	148	186698	148	186698	0.00697297	0.00433299	0.003	0.017	1261.47	904.783	60	4733	
0.4	5.4	2	91	25	3	144	206767	144	206767	0.00684028	0.00412508	0.003	0.017	1435.88	1211.9	43	8079	
0.4	5.4	34	92	41	3	137	157089	137	157089	0.0049927	0.0031704	0.003	0.01	1146.64	992.64	60	4936	
0.4	5.4	49	93	12	3	86	327300	86	327300	0.00837209	0.00316245	0.003	0.017	3805.81	2017.3	60	9422	
0.4	5.4	45	96	1	3	165	802996	165	802996	0.00486667	0.00310494	0.003	0.01	4866.64	2929.35	45	9422	
0.4	5.4	2	97	15	3	135	330469	135	330469	0.003	0	0.003	0.003	2447.92	1972.99	60	9422	
0.4	5.4	10	98	2	3	129	394552	129	394552	0.00815504	0.00309599	0.003	0.01	3058.54	2488.6	45	9422	
0.4	5.4	46	99	19	3	73	204972	73	204972	0.00769863	0.00331111	0.003	0.01	2807.84	2486.87	60	9422	
0.4	5.4	41	101	6	3	1	60	1	60	0.01	0	0.01	0.01	60	0	60	60	
0.4	5.4	37	104	13	3	110	332900	110	332900	0.003	0	0.003	0.003	3026.36	2216.46	60	9422	
0.4	5.4	40	105	6	3	3	180	3	180	0.00766667	0.00404145	0.003	0.01	60	0	60	60	
0.4	5.4	41	108	37	3	7	2016	7	2016	0.006	0.00374166	0.003	0.01	288	316.917	24	775	
0.4	5.4	32	110	13	3	108	247631	108	247631	0.00734259	0.00414044	0.003	0.017	2292.88	1716.06	38	9422	
0.4	5.4	20	111	14	3	137	424368	137	424368	0.00708759	0.00346299	0.003	0.01	3097.58	2320.54	36	9422	
0.4	5.4	37	112	44	3	37	67585	37	67585	0.00848649	0.00335511	0.003	0.017	1826.62	2063.34	60	9422	
0.4	5.4	30	113	14	3	129	354347	129	354347	0.00788372	0.0033439	0.003	0.017	2746.88	2387.2	60	9422	
0.4	5.4	8	114	20	3	218	513235	218	513235	0.00473394	0.00344714	0.003	0.017	2354.29	1709.76	60	9422	
0.4	5.4	52	115	62	3	97	126337	97	126337	0.00545361	0.00335727	0.003	0.01	1302.44	795.157	60	4395	
0.4	5.4	42	117	20	3	2	120	2	120	0.01	0	0.01	0.01	60	0	60	60	
0.4	5.4	30	118	1	3	124	378345	124	378345	0.00796774	0.00319027	0.003	0.01	3051.17	2514.7	60	9422	
0.4	5.4	42	119	15	3	1	60	1	60	0.01	0	0.01	0.01	60	0	60	60	
0.4	5.4	7	121	5	3	166	584689	166	584689	0.00569879	0.00341737	0.003	0.01	3522.22	2429.71	45	9422	
0.4	5.4	34	122	8	3	156	247573	156	247573	0.00551282	0.00336871	0.003	0.01	1587.01	1562.08	60	7407	
0.4	5.4	38	124	9	3	109	331578	109	331578	0.00441284	0.00282256	0.003	0.01	3042	2180.58	45	9422	
0.4	5.4	5	125	19	3	180	714822	181	717189	0.00752486	0.00343603	0.003	0.017	3962.37	2560.82	45	9422	
0.4	5.4	39	126	36	3	1	60	1	60	0.01	0	0.01	0.01	60	0	60	60	
0.4	5.4	33	127	13	3	82	181213	82	181213	0.00590244	0.00346983	0.003	0.01	2209.91	1628.07	60	9422	
0.4	5.4	2	128	39	3	15	46268	15	46268	0.003	0	0.003	0.003	3084.53	3023.24	60	9422	
0.4	5.4	56	130	7	3	88	305418	88	305418	0.003	0	0.003	0.003	3470.66	2154.12	45	9422	
0.4	5.4	37	131	55	3	184	593069	184	593069	0.00372283	0.00213591	0.003	0.01	3223.2	2081.13	60	9422	
0.4	5.4	39	132	11	3	152	310176	153	310236	0.00643137	0.00351082	0.003	0.01	2027.69	2189.45	18	9422	
0.4	5.4	20	133	16	3	212	909722	212	909722	0.003	0	0.003	0.003	4291.14	2882.36	45	9422	
0.4	5.4	42	134	13	3	21	39292	21	39292	0.00633333	0.00358236	0.003	0.01	1871.05	2297.48	60	8282	
0.4	5.4	31	135	11	3	54	109017	54	109017	0.00637037	0.00353044	0.003	0.01	2018.83	1677.31	60	9422	
0.4	5.4	52	136	3	3	2	120	2	120	0.01	0	0.01	0.01	60	0	60	60	
0.4	5.4	42	138	16	3	75	110232	75	110232	0.00645333	0.00370643	0.003	0.017	1469.76	1154.92	60	5324	
0.4	5.4	36	141	1	3	161	462227	161	462227	0.00865217	0.0028772	0.003	0.017	2870.98	1980.02	60	9422	
0.4	5.4	14	142	7	3	6	8992	6	8992	0.00883333	0.00285774	0.003	0.01	1498.67	1204.42	60	3550	
0.4	5.4	39	143	8	3	2	120	2	120	0.0065	0.00494975	0.003	0.01	60	0	60	60	
0.4	5.4	17	144	6	3	163	591341	163	591341	0.003	0	0.003	0.003	3627.86	2080.74	60	9422	
0.4	5.4	49	145	16	3	129	453271	129	453271	0.00815504	0.00321726	0.003	0.017	3513.73	2331.61	45	9422	
0.4	5.4	34	146	25	3	182	166780	182	166780	0.00465385	0.00298171	0.003	0.01	916.374	894.172	6	5669	
0.4	5.4	11	148	6	3	7	14316	7	14316	0.009	0.00264575	0.003	0.01	2045.14	1816.4	60	5324	
0.4	5.4	15	149	12	3	48	159869	48	159869	0.003	0	0.003	0.003	3330.6	2904.34	45	9422	
0.4	5.4	52	152	1	3	1	60	1	60	0.01	0	0.01	0.01	60	0	60	60	
0.4	5.4	18	154	9	3	142	377265	142	377265	0.00674648	0.00350367	0.003	0.01	2656.8	1998.05	36	9422	
0.4	5.4	31	155	15	3	164	460043	164	460043	0.00521951	0.00385798	0.003	0.017	2805.14	2426.23	45	9422	
0.4	5.4	2	156	7	3	1	60	1	60	0.01	0	0.01	0.01	60	0	60	60	
0.4	5.4	57	158	10	3	183	395013	183	395013	0.00667213	0.00358134	0.003	0.017	2158.54	1612.95	15	7690	
0.4	5.4	52	160	6	3	2	120	2	120	0.01	0	0.01	0.01	60	0	60	60	
0.4	5.4	54	161	5	3	63	216076	63	216076	0.00866667	0.00329222	0.003	0.017	3429.78	2679.51	45	9422	
0.4	5.4	54	162	16	3	160	531426	160	531426	0.00733125	0.00341053	0.003	0.01	3321.41	2469.83	60	9422	
0.4	5.4	4	163	2	3	79	274701	79	274701	0.00822785	0.00306322	0.003	0.01	3477.23	2450.27	45	9422	
0.4	5.4	42	165	25	3	85	196093	85	196093	0.00794118	0.00338538	0.003	0.017	2306.98	2329.46	60	9422	
0.4	5.4	1	166	10	3	2	120	2	120	0.01	0	0.01	0.01	60	0	60	60	
0.4	5.4	37	168	5	3	1	60	1	60	0.01	0	0.01	0.01	60	0	60	60	
0.4	5.4	41	169	28	3	1	60	1	60	0.01	0	0.01	0.01	60	0	60	60	
0.4	5.4	39	170	16	3	3	180	3	180	0.00533333	0.00404145	0.003	0.01	60	0	60	60	
0.4	5.4	19	172	19	3	18	42130	17	39763	0.00711765	0.0035511	0.003	0.01	2339	2107.13	60	7690	
0.4	5.4	50	173	7	3	33	91823	33	91823	0.00893939	0.00254877	0.003	0.01	2782.52	1664.38	60	7099	
0.4	5.4	41	174	84	3	75	148665	75	148665	0.00514667	0.0032495	0.003	0.01	1982.2	1394.22	60	5664	
0.4	5.4	34	176	9	3	114	119412	113	118228	0.00566372	0.00341376	0.003	0.01	1046.27	834.446	52	4904	
0.4	5.4	37	178	43	3	122	193776	123	194368	0.00778049	0.00403984	0.003	0.017	1580.23	1283.5	47	9422	
0.4	5.4	4	179	15	3	106	405505	106	405505	0.003	0	0.003	0.003	3825.52	2622.55	60	9422	
0.4	5.4	47	183	14	3	71	222009	71	222009	0.00467606	0.00300844	0.003	0.01	3126.89	1957.21	60	7099	
0.4	5.4	39	184	44	3	92	145135	92	145135	0.00726087	0.00401336	0.003	0.017	1577.55	1471.13	12	9422	
0.4	5.4	10	185	5	3	99	207254	99	207254	0.00865656	0.00395939	0.003	0.024	2093.47	1393.06	60	6882	
0.4	5.4	29	186	8	3	127	202565	126	200198	0.00683333	0.00392071	0.003	0.017	1588.87	1687.06	13	9422	
0.4	5.4	57	189	6	3	3	180	3	180	0.00766667	0.00404145	0.003	0.01	60	0	60	60	
0.4	5.4	16	190	5	3	212	943294	212	943294	0.00884434	0.00260501	0.003	0.01	4449.5	2883.03	45	9422	
0.4	5.4	52	191	2	3	120	122669	120	122669	0.00620833	0.00350245	0.003	0.01	1022.24	936.459	18	6396	
0.4	5.4	52	192	59	3	2	120	2	120	0.003	0	0.003	0.003	60	0	60	60	
0.4	5.4	19	193	9	3	1	60	1	60	0.003	0	0.003	0.003	60	0	60	60	
0.4	5.4	41	196	88	3	5	5442	5	5442	0.0072	0.00383406	0.003	0.01	1088.4	742.216	60	1775	
0.4	5.4	37	197	40	3	100	130968	100	130968	0.00692	0.00425851	0.003	0.017	1309.68	1390.52	13	9422	
0.4	5.4	26	198	5	3	125	530924	125	530924	0.007592	0.00333867	0.003	0.01	4247.39	2646.86	60	9422	
0.4	5.4	4	200	8	3	3	180	3	180	0.00766667	0.00404145	0.003	0.01	60	0	60	60	
0.4	5.4	37	201	23	3	25	26754	25	26754	0.0072	0.0035	0.003	0.01	1070.16	518.903	60	1775	
0.4	5.4	2	202	13	3	120	184241	120	184241	0.00638333	0.0039539	0.003	0.017	1535.34	1116	47	7099	
0.4	5.4	52	204	27	3	56	78269	56	78269	0.006375	0.00352942	0.003	0.01	1397.66	1061.21	60	4395	
0.4	5.4	26	210	7	3	107	351085	106	346352	0.00788679	0.0032288	0.003	0.01	3267.47	2460.95	45	9422	
0.4	5.4	31	211	21	3	32	79999	32	79999	0.00759375	0.00337791	0.003	0.01	2499.97	1741.3	60	7708	
0.4	5.4	28	212	28	3	158	295730	158	295730	0.00707595	0.00380671	0.003	0.017	1871.71	1693.55	21	9422	
0.4	5.4	38	215	1	3	12	41533	12	41533	0.00766667	0.00344656	0.003	0.01	3461.08	3491.29	60	9422	
0.4	5.4	13	216	9	3	48	51164	48	51164	0.0060625	0.0035093	0.003	0.01	1065.92	736.22	60	3550	
0.4	5.4	12	222	6	3	66	174787	66	174787	0.00915151	0.00336609	0.003	0.017	2648.29	2078.48	54	9422	
0.4	5.4	30	223	6	3	28	78814	28	78814	0.008	0.00322031	0.003	0.01	2814.79	2657.83	60	9422	
0.4	5.4	4	224	5	3	95	227338	95	227338	0.00801053	0.00317401	0.003	0.01	2393.03	1314.04	60	7099	
0.4	5.4	6	225	10	3	79	219046	79	219046	0.00867089	0.00276295	0.003	0.01	2772.73	1830.66	60	9422	
0.4	5.4	55	226	59	3	59	62968	59	62968	0.00644068	0.00438363	0.003	0.017	1067.25	983.397	60	4003	
0.4	5.4	53	227	8	3	32	39200	32	39200	0.00671875	0.0046989	0.003	0.017	1225	951.94	60	4107	
0.4	5.4	24	228	4	3	177	706528	177	706528	0.00707345	0.0034625	0.003	0.01	3991.68	2428.39	36	9422	
0.4	5.4	28	229	15	3	57	131497	57	131497	0.00570175	0.00343805	0.003	0.01	2306.96	2032.36	45	9422	
0.4	5.4	6	231	6	3	134	518042	134	518042	0.00660448	0.00351157	0.003	0.01	3865.99	2642.54	60	9422	
0.4	5.4	2	232	31	3	124	342863	124	342863	0.003	0	0.003	0.003	2765.02	2073.28	60	9422	
0.4	5.4	15	233	22	3	164	582927	164	582927	0.00368293	0.0020834	0.003	0.01	3554.43	2427.2	45	9422	
0.4	5.4	54	234	6	3	13	43308	13	43308	0.00730769	0.00354459	0.003	0.01	3331.38	3375.21	60	9422	
0.4	5.4	43	237	24	3	133	476539	133	476539	0.00831579	0.00312461	0.003	0.017	3583	2210.12	19	9422	
0.4	5.4	25	238	14	3	19	55145	19	55145	0.00447368	0.00293198	0.003	0.01	2902.37	2918	60	9422	
0.4	5.4	44	239	2	3	127	369339	126	366972	0.00688889	0.00349221	0.003	0.01	2912.48	2103.62	57	9422	
0.4	5.4	4	241	3	3	194	592149	194	592149	0.00736598	0.00361704	0.003	0.017	3052.31	2501.63	45	9422	
0.4	5.4	7	242	17	3	124	368986	124	368986	0.0063871	0.00362402	0.003	0.017	2975.69	2386.17	45	9422	
0.4	5.4	42	243	11	3	49	115792	49	115792	0.00657143	0.00353553	0.003	0.01	2363.1	2317.81	60	9422	
0.4	5.4	12	244	9	3	165	603141	165	603141	0.00656364	0.00351007	0.003	0.01	3655.4	2164.85	60	9422	
0.4	5.4	18	246	3	3	167	488414	167	488414	0.00626946	0.00374719	0.003	0.017	2924.63	2120.17	60	9422	
0.4	5.4	2	247	30	3	62	85376	62	85376	0.00537097	0.00333994	0.003	0.01	1377.03	1005.27	60	5861	
0.4	5.4	39	248	32	3	120	217340	120	217340	0.00725833	0.00354916	0.003	0.017	1811.17	1565.13	60	7876	
0.4	5.4	42	250	6	3	106	400655	106	400655	0.003	0	0.003	0.003	3779.76	1946.2	60	9422	
0.4	5.4	39	251	7	3	2	120	2	120	0.003	0	0.003	0.003	60	0	60	60	
0.4	5.4	36	252	4	3	158	541503	158	541503	0.00738607	0.00348742	0.003	0.017	3427.23	2438.4	45	9422	
0.4	5.4	52	253	50	3	6	2068	6	2068	0.00883333	0.00285774	0.003	0.01	344.667	473.904	56	1184	
0.4	5.4	18	254	19	3	239	664924	239	664924	0.00677824	0.00377923	0.003	0.017	2782.11	2187.15	45	9422	
0.4	5.4	20	257	15	3	70	153543	70	153543	0.0087	0.0029896	0.003	0.017	2193.47	2030.14	60	9422	
0.4	5.4	4	258	14	3	53	155791	53	155791	0.0089434	0.0037335	0.003	0.017	2939.45	2333.56	45	9422	
0.4	5.4	52	259	41	3	219	385739	219	385739	0.00603653	0.00384547	0.003	0.017	1761.37	1489.27	60	9422	
0.4	5.4	4	260	1	3	39	122006	39	122006	0.00658974	0.00354459	0.003	0.01	3128.36	2077.69	60	9422	
0.4	5.4	55	261	10	3	75	46370	75	46370	0.00421333	0.00290523	0.003	0.017	618.267	430.568	53	1775	
0.4	5.4	25	262	7	3	42	100123	42	100123	0.00666667	0.00353841	0.003	0.01	2383.88	2096.47	60	9422	
0.4	5.4	4	263	12	3	54	150413	54	150413	0.00533333	0.00333082	0.003	0.01	2785.43	2185.77	60	9422	
0.4	5.4	35	264	16	3	2	120	2	120	0.01	0	0.01	0.01	60	0	60	60	
0.4	5.4	55	266	49	3	208	289050	208	289050	0.00535577	0.00331566	0.003	0.01	1389.66	1348.3	15	7690	
0.4	5.4	52	270	71	3	228	310223	227	309039	0.00614537	0.00367134	0.003	0.017	1361.41	1152.42	36	9422	
0.4	5.4	29	274	13	3	115	298487	117	301867	0.00551282	0.00337234	0.003	0.01	2580.06	1788.5	23	9422	
0.4	5.4	15	275	9	3	132	309043	132	309043	0.00671212	0.00381346	0.003	0.017	2341.23	1656.08	60	9422	
0.4	5.4	3	276	3	3	92	356284	92	356284	0.00353261	0.00186613	0.003	0.01	3872.65	2821.77	45	9422	
0.4	5.4	8	278	26	3	112	312089	112	312089	0.003	0	0.003	0.003	2786.51	1988.98	60	9422	
0.4	5.4	37	279	49	3	35	52798	35	52798	0.0074	0.00451924	0.003	0.017	1508.51	972.649	60	4139	
0.4	5.4	22	280	2	3	134	488475	134	488475	0.00519403	0.00325941	0.003	0.01	3645.34	2915.02	45	9422	
0.4	5.4	34	282	32	3	171	106298	171	106298	0.00504678	0.00406681	0.003	0.017	621.626	635.202	43	4395	
0.4	5.4	39	284	15	3	76	186539	76	186539	0.003	0	0.003	0.003	2454.46	1769.6	60	9422	
0.4	5.4	40	286	2	3	3	180	3	180	0.00766667	0.00404145	0.003	0.01	60	0	60	60	
0.4	5.4	13	290	8	3	2	120	2	120	0.0065	0.00494975	0.003	0.01	60	0	60	60	
0.4	5.4	30	292	8	3	107	299528	107	299528	0.00836448	0.00354324	0.003	0.017	2799.33	2334.03	45	9422	
0.4	5.4	49	293	2	3	95	309096	94	307321	0.00910638	0.00276097	0.003	0.017	3269.37	2386.9	60	9422	
0.4	5.4	57	294	12	3	4	240	4	240	0.0065	0.00404145	0.003	0.01	60	0	60	60	
0.4	5.4	32	295	36	3	54	169933	54	169933	0.00688889	0.00351099	0.003	0.01	3146.91	2361.75	36	9422	
0.4	5.4	57	297	7	3	51	109600	51	109600	0.00643137	0.00353415	0.003	0.01	2149.02	1983.64	60	9422	
0.4	5.4	34	298	37	3	198	93371	198	93371	0.00547475	0.00408996	0.003	0.024	471.571	463.891	13	2196	
0.4	5.4	51	301	14	3	90	302461	90	302461	0.00595555	0.00347676	0.003	0.01	3360.68	2119.73	36	9422	
0.4	5.4	52	302	28	3	32	39186	31	38002	0.00751613	0.00385462	0.003	0.017	1225.87	562.976	60	2616	
0.4	5.4	28	303	13	3	74	139210	74	139210	0.00706757	0.00347725	0.003	0.01	1881.22	1702.3	60	8873	
0.4	5.4	41	304	10	3	3	180	3	180	0.00533333	0.00404145	0.003	0.01	60	0	60	60	
0.4	5.4	39	305	29	3	14	23200	13	21425	0.00623077	0.00363212	0.003	0.01	1648.08	1019.93	60	3550	
0.4	5.4	41	306	80	3	72	85403	72	85403	0.00688889	0.00437842	0.003	0.017	1186.15	979.855	60	5916	
0.4	5.4	41	307	69	3	137	172527	137	172527	0.00627007	0.00370513	0.003	0.017	1259.32	1106.25	60	6378	
0.4	5.4	35	308	11	3	65	188982	64	183066	0.00617187	0.00351213	0.003	0.01	2860.41	2022.64	60	9422	
0.4	5.4	52	309	39	3	131	241256	131	241256	0.00572519	0.00342626	0.003	0.01	1841.65	1602.67	19	9422	
0.4	5.4	14	310	14	3	141	620248	141	620248	0.003	0	0.003	0.003	4398.92	2542.57	45	9422	
0.4	5.4	27	311	16	3	140	482567	139	479017	0.00576978	0.00343536	0.003	0.01	3446.17	2729.76	45	9422	
0.4	5.4	23	313	20	3	199	735670	200	736307	0.006745	0.00363815	0.003	0.017	3681.53	2405.1	36	9422	
0.4	5.4	41	314	44	3	78	107883	78	107883	0.00658974	0.00461628	0.003	0.017	1383.12	1163.49	37	5664	
0.4	5.4	49	315	9	3	121	286627	121	285097	0.0078595	0.00323858	0.003	0.01	2356.17	2408.17	36	9422	
0.4	5.4	18	316	1	3	164	432219	165	436614	0.00783636	0.00359419	0.003	0.017	2646.15	2381.74	45	9422	
0.4	5.4	55	318	9	3	247	465417	247	465417	0.00436032	0.00277542	0.003	0.01	1884.28	1401.85	26	9422	
0.4	5.4	15	319	15	3	192	436534	191	428844	0.00827749	0.00410795	0.003	0.024	2245.26	1882.09	36	9422	
0.4	5.4	21	320	3	3	2	120	2	120	0.01	0	0.01	0.01	60	0	60	60	
0.4	5.4	8	322	21	3	13	20236	10	17868	0.0079	0.00338132	0.003	0.01	1786.8	1420.04	60	5324	
0.4	5.4	42	323	7	3	121	247505	121	247505	0.00704959	0.00380756	0.003	0.017	2045.5	1449.03	60	7265	
0.4	5.4	10	324	14	3	151	462620	151	462620	0.0054106	0.00333721	0.003	0.01	3063.71	2312.71	45	9422	
0.4	5.4	1	325	15	3	149	520894	149	520894	0.00797986	0.00328483	0.003	0.017	3495.93	2414.81	45	9422	
0.4	5.4	39	329	60	3	67	145713	68	148080	0.00567647	0.00342703	0.003	0.01	2177.65	1343.75	60	8873	
0.4	5.4	18	330	11	3	50	115522	50	115522	0.00846	0.00292916	0.003	0.01	2310.44	1820.75	60	7099	
0.4	5.4	8	331	17	3	78	119830	78	119830	0.00685897	0.00401207	0.003	0.017	1536.28	1103.67	60	5324	
0.4	5.4	21	333	5	3	185	583703	185	583703	0.00651892	0.00350945	0.003	0.01	3155.15	2562.29	45	9422	
0.4	5.4	6	334	12	3	86	387155	86	387155	0.00365116	0.00204518	0.003	0.01	4501.8	3274.27	45	9422	
0.4	5.4	36	335	7	3	11	8520	11	8520	0.00745454	0.00353167	0.003	0.01	774.545	442.503	60	1184	
0.4	5.4	12	337	5	3	142	364607	142	364607	0.00940845	0.00256865	0.003	0.017	2567.65	2300.87	45	9422	
0.4	5.4	1	338	8	3	94	226180	94	226180	0.00843617	0.00310587	0.003	0.017	2406.17	1755.73	8	7690	
0.4	5.4	39	339	63	3	2	120	2	120	0.01	0	0.01	0.01	60	0	60	60	
0.4	5.4	46	340	13	3	50	127343	49	124976	0.00857143	0.00285044	0.003	0.01	2550.53	2072.04	60	9422	
0.4	5.4	46	343	15	3	41	126155	40	124380	0.007725	0.00332039	0.003	0.01	3109.5	1864.09	60	9213	
0.4	5.4	5	346	8	3	132	555655	132	555655	0.00665909	0.0035097	0.003	0.01	4209.51	2411.08	45	9422	
0.4	5.4	34	347	13	3	215	180301	215	180301	0.00553953	0.00375874	0.003	0.017	838.609	796.585	43	4395	
0.4	5.4	31	348	10	3	155	498570	156	499081	0.00461538	0.00295877	0.003	0.01	3199.24	2310.85	60	9422	
0.4	5.4	44	349	9	3	97	287700	97	287700	0.00653608	0.00366021	0.003	0.017	2965.98	1812.16	60	9422	
0.4	5.4	34	350	40	3	229	234269	229	234269	0.00495633	0.00314807	0.003	0.01	1023.01	1280.3	7	9422	
0.4	5.4	34	351	49	3	27	19679	27	19679	0.00559259	0.00481392	0.003	0.017	728.852	538.523	14	1775	
0.4	5.4	17	352	14	3	18	39168	18	39168	0.00727778	0.00351142	0.003	0.01	2176	2639.92	60	9422	
0.4	5.4	52	354	26	3	145	196685	145	196685	0.00623448	0.00350201	0.003	0.01	1356.45	1073.08	36	7098	
0.4	5.4	37	355	4	3	4	240	4	240	0.00825	0.0035	0.003	0.01	60	0	60	60	
0.4	5.4	41	356	20	3	5	1306	5	1306	0.0072	0.00383406	0.003	0.01	261.2	293.814	21	592	
0.4	5.4	18	357	21	3	10	5453	10	5453	0.0051	0.00338132	0.003	0.01	545.3	397.705	21	1404	
0.4	5.4	40	358	17	3	132	414392	132	414392	0.00681818	0.00349879	0.003	0.01	3139.33	2371.23	45	9422	
0.4	5.4	33	363	12	3	92	232085	92	232085	0.00794565	0.00352499	0.003	0.017	2522.66	2225.03	45	9422	
0.4	5.4	26	364	9	3	38	137494	38	137494	0.00447368	0.00289208	0.003	0.01	3618.26	3087.86	45	9422	
0.4	5.4	9	365	12	3	3	1892	2	708	0.01	0	0.01	0.01	354	415.779	60	648	
0.4	5.4	20	366	18	3	92	295949	92	295949	0.003	0	0.003	0.003	3216.84	2348.65	60	9422	
0.4	5.4	47	367	12	3	39	97342	39	97342	0.00353846	0.00188967	0.003	0.01	2495.95	1962.64	60	8873	
0.4	5.4	45	372	12	3	103	364628	103	364628	0.003	0	0.003	0.003	3540.08	2477.78	45	9422	
0.4	5.4	14	373	13	3	122	466443	121	461119	0.0075124	0.00336431	0.003	0.01	3810.9	2447.65	50	9422	
0.4	5.4	53	374	11	3	1	60	1	60	0.01	0	0.01	0.01	60	0	60	60	
0.4	5.4	34	375	54	3	22	9619	22	9619	0.00522727	0.0039753	0.003	0.017	437.227	417.959	60	1836	
0.4	5.4	22	377	9	3	117	353485	117	353485	0.00790598	0.00321897	0.003	0.01	3021.24	2095.95	57	9422	
0.4	5.4	41	380	50	3	130	165325	128	164697	0.00633594	0.00392504	0.003	0.017	1286.7	973.689	60	4733	
0.4	5.4	5	381	20	3	87	169961	87	169961	0.00782759	0.00342768	0.003	0.017	1953.57	1558.53	60	5916	
0.4	5.4	39	382	66	3	110	190706	110	190706	0.00611818	0.00349503	0.003	0.01	1733.69	1694.62	36	9422	
0.4	5.4	27	384	3	3	59	185913	59	185913	0.00691525	0.00350511	0.003	0.01	3151.07	2059.94	60	9422	
0.4	5.4	47	385	3	3	176	747492	176	747492	0.00331818	0.00146225	0.003	0.01	4247.11	2886.61	45	9422	
0.4	5.4	44	388	23	3	68	198345	69	204852	0.00715942	0.0034625	0.003	0.01	2968.87	2026.62	36	7690	
0.4	5.4	39	389	4	3	3	180	3	180	0.00766667	0.00404145	0.003	0.01	60	0	60	60	
0.4	5.4	37	391	38	3	27	29726	27	29726	0.00637037	0.00356423	0.003	0.01	1100.96	738.519	23	3182	
0.4	5.4	55	393	56	3	177	314097	177	314097	0.00477966	0.00305667	0.003	0.01	1774.56	1641.9	60	9422	
0.4	5.4	35	395	15	3	31	79407	31	79407	0.0066129	0.003556	0.003	0.01	2561.52	1767.21	60	7099	
0.4	5.4	44	397	11	3	194	549833	194	549833	0.0073299	0.00362553	0.003	0.017	2834.19	2064.25	60	9422	
0.4	5.4	2	398	35	3	156	296670	156	296670	0.00658974	0.00351012	0.003	0.01	1901.73	1654.52	36	9422	
0.4	5.4	41	402	68	3	189	277894	189	277894	0.00640741	0.00399443	0.003	0.017	1470.34	1073.68	60	5861	
0.4	5.4	50	403	1	3	110	354653	110	354653	0.00624545	0.00350671	0.003	0.01	3224.12	2086.21	60	9422	
0.4	5.4	29	404	9	3	90	188340	90	188340	0.00502222	0.00367187	0.003	0.017	2092.67	1464.71	28	7099	
0.4	5.4	47	405	6	3	64	127358	64	127358	0.00617187	0.00351213	0.003	0.01	1989.97	893.568	43	4141	
0.4	5.4	53	407	9	3	27	89462	27	89462	0.003	0	0.003	0.003	3313.41	2034.64	60	9422	
0.4	5.4	37	408	18	3	34	46939	34	46939	0.0065	0.0043082	0.003	0.017	1380.56	1279.01	60	7690	
0.4	5.4	38	409	18	3	71	265773	71	265773	0.0053662	0.00333484	0.003	0.01	3743.28	2241.8	60	8282	
0.4	5.4	57	410	17	3	52	126872	52	126872	0.00421154	0.00267403	0.003	0.01	2439.85	2366	45	9422	
0.4	5.4	57	412	23	3	119	333293	117	328558	0.00431624	0.00274694	0.003	0.01	2808.19	2070.11	10	9422	
0.4	5.4	34	414	1	3	158	298575	158	298575	0.00592405	0.00346326	0.003	0.01	1889.72	1565.61	13	9422	
0.4	5.4	42	417	29	3	125	399021	125	399021	0.007032	0.00347325	0.003	0.01	3192.17	2319.89	45	9422	
0.4	5.4	55	418	32	3	224	329559	224	329559	0.00559375	0.00338821	0.003	0.01	1471.25	1595.83	45	9422	
0.4	5.4	26	419	11	3	2	120	2	120	0.0065	0.00494975	0.003	0.01	60	0	60	60	
0.4	5.4	42	420	24	3	47	98355	47	98355	0.00642553	0.00353704	0.003	0.01	2092.66	1919.44	60	9422	
0.4	5.4	37	421	24	3	1	60	1	60	0.003	0	0.003	0.003	60	0	60	60	
0.4	5.4	25	422	12	3	162	553464	162	553464	0.00818518	0.00307711	0.003	0.01	3416.44	2789.79	36	9422	
0.4	5.4	52	423	44	3	132	265278	133	267645	0.006	0.0034772	0.003	0.01	2012.37	1530.93	60	9422	
0.4	5.4	33	424	20	3	59	194312	59	194312	0.003	0	0.003	0.003	3293.42	3074.67	60	9422	
0.4	5.4	21	427	11	3	1	60	1	60	0.003	0	0.003	0.003	60	0	60	60	
0.4	5.4	22	430	3	3	96	257035	96	257035	0.00839583	0.00295752	0.003	0.01	2677.45	2063.07	60	9422	
0.4	5.4	13	432	16	3	111	395357	111	395357	0.00457658	0.00293738	0.003	0.01	3561.77	2498.15	45	9422	
0.4	5.4	55	433	4	3	4	240	4	240	0.003	0	0.003	0.003	60	0	60	60	
0.4	5.4	52	435	35	3	27	32088	27	32088	0.0042963	0.00277093	0.003	0.01	1188.44	753.73	53	2958	
0.4	5.4	13	436	15	3	94	131554	94	131554	0.00694681	0.00417717	0.003	0.024	1399.51	1386.49	13	9422	
0.4	5.4	53	437	4	3	49	106647	49	106647	0.00757143	0.00392641	0.003	0.017	2176.47	1408	60	6378	
0.4	5.4	13	438	13	3	150	429777	150	429777	0.00738667	0.00349263	0.003	0.017	2865.18	2498.09	45	9422	
0.4	5.4	57	440	26	3	70	200957	70	200957	0.003	0	0.003	0.003	2870.81	2815.71	45	9422	
0.4	5.4	2	442	40	3	172	589648	172	589648	0.00507558	0.00320637	0.003	0.01	3428.19	2212.27	17	9422	
0.4	5.4	54	443	2	3	199	831979	199	831979	0.00405528	0.00251098	0.003	0.01	4180.8	2789.26	45	9422	
0.4	5.4	57	447	28	3	144	412700	144	412700	0.00509028	0.00370959	0.003	0.017	2865.97	2393.11	45	9422	
0.4	5.4	5	448	7	3	101	316079	101	316079	0.00556436	0.00338944	0.003	0.01	3129.5	2005.95	60	9422	
0.4	5.4	2	449	8	3	13	21425	13	21425	0.00730769	0.00354459	0.003	0.01	1648.08	1453.42	60	5324	
0.4	5.4	39	452	48	3	120	145991	120	145991	0.008425	0.00430099	0.003	0.017	1216.59	1065.25	56	7708	
0.4	5.4	15	454	7	3	85	167127	84	165352	0.00766667	0.00331965	0.003	0.01	1968.48	1486.98	18	8282	
0.4	5.4	28	456	9	3	65	110279	64	110219	0.0060625	0.0035	0.003	0.01	1722.17	1626.31	60	7099	
0.4	5.4	29	457	27	3	106	242877	106	242877	0.00550943	0.00350848	0.003	0.017	2291.29	1874.61	60	9422	
0.4	5.4	19	458	18	3	43	152172	43	152172	0.003	0	0.003	0.003	3538.88	2728.93	45	9422	
0.4	5.4	8	459	29	3	195	313366	195	313366	0.0072359	0.00391215	0.003	0.017	1607.01	1430.55	21	9422	
0.4	5.4	41	460	78	3	152	283744	152	283744	0.00631579	0.00385914	0.003	0.017	1866.74	1606.3	45	9422	
0.4	5.4	2	461	32	3	176	388145	176	388145	0.00634091	0.00350636	0.003	0.01	2205.37	1878.34	60	9422	
0.4	5.4	39	462	43	3	196	396800	196	396800	0.00685714	0.0040875	0.003	0.017	2024.49	1510.5	60	8873	
0.4	5.4	2	464	1	3	79	193740	79	193740	0.003	0	0.003	0.003	2452.41	2112.23	60	9422	
0.4	5.4	38	465	23	3	146	578751	146	578751	0.00568493	0.00341549	0.003	0.01	3964.05	2491.72	45	9422	
0.4	5.4	6	468	13	3	14	43900	14	43900	0.0085	0.00298071	0.003	0.01	3135.71	3324.42	60	9422	
0.4	5.4	3	469	7	3	182	740484	181	733977	0.003	0	0.003	0.003	4055.12	2405.37	45	9422	
0.4	5.4	54	470	23	3	126	574593	126	574593	0.00311111	0.000878382	0.003	0.01	4560.26	2835.16	45	9422	
0.4	5.4	28	471	8	3	88	129771	88	129771	0.00610227	0.00365476	0.003	0.017	1474.67	1301.18	60	7690	
0.4	5.4	37	473	11	3	2	120	2	120	0.01	0	0.01	0.01	60	0	60	60	
0.4	5.4	55	475	25	3	5	3669	5	3669	0.003	0	0.003	0.003	733.8	711.849	60	1775	
0.4	5.4	27	476	9	3	64	121428	64	121428	0.00715625	0.0034651	0.003	0.01	1897.31	1497.15	60	5324	
0.4	5.4	37	477	36	3	1	60	1	60	0.003	0	0.003	0.003	60	0	60	60	
0.4	5.4	28	478	5	3	108	247018	108	247018	0.00507407	0.00321126	0.003	0.01	2287.2	1708.94	60	9422	
0.4	5.4	48	479	7	3	77	280547	77	280547	0.003	0	0.003	0.003	3643.47	2145.14	60	9422	
0.4	5.4	29	482	14	3	5	300	5	300	0.0086	0.0031305	0.003	0.01	60	0	60	60	
0.4	5.4	52	484	32	3	31	58239	31	58239	0.00525806	0.00332634	0.003	0.01	1878.68	1253.27	60	4904	
0.4	5.4	50	487	2	3	46	139163	45	135613	0.00782222	0.00327726	0.003	0.01	3013.62	1935.53	60	8282	
0.4	5.4	39	488	46	3	1	60	1	60	0.01	0	0.01	0.01	60	0	60	60	
0.4	5.4	37	489	22	3	226	619815	226	619815	0.00433186	0.00275367	0.003	0.01	2742.54	2111.03	60	9422	
0.4	5.4	27	490	1	3	14	23202	14	23202	0.007	0.00452344	0.003	0.017	1657.29	1163.21	60	4395	
0.4	5.4	41	491	40	3	1	60	1	60	0.003	0	0.003	0.003	60	0	60	60	
0.4	5.4	53	492	3	3	147	362923	146	362331	0.00750685	0.00374395	0.003	0.017	2481.72	1993.69	26	8079	
0.4	5.4	20	493	5	3	202	868579	201	864438	0.003	0	0.003	0.003	4300.69	2613.23	45	9422	
0.4	5.4	26	494	6	3	3	180	3	180	0.00766667	0.00404145	0.003	0.01	60	0	60	60	
0.4	5.4	55	497	12	3	201	260748	201	260748	0.00578607	0.00343497	0.003	0.01	1297.25	1195.16	60	9422	
0.4	5.4	37	499	14	3	1	60	1	60	0.01	0	0.01	0.01	60	0	60	60	
0.4	5.4	28	500	1	3	100	181831	100	181831	0.00727	0.00383986	0.003	0.017	1818.31	1590.19	43	9422	
0.4	5.4	8	502	27	3	207	396080	207	396080	0.00756522	0.00361555	0.003	0.017	1913.43	1625.25	45	9422	
0.4	5.4	52	503	29	3	4	240	4	240	0.00825	0.0035	0.003	0.01	60	0	60	60	
0.4	5.4	43	504	22	3	3	1892	2	708	0.0065	0.00494975	0.003	0.01	354	415.779	60	648	
0.4	5.4	56	506	1	3	175	591459	174	587909	0.00859195	0.0034474	0.003	0.017	3378.79	2319.14	15	9422	
0.4	5.4	15	507	10	3	91	239883	91	239883	0.00653846	0.00351918	0.003	0.01	2636.08	1642.92	60	7099	
0.4	5.4	37	510	29	3	78	142752	78	142752	0.00596154	0.00348072	0.003	0.01	1830.15	1642.81	45	9422	
0.4	5.4	53	511	2	3	126	392061	127	393252	0.0069685	0.00348224	0.003	0.01	3096.47	2309.29	36	9422	
0.4	5.4	2	514	24	3	98	231523	98	231523	0.00435714	0.00278157	0.003	0.01	2362.48	1723.58	60	9422	
0.4	5.4	29	515	28	3	80	217881	81	219360	0.00697531	0.00348918	0.003	0.01	2708.15	1986.67	60	9422	
0.4	5.4	15	517	21	3	32	52326	32	52326	0.00671875	0.00354905	0.003	0.01	1635.19	1237.87	60	4736	
0.4	5.4	41	519	7	3	4	240	4	240	0.00825	0.0035	0.003	0.01	60	0	60	60	
0.4	5.4	51	520	17	3	2	120	2	120	0.0065	0.00494975	0.003	0.01	60	0	60	60	
0.4	5.4	32	523	34	3	156	536300	156	536300	0.0050641	0.00320218	0.003	0.01	3437.82	2049.72	32	8873	
0.4	5.4	4	525	6	3	132	305508	132	305508	0.00713636	0.00366492	0.003	0.017	2314.45	1594.46	60	7099	
0.4	5.4	5	526	16	3	3	1892	3	1892	0.01	0	0.01	0.01	630.667	562.2	60	1184	
0.4	5.4	36	527	11	3	15	41540	15	41540	0.003	0	0.003	0.003	2769.33	2062.84	60	7098	
0.4	5.4	52	528	31	3	152	268362	152	268362	0.00534868	0.00331615	0.003	0.01	1765.54	1282.49	60	8282	
0.4	5.4	22	529	15	3	84	211951	84	211951	0.00766667	0.00331965	0.003	0.01	2523.23	2003.93	60	8873	
0.4	5.4	21	530	27	3	100	185427	101	186108	0.00653465	0.00351728	0.003	0.01	1842.65	1679.19	60	9422	
0.4	5.4	32	531	2	3	128	282521	128	282521	0.00764844	0.0037555	0.003	0.017	2207.2	1568.51	60	6507	
0.4	5.4	21	532	24	3	47	80625	47	80625	0.00612766	0.00351776	0.003	0.01	1715.43	1525.15	60	6467	
0.4	5.4	45	533	7	3	114	496599	114	496599	0.00465789	0.00298915	0.003	0.01	4356.13	2628.8	45	9422	
0.4	5.4	42	534	12	3	1	60	1	60	0.01	0	0.01	0.01	60	0	60	60	
0.4	5.4	41	535	15	3	1	60	1	60	0.003	0	0.003	0.003	60	0	60	60	
0.4	5.4	8	536	18	3	195	537556	195	537556	0.0043282	0.00275175	0.003	0.01	2756.7	1977.77	60	9422	
0.4	5.4	52	537	5	3	42	46964	42	46964	0.005	0.00320061	0.003	0.01	1118.19	1008.84	37	4141	
0.4	5.4	45	538	3	3	22	75256	21	71706	0.009	0.00250998	0.003	0.01	3414.57	2695.71	60	9422	
0.4	5.4	57	539	8	3	131	232730	131	232730	0.00754198	0.00415703	0.003	0.017	1776.56	1432.02	60	9422	
0.4	5.4	39	541	27	3	143	210903	143	210903	0.00701399	0.00451131	0.003	0.024	1474.85	1617.66	14	9422	
0.4	5.4	48	542	12	3	286	1262870	286	1262870	0.003	0	0.003	0.003	4415.63	3000.23	45	9422	
0.4	5.4	5	543	10	3	142	478317	142	478317	0.00861972	0.00279496	0.003	0.01	3368.43	2405.87	36	9422	
0.4	5.4	57	544	14	3	2	116	2	116	0.0065	0.00494975	0.003	0.01	58	2.82843	56	60	
0.4	5.4	21	546	18	3	141	195146	141	195146	0.00632624	0.00406289	0.003	0.017	1384.01	1472.3	5	9422	
0.4	5.4	1	547	5	3	235	966948	235	966948	0.003	0	0.003	0.003	4114.67	2497.8	45	9422	
0.4	5.4	34	549	29	3	345	343802	345	343802	0.00545507	0.00382219	0.003	0.017	996.528	1259.22	60	9422	
0.4	5.4	13	550	21	3	79	208572	79	208572	0.00681013	0.00350851	0.003	0.01	2640.15	2297.12	45	9422	
0.4	5.4	46	551	4	3	62	178811	62	178811	0.00458064	0.00295068	0.003	0.01	2884.05	2130.93	60	9422	
0.4	5.4	2	554	28	3	34	60018	34	60018	0.00547059	0.0033955	0.003	0.01	1765.24	1542.77	60	6378	
0.4	5.4	21	556	2	3	182	646392	183	651125	0.00514208	0.00323469	0.003	0.01	3558.06	2546.81	45	9422	
0.4	5.4	52	557	49	3	54	93047	54	93047	0.00714815	0.00347176	0.003	0.01	1723.09	1112.63	27	5916	
0.4	5.4	44	558	5	3	189	696716	190	698491	0.003	0	0.003	0.003	3676.27	2593.02	45	9422	
0.4	5.4	44	560	19	3	82	269940	82	269940	0.00726829	0.00360743	0.003	0.017	3291.95	2053.19	60	9422	
0.4	5.4	8	561	19	3	23	39187	23	39187	0.00421739	0.00271287	0.003	0.01	1703.78	2216.06	60	9422	
0.4	5.4	52	565	33	3	81	88382	80	87795	0.0064125	0.00459139	0.003	0.017	1097.44	1229.42	12	6507	
0.4	5.4	39	567	20	3	112	165328	112	165328	0.006	0.00384145	0.003	0.017	1476.14	1169.62	40	6877	
0.4	5.4	41	568	70	3	132	223587	132	223587	0.00644697	0.00445214	0.003	0.024	1693.84	1322.32	5	6555	
0.4	5.4	55	569	6	3	1	60	1	60	0.003	0	0.003	0.003	60	0	60	60	
0.4	5.4	28	572	10	3	137	355339	137	355339	0.00432847	0.00275497	0.003	0.01	2593.72	2028.95	60	9422	
0.4	5.4	52	573	24	3	6	4375	5	2600	0.0086	0.0031305	0.003	0.01	520	473.515	60	1184	
0.4	5.4	41	576	73	3	14	13145	14	13145	0.0055	0.00348072	0.003	0.01	938.929	592.897	60	1932	
0.4	5.4	55	577	61	3	127	161895	127	161895	0.00514961	0.00324179	0.003	0.01	1274.76	889.29	60	5258	
0.4	5.4	39	578	6	3	2	120	2	120	0.01	0	0.01	0.01	60	0	60	60	
0.4	5.4	46	580	2	3	7	7218	7	7218	0.009	0.00264575	0.003	0.01	1031.14	637.2	60	1775	
0.4	5.4	21	581	1	3	2	120	2	120	0.01	0	0.01	0.01	60	0	60	60	
0.4	5.4	31	582	6	3	1	60	1	60	0.003	0	0.003	0.003	60	0	60	60	
0.4	5.4	29	583	4	3	3	180	3	180	0.01	0	0.01	0.01	60	0	60	60	
0.4	5.4	34	584	5	3	1	60	1	60	0.003	0	0.003	0.003	60	0	60	60	
0.4	5.4	55	585	46	3	36	45702	36	45702	0.00319444	0.00116667	0.003	0.01	1269.5	683.872	60	2958	
0.4	5.4	38	586	26	3	215	648534	215	648534	0.00706977	0.0035269	0.003	0.017	3016.44	2334.09	36	9422	
0.4	5.4	37	587	64	3	5	300	5	300	0.01	0.00494975	0.003	0.017	60	0	60	60	
0.4	5.4	41	589	63	3	178	238217	178	238217	0.00594944	0.00346618	0.003	0.01	1338.3	910.189	14	4141	
0.4	5.4	29	590	24	3	127	290377	127	290377	0.00388189	0.00233202	0.003	0.01	2286.43	1828.98	60	9422	
0.4	5.4	10	591	13	3	98	271273	98	271273	0.003	0	0.003	0.003	2768.09	1877.24	60	9422	
0.4	5.4	38	592	22	3	1	60	1	60	0.01	0	0.01	0.01	60	0	60	60	
0.4	5.4	19	594	1	3	170	680148	170	680148	0.00324706	0.00129547	0.003	0.01	4000.87	2420.21	45	9422	
0.4	5.4	52	595	56	3	6	5444	6	5444	0.00883333	0.00285774	0.003	0.01	907.333	708.782	60	1775	
0.4	5.4	32	597	25	3	60	113161	60	113161	0.00661667	0.00352757	0.003	0.01	1886.02	1319.16	60	5324	
0.4	5.4	1	599	4	3	91	232788	91	232788	0.006	0.00363624	0.003	0.017	2558.11	2376.5	60	9422	
0.4	5.4	33	602	5	3	158	764969	158	764969	0.00468354	0.00300125	0.003	0.01	4841.58	2962.91	45	9422	
0.4	5.4	39	605	59	3	47	87720	47	87720	0.00657447	0.00353704	0.003	0.01	1866.38	1620.11	60	9422	
0.4	5.4	23	606	16	3	142	529173	142	529173	0.00600704	0.00347738	0.003	0.01	3726.57	2641.46	45	9422	
0.4	5.4	44	607	20	3	69	272395	69	272395	0.00827536	0.00326697	0.003	0.017	3947.75	2691.48	36	9422	
0.4	5.4	34	608	30	3	221	198647	221	198647	0.0049638	0.00315199	0.003	0.01	898.855	773.386	8	4479	
0.4	5.4	47	609	17	3	86	159029	86	159029	0.00763953	0.00349761	0.003	0.017	1849.17	1603.42	4	8873	
0.4	5.4	41	610	81	3	116	271752	116	271752	0.00619827	0.0035021	0.003	0.01	2342.69	1727.67	60	8873	
0.4	5.4	21	612	26	3	136	439158	136	439158	0.003	0	0.003	0.003	3229.1	2423.92	45	9422	
0.4	5.4	28	614	14	3	181	714525	181	714525	0.00307735	0.000733777	0.003	0.01	3947.65	2971.76	11	9422	
0.4	5.4	44	615	7	3	190	577734	190	577734	0.00742105	0.00338556	0.003	0.01	3040.71	2183.93	45	9422	
0.4	5.4	30	617	13	3	30	66398	30	66398	0.003	0	0.003	0.003	2213.27	2080.56	60	9422	
0.4	5.4	57	618	4	3	16	32074	16	32074	0.005625	0.0035	0.003	0.01	2004.62	1384.83	60	5861	
0.4	5.4	17	619	11	3	66	213237	65	209096	0.00623077	0.00351679	0.003	0.01	3216.86	2435.28	23	9422	
0.4	5.4	55	620	28	3	276	496820	276	496820	0.00581522	0.00401252	0.003	0.017	1800.07	1613.23	23	9422	
0.4	5.4	56	622	2	3	80	219176	80	219176	0.007725	0.00365602	0.003	0.017	2739.7	2715.69	45	9422	
0.4	5.4	39	623	56	3	42	81213	42	81213	0.003	0	0.003	0.003	1933.64	1330.38	60	5916	
0.4	5.4	29	625	6	3	109	159338	109	159338	0.00865138	0.00362444	0.003	0.017	1461.82	795.687	60	4141	
0.4	5.4	25	626	16	3	96	206780	96	206780	0.00773958	0.00329032	0.003	0.01	2153.96	1886.28	60	9422	
0.4	5.4	57	627	5	3	209	586661	208	585477	0.00683654	0.00349219	0.003	0.01	2814.79	2117.51	21	9422	
0.4	5.4	25	628	4	3	47	130879	47	130879	0.00776596	0.00329831	0.003	0.01	2784.66	1982.56	60	8873	
0.4	5.4	23	629	15	3	84	261160	84	261160	0.00816667	0.00345656	0.003	0.017	3109.05	1973.33	18	7690	
0.4	5.4	13	630	3	3	67	113138	67	113138	0.0071791	0.0034594	0.003	0.01	1688.63	1594.52	60	9422	
0.4	5.4	41	632	86	3	1	60	1	60	0.003	0	0.003	0.003	60	0	60	60	
0.4	5.4	5	634	5	3	26	45100	26	45100	0.00865385	0.00344026	0.003	0.017	1734.62	1571.82	60	5324	
0.4	5.4	13	635	11	3	38	106026	38	106026	0.00871053	0.00275002	0.003	0.01	2790.16	2557.43	60	9422	
0.4	5.4	41	638	89	3	68	83018	68	83018	0.00680882	0.00408951	0.003	0.017	1220.85	865.148	60	4395	
0.4	5.4	52	639	21	3	2	120	2	120	0.01	0.00989949	0.003	0.017	60	0	60	60	
0.4	5.4	42	640	10	3	20	51006	20	51006	0.0079	0.00329114	0.003	0.01	2550.3	2856.6	60	9422	
0.4	5.4	52	642	4	3	124	170618	124	170618	0.00559677	0.00339516	0.003	0.01	1375.95	1148.71	60	7099	
0.4	5.4	36	643	12	3	87	247556	87	247556	0.003	0	0.003	0.003	2845.47	1951.73	60	9422	
0.4	5.4	17	645	1	3	47	117878	47	117878	0.00806383	0.0034854	0.003	0.017	2508.04	1778.32	36	9422	
0.4	5.4	39	648	53	3	100	139261	100	139261	0.00692	0.0043732	0.003	0.017	1392.61	1465.05	21	8873	
0.4	5.4	52	649	12	3	57	78289	57	78289	0.0047193	0.00303994	0.003	0.01	1373.49	1475.21	60	9422	
0.4	5.4	39	650	50	3	37	55815	37	55815	0.00924324	0.00396796	0.003	0.017	1508.51	1258.54	60	5861	
0.4	5.4	37	651	56	3	120	209646	120	209646	0.00690833	0.00349067	0.003	0.01	1747.05	1522.61	52	9422	
0.4	5.4	55	652	54	3	102	129215	102	129215	0.0052647	0.00329093	0.003	0.01	1266.81	982.982	18	4577	
0.4	5.4	2	653	14	3	185	302128	185	302128	0.00682162	0.00443499	0.003	0.017	1633.12	1611.11	11	9422	
0.4	5.4	41	654	79	3	2	120	2	120	0.003	0	0.003	0.003	60	0	60	60	
0.4	5.4	16	655	13	3	60	213106	59	210739	0.00810169	0.00313872	0.003	0.01	3571.85	2120.8	60	8282	
0.4	5.4	1	657	7	3	157	558194	156	557602	0.00632051	0.00350665	0.003	0.01	3574.37	2407.61	45	9422	
0.4	5.4	9	658	3	3	27	102469	27	102469	0.00948148	0.00186816	0.003	0.01	3795.15	2769.15	60	9422	
0.4	5.4	49	659	18	3	130	330901	130	330901	0.00854615	0.00322565	0.003	0.017	2545.39	1540.15	60	7099	
0.4	5.4	44	660	14	3	94	335584	94	335584	0.00679787	0.003506	0.003	0.01	3570.04	2406.62	45	9422	
0.4	5.4	53	661	14	3	25	50415	25	50415	0.00776	0.00389744	0.003	0.017	2016.6	2022.25	60	8873	
0.4	5.4	48	664	9	3	10	31474	10	31474	0.0086	0.00295146	0.003	0.01	3147.4	3155.04	60	9422	
0.4	5.4	13	666	4	3	60	89617	60	89617	0.00615	0.00351184	0.003	0.01	1493.62	1530.49	38	9422	
0.4	5.4	3	667	2	3	219	763577	219	763577	0.00769863	0.0033634	0.003	0.017	3486.65	2619.48	45	9422	
0.4	5.4	41	671	71	3	2	120	2	120	0.01	0	0.01	0.01	60	0	60	60	
0.4	5.4	45	672	14	3	19	49878	19	49878	0.003	0	0.003	0.003	2625.16	2535.35	60	9422	
0.4	5.4	17	673	2	3	153	501398	154	507314	0.00777273	0.00346131	0.003	0.017	3294.25	2341.68	45	9422	
0.4	5.4	5	675	15	3	86	232776	86	232776	0.00877907	0.00287955	0.003	0.017	2706.7	2232.65	60	9422	
0.4	5.4	52	678	57	3	176	275439	176	275439	0.00586364	0.00345148	0.003	0.01	1564.99	1485.84	26	9422	
0.4	5.4	21	680	8	3	133	351073	133	351073	0.00631579	0.00350836	0.003	0.01	2639.65	2137.3	57	9422	
0.4	5.4	21	681	6	3	51	117889	51	117889	0.0045098	0.00290773	0.003	0.01	2311.55	1786.01	60	9422	
0.4	5.4	41	682	23	3	69	93138	69	93138	0.00675362	0.00371565	0.003	0.017	1349.83	1312.14	60	9422	
0.4	5.4	31	683	12	3	227	609273	227	609273	0.00707048	0.00352292	0.003	0.017	2684.02	2204.54	36	9422	
0.4	5.4	37	684	61	3	27	53973	27	53973	0.00974074	0.00410996	0.003	0.017	1999	2088.94	45	9422	
0.4	5.4	29	686	29	3	70	104416	70	104416	0.0063	0.00408017	0.003	0.017	1491.66	923.723	60	4107	
0.4	5.4	35	688	14	3	43	102487	43	102487	0.00837209	0.00369055	0.003	0.017	2383.42	2278.51	60	9422	
0.4	5.4	37	689	65	3	28	37996	28	37996	0.00475	0.00308671	0.003	0.01	1357	766.015	60	2958	
0.4	5.4	37	690	21	3	166	368943	166	368943	0.00662651	0.00375366	0.003	0.017	2222.55	1849.75	60	9422	
0.4	5.4	24	691	1	3	53	176426	53	176426	0.00828302	0.00304061	0.003	0.01	3328.79	2256.92	60	9422	
0.4	5.4	8	692	11	3	129	335196	129	335196	0.00408527	0.00254347	0.003	0.01	2598.42	1851	60	9422	
0.4	5.4	19	693	7	3	155	616252	155	616252	0.003	0	0.003	0.003	3975.82	2645.4	45	9422	
0.4	5.4	34	694	28	3	5	300	5	300	0.0072	0.00383406	0.003	0.01	60	0	60	60	
0.4	5.4	20	695	6	3	39	92443	39	92443	0.00766667	0.00404145	0.003	0.017	2370.33	1711.69	60	7099	
0.4	5.4	55	696	8	3	292	513019	292	513019	0.00513356	0.00322777	0.003	0.01	1756.91	1833.91	21	9422	
0.4	5.4	42	700	5	3	133	407910	133	407910	0.00710526	0.0034603	0.003	0.01	3066.99	2155.88	45	9422	
0.4	5.4	22	701	14	3	114	319175	114	319175	0.00748246	0.00362204	0.003	0.017	2799.78	2263.86	60	9422	
0.4	5.4	47	702	4	3	1	60	1	60	0.003	0	0.003	0.003	60	0	60	60	
0.4	5.4	32	703	35	3	136	394220	136	394220	0.00624265	0.00380155	0.003	0.017	2898.68	2544.79	45	9422	
0.4	5.4	55	706	67	3	26	33875	26	33875	0.00488461	0.00316641	0.003	0.01	1302.88	1312.82	43	5454	
0.4	5.4	11	707	13	3	78	214903	77	210762	0.00954545	0.00207457	0.003	0.017	2737.17	1806.2	60	9422	
0.4	5.4	50	708	16	3	155	412563	155	412563	0.00751613	0.00336011	0.003	0.01	2661.7	2148.94	60	9422	
0.4	5.4	36	709	15	3	30	64023	30	64023	0.00883333	0.00265334	0.003	0.01	2134.1	1409.8	60	5324	
0.4	5.4	37	710	12	3	2	120	2	120	0.003	0	0.003	0.003	60	0	60	60	
0.4	5.4	29	712	16	3	14	40946	14	40946	0.003	0	0.003	0.003	2924.71	2511.79	60	9422	
0.4	5.4	54	713	3	3	147	602527	147	602527	0.003	0	0.003	0.003	4098.82	2931.02	45	9422	
0.4	5.4	45	717	2	3	56	147447	56	147447	0.003	0	0.003	0.003	2632.98	2914.34	45	9422	
0.4	5.4	37	718	45	3	1	60	1	60	0.003	0	0.003	0.003	60	0	60	60	
0.4	5.4	29	719	25	3	129	218054	130	221604	0.0079	0.00376407	0.003	0.017	1704.65	1815.03	60	9422	
0.4	5.4	9	720	14	3	115	479933	115	479933	0.00397391	0.00243318	0.003	0.01	4173.33	2251.46	45	9422	
0.4	5.4	1	721	3	3	14	18464	14	18464	0.0065	0.00363212	0.003	0.01	1318.86	846.245	60	2958	
0.4	5.4	32	722	5	3	91	153423	91	153423	0.00861538	0.00393494	0.003	0.017	1685.97	1204.61	60	5861	
0.4	5.4	55	724	31	3	141	156486	141	156486	0.00523404	0.00337985	0.003	0.017	1109.83	1023.64	13	5866	
0.4	5.4	21	725	20	3	58	144040	58	144040	0.003	0	0.003	0.003	2483.45	2065.7	60	9422	
0.4	5.4	8	726	23	3	136	427347	136	427347	0.00361765	0.0019928	0.003	0.01	3142.26	1992.71	60	9422	
0.4	5.4	57	727	9	3	47	141056	47	141056	0.00359574	0.0019744	0.003	0.01	3001.19	2618.39	60	9422	
0.4	5.4	8	728	28	3	5	300	5	300	0.0072	0.00383406	0.003	0.01	60	0	60	60	
0.4	5.4	28	729	16	3	58	136937	58	136937	0.0065	0.00353057	0.003	0.01	2360.98	2151.82	60	9422	
0.4	5.4	46	730	3	3	117	451538	117	451538	0.00688889	0.00349329	0.003	0.01	3859.3	2568.94	36	9422	
0.4	5.4	30	733	9	3	205	619060	204	617876	0.00825	0.0034127	0.003	0.017	3028.8	2295.68	26	9422	
0.4	5.4	21	735	7	3	113	334318	114	334966	0.00717544	0.00344937	0.003	0.01	2938.3	2435.42	45	9422	
0.4	5.4	10	736	3	3	115	326267	115	326267	0.00890435	0.00301742	0.003	0.017	2837.1	2297.5	60	9422	
0.4	5.4	27	737	22	3	26	58705	26	58705	0.00623077	0.00355874	0.003	0.01	2257.88	1763.78	60	7099	
0.4	5.4	21	738	14	3	65	136836	65	136836	0.00493846	0.00315672	0.003	0.01	2105.17	1536.06	60	7099	
0.4	5.4	42	741	8	3	101	330989	101	330989	0.00577228	0.00344058	0.003	0.01	3277.12	2157.64	45	9422	
0.4	5.4	36	742	16	3	59	115757	59	115757	0.00881356	0.00264884	0.003	0.01	1961.98	1369.14	60	5719	
0.4	5.4	57	746	19	3	96	162360	96	162360	0.00620833	0.00378895	0.003	0.017	1691.25	1507.81	10	5916	
0.4	5.4	31	747	19	3	13	43900	13	43900	0.00784615	0.00336269	0.003	0.01	3376.92	3356.4	60	9422	
0.4	5.4	18	748	20	3	150	562222	151	566363	0.00610596	0.00348932	0.003	0.01	3750.75	2460.25	45	9422	
0.4	5.4	55	751	36	3	180	344852	180	344852	0.00552778	0.00337164	0.003	0.01	1915.84	1617.12	60	9422	
0.4	5.4	37	752	53	3	70	92705	70	92705	0.0064	0.00352383	0.003	0.01	1324.36	922.214	60	4395	
0.4	5.4	49	753	10	3	116	487561	116	487561	0.00342241	0.0016741	0.003	0.01	4203.11	2839.61	45	9422	
0.4	5.4	39	754	49	3	6	6034	6	6034	0.00883333	0.00526941	0.003	0.017	1005.67	694.101	60	1775	
0.4	5.4	46	755	6	3	86	414838	86	414838	0.00365116	0.00204518	0.003	0.01	4823.7	2566.54	60	9422	
0.4	5.4	46	757	14	3	37	74089	37	74089	0.00659459	0.00354698	0.003	0.01	2002.41	2346.74	60	9422	
0.4	5.4	7	758	18	3	73	247564	73	247564	0.00683562	0.00350798	0.003	0.01	3391.29	2845.3	45	9422	
0.4	5.4	37	759	47	3	13	11958	13	11958	0.00892308	0.00482116	0.003	0.017	919.846	518.187	60	1775	
0.4	5.4	34	761	45	3	178	102270	178	102270	0.00512359	0.00406256	0.003	0.017	574.551	485.795	33	2961	
0.4	5.4	38	762	24	3	27	98450	27	98450	0.003	0	0.003	0.003	3646.3	2989.19	45	9422	
0.4	5.4	16	763	9	3	3	1892	3	1892	0.003	0	0.003	0.003	630.667	562.2	60	1184	
0.4	5.4	46	765	8	3	91	300799	91	300799	0.003	0	0.003	0.003	3305.48	2319.66	60	9422	
0.4	5.4	56	766	8	3	27	39782	27	39782	0.00585185	0.00350498	0.003	0.01	1473.41	1184.81	60	4395	
0.4	5.4	11	769	4	3	80	255718	79	249211	0.00920253	0.00223824	0.003	0.01	3154.57	2270.16	60	9422	
0.4	5.4	3	770	10	3	30	88869	30	88869	0.00906667	0.00242022	0.003	0.01	2962.3	2640.26	60	9422	
0.4	5.4	9	771	8	3	68	178928	68	178928	0.00835294	0.00299135	0.003	0.01	2631.29	2451.49	45	9422	
0.4	5.4	41	772	66	3	1	60	1	60	0.01	0	0.01	0.01	60	0	60	60	
0.4	5.4	21	774	15	3	2	120	2	120	0.003	0	0.003	0.003	60	0	60	60	
0.4	5.4	20	775	7	3	162	533234	162	533234	0.003	0	0.003	0.003	3291.57	2604.48	45	9422	
0.4	5.4	31	777	9	3	70	162860	70	162860	0.0067	0.00351951	0.003	0.01	2326.57	2121.69	60	9422	
0.4	5.4	57	778	18	3	223	427513	223	427513	0.0068296	0.00402107	0.003	0.024	1917.1	1736.02	60	9422	
0.4	5.4	13	780	18	3	153	496792	153	496792	0.00775817	0.00327676	0.003	0.01	3247.01	2615.64	45	9422	
0.4	5.4	8	781	14	3	1	60	1	60	0.01	0	0.01	0.01	60	0	60	60	
0.4	5.4	2	783	12	3	129	392153	127	384797	0.00338583	0.0016038	0.003	0.01	3029.9	2110.92	60	9422	
0.4	5.4	52	785	42	3	99	111584	99	111584	0.00688889	0.00492161	0.003	0.017	1127.11	1190.02	40	9422	
0.4	5.4	49	787	17	3	4	3667	4	3667	0.0065	0.00404145	0.003	0.01	916.75	733.545	60	1775	
0.4	5.4	48	789	11	3	16	45082	16	45082	0.01	0	0.01	0.01	2817.62	2934.46	60	9422	
0.4	5.4	16	791	17	3	40	116674	40	116674	0.009475	0.00186723	0.003	0.01	2916.85	2664.12	60	9422	
0.4	5.4	41	793	76	3	33	59307	33	59307	0.0059697	0.00392496	0.003	0.017	1797.18	1574.74	60	8282	
0.4	5.4	2	795	2	3	106	218020	105	217372	0.00546667	0.00336002	0.003	0.01	2070.21	1444.13	41	8873	
0.4	5.4	29	796	2	3	56	127361	56	127361	0.007	0.00349545	0.003	0.01	2274.3	1617.61	60	9422	
0.4	5.4	35	797	3	3	112	327920	112	327920	0.0081875	0.00308011	0.003	0.01	2927.86	2211.87	60	9422	
0.4	5.4	39	798	24	3	28	46285	28	46285	0.00575	0.00348143	0.003	0.01	1653.04	1280.01	60	5916	
0.4	5.4	41	799	75	3	3	180	3	180	0.00766667	0.00404145	0.003	0.01	60	0	60	60	
0.4	5.4	55	803	2	3	168	177228	167	176044	0.00618563	0.00397071	0.003	0.017	1054.16	1073.44	60	9422	
0.4	5.4	34	804	15	3	2	120	2	120	0.0065	0.00494975	0.003	0.01	60	0	60	60	
0.4	5.4	3	808	17	3	72	222700	72	222700	0.00922222	0.00221533	0.003	0.01	3093.06	1677.58	60	8873	
0.4	5.4	56	811	9	3	119	353501	119	353501	0.00617647	0.00349975	0.003	0.01	2970.6	2612.21	45	9422	
0.4	5.4	45	813	13	3	141	643198	141	643198	0.00796454	0.00319019	0.003	0.01	4561.69	2569.06	45	9422	
0.4	5.4	20	814	10	3	141	538407	141	538407	0.00721986	0.00343738	0.003	0.01	3818.49	2691.98	45	9422	
0.4	5.4	32	816	31	3	21	42721	21	42721	0.007	0.00354965	0.003	0.01	2034.33	1141.67	60	5324	
0.4	5.4	19	818	3	3	92	290632	92	290632	0.00809783	0.00313106	0.003	0.01	3159.04	2407.66	45	9422	
0.4	5.4	25	819	18	3	19	75845	19	75845	0.00631579	0.00359092	0.003	0.01	3991.84	2582.29	60	9422	
0.4	5.4	47	821	16	3	78	145735	78	145735	0.00632051	0.00351802	0.003	0.01	1868.4	1543.27	60	8872	
0.4	5.4	56	822	6	3	133	471100	133	471100	0.005	0.00317423	0.003	0.01	3542.11	2422.07	45	9422	
0.4	5.4	11	824	5	3	86	305411	86	305411	0.00910465	0.00235162	0.003	0.01	3551.29	2322.38	60	8873	
0.4	5.4	24	825	6	3	136	565716	136	565716	0.00382353	0.00226367	0.003	0.01	4159.68	2839.71	45	9422	
0.4	5.4	2	826	17	3	60	135046	60	135046	0.00451667	0.00290815	0.003	0.01	2250.77	1529.54	60	6507	
0.4	5.4	37	827	46	3	150	302251	150	302251	0.0051	0.00321855	0.003	0.01	2015.01	1531.9	60	9422	
0.4	5.4	40	829	8	3	134	455938	134	455938	0.003	0	0.003	0.003	3402.52	2235.03	60	9422	
0.4	5.4	46	830	9	3	75	255716	75	255716	0.00654667	0.00352326	0.003	0.01	3409.55	2918.35	45	9422	
0.4	5.4	18	831	8	3	85	126910	85	126910	0.00761176	0.00425971	0.003	0.017	1493.06	973.013	43	5324	
0.4	5.4	29	833	20	3	94	177212	93	176028	0.00593548	0.0034729	0.003	0.01	1892.77	1652.74	55	9422	
0.4	5.4	32	835	14	3	137	340516	137	340516	0.00693431	0.00387717	0.003	0.017	2485.52	1737.85	60	9422	
0.4	5.4	7	837	25	3	33	113128	32	104846	0.00825	0.00307959	0.003	0.01	3276.44	2658.35	60	9422	
0.4	5.4	9	841	5	3	115	411546	115	411546	0.00677391	0.00350454	0.003	0.01	3578.66	2380.67	10	9422	
0.4	5.4	41	842	51	3	85	158745	85	158745	0.00637647	0.00368063	0.003	0.017	1867.59	1697.24	23	9422	
0.4	5.4	54	844	18	3	56	190981	56	190981	0.008	0.0031909	0.003	0.01	3410.37	2669.97	36	9422	
0.4	5.4	8	846	1	3	5	5442	5	5442	0.003	0	0.003	0.003	1088.4	742.216	60	1775	
0.4	5.4	28	848	11	3	163	299647	163	299647	0.00604908	0.00389175	0.003	0.017	1838.33	1732.35	60	9422	
0.4	5.4	12	853	12	3	1	60	1	60	0.01	0	0.01	0.01	60	0	60	60	
0.4	5.4	40	855	5	3	1	60	1	60	0.01	0	0.01	0.01	60	0	60	60	
0.4	5.4	25	858	8	3	68	228031	68	228031	0.00794118	0.00321323	0.003	0.01	3353.4	2614.19	45	9422	
0.4	5.4	41	861	87	3	62	73054	62	73054	0.00672581	0.00395122	0.003	0.017	1178.29	646.889	60	3182	
0.4	5.4	23	862	13	3	16	32076	16	32076	0.00825	0.00404145	0.003	0.017	2004.75	1520.57	60	5324	
0.4	5.4	40	863	14	3	55	153370	55	153370	0.00796364	0.00347991	0.003	0.017	2788.55	2039.06	60	9422	
0.4	5.4	21	864	12	3	193	519228	193	519228	0.00626425	0.00384838	0.003	0.017	2690.3	2020.53	45	9422	
0.4	5.4	34	865	46	3	242	260788	242	260788	0.0053719	0.00355661	0.003	0.017	1077.64	1522.05	6	7099	
0.4	5.4	4	866	16	3	123	589959	123	589959	0.00345528	0.00173324	0.003	0.01	4796.41	2715.45	45	9422	
0.4	5.4	47	867	2	3	265	642438	265	642438	0.00751698	0.00391683	0.003	0.017	2424.29	2127.34	13	9422	
0.4	5.4	49	869	15	3	143	473544	143	473544	0.003	0	0.003	0.003	3311.5	2427.32	60	9422	
0.4	5.4	34	871	53	3	217	230507	217	230507	0.00619355	0.0039802	0.003	0.017	1062.24	1228.34	18	9422	
0.4	5.4	37	872	33	3	90	111516	90	111516	0.00696667	0.00348818	0.003	0.01	1239.07	846.607	60	4317	
0.4	5.4	41	873	12	3	2	120	2	120	0.0065	0.00494975	0.003	0.01	60	0	60	60	
0.4	5.4	22	874	16	3	110	396534	110	396534	0.00739091	0.0034002	0.003	0.01	3604.85	2354.25	57	9422	
0.4	5.4	34	875	27	3	221	179240	221	179240	0.005819	0.00409143	0.003	0.017	811.041	1017.32	6	9422	
0.4	5.4	11	876	9	3	98	404801	98	404801	0.00635714	0.00351506	0.003	0.01	4130.62	2612.75	45	9422	
0.4	5.4	6	877	11	3	198	772867	196	768907	0.00878571	0.00275029	0.003	0.017	3922.99	2867.54	45	9422	
0.4	5.4	55	880	63	3	99	91940	97	90506	0.00617526	0.0048477	0.003	0.017	933.052	552.138	60	2385	
0.4	5.4	35	883	4	3	1	60	1	60	0.01	0	0.01	0.01	60	0	60	60	
0.4	5.4	50	884	13	3	3	180	3	180	0.01	0	0.01	0.01	60	0	60	60	
0.4	5.4	11	885	11	3	16	32661	16	32661	0.009125	0.00239096	0.003	0.01	2041.31	2148.96	60	7099	
0.4	5.4	53	886	13	3	118	431451	118	431451	0.003	0	0.003	0.003	3656.36	1987.42	60	9422	
0.4	5.4	37	887	15	3	3	180	3	180	0.00766667	0.00404145	0.003	0.01	60	0	60	60	
0.4	5.4	55	889	14	3	40	60602	39	60010	0.00317949	0.0011209	0.003	0.01	1538.72	1064.64	60	5324	
0.4	5.4	17	890	5	3	70	226135	70	226135	0.0067	0.00351951	0.003	0.01	3230.5	2678.52	45	9422	
0.4	5.4	43	892	11	3	217	748144	217	748144	0.00790322	0.00328363	0.003	0.017	3447.67	2535.93	36	9422	
0.4	5.4	49	896	8	3	6	8992	6	8992	0.003	0	0.003	0.003	1498.67	1204.42	60	3550	
0.4	5.4	29	899	12	3	90	180062	90	180062	0.00572222	0.0034316	0.003	0.01	2000.69	1327.51	60	6894	
0.4	5.4	56	901	11	3	192	635118	190	625059	0.00668421	0.00350438	0.003	0.01	3289.78	2385.59	45	9422	
0.4	5.4	48	902	1	3	31	86503	31	86503	0.00683871	0.00354116	0.003	0.01	2790.42	2503.8	60	9422	
0.4	5.4	49	904	3	3	78	242710	77	237977	0.003	0	0.003	0.003	3090.61	2121.55	60	9422	
0.4	5.4	3	906	15	3	103	371218	102	370034	0.0080098	0.00332258	0.003	0.017	3627.78	2912.88	45	9422	
0.4	5.4	21	909	9	3	106	145867	106	145867	0.00689623	0.00349402	0.003	0.01	1376.1	1380.05	60	9422	
0.4	5.4	39	913	25	3	1	60	1	60	0.01	0	0.01	0.01	60	0	60	60	
0.4	5.4	32	915	9	3	145	498345	145	498345	0.00449655	0.00321482	0.003	0.017	3436.86	2659.48	45	9422	
0.4	5.4	54	916	20	3	97	242734	97	242734	0.00783505	0.00355223	0.003	0.017	2502.41	1685.68	35	9422	
0.4	5.4	16	917	15	3	96	481678	96	481678	0.003	0	0.003	0.003	5017.48	2571.54	45	9422	
0.4	5.4	28	918	22	3	116	416655	116	416655	0.00583621	0.00345139	0.003	0.01	3591.85	2400.18	60	9422	
0.4	5.4	2	919	20	3	113	194857	113	194857	0.0059115	0.00346554	0.003	0.01	1724.4	1328.81	60	5324	
0.4	5.4	31	920	1	3	108	310911	108	310911	0.00312963	0.000948118	0.003	0.01	2878.81	2121.93	60	9422	
0.4	5.4	47	921	11	3	155	414587	155	414587	0.00706452	0.003556	0.003	0.017	2674.75	2427.63	60	9422	
0.4	5.4	32	924	6	3	110	266997	109	262264	0.003	0	0.003	0.003	2406.09	1255.03	23	4733	
0.4	5.4	6	925	8	3	17	39759	17	39759	0.003	0	0.003	0.003	2338.76	2740.52	60	9422	
0.4	5.4	29	927	30	3	37	58719	37	58719	0.00810811	0.00456304	0.003	0.017	1587	1440.5	60	5324	
0.4	5.4	26	928	14	3	35	91234	35	91234	0.003	0	0.003	0.003	2606.69	2060.98	60	8873	
0.4	5.4	7	931	24	3	120	355144	120	355144	0.00731667	0.00353609	0.003	0.017	2959.53	2034.17	36	8873	
0.4	5.4	2	932	11	3	124	152853	124	152853	0.00537097	0.00332634	0.003	0.01	1232.69	837.643	60	4395	
0.4	5.4	52	933	43	3	100	117939	100	117939	0.00622	0.00350636	0.003	0.01	1179.39	907.84	28	5324	
0.4	5.4	41	934	74	3	84	119842	84	119842	0.00675	0.00466692	0.003	0.017	1426.69	1193.17	42	5861	
0.4	5.4	38	937	12	3	6	8992	6	8992	0.0065	0.00383406	0.003	0.01	1498.67	1204.42	60	3550	
0.4	5.4	37	938	59	3	107	166455	107	166455	0.00653271	0.00364541	0.003	0.017	1555.65	1587.52	60	9422	
0.4	5.4	32	939	32	3	91	218602	91	218602	0.003	0	0.003	0.003	2402.22	1687.42	60	9422	
0.4	5.4	39	942	54	3	128	322709	130	323953	0.00660769	0.00351188	0.003	0.01	2491.95	1981.49	60	9422	
0.4	5.4	33	943	21	3	54	182943	54	182943	0.003	0	0.003	0.003	3387.83	2436.9	60	8873	
0.4	5.4	34	944	14	3	126	60660	126	60660	0.00577778	0.00425373	0.003	0.017	481.429	419.185	39	1775	
0.4	5.4	53	945	15	3	199	490234	200	493784	0.007655	0.00392466	0.003	0.024	2468.92	1943.52	60	9422	
0.4	5.4	39	946	12	3	43	66651	40	63469	0.00475	0.0030697	0.003	0.01	1586.73	1654.41	60	8282	
0.4	5.4	52	947	48	3	48	71145	48	71145	0.0043125	0.0027611	0.003	0.01	1482.19	842.385	60	3182	
0.4	5.4	25	949	1	3	1	60	1	60	0.01	0	0.01	0.01	60	0	60	60	
0.4	5.4	2	952	10	3	117	339938	117	339938	0.003	0	0.003	0.003	2905.45	2564.19	45	9422	
0.4	5.4	53	953	19	3	118	449310	118	449310	0.003	0	0.003	0.003	3807.71	2100.98	60	9422	
0.4	5.4	3	955	12	3	93	378758	93	378758	0.00322581	0.0012435	0.003	0.01	4072.67	1999.29	60	9422	
0.4	5.4	35	956	8	3	2	120	2	120	0.0065	0.00494975	0.003	0.01	60	0	60	60	
0.4	5.4	52	957	45	3	3	180	3	180	0.00766667	0.00404145	0.003	0.01	60	0	60	60	
0.4	5.4	43	958	1	3	35	64643	34	56420	0.00629412	0.00430313	0.003	0.017	1659.41	1150.64	60	4395	
0.4	5.4	47	959	5	3	17	45092	17	45092	0.00794118	0.00328768	0.003	0.01	2652.47	1365.3	60	5324	
0.4	5.4	27	962	14	3	52	179400	52	179400	0.003	0	0.003	0.003	3450	3164.94	45	9422	
0.4	5.4	34	963	12	3	131	86135	131	86135	0.00519084	0.00358869	0.003	0.017	657.519	948.348	14	6882	
0.4	5.4	41	964	38	3	88	92501	88	92501	0.00538636	0.00365913	0.003	0.017	1051.15	485.152	11	2931	
0.4	5.4	37	966	30	3	15	16098	15	16098	0.003	0	0.003	0.003	1073.2	533.674	60	1775	
0.4	5.4	26	968	3	3	84	307778	84	307778	0.00641667	0.00352002	0.003	0.01	3664.02	2840.92	45	9422	
0.4	5.4	41	969	90	3	140	184246	140	184246	0.0065	0.00351257	0.003	0.01	1316.04	965.577	60	7099	
0.4	5.4	19	971	17	3	95	358658	95	358658	0.003	0	0.003	0.003	3775.35	2861.6	45	9422	
0.4	5.4	18	972	15	3	23	58112	23	58112	0.00543478	0.00340889	0.003	0.01	2526.61	2118.37	60	7099	
0.4	5.4	12	974	16	3	3	1892	2	708	0.01	0	0.01	0.01	354	415.779	60	648	
0.4	5.4	54	977	12	3	49	176428	49	176428	0.00557143	0.00340955	0.003	0.01	3600.57	2107.88	60	9422	
0.4	5.4	13	978	7	3	26	47458	26	47458	0.00596154	0.00352682	0.003	0.01	1825.31	1366.44	60	5324	
0.4	5.4	15	979	1	3	42	61145	42	61145	0.00783333	0.00362186	0.003	0.017	1455.83	993.782	60	4395	
0.4	5.4	24	980	3	3	63	152294	63	152294	0.00955555	0.00213101	0.003	0.017	2417.37	2293.51	60	9422	
0.4	5.4	20	982	4	3	87	206281	87	206281	0.00822988	0.00324109	0.003	0.017	2371.05	1929.33	60	9422	
0.4	5.4	56	984	12	3	151	532755	151	532755	0.003	0	0.003	0.003	3528.18	2830.18	45	9422	
0.4	5.4	28	987	23	3	20	38579	20	38579	0.0072	0.00351837	0.003	0.01	1928.95	1124.74	60	4141	
0.4	5.4	3	989	14	3	49	136913	49	136913	0.00871428	0.00308896	0.003	0.017	2794.14	2349.68	60	9422	
0.4	5.4	36	992	10	3	33	70542	33	70542	0.00851515	0.00339228	0.003	0.017	2137.64	1495.31	60	5324	
0.4	5.4	50	993	15	3	4	240	4	240	0.0065	0.00404145	0.003	0.01	60	0	60	60	
0.4	5.4	52	997	23	3	245	381333	246	382517	0.0065	0.00367423	0.003	0.017	1554.95	1389.53	60	9422	
0.4	5.4	55	998	60	3	120	139322	120	139322	0.00550833	0.00337065	0.003	0.01	1161.02	1045.8	43	6882	
0.4	5.4	52	1002	20	3	2	120	2	120	0.003	0	0.003	0.003	60	0	60	60	
0.4	5.4	23	1004	11	3	36	99526	36	99526	0.00786111	0.00327024	0.003	0.01	2764.61	1462.37	60	5324	
0.4	5.4	34	1005	4	3	89	69551	89	69551	0.00488764	0.00312409	0.003	0.01	781.472	508.252	60	2196	
0.4	5.4	32	1006	26	3	96	397342	96	397342	0.003	0	0.003	0.003	4138.98	2792.52	45	9422	
0.4	5.4	7	1007	7	3	149	384907	148	378400	0.00872297	0.0028328	0.003	0.017	2556.76	2085.96	36	9422	
0.4	5.4	34	1008	2	3	2	120	2	120	0.003	0	0.003	0.003	60	0	60	60	
0.4	5.4	39	1010	21	3	1	60	1	60	0.003	0	0.003	0.003	60	0	60	60	
0.4	5.4	44	1011	6	3	66	211581	66	211581	0.00575757	0.00344656	0.003	0.01	3205.77	2823.23	45	9422	
0.4	5.4	12	1012	8	3	28	46277	28	46277	0.01	0.0026943	0.003	0.017	1652.75	1078.23	60	4141	
0.4	5.4	42	1013	23	3	153	473595	153	473595	0.00446405	0.00285626	0.003	0.01	3095.39	2494.11	45	9422	
0.4	5.4	37	1014	52	3	3	180	3	180	0.00766667	0.00404145	0.003	0.01	60	0	60	60	
0.4	5.4	33	1018	10	3	126	469318	126	469318	0.003	0	0.003	0.003	3724.75	2610.7	45	9422	
0.4	5.4	34	1019	50	3	285	514588	285	514588	0.00476842	0.00393643	0.003	0.017	1805.57	1939.08	40	9422	
0.4	5.4	27	1020	10	3	75	260453	75	260453	0.00486667	0.00311636	0.003	0.01	3472.71	2359.92	60	9422	
0.4	5.4	18	1022	6	3	98	174152	98	174152	0.00742857	0.00442579	0.003	0.017	1777.06	1259.83	28	7099	
0.4	5.4	41	1024	62	3	134	229414	134	229414	0.00634328	0.00350961	0.003	0.01	1712.04	1535.98	44	9422	
0.4	5.4	47	1025	9	3	144	260681	140	250619	0.00715	0.00410461	0.003	0.017	1790.14	1501.68	5	7099	
0.4	5.4	12	1028	2	3	17	45081	17	45081	0.0108235	0.00232474	0.01	0.017	2651.82	1851.16	60	7099	
0.4	5.4	29	1030	5	3	148	407362	148	407362	0.00678378	0.00350032	0.003	0.01	2752.45	2230.32	45	9422	
0.4	5.4	41	1032	33	3	151	185449	151	185449	0.00629139	0.00386021	0.003	0.017	1228.14	1056.36	60	9422	
0.4	5.4	23	1033	22	3	144	593403	145	595770	0.00618621	0.00349799	0.003	0.01	4108.76	2388.22	219	9422	
0.4	5.4	37	1034	39	3	8	8347	8	8347	0.003	0	0.003	0.003	1043.38	507.785	60	1775	
0.4	5.4	38	1036	14	3	59	137645	59	137645	0.00679661	0.00374985	0.003	0.017	2332.97	1688	60	7099	
0.4	5.4	31	1037	16	3	200	522205	199	521613	0.00799497	0.00361045	0.003	0.017	2621.17	2104.23	45	9422	
0.4	5.4	8	1038	9	3	133	304538	133	304538	0.00615789	0.00349641	0.003	0.01	2289.76	1868.7	60	9422	
0.4	5.4	7	1039	8	3	3	180	3	180	0.00533333	0.00404145	0.003	0.01	60	0	60	60	
0.4	5.4	7	1041	3	3	67	161062	66	160470	0.00756061	0.00336099	0.003	0.01	2431.36	2383.5	60	9422	
0.4	5.4	15	1043	3	3	94	169404	95	171252	0.00778947	0.00448139	0.003	0.017	1802.65	1582.13	57	9422	
0.4	5.4	29	1044	10	3	3	1300	3	1300	0.003	0	0.003	0.003	433.333	324.526	60	648	
0.4	5.4	22	1045	4	3	104	358681	104	358681	0.00542308	0.00334633	0.003	0.01	3448.86	2406.39	45	9422	
0.4	5.4	3	1050	8	3	68	229683	68	229683	0.00660294	0.0035245	0.003	0.01	3377.69	2107.71	45	9422	
0.4	5.4	13	1052	23	3	50	110774	50	110774	0.00692	0.00350999	0.003	0.01	2215.48	1788.42	60	9422	
0.4	5.4	26	1055	13	3	31	66386	31	66386	0.00864516	0.00281127	0.003	0.01	2141.48	1213	60	4733	
0.4	5.4	30	1056	7	3	4	3667	4	3667	0.00825	0.0035	0.003	0.01	916.75	733.545	60	1775	
0.4	5.4	9	1062	13	3	215	690227	215	690227	0.003	0	0.003	0.003	3210.36	2682.34	45	9422	
0.4	5.4	44	1063	24	3	100	326729	100	326729	0.00566	0.00341482	0.003	0.01	3267.29	2108.68	60	9422	
0.4	5.4	33	1064	3	3	48	116704	48	116704	0.00722917	0.00345943	0.003	0.01	2431.33	2633.86	60	9422	
0.4	5.4	39	1065	41	3	52	65241	52	65241	0.00784615	0.00470871	0.003	0.017	1254.63	764.755	60	3550	
0.4	5.4	33	1067	6	3	95	275959	94	274184	0.00694681	0.00348998	0.003	0.01	2916.85	2108.72	43	9422	
0.4	5.4	51	1068	2	3	157	596253	157	596253	0.00447134	0.00286124	0.003	0.01	3797.79	2758.38	45	9422	
0.4	5.4	40	1069	16	3	135	393704	135	393704	0.00818518	0.00307902	0.003	0.01	2916.33	2281.44	45	9422	
0.4	5.4	13	1070	14	3	125	423387	125	423387	0.005912	0.00346414	0.003	0.01	3387.1	2383.56	45	9422	
0.4	5.4	37	1074	42	3	22	25567	22	25567	0.00745454	0.00344656	0.003	0.01	1162.14	454.499	60	1775	
0.4	5.4	4	1075	13	3	1	60	1	60	0.003	0	0.003	0.003	60	0	60	60	
0.4	5.4	55	1077	1	3	1	60	1	60	0.01	0	0.01	0.01	60	0	60	60	
0.4	5.4	51	1080	13	3	25	71708	25	71708	0.00888	0.00261916	0.003	0.01	2868.32	2708.8	60	9422	
0.4	5.4	32	1082	3	3	48	71854	48	71854	0.003	0	0.003	0.003	1496.96	899.275	60	4141	
0.4	5.4	52	1087	10	3	2	120	2	120	0.003	0	0.003	0.003	60	0	60	60	
0.4	5.4	1	1089	6	3	5	5442	5	5442	0.0072	0.00383406	0.003	0.01	1088.4	742.216	60	1775	
0.4	5.4	55	1090	16	3	1	60	1	60	0.003	0	0.003	0.003	60	0	60	60	
0.4	5.4	2	1093	9	3	11	11364	11	11364	0.00554545	0.00353167	0.003	0.01	1033.09	834.042	60	2961	
0.4	5.4	52	1094	65	3	211	256625	210	255977	0.0073	0.00432424	0.003	0.017	1218.94	1171	21	7099	
0.4	5.4	39	1095	3	3	172	287902	172	287902	0.0065407	0.00359069	0.003	0.017	1673.85	1548.7	60	9422	
0.4	5.4	23	1096	4	3	89	202016	89	202016	0.00842697	0.00376855	0.003	0.017	2269.84	1705.74	60	9422	
0.4	5.4	40	1098	13	3	117	386723	117	386723	0.00317949	0.00111119	0.003	0.01	3305.32	2330.97	60	9422	
0.4	5.4	32	1100	27	3	9	29105	9	29105	0.00377778	0.00233333	0.003	0.01	3233.89	2839.09	60	7690	
0.4	5.4	53	1101	22	3	132	413231	131	413186	0.00577862	0.003438	0.003	0.01	3154.09	2388.43	36	9422	
0.4	5.4	53	1102	17	3	94	255174	94	255174	0.00776596	0.00387	0.003	0.017	2714.62	2031.58	45	9422	
0.4	5.4	21	1103	19	3	126	186143	125	184959	0.007144	0.0043639	0.003	0.017	1479.67	1460.45	45	9422	
0.4	5.4	41	1104	32	3	186	365928	186	365928	0.00676344	0.00399431	0.003	0.024	1967.35	2008.25	23	9422	
0.4	5.4	53	1106	7	3	63	144645	63	144645	0.00711111	0.00347392	0.003	0.01	2295.95	1853.03	60	8282	
0.4	5.4	26	1107	10	3	101	430338	101	430338	0.00618812	0.00350346	0.003	0.01	4260.77	2493.38	60	9422	
0.4	5.4	35	1108	17	3	130	487215	130	487215	0.0072	0.00344255	0.003	0.01	3747.81	2572.37	60	9422	
0.4	5.4	52	1114	54	3	84	203660	84	203660	0.00558333	0.00372943	0.003	0.017	2424.52	2820.53	60	9422	
0.4	5.4	30	1117	2	3	101	313898	101	313898	0.00785148	0.00324465	0.003	0.01	3107.9	2104.22	45	9422	
0.4	5.4	32	1118	37	3	105	284849	105	284849	0.00593333	0.00347039	0.003	0.01	2712.85	2473.44	60	9422	
0.4	5.4	36	1119	13	3	2	120	2	120	0.0065	0.00494975	0.003	0.01	60	0	60	60	
0.4	5.4	50	1120	11	3	134	494855	134	494855	0.00791045	0.00321524	0.003	0.01	3692.95	2550.65	45	9422	
0.4	5.4	52	1121	51	3	96	118169	96	118169	0.00613542	0.00378256	0.003	0.017	1230.93	1231.32	39	9422	
0.4	5.4	40	1125	1	3	19	42135	19	42135	0.00852631	0.00374712	0.003	0.017	2217.63	1834.15	13	7099	
0.4	5.4	14	1126	10	3	38	132642	38	132642	0.00668421	0.00354207	0.003	0.01	3490.58	2470.22	60	9422	
0.4	5.4	55	1127	24	3	11	5455	11	5455	0.00618182	0.00365563	0.003	0.01	495.909	383.98	43	1191	
0.4	5.4	56	1128	3	3	138	440940	138	440940	0.00533333	0.00331185	0.003	0.01	3195.22	1980.78	60	7690	
0.4	5.4	23	1131	2	3	101	297872	101	297872	0.00757426	0.00349098	0.003	0.017	2949.23	2053.87	28	9422	
0.4	5.4	19	1133	15	3	63	189453	61	184718	0.00736065	0.00342069	0.003	0.01	3028.16	2477.76	45	9422	
0.4	5.4	17	1134	12	3	77	272394	77	272394	0.00681818	0.00350836	0.003	0.01	3537.58	2508.36	60	9422	
0.4	5.4	35	1135	18	3	41	98934	41	98934	0.00897561	0.00295371	0.003	0.017	2413.02	2005.66	60	9422	
0.4	5.4	31	1137	3	3	53	112685	53	112685	0.00616981	0.00351773	0.003	0.01	2126.13	1696.93	60	8282	
0.4	5.4	41	1138	85	3	30	41548	30	41548	0.0079	0.00326264	0.003	0.01	1384.93	628.629	60	2196	
0.4	5.4	1	1139	14	3	150	591105	150	591105	0.00673333	0.00350391	0.003	0.01	3940.7	2227.21	36	9422	
0.4	5.4	22	1140	1	3	10	12489	10	12489	0.0086	0.00295146	0.003	0.01	1248.9	638.555	60	2367	
0.4	5.4	5	1141	11	3	24	46277	23	45685	0.00817391	0.00314284	0.003	0.01	1986.3	1825.94	60	7099	
0.4	5.4	34	1144	44	3	218	273695	217	272511	0.00445161	0.00284454	0.003	0.01	1255.81	1274.63	9	9422	
0.4	5.4	51	1146	5	3	163	519047	163	519047	0.00802454	0.00325453	0.003	0.017	3184.34	2388.92	45	9422	
0.4	5.4	10	1148	12	3	74	220358	74	220358	0.003	0	0.003	0.003	2977.81	2148.73	60	9422	
0.4	5.4	43	1149	12	3	140	449463	140	449463	0.0059	0.00346057	0.003	0.01	3210.45	2591.78	45	9422	
0.4	5.4	37	1150	25	3	2	120	2	120	0.0135	0.00494975	0.01	0.017	60	0	60	60	
0.4	5.4	8	1151	3	3	146	247035	146	247035	0.00860959	0.00373312	0.003	0.017	1692.02	1461.92	60	8873	
0.4	5.4	27	1152	13	3	153	587206	153	587206	0.00396078	0.00241672	0.003	0.01	3837.95	2878.51	45	9422	
0.4	5.4	45	1153	9	3	38	134423	37	130873	0.00659459	0.00354698	0.003	0.01	3537.11	2944.23	45	9422	
0.4	5.4	38	1155	21	3	100	303076	100	303076	0.00692	0.00363118	0.003	0.017	3030.76	2512.98	60	9422	
0.4	5.4	53	1156	5	3	169	528635	169	528635	0.00743195	0.00371248	0.003	0.017	3128.02	2619.27	45	9422	
0.4	5.4	51	1158	7	3	60	125561	60	125561	0.00545	0.00336696	0.003	0.01	2092.68	2327.58	60	9422	
0.4	5.4	13	1159	1	3	78	210281	78	210281	0.00434615	0.00277665	0.003	0.01	2695.91	1943.44	60	9422	
0.4	5.4	55	1160	3	3	174	312728	174	312728	0.00440804	0.00319142	0.003	0.017	1797.29	1687.68	60	9422	
0.4	5.4	49	1161	14	3	28	76453	28	76453	0.0085	0.00292499	0.003	0.01	2730.46	1974.45	60	6507	
0.4	5.4	57	1162	24	3	45	92613	45	92613	0.00704444	0.00349646	0.003	0.01	2058.07	1615.83	60	6507	
0.4	5.4	52	1163	69	3	6	360	6	360	0.0065	0.00383406	0.003	0.01	60	0	60	60	
0.4	5.4	28	1164	19	3	33	61679	33	61679	0.00554545	0.00341953	0.003	0.01	1869.06	1207.74	60	5324	
0.4	5.4	33	1165	18	3	53	97888	53	97888	0.00801887	0.00397342	0.003	0.017	1846.94	1639.56	60	7099	
0.4	5.4	11	1168	12	3	65	204836	65	204836	0.00795385	0.00320854	0.003	0.01	3151.32	2015.72	60	9422	
0.4	5.4	34	1170	38	3	304	254505	304	254505	0.00550987	0.00385546	0.003	0.017	837.188	765.666	16	5511	
0.4	5.4	21	1171	10	3	78	157079	78	157079	0.00641026	0.00418232	0.003	0.017	2013.83	1946.45	60	9422	
0.4	5.4	6	1172	9	3	1	60	1	60	0.01	0	0.01	0.01	60	0	60	60	
0.4	5.4	28	1175	17	3	43	71139	43	71139	0.00625581	0.00353279	0.003	0.01	1654.4	818.428	60	3550	
0.4	5.4	51	1176	6	3	145	547322	145	547322	0.00657241	0.00351138	0.003	0.01	3774.63	2248.1	45	9422	
0.4	5.4	30	1177	5	3	151	483657	151	483657	0.0072649	0.00378893	0.003	0.017	3203.03	2466.11	36	9422	
0.4	5.4	18	1178	4	3	19	39168	19	39168	0.0048421	0.0031669	0.003	0.01	2061.47	1076.26	60	4141	
0.4	5.4	29	1180	26	3	176	575305	176	575305	0.00510795	0.00322042	0.003	0.01	3268.78	2307.39	23	9422	
0.4	5.4	39	1181	68	3	92	161346	92	161346	0.00718478	0.0044101	0.003	0.017	1753.76	1890.15	45	9422	
0.4	5.4	43	1183	8	3	125	434995	125	434995	0.008376	0.00296665	0.003	0.01	3479.96	2679.36	45	9422	
0.4	5.4	39	1184	30	3	55	116829	56	118013	0.005125	0.00324773	0.003	0.01	2107.37	1952.79	60	9422	
0.4	5.4	52	1185	7	3	1	60	1	60	0.01	0	0.01	0.01	60	0	60	60	
0.4	5.4	6	1187	15	3	54	187085	54	187085	0.00507407	0.00322638	0.003	0.01	3464.54	2657.16	60	9422	
0.4	5.4	46	1188	26	3	121	419614	121	419614	0.00647107	0.00351443	0.003	0.01	3467.88	2374.31	60	9422	
0.4	5.4	32	1189	16	3	116	311479	116	311479	0.00559483	0.00339559	0.003	0.01	2685.16	2156.16	60	9422	
0.4	5.4	39	1191	61	3	3	768	3	768	0.01	0	0.01	0.01	256	339.482	60	648	
0.4	5.4	51	1192	4	3	32	71118	32	71118	0.0078125	0.0032965	0.003	0.01	2222.44	1533.07	60	5324	
0.4	5.4	15	1193	20	3	83	222851	83	222851	0.00831325	0.00338551	0.003	0.017	2684.95	2294.42	60	9422	
0.4	5.4	29	1196	22	3	127	437390	127	437390	0.003	0	0.003	0.003	3444.02	2343.69	45	9422	
0.4	5.4	57	1201	22	3	43	71157	43	71157	0.00511628	0.00419302	0.003	0.017	1654.81	1292.43	60	4395	
0.4	5.4	12	1202	4	3	71	229205	71	229205	0.0041831	0.00264202	0.003	0.01	3228.24	2702.31	60	9422	
0.4	5.4	55	1203	50	3	216	312716	216	312716	0.00594907	0.0034644	0.003	0.01	1447.76	1206.23	36	9422	
0.4	5.4	41	1204	18	3	2	120	2	120	0.0065	0.00494975	0.003	0.01	60	0	60	60	
0.4	5.4	44	1206	12	3	2	120	2	120	0.003	0	0.003	0.003	60	0	60	60	
0.4	5.4	38	1207	5	3	7	9584	7	9584	0.009	0.00264575	0.003	0.01	1369.14	1151.64	60	3550	
0.4	5.4	9	1208	10	3	71	272974	71	272974	0.00546479	0.0033672	0.003	0.01	3844.7	2524.4	56	8873	
0.4	5.4	34	1209	48	3	106	68906	106	68906	0.0059717	0.00431489	0.003	0.017	650.057	738.309	43	3550	
0.4	5.4	25	1211	11	3	40	84860	41	85451	0.00829268	0.00304339	0.003	0.01	2084.17	1631.58	60	7708	
0.4	5.4	2	1213	23	3	69	177640	69	177640	0.00786956	0.00324451	0.003	0.01	2574.49	2037.24	60	9422	
0.4	5.4	52	1214	66	3	5	300	5	300	0.0072	0.00383406	0.003	0.01	60	0	60	60	
0.4	5.4	34	1215	24	3	362	234042	362	234042	0.00462431	0.00318014	0.003	0.017	646.525	726.09	54	5664	
0.4	5.4	8	1216	25	3	154	315810	154	315810	0.00490909	0.00342113	0.003	0.017	2050.71	1595.19	23	8282	
0.4	5.4	39	1218	22	3	60	72348	60	72348	0.00661667	0.00436896	0.003	0.017	1205.8	1176.08	60	6882	
0.4	5.4	18	1220	13	3	177	540479	178	544874	0.00571348	0.0034201	0.003	0.01	3061.09	2277.96	11	9422	
0.4	5.4	32	1222	10	3	3	768	2	708	0.003	0	0.003	0.003	354	415.779	60	648	
0.4	5.4	39	1223	52	3	192	384414	191	382047	0.00571204	0.00341911	0.003	0.01	2000.25	1470.17	36	9422	
0.4	5.4	17	1224	13	3	102	379370	102	379370	0.00409804	0.00255827	0.003	0.01	3719.31	1842.52	60	9422	
0.4	5.4	29	1225	7	3	40	55176	40	55176	0.00545	0.00405697	0.003	0.017	1379.4	1066.94	60	4141	
0.4	5.4	34	1227	55	3	8	4857	8	4857	0.005625	0.00520817	0.003	0.017	607.125	670.163	60	1775	
0.4	5.4	1	1228	1	3	5	300	5	300	0.0058	0.00383406	0.003	0.01	60	0	60	60	
0.4	5.4	41	1230	39	3	14	10952	14	10952	0.0065	0.00455311	0.003	0.017	782.286	819.811	60	2958	
0.4	5.4	28	1231	18	3	1	60	1	60	0.003	0	0.003	0.003	60	0	60	60	
0.4	5.4	53	1233	20	3	127	306079	128	310220	0.00814062	0.00377671	0.003	0.017	2423.59	1846.42	60	8873	
0.4	5.4	8	1234	16	3	89	197242	89	197242	0.003	0	0.003	0.003	2216.2	1772.69	60	9422	
0.4	5.4	51	1236	10	3	124	374664	124	374664	0.00689516	0.00371291	0.003	0.017	3021.48	1900.35	57	9422	
0.4	5.4	38	1237	15	3	177	654047	177	654047	0.00402825	0.00248502	0.003	0.01	3695.18	2714.94	45	9422	
0.4	5.4	35	1238	12	3	96	154166	96	154166	0.00825	0.003047	0.003	0.01	1605.9	1807.11	45	9422	
0.4	5.4	30	1239	12	3	135	364165	135	364165	0.00782222	0.00367498	0.003	0.017	2697.52	2562	45	9422	
0.4	5.4	28	1240	26	3	88	182407	88	182407	0.00339773	0.00162975	0.003	0.01	2072.81	1673.66	60	9422	
0.4	5.4	15	1242	8	3	7	8994	7	8994	0.01	0	0.01	0.01	1284.86	973.602	60	2961	
0.4	5.4	51	1243	8	3	96	224599	96	224599	0.00744792	0.00338688	0.003	0.01	2339.57	2270.42	36	9422	
0.4	5.4	57	1244	21	3	187	414518	188	418180	0.00646276	0.00350915	0.003	0.01	2224.36	1829.69	60	9422	
0.4	5.4	47	1245	8	3	182	532443	183	534810	0.00671038	0.00357928	0.003	0.017	2922.46	2591.87	45	9422	
0.4	5.4	2	1248	27	3	99	181956	98	180772	0.00592857	0.00347079	0.003	0.01	1844.61	1197.54	23	6378	
0.4	5.4	34	1249	7	3	1	60	1	60	0.003	0	0.003	0.003	60	0	60	60	
0.4	5.4	31	1252	18	3	5	3669	5	3669	0.0044	0.0031305	0.003	0.01	733.8	701.57	60	1775	
0.4	5.4	41	1254	8	3	2	120	2	120	0.003	0	0.003	0.003	60	0	60	60	
0.4	5.4	55	1255	48	3	250	385090	250	385090	0.005576	0.0033826	0.003	0.01	1540.36	1244.43	34	9422	
0.4	5.4	50	1258	3	3	115	296097	115	296097	0.00847826	0.00318259	0.003	0.017	2574.76	2350.83	60	9422	
0.4	5.4	23	1259	21	3	1	60	1	60	0.01	0	0.01	0.01	60	0	60	60	
0.4	5.4	37	1260	51	3	2	120	2	120	0.0065	0.00494975	0.003	0.01	60	0	60	60	
0.4	5.4	34	1263	11	3	132	289558	132	289558	0.00416667	0.00261868	0.003	0.01	2193.62	2129.59	27	9422	
0.4	5.4	12	1266	11	3	176	660460	176	660460	0.00789204	0.00322042	0.003	0.01	3752.61	2466.88	45	9422	
0.4	5.4	43	1268	9	3	115	296219	115	296219	0.00762609	0.0033284	0.003	0.01	2575.82	2350.25	60	9422	
0.4	5.4	10	1269	9	3	2	120	2	120	0.003	0	0.003	0.003	60	0	60	60	
0.4	5.4	33	1271	1	3	89	317246	89	317246	0.00520225	0.00326893	0.003	0.01	3564.56	2069.17	60	9422	
0.4	5.4	29	1272	3	3	2	120	2	120	0.0065	0.00494975	0.003	0.01	60	0	60	60	
0.4	5.4	34	1273	42	3	257	361975	256	360791	0.00584375	0.00396344	0.003	0.017	1409.34	1382.63	28	8873	
0.4	5.4	1	1274	12	3	67	213124	67	213124	0.00467164	0.003007	0.003	0.01	3180.96	2991.9	45	9422	
0.4	5.4	2	1276	19	3	77	115674	77	115674	0.00627273	0.00351552	0.003	0.01	1502.26	1256.91	60	7099	
0.4	5.4	41	1277	45	3	158	208050	158	208050	0.00610126	0.00398914	0.003	0.017	1316.77	1018.96	5	7099	
0.4	5.4	22	1279	7	3	44	164001	44	164001	0.003	0	0.003	0.003	3727.3	2649.77	60	9422	
0.4	5.4	48	1280	14	3	2	120	2	120	0.0065	0.00494975	0.003	0.01	60	0	60	60	
0.4	5.4	36	1281	6	3	23	58696	23	58696	0.00665217	0.00357528	0.003	0.01	2552	2741.24	45	9422	
0.4	5.4	56	1282	15	3	89	250410	90	251594	0.00556667	0.00339216	0.003	0.01	2795.49	1887.33	57	9422	
0.4	5.4	15	1283	4	3	121	325694	122	332793	0.00730328	0.00342062	0.003	0.01	2727.81	1868.21	60	9422	
0.4	5.4	32	1284	1	3	1	60	1	60	0.01	0	0.01	0.01	60	0	60	60	
0.4	5.4	5	1286	12	3	1	60	1	60	0.01	0	0.01	0.01	60	0	60	60	
0.4	5.4	37	1287	8	3	1	60	1	60	0.01	0	0.01	0.01	60	0	60	60	
0.4	5.4	51	1288	12	3	91	253475	91	253475	0.00546154	0.00336091	0.003	0.01	2785.44	2465.38	60	9422	
0.4	5.4	55	1291	13	3	128	247113	128	247113	0.00398437	0.002443	0.003	0.01	1930.57	1534.87	51	8873	
0.4	5.4	2	1292	21	3	60	141789	59	140014	0.00572881	0.00344329	0.003	0.01	2373.12	2273.08	60	9422	
0.4	5.4	8	1293	2	3	58	121444	58	121444	0.003	0	0.003	0.003	2093.86	1892.52	60	9422	
0.4	5.4	20	1294	13	3	57	168755	57	168755	0.00545614	0.00337041	0.003	0.01	2960.61	2620.7	60	9422	
0.4	5.4	15	1297	11	3	90	167149	90	167149	0.00805555	0.00348467	0.003	0.017	1857.21	1477.17	60	7099	
0.4	5.4	41	1298	65	3	5	300	5	300	0.0072	0.00626099	0.003	0.017	60	0	60	60	
0.4	5.4	55	1299	5	3	4	240	4	240	0.003	0	0.003	0.003	60	0	60	60	
0.4	5.4	39	1300	42	3	71	107854	70	107262	0.0059	0.00347308	0.003	0.01	1532.31	1279.39	60	6396	
0.4	5.4	33	1301	22	3	138	441046	137	439862	0.00591241	0.00346299	0.003	0.01	3210.67	2297.4	45	9422	
0.4	5.4	18	1302	7	3	176	499671	176	499671	0.00475	0.00330454	0.003	0.017	2839.04	2128.44	60	9422	
0.4	5.4	38	1306	20	3	157	579543	157	579543	0.00723567	0.00343276	0.003	0.01	3691.36	2444.82	45	9422	
0.4	5.4	57	1311	3	3	195	470109	195	470109	0.00562051	0.00339642	0.003	0.01	2410.82	1812.61	43	9422	
0.4	5.4	41	1312	22	3	198	383365	198	383365	0.00632323	0.00364358	0.003	0.017	1936.19	1469.24	60	9422	
0.4	5.4	54	1313	19	3	1	60	1	60	0.01	0	0.01	0.01	60	0	60	60	
0.4	5.4	41	1314	21	3	3	180	3	180	0.01	0	0.01	0.01	60	0	60	60	
0.4	5.4	2	1315	33	3	12	11957	12	11957	0.00591667	0.0036045	0.003	0.01	996.417	799.961	60	2958	
0.4	5.4	46	1316	25	3	25	67093	25	67093	0.00468	0.00305123	0.003	0.01	2683.72	2373.08	60	9422	
0.4	5.4	31	1317	4	3	75	156467	75	156467	0.00673333	0.00369928	0.003	0.017	2086.23	1759.27	60	9422	
0.4	5.4	20	1318	9	3	8	12544	8	12544	0.00475	0.00324037	0.003	0.01	1568	1050.26	60	3550	
0.4	5.4	13	1321	20	3	48	94801	48	94801	0.00766667	0.00333475	0.003	0.01	1975.02	1919.82	60	9422	
0.4	5.4	14	1322	8	3	3	180	3	180	0.00766667	0.00404145	0.003	0.01	60	0	60	60	
0.4	5.4	2	1324	29	3	182	496125	182	496125	0.00480769	0.00307212	0.003	0.01	2725.96	2439.25	45	9422	
0.4	5.4	2	1325	38	3	158	557132	158	557132	0.003	0	0.003	0.003	3526.15	2481.85	60	9422	
0.4	5.4	41	1326	42	3	5	300	5	300	0.0072	0.00383406	0.003	0.01	60	0	60	60	
0.4	5.4	19	1327	5	3	89	372959	89	372959	0.00339326	0.00162101	0.003	0.01	4190.55	2881.98	45	9422	
0.4	5.4	37	1328	26	3	50	105472	49	100739	0.003	0	0.003	0.003	2055.9	1496.83	60	7099	
0.4	5.4	22	1329	8	3	117	462191	117	462191	0.00377778	0.00220935	0.003	0.01	3950.35	2408.34	45	9422	
0.4	5.4	27	1330	8	3	62	181168	62	181168	0.0063871	0.00352674	0.003	0.01	2922.06	2276.9	60	9422	
0.4	5.4	31	1331	5	3	123	375979	123	375979	0.00305691	0.000631169	0.003	0.01	3056.74	1891.79	60	8282	
0.4	5.4	18	1332	10	3	91	162296	91	162296	0.008	0.0042111	0.003	0.024	1783.47	1220.65	53	4733	
0.4	5.4	27	1333	11	3	74	190069	75	195393	0.00757333	0.00354574	0.003	0.017	2605.24	1645.45	60	6877	
0.4	5.4	8	1334	15	3	1	60	1	60	0.003	0	0.003	0.003	60	0	60	60	
0.4	5.4	16	1335	4	3	36	146840	36	146840	0.003	0	0.003	0.003	4078.89	2749.96	60	9422	
0.4	5.4	17	1337	17	3	139	386038	139	386038	0.00748201	0.00337156	0.003	0.01	2777.25	2006.84	60	9422	
0.4	5.4	25	1338	3	3	48	117278	48	117278	0.00635417	0.00353397	0.003	0.01	2443.29	1677.42	60	6507	
0.4	5.4	31	1339	17	3	122	278959	122	278959	0.00747541	0.00349312	0.003	0.017	2286.55	1709.39	28	9422	
0.4	5.4	5	1342	13	3	102	255165	101	253981	0.00792079	0.00350623	0.003	0.017	2514.66	1942.85	60	9422	
0.4	5.4	55	1343	57	3	114	181975	114	181975	0.00551754	0.00337411	0.003	0.01	1596.27	1554.69	32	8873	
0.4	5.4	34	1344	33	3	378	361559	378	361559	0.00546296	0.00401786	0.003	0.017	956.505	1240.96	43	9422	
0.4	5.4	21	1346	25	3	83	148808	83	148808	0.00628916	0.00351488	0.003	0.01	1792.87	1614.1	60	7099	
0.4	5.4	41	1348	48	3	132	261746	132	261746	0.00427273	0.00271015	0.003	0.01	1982.92	1600.96	60	9422	
0.4	5.4	34	1349	31	3	18	7946	18	7946	0.00494444	0.00402159	0.003	0.017	441.444	341.323	29	1184	
0.4	5.4	34	1350	23	3	198	232381	198	232381	0.00568687	0.00348498	0.003	0.017	1173.64	1087.81	60	7099	
0.4	5.4	20	1353	11	3	111	310179	111	306630	0.00766667	0.0033148	0.003	0.01	2762.43	1870.29	60	9422	
0.4	5.4	10	1355	6	3	189	708231	189	708231	0.00666667	0.00350532	0.003	0.01	3747.25	2444.6	45	9422	
0.4	5.4	35	1357	6	3	3	1892	3	1892	0.003	0	0.003	0.003	630.667	562.2	60	1184	
0.4	5.4	42	1358	4	3	100	126355	100	126355	0.00678	0.00390695	0.003	0.017	1263.55	1129.1	20	6166	
0.4	5.4	55	1359	70	3	244	273396	243	272212	0.00576543	0.00412593	0.003	0.017	1120.21	841.64	24	4904	
0.4	5.4	38	1361	7	3	2	120	2	120	0.01	0	0.01	0.01	60	0	60	60	
0.4	5.4	34	1363	16	3	243	239469	242	237694	0.00554545	0.00398233	0.003	0.017	982.207	1068.65	37	6882	
0.4	5.4	50	1366	5	3	121	485974	121	485974	0.00577686	0.00343872	0.003	0.01	4016.31	2760.73	60	9422	
0.4	5.4	37	1370	3	3	136	238030	136	238030	0.00521323	0.00326691	0.003	0.01	1750.22	1416.55	60	9422	
0.4	5.4	39	1371	10	3	2	120	2	120	0.01	0	0.01	0.01	60	0	60	60	
0.4	5.4	52	1373	22	3	30	104136	30	104136	0.00533333	0.00335624	0.003	0.01	3471.2	2022.57	252	8945	
0.4	5.4	49	1374	1	3	81	294181	80	287674	0.008425	0.0033367	0.003	0.017	3595.92	2282.21	45	9422	
0.4	5.4	37	1377	27	3	36	69346	36	69346	0.00863889	0.00327024	0.003	0.017	1926.28	1675.38	60	9422	
0.4	5.4	11	1378	1	3	170	616268	171	618635	0.00774854	0.00336608	0.003	0.017	3617.75	2396.07	36	9422	
0.4	5.4	27	1380	17	3	97	332267	96	329309	0.00533333	0.00331715	0.003	0.01	3430.3	2615.08	45	9422	
0.4	5.4	36	1381	14	3	97	428986	97	428986	0.00660825	0.0035165	0.003	0.01	4422.54	2370.39	36	9422	
0.4	5.4	13	1383	2	3	1	60	1	60	0.01	0	0.01	0.01	60	0	60	60	
0.4	5.4	48	1384	4	3	3	1892	2	708	0.01	0	0.01	0.01	354	415.779	60	648	
0.4	5.4	28	1385	3	3	1	60	1	60	0.01	0	0.01	0.01	60	0	60	60	
0.4	5.4	25	1387	15	3	70	229101	70	229101	0.0061	0.00350217	0.003	0.01	3272.87	2670.93	45	9422	
0.4	5.4	52	1388	70	3	71	99576	71	99576	0.00635211	0.00371521	0.003	0.017	1402.48	1553.37	49	9422	
0.4	5.4	40	1389	10	3	131	423508	131	423508	0.00706107	0.003468	0.003	0.01	3232.89	2667.73	45	9422	
0.4	5.4	36	1390	9	3	68	126866	68	126866	0.003	0	0.003	0.003	1865.68	1668.76	60	9422	
0.4	5.4	28	1392	2	3	230	632011	230	632011	0.00726087	0.00400019	0.003	0.017	2747.87	2296.43	19	9422	
0.4	5.4	52	1394	53	3	90	126271	90	126271	0.00587778	0.00391146	0.003	0.017	1403.01	1116.51	60	5951	
0.4	5.4	27	1395	12	3	61	111321	61	111321	0.00678688	0.00351717	0.003	0.01	1824.93	1286.87	60	5324	
0.4	5.4	52	1396	72	3	218	312941	218	312941	0.00630734	0.00375175	0.003	0.017	1435.51	1375.94	45	9422	
0.4	5.4	8	1397	4	3	6	360	6	360	0.00416667	0.00285774	0.003	0.01	60	0	60	60	
0.4	5.4	56	1398	4	3	52	135031	52	135031	0.00757692	0.00389241	0.003	0.017	2596.75	2403.07	60	9422	
0.4	5.4	11	1400	17	3	144	442121	144	442121	0.00829861	0.00301298	0.003	0.01	3070.28	2603.24	45	9422	
0.4	5.4	16	1402	14	3	1	60	1	60	0.01	0	0.01	0.01	60	0	60	60	
0.4	5.4	46	1403	11	3	128	523836	128	523836	0.00688281	0.00349267	0.003	0.01	4092.47	2457.79	60	9422	
0.4	5.4	19	1404	13	3	14	42718	14	42718	0.004	0.00254196	0.003	0.01	3051.29	2694.52	60	9422	
0.4	5.4	54	1405	10	3	111	275496	111	275496	0.00672072	0.00350887	0.003	0.01	2481.95	2475.38	60	9422	
0.4	5.4	32	1407	8	3	8	21415	8	21415	0.0065	0.00374166	0.003	0.01	2676.88	2453.7	60	7099	
0.4	5.4	15	1410	14	3	100	351575	100	351575	0.00552	0.00337693	0.003	0.01	3515.75	2686.2	45	9422	
0.4	5.4	48	1411	6	3	2	708	2	708	0.01	0	0.01	0.01	354	415.779	60	648	
0.4	5.4	31	1413	8	3	150	418018	151	426300	0.00633775	0.00359979	0.003	0.017	2823.18	2139	45	9422	
0.4	5.4	37	1415	54	3	27	24395	27	24395	0.00507407	0.00325725	0.003	0.01	903.519	499.36	60	1775	
0.4	5.4	43	1416	2	3	1	60	1	60	0.01	0	0.01	0.01	60	0	60	60	
0.4	5.4	57	1417	27	3	118	311377	119	314335	0.00647059	0.00351468	0.003	0.01	2641.47	1796.29	60	9422	
0.4	5.4	27	1418	21	3	113	330887	113	330887	0.00869911	0.00289052	0.003	0.017	2928.2	2082.61	60	9422	
0.4	5.4	24	1420	2	3	5	5442	5	5442	0.003	0	0.003	0.003	1088.4	742.216	60	1775	
0.4	5.4	53	1423	18	3	83	223815	84	228210	0.0075	0.00354489	0.003	0.017	2716.79	2046.81	45	9422	
0.4	5.4	14	1424	1	3	144	606000	144	606000	0.00756944	0.00334424	0.003	0.01	4208.33	2987.64	45	9422	
