% start	end	CellId	IMSI	RNTI	LCID	nTxPDUs	TxBytes	nRxPDUs	RxBytes	delay	stdDev	min	max	PduSize	stdDev	min	max
0.4	5.4	23	1	8	3	3	180	3	180	0.00766667	0.00404145	0.003	0.01	60	0	60	60	
0.4	5.4	13	2	12	3	8	8996	5	5442	0.0058	0.00383406	0.003	0.01	1088.4	742.216	60	1775	
0.4	5.4	31	3	20	3	60	129724	60	129724	0.00825	0.00331726	0.003	0.017	2162.07	1595.2	60	7099	
0.4	5.4	41	5	69	3	377	557142	377	557142	0.00559947	0.00342492	0.003	0.017	1477.83	1252.33	18	6903	
0.4	5.4	21	6	2	3	204	815448	204	815448	0.0057451	0.00342603	0.003	0.01	3997.29	2905.33	45	9422	
0.4	5.4	8	7	6	3	97	210222	97	210222	0.00595876	0.00347586	0.003	0.01	2167.24	1490.51	45	9422	
0.4	5.4	37	8	16	3	88	80272	88	80272	0.005625	0.00340828	0.003	0.01	912.182	899.352	60	4395	
0.4	5.4	13	9	3	3	97	318438	97	318438	0.00343299	0.00169501	0.003	0.01	3282.87	2214.05	60	9422	
0.4	5.4	42	11	10	3	170	346408	170	346408	0.00662353	0.00350815	0.003	0.01	2037.69	1580.54	54	9422	
0.4	5.4	52	12	46	3	151	183088	151	183088	0.0060596	0.00348374	0.003	0.01	1212.5	1255.94	60	8282	
0.4	5.4	42	13	24	3	89	155374	89	155374	0.00402247	0.00248622	0.003	0.01	1745.78	1276.75	60	7099	
0.4	5.4	52	15	9	3	297	509296	298	510480	0.00534899	0.00331089	0.003	0.01	1713.02	1596.86	11	9422	
0.4	5.4	41	19	75	3	33	28561	33	28561	0.0059697	0.00554236	0.003	0.024	865.485	501.077	60	1775	
0.4	5.4	7	20	19	3	3	710	3	710	0.0146667	0.00404145	0.01	0.017	236.667	160.351	60	373	
0.4	5.4	51	22	6	3	5	5442	5	5442	0.01	0	0.01	0.01	1088.4	742.216	60	1775	
0.4	5.4	55	23	50	3	320	185236	320	185236	0.00608437	0.00465173	0.003	0.024	578.862	580.44	13	4495	
0.4	5.4	8	24	18	3	162	238214	162	238214	0.00637037	0.00375969	0.003	0.017	1470.46	1347.15	26	9422	
0.4	5.4	39	27	57	3	404	429673	404	429673	0.0057203	0.00341628	0.003	0.01	1063.55	912.352	6	9422	
0.4	5.4	1	28	7	3	15	39764	15	39764	0.00953333	0.00180739	0.003	0.01	2650.93	1905.7	60	5664	
0.4	5.4	16	29	5	3	131	520894	131	520894	0.00807633	0.00313692	0.003	0.01	3976.29	2867.97	45	9422	
0.4	5.4	36	30	4	3	39	69972	39	69972	0.00676923	0.0038829	0.003	0.017	1794.15	1098.39	60	4395	
0.4	5.4	17	31	2	3	68	203673	68	203673	0.00536765	0.00333639	0.003	0.01	2995.19	2266.48	7	9422	
0.4	5.4	8	32	1	3	230	563037	231	565404	0.00327273	0.00135746	0.003	0.01	2447.64	1914.23	45	9422	
0.4	5.4	37	33	64	3	251	317020	250	314059	0.004988	0.00316289	0.003	0.01	1256.24	1155.66	60	5861	
0.4	5.4	41	35	59	3	31	25006	31	25006	0.00593548	0.00394914	0.003	0.017	806.645	479.593	60	1775	
0.4	5.4	51	37	4	3	75	114356	75	114356	0.00766667	0.00387415	0.003	0.017	1524.75	1226.12	60	5324	
0.4	5.4	10	39	18	3	121	323813	120	316714	0.00825	0.00365819	0.003	0.017	2639.28	1981.85	45	9422	
0.4	5.4	34	40	43	3	195	342428	195	342428	0.00619487	0.00363729	0.003	0.017	1756.04	1456.87	23	9422	
0.4	5.4	8	41	36	3	50	76480	50	76480	0.00538	0.00334963	0.003	0.01	1529.6	891.422	60	5324	
0.4	5.4	41	42	35	3	3	180	3	180	0.00766667	0.00404145	0.003	0.01	60	0	60	60	
0.4	5.4	8	44	29	3	209	290930	209	290930	0.00725359	0.00439053	0.003	0.017	1392.01	1215.34	60	7099	
0.4	5.4	4	46	12	3	2	120	2	120	0.01	0	0.01	0.01	60	0	60	60	
0.4	5.4	35	47	1	3	120	284763	120	277726	0.00836667	0.00323825	0.003	0.017	2314.38	1925.83	45	9422	
0.4	5.4	13	48	10	3	191	512471	191	512471	0.00615183	0.00349179	0.003	0.01	2683.09	2233.98	4	9422	
0.4	5.4	17	51	27	3	35	89469	35	89469	0.0064	0.00354965	0.003	0.01	2556.26	2072.13	60	9422	
0.4	5.4	55	53	56	3	330	494127	330	494127	0.00319091	0.00114187	0.003	0.01	1497.35	1365.24	60	9422	
0.4	5.4	52	54	16	3	140	154118	140	154118	0.005	0.00317363	0.003	0.01	1100.84	1125.78	60	9422	
0.4	5.4	32	59	4	3	80	244486	80	244486	0.003	0	0.003	0.003	3056.08	2372.58	45	9422	
0.4	5.4	49	61	19	3	5	5442	4	3667	0.01	0	0.01	0.01	916.75	733.545	60	1775	
0.4	5.4	28	62	22	3	86	229136	86	229136	0.003	0	0.003	0.003	2664.37	1484.17	60	5664	
0.4	5.4	17	63	14	3	78	119230	78	119230	0.00739743	0.00423756	0.003	0.017	1528.59	1413.75	60	9422	
0.4	5.4	52	65	21	3	316	483616	316	483616	0.00537025	0.00331791	0.003	0.01	1530.43	1439.28	6	9422	
0.4	5.4	24	66	1	3	10	10178	10	10178	0.0079	0.00338132	0.003	0.01	1017.8	606.315	56	1775	
0.4	5.4	19	67	11	3	60	262321	60	262321	0.003	0	0.003	0.003	4372.02	2372.48	60	9422	
0.4	5.4	49	71	13	3	15	20828	15	20828	0.00906667	0.00246306	0.003	0.01	1388.53	874.986	60	3550	
0.4	5.4	23	72	9	3	1	60	1	60	0.01	0	0.01	0.01	60	0	60	60	
0.4	5.4	33	76	13	3	71	227442	71	227442	0.00664789	0.00407466	0.003	0.017	3203.41	1976.18	60	7099	
0.4	5.4	28	77	23	3	131	345144	131	345144	0.00492366	0.00336868	0.003	0.017	2634.69	1938.01	60	9422	
0.4	5.4	37	78	57	3	239	159696	239	159696	0.00440586	0.0034663	0.003	0.017	668.184	514.604	60	3182	
0.4	5.4	9	79	8	3	4	240	4	240	0.0065	0.00404145	0.003	0.01	60	0	60	60	
0.4	5.4	16	82	14	3	26	81879	26	81879	0.00946154	0.00190223	0.003	0.01	3149.19	3110.79	60	9422	
0.4	5.4	55	83	22	3	368	226829	368	226829	0.00494022	0.00342243	0.003	0.017	616.383	539.935	7	4395	
0.4	5.4	15	84	23	3	224	821445	224	821445	0.003	0	0.003	0.003	3667.17	2091.72	60	9422	
0.4	5.4	27	85	18	3	55	184115	55	184115	0.00898182	0.00249066	0.003	0.01	3347.55	2542.98	60	9422	
0.4	5.4	54	87	11	3	130	531414	130	531414	0.00660769	0.00351188	0.003	0.01	4087.8	2789.39	45	9422	
0.4	5.4	17	88	5	3	208	379644	208	379644	0.00710577	0.00414104	0.003	0.017	1825.21	1712.5	60	9422	
0.4	5.4	52	89	4	3	1	60	1	60	0.017	0	0.017	0.017	60	0	60	60	
0.4	5.4	41	90	45	3	2	120	2	120	0.01	0	0.01	0.01	60	0	60	60	
0.4	5.4	20	92	15	3	180	557513	180	557513	0.00778333	0.00350781	0.003	0.017	3097.29	2559.31	45	9422	
0.4	5.4	52	93	24	3	73	76093	73	76093	0.00635616	0.00352124	0.003	0.01	1042.37	877.898	23	4395	
0.4	5.4	41	94	79	3	2	120	2	120	0.0065	0.00494975	0.003	0.01	60	0	60	60	
0.4	5.4	48	96	19	3	70	247075	71	251216	0.00694366	0.00369125	0.003	0.017	3538.25	2519.53	18	9422	
0.4	5.4	40	97	19	3	75	253950	75	253950	0.00608	0.00349811	0.003	0.01	3386	2275.05	60	8282	
0.4	5.4	39	98	62	3	1	60	1	60	0.01	0	0.01	0.01	60	0	60	60	
0.4	5.4	45	99	11	3	81	272983	81	272983	0.0042963	0.00273608	0.003	0.01	3370.16	2315.04	60	9422	
0.4	5.4	39	100	63	3	184	287854	185	287914	0.00598919	0.00397272	0.003	0.017	1556.29	1578.5	6	8331	
0.4	5.4	7	101	18	3	46	124499	46	124499	0.00756522	0.0033708	0.003	0.01	2706.5	1748.57	60	8873	
0.4	5.4	24	102	16	3	132	318489	132	318489	0.00777273	0.00338517	0.003	0.017	2412.8	1649.83	23	9422	
0.4	5.4	39	103	59	3	187	149045	187	149045	0.00517112	0.00362972	0.003	0.017	797.032	958.367	5	9121	
0.4	5.4	8	105	35	3	170	435101	170	435101	0.0045647	0.00292489	0.003	0.01	2559.42	1921.73	30	9422	
0.4	5.4	32	106	20	3	75	227988	75	227988	0.003	0	0.003	0.003	3039.84	2047.95	60	9422	
0.4	5.4	57	108	18	3	151	619089	153	629798	0.00464706	0.00297903	0.003	0.01	4116.33	2506.25	45	9422	
0.4	5.4	32	109	14	3	204	680864	204	680864	0.00663725	0.0035741	0.003	0.017	3337.57	2949.15	45	9422	
0.4	5.4	13	111	30	3	66	114373	66	114373	0.00618182	0.00351222	0.003	0.01	1732.92	1433.07	30	5861	
0.4	5.4	52	112	18	3	315	379184	315	379184	0.006	0.00346961	0.003	0.01	1203.76	968.532	14	4904	
0.4	5.4	55	113	15	3	1	60	1	60	0.003	0	0.003	0.003	60	0	60	60	
0.4	5.4	34	116	46	3	201	555317	201	555317	0.00449751	0.00287772	0.003	0.01	2762.77	2107.3	45	9422	
0.4	5.4	33	117	12	3	91	382311	91	382311	0.00376923	0.0022014	0.003	0.01	4201.22	2713.48	45	9422	
0.4	5.4	6	118	20	3	106	362934	106	362934	0.00379245	0.00222846	0.003	0.01	3423.91	2237.8	60	9422	
0.4	5.4	8	121	8	3	71	164155	71	164155	0.0041831	0.00264202	0.003	0.01	2312.04	1849.3	60	9422	
0.4	5.4	47	122	11	3	159	715626	159	715626	0.003	0	0.003	0.003	4500.79	2946.76	45	9422	
0.4	5.4	49	123	14	3	146	394931	146	394931	0.00856164	0.003067	0.003	0.017	2705.01	1811.98	60	9422	
0.4	5.4	7	129	17	3	1	60	1	60	0.01	0	0.01	0.01	60	0	60	60	
0.4	5.4	13	130	23	3	195	440554	195	440554	0.00626667	0.00364263	0.003	0.017	2259.25	1810.96	60	9422	
0.4	5.4	53	131	12	3	86	246973	86	246973	0.00902325	0.00243975	0.003	0.01	2871.78	2361.83	45	9422	
0.4	5.4	2	132	7	3	2	120	2	120	0.003	0	0.003	0.003	60	0	60	60	
0.4	5.4	52	136	50	3	2	120	2	120	0.01	0	0.01	0.01	60	0	60	60	
0.4	5.4	37	137	67	3	112	102026	110	100842	0.00490909	0.0031318	0.003	0.01	916.745	779.552	15	4395	
0.4	5.4	30	142	10	3	150	516784	150	516784	0.00846	0.00290944	0.003	0.01	3445.23	2322.85	36	9422	
0.4	5.4	15	144	1	3	1	60	1	60	0.01	0	0.01	0.01	60	0	60	60	
0.4	5.4	39	145	56	3	81	173535	81	173535	0.00377778	0.00221359	0.003	0.01	2142.41	1578	60	7099	
0.4	5.4	49	146	16	3	144	526100	144	526100	0.00484722	0.00309595	0.003	0.01	3653.47	2770.26	45	9422	
0.4	5.4	29	147	11	3	74	198339	74	198339	0.00895946	0.00250719	0.003	0.01	2680.26	2227.53	60	9422	
0.4	5.4	39	149	31	3	244	363701	244	363701	0.00460656	0.00294967	0.003	0.01	1490.58	1285.89	10	7099	
0.4	5.4	30	150	4	3	69	224951	69	224951	0.00878261	0.00267268	0.003	0.01	3260.16	1936.33	60	9422	
0.4	5.4	37	152	46	3	517	630289	517	630289	0.0053559	0.00331093	0.003	0.01	1219.13	1478.42	28	9422	
0.4	5.4	18	154	11	3	112	207834	112	207834	0.007625	0.00332916	0.003	0.01	1855.66	1973.51	60	9422	
0.4	5.4	39	156	43	3	185	145936	185	145936	0.00553513	0.00402169	0.003	0.017	788.843	624.843	60	4395	
0.4	5.4	31	157	8	3	16	23311	16	23311	0.0086875	0.00282179	0.003	0.01	1456.94	947.338	60	3550	
0.4	5.4	3	164	1	3	66	262802	66	262802	0.003	0	0.003	0.003	3981.85	2222.36	60	9422	
0.4	5.4	55	166	49	3	299	262807	299	262807	0.00449833	0.00287593	0.003	0.01	878.953	729.705	38	4395	
0.4	5.4	45	167	1	3	66	216665	66	216665	0.00809091	0.00314142	0.003	0.01	3282.8	2223.26	60	9422	
0.4	5.4	41	168	1	3	3	180	3	180	0.00766667	0.00404145	0.003	0.01	60	0	60	60	
0.4	5.4	13	169	4	3	8	11360	8	11360	0.007375	0.00362284	0.003	0.01	1420	1028.29	60	3550	
0.4	5.4	47	170	8	3	72	210394	72	210394	0.00863889	0.00278985	0.003	0.01	2922.14	2224.58	45	9422	
0.4	5.4	44	171	1	3	44	102486	44	102486	0.00697727	0.00350739	0.003	0.01	2329.23	1714.94	60	7099	
0.4	5.4	10	172	11	3	49	114333	48	113149	0.00722917	0.0037487	0.003	0.017	2357.27	1501.15	60	5861	
0.4	5.4	44	173	14	3	188	614532	188	614532	0.00761702	0.00332582	0.003	0.01	3268.79	2565.53	45	9422	
0.4	5.4	6	175	18	3	129	490606	129	490606	0.00403101	0.00249041	0.003	0.01	3803.15	2590.09	45	9422	
0.4	5.4	12	177	1	3	1	60	1	60	0.01	0	0.01	0.01	60	0	60	60	
0.4	5.4	52	178	68	3	3	1892	3	1892	0.00766667	0.00404145	0.003	0.01	630.667	562.2	60	1184	
0.4	5.4	39	179	40	3	155	119283	156	120426	0.00600641	0.00421594	0.003	0.017	771.962	594.829	14	4395	
0.4	5.4	44	180	11	3	190	695447	190	695447	0.00476842	0.00304969	0.003	0.01	3660.25	2228.86	60	9422	
0.4	5.4	55	181	34	3	2	120	2	120	0.003	0	0.003	0.003	60	0	60	60	
0.4	5.4	18	183	7	3	97	339279	97	339279	0.00675258	0.00350901	0.003	0.01	3497.72	2544.83	60	9422	
0.4	5.4	2	184	1	3	27	48057	27	48057	0.00688889	0.00354459	0.003	0.01	1779.89	991.655	60	4395	
0.4	5.4	8	188	4	3	2	120	2	120	0.0135	0.00494975	0.01	0.017	60	0	60	60	
0.4	5.4	4	190	7	3	55	150522	55	150522	0.00630909	0.003527	0.003	0.01	2736.76	2161.89	60	9422	
0.4	5.4	23	191	6	3	2	120	2	120	0.0065	0.00494975	0.003	0.01	60	0	60	60	
0.4	5.4	21	192	16	3	153	587648	153	587648	0.00579085	0.00343866	0.003	0.01	3840.84	2584.53	24	9422	
0.4	5.4	16	193	17	3	61	149831	61	149831	0.00781967	0.00326858	0.003	0.01	2456.25	1697.56	36	9422	
0.4	5.4	7	196	5	3	143	404851	143	404851	0.00892308	0.00266716	0.003	0.017	2831.13	2129.69	45	9422	
0.4	5.4	56	197	10	3	2	120	2	120	0.0065	0.00494975	0.003	0.01	60	0	60	60	
0.4	5.4	8	199	2	3	108	247512	108	247512	0.00526852	0.00329147	0.003	0.01	2291.78	1649.44	60	9422	
0.4	5.4	49	200	7	3	18	54552	17	50411	0.00917647	0.0033955	0.003	0.017	2965.35	1954.03	60	7099	
0.4	5.4	23	201	10	3	113	250436	113	250436	0.00876106	0.00268353	0.003	0.01	2216.25	1536	60	7690	
0.4	5.4	37	202	72	3	346	425552	343	420226	0.00526531	0.00327977	0.003	0.01	1225.15	1073.21	44	9422	
0.4	5.4	44	204	10	3	67	187684	68	189459	0.00732353	0.00342703	0.003	0.01	2786.16	2008.69	60	9422	
0.4	5.4	46	205	11	3	73	212652	73	212652	0.00491781	0.00314357	0.003	0.01	2913.04	2591.29	45	9422	
0.4	5.4	41	206	4	3	1	60	1	60	0.003	0	0.003	0.003	60	0	60	60	
0.4	5.4	39	207	6	3	2	120	2	120	0.0065	0.00494975	0.003	0.01	60	0	60	60	
0.4	5.4	28	208	13	3	82	129757	82	129757	0.0062439	0.00399556	0.003	0.017	1582.4	1447.15	24	8873	
0.4	5.4	55	209	11	3	271	362600	271	362600	0.003	0	0.003	0.003	1338.01	1152.87	6	7099	
0.4	5.4	53	210	11	3	112	409663	112	409663	0.0089375	0.00252298	0.003	0.01	3657.71	2471	60	9422	
0.4	5.4	19	211	24	3	53	147573	53	147573	0.00656604	0.00353286	0.003	0.01	2784.4	2407.64	60	9422	
0.4	5.4	5	212	9	3	126	484924	126	484924	0.003	0	0.003	0.003	3848.6	2559.71	60	9422	
0.4	5.4	20	213	9	3	169	569927	170	571907	0.00810588	0.00311903	0.003	0.01	3364.16	2368.53	36	9422	
0.4	5.4	38	215	16	3	45	134432	45	134432	0.003	0	0.003	0.003	2987.38	2641.4	45	9422	
0.4	5.4	37	216	38	3	328	217203	328	217203	0.00507012	0.00342566	0.003	0.017	662.204	433.003	17	4251	
0.4	5.4	45	217	5	3	83	238576	83	238576	0.00763855	0.00332976	0.003	0.01	2874.41	1625.77	60	7099	
0.4	5.4	29	218	4	3	145	398360	146	398951	0.00774657	0.0034816	0.003	0.017	2732.54	2057.24	60	9422	
0.4	5.4	32	220	8	3	108	383515	108	383515	0.00753704	0.00335842	0.003	0.01	3551.06	2025.06	60	9422	
0.4	5.4	34	221	51	3	188	292707	188	292707	0.00631383	0.00350438	0.003	0.01	1556.95	1297.39	60	9422	
0.4	5.4	26	222	6	3	147	589411	147	589411	0.00795238	0.00329868	0.003	0.017	4009.6	2529.08	45	9422	
0.4	5.4	41	225	62	3	2	120	2	120	0.0065	0.00494975	0.003	0.01	60	0	60	60	
0.4	5.4	23	226	5	3	117	216116	117	216116	0.00910256	0.00362316	0.003	0.024	1847.15	1874.84	60	9422	
0.4	5.4	39	227	48	3	57	29187	56	28003	0.004875	0.00388967	0.003	0.017	500.054	360.606	60	1775	
0.4	5.4	18	229	10	3	235	925807	235	925807	0.00404255	0.00257998	0.003	0.017	3939.6	2774.39	45	9422	
0.4	5.4	17	230	16	3	38	68778	38	68778	0.0065	0.00453068	0.003	0.017	1809.95	1274.25	60	4736	
0.4	5.4	3	231	6	3	94	354635	94	354635	0.00605319	0.00348998	0.003	0.01	3772.71	2780.31	45	9422	
0.4	5.4	20	232	5	3	90	239780	90	239780	0.00751111	0.00352915	0.003	0.017	2664.22	2128.36	60	9422	
0.4	5.4	37	234	73	3	349	345478	349	345478	0.00582808	0.00379037	0.003	0.017	989.908	1051.19	20	9422	
0.4	5.4	28	235	10	3	186	328762	186	328762	0.00698925	0.00403898	0.003	0.017	1767.54	1855.31	60	9422	
0.4	5.4	21	236	26	3	98	330303	98	330303	0.003	0	0.003	0.003	3370.44	2462.83	45	9422	
0.4	5.4	15	240	5	3	174	473671	174	473671	0.00698276	0.00363584	0.003	0.017	2722.25	2241.2	45	9422	
0.4	5.4	38	241	3	3	207	825089	207	825089	0.00617874	0.00349367	0.003	0.01	3985.94	2799.59	36	9422	
0.4	5.4	42	243	33	3	90	145765	90	145765	0.00416667	0.00262336	0.003	0.01	1619.61	893.615	60	4107	
0.4	5.4	39	244	41	3	104	110986	104	110986	0.005625	0.00367407	0.003	0.017	1067.17	1083.76	60	9422	
0.4	5.4	55	245	6	3	3	180	3	180	0.00533333	0.00404145	0.003	0.01	60	0	60	60	
0.4	5.4	33	246	8	3	84	261181	84	261181	0.00725	0.00343923	0.003	0.01	3109.3	2397.4	34	9422	
0.4	5.4	52	248	70	3	85	61172	85	61172	0.00629412	0.00490098	0.003	0.017	719.671	565.015	60	2958	
0.4	5.4	44	250	5	3	147	545153	148	552843	0.00602703	0.00347967	0.003	0.01	3735.43	2501.32	45	9422	
0.4	5.4	18	251	4	3	45	106632	45	106632	0.0086	0.00383406	0.003	0.017	2369.6	1482.13	36	5916	
0.4	5.4	56	252	3	3	40	134419	40	134419	0.00895	0.00253134	0.003	0.01	3360.48	2313.98	60	9422	
0.4	5.4	39	253	24	3	179	259030	179	259030	0.003	0	0.003	0.003	1447.09	1124.19	18	5916	
0.4	5.4	34	254	4	3	174	309286	174	309286	0.00710345	0.00412951	0.003	0.017	1777.51	1550.74	19	9422	
0.4	5.4	56	255	12	3	85	304350	85	304350	0.00761176	0.00333843	0.003	0.01	3580.59	2510.82	36	9422	
0.4	5.4	21	256	25	3	86	285965	86	285965	0.0047093	0.00302486	0.003	0.01	3325.17	2663.56	45	9422	
0.4	5.4	29	257	15	3	37	108398	37	108398	0.0064054	0.00354698	0.003	0.01	2929.68	2436.85	60	9422	
0.4	5.4	33	259	6	3	175	528632	175	528632	0.008	0.00334424	0.003	0.017	3020.75	2252.19	45	9422	
0.4	5.4	14	260	21	3	12	31478	12	31478	0.00708333	0.0036045	0.003	0.01	2623.17	2549.9	60	9422	
0.4	5.4	13	261	5	3	247	678858	249	681565	0.00772289	0.00378871	0.003	0.017	2737.21	2345.43	28	9422	
0.4	5.4	41	262	18	3	108	178308	106	168249	0.00517924	0.00339691	0.003	0.017	1587.25	1489.53	60	9422	
0.4	5.4	39	263	14	3	2	120	2	120	0.0065	0.00494975	0.003	0.01	60	0	60	60	
0.4	5.4	37	264	49	3	81	83288	81	83288	0.00472839	0.00303732	0.003	0.01	1028.25	802.578	60	3550	
0.4	5.4	14	267	12	3	103	352975	102	350017	0.003	0	0.003	0.003	3431.54	2413.54	60	9422	
0.4	5.4	15	268	25	3	3	1892	3	1892	0.003	0	0.003	0.003	630.667	562.2	60	1184	
0.4	5.4	16	271	4	3	13	18461	13	18461	0.00946154	0.00194145	0.003	0.01	1420.08	690.531	60	2367	
0.4	5.4	8	272	27	3	138	351757	138	351757	0.00660145	0.00370941	0.003	0.017	2548.96	1892.41	23	8873	
0.4	5.4	24	275	12	3	39	101298	39	101298	0.00838461	0.00298783	0.003	0.01	2597.38	1988.99	60	9422	
0.4	5.4	54	276	5	3	21	84128	21	84128	0.003	0	0.003	0.003	4006.1	2506.06	60	9422	
0.4	5.4	17	277	7	3	93	226769	93	226769	0.00721505	0.00344475	0.003	0.01	2438.38	1721.14	6	8873	
0.4	5.4	41	279	63	3	127	113546	127	113546	0.00503937	0.00364801	0.003	0.017	894.063	1269.44	24	9422	
0.4	5.4	10	280	8	3	248	796113	249	800846	0.00645783	0.00350679	0.003	0.01	3216.25	2356.76	45	9422	
0.4	5.4	13	281	24	3	125	412430	125	412430	0.00496	0.00327847	0.003	0.017	3299.44	2264.86	45	9422	
0.4	5.4	20	282	6	3	106	215551	107	218032	0.00836448	0.00391512	0.003	0.017	2037.68	1708.78	13	9422	
0.4	5.4	42	283	27	3	93	170044	92	169452	0.00657609	0.00351835	0.003	0.01	1841.87	1507.72	43	9422	
0.4	5.4	56	286	9	3	124	435819	124	435819	0.00695161	0.00348482	0.003	0.01	3514.67	2292.43	45	9422	
0.4	5.4	38	287	13	3	71	212067	71	212067	0.00733803	0.00342238	0.003	0.01	2986.86	2246.63	60	9422	
0.4	5.4	2	288	5	3	63	109594	63	109594	0.003	0	0.003	0.003	1739.59	2136.45	60	9422	
0.4	5.4	55	289	7	3	1	60	1	60	0.01	0	0.01	0.01	60	0	60	60	
0.4	5.4	13	290	28	3	218	532283	218	532283	0.00733486	0.00407112	0.003	0.024	2441.67	2026.95	45	9422	
0.4	5.4	43	291	17	3	5	5442	5	5442	0.01	0	0.01	0.01	1088.4	742.216	60	1775	
0.4	5.4	38	293	8	3	61	159294	59	152192	0.00644068	0.00352954	0.003	0.01	2579.53	2290.35	60	9422	
0.4	5.4	38	294	4	3	1	60	1	60	0.003	0	0.003	0.003	60	0	60	60	
0.4	5.4	54	295	8	3	104	342684	103	342092	0.0054466	0.00335404	0.003	0.01	3321.28	2165.84	45	9422	
0.4	5.4	34	296	20	3	356	457860	352	453008	0.00653977	0.0046665	0.003	0.024	1286.95	1252.78	13	9422	
0.4	5.4	50	297	20	3	43	116218	43	116218	0.00804651	0.00384183	0.003	0.017	2702.74	1988.78	60	7690	
0.4	5.4	21	302	33	3	43	53408	43	53408	0.00625581	0.00414093	0.003	0.017	1242.05	815.476	42	3347	
0.4	5.4	45	304	6	3	45	117984	45	117984	0.00813333	0.0031305	0.003	0.01	2621.87	2465.43	60	9422	
0.4	5.4	29	305	2	3	53	155732	53	155732	0.00511321	0.00324429	0.003	0.01	2938.34	2023.23	60	9422	
0.4	5.4	21	310	8	3	55	117282	55	117282	0.00541818	0.00335929	0.003	0.01	2132.4	1878.03	45	9422	
0.4	5.4	31	311	14	3	58	156332	58	156332	0.0065	0.00353057	0.003	0.01	2695.38	1583.17	23	7099	
0.4	5.4	38	312	2	3	83	251248	83	251248	0.00780723	0.00326645	0.003	0.01	3027.08	2718.37	45	9422	
0.4	5.4	11	316	8	3	82	263994	82	263994	0.00931707	0.00208982	0.003	0.01	3219.44	2182.1	60	9422	
0.4	5.4	45	317	13	3	102	280127	102	280127	0.00828431	0.00347374	0.003	0.017	2746.34	1909.95	60	9422	
0.4	5.4	37	318	2	3	323	331376	323	331376	0.00529721	0.00329194	0.003	0.01	1025.93	940.214	7	7099	
0.4	5.4	30	319	1	3	125	407359	125	407359	0.008152	0.00322304	0.003	0.017	3258.87	2415.11	45	9422	
0.4	5.4	28	320	30	3	152	480237	152	480237	0.00428947	0.00272256	0.003	0.01	3159.45	2221.91	57	9422	
0.4	5.4	18	322	9	3	112	292423	112	292423	0.0089375	0.00269227	0.003	0.017	2610.92	1696.12	60	9422	
0.4	5.4	45	323	7	3	122	341059	123	342243	0.00829268	0.00301834	0.003	0.01	2782.46	2213.36	45	9422	
0.4	5.4	24	325	4	3	95	399472	95	399472	0.003	0	0.003	0.003	4204.97	2646.29	45	9422	
0.4	5.4	28	327	26	3	93	175447	93	175447	0.00623656	0.00350899	0.003	0.01	1886.53	1817.94	36	9422	
0.4	5.4	40	328	18	3	91	221108	91	221108	0.00692308	0.00420114	0.003	0.024	2429.76	2499.66	57	9422	
0.4	5.4	28	331	19	3	1	60	1	60	0.01	0	0.01	0.01	60	0	60	60	
0.4	5.4	19	332	13	3	42	105437	42	105437	0.00816667	0.003115	0.003	0.01	2510.4	2422.54	60	9422	
0.4	5.4	5	333	14	3	186	606842	187	609038	0.00745454	0.00360284	0.003	0.017	3256.89	2397.07	10	9422	
0.4	5.4	2	335	20	3	3	180	3	180	0.01	0	0.01	0.01	60	0	60	60	
0.4	5.4	41	338	42	3	1	60	1	60	0.003	0	0.003	0.003	60	0	60	60	
0.4	5.4	34	339	32	3	128	137103	128	137103	0.00529687	0.00393922	0.003	0.017	1071.12	807.245	60	4395	
0.4	5.4	47	342	2	3	107	368133	107	368133	0.00542056	0.00334505	0.003	0.01	3440.5	2202.58	57	9422	
0.4	5.4	28	344	27	3	148	416232	148	416232	0.003	0	0.003	0.003	2812.38	1997.36	32	9422	
0.4	5.4	52	345	6	3	95	191283	94	190099	0.00501064	0.00318428	0.003	0.01	2022.33	1551.56	60	9422	
0.4	5.4	43	346	2	3	183	512058	182	510283	0.00861538	0.00279609	0.003	0.01	2803.75	2186.96	60	9422	
0.4	5.4	52	348	43	3	7	4855	7	4855	0.006	0.00374166	0.003	0.01	693.571	468.26	60	1239	
0.4	5.4	21	349	21	3	135	229214	135	229214	0.00787407	0.00429931	0.003	0.017	1697.88	1480.78	13	9422	
0.4	5.4	12	351	2	3	41	136918	41	136918	0.0067561	0.00353398	0.003	0.01	3339.46	2418.64	45	9422	
0.4	5.4	24	353	20	3	104	180177	104	180177	0.00784615	0.00378748	0.003	0.017	1732.47	1440.58	60	7487	
0.4	5.4	13	354	25	3	116	195698	116	195698	0.00746552	0.00395943	0.003	0.017	1687.05	1695.11	60	9422	
0.4	5.4	37	355	15	3	1	60	1	60	0.003	0	0.003	0.003	60	0	60	60	
0.4	5.4	39	356	36	3	99	192046	99	192046	0.003	0	0.003	0.003	1939.86	1601.65	60	9422	
0.4	5.4	20	358	10	3	63	123818	63	123818	0.00855555	0.00400716	0.003	0.017	1965.37	2034.85	60	9422	
0.4	5.4	44	360	7	3	93	183666	93	183666	0.003	0	0.003	0.003	1974.9	2247.21	60	9422	
0.4	5.4	42	361	38	3	155	255880	155	255880	0.00683871	0.00423572	0.003	0.017	1650.84	1266.13	60	7099	
0.4	5.4	24	363	9	3	75	193616	75	193616	0.00794667	0.00340863	0.003	0.017	2581.55	1898.65	60	9422	
0.4	5.4	16	364	10	3	3	180	3	180	0.00766667	0.00404145	0.003	0.01	60	0	60	60	
0.4	5.4	23	365	3	3	154	642045	154	642045	0.00681818	0.00349688	0.003	0.01	4169.12	2311.13	45	9422	
0.4	5.4	2	369	9	3	151	185532	149	182573	0.00708725	0.00399482	0.003	0.017	1225.32	1068.08	60	7099	
0.4	5.4	54	370	3	3	63	177032	63	177032	0.00788889	0.00323843	0.003	0.01	2810.03	2415.46	36	9422	
0.4	5.4	1	371	2	3	3	180	3	180	0.01	0	0.01	0.01	60	0	60	60	
0.4	5.4	17	373	20	3	152	381545	153	382458	0.00775817	0.00406692	0.003	0.017	2499.73	1978.77	60	9422	
0.4	5.4	51	374	11	3	119	370024	119	370024	0.00464706	0.00298183	0.003	0.01	3109.45	2268.03	60	9422	
0.4	5.4	11	378	15	3	60	198317	60	198317	0.0079	0.00323487	0.003	0.01	3305.28	2345.37	60	9422	
0.4	5.4	37	379	77	3	228	247168	228	247168	0.00524123	0.00327299	0.003	0.01	1084.07	812.228	5	4904	
0.4	5.4	10	380	4	3	83	116718	83	116718	0.00772289	0.00380408	0.003	0.017	1406.24	1872.81	60	9422	
0.4	5.4	18	381	16	3	165	568148	165	568148	0.00711515	0.00345601	0.003	0.01	3443.32	2611.54	36	9422	
0.4	5.4	36	382	15	3	3	180	3	180	0.00766667	0.00404145	0.003	0.01	60	0	60	60	
0.4	5.4	46	383	12	3	60	215480	60	215480	0.00731667	0.00343211	0.003	0.01	3591.33	2850.55	36	9422	
0.4	5.4	32	385	3	3	1	60	1	60	0.01	0	0.01	0.01	60	0	60	60	
0.4	5.4	8	386	7	3	193	318109	193	318109	0.00673575	0.00404243	0.003	0.017	1648.23	1280.83	42	9422	
0.4	5.4	24	391	21	3	18	32669	18	32669	0.0065	0.00360147	0.003	0.01	1814.94	2279.85	60	9422	
0.4	5.4	34	393	50	3	104	177834	104	177834	0.00549038	0.00336745	0.003	0.01	1709.94	1676.64	60	7099	
0.4	5.4	32	395	2	3	122	445280	122	445280	0.003	0	0.003	0.003	3649.84	2669.11	45	9422	
0.4	5.4	1	396	13	3	3	1892	3	1892	0.01	0	0.01	0.01	630.667	562.2	60	1184	
0.4	5.4	43	397	9	3	117	406703	117	406703	0.003	0	0.003	0.003	3476.09	2385.73	45	9422	
0.4	5.4	42	398	9	3	142	484725	142	484725	0.00556338	0.00403963	0.003	0.017	3413.56	2728.72	45	9422	
0.4	5.4	6	399	14	3	4	1894	4	1894	0.00475	0.0035	0.003	0.01	473.5	375.141	60	903	
0.4	5.4	42	400	12	3	37	65054	36	62858	0.003	0	0.003	0.003	1746.06	1504.6	60	7099	
0.4	5.4	41	401	28	3	3	180	3	180	0.003	0	0.003	0.003	60	0	60	60	
0.4	5.4	52	402	47	3	45	50447	46	51631	0.00680435	0.00352527	0.003	0.01	1122.41	682.177	60	3550	
0.4	5.4	37	404	53	3	3	180	3	180	0.00533333	0.00404145	0.003	0.01	60	0	60	60	
0.4	5.4	23	407	13	3	136	492617	137	494392	0.00662774	0.0035105	0.003	0.01	3608.7	2697.33	45	9422	
0.4	5.4	52	410	73	3	2	652	2	652	0.003	0	0.003	0.003	326	376.181	60	592	
0.4	5.4	39	411	13	3	2	120	2	120	0.01	0	0.01	0.01	60	0	60	60	
0.4	5.4	35	412	14	3	119	260518	119	260518	0.00605882	0.00348676	0.003	0.01	2189.23	1709.2	25	9422	
0.4	5.4	17	413	24	3	183	498514	183	498514	0.00655738	0.00401039	0.003	0.017	2724.12	2340.89	45	9422	
0.4	5.4	52	414	8	3	1	60	1	60	0.01	0	0.01	0.01	60	0	60	60	
0.4	5.4	3	418	22	3	122	284750	122	284750	0.00816393	0.00322019	0.003	0.017	2334.02	1751.83	60	6507	
0.4	5.4	44	419	12	3	115	327353	115	327353	0.00750435	0.00436769	0.003	0.017	2846.55	2446.12	13	9422	
0.4	5.4	17	420	10	3	109	250494	110	253455	0.00516364	0.00324964	0.003	0.01	2304.14	1498.6	10	9422	
0.4	5.4	38	421	20	3	81	229106	81	229106	0.00861728	0.00280432	0.003	0.01	2828.47	2337	45	9422	
0.4	5.4	52	423	13	3	1	60	1	60	0.01	0	0.01	0.01	60	0	60	60	
0.4	5.4	26	424	5	3	176	572273	176	572273	0.00753409	0.00343577	0.003	0.017	3251.55	2035.24	60	9422	
0.4	5.4	52	425	57	3	6	5444	6	5444	0.0065	0.00383406	0.003	0.01	907.333	737.897	60	1775	
0.4	5.4	17	427	6	3	73	207813	73	207813	0.00760274	0.00334473	0.003	0.01	2846.75	1925.12	60	9422	
0.4	5.4	14	428	6	3	93	281280	93	281280	0.00736559	0.00340966	0.003	0.01	3024.52	2091.1	60	9422	
0.4	5.4	43	429	16	3	108	317863	108	317863	0.00850926	0.00287917	0.003	0.01	2943.18	1869	60	9422	
0.4	5.4	9	430	9	3	27	113711	27	113711	0.00740741	0.00344472	0.003	0.01	4211.52	2675.92	60	9422	
0.4	5.4	52	432	71	3	142	184375	142	184375	0.00610563	0.00349002	0.003	0.01	1298.42	1129.87	43	8873	
0.4	5.4	40	433	4	3	106	224405	106	224405	0.00762264	0.00333082	0.003	0.01	2117.03	1859.75	60	8873	
0.4	5.4	52	434	27	3	177	345800	177	345800	0.00541243	0.00333618	0.003	0.01	1953.67	1563.29	23	9422	
0.4	5.4	37	437	4	3	267	377258	267	377258	0.00459925	0.00294442	0.003	0.01	1412.95	1310.96	26	9422	
0.4	5.4	8	439	12	3	108	321413	108	321413	0.003	0	0.003	0.003	2976.05	2154.09	60	9422	
0.4	5.4	12	440	4	3	115	301431	115	301431	0.00786956	0.00349064	0.003	0.017	2621.14	1750.51	45	9422	
0.4	5.4	28	442	21	3	9	4860	9	4860	0.00533333	0.0035	0.003	0.01	540	374.591	60	1184	
0.4	5.4	34	443	9	3	3	180	3	180	0.00533333	0.00404145	0.003	0.01	60	0	60	60	
0.4	5.4	54	446	2	3	110	312146	110	312146	0.00306364	0.000667424	0.003	0.01	2837.69	2659.41	45	9422	
0.4	5.4	15	447	27	3	134	431120	134	431120	0.00305224	0.000604708	0.003	0.01	3217.31	2396.72	60	9422	
0.4	5.4	8	448	20	3	5	300	5	300	0.0044	0.0031305	0.003	0.01	60	0	60	60	
0.4	5.4	38	449	18	3	160	542439	160	542439	0.0030875	0.000780159	0.003	0.01	3390.24	2544.61	45	9422	
0.4	5.4	55	451	4	3	224	206879	224	206879	0.00571875	0.00341933	0.003	0.01	923.567	818.001	26	8079	
0.4	5.4	34	452	26	3	28	25597	28	25597	0.00775	0.00540661	0.003	0.017	914.179	717.236	20	3182	
0.4	5.4	42	453	28	3	240	262470	236	256878	0.00762712	0.0044479	0.003	0.024	1088.47	758.022	60	5861	
0.4	5.4	33	455	9	3	56	135624	57	136216	0.00692982	0.00350438	0.003	0.01	2389.75	2029.27	60	9422	
0.4	5.4	29	456	3	3	116	358091	116	358091	0.00444827	0.00284787	0.003	0.01	3086.99	2174.97	43	9422	
0.4	5.4	48	461	12	3	2	120	2	120	0.0065	0.00494975	0.003	0.01	60	0	60	60	
0.4	5.4	52	462	44	3	82	123861	82	123861	0.00385366	0.0023047	0.003	0.01	1510.5	1061.87	4	4395	
0.4	5.4	41	464	16	3	1	60	1	60	0.01	0	0.01	0.01	60	0	60	60	
0.4	5.4	43	465	7	3	3	1892	3	1892	0.00533333	0.00404145	0.003	0.01	630.667	562.2	60	1184	
0.4	5.4	37	466	63	3	3	1892	3	1892	0.00533333	0.00404145	0.003	0.01	630.667	562.2	60	1184	
0.4	5.4	26	467	9	3	23	27458	23	27458	0.00847826	0.00295219	0.003	0.01	1193.83	786.075	60	3550	
0.4	5.4	6	468	6	3	21	64083	20	63935	0.00335	0.00156525	0.003	0.01	3196.75	2264.17	60	7708	
0.4	5.4	40	469	13	3	16	63421	16	63421	0.0086875	0.00282179	0.003	0.01	3963.81	3206.66	60	9422	
0.4	5.4	31	470	10	3	116	397953	116	397953	0.00589655	0.00346254	0.003	0.01	3430.63	2742.74	45	9422	
0.4	5.4	39	474	22	3	1	60	1	60	0.01	0	0.01	0.01	60	0	60	60	
0.4	5.4	14	475	13	3	55	171701	55	171701	0.00783636	0.00326465	0.003	0.01	3121.84	2572.37	60	9422	
0.4	5.4	24	476	2	3	132	457718	132	457718	0.003	0	0.003	0.003	3467.56	2436.28	56	9422	
0.4	5.4	46	477	7	3	19	52189	19	52189	0.0048421	0.0031669	0.003	0.01	2746.79	2297.82	60	9422	
0.4	5.4	6	478	1	3	66	160476	66	160476	0.00660606	0.0035252	0.003	0.01	2431.45	1724.13	60	9422	
0.4	5.4	54	479	7	3	98	467494	98	467494	0.00507143	0.00321161	0.003	0.01	4770.35	2669.46	45	9422	
0.4	5.4	10	480	3	3	135	337532	136	339055	0.00495588	0.00315258	0.003	0.01	2493.05	1860.62	36	9422	
0.4	5.4	39	482	64	3	1	60	1	60	0.003	0	0.003	0.003	60	0	60	60	
0.4	5.4	42	483	21	3	86	155793	86	155793	0.003	0	0.003	0.003	1811.55	1041.61	60	4481	
0.4	5.4	34	488	55	3	1	60	1	60	0.003	0	0.003	0.003	60	0	60	60	
0.4	5.4	36	489	10	3	57	129718	57	129718	0.00717544	0.00346473	0.003	0.01	2275.75	1489.56	4	7099	
0.4	5.4	42	490	26	3	36	61801	36	61801	0.0065	0.00354965	0.003	0.01	1716.69	1693.86	60	7303	
0.4	5.4	55	492	51	3	395	271171	393	269616	0.00458524	0.00313936	0.003	0.017	686.046	578.854	5	3822	
0.4	5.4	41	493	36	3	137	110436	136	109687	0.00547059	0.00395332	0.003	0.024	806.522	834.827	13	4395	
0.4	5.4	55	495	57	3	283	428208	283	428208	0.00428622	0.00271574	0.003	0.01	1513.1	1320.66	43	6882	
0.4	5.4	52	496	74	3	274	361504	275	362096	0.00610545	0.00409733	0.003	0.017	1316.71	1216.33	60	9422	
0.4	5.4	1	497	11	3	72	235015	72	235015	0.00756944	0.003356	0.003	0.01	3264.1	2104.96	45	9422	
0.4	5.4	52	498	11	3	85	78326	84	76893	0.0055	0.00354489	0.003	0.017	915.393	1040.54	7	8531	
0.4	5.4	51	501	19	3	117	278268	117	278268	0.00730769	0.00354153	0.003	0.017	2378.36	1969.47	13	9422	
0.4	5.4	40	502	12	3	64	174687	64	174687	0.00628125	0.00352077	0.003	0.01	2729.48	1648.94	60	8282	
0.4	5.4	52	503	41	3	158	306273	158	310413	0.0041519	0.00260371	0.003	0.01	1964.64	1507.99	60	7690	
0.4	5.4	8	504	30	3	271	349213	271	349213	0.00661624	0.00398891	0.003	0.017	1288.61	1186.25	6	7746	
0.4	5.4	3	508	20	3	33	86513	33	86513	0.00809091	0.00401842	0.003	0.017	2621.61	2634.79	60	9422	
0.4	5.4	39	509	53	3	20	23799	20	23799	0.0072	0.00351837	0.003	0.01	1189.95	720.732	60	2961	
0.4	5.4	43	510	1	3	17	40945	17	40945	0.00958823	0.00169775	0.003	0.01	2408.53	1682.37	60	5324	
0.4	5.4	21	512	19	3	1	60	1	60	0.01	0	0.01	0.01	60	0	60	60	
0.4	5.4	35	513	18	3	79	246282	79	246282	0.00663291	0.00351982	0.003	0.01	3117.49	2956.52	45	9422	
0.4	5.4	11	514	10	3	56	185326	56	185326	0.003	0	0.003	0.003	3309.39	2025.27	60	9422	
0.4	5.4	37	515	10	3	4	240	4	240	0.0065	0.00404145	0.003	0.01	60	0	60	60	
0.4	5.4	37	517	62	3	118	67791	118	67791	0.0059661	0.00413435	0.003	0.017	574.5	427.11	10	1775	
0.4	5.4	6	519	15	3	114	319948	114	319948	0.00760526	0.00333556	0.003	0.01	2806.56	1902.37	60	9422	
0.4	5.4	10	520	9	3	221	613985	221	613985	0.00771946	0.00390722	0.003	0.024	2778.21	2360.22	45	9422	
0.4	5.4	19	521	14	3	3	180	3	180	0.00766667	0.00404145	0.003	0.01	60	0	60	60	
0.4	5.4	26	523	14	3	118	474571	118	474571	0.0054322	0.00334735	0.003	0.01	4021.79	2825.05	45	9422	
0.4	5.4	47	524	10	3	60	160470	60	160470	0.00836667	0.00298565	0.003	0.01	2674.5	1794.63	60	8282	
0.4	5.4	29	527	6	3	48	119057	48	119057	0.0069375	0.0035093	0.003	0.01	2480.35	2077.22	60	9422	
0.4	5.4	37	528	23	3	3	180	3	180	0.00533333	0.00404145	0.003	0.01	60	0	60	60	
0.4	5.4	27	529	20	3	16	44496	16	44496	0.0065	0.00361478	0.003	0.01	2781	3221.54	60	9422	
0.4	5.4	43	530	18	3	1	60	1	60	0.01	0	0.01	0.01	60	0	60	60	
0.4	5.4	55	531	38	3	237	195724	237	195724	0.00583544	0.00458192	0.003	0.024	825.84	882.912	8	6108	
0.4	5.4	56	532	11	3	125	487756	125	487756	0.006192	0.00350045	0.003	0.01	3902.05	3013.52	45	9422	
0.4	5.4	42	533	37	3	233	569573	232	568981	0.0068319	0.00349176	0.003	0.01	2452.5	2105.75	45	9422	
0.4	5.4	41	535	29	3	67	58889	67	58889	0.00602985	0.00490816	0.003	0.024	878.94	733.312	33	4395	
0.4	5.4	25	537	5	3	1	60	1	60	0.01	0	0.01	0.01	60	0	60	60	
0.4	5.4	38	538	10	3	123	378328	123	378328	0.003	0	0.003	0.003	3075.84	1957.31	41	8282	
0.4	5.4	16	540	11	3	25	54568	25	54568	0.00804	0.00429612	0.003	0.017	2182.72	1931.51	60	9422	
0.4	5.4	39	541	26	3	235	348940	235	348940	0.0032383	0.00127208	0.003	0.01	1484.85	1201.2	60	9422	
0.4	5.4	27	542	15	3	85	189237	85	189237	0.00802353	0.00316971	0.003	0.01	2226.32	2453.28	60	9422	
0.4	5.4	15	543	16	3	172	596183	172	596183	0.00536046	0.00331896	0.003	0.01	3466.18	2526.5	45	9422	
0.4	5.4	55	546	16	3	293	287998	293	287998	0.00510239	0.00341678	0.003	0.017	982.928	718.495	20	5324	
0.4	5.4	41	547	66	3	246	287482	246	287482	0.00564634	0.00340122	0.003	0.01	1168.63	958.186	20	9422	
0.4	5.4	20	548	11	3	14	17393	14	17393	0.0095	0.00187083	0.003	0.01	1242.36	929.493	60	3550	
0.4	5.4	37	554	39	3	117	183318	117	183318	0.00431624	0.00274694	0.003	0.01	1566.82	1266.43	60	7690	
0.4	5.4	21	555	27	3	181	317011	181	317011	0.00706077	0.00390749	0.003	0.017	1751.44	1298.96	56	7099	
0.4	5.4	34	562	23	3	103	262883	103	262883	0.003	0	0.003	0.003	2552.26	1985.64	60	9422	
0.4	5.4	13	563	22	3	123	356940	123	356940	0.003	0	0.003	0.003	2901.95	1923.62	45	9422	
0.4	5.4	41	565	9	3	1	60	1	60	0.003	0	0.003	0.003	60	0	60	60	
0.4	5.4	52	566	55	3	1	60	1	60	0.003	0	0.003	0.003	60	0	60	60	
0.4	5.4	36	568	16	3	162	580618	163	580678	0.0062638	0.00350278	0.003	0.01	3562.44	3006.41	45	9422	
0.4	5.4	8	569	10	3	120	313742	120	313742	0.00416667	0.00261968	0.003	0.01	2614.52	1800.94	43	6507	
0.4	5.4	50	570	4	3	185	532803	185	534687	0.00788108	0.00368707	0.003	0.017	2890.2	1861.32	36	9422	
0.4	5.4	5	571	3	3	97	300699	97	300699	0.00429897	0.00273543	0.003	0.01	3099.99	2460.98	45	9422	
0.4	5.4	26	572	13	3	80	268260	80	268260	0.003	0	0.003	0.003	3353.25	2756.21	60	9422	
0.4	5.4	52	573	38	3	2	116	2	116	0.01	0.00989949	0.003	0.017	58	2.82843	56	60	
0.4	5.4	8	575	28	3	44	75303	44	75303	0.00427273	0.00273108	0.003	0.01	1711.43	1326.79	60	6882	
0.4	5.4	52	577	63	3	1	60	1	60	0.01	0	0.01	0.01	60	0	60	60	
0.4	5.4	37	578	17	3	1	60	1	60	0.003	0	0.003	0.003	60	0	60	60	
0.4	5.4	31	580	11	3	2	120	2	120	0.01	0	0.01	0.01	60	0	60	60	
0.4	5.4	50	581	2	3	119	333272	120	337667	0.00708333	0.00346552	0.003	0.01	2813.89	1942.98	45	9422	
0.4	5.4	45	582	14	3	44	102719	44	102719	0.00904545	0.00242999	0.003	0.01	2334.52	2032.67	60	9422	
0.4	5.4	9	583	21	3	65	170109	65	170109	0.00569231	0.00343203	0.003	0.01	2617.06	1755.83	60	7690	
0.4	5.4	5	584	2	3	49	131476	49	131476	0.00857143	0.00285044	0.003	0.01	2683.18	1313.87	60	5324	
0.4	5.4	15	585	21	3	134	202581	135	203173	0.00777037	0.00488669	0.003	0.024	1504.99	1373.03	13	7559	
0.4	5.4	47	586	9	3	164	563056	165	567789	0.00783636	0.00324468	0.003	0.01	3441.15	2922.32	45	9422	
0.4	5.4	21	587	20	3	63	120858	62	118491	0.00717742	0.00346185	0.003	0.01	1911.15	1298.44	58	5324	
0.4	5.4	19	588	18	3	20	53373	19	49823	0.003	0	0.003	0.003	2622.26	1448.96	60	4481	
0.4	5.4	49	589	11	3	97	176506	95	166447	0.00808421	0.00414026	0.003	0.017	1752.07	1436.11	60	6877	
0.4	5.4	21	591	4	3	71	208991	71	208991	0.00329577	0.00141819	0.003	0.01	2943.54	1645.25	60	7099	
0.4	5.4	55	593	31	3	303	169232	303	169232	0.00443234	0.00315408	0.003	0.017	558.521	550.823	7	4060	
0.4	5.4	41	594	20	3	116	210806	116	210806	0.0059569	0.00347261	0.003	0.01	1817.29	1557.92	60	9160	
0.4	5.4	8	596	26	3	59	116134	59	116134	0.00608474	0.00350511	0.003	0.01	1968.37	1606.41	60	7186	
0.4	5.4	38	597	12	3	90	233280	90	233280	0.00782222	0.00415048	0.003	0.017	2592	2217.48	60	9422	
0.4	5.4	29	598	1	3	58	109132	57	107948	0.00791228	0.00417595	0.003	0.017	1893.82	1831.21	60	7099	
0.4	5.4	52	600	58	3	68	57610	68	57610	0.00547059	0.00337006	0.003	0.01	847.206	511.016	60	1775	
0.4	5.4	9	601	1	3	3	180	3	180	0.00533333	0.00404145	0.003	0.01	60	0	60	60	
0.4	5.4	19	602	7	3	51	156912	51	156912	0.003	0	0.003	0.003	3076.71	2392.87	45	9422	
0.4	5.4	39	604	66	3	247	207528	247	207528	0.00540891	0.00361889	0.003	0.017	840.194	723.081	46	5265	
0.4	5.4	27	605	17	3	114	534353	114	534353	0.00760526	0.00333556	0.003	0.01	4687.31	2997.25	45	9422	
0.4	5.4	6	606	11	3	1	60	1	60	0.01	0	0.01	0.01	60	0	60	60	
0.4	5.4	50	607	8	3	95	285856	96	287040	0.00584375	0.00345597	0.003	0.01	2990	1876.43	173	9422	
0.4	5.4	40	609	15	3	111	394875	111	394875	0.00369369	0.00210105	0.003	0.01	3557.43	2096.3	60	9422	
0.4	5.4	6	610	22	3	73	120286	73	120286	0.00721918	0.00382334	0.003	0.017	1647.75	1078.59	60	4733	
0.4	5.4	5	611	7	3	47	123189	47	123189	0.00746808	0.00339981	0.003	0.01	2621.04	1368.18	60	5324	
0.4	5.4	55	612	47	3	217	291613	217	291613	0.00477419	0.00305197	0.003	0.01	1343.84	993.377	4	7708	
0.4	5.4	51	614	13	3	78	215154	78	215154	0.00730769	0.00342757	0.003	0.01	2758.38	2429.33	43	9422	
0.4	5.4	37	615	42	3	250	333079	250	333079	0.004848	0.00309178	0.003	0.01	1332.32	1248.4	60	8873	
0.4	5.4	21	617	1	3	149	537955	149	537955	0.00314094	0.000986532	0.003	0.01	3610.44	2258.6	17	9422	
0.4	5.4	1	618	15	3	79	202014	79	202014	0.00840506	0.00295487	0.003	0.01	2557.14	2028.46	60	9422	
0.4	5.4	21	620	32	3	49	135034	49	135034	0.003	0	0.003	0.003	2755.8	1633.78	60	6507	
0.4	5.4	9	621	19	3	134	536266	134	536266	0.00738806	0.00339817	0.003	0.01	4001.99	2572.59	45	9422	
0.4	5.4	28	623	20	3	185	512698	186	515656	0.00657527	0.00379861	0.003	0.017	2772.34	2464.23	45	9422	
0.4	5.4	20	625	22	3	38	64739	38	64739	0.003	0	0.003	0.003	1703.66	2292.54	60	9422	
0.4	5.4	5	626	8	3	189	772731	189	772731	0.00325926	0.00132548	0.003	0.01	4088.52	2310.1	45	9422	
0.4	5.4	57	627	16	3	83	192450	83	192450	0.00755422	0.00335775	0.003	0.01	2318.67	1376.72	60	7099	
0.4	5.4	48	628	3	3	4	240	4	240	0.01	0	0.01	0.01	60	0	60	60	
0.4	5.4	52	629	2	3	3	180	3	180	0.003	0	0.003	0.003	60	0	60	60	
0.4	5.4	5	630	18	3	129	326165	130	335038	0.00795385	0.00374344	0.003	0.017	2577.22	1986.8	60	9422	
0.4	5.4	22	632	7	3	72	133370	72	133370	0.00718055	0.00345729	0.003	0.01	1852.36	2354.78	60	9422	
0.4	5.4	1	633	10	3	104	281776	104	281776	0.00878846	0.00266102	0.003	0.01	2709.38	2119.65	60	9422	
0.4	5.4	51	634	3	3	124	297954	124	297954	0.00768548	0.00353925	0.003	0.017	2402.85	2299.37	60	9422	
0.4	5.4	41	635	44	3	141	168872	139	166504	0.00556834	0.00338593	0.003	0.01	1197.87	1050.41	9	9422	
0.4	5.4	12	636	15	3	157	523885	157	523885	0.00692357	0.00348539	0.003	0.01	3336.85	2365.41	36	9422	
0.4	5.4	37	637	54	3	1	60	1	60	0.003	0	0.003	0.003	60	0	60	60	
0.4	5.4	36	640	14	3	98	162337	98	162337	0.00664286	0.0041722	0.003	0.017	1656.5	1496.13	60	7099	
0.4	5.4	10	641	12	3	75	153704	75	153704	0.00374667	0.00246101	0.003	0.017	2049.39	1817.97	60	8873	
0.4	5.4	29	643	12	3	2	708	2	708	0.01	0	0.01	0.01	354	415.779	60	648	
0.4	5.4	7	644	13	3	100	255138	99	254546	0.00879798	0.00265338	0.003	0.01	2571.17	2523.67	45	9422	
0.4	5.4	21	645	31	3	42	79523	42	79523	0.00533333	0.00333983	0.003	0.01	1893.4	1147.88	60	4733	
0.4	5.4	52	646	53	3	152	171488	152	171488	0.00599342	0.00438314	0.003	0.017	1128.21	991.214	60	7099	
0.4	5.4	43	647	6	3	140	546806	140	546806	0.00555	0.0033807	0.003	0.01	3905.76	2477.87	45	9422	
0.4	5.4	48	649	6	3	153	357081	153	357081	0.00766667	0.00385084	0.003	0.017	2333.86	1758.79	60	9422	
0.4	5.4	44	650	20	3	50	103675	50	103675	0.0051	0.00324037	0.003	0.01	2073.5	2054.19	60	9422	
0.4	5.4	39	651	28	3	143	130599	143	130599	0.0052028	0.0035654	0.003	0.017	913.28	830.132	34	4904	
0.4	5.4	47	653	12	3	97	291242	97	291242	0.00502062	0.00318845	0.003	0.01	3002.49	1988.03	60	9422	
0.4	5.4	14	655	10	3	51	153360	51	153360	0.00615686	0.0035178	0.003	0.01	3007.06	2213.43	60	9422	
0.4	5.4	57	656	9	3	55	151601	55	151601	0.00605454	0.00350353	0.003	0.01	2756.38	2228.04	60	9422	
0.4	5.4	19	657	15	3	46	115613	46	115613	0.00786956	0.00325651	0.003	0.01	2513.33	2162.97	60	8873	
0.4	5.4	55	658	20	3	2	120	2	120	0.003	0	0.003	0.003	60	0	60	60	
0.4	5.4	41	659	77	3	11	5456	11	5456	0.00745454	0.0047194	0.003	0.017	496	350.72	60	1184	
0.4	5.4	41	661	68	3	91	60008	90	59619	0.00564444	0.00414163	0.003	0.017	662.433	708.583	13	4395	
0.4	5.4	52	662	36	3	41	32114	40	30339	0.00825	0.00543375	0.003	0.017	758.475	586.08	44	2367	
0.4	5.4	46	664	1	3	80	219629	80	219629	0.0065	0.00369399	0.003	0.017	2745.36	1651.69	60	8282	
0.4	5.4	32	667	7	3	98	232801	98	232801	0.00571428	0.00397414	0.003	0.017	2375.52	2176.72	60	9422	
0.4	5.4	17	668	22	3	41	98947	41	98947	0.00829268	0.00304339	0.003	0.01	2413.34	2210.72	60	9422	
0.4	5.4	41	669	43	3	173	252368	174	253847	0.00505172	0.00319549	0.003	0.01	1458.89	1094.77	43	7099	
0.4	5.4	2	671	23	3	72	174101	72	174101	0.00368055	0.00208837	0.003	0.01	2418.07	1449.72	60	7099	
0.4	5.4	55	677	32	3	455	359933	455	359933	0.00572308	0.00388919	0.003	0.017	791.062	907.834	8	9422	
0.4	5.4	44	678	6	3	79	162995	80	165951	0.009125	0.00422283	0.003	0.017	2074.39	1847.72	60	9422	
0.4	5.4	5	679	11	3	108	297298	109	297358	0.00659633	0.00376416	0.003	0.017	2728.06	2412.74	60	9422	
0.4	5.4	43	681	12	3	11	23307	11	23307	0.00427273	0.00283164	0.003	0.01	2118.82	2278.42	60	7099	
0.4	5.4	25	683	6	3	90	325510	89	323143	0.00929213	0.0021224	0.003	0.01	3630.82	1965.67	60	9422	
0.4	5.4	15	684	14	3	42	96574	42	96574	0.00666667	0.00353841	0.003	0.01	2299.38	1812.54	60	7708	
0.4	5.4	35	686	26	3	168	480139	168	480139	0.006875	0.00365452	0.003	0.017	2857.97	1884.26	60	9422	
0.4	5.4	40	687	9	3	93	194374	93	194374	0.0066129	0.00351714	0.003	0.01	2090.04	2003.38	12	9422	
0.4	5.4	2	688	2	3	118	275305	118	275305	0.00561017	0.00339943	0.003	0.01	2333.09	1694.47	45	9422	
0.4	5.4	13	689	9	3	86	229776	85	229184	0.00308235	0.000759257	0.003	0.01	2696.28	2198.32	60	9422	
0.4	5.4	53	691	8	3	101	460388	101	460388	0.00549505	0.00336934	0.003	0.01	4558.3	2323.49	45	9422	
0.4	5.4	13	695	7	3	2	120	2	120	0.003	0	0.003	0.003	60	0	60	60	
0.4	5.4	9	699	23	3	92	270050	92	270050	0.00718478	0.00345116	0.003	0.01	2935.33	2533.27	60	9422	
0.4	5.4	52	700	37	3	1	60	1	60	0.003	0	0.003	0.003	60	0	60	60	
0.4	5.4	42	701	13	3	126	346310	126	346310	0.003	0	0.003	0.003	2748.49	2076.71	55	9422	
0.4	5.4	2	704	8	3	120	265847	120	265847	0.00690833	0.00360671	0.003	0.017	2215.39	1751.73	60	9422	
0.4	5.4	10	706	1	3	133	324803	132	319899	0.00766667	0.00342346	0.003	0.017	2423.48	2167.3	60	9422	
0.4	5.4	14	709	11	3	14	18463	14	18463	0.0085	0.00298071	0.003	0.01	1318.79	728.113	60	2958	
0.4	5.4	3	711	4	3	199	658549	201	660381	0.00770149	0.003441	0.003	0.017	3285.48	2471.62	33	9422	
0.4	5.4	2	712	21	3	300	395684	300	395684	0.00710667	0.00406329	0.003	0.017	1318.95	1013.81	60	8282	
0.4	5.4	40	713	16	3	87	227954	87	227954	0.00782759	0.00342768	0.003	0.017	2620.16	2421.13	45	9422	
0.4	5.4	19	714	4	3	140	595536	140	595536	0.00435	0.00277171	0.003	0.01	4253.83	2692.34	45	9422	
0.4	5.4	50	715	10	3	152	357952	151	350853	0.00721854	0.00435874	0.003	0.017	2323.53	1897.61	60	9422	
0.4	5.4	37	716	78	3	230	143665	230	143665	0.00452174	0.00303789	0.003	0.017	624.63	466.326	4	3182	
0.4	5.4	39	718	52	3	197	304460	197	304460	0.00445685	0.00284899	0.003	0.01	1545.48	1201.85	18	5916	
0.4	5.4	26	719	16	3	130	445047	130	445047	0.00687692	0.00349311	0.003	0.01	3423.44	1903.03	57	9422	
0.4	5.4	6	720	5	3	107	209626	107	209626	0.00731776	0.00341914	0.003	0.01	1959.12	1343.51	36	7099	
0.4	5.4	34	721	7	3	3	180	3	180	0.00533333	0.00404145	0.003	0.01	60	0	60	60	
0.4	5.4	19	722	23	3	41	88285	41	88285	0.00880488	0.00266664	0.003	0.01	2153.29	1297.54	60	6507	
0.4	5.4	46	723	2	3	86	300083	86	300083	0.00845349	0.00292115	0.003	0.01	3489.34	2014.01	60	9422	
0.4	5.4	3	724	19	3	92	239878	92	239878	0.00680435	0.00350585	0.003	0.01	2607.37	2062.28	60	9422	
0.4	5.4	49	725	15	3	82	218704	81	215746	0.00792592	0.00321628	0.003	0.01	2663.53	2476.84	36	9422	
0.4	5.4	3	726	9	3	107	302780	107	302780	0.0081028	0.00340902	0.003	0.017	2829.72	2211.35	30	9422	
0.4	5.4	41	728	72	3	115	106881	115	106881	0.0058	0.00412566	0.003	0.017	929.4	765.144	5	4395	
0.4	5.4	41	729	74	3	14	19653	14	19653	0.003	0	0.003	0.003	1403.79	1304.17	23	3662	
0.4	5.4	49	730	1	3	50	161056	50	161056	0.00734	0.0034322	0.003	0.01	3221.12	2785.33	45	9422	
0.4	5.4	35	731	3	3	153	427947	152	426763	0.00691447	0.00357872	0.003	0.017	2807.65	2407.81	45	9422	
0.4	5.4	39	732	23	3	216	170964	216	170964	0.00552778	0.00381419	0.003	0.017	791.5	937.239	60	9422	
0.4	5.4	23	733	14	3	43	77174	42	74216	0.0085	0.00395246	0.003	0.017	1767.05	1936.54	23	9422	
0.4	5.4	57	737	17	3	25	39174	25	39174	0.003	0	0.003	0.003	1566.96	1045.58	60	4141	
0.4	5.4	37	738	75	3	3	710	3	710	0.00766667	0.0080829	0.003	0.017	236.667	169.093	60	397	
0.4	5.4	18	740	14	3	137	384151	137	384151	0.00790511	0.0036378	0.003	0.017	2804.02	1769.42	60	9422	
0.4	5.4	19	741	1	3	30	108389	30	108389	0.00323333	0.00127802	0.003	0.01	3612.97	3078.97	60	9422	
0.4	5.4	44	743	18	3	58	129123	58	129123	0.00915517	0.00348834	0.003	0.017	2226.26	1544.58	60	7099	
0.4	5.4	4	745	8	3	138	465177	138	465177	0.00847826	0.00301872	0.003	0.017	3370.85	2210.67	60	9422	
0.4	5.4	55	747	21	3	190	137035	191	138871	0.00505236	0.00335251	0.003	0.017	727.073	624.784	60	3550	
0.4	5.4	37	749	19	3	1	60	1	60	0.003	0	0.003	0.003	60	0	60	60	
0.4	5.4	2	750	4	3	131	189671	132	190446	0.00681818	0.00409024	0.003	0.017	1442.77	1110.67	60	6507	
0.4	5.4	8	751	11	3	5	300	5	300	0.0072	0.00383406	0.003	0.01	60	0	60	60	
0.4	5.4	18	752	12	3	50	133847	50	133847	0.00692	0.00350999	0.003	0.01	2676.94	1525.28	60	5916	
0.4	5.4	35	753	22	3	136	312594	135	308453	0.00735555	0.00351217	0.003	0.017	2284.84	2018.08	13	9422	
0.4	5.4	39	754	47	3	162	224507	162	224507	0.00602469	0.0040447	0.003	0.017	1385.85	1481.28	45	9422	
0.4	5.4	10	755	16	3	146	504830	147	508380	0.00604762	0.00348251	0.003	0.01	3458.37	2200.5	29	8873	
0.4	5.4	23	756	4	3	169	556442	169	556442	0.00751479	0.00335961	0.003	0.01	3292.56	2128.41	60	9422	
0.4	5.4	5	757	17	3	174	582366	174	582366	0.00702299	0.00355136	0.003	0.017	3346.93	2164.16	45	9422	
0.4	5.4	55	759	40	3	338	272246	338	272246	0.00527811	0.00341486	0.003	0.017	805.462	800.564	10	4395	
0.4	5.4	31	761	5	3	114	324707	115	332989	0.00671304	0.0035088	0.003	0.01	2895.56	2039.36	60	9422	
0.4	5.4	3	762	15	3	84	141631	84	141631	0.00666667	0.00368106	0.003	0.017	1686.08	2263.32	60	9422	
0.4	5.4	37	765	25	3	3	180	3	180	0.00533333	0.00404145	0.003	0.01	60	0	60	60	
0.4	5.4	22	767	6	3	89	319139	89	319139	0.003	0	0.003	0.003	3585.83	3184.44	45	9422	
0.4	5.4	21	770	30	3	254	550145	254	550145	0.00707874	0.00372812	0.003	0.017	2165.93	2136.19	34	9422	
0.4	5.4	19	771	21	3	28	84726	28	84726	0.003	0	0.003	0.003	3025.93	2490.22	60	9422	
0.4	5.4	41	773	3	3	4	240	4	240	0.0065	0.00404145	0.003	0.01	60	0	60	60	
0.4	5.4	37	774	26	3	1	60	1	60	0.01	0	0.01	0.01	60	0	60	60	
0.4	5.4	27	775	4	3	83	205681	83	205681	0.00704819	0.00347782	0.003	0.01	2478.08	2429.15	60	9422	
0.4	5.4	1	776	14	3	53	191823	53	191823	0.00643396	0.00353286	0.003	0.01	3619.3	2605.35	60	9422	
0.4	5.4	39	779	1	3	103	134668	103	134668	0.00565048	0.00341194	0.003	0.01	1307.46	958.779	60	5324	
0.4	5.4	2	780	12	3	40	76466	41	77058	0.00504878	0.00322452	0.003	0.01	1879.46	1645.35	60	8282	
0.4	5.4	57	782	2	3	183	539772	183	539772	0.00774317	0.00336182	0.003	0.017	2949.57	2079.67	45	9422	
0.4	5.4	53	783	1	3	59	133844	59	133844	0.00477966	0.00307419	0.003	0.01	2268.54	2384.94	60	8873	
0.4	5.4	10	786	13	3	180	524412	180	524412	0.00755	0.0037346	0.003	0.017	2913.4	2211.38	45	9422	
0.4	5.4	34	787	45	3	155	249371	155	249371	0.00643226	0.00351069	0.003	0.01	1608.85	1188.64	60	7099	
0.4	5.4	34	792	8	3	6	8992	6	8992	0.003	0	0.003	0.003	1498.67	1204.42	60	3550	
0.4	5.4	4	794	13	3	143	567149	143	567149	0.00858042	0.00282447	0.003	0.01	3966.08	2959.79	45	9422	
0.4	5.4	52	795	51	3	148	174250	148	174250	0.00687838	0.00485	0.003	0.024	1177.36	990.272	60	5334	
0.4	5.4	12	796	9	3	172	622789	172	622789	0.00747674	0.00337076	0.003	0.01	3620.87	2709.18	45	9422	
0.4	5.4	2	797	26	3	4	240	4	240	0.0065	0.00404145	0.003	0.01	60	0	60	60	
0.4	5.4	6	798	10	3	167	372488	167	372488	0.00744311	0.00355101	0.003	0.017	2230.47	1647.55	60	9422	
0.4	5.4	39	799	4	3	399	366361	399	366361	0.00610526	0.00400803	0.003	0.017	918.198	981.05	15	9422	
0.4	5.4	6	803	21	3	65	148758	65	148758	0.00644615	0.00352682	0.003	0.01	2288.58	1934.92	60	9422	
0.4	5.4	50	804	13	3	99	255754	98	251021	0.00714286	0.00345814	0.003	0.01	2561.44	1735.57	36	9422	
0.4	5.4	18	805	6	3	3	180	3	180	0.00766667	0.00404145	0.003	0.01	60	0	60	60	
0.4	5.4	47	807	3	3	81	224387	81	224387	0.00818518	0.00327914	0.003	0.017	2770.21	2548.35	13	9422	
0.4	5.4	56	808	8	3	47	123778	47	123778	0.00329787	0.00142821	0.003	0.01	2633.57	1808.61	60	7099	
0.4	5.4	6	809	17	3	90	119228	90	119228	0.00665555	0.00381647	0.003	0.017	1324.76	1010.04	60	7099	
0.4	5.4	35	811	23	3	92	255883	92	255883	0.00406522	0.0025281	0.003	0.01	2781.34	1808.67	60	9422	
0.4	5.4	40	813	6	3	56	168274	55	164724	0.003	0	0.003	0.003	2994.98	2578.21	45	9422	
0.4	5.4	27	814	6	3	2	708	2	708	0.003	0	0.003	0.003	354	415.779	60	648	
0.4	5.4	3	816	23	3	82	223190	82	223190	0.00709756	0.00346983	0.003	0.01	2721.83	1961.3	60	9422	
0.4	5.4	5	817	16	3	19	29115	19	29115	0.00705263	0.0035508	0.003	0.01	1532.37	904.584	60	2958	
0.4	5.4	37	818	66	3	380	399339	380	399339	0.00541316	0.0035566	0.003	0.017	1050.89	1061.34	46	9422	
0.4	5.4	27	820	10	3	2	120	2	120	0.0065	0.00494975	0.003	0.01	60	0	60	60	
0.4	5.4	41	821	65	3	372	484626	372	484626	0.00516398	0.00323933	0.003	0.01	1302.76	1017.89	43	6846	
0.4	5.4	28	823	1	3	92	237604	92	237604	0.00398913	0.00245171	0.003	0.01	2582.65	1946.26	60	8873	
0.4	5.4	27	824	12	3	43	133834	43	133834	0.003	0	0.003	0.003	3112.42	2691.25	45	9422	
0.4	5.4	52	826	22	3	3	180	3	180	0.00766667	0.00404145	0.003	0.01	60	0	60	60	
0.4	5.4	52	827	31	3	1	60	1	60	0.003	0	0.003	0.003	60	0	60	60	
0.4	5.4	41	828	24	3	123	142844	123	142844	0.00510569	0.00322341	0.003	0.01	1161.33	856.275	6	4107	
0.4	5.4	52	829	54	3	60	60546	60	60546	0.00533333	0.00400706	0.003	0.017	1009.1	841.167	60	3182	
0.4	5.4	26	830	20	3	140	511431	140	511431	0.0076	0.00333458	0.003	0.01	3653.08	2310.94	45	9422	
0.4	5.4	37	832	32	3	200	177776	199	175929	0.00539196	0.00361355	0.003	0.017	884.065	647.417	7	4107	
0.4	5.4	17	833	18	3	116	371939	116	371939	0.003	0	0.003	0.003	3206.37	2605.34	45	9422	
0.4	5.4	11	835	9	3	68	241504	68	241504	0.00629412	0.00351992	0.003	0.01	3551.53	2409.88	60	9422	
0.4	5.4	39	836	16	3	511	547147	512	549343	0.00559766	0.00368344	0.003	0.017	1072.94	827.521	31	5861	
0.4	5.4	24	837	7	3	47	94922	47	94922	0.00702128	0.00349838	0.003	0.01	2019.62	1336.79	60	5664	
0.4	5.4	9	838	18	3	125	617168	125	617168	0.003	0	0.003	0.003	4937.34	2600.52	45	9422	
0.4	5.4	14	839	2	3	113	377119	113	377119	0.0078938	0.0032248	0.003	0.01	3337.34	2084.68	36	9422	
0.4	5.4	12	840	17	3	137	441026	137	441026	0.00739416	0.00339627	0.003	0.01	3219.17	2211.84	10	9422	
0.4	5.4	30	841	3	3	124	446241	124	446241	0.003	0	0.003	0.003	3598.72	2166.27	60	9422	
0.4	5.4	31	842	4	3	123	360480	123	360480	0.00829268	0.00327367	0.003	0.017	2930.73	1968.96	57	9422	
0.4	5.4	10	843	10	3	74	218578	74	218578	0.00612162	0.00350324	0.003	0.01	2953.76	2363.66	60	9422	
0.4	5.4	12	845	5	3	75	235721	75	235721	0.00682667	0.00350819	0.003	0.01	3142.95	2146.95	60	9422	
0.4	5.4	50	848	11	3	138	450500	138	450500	0.00497826	0.00316336	0.003	0.01	3264.49	2270.31	45	9422	
0.4	5.4	2	849	29	3	8	5446	8	5446	0.003875	0.00247487	0.003	0.01	680.75	451.677	60	1184	
0.4	5.4	48	850	18	3	95	424432	95	424432	0.003	0	0.003	0.003	4467.71	2820.27	45	9422	
0.4	5.4	37	852	61	3	217	215181	215	212813	0.00469302	0.00300447	0.003	0.01	989.828	665.019	60	3822	
0.4	5.4	44	855	17	3	141	447573	141	447573	0.00776596	0.00358098	0.003	0.017	3174.28	2224.06	60	9422	
0.4	5.4	52	857	23	3	86	52384	85	52324	0.0044	0.00338132	0.003	0.017	615.576	602.125	47	4395	
0.4	5.4	40	859	1	3	105	411316	105	411316	0.00793333	0.00320836	0.003	0.01	3917.3	2662.61	45	9422	
0.4	5.4	36	860	13	3	148	457042	148	457042	0.00739865	0.00358519	0.003	0.017	3088.12	2202.58	60	9422	
0.4	5.4	14	861	16	3	81	230288	81	230288	0.00853086	0.0028683	0.003	0.01	2843.06	2193.49	60	9422	
0.4	5.4	10	863	2	3	96	243926	96	243926	0.00773958	0.00373108	0.003	0.017	2540.9	2220	57	9422	
0.4	5.4	30	864	12	3	113	383061	113	383061	0.00845133	0.00291851	0.003	0.01	3389.92	2476.72	45	9422	
0.4	5.4	2	866	31	3	254	463704	254	463704	0.00713386	0.00420777	0.003	0.024	1825.61	1513.4	60	7099	
0.4	5.4	28	867	3	3	130	306185	130	306185	0.00596154	0.00347171	0.003	0.01	2355.27	1963.17	37	9422	
0.4	5.4	57	868	15	3	86	239872	86	239872	0.00763953	0.00332871	0.003	0.01	2789.21	2190.7	60	9422	
0.4	5.4	50	869	12	3	96	261674	97	265224	0.00812371	0.00342861	0.003	0.017	2734.27	1886.96	60	9422	
0.4	5.4	31	870	1	3	56	158108	56	158108	0.0055	0.00338446	0.003	0.01	2823.36	1727.1	60	6507	
0.4	5.4	10	872	19	3	78	198935	78	198935	0.00335897	0.001554	0.003	0.01	2550.45	3080.16	45	9422	
0.4	5.4	57	874	11	3	60	123371	60	123371	0.0079	0.00348216	0.003	0.017	2056.18	1939.29	60	8873	
0.4	5.4	7	875	3	3	31	84142	31	84142	0.00751613	0.00340461	0.003	0.01	2714.26	1736.64	60	5916	
0.4	5.4	39	877	7	3	47	22093	47	22093	0.00434042	0.00278409	0.003	0.01	470.064	267.853	20	1287	
0.4	5.4	41	880	11	3	199	322967	199	322967	0.00482914	0.00308318	0.003	0.01	1622.95	1367.52	60	6378	
0.4	5.4	34	881	33	3	104	124487	104	124487	0.00495192	0.00315422	0.003	0.01	1196.99	928.691	60	7099	
0.4	5.4	20	883	12	3	24	44506	24	44506	0.00766667	0.0033708	0.003	0.01	1854.42	1715.55	60	7099	
0.4	5.4	8	884	25	3	47	61874	47	61874	0.00508511	0.00323587	0.003	0.01	1316.47	1107.3	21	4733	
0.4	5.4	55	885	46	3	392	316787	390	315319	0.0065359	0.00520999	0.003	0.024	808.51	985.541	23	9422	
0.4	5.4	52	888	48	3	4	240	4	240	0.00825	0.00670199	0.003	0.017	60	0	60	60	
0.4	5.4	39	890	11	3	357	481512	357	481512	0.00462745	0.0029611	0.003	0.01	1348.77	1111.86	7	7099	
0.4	5.4	32	891	19	3	70	154582	70	154582	0.0071	0.00347308	0.003	0.01	2208.31	1767.16	60	9422	
0.4	5.4	43	893	11	3	112	345303	112	345303	0.006625	0.00351349	0.003	0.01	3083.06	2611.32	45	9422	
0.4	5.4	32	895	23	3	103	265219	103	265219	0.00809709	0.00342286	0.003	0.017	2574.94	2099.99	45	9422	
0.4	5.4	6	897	4	3	107	238829	107	238829	0.00659813	0.00351509	0.003	0.01	2232.05	2247.87	45	9422	
0.4	5.4	39	900	37	3	156	241089	156	241089	0.00497436	0.00316013	0.003	0.01	1545.44	1314.61	4	7708	
0.4	5.4	32	902	1	3	2	120	2	120	0.0065	0.00494975	0.003	0.01	60	0	60	60	
0.4	5.4	3	903	12	3	40	74691	40	74691	0.007725	0.00367938	0.003	0.017	1867.28	1283.19	60	4733	
0.4	5.4	46	904	14	3	107	407235	107	407235	0.00666355	0.00351263	0.003	0.01	3805.93	2856.67	45	9422	
0.4	5.4	34	905	15	3	142	218564	142	218564	0.00630282	0.00405807	0.003	0.017	1539.18	1601.01	32	9422	
0.4	5.4	51	908	16	3	122	364835	122	364835	0.00403279	0.00249275	0.003	0.01	2990.45	1963.8	60	9422	
0.4	5.4	49	909	5	3	12	31475	12	31475	0.00416667	0.00272475	0.003	0.01	2622.92	2309.29	60	7099	
0.4	5.4	38	911	1	3	153	580776	152	577815	0.00438158	0.0027953	0.003	0.01	3801.41	2826.05	45	9422	
0.4	5.4	15	913	3	3	26	52787	27	55154	0.00662963	0.00356423	0.003	0.01	2042.74	1122.96	60	4141	
0.4	5.4	52	916	69	3	214	315683	214	315683	0.00548598	0.00335774	0.003	0.01	1475.15	1206.62	60	8873	
0.4	5.4	48	917	14	3	58	159306	58	159306	0.00468965	0.00329384	0.003	0.017	2746.66	2373.47	18	9422	
0.4	5.4	39	919	39	3	265	248023	266	248513	0.00613158	0.00442224	0.003	0.017	934.259	894.58	8	7099	
0.4	5.4	55	921	41	3	206	143113	206	143113	0.00554854	0.00390185	0.003	0.017	694.723	517.654	33	2961	
0.4	5.4	41	924	6	3	1	60	1	60	0.01	0	0.01	0.01	60	0	60	60	
0.4	5.4	17	925	9	3	3	180	3	180	0.00533333	0.00404145	0.003	0.01	60	0	60	60	
0.4	5.4	48	926	15	3	224	560405	224	560405	0.0070625	0.00376622	0.003	0.017	2501.81	1668.48	57	9422	
0.4	5.4	42	927	36	3	173	528089	173	528089	0.00324277	0.00128453	0.003	0.01	3052.54	2507.82	45	9422	
0.4	5.4	21	928	17	3	1	60	1	60	0.003	0	0.003	0.003	60	0	60	60	
0.4	5.4	25	930	1	3	69	240913	69	240913	0.00807246	0.00314978	0.003	0.01	3491.49	2084.11	60	9422	
0.4	5.4	14	933	19	3	98	321038	98	321038	0.00714286	0.00345814	0.003	0.01	3275.9	2546.73	45	9422	
0.4	5.4	51	935	18	3	10	31474	10	31474	0.003	0	0.003	0.003	3147.4	3155.04	60	9422	
0.4	5.4	35	936	10	3	62	119688	61	116730	0.00678688	0.00395438	0.003	0.017	1913.61	1562.52	11	9422	
0.4	5.4	13	937	14	3	110	157728	110	157728	0.00681818	0.00409336	0.003	0.017	1433.89	1225.19	60	7099	
0.4	5.4	52	938	42	3	303	404111	303	404111	0.00692739	0.00474251	0.003	0.024	1333.7	1570.5	13	9422	
0.4	5.4	24	940	10	3	2	708	2	708	0.01	0	0.01	0.01	354	415.779	60	648	
0.4	5.4	43	943	19	3	11	31534	11	31534	0.003	0	0.003	0.003	2866.73	3134.55	60	9422	
0.4	5.4	46	944	8	3	44	109578	44	109578	0.00745454	0.00340625	0.003	0.01	2490.41	1887.34	60	9422	
0.4	5.4	46	947	20	3	45	150986	45	150986	0.0044	0.00283164	0.003	0.01	3355.24	1740.4	60	6507	
0.4	5.4	15	948	13	3	104	325667	104	325667	0.00461538	0.00296356	0.003	0.01	3131.41	2574.61	45	9422	
0.4	5.4	28	950	28	3	125	204347	125	204347	0.006976	0.00400899	0.003	0.017	1634.78	1605.21	43	9422	
0.4	5.4	20	952	3	3	144	568206	144	568206	0.00601389	0.00347818	0.003	0.01	3945.88	2568.34	57	9422	
0.4	5.4	31	955	15	3	61	150530	61	150530	0.00781967	0.00350955	0.003	0.017	2467.7	2291.41	38	9422	
0.4	5.4	24	956	15	3	47	82979	48	85346	0.00752083	0.00395178	0.003	0.017	1778.04	1200.48	57	5861	
0.4	5.4	39	957	61	3	114	81363	114	81363	0.00570175	0.00421739	0.003	0.017	713.711	716.47	13	3208	
0.4	5.4	51	958	12	3	141	363463	141	363463	0.00796454	0.0035039	0.003	0.017	2577.75	1724.58	60	7099	
0.4	5.4	52	960	77	3	157	168924	157	168924	0.00692357	0.00471161	0.003	0.017	1075.95	830.663	30	4395	
0.4	5.4	36	962	12	3	2	120	2	120	0.01	0	0.01	0.01	60	0	60	60	
0.4	5.4	52	963	14	3	2	120	2	120	0.01	0	0.01	0.01	60	0	60	60	
0.4	5.4	55	964	43	3	165	124099	165	124099	0.00435757	0.0027761	0.003	0.01	752.115	909.885	60	9422	
0.4	5.4	14	965	1	3	2	120	2	120	0.0065	0.00494975	0.003	0.01	60	0	60	60	
0.4	5.4	40	966	5	3	2	120	2	120	0.0065	0.00494975	0.003	0.01	60	0	60	60	
0.4	5.4	34	968	30	3	206	532988	206	532988	0.00575243	0.00342756	0.003	0.01	2587.32	2211.87	45	9422	
0.4	5.4	33	970	14	3	57	140374	57	140374	0.00742105	0.00340665	0.003	0.01	2462.7	1733.98	57	9422	
0.4	5.4	6	974	13	3	173	521446	174	524404	0.00674138	0.00409805	0.003	0.017	3013.82	1949.26	45	9422	
0.4	5.4	21	975	6	3	125	362252	125	362252	0.00776	0.00327847	0.003	0.01	2898.02	1874.84	57	8873	
0.4	5.4	15	976	10	3	83	202611	83	202611	0.00721687	0.00361585	0.003	0.017	2441.1	2417.55	60	9422	
0.4	5.4	19	977	16	3	3	180	3	180	0.00533333	0.00404145	0.003	0.01	60	0	60	60	
0.4	5.4	16	979	8	3	109	476959	109	476959	0.00595413	0.00347314	0.003	0.01	4375.77	2461.39	60	9422	
0.4	5.4	30	980	11	3	80	307767	80	307767	0.00335	0.00153524	0.003	0.01	3847.09	2519.16	45	9422	
0.4	5.4	55	981	29	3	302	150907	300	149930	0.00496	0.00401732	0.003	0.024	499.767	581.545	18	4395	
0.4	5.4	36	982	11	3	50	83579	50	83579	0.00608	0.00378418	0.003	0.017	1671.58	1591.05	60	7099	
0.4	5.4	47	983	13	3	142	609615	142	609615	0.003	0	0.003	0.003	4293.06	2801.34	45	9422	
0.4	5.4	5	985	4	3	124	398921	124	398921	0.00587903	0.00345845	0.003	0.01	3217.1	1930.46	60	9422	
0.4	5.4	57	986	3	3	2	120	2	120	0.0065	0.00494975	0.003	0.01	60	0	60	60	
0.4	5.4	37	989	35	3	3	768	3	768	0.00766667	0.00404145	0.003	0.01	256	339.482	60	648	
0.4	5.4	9	991	12	3	1	60	1	60	0.01	0	0.01	0.01	60	0	60	60	
0.4	5.4	34	992	2	3	1	60	1	60	0.01	0	0.01	0.01	60	0	60	60	
0.4	5.4	39	993	45	3	187	206389	187	206389	0.00584492	0.00359697	0.003	0.017	1103.68	812.893	6	4904	
0.4	5.4	54	994	1	3	31	76443	31	76443	0.00774193	0.00332634	0.003	0.01	2465.9	2218.65	60	9422	
0.4	5.4	25	996	4	3	28	86023	28	86023	0.00975	0.00132288	0.003	0.01	3072.25	2015.52	60	6877	
0.4	5.4	41	999	12	3	1	60	1	60	0.003	0	0.003	0.003	60	0	60	60	
0.4	5.4	49	1000	20	3	71	171134	71	171134	0.00812676	0.00333779	0.003	0.017	2410.34	1347.31	60	5324	
0.4	5.4	34	1002	39	3	1	60	1	60	0.01	0	0.01	0.01	60	0	60	60	
0.4	5.4	37	1005	45	3	198	236550	198	236550	0.00444949	0.00284364	0.003	0.01	1194.7	1171.5	37	9422	
0.4	5.4	35	1006	8	3	193	477272	193	477272	0.00731606	0.00369947	0.003	0.017	2472.91	1844.26	19	9422	
0.4	5.4	52	1008	12	3	3	180	3	180	0.003	0	0.003	0.003	60	0	60	60	
0.4	5.4	43	1009	4	3	2	120	2	120	0.003	0	0.003	0.003	60	0	60	60	
0.4	5.4	20	1010	21	3	118	141207	118	141207	0.00727119	0.00429601	0.003	0.024	1196.67	992.087	21	8282	
0.4	5.4	55	1013	58	3	374	274559	374	274559	0.0059385	0.00395538	0.003	0.017	734.115	879.389	23	8873	
0.4	5.4	37	1014	52	3	62	59935	61	58751	0.00518033	0.00326858	0.003	0.01	963.131	608.284	60	2367	
0.4	5.4	45	1015	8	3	67	241503	67	241503	0.00697015	0.00349446	0.003	0.01	3604.52	2740.74	60	9422	
0.4	5.4	39	1017	5	3	1	60	1	60	0.01	0	0.01	0.01	60	0	60	60	
0.4	5.4	12	1018	14	3	66	217851	67	224358	0.0081194	0.00335533	0.003	0.017	3348.63	2466.33	60	9422	
0.4	5.4	15	1020	18	3	185	416919	185	416919	0.00723784	0.00343063	0.003	0.01	2253.62	2143.74	45	9422	
0.4	5.4	51	1021	1	3	112	265242	112	265242	0.00775	0.00341565	0.003	0.017	2368.23	1865.47	60	8282	
0.4	5.4	29	1022	7	3	38	55751	38	55751	0.0065	0.00354698	0.003	0.01	1467.13	812.436	60	3550	
0.4	5.4	8	1024	22	3	11	21422	11	21422	0.003	0	0.003	0.003	1947.45	1256.89	60	4140	
0.4	5.4	28	1025	16	3	88	139243	88	139243	0.00729545	0.00455656	0.003	0.017	1582.31	1537.47	24	7222	
0.4	5.4	41	1026	61	3	52	46340	52	46340	0.00542308	0.00413188	0.003	0.017	891.154	620.299	21	2958	
0.4	5.4	3	1027	8	3	88	255908	88	255908	0.00570454	0.00342794	0.003	0.01	2908.05	2046.02	60	9422	
0.4	5.4	8	1028	19	3	1	60	1	60	0.003	0	0.003	0.003	60	0	60	60	
0.4	5.4	46	1029	22	3	163	517957	163	517957	0.00815337	0.00309437	0.003	0.01	3177.65	2296.32	26	9422	
0.4	5.4	13	1030	8	3	100	169419	100	169419	0.00713	0.00423228	0.003	0.017	1694.19	2226.24	45	9422	
0.4	5.4	33	1032	10	3	75	211961	75	211961	0.00822667	0.00306494	0.003	0.01	2826.15	2285.1	45	9422	
0.4	5.4	41	1033	58	3	313	374111	313	374111	0.00572843	0.00368465	0.003	0.017	1195.24	1067.78	31	8873	
0.4	5.4	53	1034	5	3	7	14316	7	14316	0.006	0.00374166	0.003	0.01	2045.14	1816.4	60	5324	
0.4	5.4	8	1036	5	3	81	74224	80	72745	0.0065	0.00459223	0.003	0.017	909.313	825.537	13	4395	
0.4	5.4	17	1037	17	3	1	60	1	60	0.003	0	0.003	0.003	60	0	60	60	
0.4	5.4	17	1038	19	3	72	198359	72	198359	0.003	0	0.003	0.003	2754.99	2208.53	60	9422	
0.4	5.4	41	1041	38	3	1	60	1	60	0.003	0	0.003	0.003	60	0	60	60	
0.4	5.4	20	1042	4	3	18	42723	18	42723	0.0065	0.00360147	0.003	0.01	2373.5	1719.07	60	5324	
0.4	5.4	41	1043	33	3	123	124064	123	124064	0.00499187	0.00317133	0.003	0.01	1008.65	738.378	60	4619	
0.4	5.4	37	1044	18	3	1	60	1	60	0.003	0	0.003	0.003	60	0	60	60	
0.4	5.4	57	1045	4	3	1	60	1	60	0.01	0	0.01	0.01	60	0	60	60	
0.4	5.4	45	1046	10	3	2	120	2	120	0.01	0	0.01	0.01	60	0	60	60	
0.4	5.4	19	1048	3	3	95	336287	95	336287	0.00469474	0.00301441	0.003	0.01	3539.86	2403.48	36	9422	
0.4	5.4	36	1050	2	3	3	180	3	180	0.01	0	0.01	0.01	60	0	60	60	
0.4	5.4	31	1051	19	3	174	405252	174	405252	0.00710345	0.00353851	0.003	0.017	2329.03	2155.55	45	9422	
0.4	5.4	39	1054	15	3	266	265658	266	265658	0.00576316	0.00378681	0.003	0.017	998.714	1065.37	4	9422	
0.4	5.4	31	1055	7	3	53	142721	53	142721	0.00722641	0.00345655	0.003	0.01	2692.85	1615.99	60	6507	
0.4	5.4	1	1056	6	3	152	516102	152	516102	0.00728289	0.00342259	0.003	0.01	3395.41	2808.76	45	9422	
0.4	5.4	57	1057	7	3	126	376668	126	376668	0.00627778	0.00350688	0.003	0.01	2989.43	2336.77	45	9422	
0.4	5.4	30	1058	14	3	99	312308	99	312308	0.00865656	0.0027707	0.003	0.01	3154.63	2418.46	45	9422	
0.4	5.4	7	1059	10	3	104	382085	104	382085	0.00724038	0.00370383	0.003	0.017	3673.89	2842.21	45	9422	
0.4	5.4	32	1060	24	3	152	503182	151	496083	0.00476159	0.00315322	0.003	0.017	3285.32	2650.99	45	9422	
0.4	5.4	14	1061	4	3	71	226256	71	226256	0.00704225	0.00348235	0.003	0.01	3186.7	2696.57	45	9422	
0.4	5.4	6	1062	26	3	12	28520	12	28520	0.003	0	0.003	0.003	2376.67	2028.13	60	7099	
0.4	5.4	26	1063	18	3	102	284132	102	284132	0.00691176	0.00349286	0.003	0.01	2785.61	2416.13	45	9422	
0.4	5.4	37	1064	28	3	11	9002	11	9002	0.003	0	0.003	0.003	818.364	586.582	60	1775	
0.4	5.4	12	1066	11	3	58	140945	58	140945	0.00915517	0.00264775	0.003	0.017	2430.09	1779.84	60	9422	
0.4	5.4	29	1067	13	3	14	32073	14	32073	0.003	0	0.003	0.003	2290.93	1743.86	60	5861	
0.4	5.4	15	1071	22	3	215	509332	215	509332	0.00658139	0.0037593	0.003	0.017	2368.99	2039.04	60	9422	
0.4	5.4	15	1072	26	3	74	142415	72	138565	0.00766667	0.00406981	0.003	0.017	1924.51	2046.53	60	9422	
0.4	5.4	9	1073	14	3	114	392986	114	392986	0.00428947	0.00272557	0.003	0.01	3447.25	2630.72	60	9422	
0.4	5.4	37	1074	30	3	1	60	1	60	0.003	0	0.003	0.003	60	0	60	60	
0.4	5.4	8	1075	34	3	119	113482	117	111115	0.00599145	0.00434205	0.003	0.017	949.701	943.75	5	8531	
0.4	5.4	49	1077	8	3	145	552627	145	552627	0.00613793	0.00349329	0.003	0.01	3811.22	2819.59	45	9422	
0.4	5.4	16	1079	16	3	8	14319	8	14319	0.007375	0.00362284	0.003	0.01	1789.88	1477.67	60	4395	
0.4	5.4	37	1080	40	3	12	10182	12	10182	0.00533333	0.00455937	0.003	0.017	848.5	616.666	60	1775	
0.4	5.4	57	1081	10	3	90	292404	90	292404	0.0065	0.00351961	0.003	0.01	3248.93	2260.22	45	9422	
0.4	5.4	41	1082	76	3	184	174958	184	174958	0.0058913	0.00360769	0.003	0.017	950.859	824.795	60	8282	
0.4	5.4	20	1084	14	3	1	60	1	60	0.01	0	0.01	0.01	60	0	60	60	
0.4	5.4	49	1085	17	3	91	246280	89	240362	0.0075618	0.00335395	0.003	0.01	2700.7	2080.77	45	9422	
0.4	5.4	41	1086	48	3	329	433611	329	433611	0.00544681	0.00347435	0.003	0.017	1317.97	928.998	30	4904	
0.4	5.4	7	1089	9	3	134	328076	134	328076	0.00832836	0.00334434	0.003	0.017	2448.33	1524.08	36	6882	
0.4	5.4	9	1092	11	3	10	10769	10	10769	0.0037	0.00221359	0.003	0.01	1076.9	594.861	60	1775	
0.4	5.4	51	1093	8	3	52	98937	52	98937	0.00703846	0.00349207	0.003	0.01	1902.63	2290.64	60	9422	
0.4	5.4	51	1096	15	3	21	43915	21	43915	0.00766667	0.00338132	0.003	0.01	2091.19	2468.93	60	9422	
0.4	5.4	24	1097	5	3	78	181197	78	181197	0.00739743	0.00376015	0.003	0.017	2323.04	1797.8	60	9422	
0.4	5.4	18	1098	8	3	1	60	1	60	0.01	0	0.01	0.01	60	0	60	60	
0.4	5.4	46	1100	15	3	92	256425	92	256425	0.00847826	0.00290312	0.003	0.01	2787.23	1590.78	60	7099	
0.4	5.4	1	1101	5	3	102	342108	102	342108	0.00862745	0.00341784	0.003	0.017	3354	2337.46	60	9422	
0.4	5.4	12	1102	7	3	71	148642	71	148642	0.0052676	0.00329917	0.003	0.01	2093.55	2333.84	60	9422	
0.4	5.4	31	1103	2	3	11	21420	11	21420	0.00872727	0.00422116	0.003	0.017	1947.27	1356.87	60	3550	
0.4	5.4	50	1105	16	3	52	185904	52	185904	0.00475	0.00306066	0.003	0.01	3575.08	2683.12	60	9422	
0.4	5.4	7	1106	1	3	144	597789	144	597789	0.00825	0.00304167	0.003	0.01	4151.31	2940.33	45	9422	
0.4	5.4	20	1107	19	3	118	412024	116	409657	0.00662069	0.00351309	0.003	0.01	3531.53	2484.87	60	9422	
0.4	5.4	27	1108	3	3	69	145788	69	145788	0.00807246	0.00314978	0.003	0.01	2112.87	2434.93	60	9422	
0.4	5.4	55	1110	8	3	1	60	1	60	0.01	0	0.01	0.01	60	0	60	60	
0.4	5.4	51	1112	2	3	1	60	1	60	0.003	0	0.003	0.003	60	0	60	60	
0.4	5.4	2	1113	24	3	87	178835	87	178835	0.00678161	0.00350888	0.003	0.01	2055.57	1988.9	45	9422	
0.4	5.4	46	1115	4	3	7	5444	7	5444	0.008	0.00341565	0.003	0.01	777.714	427.419	60	1184	
0.4	5.4	8	1117	31	3	53	140007	53	140007	0.00379245	0.00223915	0.003	0.01	2641.64	1792.67	60	8873	
0.4	5.4	56	1119	2	3	91	299009	90	292502	0.00898889	0.00247456	0.003	0.01	3250.02	1997.08	60	9422	
0.4	5.4	53	1120	9	3	69	249205	69	249205	0.00847826	0.00290845	0.003	0.01	3611.67	2371.38	60	9422	
0.4	5.4	24	1121	17	3	183	645177	183	645177	0.0059071	0.00345888	0.003	0.01	3525.56	2379.08	45	9422	
0.4	5.4	22	1124	8	3	139	495031	138	492664	0.00934058	0.00205222	0.003	0.01	3570.03	2798.57	45	9422	
0.4	5.4	11	1125	17	3	109	485482	109	485482	0.0033211	0.00147121	0.003	0.01	4453.96	3297.26	45	9422	
0.4	5.4	49	1127	10	3	53	133855	53	133855	0.00669811	0.00352783	0.003	0.01	2525.57	2145.62	60	9422	
0.4	5.4	45	1129	12	3	1	60	1	60	0.01	0	0.01	0.01	60	0	60	60	
0.4	5.4	5	1130	15	3	125	323415	125	323415	0.005464	0.00335661	0.003	0.01	2587.32	1839.12	60	9422	
0.4	5.4	6	1131	25	3	105	199563	104	197714	0.00750961	0.00389173	0.003	0.017	1901.1	1655.53	14	9422	
0.4	5.4	41	1132	17	3	2	120	2	120	0.003	0	0.003	0.003	60	0	60	60	
0.4	5.4	41	1133	46	3	127	213346	127	213346	0.003	0	0.003	0.003	1679.89	1631.65	45	9422	
0.4	5.4	34	1134	22	3	134	341807	134	341807	0.00305224	0.000604708	0.003	0.01	2550.8	2395.2	32	9422	
0.4	5.4	13	1138	11	3	26	48645	26	48645	0.00461538	0.00300768	0.003	0.01	1870.96	1449.17	60	5324	
0.4	5.4	15	1139	15	3	98	144637	98	144637	0.00757143	0.00450658	0.003	0.017	1475.89	1303.25	60	7099	
0.4	5.4	36	1141	3	3	101	198985	101	198985	0.00909901	0.00291378	0.003	0.017	1970.15	2032.23	60	9422	
0.4	5.4	28	1142	18	3	256	646480	256	646480	0.00745703	0.00409377	0.003	0.024	2525.31	2239.21	26	9422	
0.4	5.4	30	1144	19	3	159	577610	159	577610	0.00700629	0.00347413	0.003	0.01	3632.77	2445.03	45	9422	
0.4	5.4	29	1146	8	3	112	268998	112	268998	0.0076875	0.00330719	0.003	0.01	2401.77	2000.87	60	9422	
0.4	5.4	42	1147	32	3	85	209616	85	209616	0.003	0	0.003	0.003	2466.07	1551.77	60	7690	
0.4	5.4	37	1148	6	3	289	210104	289	210104	0.00580969	0.00439323	0.003	0.024	727.003	579.02	4	3550	
0.4	5.4	29	1149	14	3	2	120	2	120	0.01	0.00989949	0.003	0.017	60	0	60	60	
0.4	5.4	18	1150	1	3	13	13731	13	13731	0.00946154	0.00194145	0.003	0.01	1056.23	530.525	60	1775	
0.4	5.4	50	1151	3	3	32	62261	32	62261	0.00475	0.00307959	0.003	0.01	1945.66	1511.43	60	7099	
0.4	5.4	44	1152	21	3	92	192471	93	194043	0.00713978	0.00389423	0.003	0.017	2086.48	1652.78	60	9422	
0.4	5.4	15	1154	8	3	87	224029	87	224029	0.003	0	0.003	0.003	2575.05	1649.14	60	9422	
0.4	5.4	42	1155	16	3	33	75878	33	75878	0.003	0	0.003	0.003	2299.33	2098.76	60	9422	
0.4	5.4	50	1156	14	3	99	208497	98	205539	0.00735714	0.00382948	0.003	0.017	2097.34	1491.35	36	7099	
0.4	5.4	35	1158	25	3	5	2486	5	2486	0.0072	0.00383406	0.003	0.01	497.2	344.657	60	935	
0.4	5.4	13	1159	2	3	94	194822	94	194822	0.00612766	0.0034988	0.003	0.01	2072.57	1919.63	43	9422	
0.4	5.4	39	1160	50	3	228	191180	228	191180	0.00720614	0.00493183	0.003	0.024	838.509	916.306	32	7099	
0.4	5.4	17	1161	3	3	2	120	2	120	0.003	0	0.003	0.003	60	0	60	60	
0.4	5.4	32	1164	6	3	95	263657	95	263657	0.00749474	0.00352461	0.003	0.017	2775.34	2172.47	60	8873	
0.4	5.4	51	1165	5	3	103	354536	103	354536	0.003	0	0.003	0.003	3442.1	2392.64	60	9422	
0.4	5.4	37	1166	12	3	2	120	2	120	0.003	0	0.003	0.003	60	0	60	60	
0.4	5.4	21	1169	9	3	87	357487	87	357487	0.00517241	0.00325722	0.003	0.01	4109.05	2654.3	45	9422	
0.4	5.4	16	1170	12	3	15	46383	15	46383	0.0072	0.00354965	0.003	0.01	3092.2	3013.55	60	9422	
0.4	5.4	28	1172	2	3	175	454575	175	454575	0.00668	0.0035054	0.003	0.01	2597.57	1911.69	6	9422	
0.4	5.4	11	1173	19	3	47	116094	46	113727	0.00482609	0.00310773	0.003	0.01	2472.33	1430.75	60	7099	
0.4	5.4	34	1174	52	3	223	432487	222	430120	0.00599549	0.00347128	0.003	0.01	1937.48	1674.61	30	8873	
0.4	5.4	16	1178	13	3	119	508387	119	508387	0.00517647	0.0032538	0.003	0.01	4272.16	2649.69	45	9422	
0.4	5.4	53	1179	2	3	34	93013	33	91829	0.00766667	0.00335099	0.003	0.01	2782.7	1740.68	60	6877	
0.4	5.4	36	1180	9	3	110	226321	108	216262	0.00721296	0.00369908	0.003	0.017	2002.43	1895.44	60	9422	
0.4	5.4	34	1184	40	3	176	304395	176	304395	0.00697727	0.0047086	0.003	0.017	1729.52	1640.62	4	9422	
0.4	5.4	37	1186	1	3	140	191399	140	191399	0.003	0	0.003	0.003	1367.14	1101.84	60	7099	
0.4	5.4	11	1187	12	3	14	46858	14	46858	0.003	0	0.003	0.003	3347	3226.67	60	9422	
0.4	5.4	27	1188	14	3	33	113129	33	113129	0.003	0	0.003	0.003	3428.15	2938.02	60	9422	
0.4	5.4	15	1189	9	3	160	583041	160	583041	0.00405	0.00250735	0.003	0.01	3644.01	2696.43	45	9422	
0.4	5.4	37	1190	22	3	206	400267	206	400267	0.00497087	0.00315597	0.003	0.01	1943.04	2023.23	11	9422	
0.4	5.4	20	1191	2	3	1	60	1	60	0.01	0	0.01	0.01	60	0	60	60	
0.4	5.4	4	1192	10	3	53	170039	53	170039	0.00920755	0.00223915	0.003	0.01	3208.28	2767.99	45	9422	
0.4	5.4	15	1193	2	3	4	240	4	240	0.0065	0.00404145	0.003	0.01	60	0	60	60	
0.4	5.4	7	1194	16	3	60	177690	60	177690	0.00778333	0.00328371	0.003	0.01	2961.5	1755.33	60	8282	
0.4	5.4	55	1195	55	3	398	271178	398	271178	0.00500502	0.00335776	0.003	0.017	681.352	665.269	7	7099	
0.4	5.4	17	1196	4	3	113	210823	113	210823	0.00882301	0.00427666	0.003	0.017	1865.69	1632.21	21	8873	
0.4	5.4	34	1200	25	3	43	55314	43	55314	0.003	0	0.003	0.003	1286.37	1083.61	60	4395	
0.4	5.4	41	1202	67	3	333	392890	333	392890	0.00602703	0.00355709	0.003	0.017	1179.85	1093.06	24	8282	
0.4	5.4	33	1204	1	3	59	145221	59	145221	0.00715254	0.00392522	0.003	0.017	2461.37	2565.06	36	9422	
0.4	5.4	26	1205	1	3	92	261292	92	261292	0.00520652	0.00327004	0.003	0.01	2840.13	2394.91	45	9422	
0.4	5.4	55	1206	1	3	310	227172	310	227172	0.00519032	0.00325097	0.003	0.01	732.813	561.137	18	3867	
0.4	5.4	35	1209	4	3	98	187981	98	187981	0.00685714	0.00364112	0.003	0.017	1918.17	1604.65	6	6896	
0.4	5.4	21	1212	11	3	1	60	1	60	0.003	0	0.003	0.003	60	0	60	60	
0.4	5.4	32	1213	11	3	34	95380	34	95380	0.00773529	0.00332401	0.003	0.01	2805.29	2422.96	60	9422	
0.4	5.4	35	1214	5	3	108	200291	107	197924	0.00725234	0.00369368	0.003	0.017	1849.76	1907.98	6	9422	
0.4	5.4	14	1215	20	3	60	208970	60	208970	0.003	0	0.003	0.003	3482.83	2311.6	60	9422	
0.4	5.4	48	1216	7	3	10	21419	10	21419	0.0079	0.00338132	0.003	0.01	2141.9	1971.12	60	5861	
0.4	5.4	36	1217	6	3	135	429920	135	429920	0.00761481	0.00333006	0.003	0.01	3184.59	2390.78	60	9422	
0.4	5.4	23	1219	12	3	106	313129	106	313129	0.00689623	0.00349402	0.003	0.01	2954.05	2294.47	45	9422	
0.4	5.4	2	1220	25	3	78	162307	78	162307	0.00676923	0.00385761	0.003	0.017	2080.86	1537.61	60	7099	
0.4	5.4	9	1222	6	3	186	692978	186	692978	0.003	0	0.003	0.003	3725.69	2184.94	45	9422	
0.4	5.4	52	1223	32	3	80	122801	80	122801	0.003175	0.00109977	0.003	0.01	1535.01	1106.08	60	7098	
0.4	5.4	2	1224	11	3	119	327582	119	327582	0.00494118	0.00314695	0.003	0.01	2752.79	2191.03	60	9422	
0.4	5.4	29	1226	18	3	122	299188	122	299188	0.00804918	0.0032774	0.003	0.017	2452.36	2252.63	60	9422	
0.4	5.4	25	1227	7	3	48	139157	48	139157	0.00883333	0.00263635	0.003	0.01	2899.1	2591.64	60	9422	
0.4	5.4	35	1229	13	3	91	175891	91	175891	0.00723077	0.00402513	0.003	0.017	1932.87	1528.32	60	9094	
0.4	5.4	25	1231	2	3	79	281142	78	279958	0.00865385	0.00277665	0.003	0.01	3589.21	2127.75	60	9422	
0.4	5.4	21	1232	13	3	4	2484	4	2484	0.00475	0.0035	0.003	0.01	621	459.442	60	1184	
0.4	5.4	2	1235	10	3	60	125577	60	125577	0.00778333	0.00397062	0.003	0.017	2092.95	1718.07	60	8282	
0.4	5.4	17	1236	13	3	1	60	1	60	0.003	0	0.003	0.003	60	0	60	60	
0.4	5.4	4	1239	5	3	1	60	1	60	0.01	0	0.01	0.01	60	0	60	60	
0.4	5.4	50	1241	1	3	98	163011	98	163011	0.007	0.00348191	0.003	0.01	1663.38	988.138	60	4395	
0.4	5.4	52	1243	64	3	14	11963	14	11963	0.005	0.00328165	0.003	0.01	854.5	646.803	60	2367	
0.4	5.4	12	1244	3	3	51	148638	51	148638	0.003	0	0.003	0.003	2914.47	2374.29	60	9422	
0.4	5.4	14	1246	9	3	87	332029	87	332029	0.00702299	0.00348077	0.003	0.01	3816.43	2641.85	45	9422	
0.4	5.4	9	1247	22	3	24	64617	24	64617	0.003	0	0.003	0.003	2692.38	1378.95	60	4395	
0.4	5.4	6	1248	16	3	138	312576	138	312576	0.00705797	0.00376454	0.003	0.017	2265.04	1747.38	60	9422	
0.4	5.4	24	1249	13	3	118	264263	118	264263	0.00501695	0.00318378	0.003	0.01	2239.52	1801.52	60	9422	
0.4	5.4	42	1250	2	3	164	285178	163	284275	0.00669325	0.00375538	0.003	0.017	1744.02	1436.57	60	9422	
0.4	5.4	34	1251	34	3	211	234675	210	234550	0.00666667	0.00450022	0.003	0.024	1116.9	1357.48	21	9422	
0.4	5.4	11	1252	5	3	32	94784	32	94784	0.0086875	0.0027759	0.003	0.01	2962	2600.22	60	9422	
0.4	5.4	28	1253	4	3	88	297157	88	297157	0.00315909	0.00104921	0.003	0.01	3376.78	2939.62	45	9422	
0.4	5.4	52	1254	76	3	51	46925	51	46925	0.00437255	0.00280685	0.003	0.01	920.098	588.486	60	2124	
0.4	5.4	6	1258	24	3	33	55763	33	55763	0.00681818	0.00353955	0.003	0.01	1689.79	1652.97	60	5664	
0.4	5.4	52	1259	20	3	89	87187	89	87187	0.00575281	0.00343869	0.003	0.01	979.629	633.032	60	2961	
0.4	5.4	8	1262	32	3	64	164624	64	164624	0.003	0	0.003	0.003	2572.25	1910.24	60	9422	
0.4	5.4	55	1263	5	3	204	312688	204	312688	0.00519608	0.00340107	0.003	0.017	1532.78	1657.12	60	9422	
0.4	5.4	33	1264	2	3	101	377600	101	377600	0.0060495	0.0034882	0.003	0.01	3738.61	2271.4	57	9422	
0.4	5.4	48	1265	13	3	156	535591	156	535591	0.0068141	0.0034971	0.003	0.01	3433.28	2557.94	45	9422	
0.4	5.4	41	1266	10	3	1	60	1	60	0.01	0	0.01	0.01	60	0	60	60	
0.4	5.4	39	1267	18	3	156	220412	156	220412	0.00510897	0.00322205	0.003	0.01	1412.9	1285.68	53	7690	
0.4	5.4	52	1269	7	3	2	120	2	120	0.003	0	0.003	0.003	60	0	60	60	
0.4	5.4	55	1270	10	3	242	312812	243	315770	0.0047572	0.0030415	0.003	0.01	1299.47	1017.26	4	5324	
0.4	5.4	41	1271	23	3	281	322419	281	322419	0.00556584	0.00343045	0.003	0.017	1147.4	1021.88	36	9213	
0.4	5.4	41	1272	2	3	171	301418	171	301418	0.00521053	0.00326336	0.003	0.01	1762.68	1563.32	60	9422	
0.4	5.4	34	1274	42	3	126	166030	126	166030	0.00811111	0.00496262	0.003	0.024	1317.7	1238.43	14	8030	
0.4	5.4	50	1276	17	3	136	407935	136	407935	0.00758088	0.00355185	0.003	0.017	2999.52	2374.99	45	9422	
0.4	5.4	39	1277	20	3	3	180	3	180	0.00533333	0.00404145	0.003	0.01	60	0	60	60	
0.4	5.4	42	1278	6	3	59	116226	60	116818	0.00498333	0.00318094	0.003	0.01	1946.97	1490.89	60	6507	
0.4	5.4	37	1279	36	3	45	43962	45	43962	0.00455555	0.00294306	0.003	0.01	976.933	822.084	60	4139	
0.4	5.4	55	1281	23	3	360	349827	360	349827	0.00523611	0.00351001	0.003	0.017	971.742	1061.04	5	9422	
0.4	5.4	1	1282	8	3	82	210164	82	210164	0.00871951	0.0027229	0.003	0.01	2562.98	1713.27	50	9422	
0.4	5.4	42	1283	30	3	1	60	1	60	0.01	0	0.01	0.01	60	0	60	60	
0.4	5.4	47	1284	4	3	69	227903	69	227903	0.003	0	0.003	0.003	3302.94	1983.54	60	7690	
0.4	5.4	42	1286	3	3	1	60	1	60	0.003	0	0.003	0.003	60	0	60	60	
0.4	5.4	16	1287	15	3	37	117266	37	117266	0.00716216	0.0034842	0.003	0.01	3169.35	2017.17	60	6877	
0.4	5.4	21	1288	29	3	92	250656	92	250656	0.003	0	0.003	0.003	2724.52	2053.68	60	9422	
0.4	5.4	37	1291	27	3	172	199315	172	199315	0.00515698	0.00324151	0.003	0.01	1158.81	963.555	60	4417	
0.4	5.4	28	1292	8	3	133	384750	133	384750	0.00615789	0.00349641	0.003	0.01	2892.86	2492.01	45	9422	
0.4	5.4	57	1294	8	3	29	55157	29	55157	0.00686207	0.00354284	0.003	0.01	1901.97	1690.44	60	8873	
0.4	5.4	55	1295	33	3	1	60	1	60	0.003	0	0.003	0.003	60	0	60	60	
0.4	5.4	6	1296	9	3	1	60	1	60	0.003	0	0.003	0.003	60	0	60	60	
0.4	5.4	46	1297	23	3	80	306581	80	306581	0.005975	0.00348223	0.003	0.01	3832.26	2653.38	45	9422	
0.4	5.4	54	1298	4	3	151	665701	151	665701	0.003	0	0.003	0.003	4408.62	2813.62	45	9422	
0.4	5.4	37	1299	56	3	29	24993	29	24993	0.00589655	0.00350861	0.003	0.01	861.828	565.716	4	1775	
0.4	5.4	48	1300	2	3	2	708	2	708	0.0065	0.00494975	0.003	0.01	354	415.779	60	648	
0.4	5.4	7	1301	15	3	8	10768	8	10768	0.01	0	0.01	0.01	1346	1068.22	60	3550	
0.4	5.4	42	1302	5	3	126	333392	126	333392	0.00544444	0.00335036	0.003	0.01	2645.97	2308.07	60	9422	
0.4	5.4	49	1304	4	3	100	246997	99	242856	0.00745454	0.00338446	0.003	0.01	2453.09	1960.24	36	9422	
0.4	5.4	42	1305	7	3	96	120536	96	120536	0.00664583	0.00351532	0.003	0.01	1255.58	1111.45	5	8282	
0.4	5.4	55	1306	61	3	310	334929	310	334929	0.00462581	0.00296069	0.003	0.01	1080.42	858.267	26	7099	
0.4	5.4	11	1307	6	3	3	180	3	180	0.00766667	0.00404145	0.003	0.01	60	0	60	60	
0.4	5.4	45	1309	2	3	209	778164	209	778164	0.00809091	0.00341326	0.003	0.017	3723.27	2856.1	45	9422	
0.4	5.4	37	1310	9	3	4	240	3	180	0.01	0.007	0.003	0.017	60	0	60	60	
0.4	5.4	33	1311	3	3	138	381770	138	381770	0.00462319	0.00308328	0.003	0.017	2766.45	1711.74	28	9422	
0.4	5.4	54	1312	9	3	165	553452	165	553452	0.00804848	0.00314838	0.003	0.01	3354.25	2359.35	13	9422	
0.4	5.4	11	1313	13	3	76	266358	76	266358	0.00880263	0.0026534	0.003	0.01	3504.71	2145.4	60	9422	
0.4	5.4	41	1314	39	3	157	143747	157	143747	0.00545223	0.00387207	0.003	0.017	915.586	844.01	28	4395	
0.4	5.4	2	1315	13	3	2	120	2	120	0.01	0	0.01	0.01	60	0	60	60	
0.4	5.4	44	1317	8	3	32	114309	32	114309	0.00671875	0.00354905	0.003	0.01	3572.16	2775.99	60	9422	
0.4	5.4	27	1318	8	3	73	213228	73	213228	0.00626027	0.00351595	0.003	0.01	2920.93	2354.13	60	9422	
0.4	5.4	4	1321	4	3	46	192990	46	192990	0.00741304	0.00341615	0.003	0.01	4195.43	3475.53	45	9422	
0.4	5.4	48	1322	8	3	73	198339	73	198339	0.00520548	0.00327431	0.003	0.01	2716.97	1643.94	60	9422	
0.4	5.4	24	1323	22	3	103	279430	103	279430	0.00748544	0.00364843	0.003	0.017	2712.91	2078.61	60	9422	
0.4	5.4	42	1324	31	3	206	588341	207	591891	0.0075314	0.00381715	0.003	0.017	2859.38	2445.18	45	9422	
0.4	5.4	16	1325	3	3	127	488924	127	488924	0.00790551	0.00321809	0.003	0.01	3849.8	2414.59	45	9422	
0.4	5.4	48	1327	5	3	99	209590	99	209590	0.00738384	0.0034038	0.003	0.01	2117.07	1857.4	60	9422	
0.4	5.4	37	1330	48	3	1	60	1	60	0.01	0	0.01	0.01	60	0	60	60	
0.4	5.4	47	1331	6	3	1	60	1	60	0.01	0	0.01	0.01	60	0	60	60	
0.4	5.4	22	1332	2	3	15	23785	15	23785	0.0086	0.00289828	0.003	0.01	1585.67	1030.63	60	3550	
0.4	5.4	49	1333	18	3	113	291285	113	291285	0.0078938	0.00406501	0.003	0.017	2577.74	2198.76	60	9422	
0.4	5.4	41	1335	34	3	149	176818	149	176818	0.00534899	0.00331647	0.003	0.01	1186.7	866.202	20	4395	
0.4	5.4	11	1336	1	3	70	250380	70	250380	0.003	0	0.003	0.003	3576.86	2487.18	60	9422	
0.4	5.4	39	1337	12	3	123	122237	123	122237	0.00465041	0.00298352	0.003	0.01	993.797	1074.8	44	9422	
0.4	5.4	55	1338	30	3	446	297435	442	290292	0.00510633	0.00375617	0.003	0.017	656.769	980.031	19	9422	
0.4	5.4	51	1340	10	3	11	40347	11	40347	0.00745454	0.00353167	0.003	0.01	3667.91	3455.3	60	9422	
0.4	5.4	32	1341	22	3	72	162244	72	162244	0.00718055	0.00345729	0.003	0.01	2253.39	2158.88	45	9422	
0.4	5.4	29	1342	5	3	76	245178	76	245178	0.00705263	0.00347906	0.003	0.01	3226.03	2457.62	60	9422	
0.4	5.4	7	1343	6	3	31	94782	31	94782	0.003	0	0.003	0.003	3057.48	2341.62	60	9422	
0.4	5.4	17	1344	26	3	10	14323	10	14323	0.0072	0.00361478	0.003	0.01	1432.3	1243.09	60	4395	
0.4	5.4	41	1345	41	3	204	294420	204	294420	0.00536765	0.00379488	0.003	0.017	1443.24	1370.6	43	9422	
0.4	5.4	12	1347	18	3	141	456584	141	452444	0.00642553	0.00351168	0.003	0.01	3208.82	2111.9	60	9422	
0.4	5.4	39	1348	54	3	271	281600	271	281600	0.00620295	0.00411404	0.003	0.017	1039.11	1078.65	6	7762	
0.4	5.4	51	1349	17	3	21	39764	20	39172	0.0079	0.00329114	0.003	0.01	1958.6	1927.31	60	5861	
0.4	5.4	28	1350	9	3	14	13141	14	13141	0.0065	0.00363212	0.003	0.01	938.643	578.556	60	1775	
0.4	5.4	52	1352	17	3	195	348891	197	353454	0.00488325	0.00311212	0.003	0.01	1794.18	1317.33	57	7690	
0.4	5.4	52	1353	28	3	174	292824	174	292824	0.00348276	0.00177889	0.003	0.01	1682.9	1270.98	10	7099	
0.4	5.4	37	1354	47	3	2	120	2	120	0.0065	0.00494975	0.003	0.01	60	0	60	60	
0.4	5.4	8	1355	24	3	111	202655	109	195555	0.00582569	0.00345029	0.003	0.01	1794.08	1519.94	60	8873	
0.4	5.4	48	1358	16	3	63	138587	63	138587	0.00833333	0.00300537	0.003	0.01	2199.79	1591.01	60	5324	
0.4	5.4	18	1359	3	3	85	297835	85	297835	0.00398823	0.00245189	0.003	0.01	3503.94	2172.12	60	9422	
0.4	5.4	50	1360	6	3	68	103724	67	101949	0.00644776	0.00392461	0.003	0.017	1521.63	912.314	60	3832	
0.4	5.4	43	1361	15	3	115	425634	115	425634	0.00500869	0.00318025	0.003	0.01	3701.17	2533.6	45	9422	
0.4	5.4	23	1363	1	3	1	60	1	60	0.01	0	0.01	0.01	60	0	60	60	
0.4	5.4	52	1365	25	3	3	180	3	180	0.003	0	0.003	0.003	60	0	60	60	
0.4	5.4	13	1366	16	3	89	187137	89	187137	0.00811236	0.00329751	0.003	0.017	2102.66	1576.2	4	7099	
0.4	5.4	24	1367	19	3	96	345067	96	345067	0.00752083	0.00351532	0.003	0.017	3594.45	2718.07	36	9422	
0.4	5.4	50	1370	15	3	80	241049	80	241049	0.0072875	0.00343177	0.003	0.01	3013.11	2418.42	45	9422	
0.4	5.4	11	1371	16	3	2	120	2	120	0.0065	0.00494975	0.003	0.01	60	0	60	60	
0.4	5.4	9	1372	20	3	102	323871	102	323871	0.0057451	0.0034345	0.003	0.01	3175.21	2142.17	60	9422	
0.4	5.4	48	1373	17	3	194	648842	194	648842	0.00541752	0.00333701	0.003	0.01	3344.55	2404.61	60	9422	
0.4	5.4	55	1376	45	3	311	402465	311	402465	0.00498071	0.00315814	0.003	0.01	1294.1	1421.63	17	9422	
0.4	5.4	52	1377	72	3	56	95404	57	95996	0.0048421	0.00310983	0.003	0.01	1684.14	1354.81	60	6882	
0.4	5.4	41	1378	47	3	154	137028	154	137028	0.00504545	0.00374749	0.003	0.017	889.792	816.445	60	4395	
0.4	5.4	21	1379	7	3	2	120	2	120	0.0065	0.00494975	0.003	0.01	60	0	60	60	
0.4	5.4	37	1380	20	3	1	60	1	60	0.003	0	0.003	0.003	60	0	60	60	
0.4	5.4	34	1381	35	3	126	113878	126	113878	0.00577778	0.00386759	0.003	0.017	903.794	606.931	60	2961	
0.4	5.4	6	1384	2	3	89	235736	89	235736	0.00583146	0.00345502	0.003	0.01	2648.72	2148.56	60	9422	
0.4	5.4	29	1386	17	3	78	273465	78	273465	0.00694872	0.00349358	0.003	0.01	3505.96	2700.62	45	9422	
0.4	5.4	5	1389	5	3	57	155749	57	155749	0.00705263	0.00348682	0.003	0.01	2732.44	2231.08	45	9422	
0.4	5.4	5	1391	19	3	84	248638	84	248638	0.00316667	0.0010736	0.003	0.01	2959.98	2060.1	45	9422	
0.4	5.4	37	1392	65	3	2	708	2	708	0.0065	0.00494975	0.003	0.01	354	415.779	60	648	
0.4	5.4	19	1395	20	3	114	335728	114	335728	0.00631579	0.00351058	0.003	0.01	2944.98	2558.6	45	9422	
0.4	5.4	55	1398	39	3	240	125912	237	123130	0.00580591	0.00475549	0.003	0.024	519.536	527.301	13	3550	
0.4	5.4	35	1403	15	3	98	255271	98	255271	0.00642857	0.00351726	0.003	0.01	2604.81	2062.4	60	9422	
0.4	5.4	37	1404	44	3	17	6057	17	6057	0.00505882	0.00411507	0.003	0.017	356.294	413.208	60	1775	
0.4	5.4	3	1405	11	3	2	120	2	120	0.0065	0.00494975	0.003	0.01	60	0	60	60	
0.4	5.4	6	1408	19	3	33	49839	33	49839	0.00851515	0.00517881	0.003	0.024	1510.27	766.13	60	3550	
0.4	5.4	41	1410	57	3	66	65275	66	65275	0.00575757	0.00365875	0.003	0.017	989.015	809.883	31	4395	
0.4	5.4	31	1411	18	3	139	420938	140	423896	0.0084	0.00317997	0.003	0.017	3027.83	2287.43	36	9422	
0.4	5.4	38	1412	14	3	168	670697	166	664188	0.00426506	0.00270167	0.003	0.01	4001.13	2645.13	45	9422	
0.4	5.4	17	1413	12	3	88	246483	89	250878	0.00520225	0.00326893	0.003	0.01	2818.85	2037.3	45	9422	
0.4	5.4	34	1414	31	3	92	171311	92	171311	0.00642391	0.00351835	0.003	0.01	1862.08	1668.29	37	9422	
0.4	5.4	9	1415	13	3	134	429176	134	429176	0.003	0	0.003	0.003	3202.81	1927.91	60	9422	
0.4	5.4	37	1416	31	3	178	286682	178	286682	0.0043764	0.00279	0.003	0.01	1610.57	1398.09	60	8282	
0.4	5.4	37	1417	50	3	324	462814	324	462814	0.00487963	0.00310712	0.003	0.01	1428.44	1418.38	60	9422	
0.4	5.4	51	1420	9	3	68	284694	68	284694	0.003	0	0.003	0.003	4186.68	3171.36	45	9422	
0.4	5.4	11	1421	4	3	4	3667	4	3667	0.0065	0.00404145	0.003	0.01	916.75	733.545	60	1775	
0.4	5.4	52	1423	39	3	2	120	2	120	0.01	0	0.01	0.01	60	0	60	60	
0.4	5.4	39	1425	55	3	305	258111	305	258111	0.00600656	0.00386618	0.003	0.017	846.266	870.259	43	8282	
