% start	end	CellId	IMSI	RNTI	LCID	nTxPDUs	TxBytes	nRxPDUs	RxBytes	delay	stdDev	min	max	PduSize	stdDev	min	max
0.4	5.4	7	2	10	3	108	205628	110	209670	0.00758182	0.00384417	0.003	0.017	1906.09	1486.35	45	9422	
0.4	5.4	6	3	3	3	311	508712	311	508712	0.00700643	0.0041721	0.003	0.017	1635.73	1385.68	4	9422	
0.4	5.4	5	5	15	3	124	317435	124	317435	0.00695161	0.00359732	0.003	0.017	2559.96	1927.58	60	9422	
0.4	5.4	36	6	16	3	118	478268	117	475901	0.0081453	0.00310246	0.003	0.01	4067.53	2458.3	60	9422	
0.4	5.4	48	9	15	3	87	242729	87	242729	0.00766667	0.00331896	0.003	0.01	2789.99	1880.83	60	9422	
0.4	5.4	47	10	16	3	2	120	2	120	0.0065	0.00494975	0.003	0.01	60	0	60	60	
0.4	5.4	37	11	47	3	207	269705	207	269705	0.00458937	0.0029396	0.003	0.01	1302.92	1118.71	39	6882	
0.4	5.4	34	12	29	3	66	94242	66	94242	0.00607576	0.00461539	0.003	0.017	1427.91	1290.42	60	9422	
0.4	5.4	55	15	39	3	1	60	1	60	0.01	0	0.01	0.01	60	0	60	60	
0.4	5.4	11	19	11	3	47	175254	47	175254	0.003	0	0.003	0.003	3728.81	2632.92	60	9422	
0.4	5.4	2	20	1	3	179	312208	179	312208	0.00788827	0.00418784	0.003	0.024	1744.18	1758.05	60	9422	
0.4	5.4	53	21	15	3	206	756529	206	756529	0.00714563	0.00351695	0.003	0.017	3672.47	2943.54	28	9422	
0.4	5.4	42	22	21	3	2	120	2	120	0.0065	0.00494975	0.003	0.01	60	0	60	60	
0.4	5.4	41	23	19	3	1	60	1	60	0.01	0	0.01	0.01	60	0	60	60	
0.4	5.4	9	24	5	3	91	342815	91	342815	0.003	0	0.003	0.003	3767.2	2760.31	45	9422	
0.4	5.4	48	25	11	3	136	468846	136	468846	0.00583088	0.00344815	0.003	0.01	3447.4	2458.07	19	9422	
0.4	5.4	39	26	59	3	101	110858	101	110858	0.00646535	0.00351728	0.003	0.01	1097.6	983.558	33	4904	
0.4	5.4	23	27	7	3	195	890651	195	890651	0.003	0	0.003	0.003	4567.44	2731.69	45	9422	
0.4	5.4	55	28	18	3	21	22034	19	19965	0.00557895	0.00346916	0.003	0.01	1050.79	751.719	6	2646	
0.4	5.4	41	29	26	3	2	120	2	120	0.003	0	0.003	0.003	60	0	60	60	
0.4	5.4	4	30	17	3	214	481920	214	481920	0.00666355	0.0038783	0.003	0.017	2251.96	1970.32	45	9422	
0.4	5.4	24	31	1	3	18	36214	18	36214	0.0065	0.00360147	0.003	0.01	2011.89	1324.25	60	5324	
0.4	5.4	39	32	38	3	231	308586	230	307402	0.00668261	0.0040681	0.003	0.017	1336.53	1216.5	60	9422	
0.4	5.4	2	33	11	3	340	443205	341	443866	0.00716715	0.00433097	0.003	0.024	1301.66	1182.88	18	9414	
0.4	5.4	8	34	14	3	1	60	1	60	0.003	0	0.003	0.003	60	0	60	60	
0.4	5.4	31	35	12	3	113	303099	112	301324	0.007875	0.00349549	0.003	0.017	2690.39	1519.27	18	7099	
0.4	5.4	49	36	11	3	195	834571	195	834571	0.003	0	0.003	0.003	4279.85	2979.47	45	9422	
0.4	5.4	1	37	5	3	73	246244	73	246244	0.0039589	0.00242349	0.003	0.01	3373.21	2414.48	60	9422	
0.4	5.4	27	38	25	3	190	731095	190	731095	0.0058	0.00343835	0.003	0.01	3847.87	2778.82	36	9422	
0.4	5.4	47	41	4	3	2	120	2	120	0.003	0	0.003	0.003	60	0	60	60	
0.4	5.4	39	42	67	3	82	148696	82	148696	0.00428049	0.0027229	0.003	0.01	1813.37	1317.19	60	5861	
0.4	5.4	3	43	13	3	1	60	1	60	0.01	0	0.01	0.01	60	0	60	60	
0.4	5.4	21	44	29	3	155	193782	155	193782	0.00616129	0.00392376	0.003	0.017	1250.21	1341.09	34	9422	
0.4	5.4	46	45	10	3	88	225566	88	225566	0.00498864	0.00317495	0.003	0.01	2563.25	1797.1	10	9422	
0.4	5.4	46	46	22	3	128	312069	128	312069	0.00699219	0.00347884	0.003	0.01	2438.04	2078.98	60	9422	
0.4	5.4	37	50	37	3	288	419513	289	420416	0.0050346	0.00318397	0.003	0.01	1454.73	1230.41	19	9422	
0.4	5.4	40	52	21	3	64	85368	64	85368	0.00715625	0.00478496	0.003	0.017	1333.87	986.43	34	4141	
0.4	5.4	1	53	17	3	37	96207	37	96207	0.00810811	0.00315158	0.003	0.01	2600.19	2307.61	60	9422	
0.4	5.4	24	54	7	3	152	382389	152	382389	0.00811184	0.00311703	0.003	0.01	2515.72	1676.55	60	8873	
0.4	5.4	34	56	37	3	142	305929	142	307411	0.00580986	0.00344343	0.003	0.01	2164.87	1828.54	7	9422	
0.4	5.4	23	57	6	3	2	120	2	120	0.01	0	0.01	0.01	60	0	60	60	
0.4	5.4	36	58	4	3	5	5442	5	5442	0.0072	0.00383406	0.003	0.01	1088.4	742.216	60	1775	
0.4	5.4	6	61	20	3	333	553689	332	551853	0.00673193	0.00439759	0.003	0.024	1662.21	1579.21	42	9422	
0.4	5.4	52	62	80	3	332	481586	331	478036	0.00395166	0.00240279	0.003	0.01	1444.22	1111.23	47	7099	
0.4	5.4	17	66	1	3	55	150997	54	148039	0.00611111	0.00351099	0.003	0.01	2741.46	1959.12	60	9422	
0.4	5.4	39	68	37	3	148	278373	148	278373	0.0064054	0.00404034	0.003	0.017	1880.9	1836.48	36	8873	
0.4	5.4	46	69	4	3	106	202041	106	202041	0.00742453	0.00339172	0.003	0.01	1906.05	1440.46	60	7099	
0.4	5.4	52	70	33	3	294	302371	294	302371	0.00480952	0.00306991	0.003	0.01	1028.47	912.353	60	6882	
0.4	5.4	39	71	14	3	162	226978	162	226978	0.00602469	0.00347833	0.003	0.01	1401.1	847.682	60	4918	
0.4	5.4	55	72	6	3	91	127415	91	127415	0.003	0	0.003	0.003	1400.16	1101.27	60	7098	
0.4	5.4	55	77	9	3	1	60	1	60	0.003	0	0.003	0.003	60	0	60	60	
0.4	5.4	55	79	12	3	123	216789	123	216789	0.003	0	0.003	0.003	1762.51	1601.7	4	7099	
0.4	5.4	21	80	1	3	169	535663	168	528564	0.003	0	0.003	0.003	3146.21	2195.96	60	9422	
0.4	5.4	39	81	44	3	200	360065	200	360065	0.0044	0.00280703	0.003	0.01	1800.33	1214.01	60	5861	
0.4	5.4	45	83	5	3	206	846259	206	846259	0.003	0	0.003	0.003	4108.05	2384.51	45	9422	
0.4	5.4	52	84	87	3	1	60	1	60	0.01	0	0.01	0.01	60	0	60	60	
0.4	5.4	41	87	20	3	3	180	3	180	0.00533333	0.00404145	0.003	0.01	60	0	60	60	
0.4	5.4	44	88	11	3	85	358051	85	358051	0.003	0	0.003	0.003	4212.36	2570.82	60	9422	
0.4	5.4	19	90	19	3	101	348026	101	348026	0.003	0	0.003	0.003	3445.8	1974.41	60	9422	
0.4	5.4	57	91	3	3	3	180	3	180	0.00766667	0.00404145	0.003	0.01	60	0	60	60	
0.4	5.4	39	92	55	3	2	120	2	120	0.0135	0.00494975	0.01	0.017	60	0	60	60	
0.4	5.4	21	93	8	3	303	583783	303	583191	0.00634983	0.00372699	0.003	0.017	1924.72	1942.03	45	9422	
0.4	5.4	7	94	24	3	143	319103	143	319103	0.00730769	0.00351702	0.003	0.017	2231.49	1820.63	37	9422	
0.4	5.4	18	97	7	3	167	420273	169	427626	0.00676923	0.00358236	0.003	0.017	2530.33	1936.03	36	9422	
0.4	5.4	38	98	20	3	124	443396	124	443396	0.00745968	0.00337952	0.003	0.01	3575.77	2423.77	45	9422	
0.4	5.4	37	99	80	3	36	40987	36	40987	0.00552778	0.00415064	0.003	0.017	1138.53	1326.85	60	7690	
0.4	5.4	32	101	3	3	124	455918	123	454734	0.00800813	0.00317133	0.003	0.01	3697.02	2489.26	60	9422	
0.4	5.4	37	102	82	3	312	268710	310	266456	0.00496452	0.00334558	0.003	0.017	859.535	707.642	26	9422	
0.4	5.4	49	104	18	3	16	54549	16	54549	0.005625	0.0035	0.003	0.01	3409.31	3010.62	60	9422	
0.4	5.4	2	105	9	3	104	177129	104	177129	0.00623077	0.00477093	0.003	0.017	1703.16	1782	17	9422	
0.4	5.4	57	108	10	3	4	240	4	240	0.0065	0.00404145	0.003	0.01	60	0	60	60	
0.4	5.4	30	109	16	3	102	244034	103	245557	0.00653398	0.00351695	0.003	0.01	2384.05	1532.02	36	7690	
0.4	5.4	55	110	38	3	164	72605	164	72605	0.00470732	0.00330082	0.003	0.017	442.713	362.259	11	1996	
0.4	5.4	21	111	33	3	1	60	1	60	0.017	0	0.017	0.017	60	0	60	60	
0.4	5.4	21	112	6	3	173	190836	173	190836	0.00615607	0.00409394	0.003	0.017	1103.1	962.309	60	5916	
0.4	5.4	1	113	15	3	25	67574	25	67574	0.00328	0.0014	0.003	0.01	2702.96	2437.03	60	9422	
0.4	5.4	19	116	22	3	56	160472	56	160472	0.007125	0.00347491	0.003	0.01	2865.57	1823.26	57	9422	
0.4	5.4	5	121	1	3	140	343920	140	343920	0.0094	0.00330424	0.003	0.017	2456.57	1805.95	60	9422	
0.4	5.4	37	122	10	3	131	177917	131	177917	0.0049771	0.0032804	0.003	0.017	1358.15	1070.09	35	6882	
0.4	5.4	37	123	31	3	4	240	4	240	0.0065	0.00404145	0.003	0.01	60	0	60	60	
0.4	5.4	49	125	9	3	10	21420	10	21420	0.0058	0.00489444	0.003	0.017	2142	2273.79	60	7099	
0.4	5.4	34	127	26	3	105	188666	104	187187	0.00555769	0.00338709	0.003	0.01	1799.88	1131.63	60	5861	
0.4	5.4	2	128	8	3	127	201971	127	201971	0.00713386	0.00367394	0.003	0.017	1590.32	1258.13	49	7099	
0.4	5.4	7	129	6	3	150	515509	150	515509	0.003	0	0.003	0.003	3436.73	2528.1	45	9422	
0.4	5.4	30	131	10	3	163	566116	163	566116	0.0075092	0.00336167	0.003	0.01	3473.1	2523.54	23	9422	
0.4	5.4	34	135	2	3	1	60	1	60	0.003	0	0.003	0.003	60	0	60	60	
0.4	5.4	37	136	16	3	102	103204	102	103204	0.00382353	0.00226647	0.003	0.01	1011.8	913.764	17	7099	
0.4	5.4	31	137	8	3	114	388248	114	388248	0.00625438	0.00350679	0.003	0.01	3405.68	2413.46	60	9422	
0.4	5.4	38	138	1	3	119	383555	119	383555	0.00358823	0.00195028	0.003	0.01	3223.15	2032.23	45	9422	
0.4	5.4	28	139	12	3	43	168849	43	168849	0.00332558	0.00149158	0.003	0.01	3926.72	2698.58	60	9422	
0.4	5.4	13	140	8	3	201	722091	201	722091	0.0078408	0.00338888	0.003	0.017	3592.49	2349.22	45	9422	
0.4	5.4	44	142	14	3	73	190184	73	190184	0.00808219	0.00314357	0.003	0.01	2605.26	1890.15	57	7099	
0.4	5.4	42	143	4	3	144	327932	144	327932	0.00786111	0.00323575	0.003	0.01	2277.31	1719.69	36	9422	
0.4	5.4	38	144	22	3	118	347446	118	347446	0.00733051	0.00341454	0.003	0.01	2944.46	2074.32	36	9422	
0.4	5.4	28	145	10	3	187	648236	187	648236	0.00655615	0.00350894	0.003	0.01	3466.5	2641.07	45	9422	
0.4	5.4	37	146	66	3	4	712	4	712	0.003	0	0.003	0.003	178	142.087	50	301	
0.4	5.4	39	147	6	3	131	266443	131	266443	0.00433588	0.0027613	0.003	0.01	2033.92	1942.78	60	9422	
0.4	5.4	44	150	1	3	62	229203	62	229203	0.003	0	0.003	0.003	3696.82	2263.53	60	9422	
0.4	5.4	25	151	18	3	145	484262	145	484262	0.00753793	0.00335414	0.003	0.01	3339.74	2398.44	45	9422	
0.4	5.4	37	152	60	3	100	87838	100	87838	0.00517	0.00354496	0.003	0.017	878.38	839.026	13	4395	
0.4	5.4	37	153	74	3	7	4263	7	4263	0.007	0.00550757	0.003	0.017	609	525.835	60	1527	
0.4	5.4	55	155	35	3	317	314988	317	314988	0.00587066	0.00349308	0.003	0.017	993.653	1086.28	26	9422	
0.4	5.4	41	158	16	3	1	60	1	60	0.003	0	0.003	0.003	60	0	60	60	
0.4	5.4	12	159	11	3	106	257557	106	257557	0.00775472	0.00416061	0.003	0.017	2429.78	1855.69	60	9422	
0.4	5.4	4	161	6	3	105	279432	105	279432	0.00546667	0.00336002	0.003	0.01	2661.26	1580.41	60	7099	
0.4	5.4	42	163	6	3	3	180	3	180	0.00766667	0.00404145	0.003	0.01	60	0	60	60	
0.4	5.4	42	166	3	3	107	164802	107	164802	0.00666355	0.00400458	0.003	0.017	1540.21	1302.24	60	9422	
0.4	5.4	41	167	40	3	266	269708	266	269708	0.005	0.00316824	0.003	0.01	1013.94	831.368	5	4765	
0.4	5.4	17	168	7	3	74	225538	74	225538	0.00763513	0.00333341	0.003	0.01	3047.81	2249.93	60	9422	
0.4	5.4	23	169	16	3	53	126181	53	126181	0.00683019	0.00401792	0.003	0.017	2380.77	2376.83	60	9422	
0.4	5.4	55	170	19	3	12	5457	12	5457	0.0065	0.00365563	0.003	0.01	454.75	451.205	53	1775	
0.4	5.4	37	171	40	3	1	60	1	60	0.003	0	0.003	0.003	60	0	60	60	
0.4	5.4	23	172	25	3	98	254093	98	254093	0.00607143	0.00349152	0.003	0.01	2592.79	1644.46	60	7099	
0.4	5.4	42	173	12	3	280	360147	279	358963	0.00746595	0.00394815	0.003	0.024	1286.61	1171.5	21	9422	
0.4	5.4	54	174	4	3	103	386694	103	386694	0.00565048	0.00341194	0.003	0.01	3754.31	2528.12	45	9422	
0.4	5.4	11	176	7	3	191	474262	191	474262	0.00780105	0.00377139	0.003	0.017	2483.05	2089.31	45	9422	
0.4	5.4	4	178	16	3	128	265400	128	265400	0.0065	0.00392849	0.003	0.017	2073.44	1847.7	47	9422	
0.4	5.4	52	180	4	3	177	162530	177	162530	0.00592655	0.00361974	0.003	0.017	918.249	739.322	60	3689	
0.4	5.4	20	181	21	3	119	345799	119	345799	0.00823529	0.00331332	0.003	0.017	2905.87	2333.75	45	9422	
0.4	5.4	24	182	10	3	127	461681	126	461621	0.006	0.00347793	0.003	0.01	3663.66	2878.73	45	9422	
0.4	5.4	52	184	40	3	169	131249	168	130056	0.00620833	0.00458696	0.003	0.024	774.143	998.541	16	7487	
0.4	5.4	23	185	2	3	221	954771	221	954771	0.003	0	0.003	0.003	4320.23	2565.23	45	9422	
0.4	5.4	9	186	7	3	87	277630	87	281179	0.00597701	0.00348077	0.003	0.01	3231.94	2230.97	57	9422	
0.4	5.4	21	187	5	3	131	400793	131	400793	0.003	0	0.003	0.003	3059.49	1921.77	60	9422	
0.4	5.4	30	188	2	3	1	60	1	60	0.01	0	0.01	0.01	60	0	60	60	
0.4	5.4	10	189	13	3	165	598392	165	598392	0.00753939	0.00344025	0.003	0.017	3626.62	2394.84	45	9422	
0.4	5.4	28	190	16	3	13	16102	13	16102	0.00623077	0.00363212	0.003	0.01	1238.62	788.385	60	2961	
0.4	5.4	27	192	27	3	15	47452	15	47452	0.0044	0.00289828	0.003	0.01	3163.47	3160.64	60	9422	
0.4	5.4	55	193	33	3	251	165714	251	165714	0.00458964	0.00325499	0.003	0.017	660.215	459.036	24	3182	
0.4	5.4	37	194	4	3	1	60	1	60	0.003	0	0.003	0.003	60	0	60	60	
0.4	5.4	41	195	36	3	3	180	3	180	0.00533333	0.00404145	0.003	0.01	60	0	60	60	
0.4	5.4	47	196	19	3	82	184748	82	184748	0.00889024	0.00279773	0.003	0.017	2253.02	1861.37	60	9422	
0.4	5.4	7	197	13	3	56	131491	56	131491	0.007	0.00349545	0.003	0.01	2348.05	2050.98	60	9422	
0.4	5.4	2	199	18	3	170	454349	170	454349	0.003	0	0.003	0.003	2672.64	2014.72	45	9422	
0.4	5.4	52	201	42	3	21	9024	21	9024	0.00366667	0.00305505	0.003	0.017	429.714	601.65	60	2958	
0.4	5.4	9	202	1	3	97	234575	98	235759	0.0075	0.0039252	0.003	0.017	2405.7	2015.84	57	9422	
0.4	5.4	21	204	13	3	267	383390	266	381911	0.0065	0.0043108	0.003	0.024	1435.76	1540.56	56	9422	
0.4	5.4	55	205	45	3	211	145536	211	145536	0.00462559	0.00340268	0.003	0.017	689.744	559.954	5	3182	
0.4	5.4	34	206	4	3	165	247097	166	247689	0.00687952	0.00381511	0.003	0.017	1492.1	1043.04	50	5324	
0.4	5.4	41	208	56	3	190	118778	189	118029	0.00603704	0.00474607	0.003	0.024	624.492	1044.25	6	9422	
0.4	5.4	6	209	5	3	212	517511	213	518443	0.00592488	0.00346056	0.003	0.01	2434	1812.88	60	9422	
0.4	5.4	41	210	53	3	273	370025	273	370025	0.00574359	0.00377397	0.003	0.017	1355.4	1677.07	21	9422	
0.4	5.4	52	212	27	3	88	87795	88	87795	0.00514773	0.00324671	0.003	0.01	997.67	741.944	60	3550	
0.4	5.4	34	213	6	3	1	60	1	60	0.01	0	0.01	0.01	60	0	60	60	
0.4	5.4	5	214	22	3	116	327918	116	327918	0.00517241	0.00325249	0.003	0.01	2826.88	1757.76	60	7690	
0.4	5.4	44	216	12	3	161	554027	161	557576	0.00847826	0.00300018	0.003	0.017	3463.2	2418.27	60	9422	
0.4	5.4	41	217	57	3	2	708	2	708	0.01	0	0.01	0.01	354	415.779	60	648	
0.4	5.4	8	219	1	3	84	99643	84	99643	0.007	0.00524347	0.003	0.024	1186.23	912.056	44	4395	
0.4	5.4	50	220	4	3	125	376100	126	376891	0.008	0.0031749	0.003	0.01	2991.2	1968.43	60	9422	
0.4	5.4	30	221	1	3	52	128645	52	128645	0.00825	0.00363466	0.003	0.017	2473.94	2034.8	60	9422	
0.4	5.4	4	227	25	3	110	178320	110	178320	0.00599091	0.00372814	0.003	0.017	1621.09	1336.16	13	7099	
0.4	5.4	47	228	2	3	193	738646	193	738646	0.003	0	0.003	0.003	3827.18	2542.7	45	9422	
0.4	5.4	39	229	64	3	2	120	2	120	0.0065	0.00494975	0.003	0.01	60	0	60	60	
0.4	5.4	16	231	13	3	6	8992	6	8992	0.00766667	0.00361478	0.003	0.01	1498.67	1204.42	60	3550	
0.4	5.4	43	232	2	3	155	627252	155	627252	0.00692903	0.00348486	0.003	0.01	4046.79	2350.04	45	9422	
0.4	5.4	57	233	13	3	111	293854	111	293854	0.00867567	0.00275405	0.003	0.01	2647.33	1667.19	60	7099	
0.4	5.4	46	235	23	3	2	120	2	120	0.0065	0.00494975	0.003	0.01	60	0	60	60	
0.4	5.4	11	236	3	3	235	698908	235	698908	0.0074383	0.00361848	0.003	0.017	2974.08	2151.63	36	9422	
0.4	5.4	37	238	45	3	1	60	1	60	0.01	0	0.01	0.01	60	0	60	60	
0.4	5.4	51	244	10	3	1	60	1	60	0.003	0	0.003	0.003	60	0	60	60	
0.4	5.4	36	245	11	3	92	381710	92	381710	0.00558696	0.00339732	0.003	0.01	4149.02	2357.77	60	9422	
0.4	5.4	16	246	16	3	162	662884	162	662884	0.0038642	0.00230987	0.003	0.01	4091.88	2414.93	45	9422	
0.4	5.4	16	248	3	3	66	215478	66	215478	0.003	0	0.003	0.003	3264.82	2229.45	60	9422	
0.4	5.4	34	250	36	3	69	135075	69	135075	0.00462319	0.00297589	0.003	0.01	1957.61	1338.85	30	6103	
0.4	5.4	37	251	84	3	99	105674	99	105674	0.00533333	0.0034641	0.003	0.017	1067.41	766.592	60	4066	
0.4	5.4	8	252	24	3	24	40956	24	40956	0.00445833	0.00290396	0.003	0.01	1706.5	1293.79	60	5324	
0.4	5.4	26	253	14	3	2	708	2	708	0.003	0	0.003	0.003	354	415.779	60	648	
0.4	5.4	47	254	12	3	22	76440	22	76440	0.003	0	0.003	0.003	3474.55	2774.18	60	9422	
0.4	5.4	7	255	16	3	83	213146	83	213146	0.00637349	0.00351898	0.003	0.01	2568.02	1940.32	60	8873	
0.4	5.4	10	256	9	3	50	184717	50	184717	0.003	0	0.003	0.003	3694.34	3081.48	45	9422	
0.4	5.4	20	257	20	3	90	254104	90	254104	0.00657778	0.00351874	0.003	0.01	2823.38	2250.68	4	9422	
0.4	5.4	30	258	8	3	176	699589	175	698997	0.0046	0.00304185	0.003	0.017	3994.27	2987.77	45	9422	
0.4	5.4	18	259	5	3	1	60	1	60	0.003	0	0.003	0.003	60	0	60	60	
0.4	5.4	34	260	11	3	139	288229	138	286750	0.00538406	0.00332941	0.003	0.01	2077.9	1809.5	18	9422	
0.4	5.4	39	261	56	3	129	172394	129	172394	0.00620155	0.00350085	0.003	0.01	1336.39	898.419	60	4745	
0.4	5.4	7	263	9	3	154	392100	154	392100	0.0085	0.00357597	0.003	0.017	2546.1	2290.54	45	9422	
0.4	5.4	37	264	86	3	261	223423	261	223423	0.00477011	0.00310967	0.003	0.017	856.027	628.634	22	4107	
0.4	5.4	10	265	10	3	139	450015	139	450015	0.00768345	0.00330576	0.003	0.01	3237.52	2308.94	60	9422	
0.4	5.4	34	266	3	3	2	120	2	120	0.01	0	0.01	0.01	60	0	60	60	
0.4	5.4	25	267	1	3	2	120	2	120	0.01	0	0.01	0.01	60	0	60	60	
0.4	5.4	27	268	21	3	141	574022	141	574022	0.00344681	0.00171725	0.003	0.01	4071.08	2423.27	45	9422	
0.4	5.4	34	270	44	3	166	188998	166	188998	0.00654217	0.00413207	0.003	0.017	1138.54	842.697	51	4395	
0.4	5.4	36	271	14	3	18	64606	17	59282	0.00505882	0.00328768	0.003	0.01	3487.18	2572.48	60	9422	
0.4	5.4	17	273	13	3	170	457189	170	457189	0.00757059	0.00359294	0.003	0.017	2689.35	1974.58	60	9422	
0.4	5.4	56	275	17	3	14	40349	14	40349	0.0085	0.00298071	0.003	0.01	2882.07	3086.05	60	9422	
0.4	5.4	53	276	18	3	50	142719	50	142719	0.00804	0.0031749	0.003	0.01	2854.38	2114.28	60	9422	
0.4	5.4	37	277	81	3	4	240	4	240	0.00475	0.0035	0.003	0.01	60	0	60	60	
0.4	5.4	53	278	13	3	77	271684	77	271684	0.00527273	0.00329927	0.003	0.01	3528.36	2293.57	45	9422	
0.4	5.4	25	279	8	3	45	79423	45	79423	0.00735555	0.00343217	0.003	0.01	1764.96	1683.9	60	9422	
0.4	5.4	24	281	14	3	2	120	2	120	0.003	0	0.003	0.003	60	0	60	60	
0.4	5.4	48	284	6	3	134	446850	134	446850	0.00754478	0.00335296	0.003	0.01	3334.7	2397.6	28	9422	
0.4	5.4	52	285	61	3	295	202933	295	202933	0.00506441	0.00324916	0.003	0.017	687.908	624.765	60	4395	
0.4	5.4	17	286	3	3	109	392973	109	392973	0.00666055	0.00351247	0.003	0.01	3605.26	2631.17	45	9422	
0.4	5.4	12	287	4	3	46	81214	46	81214	0.00619565	0.00459768	0.003	0.017	1765.52	1450.9	60	7099	
0.4	5.4	48	291	14	3	53	115505	53	115505	0.00511321	0.00324429	0.003	0.01	2179.34	2159.35	60	9422	
0.4	5.4	29	292	5	3	41	126733	41	126733	0.003	0	0.003	0.003	3091.05	2681.95	45	9422	
0.4	5.4	42	294	20	3	163	424054	162	421093	0.0060679	0.00461179	0.003	0.024	2599.34	2270.09	60	9422	
0.4	5.4	40	296	9	3	198	635035	198	635035	0.00593434	0.00346274	0.003	0.01	3207.25	2516.11	45	9422	
0.4	5.4	8	297	27	3	163	162538	163	162538	0.00686503	0.00461147	0.003	0.017	997.166	1088.17	60	9422	
0.4	5.4	27	298	22	3	213	722819	213	722819	0.00746948	0.00337097	0.003	0.01	3393.52	2319.91	45	9422	
0.4	5.4	26	299	9	3	79	229111	79	229111	0.0064557	0.00352208	0.003	0.01	2900.14	2492.21	60	9422	
0.4	5.4	50	302	22	3	81	219664	81	219664	0.00809876	0.00350216	0.003	0.017	2711.9	2053.43	60	7690	
0.4	5.4	7	303	18	3	148	558121	148	558121	0.00361486	0.00198814	0.003	0.01	3771.09	2112.21	60	9422	
0.4	5.4	11	304	6	3	111	264639	110	261681	0.00770909	0.00368569	0.003	0.017	2378.92	1750.69	60	9422	
0.4	5.4	18	306	1	3	8	19640	8	19640	0.009125	0.00448609	0.003	0.017	2455	2042.51	60	5324	
0.4	5.4	18	307	9	3	131	312620	131	312620	0.00764885	0.00331877	0.003	0.01	2386.41	1884.33	15	9422	
0.4	5.4	34	309	9	3	3	180	3	180	0.00533333	0.00404145	0.003	0.01	60	0	60	60	
0.4	5.4	10	310	21	3	108	488195	108	488195	0.00364815	0.00203848	0.003	0.01	4520.32	2508.47	45	9422	
0.4	5.4	12	312	9	3	16	31488	14	21429	0.008	0.00508391	0.003	0.017	1530.64	1855.18	60	7099	
0.4	5.4	52	313	64	3	27	26779	27	26779	0.003	0	0.003	0.003	991.815	1105.71	60	5324	
0.4	5.4	38	315	21	3	11	14434	11	14434	0.00618182	0.00365563	0.003	0.01	1312.18	995.775	60	3550	
0.4	5.4	5	316	11	3	15	29765	15	29765	0.0044	0.00289828	0.003	0.01	1984.33	1880.47	60	5916	
0.4	5.4	16	317	1	3	1	60	1	60	0.01	0	0.01	0.01	60	0	60	60	
0.4	5.4	20	318	1	3	202	683555	202	685076	0.00885643	0.00361508	0.003	0.017	3391.47	2184.34	45	9422	
0.4	5.4	7	319	20	3	116	400803	116	400803	0.00330172	0.0014278	0.003	0.01	3455.2	2534.85	60	9422	
0.4	5.4	2	321	16	3	95	132740	95	132740	0.00609474	0.0034949	0.003	0.01	1397.26	1101.94	42	4395	
0.4	5.4	54	323	2	3	12	41533	12	41533	0.00825	0.00316587	0.003	0.01	3461.08	3491.29	60	9422	
0.4	5.4	38	329	15	3	162	582474	161	574784	0.003	0	0.003	0.003	3570.09	2018.18	60	9422	
0.4	5.4	41	333	38	3	366	331330	366	331330	0.00493169	0.0031758	0.003	0.017	905.273	880.057	16	7099	
0.4	5.4	29	336	3	3	43	139856	43	139856	0.00397674	0.00245423	0.003	0.01	3252.47	2385.1	60	9422	
0.4	5.4	30	337	21	3	39	95392	37	90065	0.00810811	0.00355734	0.003	0.017	2434.19	1805.7	60	9422	
0.4	5.4	1	338	6	3	25	66387	25	66387	0.00888	0.00261916	0.003	0.01	2655.48	2641.34	60	9422	
0.4	5.4	55	340	4	3	42	54015	42	54015	0.0055	0.00339476	0.003	0.01	1286.07	1287.58	6	5324	
0.4	5.4	37	342	9	3	1	60	1	60	0.003	0	0.003	0.003	60	0	60	60	
0.4	5.4	20	343	5	3	230	741205	229	738838	0.00755458	0.0034083	0.003	0.017	3226.37	2610.07	45	9422	
0.4	5.4	31	344	14	3	66	211944	65	207211	0.00752308	0.00337318	0.003	0.01	3187.86	2037.62	23	7690	
0.4	5.4	14	345	14	3	82	298312	82	298312	0.00692683	0.00349525	0.003	0.01	3637.95	2935.94	45	9422	
0.4	5.4	42	346	26	3	114	390034	114	390034	0.003	0	0.003	0.003	3421.35	2581.49	45	9422	
0.4	5.4	31	347	6	3	101	345726	101	345726	0.00660396	0.0035159	0.003	0.01	3423.03	2107.66	45	9422	
0.4	5.4	18	348	6	3	25	55805	25	55805	0.0086	0.00285774	0.003	0.01	2232.2	2299.13	60	9422	
0.4	5.4	21	350	18	3	126	228009	126	228009	0.006	0.00380105	0.003	0.017	1809.6	1667.57	60	9422	
0.4	5.4	22	351	17	3	127	523829	127	523829	0.00680315	0.00350066	0.003	0.01	4124.64	2917.37	45	9422	
0.4	5.4	55	352	44	3	235	109989	235	109989	0.00469787	0.00352012	0.003	0.017	468.038	489.563	31	3550	
0.4	5.4	35	354	16	3	43	76461	43	76461	0.00755814	0.0033757	0.003	0.01	1778.16	978.357	60	3822	
0.4	5.4	41	359	47	3	389	336467	389	336467	0.00568123	0.00385914	0.003	0.017	864.954	774.023	5	5324	
0.4	5.4	41	360	58	3	93	78945	93	78945	0.00533333	0.00362459	0.003	0.017	848.871	925.422	47	4733	
0.4	5.4	23	361	8	3	168	457063	168	457063	0.00766667	0.00339719	0.003	0.017	2720.61	1765.63	60	9422	
0.4	5.4	41	364	54	3	313	245136	313	245136	0.00514696	0.00360077	0.003	0.017	783.182	788.682	5	6285	
0.4	5.4	57	366	8	3	66	237375	66	237375	0.003	0	0.003	0.003	3596.59	2266.6	60	9422	
0.4	5.4	10	370	6	3	229	919709	229	919709	0.00376419	0.00218775	0.003	0.01	4016.2	2835.86	45	9422	
0.4	5.4	28	372	8	3	83	227556	83	227556	0.00628916	0.00351488	0.003	0.01	2741.64	2501.31	45	9422	
0.4	5.4	23	373	9	3	66	198330	66	198330	0.00469697	0.00302283	0.003	0.01	3005	2828.69	60	9422	
0.4	5.4	1	375	1	3	160	623239	160	623239	0.003	0	0.003	0.003	3895.24	2198.36	60	9422	
0.4	5.4	48	376	4	3	19	54556	19	54556	0.00668421	0.00359092	0.003	0.01	2871.37	2524.91	60	9422	
0.4	5.4	39	377	11	3	5	300	5	300	0.0044	0.0031305	0.003	0.01	60	0	60	60	
0.4	5.4	26	379	15	3	130	516850	130	516850	0.00768461	0.00330617	0.003	0.01	3975.77	2879.43	45	9422	
0.4	5.4	52	380	79	3	519	567894	519	567894	0.00538728	0.00364738	0.003	0.017	1094.21	1118.61	9	9422	
0.4	5.4	34	382	25	3	5	1896	5	1896	0.0044	0.0031305	0.003	0.01	379.2	314.712	60	775	
0.4	5.4	28	383	18	3	108	338098	108	338098	0.00766667	0.00331522	0.003	0.01	3130.54	2020.76	60	9422	
0.4	5.4	3	384	2	3	40	107205	40	107205	0.007375	0.00343203	0.003	0.01	2680.13	2269.47	45	9422	
0.4	5.4	42	385	23	3	149	365491	149	365491	0.00539597	0.00333252	0.003	0.01	2452.96	1684.06	60	8873	
0.4	5.4	31	387	4	3	61	208517	61	208517	0.00644262	0.00352857	0.003	0.01	3418.31	2661.54	57	9422	
0.4	5.4	33	388	14	3	180	749299	180	749299	0.00708333	0.00346067	0.003	0.01	4162.77	2747.46	45	9422	
0.4	5.4	8	389	36	3	73	161694	73	161694	0.00664383	0.00352124	0.003	0.01	2214.99	1599.07	60	7099	
0.4	5.4	24	390	17	3	181	688335	182	690110	0.00788461	0.00330626	0.003	0.017	3791.81	2417.72	45	9422	
0.4	5.4	32	393	2	3	81	240338	81	240338	0.00723457	0.00344337	0.003	0.01	2967.14	2086.68	60	9422	
0.4	5.4	23	394	13	3	198	539331	199	546430	0.00785427	0.00366582	0.003	0.017	2745.88	1724.9	10	7690	
0.4	5.4	25	395	17	3	164	610850	164	610850	0.00812195	0.0032986	0.003	0.017	3724.7	2793.91	45	9422	
0.4	5.4	52	396	22	3	180	120634	180	120634	0.0051	0.00338267	0.003	0.017	670.189	799.774	14	5324	
0.4	5.4	33	397	2	3	135	466452	135	466452	0.003	0	0.003	0.003	3455.2	3108.88	45	9422	
0.4	5.4	52	400	73	3	225	224056	224	222872	0.00565625	0.00340438	0.003	0.01	994.964	971.35	14	9422	
0.4	5.4	3	401	1	3	23	77030	23	77030	0.00847826	0.00295219	0.003	0.01	3349.13	2718.99	60	9422	
0.4	5.4	16	404	10	3	138	470840	136	464887	0.00768382	0.00330589	0.003	0.01	3418.29	2042.05	60	9422	
0.4	5.4	52	405	68	3	168	202075	168	202075	0.00454167	0.00290952	0.003	0.01	1202.83	812.237	24	4395	
0.4	5.4	15	406	13	3	71	226727	70	223565	0.0077	0.0033116	0.003	0.01	3193.79	2328.96	57	9422	
0.4	5.4	28	408	26	3	17	51593	17	51593	0.00711765	0.0035511	0.003	0.01	3034.88	1994.49	60	7099	
0.4	5.4	5	410	13	3	1	60	1	60	0.01	0	0.01	0.01	60	0	60	60	
0.4	5.4	30	411	17	3	98	237522	96	232787	0.00839583	0.00295752	0.003	0.01	2424.86	2059.26	57	9422	
0.4	5.4	36	413	6	3	2	120	2	120	0.01	0	0.01	0.01	60	0	60	60	
0.4	5.4	52	414	38	3	384	279356	384	279356	0.00533333	0.00345555	0.003	0.017	727.49	583.994	16	4395	
0.4	5.4	47	415	18	3	154	577591	154	577591	0.00495454	0.00315056	0.003	0.01	3750.59	2364.24	45	9422	
0.4	5.4	3	416	8	3	3	180	3	180	0.00533333	0.00404145	0.003	0.01	60	0	60	60	
0.4	5.4	48	419	17	3	81	214338	81	214338	0.0087037	0.00315216	0.003	0.017	2646.15	2228.2	45	9422	
0.4	5.4	31	420	7	3	83	246387	82	244020	0.00786585	0.00324232	0.003	0.01	2975.85	2317.8	60	9422	
0.4	5.4	53	421	12	3	48	129223	48	129223	0.00854167	0.0028729	0.003	0.01	2692.15	1808.06	60	8282	
0.4	5.4	30	422	13	3	30	87691	30	87691	0.00836667	0.00397825	0.003	0.017	2923.03	2459.48	60	8282	
0.4	5.4	13	424	14	3	210	753542	210	753542	0.0075	0.00336212	0.003	0.01	3588.3	2425.12	45	9422	
0.4	5.4	40	425	22	3	210	518646	210	518646	0.00666667	0.00350438	0.003	0.01	2469.74	1985.68	60	9422	
0.4	5.4	36	427	9	3	109	408726	109	408726	0.003	0	0.003	0.003	3749.78	3304.46	60	9422	
0.4	5.4	4	428	1	3	35	112535	35	112535	0.0066	0.00354965	0.003	0.01	3215.29	2709.12	60	9422	
0.4	5.4	54	429	16	3	74	263413	74	263413	0.0082027	0.00307878	0.003	0.01	3559.64	2814.04	10	9422	
0.4	5.4	5	430	10	3	4	3667	4	3667	0.003	0	0.003	0.003	916.75	733.545	60	1775	
0.4	5.4	51	433	18	3	250	652717	250	652717	0.008348	0.00368691	0.003	0.024	2610.87	1923.11	18	9422	
0.4	5.4	52	437	43	3	325	295205	324	294021	0.00550617	0.00357969	0.003	0.017	907.472	940.005	43	8873	
0.4	5.4	39	438	49	3	146	126031	146	126031	0.00520548	0.00356016	0.003	0.017	863.226	904.726	20	4904	
0.4	5.4	37	439	22	3	174	175016	174	175016	0.00481034	0.00307398	0.003	0.01	1005.84	733.449	60	4587	
0.4	5.4	51	440	3	3	97	324360	97	324360	0.003	0	0.003	0.003	3343.92	2124.55	45	9422	
0.4	5.4	7	442	2	3	2	120	2	120	0.01	0	0.01	0.01	60	0	60	60	
0.4	5.4	22	444	4	3	20	49231	20	49231	0.00405	0.00256443	0.003	0.01	2461.55	2434.27	60	9422	
0.4	5.4	40	445	6	3	133	355278	133	355278	0.00668421	0.00361262	0.003	0.017	2671.26	2035.53	36	9422	
0.4	5.4	56	446	16	3	136	492710	136	492710	0.00459559	0.00294739	0.003	0.01	3622.87	2618.27	45	9422	
0.4	5.4	22	447	13	3	24	60469	24	60469	0.00795833	0.00325014	0.003	0.01	2519.54	2389.74	60	9422	
0.4	5.4	30	450	4	3	10	8997	10	8997	0.0044	0.00295146	0.003	0.01	899.7	643.677	60	1775	
0.4	5.4	13	451	6	3	28	91355	28	91355	0.00325	0.00132288	0.003	0.01	3262.68	2473.51	60	9422	
0.4	5.4	7	454	11	3	146	431008	146	431008	0.0050137	0.00317965	0.003	0.01	2952.11	2314.72	45	9422	
0.4	5.4	47	455	7	3	106	244752	106	244752	0.00722641	0.00357314	0.003	0.017	2308.98	1890.43	60	9422	
0.4	5.4	20	456	12	3	21	55739	21	55739	0.003	0	0.003	0.003	2654.24	2197.63	60	9422	
0.4	5.4	34	457	35	3	98	309704	98	309704	0.00414286	0.00260056	0.003	0.01	3160.24	2685.5	60	9422	
0.4	5.4	39	458	74	3	136	112692	136	112692	0.00521323	0.00326691	0.003	0.01	828.618	450.124	38	1836	
0.4	5.4	38	460	9	3	72	197750	72	197750	0.00756944	0.003356	0.003	0.01	2746.53	2532.24	60	9422	
0.4	5.4	8	461	13	3	4	240	4	240	0.00825	0.0035	0.003	0.01	60	0	60	60	
0.4	5.4	49	462	5	3	156	422168	157	425496	0.0080828	0.00350999	0.003	0.017	2710.17	1866.95	28	9422	
0.4	5.4	42	463	15	3	3	180	3	180	0.00533333	0.00404145	0.003	0.01	60	0	60	60	
0.4	5.4	28	464	21	3	28	65804	28	65804	0.00775	0.00332916	0.003	0.01	2350.14	1518.6	60	5324	
0.4	5.4	19	465	16	3	66	155741	66	155741	0.003	0	0.003	0.003	2359.71	1422.61	60	5916	
0.4	5.4	5	466	4	3	5	300	5	300	0.0058	0.00383406	0.003	0.01	60	0	60	60	
0.4	5.4	8	467	32	3	98	141607	98	141607	0.00628571	0.00391929	0.003	0.017	1444.97	1430.81	60	6882	
0.4	5.4	47	469	9	3	161	374811	161	374811	0.00826087	0.00322979	0.003	0.017	2328.02	1913.73	60	9422	
0.4	5.4	9	472	11	3	94	222642	94	222642	0.00851064	0.0033848	0.003	0.017	2368.53	1968.42	60	9422	
0.4	5.4	8	473	7	3	158	594323	158	594323	0.003	0	0.003	0.003	3761.54	2860	45	9422	
0.4	5.4	39	475	40	3	3	710	3	710	0.00533333	0.00404145	0.003	0.01	236.667	245.504	60	517	
0.4	5.4	42	476	16	3	3	180	3	180	0.00766667	0.00404145	0.003	0.01	60	0	60	60	
0.4	5.4	37	479	23	3	500	568410	498	566124	0.00512249	0.00322076	0.003	0.01	1136.8	1092.19	19	7099	
0.4	5.4	37	480	26	3	414	319113	414	319113	0.0056884	0.00401595	0.003	0.017	770.804	726.812	60	7902	
0.4	5.4	11	481	28	3	71	191839	71	191839	0.00605634	0.00349648	0.003	0.01	2701.96	1971.62	60	9422	
0.4	5.4	18	482	15	3	240	671551	240	671551	0.00813333	0.00341651	0.003	0.017	2798.13	2273.08	57	9422	
0.4	5.4	41	484	11	3	4	240	4	240	0.0065	0.00404145	0.003	0.01	60	0	60	60	
0.4	5.4	41	485	42	3	294	203559	293	202375	0.005843	0.00411012	0.003	0.017	690.7	681.032	51	4395	
0.4	5.4	1	489	2	3	127	257561	127	257561	0.00807087	0.00391209	0.003	0.017	2028.04	1612.77	60	9422	
0.4	5.4	35	490	7	3	23	62839	23	62839	0.003	0	0.003	0.003	2732.13	1768.49	60	5916	
0.4	5.4	14	492	9	3	61	161652	61	161652	0.00678688	0.00351717	0.003	0.01	2650.03	2225.14	60	9422	
0.4	5.4	18	494	10	3	71	169357	72	172315	0.00747222	0.00338585	0.003	0.01	2393.26	1443.45	60	7099	
0.4	5.4	29	497	2	3	2	120	2	120	0.01	0	0.01	0.01	60	0	60	60	
0.4	5.4	6	498	14	3	144	174981	144	174981	0.0060625	0.00403173	0.003	0.017	1215.15	1253.6	45	9422	
0.4	5.4	56	500	9	3	50	129810	49	129218	0.00828571	0.00304138	0.003	0.01	2637.1	1748.82	60	8282	
0.4	5.4	49	502	15	3	111	532507	111	532507	0.003	0	0.003	0.003	4797.36	2527.65	45	9422	
0.4	5.4	36	503	13	3	37	107805	37	107805	0.0064054	0.00354698	0.003	0.01	2913.65	2304.33	60	9422	
0.4	5.4	49	505	7	3	59	124402	59	124402	0.00786441	0.00325077	0.003	0.01	2108.51	2081.52	60	9422	
0.4	5.4	43	506	1	3	143	532247	143	532247	0.00858042	0.00282447	0.003	0.01	3722.01	2929.71	45	9422	
0.4	5.4	13	507	20	3	82	229225	82	229225	0.00496341	0.00316401	0.003	0.01	2795.43	1843.04	60	9422	
0.4	5.4	52	508	2	3	400	490497	400	490497	0.0052925	0.00350609	0.003	0.017	1226.24	1378.73	56	9422	
0.4	5.4	14	509	11	3	125	549136	125	549136	0.003336	0.00150239	0.003	0.01	4393.09	2257.29	60	9422	
0.4	5.4	37	511	30	3	310	433120	310	433120	0.00437742	0.00278742	0.003	0.01	1397.16	1243.08	3	9422	
0.4	5.4	23	512	22	3	3	1892	3	1892	0.00766667	0.00404145	0.003	0.01	630.667	562.2	60	1184	
0.4	5.4	20	513	14	3	65	131035	65	131035	0.00784615	0.00427285	0.003	0.017	2015.92	1973.55	60	9422	
0.4	5.4	7	514	15	3	7	4855	7	4855	0.004	0.00264575	0.003	0.01	693.571	556.942	60	1383	
0.4	5.4	49	516	19	3	1	60	1	60	0.003	0	0.003	0.003	60	0	60	60	
0.4	5.4	34	518	12	3	65	84178	65	84178	0.0072	0.00345597	0.003	0.01	1295.05	1067.98	60	5324	
0.4	5.4	19	520	9	3	128	420912	128	420912	0.00726562	0.00342865	0.003	0.01	3288.38	2417.98	45	9422	
0.4	5.4	14	521	2	3	33	103066	33	103066	0.003	0	0.003	0.003	3123.21	2398.88	60	9422	
0.4	5.4	56	522	13	3	2	708	2	708	0.01	0	0.01	0.01	354	415.779	60	648	
0.4	5.4	32	523	5	3	169	724387	168	722020	0.00525	0.00327895	0.003	0.01	4297.74	2992.62	45	9422	
0.4	5.4	8	524	23	3	179	485995	179	485995	0.00624581	0.00357832	0.003	0.017	2715.06	2844.17	45	9422	
0.4	5.4	39	525	43	3	33	39789	33	39789	0.003	0	0.003	0.003	1205.73	754.755	60	2958	
0.4	5.4	10	528	4	3	3	180	3	180	0.00766667	0.00404145	0.003	0.01	60	0	60	60	
0.4	5.4	9	529	22	3	80	294186	80	294186	0.003	0	0.003	0.003	3677.33	2168.45	60	9422	
0.4	5.4	34	530	53	3	188	495186	188	495186	0.00426596	0.00270146	0.003	0.01	2633.97	2407.2	45	9422	
0.4	5.4	28	532	22	3	179	506163	179	506163	0.00671508	0.00350318	0.003	0.01	2827.73	2329.51	45	9422	
0.4	5.4	34	535	10	3	4	240	4	240	0.00475	0.0035	0.003	0.01	60	0	60	60	
0.4	5.4	25	536	16	3	34	114900	34	114900	0.003	0	0.003	0.003	3379.41	2939.72	60	9422	
0.4	5.4	16	539	7	3	143	553890	143	553890	0.00427273	0.00270935	0.003	0.01	3873.36	2605.13	45	9422	
0.4	5.4	32	541	1	3	132	552112	132	552112	0.00909848	0.00235369	0.003	0.01	4182.67	2709.79	45	9422	
0.4	5.4	8	542	6	3	2	120	2	120	0.01	0	0.01	0.01	60	0	60	60	
0.4	5.4	23	543	15	3	2	120	2	120	0.0065	0.00494975	0.003	0.01	60	0	60	60	
0.4	5.4	41	544	61	3	299	441386	299	441386	0.00454515	0.00290807	0.003	0.01	1476.21	1145.28	60	7099	
0.4	5.4	37	546	42	3	329	322954	327	320668	0.00499082	0.00320992	0.003	0.017	980.636	1389.98	7	9422	
0.4	5.4	52	548	17	3	170	140548	170	140548	0.00485294	0.00309736	0.003	0.01	826.753	938.647	3	7099	
0.4	5.4	35	550	15	3	65	247429	65	247429	0.00396923	0.0024365	0.003	0.01	3806.6	2267.01	60	9422	
0.4	5.4	24	554	5	3	177	520226	176	518451	0.00761364	0.00341068	0.003	0.017	2945.74	2058.09	28	9422	
0.4	5.4	7	555	21	3	3	1892	3	1892	0.00533333	0.00404145	0.003	0.01	630.667	562.2	60	1184	
0.4	5.4	55	556	11	3	1	60	1	60	0.01	0	0.01	0.01	60	0	60	60	
0.4	5.4	44	557	19	3	8	6038	8	6038	0.0065	0.00374166	0.003	0.01	754.75	412.64	60	1184	
0.4	5.4	37	563	27	3	301	441867	301	441867	0.00483721	0.00308492	0.003	0.01	1468	1245.98	45	9422	
0.4	5.4	49	564	16	3	89	252298	89	252298	0.003	0	0.003	0.003	2834.81	2134.07	60	9422	
0.4	5.4	41	566	44	3	71	45177	71	45177	0.0052676	0.00369926	0.003	0.017	636.296	565.555	47	2958	
0.4	5.4	39	568	41	3	114	150151	114	150151	0.00613158	0.00406912	0.003	0.017	1317.11	1153.49	60	6507	
0.4	5.4	10	569	2	3	70	255879	70	255879	0.0084	0.00296061	0.003	0.01	3655.41	2297.75	60	9422	
0.4	5.4	12	570	7	3	191	538745	191	538745	0.00717801	0.00366056	0.003	0.017	2820.65	2039.64	45	9422	
0.4	5.4	26	572	11	3	109	341627	109	341627	0.00755963	0.00335115	0.003	0.01	3134.19	2336.31	60	9422	
0.4	5.4	39	573	72	3	82	162306	82	162306	0.003	0	0.003	0.003	1979.34	1557.3	60	9422	
0.4	5.4	27	574	13	3	78	189597	78	189597	0.00470513	0.00322776	0.003	0.017	2430.73	1835.51	60	9422	
0.4	5.4	41	575	41	3	116	89086	116	89086	0.00487069	0.00337389	0.003	0.017	767.983	736.852	7	4395	
0.4	5.4	37	576	25	3	3	1300	3	1300	0.00533333	0.00404145	0.003	0.01	433.333	324.526	60	648	
0.4	5.4	24	577	3	3	113	367567	113	367567	0.00708849	0.00358956	0.003	0.017	3252.81	2658.74	45	9422	
0.4	5.4	10	578	22	3	42	135606	42	135606	0.003	0	0.003	0.003	3228.71	2783.98	60	9422	
0.4	5.4	38	579	7	3	2	120	2	120	0.0065	0.00494975	0.003	0.01	60	0	60	60	
0.4	5.4	41	580	2	3	3	180	3	180	0.00533333	0.00404145	0.003	0.01	60	0	60	60	
0.4	5.4	19	582	8	3	78	206618	78	206618	0.003	0	0.003	0.003	2648.95	1977.55	60	9422	
0.4	5.4	2	583	24	3	1	60	1	60	0.01	0	0.01	0.01	60	0	60	60	
0.4	5.4	3	584	12	3	104	421580	104	421580	0.00959615	0.00164003	0.003	0.01	4053.65	2515.29	45	9422	
0.4	5.4	55	586	17	3	169	187408	169	187408	0.00469822	0.00300952	0.003	0.01	1108.92	1106.24	16	9045	
0.4	5.4	13	587	7	3	90	232665	90	232665	0.00813333	0.00328497	0.003	0.017	2585.17	2037.82	60	9422	
0.4	5.4	28	589	2	3	107	330456	107	330456	0.00457009	0.00293358	0.003	0.01	3088.37	2566.65	45	9422	
0.4	5.4	3	590	3	3	82	282327	82	282327	0.00556097	0.00339243	0.003	0.01	3443.01	2138.23	45	9422	
0.4	5.4	52	591	77	3	2	120	2	120	0.0065	0.00494975	0.003	0.01	60	0	60	60	
0.4	5.4	46	592	19	3	106	265451	105	264859	0.00773333	0.00356604	0.003	0.017	2522.47	2003.51	36	9422	
0.4	5.4	12	593	19	3	116	295532	116	295532	0.0070431	0.00347261	0.003	0.01	2547.69	1995.49	60	9422	
0.4	5.4	37	594	63	3	1	60	1	60	0.01	0	0.01	0.01	60	0	60	60	
0.4	5.4	10	595	14	3	16	46859	16	46859	0.0065	0.00361478	0.003	0.01	2928.69	3147.99	60	9422	
0.4	5.4	24	596	2	3	3	180	3	180	0.01	0	0.01	0.01	60	0	60	60	
0.4	5.4	35	597	10	3	24	48049	24	48049	0.007375	0.00346175	0.003	0.01	2002.04	1493.69	60	7099	
0.4	5.4	16	598	5	3	70	226129	70	226129	0.0075	0.00337832	0.003	0.01	3230.41	2036.32	60	7690	
0.4	5.4	11	599	25	3	17	61648	17	61648	0.00794118	0.00328768	0.003	0.01	3626.35	2330.26	60	8873	
0.4	5.4	10	600	18	3	18	48694	18	48694	0.0065	0.00360147	0.003	0.01	2705.22	3068.9	60	9422	
0.4	5.4	34	601	34	3	185	313387	185	313387	0.00629189	0.00393302	0.003	0.017	1693.98	1724.24	31	9422	
0.4	5.4	55	602	36	3	215	502043	215	502043	0.0050186	0.00317844	0.003	0.01	2335.08	2310.28	45	9422	
0.4	5.4	2	603	6	3	116	203152	116	203152	0.00589655	0.00346254	0.003	0.01	1751.31	1367.68	60	5861	
0.4	5.4	39	604	21	3	1	60	1	60	0.003	0	0.003	0.003	60	0	60	60	
0.4	5.4	26	607	5	3	80	226749	79	226157	0.00778481	0.00327645	0.003	0.01	2862.75	2396.95	60	9422	
0.4	5.4	11	608	1	3	67	187810	66	181894	0.00692424	0.00350082	0.003	0.01	2755.97	2641.39	60	9422	
0.4	5.4	35	609	9	3	42	137988	42	137988	0.00633333	0.00353841	0.003	0.01	3285.43	2442.54	57	9422	
0.4	5.4	41	611	12	3	244	212953	244	212953	0.00497951	0.00315896	0.003	0.01	872.758	609.611	4	4141	
0.4	5.4	23	613	10	3	2	120	2	120	0.01	0	0.01	0.01	60	0	60	60	
0.4	5.4	55	614	20	3	221	169193	221	169193	0.0048371	0.00315806	0.003	0.017	765.579	780.382	23	5324	
0.4	5.4	51	615	1	3	189	596786	189	596786	0.00725926	0.00350098	0.003	0.017	3157.6	2041.22	45	9422	
0.4	5.4	39	617	48	3	7	5506	7	5506	0.003	0	0.003	0.003	786.571	572.306	60	1775	
0.4	5.4	45	618	4	3	77	226861	77	226861	0.00781818	0.00326354	0.003	0.01	2946.25	2120.39	36	9422	
0.4	5.4	1	619	13	3	1	60	1	60	0.01	0	0.01	0.01	60	0	60	60	
0.4	5.4	6	621	2	3	229	366742	229	366742	0.00642358	0.00402073	0.003	0.017	1601.49	1391.3	60	7690	
0.4	5.4	26	622	3	3	26	43317	26	43317	0.00757692	0.00339615	0.003	0.01	1666.04	893.993	60	3550	
0.4	5.4	35	625	12	3	147	548585	147	548585	0.00614286	0.00349363	0.003	0.01	3731.87	2494.82	57	9422	
0.4	5.4	56	628	4	3	47	117397	47	117397	0.0083617	0.00299583	0.003	0.01	2497.81	2307	60	9422	
0.4	5.4	30	629	22	3	100	318439	100	318439	0.00678	0.00350636	0.003	0.01	3184.39	2463	45	9422	
0.4	5.4	42	632	14	3	155	158823	155	158823	0.00507742	0.0034931	0.003	0.017	1024.66	943.98	60	8282	
0.4	5.4	34	633	49	3	189	477925	188	476741	0.00422872	0.00267006	0.003	0.01	2535.86	1789.9	48	9422	
0.4	5.4	44	635	22	3	176	681240	176	681240	0.00550568	0.00336537	0.003	0.01	3870.68	2317.54	45	9422	
0.4	5.4	39	637	13	3	3	180	3	180	0.00533333	0.00404145	0.003	0.01	60	0	60	60	
0.4	5.4	47	640	6	3	137	497846	137	497846	0.003	0	0.003	0.003	3633.91	2535.42	45	9422	
0.4	5.4	49	641	2	3	52	119197	51	111489	0.00917647	0.00360946	0.003	0.017	2186.06	1617.1	60	8282	
0.4	5.4	21	643	4	3	195	422218	195	422218	0.00558461	0.00338687	0.003	0.01	2165.22	1894.72	46	9422	
0.4	5.4	51	645	14	3	87	175406	87	175406	0.00847126	0.00327726	0.003	0.017	2016.16	1849.47	60	9422	
0.4	5.4	52	646	15	3	2	120	2	120	0.003	0	0.003	0.003	60	0	60	60	
0.4	5.4	16	649	8	3	5	5442	5	5442	0.0044	0.0031305	0.003	0.01	1088.4	742.216	60	1775	
0.4	5.4	19	652	25	3	10	31474	8	21415	0.009125	0.00247487	0.003	0.01	2676.88	2453.7	60	7099	
0.4	5.4	4	653	8	3	97	202034	97	202034	0.00819588	0.00354036	0.003	0.017	2082.82	2102.02	45	9422	
0.4	5.4	19	655	6	3	187	691326	187	691326	0.00678075	0.00349809	0.003	0.01	3696.93	2885.8	25	9422	
0.4	5.4	42	656	9	3	3	180	3	180	0.00533333	0.00404145	0.003	0.01	60	0	60	60	
0.4	5.4	53	657	7	3	93	277745	93	277745	0.00774193	0.00328998	0.003	0.01	2986.51	2339.71	60	9422	
0.4	5.4	39	658	65	3	1	592	1	592	0.01	0	0.01	0.01	592	0	592	592	
0.4	5.4	48	659	19	3	111	371711	111	371711	0.00842342	0.0030853	0.003	0.017	3348.75	2103.99	60	9422	
0.4	5.4	37	660	6	3	1	60	1	60	0.003	0	0.003	0.003	60	0	60	60	
0.4	5.4	29	661	11	3	10	25557	10	25557	0.01	0	0.01	0.01	2555.7	2035.98	60	5916	
0.4	5.4	22	663	15	3	1	60	1	60	0.01	0	0.01	0.01	60	0	60	60	
0.4	5.4	14	665	4	3	71	273684	71	273684	0.0088169	0.00264202	0.003	0.01	3854.7	2917.98	45	9422	
0.4	5.4	27	667	12	3	2	120	2	120	0.0065	0.00494975	0.003	0.01	60	0	60	60	
0.4	5.4	9	668	12	3	116	416176	116	416176	0.0052931	0.00329958	0.003	0.01	3587.72	2622.82	45	9422	
0.4	5.4	57	669	6	3	45	113145	45	113145	0.00735555	0.00343217	0.003	0.01	2514.33	2046.32	60	9422	
0.4	5.4	27	670	18	3	48	107817	48	107817	0.00810417	0.0037487	0.003	0.017	2246.19	2035.84	45	9422	
0.4	5.4	33	671	6	3	24	68747	24	68747	0.00679167	0.00356284	0.003	0.01	2864.46	1716.39	60	5916	
0.4	5.4	20	673	7	3	92	227480	92	227480	0.00840217	0.0036103	0.003	0.017	2472.61	1803.29	60	7099	
0.4	5.4	50	674	7	3	24	75376	23	70052	0.00786956	0.0032933	0.003	0.01	3045.74	2754.31	60	9422	
0.4	5.4	4	675	2	3	2	120	2	120	0.01	0	0.01	0.01	60	0	60	60	
0.4	5.4	39	676	68	3	4	1360	4	1360	0.00825	0.00670199	0.003	0.017	340	324.123	60	648	
0.4	5.4	13	678	3	3	81	304220	81	304220	0.0034321	0.00169513	0.003	0.01	3755.8	2458.47	45	9422	
0.4	5.4	30	679	19	3	164	594281	164	594281	0.00410976	0.00256453	0.003	0.01	3623.66	2484.69	45	9422	
0.4	5.4	31	680	15	3	183	534576	184	536943	0.00707065	0.00346259	0.003	0.01	2918.17	2670.27	45	9422	
0.4	5.4	36	681	2	3	76	295466	76	295466	0.00410526	0.00256946	0.003	0.01	3887.71	2788.44	45	9422	
0.4	5.4	52	682	46	3	283	215276	283	215276	0.005053	0.0032465	0.003	0.017	760.693	948.638	46	8873	
0.4	5.4	4	684	10	3	55	142129	55	142129	0.00681818	0.00351763	0.003	0.01	2584.16	1574.43	60	5861	
0.4	5.4	53	685	11	3	16	48040	16	48040	0.00825	0.0031305	0.003	0.01	3002.5	2253.3	60	8873	
0.4	5.4	52	686	10	3	90	71849	90	71849	0.00432222	0.00275529	0.003	0.01	798.322	523.412	60	2262	
0.4	5.4	28	688	24	3	130	516144	130	516144	0.00553077	0.00337613	0.003	0.01	3970.34	2773.51	45	9422	
0.4	5.4	11	689	14	3	87	327897	87	327897	0.003	0	0.003	0.003	3768.93	2181.04	45	9422	
0.4	5.4	35	690	19	3	141	345105	141	345105	0.00920567	0.0025228	0.003	0.017	2447.55	1546.83	26	9422	
0.4	5.4	41	693	35	3	2	120	2	120	0.003	0	0.003	0.003	60	0	60	60	
0.4	5.4	12	694	14	3	124	373007	125	375546	0.006248	0.00350496	0.003	0.01	3004.37	1988.93	60	9422	
0.4	5.4	19	696	12	3	14	34431	14	34431	0.0075	0.00348072	0.003	0.01	2459.36	2367.79	60	7099	
0.4	5.4	52	697	7	3	18	11381	18	11381	0.00688889	0.00430989	0.003	0.017	632.278	549.373	60	1775	
0.4	5.4	24	698	13	3	155	603600	154	601233	0.00513636	0.00323395	0.003	0.01	3904.11	2666.87	45	9422	
0.4	5.4	38	700	23	3	4	3667	3	1892	0.01	0	0.01	0.01	630.667	562.2	60	1184	
0.4	5.4	40	702	7	3	38	50431	38	50431	0.00705263	0.00350249	0.003	0.01	1327.13	758.866	60	3550	
0.4	5.4	46	704	16	3	112	364232	112	364232	0.0034375	0.00170205	0.003	0.01	3252.07	2572.99	45	9422	
0.4	5.4	35	706	8	3	47	128039	47	128039	0.00791489	0.00323587	0.003	0.01	2724.23	2631.51	60	9422	
0.4	5.4	37	708	7	3	209	273784	210	275857	0.00413333	0.00292512	0.003	0.017	1313.6	1169.9	11	9422	
0.4	5.4	30	710	7	3	7	8994	7	8994	0.005	0.00341565	0.003	0.01	1284.86	1065.82	60	3179	
0.4	5.4	52	711	47	3	2	708	2	708	0.01	0	0.01	0.01	354	415.779	60	648	
0.4	5.4	52	714	82	3	258	172677	258	172677	0.00568605	0.0038813	0.003	0.017	669.291	835.974	15	8282	
0.4	5.4	33	715	8	3	76	220818	76	220818	0.0030921	0.000802955	0.003	0.01	2905.5	2979.32	45	9422	
0.4	5.4	52	716	86	3	105	90382	105	90382	0.00593333	0.0040933	0.003	0.017	860.781	824.711	6	4107	
0.4	5.4	31	717	5	3	36	123184	36	123184	0.003	0	0.003	0.003	3421.78	2886.38	45	9422	
0.4	5.4	56	719	10	3	5	2544	4	1952	0.01	0	0.01	0.01	488	540.489	60	1184	
0.4	5.4	52	721	23	3	210	187464	210	187464	0.00506667	0.00320068	0.003	0.01	892.686	573.46	49	2961	
0.4	5.4	56	722	6	3	42	92542	42	92542	0.00966667	0.00150878	0.003	0.01	2203.38	2284.43	45	9422	
0.4	5.4	1	723	12	3	4	3667	4	3667	0.003	0	0.003	0.003	916.75	733.545	60	1775	
0.4	5.4	33	727	9	3	55	129819	55	129819	0.003	0	0.003	0.003	2360.35	1520.95	60	5324	
0.4	5.4	53	728	3	3	89	259864	89	259864	0.00779775	0.00326893	0.003	0.01	2919.82	2315.38	36	9422	
0.4	5.4	15	730	2	3	87	313112	87	313112	0.00814942	0.00310487	0.003	0.01	3598.99	2342.12	42	9422	
0.4	5.4	10	732	12	3	2	120	2	120	0.003	0	0.003	0.003	60	0	60	60	
0.4	5.4	17	736	12	3	13	35027	13	35027	0.00461538	0.0030697	0.003	0.01	2694.38	2241.76	60	7099	
0.4	5.4	29	737	6	3	2	120	2	120	0.0065	0.00494975	0.003	0.01	60	0	60	60	
0.4	5.4	52	738	30	3	96	127569	96	127569	0.0043125	0.00274653	0.003	0.01	1328.84	1253.42	45	6624	
0.4	5.4	48	739	23	3	48	115618	48	115618	0.00752083	0.00338325	0.003	0.01	2408.71	2266.19	60	9422	
0.4	5.4	52	740	58	3	239	180280	239	180280	0.00537238	0.00344211	0.003	0.017	754.31	667.038	41	5324	
0.4	5.4	12	741	21	3	147	296915	147	296915	0.00771428	0.00394309	0.003	0.024	2019.83	2003.78	6	9422	
0.4	5.4	54	744	5	3	106	383732	106	383732	0.00867924	0.00275179	0.003	0.01	3620.11	2535.42	60	9422	
0.4	5.4	14	745	10	3	6	8992	6	8992	0.00766667	0.00361478	0.003	0.01	1498.67	1204.42	60	3550	
0.4	5.4	51	746	9	3	133	273180	133	273180	0.00789474	0.00355106	0.003	0.017	2053.98	1697.57	29	9422	
0.4	5.4	46	747	6	3	1	60	1	60	0.01	0	0.01	0.01	60	0	60	60	
0.4	5.4	7	749	17	3	29	74677	29	74677	0.00613793	0.00354284	0.003	0.01	2575.07	2181.63	60	9422	
0.4	5.4	33	750	5	3	129	451541	129	451541	0.00397674	0.00243498	0.003	0.01	3500.32	2716.49	45	9422	
0.4	5.4	4	751	29	3	15	33254	15	33254	0.003	0	0.003	0.003	2216.93	1276.2	60	4395	
0.4	5.4	46	752	7	3	180	491607	180	491607	0.00622778	0.00379919	0.003	0.017	2731.15	2254.41	57	9422	
0.4	5.4	46	753	13	3	49	111473	49	111473	0.00828571	0.00304138	0.003	0.01	2274.96	1484.62	60	5916	
0.4	5.4	40	754	24	3	43	85456	43	85456	0.00625581	0.00353279	0.003	0.01	1987.35	1537.14	60	9422	
0.4	5.4	8	756	34	3	175	363523	175	363523	0.00716	0.00383385	0.003	0.017	2077.27	1773.25	45	9422	
0.4	5.4	48	757	9	3	34	124418	34	124418	0.00320588	0.00120049	0.003	0.01	3659.35	2137.9	60	9422	
0.4	5.4	9	758	14	3	145	545031	145	545031	0.00507586	0.00320824	0.003	0.01	3758.83	2227.02	60	9422	
0.4	5.4	20	759	16	3	57	93054	57	93054	0.00705263	0.00348682	0.003	0.01	1632.53	1986.09	60	9422	
0.4	5.4	41	762	49	3	1	60	1	60	0.017	0	0.017	0.017	60	0	60	60	
0.4	5.4	35	763	13	3	54	107827	54	107827	0.00818518	0.0030964	0.003	0.01	1996.8	1278.02	60	5324	
0.4	5.4	37	764	65	3	261	253284	261	253284	0.00501149	0.00317379	0.003	0.01	970.437	890.641	18	9422	
0.4	5.4	8	765	33	3	142	197379	142	197379	0.00738732	0.00421892	0.003	0.017	1389.99	1364.57	60	9422	
0.4	5.4	41	766	60	3	63	71789	63	71789	0.00488889	0.0031321	0.003	0.01	1139.51	1217.98	10	5861	
0.4	5.4	37	767	5	3	208	252380	209	253145	0.00504306	0.00318999	0.003	0.01	1211.22	1098.72	60	9422	
0.4	5.4	4	768	19	3	236	384901	233	377298	0.00702575	0.00438249	0.003	0.024	1619.3	1409.26	4	9422	
0.4	5.4	23	770	21	3	62	145078	62	145078	0.00559677	0.00340905	0.003	0.01	2339.97	1959.67	60	9422	
0.4	5.4	42	773	2	3	3	180	3	180	0.00533333	0.00404145	0.003	0.01	60	0	60	60	
0.4	5.4	39	774	25	3	2	120	2	120	0.01	0	0.01	0.01	60	0	60	60	
0.4	5.4	27	776	4	3	57	165803	57	165803	0.00668421	0.00352622	0.003	0.01	2908.82	2125.45	60	7690	
0.4	5.4	54	777	8	3	80	190651	80	190651	0.0083375	0.00299765	0.003	0.01	2383.14	2249.44	45	9422	
0.4	5.4	49	778	6	3	16	30297	16	30297	0.00825	0.0031305	0.003	0.01	1893.56	1418.5	60	5324	
0.4	5.4	12	780	8	3	187	397849	187	397849	0.00719251	0.00400609	0.003	0.017	2127.53	1799.42	60	9422	
0.4	5.4	14	781	1	3	130	481120	130	481120	0.00849231	0.00288875	0.003	0.01	3700.92	2363.88	60	9422	
0.4	5.4	52	782	50	3	171	231089	171	231089	0.004269	0.00270471	0.003	0.01	1351.4	1486.59	20	9422	
0.4	5.4	41	783	51	3	47	64072	47	64072	0.00523404	0.00329831	0.003	0.01	1363.23	1710.89	31	9422	
0.4	5.4	7	784	8	3	77	208401	77	208401	0.00545454	0.00336212	0.003	0.01	2706.51	2073.68	60	8873	
0.4	5.4	49	785	13	3	121	519571	121	519571	0.0031157	0.000896196	0.003	0.01	4293.98	2606.76	45	9422	
0.4	5.4	16	786	14	3	118	434510	118	434510	0.00768644	0.00330682	0.003	0.01	3682.29	2968.19	36	9422	
0.4	5.4	21	788	9	3	55	109614	55	109614	0.003	0	0.003	0.003	1992.98	1249.11	60	4395	
0.4	5.4	57	789	11	3	113	507617	113	507617	0.00671681	0.00350884	0.003	0.01	4492.19	2971.89	45	9422	
0.4	5.4	5	790	20	3	29	32101	29	32101	0.00541379	0.00338608	0.003	0.01	1106.93	672.688	60	3062	
0.4	5.4	47	793	17	3	141	633862	141	633862	0.003	0	0.003	0.003	4495.48	2636.92	45	9422	
0.4	5.4	12	794	22	3	220	519358	220	519358	0.00783636	0.0035074	0.003	0.017	2360.72	1717.9	36	9422	
0.4	5.4	28	795	4	3	5	300	5	300	0.0044	0.0031305	0.003	0.01	60	0	60	60	
0.4	5.4	31	796	10	3	32	82366	32	82366	0.00825	0.00307959	0.003	0.01	2573.94	2467.99	60	9422	
0.4	5.4	45	797	12	3	120	443382	120	443382	0.00393333	0.00238952	0.003	0.01	3694.85	2725.64	45	9422	
0.4	5.4	4	798	24	3	153	331553	154	334735	0.00613636	0.00367124	0.003	0.017	2173.6	1719.54	60	9422	
0.4	5.4	5	799	8	3	209	424556	209	424556	0.00755502	0.00427291	0.003	0.024	2031.37	1870.41	45	9422	
0.4	5.4	41	803	18	3	209	273580	209	273580	0.00571292	0.00348677	0.003	0.017	1309	1510.77	22	9422	
0.4	5.4	14	805	8	3	136	515447	136	515447	0.00711765	0.00345781	0.003	0.01	3790.05	2396.37	45	9422	
0.4	5.4	44	806	5	3	144	533333	144	533333	0.007375	0.00340069	0.003	0.01	3703.7	2298.34	60	9422	
0.4	5.4	37	808	69	3	193	196753	192	196380	0.00511458	0.00322253	0.003	0.01	1022.81	649.968	60	4395	
0.4	5.4	7	809	1	3	168	325626	168	325626	0.00766667	0.00380461	0.003	0.017	1938.25	1851.97	13	9422	
0.4	5.4	38	811	6	3	108	230318	107	228543	0.00757944	0.00361088	0.003	0.017	2135.92	2342.46	45	9422	
0.4	5.4	43	813	11	3	92	286498	92	286498	0.00901087	0.00245171	0.003	0.01	3114.11	1946.48	36	9422	
0.4	5.4	27	816	19	3	203	842863	204	843511	0.00358333	0.00193946	0.003	0.01	4134.86	2832.77	45	9422	
0.4	5.4	45	817	9	3	124	458870	124	458870	0.00802419	0.00316347	0.003	0.01	3700.56	2644.79	45	9422	
0.4	5.4	55	819	28	3	362	264959	362	264959	0.00574586	0.00390419	0.003	0.017	731.931	957.27	14	9422	
0.4	5.4	41	820	6	3	360	338434	360	338434	0.00529444	0.0032904	0.003	0.01	940.094	835.927	32	7690	
0.4	5.4	4	821	20	3	3	180	3	180	0.00533333	0.00404145	0.003	0.01	60	0	60	60	
0.4	5.4	8	822	25	3	97	175912	97	175912	0.00386598	0.00231674	0.003	0.01	1813.53	1141.99	60	4733	
0.4	5.4	9	823	15	3	25	39289	25	39289	0.003	0	0.003	0.003	1571.56	931.718	60	3550	
0.4	5.4	19	824	14	3	1	60	1	60	0.003	0	0.003	0.003	60	0	60	60	
0.4	5.4	51	825	5	3	98	206997	97	203175	0.00761856	0.00348342	0.003	0.017	2094.59	1750.2	60	9422	
0.4	5.4	50	826	10	3	141	513807	141	513807	0.00751773	0.0033607	0.003	0.01	3644.02	2172.57	36	9422	
0.4	5.4	25	828	11	3	130	473556	131	473896	0.00834351	0.00298656	0.003	0.01	3617.53	2494.82	45	9422	
0.4	5.4	25	830	6	3	11	11954	11	11954	0.00618182	0.00365563	0.003	0.01	1086.73	499.561	60	1775	
0.4	5.4	55	831	21	3	236	184612	236	184612	0.00433474	0.00275569	0.003	0.01	782.254	616.035	14	3542	
0.4	5.4	44	834	9	3	77	167103	77	167103	0.003	0	0.003	0.003	2170.17	2393.65	45	9422	
0.4	5.4	2	835	4	3	258	571916	259	574874	0.0072973	0.00363025	0.003	0.017	2219.59	1876.09	35	9422	
0.4	5.4	52	836	75	3	283	346152	283	346152	0.00361837	0.00199003	0.003	0.01	1223.15	1114.57	13	9422	
0.4	5.4	29	837	7	3	72	295334	72	295334	0.00679167	0.0035123	0.003	0.01	4101.86	2384.56	60	9422	
0.4	5.4	55	838	31	3	78	58814	78	58814	0.00658974	0.00433181	0.003	0.017	754.026	1163.46	19	9422	
0.4	5.4	39	840	8	3	5	300	5	300	0.0072	0.00383406	0.003	0.01	60	0	60	60	
0.4	5.4	38	842	19	3	53	155839	53	155839	0.00709434	0.00348218	0.003	0.01	2940.36	2215.13	60	9422	
0.4	5.4	55	843	32	3	324	254574	324	254574	0.00505247	0.00379918	0.003	0.017	785.722	848.071	24	5324	
0.4	5.4	42	844	8	3	2	120	2	120	0.01	0.00989949	0.003	0.017	60	0	60	60	
0.4	5.4	31	847	16	3	116	429087	115	426720	0.00793043	0.00320833	0.003	0.01	3710.61	2421.26	45	9422	
0.4	5.4	36	848	1	3	15	46859	15	46859	0.0044	0.00289828	0.003	0.01	3123.93	2022.35	60	7289	
0.4	5.4	21	849	14	3	101	171779	101	171779	0.00681188	0.00350346	0.003	0.01	1700.78	1670.57	56	9422	
0.4	5.4	54	851	3	3	2	708	2	708	0.003	0	0.003	0.003	354	415.779	60	648	
0.4	5.4	30	852	15	3	5	5442	5	5442	0.0086	0.0031305	0.003	0.01	1088.4	742.216	60	1775	
0.4	5.4	31	853	3	3	89	211483	89	211483	0.00764045	0.00349105	0.003	0.017	2376.21	1962.5	60	9422	
0.4	5.4	21	856	15	3	71	99680	71	99680	0.00595775	0.00348235	0.003	0.01	1403.94	870.679	60	4141	
0.4	5.4	24	858	6	3	172	576653	172	576653	0.00617442	0.003495	0.003	0.01	3352.63	2374.25	45	9422	
0.4	5.4	7	859	26	3	94	168209	94	168209	0.00709574	0.00346742	0.003	0.01	1789.46	1690.95	42	9422	
0.4	5.4	51	860	6	3	71	181185	71	181185	0.00723944	0.00344535	0.003	0.01	2551.9	2055.69	60	9422	
0.4	5.4	1	862	3	3	172	485319	172	485319	0.00808721	0.00339219	0.003	0.017	2821.62	2184.92	60	9422	
0.4	5.4	41	864	1	3	3	180	3	180	0.00766667	0.00404145	0.003	0.01	60	0	60	60	
0.4	5.4	37	865	1	3	450	620385	450	620385	0.0044	0.00323676	0.003	0.017	1378.63	1096	60	9422	
0.4	5.4	34	866	46	3	72	82426	67	76507	0.00529851	0.00331212	0.003	0.01	1141.9	812.48	60	4107	
0.4	5.4	13	867	17	3	2	708	2	708	0.0065	0.00494975	0.003	0.01	354	415.779	60	648	
0.4	5.4	8	868	12	3	99	220854	100	226178	0.00461	0.00342568	0.003	0.017	2261.78	1856.74	60	9422	
0.4	5.4	7	869	5	3	103	259002	104	259062	0.00683654	0.00350065	0.003	0.01	2490.98	2263.32	36	9422	
0.4	5.4	15	870	7	3	133	491301	133	491301	0.0088421	0.00261071	0.003	0.01	3693.99	2514.56	60	9422	
0.4	5.4	35	871	5	3	58	140371	58	140371	0.0077069	0.00331402	0.003	0.01	2420.19	1843.62	60	9422	
0.4	5.4	40	874	18	3	124	329846	124	329846	0.00565322	0.0034098	0.003	0.01	2660.05	2475.24	44	9422	
0.4	5.4	11	875	8	3	166	422826	166	422826	0.00675301	0.00366711	0.003	0.017	2547.14	2041.93	36	9422	
0.4	5.4	23	879	23	3	101	292451	101	292451	0.00632673	0.00378182	0.003	0.017	2895.55	1985.64	60	9422	
0.4	5.4	24	880	4	3	48	146267	48	146267	0.00402083	0.00249672	0.003	0.01	3047.23	2243.01	60	9422	
0.4	5.4	38	881	5	3	182	580697	182	580697	0.00480769	0.00307212	0.003	0.01	3190.64	1964.48	57	9422	
0.4	5.4	51	882	7	3	40	56944	40	56944	0.008075	0.00448008	0.003	0.017	1423.6	1048.52	38	4395	
0.4	5.4	53	883	4	3	122	474023	122	474023	0.003	0	0.003	0.003	3885.43	2102.82	60	9422	
0.4	5.4	46	884	17	3	43	84154	43	84154	0.00837209	0.00399418	0.003	0.017	1957.07	2251.03	60	9422	
0.4	5.4	15	885	16	3	99	406687	99	406687	0.00349495	0.00180348	0.003	0.01	4107.95	3068.06	45	9422	
0.4	5.4	19	886	13	3	4	2484	4	2484	0.00825	0.0035	0.003	0.01	621	459.442	60	1184	
0.4	5.4	17	887	4	3	45	149819	45	149819	0.00751111	0.00338863	0.003	0.01	3329.31	2034.99	60	9422	
0.4	5.4	6	888	10	3	5	300	5	300	0.0086	0.00585662	0.003	0.017	60	0	60	60	
0.4	5.4	45	891	14	3	117	403166	117	403166	0.00551282	0.00337234	0.003	0.01	3445.86	2673.03	45	9422	
0.4	5.4	28	892	25	3	78	214912	77	213137	0.00681818	0.00368756	0.003	0.017	2768.01	2209.02	60	9422	
0.4	5.4	17	893	16	3	170	620300	170	620300	0.00752941	0.00335507	0.003	0.01	3648.82	2330.6	60	9422	
0.4	5.4	34	894	47	3	44	63581	43	62989	0.00593023	0.00349418	0.003	0.01	1464.86	968.749	60	4141	
0.4	5.4	55	895	27	3	315	338491	315	338491	0.00488889	0.00335344	0.003	0.017	1074.57	1362.83	18	9422	
0.4	5.4	49	896	8	3	22	49822	22	49822	0.00745454	0.00344656	0.003	0.01	2264.64	1598.16	60	5324	
0.4	5.4	17	897	14	3	69	222063	69	222063	0.00847826	0.00290845	0.003	0.01	3218.3	2695.77	57	9422	
0.4	5.4	55	898	46	3	59	55200	59	55200	0.00572881	0.00344329	0.003	0.01	935.593	532.494	60	1980	
0.4	5.4	39	905	46	3	153	377217	153	377217	0.00460131	0.00294989	0.003	0.01	2465.47	2512.47	37	9422	
0.4	5.4	35	908	1	3	2	120	2	120	0.0065	0.00494975	0.003	0.01	60	0	60	60	
0.4	5.4	41	910	13	3	2	120	2	120	0.01	0	0.01	0.01	60	0	60	60	
0.4	5.4	20	912	13	3	37	105555	37	105555	0.00432432	0.00277943	0.003	0.01	2852.84	2297.89	60	8873	
0.4	5.4	45	915	7	3	5	4851	5	4851	0.0072	0.00383406	0.003	0.01	970.2	646.413	60	1775	
0.4	5.4	21	916	28	3	2	708	2	708	0.0065	0.00494975	0.003	0.01	354	415.779	60	648	
0.4	5.4	15	917	5	3	45	127918	45	127918	0.00797778	0.00320857	0.003	0.01	2842.62	2442.09	60	9422	
0.4	5.4	28	920	7	3	84	316650	84	316650	0.00666667	0.00351703	0.003	0.01	3769.64	2881.45	45	9422	
0.4	5.4	52	921	51	3	4	2484	4	2484	0.0065	0.00404145	0.003	0.01	621	459.442	60	1184	
0.4	5.4	4	922	23	3	28	64616	28	64616	0.003	0	0.003	0.003	2307.71	1503.54	60	5324	
0.4	5.4	41	923	50	3	349	384537	349	384537	0.00516619	0.00336836	0.003	0.017	1101.83	773.207	7	5664	
0.4	5.4	14	925	3	3	28	85318	28	85318	0.003	0	0.003	0.003	3047.07	2827.8	60	9422	
0.4	5.4	27	928	10	3	76	202597	76	202597	0.003	0	0.003	0.003	2665.75	1840.03	60	8873	
0.4	5.4	37	930	13	3	2	120	2	120	0.0065	0.00494975	0.003	0.01	60	0	60	60	
0.4	5.4	15	931	1	3	15	14863	15	14863	0.0058	0.00354965	0.003	0.01	990.867	553.147	60	1775	
0.4	5.4	52	932	63	3	391	343352	391	343352	0.00498721	0.00335312	0.003	0.017	878.138	1118.87	58	9422	
0.4	5.4	18	934	14	3	147	515109	147	515109	0.00752381	0.00335835	0.003	0.01	3504.14	2571.43	57	9422	
0.4	5.4	19	936	11	3	37	101297	37	101297	0.0082973	0.00304471	0.003	0.01	2737.76	2625.08	60	9422	
0.4	5.4	11	937	29	3	150	565924	150	565924	0.00402667	0.00248471	0.003	0.01	3772.83	2759.48	45	9422	
0.4	5.4	34	938	52	3	129	346822	128	345343	0.00644531	0.00351332	0.003	0.01	2697.99	2420.58	56	9422	
0.4	5.4	43	947	6	3	27	83540	27	83540	0.00766667	0.00336269	0.003	0.01	3094.07	1918.21	60	8873	
0.4	5.4	37	948	64	3	180	159507	180	159507	0.00451667	0.00298502	0.003	0.017	886.15	849.73	37	4395	
0.4	5.4	37	952	76	3	264	212351	262	211165	0.00508397	0.00332191	0.003	0.017	805.973	746.972	36	9422	
0.4	5.4	41	953	22	3	163	179614	162	179022	0.0047716	0.00315101	0.003	0.017	1105.07	1155.66	60	8120	
0.4	5.4	12	955	5	3	158	605990	159	613089	0.00630189	0.00350543	0.003	0.01	3855.91	2510.52	36	9422	
0.4	5.4	33	958	11	3	8	15500	8	15500	0.009125	0.00247487	0.003	0.01	1937.5	1709	60	5324	
0.4	5.4	34	959	14	3	102	99603	102	99603	0.00567647	0.00382064	0.003	0.017	976.5	598.891	60	3550	
0.4	5.4	18	962	12	3	79	255128	80	258678	0.0072875	0.00343177	0.003	0.01	3233.48	2256.42	60	9422	
0.4	5.4	5	963	21	3	219	447073	218	446481	0.00807339	0.00366502	0.003	0.017	2048.08	1526.07	18	7099	
0.4	5.4	46	965	9	3	134	452172	134	452172	0.00676119	0.00350334	0.003	0.01	3374.42	2449.25	45	9422	
0.4	5.4	34	966	15	3	1	60	1	60	0.01	0	0.01	0.01	60	0	60	60	
0.4	5.4	57	967	9	3	10	21420	10	21420	0.01	0	0.01	0.01	2142	1551.72	60	4395	
0.4	5.4	23	968	19	3	69	123353	69	123353	0.00736232	0.00362171	0.003	0.017	1787.72	1263.7	60	5324	
0.4	5.4	21	970	31	3	164	200895	164	200895	0.00701219	0.00465627	0.003	0.024	1224.97	1071.78	45	5861	
0.4	5.4	41	971	45	3	6	1956	6	1956	0.00533333	0.00361478	0.003	0.01	326	264.752	60	775	
0.4	5.4	5	974	7	3	126	381915	126	381915	0.003	0	0.003	0.003	3031.07	2184.66	45	9422	
0.4	5.4	39	975	73	3	68	81836	68	81836	0.00722059	0.00470581	0.003	0.017	1203.47	914.075	13	4395	
0.4	5.4	55	977	14	3	1	60	1	60	0.003	0	0.003	0.003	60	0	60	60	
0.4	5.4	36	978	7	3	144	603167	144	603167	0.00863889	0.00278008	0.003	0.01	4188.66	2776.59	45	9422	
0.4	5.4	1	979	18	3	226	761842	226	761842	0.00838938	0.00302562	0.003	0.017	3370.98	2617.8	45	9422	
0.4	5.4	39	981	58	3	261	445567	261	445567	0.00487739	0.00381499	0.003	0.017	1707.15	1386.54	60	9422	
0.4	5.4	22	983	14	3	75	291309	75	291309	0.003	0	0.003	0.003	3884.12	2034.44	60	9422	
0.4	5.4	5	984	6	3	137	456539	137	456539	0.0049416	0.00314541	0.003	0.01	3332.4	2529.45	45	9422	
0.4	5.4	37	985	15	3	386	392821	386	392821	0.00506736	0.0031975	0.003	0.01	1017.67	820.962	17	7708	
0.4	5.4	9	986	13	3	202	554600	202	554600	0.00774752	0.00376295	0.003	0.017	2745.54	2162.07	60	9422	
0.4	5.4	41	987	43	3	420	434509	420	434509	0.0055	0.003461	0.003	0.017	1034.55	1024.01	26	9422	
0.4	5.4	52	989	84	3	222	159119	222	159119	0.00514414	0.00330185	0.003	0.017	716.752	606.647	11	4395	
0.4	5.4	32	990	7	3	80	259979	80	259979	0.0079	0.00322804	0.003	0.01	3249.74	2242.28	28	9422	
0.4	5.4	37	991	48	3	30	24355	30	24355	0.00463333	0.00301128	0.003	0.01	811.833	586.893	57	2958	
0.4	5.4	53	993	14	3	56	128517	56	128517	0.0075	0.00338446	0.003	0.01	2294.95	1473.85	57	7099	
0.4	5.4	53	994	2	3	152	485190	152	485190	0.00760526	0.00333188	0.003	0.01	3192.04	2527.26	45	9422	
0.4	5.4	54	996	12	3	40	102603	40	102603	0.0072	0.00381764	0.003	0.017	2565.07	1874.18	60	7099	
0.4	5.4	9	999	21	3	143	383566	144	384750	0.007375	0.00359657	0.003	0.017	2671.87	2025.21	60	9422	
0.4	5.4	48	1000	5	3	26	73485	26	73485	0.003	0	0.003	0.003	2826.35	2262.38	60	8873	
0.4	5.4	18	1001	16	3	62	94936	62	94936	0.003	0	0.003	0.003	1531.23	1499.26	60	9422	
0.4	5.4	48	1003	8	3	153	584199	153	584199	0.003	0	0.003	0.003	3818.29	2635.4	45	9422	
0.4	5.4	39	1007	66	3	184	218044	184	218044	0.00691848	0.00377928	0.003	0.017	1185.02	1108.72	60	9422	
0.4	5.4	41	1008	8	3	1	60	1	60	0.01	0	0.01	0.01	60	0	60	60	
0.4	5.4	39	1009	22	3	30	19088	30	19088	0.0058	0.00472265	0.003	0.017	636.267	502.764	23	1775	
0.4	5.4	21	1011	22	3	154	504816	154	504816	0.003	0	0.003	0.003	3278.03	2517.01	45	9422	
0.4	5.4	13	1013	1	3	89	249342	89	249342	0.00850562	0.00288461	0.003	0.01	2801.6	1799.84	36	9422	
0.4	5.4	39	1014	77	3	273	413316	271	410948	0.00684871	0.00388291	0.003	0.017	1516.41	1373.71	45	9422	
0.4	5.4	56	1015	7	3	82	353918	82	353918	0.003	0	0.003	0.003	4316.07	2752.17	45	9422	
0.4	5.4	37	1017	41	3	348	345656	348	345656	0.0059569	0.00381199	0.003	0.017	993.264	820.004	26	7279	
0.4	5.4	5	1018	23	3	101	245227	101	245227	0.00715841	0.00372755	0.003	0.017	2427.99	1705.13	60	8873	
0.4	5.4	40	1019	2	3	223	454221	223	454221	0.00755157	0.00416828	0.003	0.024	2036.87	1794.67	50	9422	
0.4	5.4	42	1020	25	3	3	180	3	180	0.00533333	0.00404145	0.003	0.01	60	0	60	60	
0.4	5.4	39	1021	19	3	1	60	1	60	0.003	0	0.003	0.003	60	0	60	60	
0.4	5.4	44	1023	13	3	64	108536	64	108536	0.00814062	0.0031161	0.003	0.01	1695.87	1494.39	60	7099	
0.4	5.4	15	1024	4	3	20	76381	20	76381	0.00685	0.00357292	0.003	0.01	3819.05	2876.36	60	9422	
0.4	5.4	17	1025	2	3	52	182346	52	182346	0.00448077	0.00288669	0.003	0.01	3506.65	3157.42	45	9422	
0.4	5.4	8	1027	35	3	146	470763	146	470763	0.003	0	0.003	0.003	3224.4	2510.74	45	9422	
0.4	5.4	41	1033	28	3	1	60	1	60	0.01	0	0.01	0.01	60	0	60	60	
0.4	5.4	40	1034	17	3	89	134619	89	134619	0.00701123	0.00393266	0.003	0.017	1512.57	1787.32	60	9422	
0.4	5.4	30	1035	5	3	30	108389	30	108389	0.0086	0.00284787	0.003	0.01	3612.97	3048.8	60	9422	
0.4	5.4	54	1036	11	3	82	208988	82	208988	0.00778049	0.0032774	0.003	0.01	2548.63	1813.46	60	7099	
0.4	5.4	52	1040	12	3	2	120	2	120	0.0065	0.00494975	0.003	0.01	60	0	60	60	
0.4	5.4	41	1041	21	3	372	283547	372	283547	0.00565322	0.00376903	0.003	0.017	762.223	809.599	26	9422	
0.4	5.4	37	1043	71	3	254	273781	254	273781	0.00495669	0.00320851	0.003	0.017	1077.88	692.076	13	4736	
0.4	5.4	55	1044	42	3	467	516355	467	516355	0.00542826	0.00345925	0.003	0.017	1105.69	1446.79	33	9422	
0.4	5.4	2	1047	3	3	150	498826	150	498826	0.00412	0.00257484	0.003	0.01	3325.51	2149.49	35	9422	
0.4	5.4	25	1048	15	3	84	240344	84	238570	0.0075	0.00337425	0.003	0.01	2840.12	2129.53	60	9422	
0.4	5.4	41	1049	25	3	301	249167	301	249167	0.005	0.00316754	0.003	0.01	827.797	521.567	60	3182	
0.4	5.4	12	1050	10	3	198	511060	198	511060	0.00710101	0.00352797	0.003	0.017	2581.11	2099.08	28	9422	
0.4	5.4	21	1053	19	3	7	14316	7	14316	0.007	0.00374166	0.003	0.01	2045.14	1816.4	60	5324	
0.4	5.4	26	1055	6	3	43	114909	43	114909	0.0082093	0.00309037	0.003	0.01	2672.3	2534.61	60	9422	
0.4	5.4	57	1056	5	3	37	122649	37	122649	0.00356757	0.00193707	0.003	0.01	3314.84	2614.7	60	9422	
0.4	5.4	5	1058	19	3	54	155273	54	155273	0.003	0	0.003	0.003	2875.43	2576.85	45	9422	
0.4	5.4	21	1059	10	3	3	180	3	180	0.003	0	0.003	0.003	60	0	60	60	
0.4	5.4	21	1060	12	3	2	120	2	120	0.01	0	0.01	0.01	60	0	60	60	
0.4	5.4	26	1061	8	3	128	453446	128	453446	0.00710156	0.00346146	0.003	0.01	3542.55	2432.43	36	9422	
0.4	5.4	38	1063	11	3	105	317967	104	315600	0.00461538	0.00296356	0.003	0.01	3034.62	1788.75	60	9422	
0.4	5.4	8	1065	30	3	160	180266	160	180266	0.00680625	0.00436034	0.003	0.017	1126.66	1041.35	26	6882	
0.4	5.4	38	1067	13	3	175	560681	176	565414	0.00490909	0.00312643	0.003	0.01	3212.58	2081.61	60	8873	
0.4	5.4	48	1069	18	3	144	384852	144	384852	0.00844444	0.00292034	0.003	0.01	2672.58	1931.58	57	9422	
0.4	5.4	4	1070	26	3	83	170590	83	170590	0.00637349	0.00399607	0.003	0.017	2055.3	1791.24	60	8873	
0.4	5.4	6	1071	11	3	215	460656	214	454740	0.00568224	0.00373311	0.003	0.017	2124.95	1986.16	26	9422	
0.4	5.4	43	1072	3	3	82	265302	81	259978	0.0087037	0.00273608	0.003	0.01	3209.6	2503.39	45	9422	
0.4	5.4	34	1073	5	3	4	2484	4	2484	0.01	0.0080829	0.003	0.017	621	459.442	60	1184	
0.4	5.4	55	1074	5	3	427	401253	427	401253	0.00596721	0.00368844	0.003	0.017	939.703	876.379	13	7708	
0.4	5.4	38	1075	16	3	25	72301	25	72301	0.00412	0.00261916	0.003	0.01	2892.04	2158.05	60	9422	
0.4	5.4	39	1077	62	3	79	135787	79	135787	0.0053038	0.00331026	0.003	0.01	1718.82	1299.5	60	6507	
0.4	5.4	47	1078	1	3	3	180	2	120	0.0065	0.00494975	0.003	0.01	60	0	60	60	
0.4	5.4	37	1080	12	3	1	60	1	60	0.003	0	0.003	0.003	60	0	60	60	
0.4	5.4	15	1081	18	3	21	70527	21	70527	0.009	0.00250998	0.003	0.01	3358.43	2758.36	60	9422	
0.4	5.4	11	1082	10	3	36	98349	36	98349	0.00513889	0.00327024	0.003	0.01	2731.92	1779.1	60	7099	
0.4	5.4	17	1083	5	3	3	1892	3	1892	0.00533333	0.00404145	0.003	0.01	630.667	562.2	60	1184	
0.4	5.4	8	1084	5	3	47	84171	47	84171	0.00538298	0.00335283	0.003	0.01	1790.87	1388.48	60	8282	
0.4	5.4	37	1085	3	3	205	179145	205	179145	0.00532195	0.00330385	0.003	0.01	873.878	653.399	43	4395	
0.4	5.4	2	1086	14	3	295	402868	295	402868	0.00665424	0.00427408	0.003	0.017	1365.65	1420.32	26	9422	
0.4	5.4	35	1089	6	3	125	358186	125	358186	0.003	0	0.003	0.003	2865.49	2234.6	60	9422	
0.4	5.4	56	1093	1	3	2	120	2	120	0.0065	0.00494975	0.003	0.01	60	0	60	60	
0.4	5.4	12	1094	13	3	152	494780	152	494780	0.003	0	0.003	0.003	3255.13	1890.65	60	7690	
0.4	5.4	18	1095	8	3	49	149925	48	149333	0.0078125	0.00327892	0.003	0.01	3111.1	2239.57	60	9422	
0.4	5.4	6	1096	9	3	153	205212	153	205212	0.00652287	0.00425825	0.003	0.017	1341.25	1505.16	40	9422	
0.4	5.4	8	1097	15	3	2	120	2	120	0.01	0	0.01	0.01	60	0	60	60	
0.4	5.4	37	1098	78	3	141	135290	139	133036	0.00602158	0.00347969	0.003	0.01	957.094	862.426	45	4395	
0.4	5.4	52	1101	69	3	172	208082	172	208082	0.003	0	0.003	0.003	1209.78	894.537	59	4395	
0.4	5.4	3	1102	5	3	78	125566	78	125566	0.00937179	0.00201365	0.003	0.01	1609.82	2137.65	60	9422	
0.4	5.4	35	1104	11	3	65	194893	65	194893	0.00450769	0.00290002	0.003	0.01	2998.35	2160	60	9422	
0.4	5.4	29	1105	1	3	161	765079	161	765079	0.003	0	0.003	0.003	4752.04	2939.29	45	9422	
0.4	5.4	21	1107	25	3	128	251080	128	251080	0.00633594	0.00361815	0.003	0.017	1961.56	1825.5	28	9422	
0.4	5.4	5	1108	3	3	145	353390	146	355165	0.00846575	0.00381135	0.003	0.017	2432.64	2154.11	60	9422	
0.4	5.4	38	1109	3	3	42	94208	41	93616	0.00778049	0.00329782	0.003	0.01	2283.32	1644.33	60	7708	
0.4	5.4	4	1110	21	3	85	159933	86	162891	0.00633721	0.00351672	0.003	0.01	1894.08	1518.31	60	9422	
0.4	5.4	19	1111	24	3	65	132690	65	132690	0.00795385	0.00365475	0.003	0.017	2041.38	1594.69	60	8886	
0.4	5.4	39	1113	69	3	157	145205	157	145205	0.00576433	0.00343276	0.003	0.01	924.873	701.008	24	3979	
0.4	5.4	39	1114	29	3	248	479679	248	479679	0.00466532	0.00298662	0.003	0.01	1934.19	1558.79	60	9422	
0.4	5.4	35	1118	17	3	182	631073	182	631073	0.00753846	0.00343144	0.003	0.017	3467.43	2683.38	45	9422	
0.4	5.4	52	1120	78	3	298	268595	298	268595	0.00560738	0.00353294	0.003	0.017	901.326	913.913	28	9422	
0.4	5.4	31	1121	1	3	149	493252	149	493252	0.00408054	0.0025376	0.003	0.01	3310.42	2650.32	45	9422	
0.4	5.4	21	1122	2	3	120	207394	120	207394	0.00749167	0.00360671	0.003	0.017	1728.28	1135.68	6	5324	
0.4	5.4	6	1123	4	3	148	336854	148	336854	0.00659459	0.0035106	0.003	0.01	2276.04	1708.72	18	7690	
0.4	5.4	43	1124	7	3	88	326108	88	326108	0.003	0	0.003	0.003	3705.77	2019.33	60	9422	
0.4	5.4	37	1127	33	3	40	43931	39	43339	0.00479487	0.00309651	0.003	0.01	1111.26	719.799	60	3550	
0.4	5.4	19	1128	10	3	194	604831	194	604831	0.00797938	0.00333603	0.003	0.017	3117.69	2602.89	60	9422	
0.4	5.4	26	1129	2	3	9	8995	8	7811	0.009125	0.00247487	0.003	0.01	976.375	521.749	60	1775	
0.4	5.4	52	1131	44	3	181	130546	181	130546	0.00454696	0.00309377	0.003	0.017	721.249	637.353	6	4314	
0.4	5.4	36	1133	17	3	33	121990	33	121990	0.00724242	0.00347338	0.003	0.01	3696.67	2065.22	60	8873	
0.4	5.4	52	1134	16	3	333	398298	334	399105	0.00587126	0.00421618	0.003	0.017	1194.93	1305.02	21	9422	
0.4	5.4	4	1136	4	3	121	239811	121	239811	0.00716529	0.00345048	0.003	0.01	1981.91	1535.73	17	7099	
0.4	5.4	46	1138	18	3	41	132666	41	132666	0.003	0	0.003	0.003	3235.76	2600.1	45	9422	
0.4	5.4	19	1140	2	3	163	584901	163	584901	0.00342945	0.00168497	0.003	0.01	3588.35	2486.72	45	9422	
0.4	5.4	50	1141	8	3	47	139753	47	139753	0.00717021	0.00347237	0.003	0.01	2973.47	2310.27	45	9422	
0.4	5.4	50	1142	12	3	2	116	2	116	0.003	0	0.003	0.003	58	2.82843	56	60	
0.4	5.4	37	1143	61	3	236	171454	235	170913	0.00574042	0.00438878	0.003	0.024	727.289	650.714	21	4395	
0.4	5.4	13	1146	16	3	2	120	2	120	0.0065	0.00494975	0.003	0.01	60	0	60	60	
0.4	5.4	39	1147	39	3	47	33891	47	33891	0.00568085	0.00343958	0.003	0.01	721.085	469.097	60	1775	
0.4	5.4	7	1148	22	3	92	266281	92	266281	0.00703261	0.00347819	0.003	0.01	2894.36	2395.7	14	9422	
0.4	5.4	26	1152	1	3	62	124015	62	124015	0.00751613	0.00337659	0.003	0.01	2000.24	1982.88	60	9422	
0.4	5.4	10	1157	7	3	2	120	2	120	0.0065	0.00494975	0.003	0.01	60	0	60	60	
0.4	5.4	37	1158	83	3	1	60	1	60	0.01	0	0.01	0.01	60	0	60	60	
0.4	5.4	49	1159	3	3	79	201917	79	201917	0.00689873	0.00349943	0.003	0.01	2555.91	2338.12	45	9422	
0.4	5.4	56	1163	8	3	22	88267	22	88267	0.003	0	0.003	0.003	4012.14	2592.62	60	7690	
0.4	5.4	52	1164	29	3	49	23336	49	23336	0.00442857	0.00318852	0.003	0.017	476.245	385.305	60	2196	
0.4	5.4	11	1165	2	3	187	571943	187	571943	0.00756684	0.0034203	0.003	0.017	3058.52	2295.73	45	9422	
0.4	5.4	55	1166	7	3	60	52246	60	52246	0.0065	0.00397236	0.003	0.017	870.767	689.198	60	4141	
0.4	5.4	22	1167	3	3	2	120	2	120	0.01	0	0.01	0.01	60	0	60	60	
0.4	5.4	39	1168	15	3	3	180	3	180	0.00533333	0.00404145	0.003	0.01	60	0	60	60	
0.4	5.4	25	1169	2	3	80	217866	80	217866	0.0092125	0.00294547	0.003	0.017	2723.32	2048.52	42	9422	
0.4	5.4	20	1170	9	3	104	263556	104	263556	0.00515385	0.00324641	0.003	0.01	2534.19	1655.12	60	5916	
0.4	5.4	4	1172	15	3	115	350515	115	350515	0.003	0	0.003	0.003	3047.96	2220.83	45	9422	
0.4	5.4	2	1173	21	3	84	164050	84	164050	0.00391667	0.00237562	0.003	0.01	1952.98	1568.45	4	7099	
0.4	5.4	40	1174	16	3	226	428210	226	428210	0.00693363	0.00394969	0.003	0.017	1894.73	2048.96	60	9422	
0.4	5.4	7	1175	3	3	41	80609	41	80609	0.00641463	0.00354243	0.003	0.01	1966.07	1462.98	60	5611	
0.4	5.4	41	1176	10	3	2	120	2	120	0.0065	0.00494975	0.003	0.01	60	0	60	60	
0.4	5.4	41	1177	59	3	236	274494	236	274494	0.00469068	0.00300242	0.003	0.01	1163.11	965.842	43	5324	
0.4	5.4	15	1179	22	3	15	32075	15	32075	0.00813333	0.00415532	0.003	0.017	2138.33	1331.26	60	4395	
0.4	5.4	34	1180	48	3	282	377339	282	377339	0.00632624	0.00369572	0.003	0.017	1338.08	1150.98	60	7863	
0.4	5.4	39	1181	61	3	14	9597	14	9597	0.0045	0.00405254	0.003	0.017	685.5	376.11	60	1287	
0.4	5.4	40	1182	3	3	29	58709	29	58709	0.00734483	0.00345663	0.003	0.01	2024.45	2113.77	60	9422	
0.4	5.4	40	1183	5	3	93	251002	93	251002	0.00683871	0.00350245	0.003	0.01	2698.95	1837.35	51	9422	
0.4	5.4	4	1184	27	3	225	650816	226	654114	0.00594248	0.003706	0.003	0.017	2894.31	2438.4	45	9422	
0.4	5.4	34	1189	55	3	368	640107	368	640107	0.00688043	0.00398455	0.003	0.017	1739.42	1624.23	31	9422	
0.4	5.4	56	1190	19	3	24	60471	24	60471	0.00854167	0.00356284	0.003	0.017	2519.62	2272.87	60	9422	
0.4	5.4	34	1192	50	3	5	5442	5	5442	0.0072	0.00383406	0.003	0.01	1088.4	742.216	60	1775	
0.4	5.4	54	1193	17	3	57	99056	57	99056	0.00864912	0.00308505	0.003	0.017	1737.82	1791.19	60	9422	
0.4	5.4	52	1195	25	3	2	120	2	120	0.003	0	0.003	0.003	60	0	60	60	
0.4	5.4	53	1197	9	3	23	39767	23	39767	0.00847826	0.00295219	0.003	0.01	1729	1446.98	60	5324	
0.4	5.4	39	1200	17	3	1	60	1	60	0.017	0	0.017	0.017	60	0	60	60	
0.4	5.4	1	1201	7	3	2	120	2	120	0.0135	0.00494975	0.01	0.017	60	0	60	60	
0.4	5.4	50	1202	2	3	44	94799	44	94799	0.00936364	0.00203562	0.003	0.01	2154.52	2059.94	60	9422	
0.4	5.4	44	1203	16	3	148	429232	148	429232	0.00810811	0.00379426	0.003	0.017	2900.22	1794.45	45	9422	
0.4	5.4	46	1205	11	3	3	180	3	180	0.00533333	0.00404145	0.003	0.01	60	0	60	60	
0.4	5.4	40	1206	14	3	44	106044	44	106044	0.00315909	0.00105529	0.003	0.01	2410.09	2506.32	23	9422	
0.4	5.4	37	1207	2	3	2	120	2	120	0.0065	0.00494975	0.003	0.01	60	0	60	60	
0.4	5.4	8	1208	16	3	55	152197	55	152197	0.00605454	0.00420942	0.003	0.017	2767.22	1718.05	60	7468	
0.4	5.4	37	1209	34	3	205	189143	205	189143	0.00429756	0.00281353	0.003	0.017	922.649	911.377	60	6255	
0.4	5.4	52	1211	49	3	150	190331	150	190331	0.003	0	0.003	0.003	1268.87	1093.04	47	5324	
0.4	5.4	18	1212	18	3	140	526823	140	526823	0.0057	0.00341958	0.003	0.01	3763.02	2646.09	45	9422	
0.4	5.4	13	1213	19	3	28	90645	28	90645	0.00425	0.00273015	0.003	0.01	3237.32	2423.34	60	9422	
0.4	5.4	27	1214	23	3	161	448870	161	448870	0.00434783	0.0028772	0.003	0.017	2788.01	2591.9	60	9422	
0.4	5.4	39	1215	1	3	1	60	1	60	0.003	0	0.003	0.003	60	0	60	60	
0.4	5.4	6	1216	1	3	211	434091	211	434091	0.00661611	0.00357232	0.003	0.017	2057.3	1871.84	39	9422	
0.4	5.4	9	1217	8	3	1	60	1	60	0.01	0	0.01	0.01	60	0	60	60	
0.4	5.4	34	1218	13	3	87	205573	87	205573	0.00332184	0.00147455	0.003	0.01	2362.91	1597.95	60	8873	
0.4	5.4	1	1219	4	3	68	194196	68	194196	0.00825	0.00305363	0.003	0.01	2855.82	1638.98	36	5916	
0.4	5.4	23	1220	24	3	6	8992	6	8992	0.00766667	0.00361478	0.003	0.01	1498.67	1204.42	60	3550	
0.4	5.4	16	1223	15	3	110	387771	110	387771	0.00688182	0.00349503	0.003	0.01	3525.19	2206.07	60	9422	
0.4	5.4	51	1227	4	3	3	180	3	180	0.00766667	0.00404145	0.003	0.01	60	0	60	60	
0.4	5.4	20	1229	10	3	172	469627	172	469627	0.00706977	0.00346339	0.003	0.01	2730.39	2231.32	12	9422	
0.4	5.4	52	1231	9	3	266	273218	266	273218	0.00423684	0.00267489	0.003	0.01	1027.14	776.045	60	6255	
0.4	5.4	38	1234	8	3	2	708	2	708	0.003	0	0.003	0.003	354	415.779	60	648	
0.4	5.4	35	1235	14	3	32	97750	32	97750	0.0065	0.003556	0.003	0.01	3054.69	2363.35	60	9422	
0.4	5.4	27	1236	26	3	19	53958	19	53958	0.003	0	0.003	0.003	2839.89	2854.32	60	9422	
0.4	5.4	37	1240	85	3	293	323463	293	323463	0.00522184	0.00326384	0.003	0.01	1103.97	1129.83	53	7708	
0.4	5.4	39	1241	5	3	4	240	4	240	0.00475	0.0035	0.003	0.01	60	0	60	60	
0.4	5.4	50	1244	20	3	82	402904	82	402904	0.00726829	0.00360743	0.003	0.017	4913.46	3192.14	45	9422	
0.4	5.4	50	1246	5	3	35	82965	35	82965	0.0082	0.00310408	0.003	0.01	2370.43	1667.2	60	5664	
0.4	5.4	55	1249	40	3	145	146463	145	146463	0.00502759	0.00318622	0.003	0.01	1010.09	833.328	26	4107	
0.4	5.4	5	1252	9	3	86	160514	86	160514	0.0065	0.00352053	0.003	0.01	1866.44	1270.04	36	5324	
0.4	5.4	54	1253	14	3	38	84140	38	84140	0.00871053	0.00275002	0.003	0.01	2214.21	1946.43	60	9422	
0.4	5.4	15	1254	21	3	28	84734	27	83550	0.00740741	0.00344472	0.003	0.01	3094.44	2153.77	60	8282	
0.4	5.4	2	1255	19	3	117	288466	116	287282	0.00378448	0.00221774	0.003	0.01	2476.57	1972.63	45	9422	
0.4	5.4	52	1256	76	3	1	60	1	60	0.01	0	0.01	0.01	60	0	60	60	
0.4	5.4	49	1257	14	3	18	46863	18	46863	0.00455555	0.00299455	0.003	0.01	2603.5	3012.88	60	9422	
0.4	5.4	50	1259	1	3	29	58113	28	57521	0.008	0.00322031	0.003	0.01	2054.32	1829.37	60	8873	
0.4	5.4	51	1261	12	3	31	90647	31	90647	0.003	0	0.003	0.003	2924.1	2238.24	60	9422	
0.4	5.4	40	1263	4	3	57	145198	58	149339	0.00613793	0.00351163	0.003	0.01	2574.81	1499.98	60	5324	
0.4	5.4	4	1264	11	3	4	240	4	240	0.00475	0.0035	0.003	0.01	60	0	60	60	
0.4	5.4	44	1265	4	3	101	238595	101	238595	0.00764356	0.00332441	0.003	0.01	2362.33	1702.62	60	9422	
0.4	5.4	52	1266	81	3	473	355331	473	355331	0.00558985	0.00381579	0.003	0.017	751.228	769.304	22	9422	
0.4	5.4	31	1267	11	3	102	212558	102	212558	0.00807843	0.0031393	0.003	0.01	2083.9	1768.92	36	9422	
0.4	5.4	3	1268	9	3	108	452873	108	452873	0.003	0	0.003	0.003	4193.27	2794.79	45	9422	
0.4	5.4	6	1269	21	3	55	67021	55	67021	0.00758182	0.0052553	0.003	0.024	1218.56	781.375	60	2958	
0.4	5.4	42	1271	1	3	145	362242	145	362242	0.00415862	0.00261054	0.003	0.01	2498.22	1977.37	60	9422	
0.4	5.4	30	1272	6	3	141	503747	141	503747	0.00334752	0.0015259	0.003	0.01	3572.67	2283.46	60	9422	
0.4	5.4	9	1274	18	3	85	139236	85	139236	0.0072	0.00407022	0.003	0.017	1638.07	1192.07	60	5419	
0.4	5.4	11	1275	19	3	73	203661	73	203661	0.00721918	0.00344902	0.003	0.01	2789.88	2055.08	10	9422	
0.4	5.4	55	1276	13	3	2	120	2	120	0.01	0	0.01	0.01	60	0	60	60	
0.4	5.4	55	1278	2	3	313	378686	313	378686	0.00608626	0.00361384	0.003	0.017	1209.86	1397.28	24	9422	
0.4	5.4	33	1279	10	3	150	564894	150	564894	0.00514667	0.00323858	0.003	0.01	3765.96	2592.93	45	9422	
0.4	5.4	52	1284	85	3	167	117612	166	116428	0.00531928	0.00347988	0.003	0.017	701.373	518.911	43	2521	
0.4	5.4	47	1286	15	3	128	400215	128	400215	0.007375	0.00340218	0.003	0.01	3126.68	2184.64	60	9422	
0.4	5.4	44	1288	18	3	76	230873	76	230873	0.00346053	0.00174693	0.003	0.01	3037.8	2023.82	60	7708	
0.4	5.4	15	1290	15	3	48	162231	48	162231	0.0060625	0.0035093	0.003	0.01	3379.81	2401.76	36	9422	
0.4	5.4	41	1292	46	3	283	392111	284	393886	0.00561268	0.00339163	0.003	0.01	1386.92	1392.14	26	9422	
0.4	5.4	6	1293	8	3	203	359582	203	359582	0.00682759	0.00401048	0.003	0.017	1771.34	1643.53	25	9422	
0.4	5.4	52	1294	60	3	192	157747	191	155972	0.00541885	0.00356185	0.003	0.017	816.607	803.65	15	7690	
0.4	5.4	55	1295	41	3	214	183860	214	183860	0.00574766	0.00362203	0.003	0.017	859.159	818.681	18	4733	
0.4	5.4	51	1296	13	3	13	43195	13	43195	0.003	0	0.003	0.003	3322.69	3229.62	592	9422	
0.4	5.4	49	1297	12	3	130	498313	130	498313	0.00660769	0.00351188	0.003	0.01	3833.18	2611.5	45	9422	
0.4	5.4	6	1298	16	3	405	745675	405	745675	0.0063358	0.00379953	0.003	0.017	1841.17	1769.07	39	9422	
0.4	5.4	11	1300	12	3	91	176499	90	174724	0.00696667	0.0036426	0.003	0.017	1941.38	1972.37	60	8873	
0.4	5.4	21	1301	27	3	37	65217	37	65217	0.00716216	0.0034842	0.003	0.01	1762.62	1439.51	60	7099	
0.4	5.4	40	1302	1	3	27	38001	27	38001	0.00585185	0.00350498	0.003	0.01	1407.44	758.856	60	2958	
0.4	5.4	8	1305	26	3	155	217533	155	217533	0.0063871	0.00439508	0.003	0.017	1403.44	1124.19	34	5951	
0.4	5.4	42	1308	28	3	20	29765	20	29765	0.003	0	0.003	0.003	1488.25	1779.56	60	7099	
0.4	5.4	40	1309	8	3	178	520982	178	520982	0.00630337	0.00350433	0.003	0.01	2926.87	2460.44	6	9422	
0.4	5.4	21	1310	11	3	69	170569	69	170569	0.003	0	0.003	0.003	2472.01	1649.64	60	7099	
0.4	5.4	37	1311	77	3	1	60	1	60	0.003	0	0.003	0.003	60	0	60	60	
0.4	5.4	30	1312	12	3	70	144026	70	144026	0.0079	0.00323096	0.003	0.01	2057.51	1246.42	60	5324	
0.4	5.4	46	1313	2	3	129	434418	129	434418	0.00723256	0.00343582	0.003	0.01	3367.58	2626.39	45	9422	
0.4	5.4	39	1315	27	3	1	60	1	60	0.003	0	0.003	0.003	60	0	60	60	
0.4	5.4	40	1316	10	3	59	79686	59	79686	0.00881356	0.0045314	0.003	0.024	1350.61	1077.53	13	5324	
0.4	5.4	6	1319	12	3	296	499070	296	499070	0.00616892	0.00402094	0.003	0.017	1686.05	1580.3	9	9422	
0.4	5.4	27	1320	15	3	3	1892	3	1892	0.00766667	0.00404145	0.003	0.01	630.667	562.2	60	1184	
0.4	5.4	44	1321	24	3	48	103094	48	103094	0.00766667	0.00363396	0.003	0.017	2147.79	1909.39	45	9422	
0.4	5.4	33	1323	4	3	1	60	1	60	0.017	0	0.017	0.017	60	0	60	60	
0.4	5.4	42	1324	7	3	1	60	1	60	0.003	0	0.003	0.003	60	0	60	60	
0.4	5.4	41	1325	4	3	1	60	1	60	0.003	0	0.003	0.003	60	0	60	60	
0.4	5.4	13	1326	18	3	60	120849	60	120849	0.00848333	0.00290815	0.003	0.01	2014.15	1548.67	23	5916	
0.4	5.4	39	1327	12	3	1	60	1	60	0.01	0	0.01	0.01	60	0	60	60	
0.4	5.4	17	1330	9	3	78	180616	79	181800	0.0076962	0.00367024	0.003	0.017	2301.27	1767.78	60	9422	
0.4	5.4	54	1332	15	3	38	106022	38	106022	0.003	0	0.003	0.003	2790.05	1462.53	60	5324	
0.4	5.4	21	1334	23	3	1	60	1	60	0.01	0	0.01	0.01	60	0	60	60	
0.4	5.4	18	1335	13	3	122	311020	122	311020	0.00638524	0.00351254	0.003	0.01	2549.34	1982.21	60	9422	
0.4	5.4	9	1336	20	3	92	265222	92	265222	0.00596739	0.00347819	0.003	0.01	2882.85	2085.94	60	9422	
0.4	5.4	42	1337	27	3	46	140945	46	140945	0.003	0	0.003	0.003	3064.02	2493.61	45	9422	
0.4	5.4	39	1338	23	3	148	188396	148	188396	0.00659459	0.0035106	0.003	0.01	1272.95	858.144	60	5861	
0.4	5.4	52	1339	88	3	207	222191	207	222191	0.00513043	0.00322872	0.003	0.01	1073.39	876.95	60	5290	
0.4	5.4	6	1340	18	3	97	169063	97	169063	0.00581443	0.00345003	0.003	0.01	1742.92	1809.04	60	9422	
0.4	5.4	16	1341	11	3	142	475932	142	475932	0.003	0	0.003	0.003	3351.63	1922.22	60	9422	
0.4	5.4	50	1342	21	3	146	496772	146	496772	0.00683562	0.00349586	0.003	0.01	3402.55	2516.68	60	9422	
0.4	5.4	2	1343	20	3	171	444090	171	444090	0.00324561	0.00129179	0.003	0.01	2597.02	1864.75	37	9422	
0.4	5.4	17	1346	11	3	124	310858	124	310858	0.00858871	0.00281983	0.003	0.01	2506.92	1795.24	13	9422	
0.4	5.4	53	1347	1	3	112	388837	112	388837	0.0053125	0.00330719	0.003	0.01	3471.76	2220.79	60	9422	
0.4	5.4	41	1348	14	3	3	180	3	180	0.003	0	0.003	0.003	60	0	60	60	
0.4	5.4	14	1349	5	3	2	120	2	120	0.003	0	0.003	0.003	60	0	60	60	
0.4	5.4	41	1350	37	3	241	271606	241	271606	0.00439419	0.00280145	0.003	0.01	1127	862.453	37	5861	
0.4	5.4	37	1351	32	3	170	180751	170	180751	0.00493529	0.00323103	0.003	0.017	1063.24	682.365	15	4904	
0.4	5.4	18	1352	17	3	123	303825	124	306783	0.00751613	0.00359196	0.003	0.017	2474.06	2312.29	60	9422	
0.4	5.4	25	1353	4	3	39	124364	39	124364	0.00910256	0.00237082	0.003	0.01	3188.82	2181.71	60	9422	
0.4	5.4	55	1354	8	3	579	489107	579	489107	0.00604663	0.00393145	0.003	0.017	844.744	963.892	26	9422	
0.4	5.4	56	1358	5	3	39	181749	39	181749	0.003	0	0.003	0.003	4660.23	3238.72	45	9422	
0.4	5.4	11	1359	20	3	3	1892	3	1892	0.003	0	0.003	0.003	630.667	562.2	60	1184	
0.4	5.4	4	1360	22	3	68	77202	68	77202	0.00670588	0.00409608	0.003	0.017	1135.32	701.94	43	2958	
0.4	5.4	57	1362	4	3	206	779414	206	779414	0.003	0	0.003	0.003	3783.56	2064.08	45	9422	
0.4	5.4	39	1364	3	3	134	186044	134	186044	0.00514179	0.00323782	0.003	0.01	1388.39	1034.38	60	4904	
0.4	5.4	41	1365	17	3	421	413050	421	413050	0.00547743	0.00338591	0.003	0.017	981.116	966.819	46	9422	
0.4	5.4	52	1366	13	3	307	314122	308	316489	0.00570454	0.00372688	0.003	0.017	1027.56	1233.83	35	9422	
0.4	5.4	19	1374	26	3	94	281179	94	281179	0.00746808	0.00338149	0.003	0.01	2991.27	2029.59	60	8873	
0.4	5.4	37	1375	24	3	340	323027	340	323027	0.0051	0.00343013	0.003	0.017	950.079	1203.45	19	9422	
0.4	5.4	52	1376	8	3	296	319001	296	319001	0.00467905	0.00299407	0.003	0.01	1077.71	1001.1	6	9422	
0.4	5.4	57	1380	15	3	151	607779	151	607779	0.0069404	0.00348374	0.003	0.01	4025.03	2679.33	45	9422	
0.4	5.4	50	1382	18	3	54	195358	54	195358	0.00753704	0.00337423	0.003	0.01	3617.74	2567.31	60	8873	
0.4	5.4	25	1388	10	3	126	393703	126	393703	0.00838889	0.0029583	0.003	0.01	3124.63	2145.81	45	9422	
0.4	5.4	45	1389	3	3	55	217842	55	217842	0.00732727	0.00343217	0.003	0.01	3960.76	2373.91	60	9422	
0.4	5.4	51	1391	2	3	129	327358	128	324400	0.00786719	0.00323458	0.003	0.01	2534.38	2043.48	60	9422	
0.4	5.4	9	1392	2	3	108	355122	108	355122	0.00675926	0.00350666	0.003	0.01	3288.17	2259.24	60	9422	
0.4	5.4	52	1393	54	3	287	216743	287	216743	0.00502439	0.00323272	0.003	0.017	755.202	795.798	42	7099	
0.4	5.4	45	1394	15	3	156	562244	155	561652	0.0086	0.00280908	0.003	0.01	3623.56	2676.67	36	9422	
0.4	5.4	8	1395	10	3	97	154582	97	154582	0.00646392	0.00351799	0.003	0.01	1593.63	1078.02	60	5916	
0.4	5.4	37	1396	8	3	177	200307	177	200307	0.00521469	0.00326469	0.003	0.01	1131.68	1099.63	14	5861	
0.4	5.4	52	1399	6	3	3	180	3	180	0.003	0	0.003	0.003	60	0	60	60	
0.4	5.4	10	1400	19	3	26	82951	26	82951	0.00730769	0.00347297	0.003	0.01	3190.42	2348.13	60	9422	
0.4	5.4	37	1401	70	3	1	60	1	60	0.003	0	0.003	0.003	60	0	60	60	
0.4	5.4	21	1402	7	3	123	216161	123	216161	0.00578862	0.00344096	0.003	0.01	1757.41	1544.63	40	9422	
0.4	5.4	24	1403	11	3	1	60	1	60	0.01	0	0.01	0.01	60	0	60	60	
0.4	5.4	50	1404	9	3	72	196551	71	192410	0.00802817	0.00317117	0.003	0.01	2710	1354.3	60	5324	
0.4	5.4	43	1407	5	3	138	507340	138	507340	0.003	0	0.003	0.003	3676.38	2937.84	45	9422	
0.4	5.4	14	1408	6	3	25	85901	25	85901	0.00916	0.00232164	0.003	0.01	3436.04	2285.07	60	8873	
0.4	5.4	39	1409	52	3	82	61167	82	61167	0.00487805	0.00312058	0.003	0.01	745.939	692.005	36	4107	
0.4	5.4	39	1410	70	3	174	203344	174	203344	0.00581609	0.003681	0.003	0.017	1168.64	1043.38	24	6877	
0.4	5.4	2	1411	2	3	73	129243	73	129243	0.00530137	0.00331111	0.003	0.01	1770.45	2130.6	60	9422	
0.4	5.4	2	1413	22	3	178	442192	178	442192	0.003	0	0.003	0.003	2484.22	2061.57	60	9422	
0.4	5.4	54	1414	7	3	8	9585	8	9585	0.00825	0.00324037	0.003	0.01	1198.12	877.976	60	2958	
0.4	5.4	55	1417	34	3	172	193804	172	193804	0.0064593	0.00382261	0.003	0.017	1126.77	1045.87	19	5909	
0.4	5.4	39	1419	7	3	2	120	2	120	0.0135	0.00494975	0.01	0.017	60	0	60	60	
0.4	5.4	38	1420	10	3	44	91853	44	91853	0.00872727	0.00346654	0.003	0.017	2087.57	1695.55	60	7099	
0.4	5.4	10	1422	8	3	88	234433	88	234433	0.00538636	0.00333712	0.003	0.01	2664.01	2682.24	45	9422	
