% start	end	CellId	IMSI	RNTI	LCID	nTxPDUs	TxBytes	nRxPDUs	RxBytes	delay	stdDev	min	max	PduSize	stdDev	min	max
0.4	5.4	36	1	19	3	229	699667	228	695526	0.00576316	0.003613	0.003	0.017	3050.55	2201.1	45	9422	
0.4	5.4	15	3	6	3	8	9701	8	9701	0.00825	0.00324037	0.003	0.01	1212.62	1260.18	60	3822	
0.4	5.4	45	5	17	3	18	37392	18	37392	0.00883333	0.00268438	0.003	0.01	2077.33	1472.46	60	5324	
0.4	5.4	9	6	15	3	128	456425	128	456425	0.00595312	0.00347059	0.003	0.01	3565.82	2045.56	60	9422	
0.4	5.4	57	8	6	3	168	541009	167	540361	0.00442515	0.00282716	0.003	0.01	3235.69	2144.88	60	9422	
0.4	5.4	29	9	13	3	188	678902	188	678902	0.00750532	0.00336146	0.003	0.01	3611.18	2494.25	28	9422	
0.4	5.4	20	11	16	3	152	545183	152	545183	0.00410526	0.00256093	0.003	0.01	3586.73	2445.47	60	9422	
0.4	5.4	6	12	8	3	57	130429	57	130429	0.00778947	0.00328273	0.003	0.01	2288.23	2176.88	57	9422	
0.4	5.4	32	13	20	3	144	566449	145	571773	0.00386896	0.00231617	0.003	0.01	3943.26	2617.3	45	9422	
0.4	5.4	31	14	7	3	58	141559	58	141138	0.00686207	0.00351163	0.003	0.01	2433.41	1834.63	60	6882	
0.4	5.4	38	16	16	3	105	166499	105	166499	0.0062	0.00376318	0.003	0.017	1585.7	1261.99	60	6882	
0.4	5.4	37	17	75	3	63	156372	63	156372	0.00555555	0.00339724	0.003	0.01	2482.1	1565.84	60	7708	
0.4	5.4	44	18	12	3	165	591212	165	591212	0.00626667	0.00350284	0.003	0.01	3583.1	2185.74	60	9422	
0.4	5.4	39	19	29	3	1	60	1	60	0.003	0	0.003	0.003	60	0	60	60	
0.4	5.4	11	20	12	3	102	480520	102	480520	0.003	0	0.003	0.003	4710.98	2957.44	45	9422	
0.4	5.4	57	21	12	3	149	400167	149	400167	0.00736913	0.00402584	0.003	0.017	2685.68	2366.05	45	9422	
0.4	5.4	30	22	11	3	148	563490	147	559349	0.006	0.00347594	0.003	0.01	3805.1	2734.67	36	9422	
0.4	5.4	4	24	8	3	39	124362	39	124362	0.003	0	0.003	0.003	3188.77	2619.03	60	9422	
0.4	5.4	2	25	35	3	179	356525	179	356525	0.00585475	0.00344966	0.003	0.01	1991.76	1567.22	60	8873	
0.4	5.4	1	27	14	3	215	457250	215	457250	0.00801395	0.00350631	0.003	0.017	2126.74	1689.95	60	9422	
0.4	5.4	23	29	19	3	164	439952	164	439952	0.00735366	0.00397499	0.003	0.017	2682.63	2179.29	40	9422	
0.4	5.4	57	32	23	3	115	359307	115	359307	0.00592174	0.00346701	0.003	0.01	3124.41	2178.94	45	9422	
0.4	5.4	29	33	12	3	6	8992	6	8992	0.0065	0.00383406	0.003	0.01	1498.67	1204.42	60	3550	
0.4	5.4	7	34	1	3	45	103065	45	103065	0.00471111	0.00304229	0.003	0.01	2290.33	2212.75	60	9422	
0.4	5.4	16	37	7	3	106	343946	106	343946	0.003	0	0.003	0.003	3244.77	2020.65	45	9422	
0.4	5.4	52	38	68	3	247	286911	247	286911	0.00560729	0.00361844	0.003	0.017	1161.58	1186.75	56	7099	
0.4	5.4	55	40	14	3	108	151997	108	151997	0.00617592	0.00350121	0.003	0.01	1407.38	1120.93	60	5324	
0.4	5.4	25	45	4	3	187	509640	187	509640	0.00663102	0.00372549	0.003	0.017	2725.35	2336.9	45	9422	
0.4	5.4	16	46	8	3	97	241544	98	242136	0.00785714	0.00324276	0.003	0.01	2470.78	2280.35	45	9422	
0.4	5.4	21	47	5	3	213	450689	214	451337	0.00735047	0.003787	0.003	0.017	2109.05	1920.9	60	9422	
0.4	5.4	13	49	12	3	32	85909	32	85909	0.00825	0.00307959	0.003	0.01	2684.66	2237.72	60	9422	
0.4	5.4	43	51	11	3	1	60	1	60	0.01	0	0.01	0.01	60	0	60	60	
0.4	5.4	21	53	32	3	4	3667	4	3667	0.00475	0.0035	0.003	0.01	916.75	733.545	60	1775	
0.4	5.4	11	54	6	3	46	116699	46	116699	0.00710869	0.00348475	0.003	0.01	2536.93	1941.42	60	9422	
0.4	5.4	28	55	3	3	13	44435	13	44435	0.00353846	0.00194145	0.003	0.01	3418.08	2244.67	60	7099	
0.4	5.4	51	56	9	3	4	3667	4	3667	0.01	0	0.01	0.01	916.75	733.545	60	1775	
0.4	5.4	52	57	19	3	2	120	2	120	0.0065	0.00494975	0.003	0.01	60	0	60	60	
0.4	5.4	41	59	4	3	2	120	2	120	0.01	0	0.01	0.01	60	0	60	60	
0.4	5.4	17	60	8	3	69	195976	69	195976	0.00634783	0.00352231	0.003	0.01	2840.23	2254.47	36	9422	
0.4	5.4	1	61	9	3	104	247504	103	245729	0.00714563	0.00345676	0.003	0.01	2385.72	1616.78	28	7690	
0.4	5.4	53	63	19	3	69	136831	69	136831	0.00746377	0.00338934	0.003	0.01	1983.06	1959.65	60	9422	
0.4	5.4	15	66	1	3	208	518681	208	518681	0.00700481	0.00409724	0.003	0.017	2493.66	2057.88	60	9422	
0.4	5.4	55	67	30	3	176	316348	176	316348	0.005625	0.00339853	0.003	0.01	1797.43	1701.8	36	9422	
0.4	5.4	39	68	26	3	2	120	2	120	0.003	0	0.003	0.003	60	0	60	60	
0.4	5.4	27	69	11	3	60	136218	60	136218	0.00603333	0.00349802	0.003	0.01	2270.3	2044.34	60	9422	
0.4	5.4	48	70	21	3	101	405295	101	405295	0.00473267	0.00303609	0.003	0.01	4012.82	2607.24	45	9422	
0.4	5.4	2	73	8	3	193	254303	193	254303	0.00764249	0.00454969	0.003	0.017	1317.63	1136.71	45	9422	
0.4	5.4	21	74	24	3	1	60	1	60	0.01	0	0.01	0.01	60	0	60	60	
0.4	5.4	22	77	3	3	76	217281	76	217281	0.00898684	0.00247921	0.003	0.01	2858.96	2380.29	45	9422	
0.4	5.4	16	78	11	3	81	169496	79	165944	0.00867089	0.00355802	0.003	0.017	2100.56	1681.42	60	9422	
0.4	5.4	5	81	4	3	143	392077	144	394192	0.00708333	0.00346309	0.003	0.01	2737.44	2035.15	36	9422	
0.4	5.4	36	82	12	3	141	474675	141	474675	0.00662411	0.00351027	0.003	0.01	3366.49	2349.1	36	9422	
0.4	5.4	6	83	9	3	68	186629	67	180713	0.0071791	0.0034594	0.003	0.01	2697.21	1887.3	60	8873	
0.4	5.4	27	85	17	3	2	120	2	120	0.003	0	0.003	0.003	60	0	60	60	
0.4	5.4	52	86	7	3	156	186647	156	186647	0.00483974	0.00309108	0.003	0.01	1196.46	1038.98	60	7099	
0.4	5.4	21	87	11	3	5	5442	4	3667	0.00475	0.0035	0.003	0.01	916.75	733.545	60	1775	
0.4	5.4	34	88	30	3	177	124070	177	124070	0.00470056	0.00301052	0.003	0.01	700.96	615.267	58	4395	
0.4	5.4	42	89	29	3	16	14337	16	14337	0.005625	0.0035	0.003	0.01	896.062	538.099	60	1781	
0.4	5.4	35	90	22	3	41	121403	41	121403	0.00897561	0.00250487	0.003	0.01	2961.05	1818.89	60	6507	
0.4	5.4	12	91	6	3	56	194177	56	194177	0.00925	0.00218466	0.003	0.01	3467.45	2179.21	60	9422	
0.4	5.4	31	93	18	3	95	267688	96	272421	0.00620833	0.00350613	0.003	0.01	2837.72	2009.49	60	9422	
0.4	5.4	34	94	32	3	506	192128	506	192128	0.00561462	0.00401824	0.003	0.024	379.7	415.627	46	3550	
0.4	5.4	35	95	13	3	70	161166	70	161166	0.003	0	0.003	0.003	2302.37	2006.94	60	9422	
0.4	5.4	2	97	42	3	186	335738	186	335738	0.00717742	0.00380834	0.003	0.017	1805.04	1368.97	27	9422	
0.4	5.4	39	98	28	3	5	3669	4	1894	0.0065	0.00404145	0.003	0.01	473.5	537.855	53	1184	
0.4	5.4	24	99	1	3	54	222568	54	222568	0.00883333	0.00263324	0.003	0.01	4121.63	3025.41	45	9422	
0.4	5.4	34	102	64	3	12	9004	12	9004	0.00533333	0.00344656	0.003	0.01	750.333	584.383	6	1775	
0.4	5.4	34	103	23	3	1	60	1	60	0.01	0	0.01	0.01	60	0	60	60	
0.4	5.4	23	106	11	3	66	161664	66	161664	0.00469697	0.00302283	0.003	0.01	2449.45	2112.45	45	9422	
0.4	5.4	6	108	18	3	87	143321	87	143321	0.00758621	0.00334647	0.003	0.01	1647.37	2216.51	60	9422	
0.4	5.4	54	109	20	3	86	204878	86	204878	0.00324419	0.00129193	0.003	0.01	2382.3	1609.91	60	7708	
0.4	5.4	41	111	13	3	2	120	2	120	0.01	0	0.01	0.01	60	0	60	60	
0.4	5.4	25	112	31	3	96	184908	96	184908	0.00591667	0.00346916	0.003	0.01	1926.13	1759.89	16	9422	
0.4	5.4	48	115	19	3	36	88876	36	88876	0.00708333	0.0035	0.003	0.01	2468.78	2278.44	60	9422	
0.4	5.4	11	116	5	3	66	223170	66	223170	0.00830303	0.00302283	0.003	0.01	3381.36	2144.58	60	9422	
0.4	5.4	15	117	7	3	123	216146	123	216146	0.0051626	0.00324763	0.003	0.01	1757.28	1114.58	60	4733	
0.4	5.4	7	119	8	3	71	256894	71	256894	0.0041831	0.00264202	0.003	0.01	3618.23	3012.46	45	9422	
0.4	5.4	6	125	6	3	165	520329	165	520329	0.00626667	0.00350284	0.003	0.01	3153.51	2118.34	60	9422	
0.4	5.4	38	126	15	3	185	312687	185	312687	0.0068973	0.00430688	0.003	0.017	1690.2	1483.28	60	9422	
0.4	5.4	25	127	12	3	6	5444	6	5444	0.00766667	0.00361478	0.003	0.01	907.333	610.086	60	1775	
0.4	5.4	20	129	2	3	36	69423	36	69423	0.00727778	0.00384419	0.003	0.017	1928.42	2046.83	60	9124	
0.4	5.4	37	131	42	3	4	240	4	240	0.0065	0.00404145	0.003	0.01	60	0	60	60	
0.4	5.4	4	133	17	3	106	341501	106	341501	0.0070283	0.00347634	0.003	0.01	3221.71	1875.89	60	9422	
0.4	5.4	5	134	11	3	108	267591	107	262858	0.00875701	0.0031618	0.003	0.017	2456.62	1695.5	60	9422	
0.4	5.4	39	136	39	3	239	139736	239	139736	0.00510879	0.00340487	0.003	0.017	584.669	587.396	50	4395	
0.4	5.4	26	137	13	3	63	210150	63	210150	0.00777778	0.00328459	0.003	0.01	3335.71	2401.77	45	9422	
0.4	5.4	12	140	3	3	76	220822	76	220822	0.00760526	0.00334297	0.003	0.01	2905.55	3062.67	60	9422	
0.4	5.4	4	141	2	3	136	594815	136	594815	0.00413235	0.00258717	0.003	0.01	4373.64	2606.61	45	9422	
0.4	5.4	3	142	1	3	178	723230	178	723230	0.00394382	0.00239755	0.003	0.01	4063.09	2404.07	45	9422	
0.4	5.4	8	143	18	3	294	681901	294	681901	0.00716667	0.00367671	0.003	0.017	2319.39	1881.45	60	9422	
0.4	5.4	36	144	3	3	99	225818	99	224296	0.00695959	0.00376319	0.003	0.017	2265.62	1673.61	28	9422	
0.4	5.4	26	145	2	3	54	184121	54	184121	0.00857407	0.00284573	0.003	0.01	3409.65	2226.54	60	9422	
0.4	5.4	17	146	5	3	3	180	3	180	0.00766667	0.00404145	0.003	0.01	60	0	60	60	
0.4	5.4	25	148	34	3	131	359547	129	353629	0.00321705	0.0012181	0.003	0.01	2741.31	2079.18	60	9422	
0.4	5.4	17	149	19	3	2	120	2	120	0.01	0	0.01	0.01	60	0	60	60	
0.4	5.4	30	150	12	3	128	420306	128	420306	0.003	0	0.003	0.003	3283.64	1867.25	60	9422	
0.4	5.4	37	151	50	3	4	1952	4	1952	0.01	0.00571548	0.003	0.017	488	540.489	60	1184	
0.4	5.4	55	152	41	3	256	436661	256	436661	0.00663672	0.00429282	0.003	0.017	1705.71	1784.97	26	9422	
0.4	5.4	52	154	61	3	172	129585	172	129585	0.00507558	0.00362578	0.003	0.017	753.401	564.158	11	3550	
0.4	5.4	44	155	1	3	72	141790	72	141790	0.00688889	0.00350274	0.003	0.01	1969.31	1775.5	60	9422	
0.4	5.4	2	156	5	3	61	131511	61	131511	0.00472131	0.00303936	0.003	0.01	2155.92	1681.99	60	9422	
0.4	5.4	19	157	2	3	60	119676	60	119676	0.00953333	0.0040483	0.003	0.017	1994.6	1461.97	60	8169	
0.4	5.4	47	158	7	3	4	240	4	240	0.00825	0.0035	0.003	0.01	60	0	60	60	
0.4	5.4	11	159	4	3	114	355349	114	355349	0.003	0	0.003	0.003	3117.1	1952.63	60	9422	
0.4	5.4	8	160	3	3	133	389941	133	389941	0.00515789	0.00324467	0.003	0.01	2931.89	2328.99	60	9422	
0.4	5.4	36	161	4	3	83	201915	83	201324	0.00772289	0.00347575	0.003	0.017	2425.59	2023.66	60	9422	
0.4	5.4	3	162	19	3	165	570730	165	570730	0.00826061	0.00303415	0.003	0.01	3458.97	2447.99	36	9422	
0.4	5.4	20	163	11	3	3	180	3	180	0.00766667	0.00404145	0.003	0.01	60	0	60	60	
0.4	5.4	34	165	31	3	483	353594	483	353594	0.00475362	0.00303632	0.003	0.01	732.079	724.121	5	4395	
0.4	5.4	41	166	24	3	1	60	1	60	0.01	0	0.01	0.01	60	0	60	60	
0.4	5.4	6	167	1	3	66	187208	66	187208	0.00469697	0.00302283	0.003	0.01	2836.48	1920.49	60	8873	
0.4	5.4	31	168	1	3	136	419054	136	419054	0.00778676	0.00337619	0.003	0.017	3081.28	2031.24	10	9422	
0.4	5.4	2	169	21	3	1	60	1	60	0.003	0	0.003	0.003	60	0	60	60	
0.4	5.4	9	170	21	3	120	423497	120	423497	0.00830833	0.00300922	0.003	0.01	3529.14	2461.26	45	9422	
0.4	5.4	9	173	13	3	118	320365	117	316815	0.00940171	0.00269117	0.003	0.017	2707.82	2406.3	36	9422	
0.4	5.4	52	174	10	3	6	360	6	360	0.0065	0.00383406	0.003	0.01	60	0	60	60	
0.4	5.4	8	175	14	3	88	209135	89	210067	0.00378652	0.00222318	0.003	0.01	2360.3	1715.52	60	7690	
0.4	5.4	18	177	5	3	44	116206	44	116206	0.00681818	0.0035258	0.003	0.01	2641.05	2665.23	60	9422	
0.4	5.4	51	178	20	3	36	91244	36	91244	0.00825	0.0035	0.003	0.017	2534.56	2247.54	60	8873	
0.4	5.4	33	179	2	3	120	418541	120	418541	0.00755	0.00335279	0.003	0.01	3487.84	2098.51	60	9422	
0.4	5.4	52	180	63	3	3	180	3	180	0.003	0	0.003	0.003	60	0	60	60	
0.4	5.4	37	181	47	3	30	43916	30	43916	0.00696667	0.00438244	0.003	0.017	1463.87	1084.11	60	5916	
0.4	5.4	8	182	5	3	2	120	2	120	0.0065	0.00494975	0.003	0.01	60	0	60	60	
0.4	5.4	52	183	47	3	417	545244	417	545244	0.00533333	0.00383201	0.003	0.017	1307.54	1170.22	37	8873	
0.4	5.4	36	185	9	3	36	102489	36	102489	0.00747222	0.00340995	0.003	0.01	2846.92	2151.02	51	9422	
0.4	5.4	15	186	18	3	83	217296	83	217296	0.00595181	0.00347782	0.003	0.01	2618.02	1944.05	60	9422	
0.4	5.4	23	187	12	3	112	341043	112	341043	0.0046875	0.00300759	0.003	0.01	3045.03	2040.44	60	9422	
0.4	5.4	18	188	15	3	74	203678	74	203678	0.00659459	0.0035226	0.003	0.01	2752.41	1535.52	60	7690	
0.4	5.4	55	190	22	3	137	146475	137	146475	0.00545255	0.00356034	0.003	0.017	1069.16	1111.49	60	8873	
0.4	5.4	37	191	4	3	327	698095	325	695726	0.00655385	0.00354787	0.003	0.017	2140.7	1753.64	60	9422	
0.4	5.4	1	193	10	3	63	146871	63	146871	0.00588889	0.00347392	0.003	0.01	2331.29	1656.06	60	8873	
0.4	5.4	51	195	16	3	66	149838	66	149838	0.00830303	0.0034861	0.003	0.017	2270.27	2024.84	60	9422	
0.4	5.4	5	196	8	3	204	565259	204	565259	0.00807843	0.00349577	0.003	0.017	2770.88	1869.35	60	8873	
0.4	5.4	12	197	1	3	87	255257	86	251707	0.00877907	0.00287955	0.003	0.017	2926.83	2034.66	60	9422	
0.4	5.4	7	198	7	3	191	705744	190	700420	0.00657368	0.00350847	0.003	0.01	3686.42	2536.95	45	9422	
0.4	5.4	34	199	60	3	612	587883	610	585514	0.00476721	0.00304346	0.003	0.01	959.859	1227.98	11	9422	
0.4	5.4	29	201	11	3	1	60	1	60	0.01	0	0.01	0.01	60	0	60	60	
0.4	5.4	52	202	53	3	479	674629	480	675813	0.00550833	0.00378933	0.003	0.017	1407.94	1455.48	12	9422	
0.4	5.4	1	203	20	3	256	656725	256	656725	0.00712891	0.00386982	0.003	0.017	2565.33	2204.41	16	9422	
0.4	5.4	39	205	1	3	199	315693	199	315693	0.00465327	0.00298064	0.003	0.01	1586.4	1355.45	60	9422	
0.4	5.4	37	211	52	3	132	245368	132	245368	0.00607576	0.00359308	0.003	0.017	1858.85	1647.66	60	7099	
0.4	5.4	54	212	11	3	4	240	4	240	0.00825	0.0035	0.003	0.01	60	0	60	60	
0.4	5.4	37	214	63	3	71	136259	71	136259	0.00694366	0.00405282	0.003	0.017	1919.14	1564.55	8	7099	
0.4	5.4	2	217	10	3	2	120	2	120	0.0065	0.00494975	0.003	0.01	60	0	60	60	
0.4	5.4	37	218	9	3	82	126417	82	126417	0.00718293	0.00409495	0.003	0.017	1541.67	1414.49	60	9422	
0.4	5.4	52	219	25	3	281	321826	280	321234	0.005925	0.00355874	0.003	0.017	1147.26	868.723	43	5813	
0.4	5.4	39	220	22	3	313	249657	313	249657	0.00588498	0.00448068	0.003	0.017	797.626	738.865	5	4332	
0.4	5.4	48	222	9	3	176	600140	176	600140	0.00626136	0.00350182	0.003	0.01	3409.89	2248.08	45	9422	
0.4	5.4	42	223	10	3	105	385943	105	385943	0.003	0	0.003	0.003	3675.65	2212.47	45	9422	
0.4	5.4	32	226	2	3	133	428086	133	428086	0.00715789	0.00345061	0.003	0.01	3218.69	2412.76	45	9422	
0.4	5.4	34	227	22	3	598	341836	596	340460	0.0045151	0.00291356	0.003	0.017	571.242	740.114	43	9422	
0.4	5.4	34	228	49	3	585	160348	582	158804	0.00534536	0.00410356	0.003	0.024	272.859	295.569	7	1775	
0.4	5.4	6	229	17	3	35	61208	35	61208	0.0056	0.00382868	0.003	0.017	1748.8	1347.68	60	7099	
0.4	5.4	11	231	3	3	80	198364	80	198364	0.0071125	0.00346773	0.003	0.01	2479.55	1776.31	36	9422	
0.4	5.4	25	233	16	3	200	521597	200	521597	0.00559	0.00338811	0.003	0.01	2607.98	2160.63	57	9422	
0.4	5.4	34	234	14	3	1	60	1	60	0.003	0	0.003	0.003	60	0	60	60	
0.4	5.4	1	235	7	3	46	142129	46	142129	0.00452174	0.0029192	0.003	0.01	3089.76	2979.35	45	9422	
0.4	5.4	31	237	21	3	218	629868	218	629868	0.00733486	0.00366233	0.003	0.017	2889.3	2202.08	60	9422	
0.4	5.4	41	238	48	3	119	159850	118	159397	0.00555085	0.00350481	0.003	0.017	1350.82	1153.16	52	6882	
0.4	5.4	55	240	13	3	1	60	1	60	0.003	0	0.003	0.003	60	0	60	60	
0.4	5.4	39	242	14	3	4	3667	3	1892	0.00766667	0.00404145	0.003	0.01	630.667	562.2	60	1184	
0.4	5.4	31	244	15	3	95	163129	95	163129	0.00646316	0.00351837	0.003	0.01	1717.15	1370.76	60	6236	
0.4	5.4	54	245	4	3	87	183593	87	183593	0.00750575	0.00353676	0.003	0.017	2110.26	1576.72	60	8873	
0.4	5.4	19	246	11	3	197	683184	197	683184	0.00452792	0.00289889	0.003	0.01	3467.94	2712.12	45	9422	
0.4	5.4	41	247	30	3	54	90687	54	90687	0.00792592	0.00463722	0.003	0.017	1679.39	1322.16	60	5951	
0.4	5.4	39	248	35	3	348	306184	348	306184	0.00460919	0.00294955	0.003	0.01	879.839	766.848	9	4395	
0.4	5.4	36	251	22	3	106	339269	106	339269	0.00313207	0.000956934	0.003	0.01	3200.65	2253.9	45	9422	
0.4	5.4	27	252	20	3	134	468300	135	476582	0.00668148	0.00350831	0.003	0.01	3530.24	2458.24	36	9422	
0.4	5.4	52	253	50	3	104	154031	104	154031	0.00495192	0.00315422	0.003	0.01	1481.07	995.057	60	4395	
0.4	5.4	31	255	14	3	27	75855	27	75855	0.00792592	0.00379195	0.003	0.017	2809.44	2149.97	60	8873	
0.4	5.4	52	256	11	3	134	159504	132	155291	0.00512121	0.00386219	0.003	0.017	1176.45	892.269	60	4395	
0.4	5.4	2	257	20	3	20	43319	20	43319	0.0079	0.00329114	0.003	0.01	2165.95	1379.44	60	4395	
0.4	5.4	10	259	13	3	31	97741	31	97741	0.00774193	0.00332634	0.003	0.01	3152.94	2216.76	60	7099	
0.4	5.4	8	261	2	3	180	488312	180	488312	0.00611111	0.00348803	0.003	0.01	2712.84	2014.23	60	9422	
0.4	5.4	22	263	16	3	1	60	1	60	0.01	0	0.01	0.01	60	0	60	60	
0.4	5.4	25	264	29	3	108	219888	108	219888	0.00786111	0.00376273	0.003	0.017	2036	1914.03	5	9422	
0.4	5.4	37	265	16	3	1	60	1	60	0.01	0	0.01	0.01	60	0	60	60	
0.4	5.4	56	266	9	3	101	325658	101	325658	0.0079901	0.00318275	0.003	0.01	3224.34	1879.01	60	9422	
0.4	5.4	55	267	32	3	148	179555	148	179555	0.00626351	0.00403448	0.003	0.017	1213.21	843.23	54	3822	
0.4	5.4	11	268	9	3	111	369327	111	369327	0.00609009	0.00349168	0.003	0.01	3327.27	2677.81	45	9422	
0.4	5.4	33	269	1	3	14	35621	14	35621	0.007	0.00359487	0.003	0.01	2544.36	2506.69	60	8873	
0.4	5.4	52	270	13	3	2	120	2	120	0.0065	0.00494975	0.003	0.01	60	0	60	60	
0.4	5.4	2	272	36	3	115	158785	115	158785	0.00671304	0.00417966	0.003	0.017	1380.74	1081.94	60	5916	
0.4	5.4	9	273	6	3	133	402015	133	402015	0.00710526	0.0034603	0.003	0.01	3022.67	1970.55	60	9422	
0.4	5.4	41	274	53	3	142	395560	142	395560	0.003	0	0.003	0.003	2785.63	2334.94	45	9422	
0.4	5.4	43	275	9	3	186	783659	186	783659	0.003	0	0.003	0.003	4213.22	2450.06	45	9422	
0.4	5.4	4	276	6	3	55	232628	55	232628	0.00898182	0.00249066	0.003	0.01	4229.6	2401.51	57	9422	
0.4	5.4	25	277	33	3	68	193020	68	193020	0.003	0	0.003	0.003	2838.53	2080.49	60	9422	
0.4	5.4	56	278	10	3	46	128511	46	128511	0.003	0	0.003	0.003	2793.72	1888.13	60	6507	
0.4	5.4	33	279	8	3	134	470603	134	470603	0.00310448	0.000851965	0.003	0.01	3511.96	2446.97	45	9422	
0.4	5.4	1	284	6	3	117	289847	117	289847	0.0081453	0.00336376	0.003	0.017	2477.32	2048.14	22	9422	
0.4	5.4	34	287	52	3	696	573761	697	574406	0.00512912	0.00322267	0.003	0.01	824.112	958.51	4	9422	
0.4	5.4	41	288	26	3	187	390676	187	395020	0.00681818	0.00398776	0.003	0.017	2112.41	1863.06	60	9422	
0.4	5.4	53	289	17	3	39	66427	39	66427	0.00515385	0.00364575	0.003	0.017	1703.26	1636.18	60	9422	
0.4	5.4	2	292	28	3	130	256405	130	253785	0.00601538	0.0034797	0.003	0.01	1952.19	1214.84	36	5916	
0.4	5.4	54	293	3	3	113	236395	113	236395	0.00758407	0.00446359	0.003	0.017	2091.99	1871.94	60	9422	
0.4	5.4	14	295	7	3	32	97154	32	97154	0.00803125	0.00319762	0.003	0.01	3036.06	2179.69	60	9422	
0.4	5.4	49	296	3	3	151	576121	151	576121	0.003	0	0.003	0.003	3815.37	2359	60	9422	
0.4	5.4	25	297	2	3	139	318628	140	319220	0.00695	0.00386708	0.003	0.017	2280.14	1925.44	17	9422	
0.4	5.4	23	298	16	3	1	60	1	60	0.01	0	0.01	0.01	60	0	60	60	
0.4	5.4	33	300	11	3	94	299035	93	293711	0.00841935	0.00294265	0.003	0.01	3158.18	2389.15	60	9422	
0.4	5.4	15	301	4	3	134	339914	134	339914	0.003	0	0.003	0.003	2536.67	1737.92	60	9422	
0.4	5.4	26	303	21	3	118	332654	118	332654	0.00934746	0.00204387	0.003	0.01	2819.1	1999.44	60	9422	
0.4	5.4	56	306	1	3	145	485512	145	485512	0.00758621	0.00333872	0.003	0.01	3348.36	2170.92	57	9422	
0.4	5.4	9	307	11	3	88	282944	87	275845	0.00597701	0.00364078	0.003	0.017	3170.63	2085.99	60	8873	
0.4	5.4	17	308	4	3	147	475849	146	473482	0.00645205	0.00351172	0.003	0.01	3243.03	2026.11	60	9422	
0.4	5.4	42	309	8	3	3	180	3	180	0.01	0	0.01	0.01	60	0	60	60	
0.4	5.4	40	312	18	3	16	41534	16	41534	0.0086875	0.00380734	0.003	0.017	2595.88	2095.66	60	7099	
0.4	5.4	37	314	27	3	1	60	1	60	0.01	0	0.01	0.01	60	0	60	60	
0.4	5.4	25	315	25	3	194	617414	194	617414	0.00624742	0.00349991	0.003	0.01	3182.55	2646.65	15	9422	
0.4	5.4	57	317	4	3	123	413715	123	413715	0.003	0	0.003	0.003	3363.54	2087.18	60	9422	
0.4	5.4	40	318	10	3	51	180629	50	178262	0.00314	0.000989949	0.003	0.01	3565.24	2533.46	60	9422	
0.4	5.4	1	322	1	3	116	413700	117	414292	0.00461538	0.00296196	0.003	0.01	3540.96	2760.48	45	9422	
0.4	5.4	55	324	42	3	100	153592	100	153592	0.00489	0.00312337	0.003	0.01	1535.92	1078.2	57	4395	
0.4	5.4	2	327	7	3	4	240	4	240	0.00825	0.0035	0.003	0.01	60	0	60	60	
0.4	5.4	34	328	68	3	137	69599	137	69599	0.00606569	0.00439954	0.003	0.017	508.022	428.408	42	2941	
0.4	5.4	55	329	43	3	180	387382	179	386607	0.00577654	0.00351327	0.003	0.017	2159.82	2052.71	36	9422	
0.4	5.4	16	330	5	3	129	416312	126	406251	0.00727778	0.00342611	0.003	0.01	3224.21	2226.74	45	9422	
0.4	5.4	10	332	1	3	67	235584	67	235584	0.003	0	0.003	0.003	3516.18	2091.91	60	9422	
0.4	5.4	52	333	40	3	132	204476	132	204476	0.003	0	0.003	0.003	1549.06	1407.74	60	8317	
0.4	5.4	41	337	52	3	62	93712	62	93712	0.00706452	0.00483454	0.003	0.017	1511.48	1387.6	60	7577	
0.4	5.4	38	338	12	3	126	362756	126	362756	0.00638889	0.00372875	0.003	0.017	2879.02	2658.72	45	9422	
0.4	5.4	6	339	10	3	42	103142	42	103142	0.00766667	0.00333983	0.003	0.01	2455.76	1612.26	60	5324	
0.4	5.4	47	341	15	3	37	119038	37	119038	0.003	0	0.003	0.003	3217.24	2408.37	60	9422	
0.4	5.4	27	342	3	3	75	284889	73	283113	0.003	0	0.003	0.003	3878.26	2855.24	60	9422	
0.4	5.4	29	346	9	3	41	88885	41	88885	0.00778049	0.00365043	0.003	0.017	2167.93	1988.77	60	9422	
0.4	5.4	55	349	2	3	2	120	2	120	0.0065	0.00494975	0.003	0.01	60	0	60	60	
0.4	5.4	7	350	9	3	145	504216	144	501258	0.00761805	0.00332819	0.003	0.01	3480.96	2358.86	45	9422	
0.4	5.4	7	351	6	3	14	49813	14	49813	0.005	0.00328165	0.003	0.01	3558.07	2896.25	60	9422	
0.4	5.4	38	352	5	3	57	106705	57	106705	0.00496491	0.00368377	0.003	0.017	1872.02	1536.83	8	7099	
0.4	5.4	26	353	6	3	54	122728	54	122728	0.00740741	0.00341207	0.003	0.01	2272.74	2150.36	60	9422	
0.4	5.4	41	354	2	3	70	103845	70	103845	0.006	0.00439037	0.003	0.017	1483.5	1346.73	60	9422	
0.4	5.4	20	355	25	3	82	202023	82	202023	0.0065	0.00352154	0.003	0.01	2463.7	1714.91	60	9422	
0.4	5.4	19	356	23	3	74	185341	74	185341	0.003	0	0.003	0.003	2504.61	1759.4	60	7098	
0.4	5.4	40	357	17	3	84	207451	84	207451	0.008	0.00318127	0.003	0.01	2469.65	1850.59	60	9422	
0.4	5.4	17	360	3	3	78	300084	78	300084	0.00416667	0.00262563	0.003	0.01	3847.23	2439.39	60	9422	
0.4	5.4	39	362	55	3	338	259714	338	259714	0.00484319	0.00318038	0.003	0.017	768.385	607.302	7	5057	
0.4	5.4	34	363	62	3	223	199928	223	199928	0.003	0	0.003	0.003	896.538	1020.45	3	9422	
0.4	5.4	9	364	22	3	102	280724	102	280724	0.00759804	0.00333971	0.003	0.01	2752.2	1643.03	60	7099	
0.4	5.4	38	366	4	3	106	212588	106	212588	0.00630189	0.00351099	0.003	0.01	2005.55	1609.17	52	9422	
0.4	5.4	13	367	8	3	77	333794	77	333794	0.00563636	0.00341402	0.003	0.01	4334.99	3138.77	45	9422	
0.4	5.4	41	370	42	3	103	213255	103	213255	0.00694175	0.00388013	0.003	0.017	2070.44	1560.54	60	8873	
0.4	5.4	36	371	21	3	145	341697	146	343472	0.00774657	0.00367059	0.003	0.017	2352.55	2209.28	45	9422	
0.4	5.4	41	372	61	3	6	2197	5	1896	0.0058	0.00383406	0.003	0.01	379.2	209.639	60	648	
0.4	5.4	13	374	2	3	124	514844	124	514844	0.00830645	0.00300995	0.003	0.01	4151.97	2605.35	45	9422	
0.4	5.4	5	375	5	3	141	571304	140	570120	0.006	0.00347654	0.003	0.01	4072.29	2846.39	10	9422	
0.4	5.4	37	376	29	3	28	68288	28	68288	0.00675	0.00355512	0.003	0.01	2438.86	2304.6	60	9422	
0.4	5.4	34	378	43	3	673	329813	673	329813	0.0047578	0.00313238	0.003	0.017	490.064	568.361	12	5324	
0.4	5.4	20	380	28	3	184	442791	184	442791	0.00691848	0.00363482	0.003	0.017	2406.47	2130.36	45	9422	
0.4	5.4	52	382	42	3	1	60	1	60	0.003	0	0.003	0.003	60	0	60	60	
0.4	5.4	37	383	62	3	4	1894	4	1894	0.003	0	0.003	0.003	473.5	412.207	60	967	
0.4	5.4	10	385	8	3	124	477100	124	477100	0.003	0	0.003	0.003	3847.58	1975.29	45	9422	
0.4	5.4	2	388	12	3	42	66421	42	66421	0.00566667	0.00344055	0.003	0.01	1581.45	1430.6	60	7099	
0.4	5.4	39	391	44	3	235	153081	235	153081	0.00496596	0.00321836	0.003	0.017	651.409	728.534	14	9422	
0.4	5.4	43	392	3	3	2	120	2	120	0.0065	0.00494975	0.003	0.01	60	0	60	60	
0.4	5.4	25	394	1	3	195	584161	195	584161	0.00666154	0.0035766	0.003	0.017	2995.7	2313.03	45	9422	
0.4	5.4	50	395	5	3	144	526244	144	526244	0.00533333	0.00331135	0.003	0.01	3654.47	2611.74	45	9422	
0.4	5.4	41	397	47	3	35	30915	35	30915	0.0058	0.00422736	0.003	0.017	883.286	572.565	50	2958	
0.4	5.4	50	399	24	3	14	49222	14	49222	0.003	0	0.003	0.003	3515.86	3054.34	60	9422	
0.4	5.4	52	400	69	3	231	328853	231	328853	0.0059697	0.00370475	0.003	0.017	1423.61	1429.36	35	9422	
0.4	5.4	20	401	3	3	155	604791	155	604791	0.003	0	0.003	0.003	3901.88	2404.37	45	9422	
0.4	5.4	46	403	6	3	43	130877	42	129693	0.00916667	0.00229439	0.003	0.01	3087.93	2031.12	60	7690	
0.4	5.4	50	405	20	3	27	93006	27	93006	0.003	0	0.003	0.003	3444.67	2897.63	60	9422	
0.4	5.4	18	409	29	3	178	475437	178	475437	0.00803371	0.00427303	0.003	0.024	2670.99	1988.6	60	9422	
0.4	5.4	8	410	1	3	93	235645	93	235645	0.003	0	0.003	0.003	2533.82	2304.52	45	9422	
0.4	5.4	17	412	1	3	90	253367	90	253367	0.00673333	0.00351178	0.003	0.01	2815.19	1953.45	57	9422	
0.4	5.4	14	413	10	3	116	422078	116	422078	0.00933621	0.00205973	0.003	0.01	3638.6	2608.36	45	9422	
0.4	5.4	10	414	10	3	44	139753	44	139753	0.00347727	0.0017848	0.003	0.01	3176.2	2681.25	60	9422	
0.4	5.4	45	415	13	3	51	185888	51	185888	0.003	0	0.003	0.003	3644.86	2897.77	60	9422	
0.4	5.4	33	416	7	3	111	476394	112	480535	0.0043125	0.00274447	0.003	0.01	4290.49	2830.92	45	9422	
0.4	5.4	57	417	21	3	112	388849	112	388849	0.003	0	0.003	0.003	3471.87	2509.88	45	9422	
0.4	5.4	39	420	16	3	1	60	1	60	0.003	0	0.003	0.003	60	0	60	60	
0.4	5.4	38	421	9	3	70	121462	70	121462	0.0061	0.00350217	0.003	0.01	1735.17	1501.9	60	7099	
0.4	5.4	28	422	1	3	33	88278	33	88278	0.0070303	0.00351323	0.003	0.01	2675.09	2066.8	60	9422	
0.4	5.4	39	426	46	3	1	60	1	60	0.01	0	0.01	0.01	60	0	60	60	
0.4	5.4	55	427	44	3	119	144046	119	144046	0.00558823	0.00351368	0.003	0.017	1210.47	1158.51	60	9422	
0.4	5.4	47	428	16	3	2	708	2	708	0.0065	0.00494975	0.003	0.01	354	415.779	60	648	
0.4	5.4	55	429	7	3	220	341077	220	341077	0.00662727	0.00350566	0.003	0.01	1550.35	1372.94	36	9422	
0.4	5.4	6	434	15	3	9	14320	9	14320	0.00844444	0.00308671	0.003	0.01	1591.11	1167.73	60	4135	
0.4	5.4	55	435	21	3	95	197302	95	197302	0.003	0	0.003	0.003	2076.86	1712.53	60	9422	
0.4	5.4	31	436	13	3	3	180	3	180	0.00533333	0.00404145	0.003	0.01	60	0	60	60	
0.4	5.4	22	437	2	3	145	374902	145	374902	0.00802069	0.00337159	0.003	0.017	2585.53	2321.78	45	9422	
0.4	5.4	15	440	3	3	270	451266	270	451266	0.00699259	0.00439753	0.003	0.024	1671.36	1548.09	21	9422	
0.4	5.4	29	441	7	3	76	255707	76	255707	0.00668421	0.00351837	0.003	0.01	3364.57	1682.04	60	8873	
0.4	5.4	34	445	48	3	265	191752	264	190215	0.0052803	0.00328683	0.003	0.01	720.511	902.538	5	7099	
0.4	5.4	50	448	11	3	23	55152	23	55152	0.00817391	0.00314284	0.003	0.01	2397.91	2091.86	60	9422	
0.4	5.4	46	450	11	3	138	381284	138	381284	0.00883333	0.00261825	0.003	0.01	2762.93	1836.54	60	9422	
0.4	5.4	8	451	6	3	57	128646	57	128646	0.00361403	0.00199781	0.003	0.01	2256.95	1974.65	60	9422	
0.4	5.4	38	452	19	3	214	412561	214	412561	0.00741589	0.00406519	0.003	0.017	1927.86	1737.89	58	9422	
0.4	5.4	27	453	5	3	162	675126	162	675126	0.003	0	0.003	0.003	4167.44	2514.13	45	9422	
0.4	5.4	15	454	13	3	2	120	2	120	0.01	0	0.01	0.01	60	0	60	60	
0.4	5.4	39	455	25	3	2	120	2	120	0.01	0	0.01	0.01	60	0	60	60	
0.4	5.4	34	456	75	3	356	430756	356	430756	0.00386517	0.00230708	0.003	0.01	1209.99	1154.17	13	7099	
0.4	5.4	10	457	7	3	107	341612	107	341612	0.00620561	0.00350401	0.003	0.01	3192.64	2072.12	60	9422	
0.4	5.4	32	458	1	3	59	197741	59	197741	0.00750847	0.00338033	0.003	0.01	3351.54	3034.26	36	9422	
0.4	5.4	22	459	5	3	73	156343	73	156343	0.00827397	0.00325431	0.003	0.017	2141.68	1548.07	60	8873	
0.4	5.4	2	460	27	3	28	48060	28	48060	0.0065	0.00404145	0.003	0.017	1716.43	1310.49	60	5324	
0.4	5.4	11	461	18	3	53	90688	53	90688	0.00762264	0.00386914	0.003	0.017	1711.09	1326.75	36	4733	
0.4	5.4	34	462	35	3	143	54792	143	54792	0.00461538	0.0031843	0.003	0.017	383.161	418.591	11	2367	
0.4	5.4	24	464	6	3	11	38573	11	38573	0.00809091	0.0032697	0.003	0.01	3506.64	3221.55	60	9422	
0.4	5.4	22	466	15	3	135	518385	135	518385	0.003	0	0.003	0.003	3839.89	2706.36	60	9422	
0.4	5.4	34	470	51	3	343	162202	343	162202	0.00469388	0.00300237	0.003	0.01	472.892	428.768	25	2824	
0.4	5.4	24	471	4	3	37	119043	36	116085	0.00902778	0.00245515	0.003	0.01	3224.58	2404.44	45	9422	
0.4	5.4	32	472	6	3	76	221419	76	221419	0.0030921	0.000802955	0.003	0.01	2913.41	2077.17	60	9422	
0.4	5.4	39	473	11	3	2	120	2	120	0.0065	0.00494975	0.003	0.01	60	0	60	60	
0.4	5.4	48	474	16	3	109	346956	108	342223	0.00837963	0.0032604	0.003	0.017	3168.73	1987.21	60	9422	
0.4	5.4	54	475	16	3	55	111379	55	111379	0.00732727	0.00343217	0.003	0.01	2025.07	1678.6	60	8873	
0.4	5.4	19	476	14	3	4	240	4	240	0.00475	0.0035	0.003	0.01	60	0	60	60	
0.4	5.4	38	477	17	3	122	151824	123	151865	0.0078374	0.00475356	0.003	0.024	1234.67	891.607	41	4141	
0.4	5.4	39	480	15	3	136	153021	136	153021	0.00603676	0.00378184	0.003	0.017	1125.15	793.771	60	4904	
0.4	5.4	25	481	7	3	9	14320	9	14320	0.00766667	0.00494975	0.003	0.017	1591.11	1109.8	60	3182	
0.4	5.4	20	482	23	3	82	205098	82	205098	0.00453658	0.00291524	0.003	0.01	2501.2	2224.47	60	9422	
0.4	5.4	41	484	14	3	140	169777	138	168492	0.00578985	0.00354214	0.003	0.017	1220.96	1033.28	43	6507	
0.4	5.4	56	486	5	3	3	1892	3	1892	0.00533333	0.00404145	0.003	0.01	630.667	562.2	60	1184	
0.4	5.4	52	490	16	3	148	242952	148	242952	0.00583784	0.00344846	0.003	0.01	1641.57	1190.49	18	5324	
0.4	5.4	15	491	17	3	2	120	2	120	0.0065	0.00494975	0.003	0.01	60	0	60	60	
0.4	5.4	56	493	13	3	1	60	1	60	0.01	0	0.01	0.01	60	0	60	60	
0.4	5.4	42	494	26	3	54	135639	54	135639	0.00624074	0.00377647	0.003	0.017	2511.83	1700.83	60	7690	
0.4	5.4	28	495	14	3	33	71729	33	71729	0.00660606	0.00355263	0.003	0.01	2173.61	1706.95	60	9422	
0.4	5.4	15	497	2	3	93	251015	94	256339	0.00478723	0.00306865	0.003	0.01	2727.01	1760.41	60	9422	
0.4	5.4	53	499	2	3	121	220904	121	220904	0.00687603	0.00382877	0.003	0.017	1825.65	1531.17	36	9422	
0.4	5.4	52	501	65	3	75	57603	74	56419	0.00404054	0.00250719	0.003	0.01	762.419	537.467	60	3550	
0.4	5.4	38	503	11	3	29	46279	30	48054	0.00626667	0.00399943	0.003	0.017	1601.8	858.054	60	3182	
0.4	5.4	26	504	17	3	13	31481	13	31481	0.00730769	0.00354459	0.003	0.01	2421.62	2535.53	60	9422	
0.4	5.4	21	506	3	3	3	180	3	180	0.00533333	0.00404145	0.003	0.01	60	0	60	60	
0.4	5.4	57	507	3	3	136	430858	136	430858	0.00747794	0.00337302	0.003	0.01	3168.07	2240.55	45	9422	
0.4	5.4	31	510	8	3	1	60	1	60	0.003	0	0.003	0.003	60	0	60	60	
0.4	5.4	57	511	9	3	1	60	1	60	0.01	0	0.01	0.01	60	0	60	60	
0.4	5.4	20	512	24	3	5	5442	5	5442	0.0072	0.00383406	0.003	0.01	1088.4	742.216	60	1775	
0.4	5.4	7	513	13	3	105	359953	105	359953	0.00693333	0.00348973	0.003	0.01	3428.12	2503.92	57	9422	
0.4	5.4	21	514	6	3	4	240	4	240	0.003	0	0.003	0.003	60	0	60	60	
0.4	5.4	26	515	14	3	96	364094	96	364094	0.00730208	0.00342474	0.003	0.01	3792.65	3064.72	45	9422	
0.4	5.4	41	516	54	3	20	16111	20	16111	0.00475	0.00310983	0.003	0.01	805.55	582.305	60	1775	
0.4	5.4	20	517	1	3	230	506704	230	506704	0.00726087	0.00360637	0.003	0.017	2203.06	1891.77	45	9422	
0.4	5.4	2	518	15	3	16	30887	16	30887	0.00475	0.0031305	0.003	0.01	1930.44	1378.38	60	5324	
0.4	5.4	57	519	18	3	116	306641	116	306641	0.00794827	0.00320012	0.003	0.01	2643.46	1856.16	60	9422	
0.4	5.4	6	521	21	3	70	162358	70	162358	0.0057	0.00343195	0.003	0.01	2319.4	1578.1	60	7690	
0.4	5.4	14	522	8	3	182	574738	182	574738	0.003	0	0.003	0.003	3157.9	2754.55	45	9422	
0.4	5.4	15	524	16	3	84	222023	84	222023	0.00433333	0.00276525	0.003	0.01	2643.13	1920.89	60	9422	
0.4	5.4	20	525	10	3	121	217571	119	215257	0.00758823	0.00391306	0.003	0.017	1808.88	1470.19	45	9422	
0.4	5.4	6	526	27	3	44	71811	44	71811	0.0065	0.00354046	0.003	0.01	1632.07	1643.42	60	9422	
0.4	5.4	17	527	7	3	53	133951	53	133951	0.00550943	0.00338902	0.003	0.01	2527.38	1511.86	60	7099	
0.4	5.4	54	528	22	3	69	184143	69	184143	0.00634783	0.00352231	0.003	0.01	2668.74	2090.21	60	9422	
0.4	5.4	36	530	17	3	5	5442	4	3667	0.01	0	0.01	0.01	916.75	733.545	60	1775	
0.4	5.4	11	531	13	3	158	385362	158	385362	0.00849367	0.00329011	0.003	0.017	2439	1898.41	60	9422	
0.4	5.4	22	532	9	3	33	60019	31	57060	0.00683871	0.00354116	0.003	0.01	1840.65	1332.65	60	4395	
0.4	5.4	26	534	9	3	1	60	1	60	0.003	0	0.003	0.003	60	0	60	60	
0.4	5.4	37	535	68	3	6	5444	6	5444	0.00533333	0.00361478	0.003	0.01	907.333	599.723	60	1775	
0.4	5.4	57	536	2	3	75	215488	75	215488	0.003	0	0.003	0.003	2873.17	1906.17	60	6507	
0.4	5.4	25	538	22	3	77	145133	76	144541	0.00797368	0.00358134	0.003	0.017	1901.86	1941.22	4	9422	
0.4	5.4	43	540	14	3	114	432143	114	432143	0.00631579	0.00351058	0.003	0.01	3790.73	2499.51	45	9422	
0.4	5.4	30	541	15	3	127	411356	127	411356	0.00663779	0.00351114	0.003	0.01	3239.02	2084.98	45	9422	
0.4	5.4	6	543	12	3	125	526083	125	526083	0.003	0	0.003	0.003	4208.66	2539.44	45	9422	
0.4	5.4	52	544	27	3	59	91863	59	91863	0.0059661	0.00394342	0.003	0.017	1557	1433.79	60	9422	
0.4	5.4	16	546	2	3	98	339732	98	339732	0.00564286	0.00341087	0.003	0.01	3466.65	1860.88	60	9422	
0.4	5.4	47	547	6	3	126	565119	126	565119	0.00677778	0.00350289	0.003	0.01	4485.07	2833.4	45	9422	
0.4	5.4	55	548	4	3	1	60	1	60	0.003	0	0.003	0.003	60	0	60	60	
0.4	5.4	50	549	13	3	114	379991	113	374075	0.00746018	0.00338071	0.003	0.01	3310.4	2241.92	45	9422	
0.4	5.4	3	550	11	3	188	605771	187	599264	0.00782888	0.00332676	0.003	0.017	3204.62	2699.56	45	9422	
0.4	5.4	15	551	14	3	168	311651	169	312583	0.00639645	0.00350886	0.003	0.01	1849.6	1564.64	13	9422	
0.4	5.4	49	554	5	3	134	506078	134	506078	0.00482836	0.00308654	0.003	0.01	3776.7	2475.01	60	9422	
0.4	5.4	55	555	29	3	58	124395	59	126762	0.00727119	0.00344329	0.003	0.01	2148.51	2187.19	60	9422	
0.4	5.4	14	556	3	3	147	554724	147	554724	0.003	0	0.003	0.003	3773.63	2790.11	45	9422	
0.4	5.4	34	557	65	3	266	122510	266	122510	0.00544737	0.00451988	0.003	0.024	460.564	588.878	60	4395	
0.4	5.4	1	559	18	3	111	310784	111	310784	0.00533333	0.0033148	0.003	0.01	2799.86	2013.91	60	9422	
0.4	5.4	13	561	17	3	22	84720	21	78804	0.00633333	0.00358236	0.003	0.01	3752.57	2691.24	60	9422	
0.4	5.4	10	562	9	3	34	115489	34	115489	0.003	0	0.003	0.003	3396.74	2810.92	60	9422	
0.4	5.4	6	563	23	3	43	93025	43	93025	0.00723256	0.00408153	0.003	0.017	2163.37	2103.11	60	9422	
0.4	5.4	54	564	24	3	24	51125	24	51125	0.00825	0.00309628	0.003	0.01	2130.21	1864.88	60	4904	
0.4	5.4	24	565	10	3	90	322553	90	322553	0.00603333	0.00348818	0.003	0.01	3583.92	1922.85	60	9422	
0.4	5.4	44	566	11	3	189	660552	189	660552	0.008	0.00317068	0.003	0.01	3494.98	3048.01	42	9422	
0.4	5.4	43	567	2	3	2	120	2	120	0.0065	0.00494975	0.003	0.01	60	0	60	60	
0.4	5.4	38	572	10	3	137	386473	135	384105	0.00621481	0.00350135	0.003	0.01	2845.22	2492.52	45	9422	
0.4	5.4	39	573	52	3	214	160809	214	160809	0.00502804	0.00352578	0.003	0.017	751.444	636.814	60	3182	
0.4	5.4	10	575	6	3	1	60	1	60	0.003	0	0.003	0.003	60	0	60	60	
0.4	5.4	41	576	51	3	89	78061	87	76644	0.00734483	0.00468254	0.003	0.024	880.966	670.962	60	4141	
0.4	5.4	23	577	24	3	22	70529	22	70529	0.003	0	0.003	0.003	3205.86	2734.94	60	9422	
0.4	5.4	12	579	10	3	149	638486	148	633753	0.00564865	0.00340641	0.003	0.01	4282.11	2712.12	45	9422	
0.4	5.4	17	581	20	3	130	372918	131	380017	0.00780916	0.0032584	0.003	0.01	2900.89	2375.67	36	9422	
0.4	5.4	21	583	14	3	3	180	3	180	0.003	0	0.003	0.003	60	0	60	60	
0.4	5.4	1	586	11	3	164	473622	164	473622	0.00658536	0.00350968	0.003	0.01	2887.94	2177.65	43	9422	
0.4	5.4	51	587	25	3	112	348030	112	348030	0.006875	0.00349549	0.003	0.01	3107.41	2217.24	36	9422	
0.4	5.4	18	588	9	3	26	68759	26	68759	0.00703846	0.00352682	0.003	0.01	2644.58	2193.64	60	9422	
0.4	5.4	19	590	19	3	75	192432	75	192432	0.00570667	0.00343186	0.003	0.01	2565.76	2296.56	36	9422	
0.4	5.4	41	591	16	3	87	90138	87	90138	0.00597701	0.00348077	0.003	0.01	1036.07	636.278	60	3550	
0.4	5.4	35	592	25	3	38	156895	38	156895	0.00926316	0.00217708	0.003	0.01	4128.82	2645.39	60	9422	
0.4	5.4	23	593	2	3	2	120	2	120	0.01	0	0.01	0.01	60	0	60	60	
0.4	5.4	41	594	50	3	163	310476	165	315209	0.00588485	0.00345601	0.003	0.01	1910.36	1832.34	60	9422	
0.4	5.4	55	595	37	3	46	49877	46	49877	0.0065	0.00460796	0.003	0.017	1084.28	934.705	29	4141	
0.4	5.4	37	596	71	3	174	251244	174	251244	0.00706322	0.00471151	0.003	0.024	1443.93	1507.85	5	9422	
0.4	5.4	37	597	53	3	113	197803	113	197803	0.00646903	0.00351545	0.003	0.01	1750.47	1420.15	60	9422	
0.4	5.4	48	599	12	3	123	376503	124	381827	0.00633064	0.00351008	0.003	0.01	3079.25	1805.66	57	8873	
0.4	5.4	41	600	18	3	1	60	1	60	0.003	0	0.003	0.003	60	0	60	60	
0.4	5.4	18	601	25	3	112	311363	112	312546	0.0081875	0.00308011	0.003	0.01	2790.59	2258.72	45	9422	
0.4	5.4	10	602	5	3	54	150411	54	150411	0.00701852	0.00349388	0.003	0.01	2785.39	2100.88	45	9422	
0.4	5.4	32	605	10	3	47	137393	47	137393	0.00553191	0.00339981	0.003	0.01	2923.26	2431.73	45	9422	
0.4	5.4	19	606	25	3	106	212234	108	217221	0.00630555	0.00351089	0.003	0.01	2011.31	1651.9	30	8873	
0.4	5.4	38	609	3	3	101	263448	101	263448	0.00306931	0.000696526	0.003	0.01	2608.4	1908.61	60	9422	
0.4	5.4	55	610	24	3	90	108118	85	104943	0.00563529	0.00373799	0.003	0.017	1234.62	959.399	60	5324	
0.4	5.4	51	611	27	3	76	156375	76	156375	0.00732895	0.00411627	0.003	0.017	2057.57	1840.2	36	9422	
0.4	5.4	49	612	7	3	35	91247	35	91247	0.0076	0.00337116	0.003	0.01	2607.06	2203.04	36	9422	
0.4	5.4	14	613	1	3	113	430252	113	430252	0.00646903	0.00351545	0.003	0.01	3807.54	2344.56	45	9422	
0.4	5.4	4	614	5	3	92	384077	92	384077	0.00627174	0.00351169	0.003	0.01	4174.75	1971.7	60	9422	
0.4	5.4	35	616	24	3	48	216062	48	216062	0.003	0	0.003	0.003	4501.29	2718.32	60	9422	
0.4	5.4	37	617	7	3	156	478946	156	478946	0.003	0	0.003	0.003	3070.17	1858.47	60	9422	
0.4	5.4	30	618	6	3	106	271750	106	271750	0.00768868	0.00357868	0.003	0.017	2563.68	2304.62	60	9422	
0.4	5.4	40	619	3	3	106	418984	106	418984	0.003	0	0.003	0.003	3952.68	2260.7	45	9422	
0.4	5.4	7	620	11	3	131	346400	131	346400	0.00780916	0.00337209	0.003	0.017	2644.27	2092.57	28	9422	
0.4	5.4	34	621	28	3	300	134382	300	134382	0.00493667	0.00450856	0.003	0.017	447.94	739.943	45	9422	
0.4	5.4	32	626	15	3	175	565428	175	565428	0.00716	0.00352782	0.003	0.017	3231.02	2115.7	36	9422	
0.4	5.4	37	628	57	3	22	33267	22	33267	0.00554545	0.00344656	0.003	0.01	1512.14	1602.39	60	8282	
0.4	5.4	36	629	1	3	70	256300	69	251567	0.00746377	0.00338934	0.003	0.01	3645.9	2062.16	60	9422	
0.4	5.4	41	630	20	3	105	106713	105	106713	0.00673333	0.00412606	0.003	0.017	1016.31	653.696	60	4141	
0.4	5.4	50	632	17	3	11	39756	11	39756	0.00745454	0.00353167	0.003	0.01	3614.18	3369.8	60	9422	
0.4	5.4	11	633	16	3	57	143337	57	143337	0.00803509	0.0039141	0.003	0.017	2514.68	1656.95	13	7099	
0.4	5.4	28	635	9	3	169	558653	169	558653	0.00834319	0.00298418	0.003	0.01	3305.64	2286.96	45	9422	
0.4	5.4	5	638	12	3	115	404722	115	404722	0.00665217	0.00351199	0.003	0.01	3519.32	2619.2	45	9422	
0.4	5.4	5	639	2	3	30	117854	29	117262	0.0042069	0.00269098	0.003	0.01	4043.52	3135.75	60	9422	
0.4	5.4	2	642	32	3	2	120	2	120	0.003	0	0.003	0.003	60	0	60	60	
0.4	5.4	3	643	7	3	135	517796	134	516611	0.00691791	0.003488	0.003	0.01	3855.31	2175.26	36	9422	
0.4	5.4	41	646	41	3	75	165258	74	164163	0.00508108	0.00322132	0.003	0.01	2218.42	1976.94	60	9422	
0.4	5.4	27	647	15	3	95	237405	96	237997	0.00854167	0.00303286	0.003	0.017	2479.14	1723.26	60	9422	
0.4	5.4	2	648	2	3	2	120	2	120	0.0065	0.00494975	0.003	0.01	60	0	60	60	
0.4	5.4	37	649	74	3	2	708	2	708	0.003	0	0.003	0.003	354	415.779	60	648	
0.4	5.4	37	650	14	3	1	60	1	60	0.01	0	0.01	0.01	60	0	60	60	
0.4	5.4	8	651	22	3	96	158756	96	158756	0.00679167	0.00365028	0.003	0.017	1653.71	995.971	60	4395	
0.4	5.4	15	653	22	3	178	375024	178	375024	0.00685393	0.00393894	0.003	0.017	2106.88	1556.18	60	9422	
0.4	5.4	38	655	14	3	136	391525	136	391525	0.00593382	0.00346667	0.003	0.01	2878.86	1968.52	45	9422	
0.4	5.4	51	656	12	3	148	454892	148	454892	0.00735135	0.00340641	0.003	0.01	3073.59	2551.3	43	9422	
0.4	5.4	34	660	33	3	373	139960	373	139960	0.00461394	0.00324965	0.003	0.017	375.228	513.12	5	4395	
0.4	5.4	25	663	14	3	53	76500	53	76500	0.00590566	0.00374301	0.003	0.017	1443.4	930.923	10	4141	
0.4	5.4	55	664	36	3	276	379226	275	378725	0.00653818	0.00402834	0.003	0.017	1377.18	1296.95	26	9422	
0.4	5.4	36	666	8	3	140	319708	140	319708	0.00675	0.00388527	0.003	0.017	2283.63	1748.85	36	9422	
0.4	5.4	44	667	2	3	47	64028	48	64620	0.00620833	0.00352474	0.003	0.01	1346.25	1806.67	60	9422	
0.4	5.4	41	668	58	3	118	225159	118	225159	0.00697458	0.00382627	0.003	0.017	1908.13	1702.19	45	9422	
0.4	5.4	51	669	24	3	2	708	2	708	0.01	0	0.01	0.01	354	415.779	60	648	
0.4	5.4	48	671	10	3	69	217267	69	217267	0.00665217	0.00352231	0.003	0.01	3148.8	2099.79	60	8282	
0.4	5.4	21	673	29	3	121	291283	121	291283	0.00566116	0.00341212	0.003	0.01	2407.3	1971.56	15	9422	
0.4	5.4	52	675	4	3	5	300	5	300	0.0072	0.00383406	0.003	0.01	60	0	60	60	
0.4	5.4	42	676	30	3	125	361195	125	361195	0.003	0	0.003	0.003	2889.56	2162.91	60	9422	
0.4	5.4	46	677	4	3	77	250396	76	247438	0.00714474	0.00346296	0.003	0.01	3255.76	2240.15	60	9422	
0.4	5.4	34	678	38	3	1	60	1	60	0.003	0	0.003	0.003	60	0	60	60	
0.4	5.4	28	679	15	3	38	97149	38	97149	0.00889474	0.00258676	0.003	0.01	2556.55	1815.74	60	8873	
0.4	5.4	12	680	9	3	121	449874	121	449874	0.003	0	0.003	0.003	3717.97	2154.99	60	8873	
0.4	5.4	37	681	13	3	1	60	1	60	0.017	0	0.017	0.017	60	0	60	60	
0.4	5.4	37	682	73	3	12	31478	12	31478	0.003	0	0.003	0.003	2623.17	2208.65	60	7099	
0.4	5.4	14	683	6	3	45	138568	45	138568	0.00751111	0.00338863	0.003	0.01	3079.29	2214.22	60	9422	
0.4	5.4	50	684	15	3	44	116691	44	116691	0.003	0	0.003	0.003	2652.07	2251.13	60	9422	
0.4	5.4	37	685	55	3	111	156344	110	155955	0.00618182	0.00420175	0.003	0.017	1417.77	1066.79	60	4395	
0.4	5.4	55	690	25	3	32	34585	32	34585	0.00496875	0.0036587	0.003	0.017	1080.78	842.86	60	3550	
0.4	5.4	52	691	22	3	1	60	1	60	0.01	0	0.01	0.01	60	0	60	60	
0.4	5.4	41	692	60	3	93	210912	93	210912	0.00804301	0.00377323	0.003	0.017	2267.87	2103.68	34	9422	
0.4	5.4	41	693	27	3	126	279408	126	279408	0.00716667	0.00356146	0.003	0.017	2217.52	1913.17	47	9422	
0.4	5.4	18	694	26	3	64	102698	63	102638	0.00844444	0.00494087	0.003	0.024	1629.17	1933.96	6	9422	
0.4	5.4	55	695	26	3	188	349480	188	349480	0.00597872	0.00382918	0.003	0.017	1858.94	1966.14	41	9422	
0.4	5.4	53	696	1	3	77	249200	77	249200	0.00354545	0.00188865	0.003	0.01	3236.36	2204.34	60	8873	
0.4	5.4	6	697	22	3	149	397884	149	397884	0.00760403	0.00352562	0.003	0.017	2670.36	1979.4	60	9422	
0.4	5.4	44	698	10	3	127	415019	127	415019	0.00774016	0.00328588	0.003	0.01	3267.87	2127.46	36	9422	
0.4	5.4	15	699	5	3	126	324998	126	324998	0.00627778	0.00350688	0.003	0.01	2579.35	1849.46	10	9422	
0.4	5.4	53	700	6	3	157	469462	157	469462	0.00790446	0.00349685	0.003	0.017	2990.2	2235.38	60	9422	
0.4	5.4	52	701	29	3	282	251514	282	251514	0.00525886	0.00377296	0.003	0.017	891.894	925.343	15	8282	
0.4	5.4	39	704	51	3	487	458709	487	458709	0.00532854	0.00336205	0.003	0.017	941.908	959.633	18	7228	
0.4	5.4	57	705	8	3	17	46268	17	46268	0.00794118	0.00328768	0.003	0.01	2721.65	2502.82	60	9422	
0.4	5.4	36	706	13	3	171	435879	171	435879	0.00729824	0.00350108	0.003	0.017	2549	1906.46	57	9422	
0.4	5.4	19	707	7	3	157	598412	157	598412	0.003	0	0.003	0.003	3811.54	2550.95	45	9422	
0.4	5.4	12	708	2	3	141	465304	140	462937	0.00595	0.00346893	0.003	0.01	3306.69	2128.68	36	9422	
0.4	5.4	31	712	5	3	172	402793	172	402793	0.00751744	0.00405442	0.003	0.017	2341.82	1973.08	36	9422	
0.4	5.4	37	713	32	3	8	2014	8	2014	0.0065	0.0052915	0.003	0.017	251.75	213.844	60	648	
0.4	5.4	41	717	12	3	172	265417	172	265417	0.00682558	0.00373287	0.003	0.017	1543.12	1503.6	26	9422	
0.4	5.4	38	719	13	3	153	292283	153	292283	0.00666013	0.00417884	0.003	0.017	1910.35	1914.99	41	9422	
0.4	5.4	31	721	3	3	58	116133	58	116133	0.0052931	0.00356399	0.003	0.017	2002.29	2125.13	60	9422	
0.4	5.4	33	725	13	3	7	14316	6	8992	0.003	0	0.003	0.003	1498.67	1204.42	60	3550	
0.4	5.4	16	726	3	3	19	39171	19	39171	0.00852631	0.00293198	0.003	0.01	2061.63	2525.31	60	9422	
0.4	5.4	48	727	1	3	45	122008	45	122008	0.00704444	0.00349646	0.003	0.01	2711.29	2352.32	60	9422	
0.4	5.4	49	729	12	3	4	240	4	240	0.0065	0.00404145	0.003	0.01	60	0	60	60	
0.4	5.4	22	731	1	3	182	691181	182	691181	0.00646154	0.00366047	0.003	0.017	3797.7	2287.39	45	9422	
0.4	5.4	28	732	2	3	76	285279	75	284095	0.00710667	0.00347023	0.003	0.01	3787.93	2407.93	60	9422	
0.4	5.4	39	734	10	3	2	120	2	120	0.003	0	0.003	0.003	60	0	60	60	
0.4	5.4	18	735	23	3	64	201892	64	201892	0.003	0	0.003	0.003	3154.56	1884.48	60	9422	
0.4	5.4	52	736	64	3	128	150026	128	150026	0.00557031	0.00360814	0.003	0.017	1172.08	1422.24	24	9422	
0.4	5.4	21	737	12	3	1	60	1	60	0.003	0	0.003	0.003	60	0	60	60	
0.4	5.4	34	738	20	3	2	120	2	120	0.0065	0.00494975	0.003	0.01	60	0	60	60	
0.4	5.4	52	740	20	3	2	708	2	708	0.01	0	0.01	0.01	354	415.779	60	648	
0.4	5.4	39	742	56	3	4	240	4	240	0.0065	0.00404145	0.003	0.01	60	0	60	60	
0.4	5.4	50	744	19	3	116	375364	116	375364	0.00481034	0.00307843	0.003	0.01	3235.9	1831.6	60	9422	
0.4	5.4	55	748	16	3	2	120	2	120	0.003	0	0.003	0.003	60	0	60	60	
0.4	5.4	56	749	16	3	32	100701	32	100701	0.003	0	0.003	0.003	3146.91	2937	60	9422	
0.4	5.4	42	750	4	3	2	120	1	60	0.01	0	0.01	0.01	60	0	60	60	
0.4	5.4	36	751	11	3	140	349880	139	346330	0.0068777	0.0036899	0.003	0.017	2491.58	2187.12	45	9422	
0.4	5.4	34	752	26	3	507	157879	507	157879	0.0056785	0.00378279	0.003	0.017	311.398	361.76	5	4141	
0.4	5.4	3	753	3	3	29	94191	29	94191	0.00975862	0.00129987	0.003	0.01	3247.97	2591.53	60	8873	
0.4	5.4	39	754	6	3	196	175516	196	175516	0.00557143	0.00373617	0.003	0.017	895.49	660.545	40	3550	
0.4	5.4	44	756	4	3	37	117869	37	117869	0.00413513	0.00261579	0.003	0.01	3185.65	2762.8	60	9422	
0.4	5.4	18	758	10	3	31	82949	31	82949	0.00909677	0.00238544	0.003	0.01	2675.77	1449.64	60	5324	
0.4	5.4	23	759	5	3	41	102613	41	102613	0.00334146	0.00152659	0.003	0.01	2502.76	1851.44	60	7099	
0.4	5.4	43	760	15	3	140	529171	141	538593	0.00687234	0.00349255	0.003	0.01	3819.81	2209.74	45	9422	
0.4	5.4	21	763	26	3	81	130941	81	130941	0.00524691	0.00328835	0.003	0.01	1616.56	1164.36	60	7690	
0.4	5.4	54	764	19	3	69	206607	69	206607	0.00776811	0.00328609	0.003	0.01	2994.3	1765.33	60	9422	
0.4	5.4	56	765	2	3	134	505371	134	505371	0.00315672	0.00103948	0.003	0.01	3771.43	2972.61	45	9422	
0.4	5.4	42	766	20	3	49	124388	49	124388	0.00557143	0.00340955	0.003	0.01	2538.53	2163.15	60	9422	
0.4	5.4	26	767	5	3	126	460528	126	460528	0.003	0	0.003	0.003	3654.98	2323.25	45	9422	
0.4	5.4	34	769	71	3	141	128720	141	128720	0.00543262	0.00334516	0.003	0.01	912.908	747.106	37	4733	
0.4	5.4	9	773	19	3	74	220928	74	220928	0.0064054	0.0035226	0.003	0.01	2985.51	2094.94	60	9422	
0.4	5.4	34	774	3	3	747	542294	747	542294	0.00508969	0.00320543	0.003	0.01	725.963	660.856	4	5324	
0.4	5.4	52	775	31	3	3	1892	3	1892	0.00766667	0.00404145	0.003	0.01	630.667	562.2	60	1184	
0.4	5.4	32	776	7	3	30	81773	30	81773	0.00626667	0.00355191	0.003	0.01	2725.77	2538.58	60	9422	
0.4	5.4	52	777	3	3	430	635562	430	635562	0.00562093	0.00342526	0.003	0.017	1478.05	1371.33	18	9422	
0.4	5.4	16	779	6	3	91	308971	90	305421	0.00673333	0.00351178	0.003	0.01	3393.57	2471.12	45	9422	
0.4	5.4	17	781	15	3	92	271705	92	271705	0.00771739	0.00329944	0.003	0.01	2953.32	1916.98	60	8282	
0.4	5.4	28	782	6	3	187	752709	188	754484	0.00512234	0.00322605	0.003	0.01	4013.21	2635.45	45	9422	
0.4	5.4	8	786	4	3	220	672325	220	672325	0.00564091	0.00340067	0.003	0.01	3056.02	2379.07	45	9422	
0.4	5.4	22	787	12	3	97	242248	97	242248	0.00797938	0.00318845	0.003	0.01	2497.4	2279.89	60	9422	
0.4	5.4	21	788	9	3	3	180	3	180	0.003	0	0.003	0.003	60	0	60	60	
0.4	5.4	52	790	73	3	273	323110	273	323110	0.00625641	0.0036982	0.003	0.017	1183.55	957.105	60	7099	
0.4	5.4	2	792	34	3	145	317565	145	317565	0.00647586	0.00351205	0.003	0.01	2190.1	2118.1	43	9422	
0.4	5.4	37	795	40	3	1	60	1	60	0.01	0	0.01	0.01	60	0	60	60	
0.4	5.4	13	796	14	3	9	28513	9	28513	0.00455555	0.00308671	0.003	0.01	3168.11	2868.29	60	8873	
0.4	5.4	48	798	8	3	165	564824	165	564824	0.003	0	0.003	0.003	3423.18	2636.57	45	9422	
0.4	5.4	28	799	12	3	116	377128	116	377128	0.00511207	0.00322698	0.003	0.01	3251.1	2343.35	45	9422	
0.4	5.4	27	800	12	3	161	569866	159	563944	0.00713836	0.00345216	0.003	0.01	3546.82	2510.87	45	9422	
0.4	5.4	54	801	7	3	155	485322	155	485322	0.0063871	0.00350952	0.003	0.01	3131.11	2700.53	45	9422	
0.4	5.4	4	802	18	3	43	153946	43	153946	0.00544186	0.0033757	0.003	0.01	3580.14	2747.69	57	9422	
0.4	5.4	21	804	31	3	199	409317	199	409317	0.00718593	0.00358174	0.003	0.017	2056.87	1635.66	40	9422	
0.4	5.4	19	805	1	3	31	64146	31	64146	0.003	0	0.003	0.003	2069.23	1229.6	60	4395	
0.4	5.4	38	806	20	3	61	110215	61	110215	0.00621311	0.00351717	0.003	0.01	1806.8	1584.39	36	7099	
0.4	5.4	1	807	12	3	117	357496	117	357496	0.00676923	0.00350464	0.003	0.01	3055.52	2342.81	36	9422	
0.4	5.4	13	808	7	3	1	60	1	60	0.01	0	0.01	0.01	60	0	60	60	
0.4	5.4	41	809	63	3	54	80738	54	80738	0.00831481	0.00449664	0.003	0.017	1495.15	1206.55	60	5324	
0.4	5.4	39	811	45	3	200	220469	200	220469	0.005975	0.00346908	0.003	0.01	1102.34	881.008	30	7690	
0.4	5.4	37	812	23	3	1	60	1	60	0.003	0	0.003	0.003	60	0	60	60	
0.4	5.4	21	813	27	3	127	523277	127	523277	0.003	0	0.003	0.003	4120.29	2863.9	45	9422	
0.4	5.4	42	814	2	3	78	189014	78	189014	0.00766667	0.00332119	0.003	0.01	2423.26	2483.8	60	9422	
0.4	5.4	52	815	56	3	114	221623	114	221623	0.003	0	0.003	0.003	1944.06	1628.61	60	9422	
0.4	5.4	4	816	9	3	87	384191	87	384191	0.00806896	0.00314677	0.003	0.01	4415.99	2449.61	45	9422	
0.4	5.4	34	817	74	3	341	424101	339	422323	0.00541593	0.0039315	0.003	0.017	1245.79	1672.58	26	9422	
0.4	5.4	4	822	11	3	1	60	1	60	0.003	0	0.003	0.003	60	0	60	60	
0.4	5.4	31	824	10	3	115	332763	115	332763	0.00701739	0.0034767	0.003	0.01	2893.59	2200.01	45	9422	
0.4	5.4	41	827	25	3	119	138357	119	138357	0.0067647	0.00471691	0.003	0.017	1162.66	917.834	13	6507	
0.4	5.4	33	828	5	3	21	52780	21	52780	0.004	0.00250998	0.003	0.01	2513.33	1833.97	60	7099	
0.4	5.4	34	831	69	3	232	66773	231	65589	0.00454545	0.00332008	0.003	0.024	283.935	380.695	13	3080	
0.4	5.4	17	832	2	3	232	589861	230	585496	0.00796087	0.00344555	0.003	0.017	2545.63	1966.64	45	9422	
0.4	5.4	54	833	28	3	150	542131	150	542131	0.003	0	0.003	0.003	3614.21	2521.04	45	9422	
0.4	5.4	23	834	29	3	117	404168	117	404168	0.00587179	0.00345797	0.003	0.01	3454.43	2480.44	45	9422	
0.4	5.4	5	835	19	3	106	301316	107	302690	0.00607477	0.00349042	0.003	0.01	2828.88	1764.96	60	9422	
0.4	5.4	7	836	5	3	19	65312	19	65312	0.003	0	0.003	0.003	3437.47	2855.62	60	9422	
0.4	5.4	36	837	7	3	197	441613	199	444320	0.00711558	0.00386014	0.003	0.017	2232.76	1887.76	27	9422	
0.4	5.4	15	838	20	3	1	60	1	60	0.01	0	0.01	0.01	60	0	60	60	
0.4	5.4	43	841	13	3	66	216674	66	216674	0.00745454	0.00339312	0.003	0.01	3282.94	2013.77	60	8873	
0.4	5.4	22	844	4	3	23	72305	23	72305	0.00634783	0.00357528	0.003	0.01	3143.7	2375.53	60	9422	
0.4	5.4	34	845	12	3	147	98581	147	98581	0.003	0	0.003	0.003	670.619	538.466	60	2958	
0.4	5.4	30	848	2	3	57	194767	57	194767	0.00840351	0.00296322	0.003	0.01	3416.96	2511.59	60	9422	
0.4	5.4	51	849	5	3	1	60	1	60	0.01	0	0.01	0.01	60	0	60	60	
0.4	5.4	5	850	18	3	114	256373	114	256373	0.00754386	0.00360467	0.003	0.017	2248.89	2165.24	60	9422	
0.4	5.4	24	851	7	3	81	252764	81	252764	0.00904938	0.00241299	0.003	0.01	3120.54	2778.7	36	9422	
0.4	5.4	2	852	41	3	74	155193	74	155193	0.00716216	0.00416452	0.003	0.017	2097.2	1524.19	36	6882	
0.4	5.4	48	853	13	3	114	329716	114	329716	0.00619298	0.0035019	0.003	0.01	2892.25	1453.25	60	6882	
0.4	5.4	23	856	7	3	116	203237	116	203237	0.00849138	0.00389536	0.003	0.017	1752.04	1270.93	60	6507	
0.4	5.4	50	857	10	3	28	63431	28	63431	0.006	0.00352767	0.003	0.01	2265.39	2317.3	60	9422	
0.4	5.4	2	858	19	3	4	240	4	240	0.00825	0.0035	0.003	0.01	60	0	60	60	
0.4	5.4	3	859	21	3	54	140003	54	140003	0.00766667	0.0038461	0.003	0.017	2592.65	2400.33	13	9422	
0.4	5.4	3	862	9	3	5	4851	5	4851	0.003	0	0.003	0.003	970.2	646.413	60	1775	
0.4	5.4	51	863	10	3	137	431691	137	431691	0.003	0	0.003	0.003	3151.03	2305.91	60	9422	
0.4	5.4	39	865	48	3	20	11441	20	11441	0.00685	0.00480433	0.003	0.017	572.05	460.394	60	1775	
0.4	5.4	32	866	12	3	112	283810	112	283810	0.00875	0.00354253	0.003	0.017	2534.02	2325.48	48	9422	
0.4	5.4	53	867	16	3	136	238777	135	237796	0.00828889	0.00386887	0.003	0.024	1761.45	1826.72	60	9422	
0.4	5.4	53	868	21	3	177	693654	177	693654	0.00541243	0.00333618	0.003	0.01	3918.95	2941.43	45	9422	
0.4	5.4	54	869	25	3	140	418069	140	418069	0.006	0.0035765	0.003	0.017	2986.21	2262.92	60	9422	
0.4	5.4	34	871	67	3	305	191695	306	192879	0.00553921	0.0040229	0.003	0.017	630.324	721.334	35	5324	
0.4	5.4	54	872	26	3	45	100833	45	100833	0.00828889	0.00304229	0.003	0.01	2240.73	1747.14	60	6563	
0.4	5.4	23	873	15	3	104	165871	104	165871	0.00804808	0.003957	0.003	0.017	1594.91	1301.46	60	5915	
0.4	5.4	39	874	20	3	12	9006	12	9006	0.00533333	0.00344656	0.003	0.01	750.5	594.215	60	1836	
0.4	5.4	37	875	20	3	3	180	3	180	0.003	0	0.003	0.003	60	0	60	60	
0.4	5.4	7	876	12	3	168	553687	168	553687	0.00808333	0.00313072	0.003	0.01	3295.76	2434.73	45	9422	
0.4	5.4	54	877	18	3	80	248645	80	248645	0.003	0	0.003	0.003	3108.06	2498.87	60	9422	
0.4	5.4	34	878	77	3	659	414749	659	414749	0.00495448	0.00321297	0.003	0.017	629.361	601.954	21	4395	
0.4	5.4	53	879	20	3	39	74680	38	72905	0.00576316	0.00346749	0.003	0.01	1918.55	1155.88	60	4141	
0.4	5.4	53	880	9	3	134	319672	134	319672	0.0083806	0.00308475	0.003	0.017	2385.61	2048.43	45	9422	
0.4	5.4	37	881	45	3	69	125724	69	125724	0.00634783	0.00372127	0.003	0.017	1822.09	1307.2	60	7099	
0.4	5.4	57	882	16	3	4	240	4	240	0.00825	0.0035	0.003	0.01	60	0	60	60	
0.4	5.4	20	883	15	3	112	270083	111	268958	0.00697297	0.00384816	0.003	0.017	2423.05	1727.21	60	8054	
0.4	5.4	42	885	12	3	140	354281	140	354281	0.00755	0.00335078	0.003	0.01	2530.58	1942.07	60	9422	
0.4	5.4	49	886	9	3	118	401260	118	401260	0.003	0	0.003	0.003	3400.51	2640.1	45	9422	
0.4	5.4	50	887	16	3	98	300825	98	300825	0.00692857	0.00349152	0.003	0.01	3069.64	2223.46	45	9422	
0.4	5.4	52	889	32	3	1	60	1	60	0.01	0	0.01	0.01	60	0	60	60	
0.4	5.4	56	890	7	3	79	277600	79	277600	0.00831645	0.00301085	0.003	0.01	3513.92	2248.2	60	9422	
0.4	5.4	53	893	12	3	6	4206	6	4206	0.00533333	0.00361478	0.003	0.01	701	478.873	60	1184	
0.4	5.4	48	894	11	3	26	77035	25	76443	0.00636	0.00356931	0.003	0.01	3057.72	2672.44	60	9422	
0.4	5.4	10	896	14	3	107	320329	107	320329	0.00882243	0.00263078	0.003	0.01	2993.73	1806.23	60	8282	
0.4	5.4	52	898	21	3	175	150776	175	150776	0.00488	0.00345453	0.003	0.017	861.577	921.987	43	6882	
0.4	5.4	19	901	24	3	86	281163	86	281163	0.003	0	0.003	0.003	3269.34	1848.98	60	7690	
0.4	5.4	45	903	6	3	69	282317	69	282317	0.00472464	0.0030384	0.003	0.01	4091.55	2435.26	60	9422	
0.4	5.4	52	906	70	3	84	75366	84	75366	0.00566667	0.00390345	0.003	0.017	897.214	940.383	60	5154	
0.4	5.4	53	908	24	3	96	226286	95	224511	0.00815789	0.00341871	0.003	0.017	2363.27	2186.7	45	9422	
0.4	5.4	16	909	4	3	84	256545	84	256545	0.0065	0.00352102	0.003	0.01	3054.11	2410.85	60	9422	
0.4	5.4	54	910	2	3	44	80021	44	80021	0.00825	0.0048037	0.003	0.017	1818.66	1659.58	21	7099	
0.4	5.4	31	912	4	3	47	111957	47	111957	0.00731915	0.00343958	0.003	0.01	2382.06	1914.03	45	9422	
0.4	5.4	6	914	3	3	27	71124	27	71124	0.00507407	0.00325725	0.003	0.01	2634.22	1760.39	60	5861	
0.4	5.4	13	916	13	3	114	400416	114	400416	0.00588596	0.00346093	0.003	0.01	3512.42	2252.21	57	9422	
0.4	5.4	54	917	5	3	101	196133	101	196133	0.00812871	0.00355433	0.003	0.017	1941.91	2024.72	45	9422	
0.4	5.4	54	918	17	3	7	6037	7	6037	0.006	0.00374166	0.003	0.01	862.429	532.447	60	1775	
0.4	5.4	45	921	8	3	133	521931	133	521931	0.00773684	0.00328655	0.003	0.01	3924.29	2709.27	45	9422	
0.4	5.4	46	922	13	3	1	60	1	60	0.003	0	0.003	0.003	60	0	60	60	
0.4	5.4	39	926	34	3	215	154894	215	154894	0.00495349	0.00362077	0.003	0.017	720.437	766.568	9	5861	
0.4	5.4	52	927	38	3	187	222337	186	218787	0.00544624	0.00334661	0.003	0.01	1176.27	872.687	26	5324	
0.4	5.4	41	929	6	3	158	185449	157	184857	0.00598726	0.00381795	0.003	0.017	1177.43	866.34	60	5324	
0.4	5.4	11	930	14	3	162	292007	163	295557	0.00780981	0.00369108	0.003	0.017	1813.23	1619.63	60	9422	
0.4	5.4	33	931	12	3	157	555334	157	555334	0.00607643	0.00348539	0.003	0.01	3537.16	2438.28	45	9422	
0.4	5.4	29	934	8	3	212	715706	212	715706	0.00504717	0.00319176	0.003	0.01	3375.97	2240.25	45	9422	
0.4	5.4	8	937	15	3	144	210874	144	212171	0.00810417	0.00462544	0.003	0.024	1473.41	930.972	13	4732	
0.4	5.4	45	938	5	3	2	120	2	120	0.01	0	0.01	0.01	60	0	60	60	
0.4	5.4	49	939	4	3	98	277253	97	274295	0.00884536	0.00261143	0.003	0.01	2827.78	2362.44	60	9422	
0.4	5.4	20	943	27	3	72	131037	72	131037	0.00688889	0.00405093	0.003	0.017	1819.96	1588.67	60	8317	
0.4	5.4	8	944	11	3	93	242268	93	242268	0.00623656	0.00350899	0.003	0.01	2605.03	1773.03	57	8873	
0.4	5.4	40	947	7	3	46	134670	44	125796	0.00809091	0.0034963	0.003	0.017	2859	2706.61	60	9422	
0.4	5.4	53	948	10	3	2	120	2	120	0.0065	0.00494975	0.003	0.01	60	0	60	60	
0.4	5.4	3	952	26	3	116	458054	116	458054	0.00716379	0.00345139	0.003	0.01	3948.74	2908.92	45	9422	
0.4	5.4	2	953	14	3	5	300	5	300	0.0058	0.00383406	0.003	0.01	60	0	60	60	
0.4	5.4	9	955	9	3	13	43900	12	41533	0.003	0	0.003	0.003	3461.08	3491.29	60	9422	
0.4	5.4	34	956	41	3	358	367283	358	367283	0.00319553	0.00115508	0.003	0.01	1025.93	1025.33	37	8282	
0.4	5.4	15	960	12	3	193	369620	194	373170	0.00693299	0.00420839	0.003	0.017	1923.56	1403.54	60	7099	
0.4	5.4	5	961	1	3	41	61662	41	61662	0.003	0	0.003	0.003	1503.95	1516.23	60	5664	
0.4	5.4	17	963	11	3	159	345958	158	341817	0.00725316	0.00351872	0.003	0.017	2163.4	1704.08	45	9422	
0.4	5.4	23	965	1	3	43	108419	44	111380	0.00570454	0.00344781	0.003	0.01	2531.36	1646.52	60	7099	
0.4	5.4	39	967	33	3	1	60	1	60	0.017	0	0.017	0.017	60	0	60	60	
0.4	5.4	6	968	2	3	99	435438	99	435438	0.00483838	0.0030961	0.003	0.01	4398.36	2888.8	45	9422	
0.4	5.4	37	969	65	3	66	113216	66	113216	0.00607576	0.00350082	0.003	0.01	1715.39	1610.66	60	9422	
0.4	5.4	49	970	8	3	100	311926	100	311926	0.00699	0.00348299	0.003	0.01	3119.26	2449.33	60	9422	
0.4	5.4	12	972	13	3	20	72888	20	72888	0.003	0	0.003	0.003	3644.4	2639.82	60	9422	
0.4	5.4	3	973	10	3	110	416154	110	416154	0.003	0	0.003	0.003	3783.22	2375.9	45	9422	
0.4	5.4	52	977	49	3	1	60	1	60	0.01	0	0.01	0.01	60	0	60	60	
0.4	5.4	54	980	9	3	94	194812	94	194812	0.00687234	0.0034988	0.003	0.01	2072.47	2052.39	60	9422	
0.4	5.4	8	983	10	3	181	461792	182	462976	0.00588461	0.00345498	0.003	0.01	2543.82	2163.79	60	9422	
0.4	5.4	55	984	19	3	1	60	1	60	0.003	0	0.003	0.003	60	0	60	60	
0.4	5.4	38	988	2	3	9	9056	9	9056	0.00611111	0.00368932	0.003	0.01	1006.22	732.314	60	2196	
0.4	5.4	2	990	30	3	73	121645	73	121645	0.00654794	0.00438445	0.003	0.017	1666.37	1600.7	60	9422	
0.4	5.4	25	991	11	3	82	155203	82	155203	0.00701219	0.00412009	0.003	0.017	1892.72	1862.1	60	9422	
0.4	5.4	52	992	51	3	154	203184	154	203184	0.00577273	0.00343478	0.003	0.01	1319.38	1093.95	50	9422	
0.4	5.4	37	993	3	3	87	113219	87	113219	0.00718391	0.00345243	0.003	0.01	1301.37	1082.84	60	4395	
0.4	5.4	45	994	3	3	27	63431	27	63431	0.00948148	0.0026943	0.003	0.017	2349.3	2561.42	60	9422	
0.4	5.4	25	995	8	3	77	160618	77	160618	0.004	0.00246555	0.003	0.01	2085.95	1509	34	8282	
0.4	5.4	40	996	13	3	130	385051	130	385051	0.003	0	0.003	0.003	2961.93	2173.67	45	9422	
0.4	5.4	25	999	13	3	4	2484	4	2484	0.00825	0.0035	0.003	0.01	621	459.442	60	1184	
0.4	5.4	37	1000	41	3	139	327154	137	326208	0.00667883	0.00360949	0.003	0.017	2381.08	1998.54	60	9422	
0.4	5.4	5	1001	9	3	119	369579	120	373129	0.00445833	0.00285473	0.003	0.01	3109.41	2295.43	36	9422	
0.4	5.4	52	1003	59	3	194	183287	194	183287	0.00520103	0.00325844	0.003	0.01	944.778	772.805	18	6877	
0.4	5.4	39	1004	7	3	176	153013	176	153013	0.00498864	0.00342092	0.003	0.017	869.392	719.102	60	3910	
0.4	5.4	34	1006	46	3	31	3720	31	3720	0.00458064	0.00297517	0.003	0.01	120	62.4575	49	309	
0.4	5.4	23	1007	8	3	78	170556	78	170556	0.003	0	0.003	0.003	2186.62	1724.71	46	7099	
0.4	5.4	29	1009	4	3	65	200119	65	200119	0.00666154	0.00352348	0.003	0.01	3078.75	2202.34	60	9422	
0.4	5.4	7	1013	3	3	1	60	1	60	0.01	0	0.01	0.01	60	0	60	60	
0.4	5.4	34	1014	66	3	392	258052	392	258052	0.00491071	0.00320161	0.003	0.017	658.296	929.747	5	9422	
0.4	5.4	25	1015	35	3	4	1894	3	977	0.00533333	0.00404145	0.003	0.01	325.667	298.068	60	648	
0.4	5.4	48	1016	18	3	81	265662	81	265662	0.00758025	0.00352797	0.003	0.017	3279.78	1757.33	57	8282	
0.4	5.4	2	1017	6	3	143	359326	143	359326	0.00481119	0.00307638	0.003	0.01	2512.77	1746.69	60	9422	
0.4	5.4	52	1018	41	3	87	104345	87	104345	0.0034023	0.00163863	0.003	0.01	1199.37	837.766	60	5324	
0.4	5.4	15	1019	10	3	137	204972	137	204972	0.00621898	0.00370158	0.003	0.017	1496.15	1488.92	5	9422	
0.4	5.4	7	1020	10	3	33	97743	33	97743	0.00936364	0.00204356	0.003	0.01	2961.91	2109.03	60	7099	
0.4	5.4	9	1025	20	3	35	111943	35	111943	0.0032	0.00118322	0.003	0.01	3198.37	2073.01	60	9422	
0.4	5.4	1	1026	17	3	12	16687	12	16687	0.003	0	0.003	0.003	1390.58	973.481	60	3550	
0.4	5.4	53	1027	3	3	91	173523	91	173523	0.00846154	0.00387673	0.003	0.017	1906.85	2077.67	37	9422	
0.4	5.4	18	1029	27	3	142	389732	142	389732	0.00778169	0.00357318	0.003	0.017	2744.59	2062.58	45	9422	
0.4	5.4	16	1032	1	3	137	420325	137	420325	0.00693431	0.00358757	0.003	0.017	3068.07	2527.34	45	9422	
0.4	5.4	35	1033	26	3	62	172345	62	172345	0.00898387	0.00248597	0.003	0.01	2779.76	2080.53	60	7690	
0.4	5.4	37	1034	46	3	63	93754	62	93301	0.0063871	0.00352674	0.003	0.01	1504.85	984.484	60	4904	
0.4	5.4	31	1036	17	3	13	20236	13	20236	0.00623077	0.00363212	0.003	0.01	1556.62	1410.76	60	5324	
0.4	5.4	41	1037	28	3	131	225115	129	224289	0.00620155	0.00350085	0.003	0.01	1738.67	1325.6	60	9422	
0.4	5.4	57	1039	1	3	213	593652	214	596613	0.00764486	0.0036457	0.003	0.017	2787.91	2007.97	60	9422	
0.4	5.4	19	1040	6	3	148	678875	148	678875	0.003	0	0.003	0.003	4586.99	3186.39	45	9422	
0.4	5.4	45	1042	15	3	143	555187	143	555187	0.00706294	0.00346657	0.003	0.01	3882.43	2882.46	45	9422	
0.4	5.4	38	1043	7	3	61	122042	61	122042	0.0072459	0.00389297	0.003	0.017	2000.69	1424.35	60	5324	
0.4	5.4	36	1044	14	3	173	531812	173	531812	0.0049422	0.0031433	0.003	0.01	3074.06	2343.38	45	9422	
0.4	5.4	29	1045	5	3	98	197186	96	193043	0.00803125	0.00316379	0.003	0.01	2010.86	1535.56	60	9422	
0.4	5.4	52	1046	37	3	131	157626	131	157626	0.00535114	0.00331877	0.003	0.01	1203.25	942.173	35	4904	
0.4	5.4	55	1047	40	3	1	60	1	60	0.003	0	0.003	0.003	60	0	60	60	
0.4	5.4	8	1051	8	3	64	151669	64	151669	0.00485937	0.0031161	0.003	0.01	2369.83	1437.72	60	5324	
0.4	5.4	19	1052	20	3	155	480297	155	480297	0.00489677	0.0031213	0.003	0.01	3098.69	2508.38	45	9422	
0.4	5.4	42	1053	19	3	1	60	1	60	0.01	0	0.01	0.01	60	0	60	60	
0.4	5.4	54	1055	21	3	95	227018	95	227018	0.003	0	0.003	0.003	2389.66	2187.09	45	9422	
0.4	5.4	51	1056	17	3	57	162348	57	162348	0.003	0	0.003	0.003	2848.21	2523.98	60	9422	
0.4	5.4	24	1057	13	3	4	240	4	240	0.00825	0.0035	0.003	0.01	60	0	60	60	
0.4	5.4	21	1058	16	3	156	198999	156	198999	0.00690385	0.00391487	0.003	0.017	1275.63	1086.25	60	9422	
0.4	5.4	52	1059	57	3	97	141636	98	143411	0.00442857	0.00317204	0.003	0.017	1463.38	1095.09	60	7099	
0.4	5.4	35	1060	6	3	10	31474	10	31474	0.0051	0.00338132	0.003	0.01	3147.4	3155.04	60	9422	
0.4	5.4	41	1061	32	3	83	143724	82	143491	0.00743902	0.00446964	0.003	0.017	1749.89	1380.97	60	8331	
0.4	5.4	15	1063	9	3	177	286070	177	286070	0.00651977	0.00429467	0.003	0.017	1616.21	1810.87	60	9422	
0.4	5.4	34	1064	11	3	316	314755	317	315939	0.00414826	0.00259627	0.003	0.01	996.653	938.47	32	5324	
0.4	5.4	22	1065	17	3	7	8994	7	8994	0.003	0	0.003	0.003	1284.86	1222.64	60	3550	
0.4	5.4	5	1066	3	3	33	72540	33	72540	0.00766667	0.00335099	0.003	0.01	2198.18	2213.17	60	9422	
0.4	5.4	52	1067	66	3	202	183759	202	183759	0.00629208	0.00442503	0.003	0.024	909.698	916.68	60	9422	
0.4	5.4	41	1068	3	3	2	120	2	120	0.0065	0.00494975	0.003	0.01	60	0	60	60	
0.4	5.4	50	1069	7	3	41	94796	41	94796	0.00453658	0.00293341	0.003	0.01	2312.1	1967.5	60	8873	
0.4	5.4	39	1071	53	3	527	488290	527	488290	0.00570968	0.00372602	0.003	0.017	926.546	837.98	6	6882	
0.4	5.4	25	1072	32	3	89	177146	89	177146	0.00740449	0.00356026	0.003	0.017	1990.4	1720.95	60	9422	
0.4	5.4	56	1074	6	3	60	172305	60	172305	0.00591667	0.00348017	0.003	0.01	2871.75	2859.78	45	9422	
0.4	5.4	27	1075	4	3	55	142737	55	142737	0.00885454	0.00294026	0.003	0.017	2595.22	2128.15	60	9422	
0.4	5.4	12	1076	8	3	59	155734	59	155734	0.00572881	0.00344329	0.003	0.01	2639.56	2192.86	60	9422	
0.4	5.4	19	1077	9	3	123	414309	123	414309	0.0062439	0.00350489	0.003	0.01	3368.37	2084.28	60	9422	
0.4	5.4	28	1079	8	3	1	60	1	60	0.01	0	0.01	0.01	60	0	60	60	
0.4	5.4	2	1080	24	3	112	316681	112	316681	0.003	0	0.003	0.003	2827.51	2198.56	60	9422	
0.4	5.4	50	1082	12	3	133	415626	133	415626	0.00747368	0.00337455	0.003	0.01	3125.01	2233.99	45	9422	
0.4	5.4	25	1084	5	3	68	79705	68	79705	0.00722059	0.005007	0.003	0.024	1172.13	1354.28	26	9422	
0.4	5.4	51	1087	23	3	69	155757	69	155757	0.00797101	0.00362171	0.003	0.017	2257.35	1577.14	60	6507	
0.4	5.4	39	1088	27	3	225	223534	225	223534	0.00570667	0.0034165	0.003	0.01	993.484	635.489	28	4733	
0.4	5.4	41	1090	59	3	123	399069	123	399069	0.003	0	0.003	0.003	3244.46	2173.47	60	9422	
0.4	5.4	18	1093	13	3	52	125635	52	125635	0.00596154	0.00349207	0.003	0.01	2416.06	2425.39	60	9422	
0.4	5.4	18	1094	7	3	115	314553	115	314553	0.00616522	0.0034992	0.003	0.01	2735.24	2233.59	60	9422	
0.4	5.4	42	1096	16	3	198	696464	198	696464	0.00533333	0.0033082	0.003	0.01	3517.49	2330.66	45	9422	
0.4	5.4	8	1097	17	3	78	240349	78	240349	0.00488461	0.00350873	0.003	0.017	3081.4	2637.23	45	9422	
0.4	5.4	19	1098	26	3	78	239765	78	239765	0.00623077	0.00368896	0.003	0.017	3073.91	2623.88	48	9422	
0.4	5.4	10	1099	4	3	96	340305	96	340305	0.003	0	0.003	0.003	3544.84	2208.46	60	9422	
0.4	5.4	6	1102	13	3	33	70536	33	70536	0.003	0	0.003	0.003	2137.45	1613.02	60	5324	
0.4	5.4	34	1103	10	3	7	420	7	420	0.006	0.00374166	0.003	0.01	60	0	60	60	
0.4	5.4	55	1104	9	3	114	180094	114	180094	0.00674561	0.00407846	0.003	0.017	1579.77	1312.38	60	7690	
0.4	5.4	39	1106	31	3	224	247755	224	247755	0.0050625	0.0032663	0.003	0.017	1106.05	1370.95	11	9422	
0.4	5.4	18	1107	2	3	47	97762	47	97762	0.00731915	0.00343958	0.003	0.01	2080.04	2432.99	60	9422	
0.4	5.4	15	1108	21	3	45	72919	45	72919	0.003	0	0.003	0.003	1620.42	1565.4	60	9422	
0.4	5.4	42	1109	11	3	134	339180	135	341547	0.00533333	0.00331212	0.003	0.01	2529.98	2036.32	45	9422	
0.4	5.4	23	1110	13	3	1	60	1	60	0.01	0	0.01	0.01	60	0	60	60	
0.4	5.4	27	1112	2	3	8	14318	8	14318	0.005625	0.00362284	0.003	0.01	1789.75	1569.24	60	5324	
0.4	5.4	52	1113	60	3	3	180	3	180	0.003	0	0.003	0.003	60	0	60	60	
0.4	5.4	3	1115	25	3	46	125083	46	125083	0.00741304	0.00341615	0.003	0.01	2719.2	1861.69	60	7099	
0.4	5.4	20	1116	22	3	1	60	1	60	0.01	0	0.01	0.01	60	0	60	60	
0.4	5.4	21	1117	34	3	59	102037	59	102037	0.00537288	0.00334199	0.003	0.01	1729.44	1165.7	60	5861	
0.4	5.4	31	1118	11	3	116	297799	116	297799	0.00752586	0.00360546	0.003	0.017	2567.23	2196.38	60	9422	
0.4	5.4	44	1119	9	3	112	333856	112	333856	0.0084375	0.00292791	0.003	0.01	2980.86	1967.97	60	9422	
0.4	5.4	13	1120	4	3	3	1892	3	1892	0.01	0	0.01	0.01	630.667	562.2	60	1184	
0.4	5.4	48	1124	20	3	68	230862	68	230862	0.00732353	0.00342703	0.003	0.01	3395.03	1958.16	60	8282	
0.4	5.4	40	1125	9	3	55	146968	55	146968	0.00898182	0.00283164	0.003	0.017	2672.15	2240.62	60	9422	
0.4	5.4	9	1126	4	3	134	381195	134	381195	0.00733582	0.00341149	0.003	0.01	2844.74	2069.37	45	9422	
0.4	5.4	42	1127	5	3	90	268151	90	268151	0.00766667	0.00331832	0.003	0.01	2979.46	1791	60	8873	
0.4	5.4	20	1128	6	3	156	437518	156	440321	0.00676923	0.00376203	0.003	0.017	2822.57	1830.23	10	9422	
0.4	5.4	38	1129	1	3	58	94839	58	94839	0.00637931	0.00352847	0.003	0.01	1635.16	1360.13	60	6877	
0.4	5.4	23	1130	30	3	87	230892	87	230892	0.00750575	0.00337182	0.003	0.01	2653.93	2046.91	60	9422	
0.4	5.4	21	1134	4	3	171	507855	171	507855	0.00385965	0.00230426	0.003	0.01	2969.91	2027.79	45	9422	
0.4	5.4	26	1135	3	3	44	140343	44	140343	0.00936364	0.00203562	0.003	0.01	3189.61	2477.52	60	8873	
0.4	5.4	19	1136	13	3	183	719357	183	719357	0.00334426	0.00151786	0.003	0.01	3930.91	3277.12	45	9422	
0.4	5.4	8	1140	21	3	82	216818	83	217410	0.00586747	0.0034633	0.003	0.01	2619.4	1838.85	60	7099	
0.4	5.4	2	1141	40	3	66	114521	66	114521	0.00522727	0.00328538	0.003	0.01	1735.17	1317.29	60	5324	
0.4	5.4	34	1142	16	3	499	312799	497	312183	0.00505634	0.0036263	0.003	0.017	628.135	883.964	13	9422	
0.4	5.4	24	1143	15	3	130	510945	130	510945	0.00601538	0.0034797	0.003	0.01	3930.35	3164.7	45	9422	
0.4	5.4	9	1144	8	3	4	3667	4	3667	0.01	0	0.01	0.01	916.75	733.545	60	1775	
0.4	5.4	37	1145	38	3	25	29136	23	25977	0.00604348	0.00412837	0.003	0.017	1129.43	1005.68	60	4733	
0.4	5.4	43	1148	16	3	91	330858	91	330858	0.00538461	0.0033359	0.003	0.01	3635.8	2693.29	45	9422	
0.4	5.4	10	1150	3	3	18	51594	18	51594	0.00688889	0.00357917	0.003	0.01	2866.33	1418.09	60	4733	
0.4	5.4	55	1151	45	3	85	107980	85	107980	0.00687059	0.00381971	0.003	0.017	1270.35	894.208	21	4107	
0.4	5.4	55	1152	15	3	2	120	2	120	0.0065	0.00494975	0.003	0.01	60	0	60	60	
0.4	5.4	17	1153	6	3	98	222041	98	222041	0.00842857	0.00326177	0.003	0.017	2265.72	1580.48	60	5916	
0.4	5.4	21	1154	8	3	92	206052	93	210785	0.00616129	0.00350245	0.003	0.01	2266.51	2203.63	60	9422	
0.4	5.4	1	1155	13	3	65	165985	65	165985	0.00569231	0.00343203	0.003	0.01	2553.62	1953.33	60	9422	
0.4	5.4	57	1156	20	3	107	273035	107	273035	0.0081028	0.00367021	0.003	0.017	2551.73	2112.04	60	9422	
0.4	5.4	31	1159	16	3	125	532074	125	532074	0.004232	0.00267647	0.003	0.01	4256.59	2752.41	45	9422	
0.4	5.4	40	1160	8	3	30	78816	30	78816	0.003	0	0.003	0.003	2627.2	1494.68	60	5324	
0.4	5.4	4	1162	10	3	65	206612	65	206612	0.00827692	0.00303885	0.003	0.01	3178.65	2191.85	60	9422	
0.4	5.4	21	1164	25	3	94	80109	94	80109	0.00575532	0.00387072	0.003	0.017	852.223	613.278	13	3651	
0.4	5.4	19	1165	15	3	25	38650	25	38650	0.00356	0.00193821	0.003	0.01	1546	1203.49	23	4733	
0.4	5.4	55	1166	5	3	176	254287	175	253144	0.00624	0.00350034	0.003	0.01	1446.54	1086.02	60	5324	
0.4	5.4	23	1168	4	3	78	151624	78	151624	0.00811538	0.00432144	0.003	0.017	1943.9	1675.92	60	9422	
0.4	5.4	11	1170	2	3	61	116687	60	116095	0.00405	0.00252059	0.003	0.01	1934.92	2252.95	60	9422	
0.4	5.4	2	1171	43	3	172	279605	172	279605	0.00719186	0.00360366	0.003	0.017	1625.61	1330.63	6	8030	
0.4	5.4	13	1173	3	3	106	247562	106	247562	0.00854717	0.00285234	0.003	0.01	2335.49	1885.67	60	9422	
0.4	5.4	37	1174	2	3	118	239334	118	239334	0.00507627	0.00321098	0.003	0.01	2028.25	1431.27	60	8873	
0.4	5.4	25	1175	27	3	78	232903	78	232903	0.003	0	0.003	0.003	2985.94	2629.29	60	9422	
0.4	5.4	2	1176	37	3	220	385465	220	385465	0.00675454	0.00392088	0.003	0.017	1752.11	1261.28	60	9422	
0.4	5.4	8	1180	9	3	19	16115	19	16115	0.00521053	0.00334297	0.003	0.01	848.158	730.404	37	2961	
0.4	5.4	19	1184	18	3	45	95569	45	95569	0.00813333	0.0031305	0.003	0.01	2123.76	1749.37	60	7099	
0.4	5.4	42	1186	14	3	1	60	1	60	0.01	0	0.01	0.01	60	0	60	60	
0.4	5.4	50	1190	8	3	119	472870	119	472870	0.003	0	0.003	0.003	3973.7	2856.72	45	9422	
0.4	5.4	8	1191	7	3	89	228998	89	228998	0.00677528	0.00366418	0.003	0.017	2573.01	2297.65	517	9422	
0.4	5.4	6	1192	11	3	106	242744	106	242744	0.00676415	0.0035066	0.003	0.01	2290.04	1611.78	35	9422	
0.4	5.4	34	1194	29	3	216	93357	216	92334	0.00468518	0.00299968	0.003	0.01	427.472	399.938	13	1836	
0.4	5.4	20	1195	12	3	5	5442	5	5442	0.0072	0.00383406	0.003	0.01	1088.4	742.216	60	1775	
0.4	5.4	52	1197	72	3	25	13753	25	13753	0.00468	0.00305123	0.003	0.01	550.12	393.24	60	1775	
0.4	5.4	4	1198	15	3	97	329074	97	329074	0.00790722	0.00322129	0.003	0.01	3392.52	2113.5	60	9422	
0.4	5.4	37	1199	10	3	5	300	5	300	0.0058	0.00383406	0.003	0.01	60	0	60	60	
0.4	5.4	9	1200	14	3	218	803102	218	803102	0.003	0	0.003	0.003	3683.95	2649.61	45	9422	
0.4	5.4	31	1201	20	3	115	223941	114	223349	0.00797368	0.00332185	0.003	0.017	1959.2	1676.61	60	8873	
0.4	5.4	37	1203	8	3	2	120	2	120	0.0065	0.00494975	0.003	0.01	60	0	60	60	
0.4	5.4	8	1204	16	3	3	180	3	180	0.01	0	0.01	0.01	60	0	60	60	
0.4	5.4	21	1205	2	3	1	60	1	60	0.01	0	0.01	0.01	60	0	60	60	
0.4	5.4	2	1206	23	3	3	180	3	180	0.01	0	0.01	0.01	60	0	60	60	
0.4	5.4	39	1207	9	3	420	483033	420	483033	0.00596667	0.00369207	0.003	0.017	1150.08	1054.67	4	9422	
0.4	5.4	10	1208	15	3	65	197846	65	197846	0.00784615	0.00325591	0.003	0.01	3043.78	2552.9	60	9422	
0.4	5.4	34	1209	27	3	409	145953	409	145953	0.00536186	0.00352458	0.003	0.017	356.853	393.297	8	4141	
0.4	5.4	51	1210	11	3	117	440889	118	445622	0.00418644	0.0026375	0.003	0.01	3776.46	2314.16	45	9422	
0.4	5.4	37	1211	39	3	164	345394	163	344802	0.00600613	0.00347566	0.003	0.01	2115.35	1570.02	6	8282	
0.4	5.4	1	1212	8	3	52	112678	51	111125	0.00807843	0.00372475	0.003	0.017	2178.92	1674.52	36	5324	
0.4	5.4	43	1213	12	3	142	379088	142	379088	0.00822535	0.00305597	0.003	0.01	2669.63	1757.85	60	9422	
0.4	5.4	14	1215	4	3	2	120	2	120	0.0065	0.00494975	0.003	0.01	60	0	60	60	
0.4	5.4	52	1216	36	3	134	181894	134	181894	0.00420149	0.00264939	0.003	0.01	1357.42	1006.19	60	6882	
0.4	5.4	49	1217	2	3	12	28578	12	28578	0.00766667	0.00344656	0.003	0.01	2381.5	2123.53	60	7099	
0.4	5.4	55	1219	31	3	176	187397	176	187397	0.00558523	0.0041326	0.003	0.017	1064.76	932.71	60	5916	
0.4	5.4	32	1221	18	3	243	1074307	243	1074307	0.00478601	0.00305789	0.003	0.01	4421.02	2946.21	45	9422	
0.4	5.4	23	1222	6	3	110	328531	110	328531	0.00872727	0.0035708	0.003	0.017	2986.65	2738.42	45	9422	
0.4	5.4	42	1224	7	3	1	60	1	60	0.003	0	0.003	0.003	60	0	60	60	
0.4	5.4	9	1226	18	3	2	708	2	708	0.003	0	0.003	0.003	354	415.779	60	648	
0.4	5.4	38	1227	22	3	203	401445	203	401445	0.00634483	0.00447759	0.003	0.024	1977.56	2084.26	45	9422	
0.4	5.4	57	1228	11	3	100	403616	100	403616	0.00363	0.00201336	0.003	0.01	4036.16	2659.92	45	9422	
0.4	5.4	21	1230	15	3	11	8998	11	8998	0.00554545	0.00353167	0.003	0.01	818	580.772	60	1775	
0.4	5.4	37	1231	54	3	58	166403	58	166403	0.003	0	0.003	0.003	2869.02	1974.88	46	8873	
0.4	5.4	52	1232	44	3	132	189013	132	189013	0.00612879	0.00408573	0.003	0.017	1431.92	1220.24	60	9422	
0.4	5.4	29	1234	6	3	91	364575	91	364575	0.00369231	0.00210128	0.003	0.01	4006.32	2686.09	45	9422	
0.4	5.4	46	1235	12	3	71	269430	71	269430	0.00359155	0.00196089	0.003	0.01	3794.79	2555.82	60	9422	
0.4	5.4	7	1236	4	3	30	93005	30	93005	0.003	0	0.003	0.003	3100.17	2040.49	60	7099	
0.4	5.4	23	1238	26	3	127	355174	127	355174	0.00812598	0.00368393	0.003	0.024	2796.65	1942.77	60	9046	
0.4	5.4	50	1240	23	3	140	515006	140	515006	0.0078	0.00336764	0.003	0.017	3678.61	2935.37	45	9422	
0.4	5.4	14	1241	14	3	139	481146	139	481146	0.00833813	0.00310575	0.003	0.017	3461.48	2379.04	13	9422	
0.4	5.4	22	1243	13	3	136	437967	136	437967	0.00814706	0.00321462	0.003	0.017	3220.35	2562.64	60	9422	
0.4	5.4	37	1244	12	3	167	446299	167	446299	0.00408982	0.00254555	0.003	0.01	2672.45	1814.55	60	9422	
0.4	5.4	38	1246	8	3	118	206806	118	206806	0.00644068	0.00351442	0.003	0.01	1752.59	1604.06	60	9422	
0.4	5.4	40	1248	5	3	131	451667	131	451667	0.00871756	0.00285354	0.003	0.017	3447.84	2612.99	60	9422	
0.4	5.4	41	1249	44	3	6	3670	6	3670	0.0065	0.00383406	0.003	0.01	611.667	356.185	60	1184	
0.4	5.4	5	1254	16	3	41	68177	41	68177	0.00829268	0.00376327	0.003	0.017	1662.85	801.159	60	4395	
0.4	5.4	36	1255	5	3	71	124418	69	122566	0.00736232	0.00417616	0.003	0.017	1776.32	1489.37	13	8282	
0.4	5.4	40	1259	4	3	2	120	2	120	0.01	0	0.01	0.01	60	0	60	60	
0.4	5.4	18	1261	8	3	10	21419	10	21419	0.0044	0.00295146	0.003	0.01	2141.9	1706.71	60	5324	
0.4	5.4	30	1262	7	3	47	188857	47	188857	0.00761702	0.00335283	0.003	0.01	4018.23	2957.26	45	9422	
0.4	5.4	47	1263	10	3	132	485973	132	485973	0.00475	0.00304264	0.003	0.01	3681.61	2518.48	45	9422	
0.4	5.4	46	1264	7	3	91	249220	90	248036	0.00867778	0.00275529	0.003	0.01	2755.96	1959.36	60	9422	
0.4	5.4	55	1265	20	3	4	240	4	240	0.0065	0.00404145	0.003	0.01	60	0	60	60	
0.4	5.4	34	1266	42	3	145	130448	145	130448	0.00454483	0.00291304	0.003	0.01	899.641	811.579	5	6029	
0.4	5.4	2	1267	38	3	141	207917	141	207917	0.00721986	0.00400195	0.003	0.017	1474.59	1164.79	60	5324	
0.4	5.4	54	1268	1	3	124	413480	124	413480	0.003	0	0.003	0.003	3334.52	2285.9	32	9422	
0.4	5.4	53	1271	13	3	42	95394	41	94802	0.00743902	0.00375532	0.003	0.017	2312.24	2285.69	36	9422	
0.4	5.4	20	1273	4	3	57	217851	57	217851	0.00312281	0.000927173	0.003	0.01	3821.95	2473.22	60	9422	
0.4	5.4	18	1277	16	3	163	529566	162	528918	0.00719136	0.00361421	0.003	0.017	3264.93	2519.67	45	9422	
0.4	5.4	50	1278	21	3	80	198958	80	198958	0.0083375	0.00299765	0.003	0.01	2486.97	2184.93	28	9422	
0.4	5.4	1	1279	19	3	96	251137	97	252321	0.00761856	0.00362699	0.003	0.017	2601.25	2058.48	60	9422	
0.4	5.4	44	1280	8	3	92	300096	92	300096	0.003	0	0.003	0.003	3261.91	2371.41	45	9422	
0.4	5.4	20	1281	21	3	55	136803	55	136803	0.00770909	0.0033148	0.003	0.01	2487.33	1764.89	36	8873	
0.4	5.4	34	1282	25	3	154	70206	154	70206	0.00459091	0.00325318	0.003	0.017	455.883	410.938	47	2196	
0.4	5.4	33	1286	10	3	125	433414	125	433414	0.006136	0.00349503	0.003	0.01	3467.31	2503.79	36	9422	
0.4	5.4	35	1289	16	3	4	3667	4	3667	0.0065	0.00404145	0.003	0.01	916.75	733.545	60	1775	
0.4	5.4	8	1291	20	3	134	455353	134	455353	0.00315672	0.00103948	0.003	0.01	3398.16	2159.74	60	9422	
0.4	5.4	19	1292	8	3	30	42154	27	39192	0.00662963	0.00356423	0.003	0.01	1451.56	1087.6	60	4395	
0.4	5.4	27	1293	18	3	169	397214	167	390113	0.00828144	0.00355996	0.003	0.017	2336.01	1685.01	60	9422	
0.4	5.4	25	1294	26	3	76	121460	76	121460	0.00696053	0.00349262	0.003	0.01	1598.16	1839.14	60	9422	
0.4	5.4	8	1298	19	3	153	507317	153	507317	0.003	0	0.003	0.003	3315.8	2432.2	45	9422	
0.4	5.4	25	1299	18	3	150	447004	150	447004	0.003	0	0.003	0.003	2980.03	2158.74	60	9422	
0.4	5.4	34	1300	24	3	251	85245	251	85245	0.00461753	0.00321078	0.003	0.017	339.622	336.313	23	2385	
0.4	5.4	43	1301	4	3	113	457443	113	457443	0.00442478	0.00283097	0.003	0.01	4048.17	2323.02	45	9422	
0.4	5.4	34	1302	70	3	3	180	3	180	0.00766667	0.0080829	0.003	0.017	60	0	60	60	
0.4	5.4	56	1303	4	3	120	404810	120	404810	0.00725833	0.00343119	0.003	0.01	3373.42	2438.19	45	9422	
0.4	5.4	29	1304	10	3	108	415456	108	415456	0.00552778	0.00337793	0.003	0.01	3846.81	2241.12	60	9422	
0.4	5.4	13	1305	10	3	147	562186	147	562186	0.00761905	0.00332762	0.003	0.01	3824.39	2553.09	45	9422	
0.4	5.4	3	1306	5	3	93	354522	93	354522	0.00676344	0.00350899	0.003	0.01	3812.06	2547.97	45	9422	
0.4	5.4	43	1307	10	3	31	96558	31	96558	0.00819355	0.00311362	0.003	0.01	3114.77	2765.32	60	9422	
0.4	5.4	34	1308	61	3	149	47705	149	47705	0.00445637	0.00318035	0.003	0.017	320.168	334.363	10	2196	
0.4	5.4	39	1310	32	3	162	109860	162	109860	0.00589506	0.00410212	0.003	0.024	678.148	933.047	52	9422	
0.4	5.4	27	1311	10	3	121	377726	121	377726	0.00716529	0.00345048	0.003	0.01	3121.7	2370.9	60	9422	
0.4	5.4	28	1313	16	3	113	496726	113	496726	0.00560177	0.00339785	0.003	0.01	4395.81	3058.92	45	9422	
0.4	5.4	54	1314	10	3	122	444972	122	444972	0.003	0	0.003	0.003	3647.31	2298.18	45	9422	
0.4	5.4	15	1315	19	3	87	195435	87	195435	0.00686207	0.0035014	0.003	0.01	2246.38	1913.24	60	9422	
0.4	5.4	37	1316	72	3	8	14319	8	14319	0.003875	0.00247487	0.003	0.01	1789.88	1477.67	60	4395	
0.4	5.4	19	1317	16	3	80	165347	80	165347	0.0043125	0.00274942	0.003	0.01	2066.84	1754.15	60	9422	
0.4	5.4	34	1318	78	3	439	300106	439	300106	0.00528018	0.00348268	0.003	0.017	683.613	727.054	11	5861	
0.4	5.4	42	1319	9	3	179	588275	179	588275	0.00632402	0.00380656	0.003	0.017	3286.45	2473.37	32	9422	
0.4	5.4	47	1322	17	3	161	634465	161	634465	0.00560869	0.00339517	0.003	0.01	3940.78	2522.12	45	9422	
0.4	5.4	39	1326	40	3	352	323701	352	323701	0.00484943	0.00309075	0.003	0.01	919.605	747.799	6	5324	
0.4	5.4	54	1328	8	3	69	102512	69	102512	0.00797101	0.00341696	0.003	0.017	1485.68	1487.12	60	8196	
0.4	5.4	5	1329	7	3	5	5442	5	5442	0.0086	0.0031305	0.003	0.01	1088.4	742.216	60	1775	
0.4	5.4	37	1330	56	3	44	55428	42	54008	0.007	0.00441174	0.003	0.017	1285.9	793.608	60	3550	
0.4	5.4	37	1331	49	3	56	76481	56	76481	0.0065	0.00353167	0.003	0.01	1365.73	1278.42	60	9422	
0.4	5.4	30	1332	13	3	214	886537	214	886537	0.003	0	0.003	0.003	4142.7	2535.82	45	9422	
0.4	5.4	39	1333	50	3	1	60	1	60	0.01	0	0.01	0.01	60	0	60	60	
0.4	5.4	21	1335	10	3	121	214526	121	214526	0.00757025	0.00358196	0.003	0.017	1772.94	1520.67	60	9422	
0.4	5.4	53	1336	5	3	49	91859	49	91859	0.006	0.0035	0.003	0.01	1874.67	1468.21	60	5324	
0.4	5.4	50	1337	25	3	56	162826	56	162826	0.007125	0.00347491	0.003	0.01	2907.61	2637.32	60	9422	
0.4	5.4	42	1338	25	3	86	230293	86	230293	0.00747674	0.00338066	0.003	0.01	2677.83	1843.84	36	9422	
0.4	5.4	29	1340	14	3	168	654718	168	654718	0.003	0	0.003	0.003	3897.13	2556.96	45	9422	
0.4	5.4	46	1341	8	3	95	240474	94	240104	0.00798936	0.00318428	0.003	0.01	2554.3	2032.09	60	9422	
0.4	5.4	50	1344	9	3	120	436765	120	436765	0.00655833	0.00351419	0.003	0.01	3639.71	2138.34	60	9422	
0.4	5.4	37	1345	17	3	10	7336	10	7336	0.0065	0.00368932	0.003	0.01	733.6	628.444	60	1775	
0.4	5.4	37	1347	67	3	4	2484	4	2484	0.00475	0.0035	0.003	0.01	621	459.442	60	1184	
0.4	5.4	20	1348	13	3	11	14321	11	14321	0.00745454	0.00353167	0.003	0.01	1301.91	868.854	60	2961	
0.4	5.4	18	1349	30	3	154	506226	154	506226	0.00527273	0.00328847	0.003	0.01	3287.18	2790.19	45	9422	
0.4	5.4	55	1350	33	3	203	392204	202	391612	0.00663861	0.00364236	0.003	0.017	1938.67	1679.38	36	9422	
0.4	5.4	50	1351	14	3	59	133834	59	133834	0.00430508	0.00274963	0.003	0.01	2268.37	2352.72	60	8873	
0.4	5.4	22	1352	14	3	52	122721	52	122721	0.00582692	0.00346818	0.003	0.01	2360.02	1897.33	60	9422	
0.4	5.4	45	1353	7	3	72	216787	72	216787	0.00805555	0.00315732	0.003	0.01	3010.93	2156.67	45	9422	
0.4	5.4	11	1354	7	3	186	685980	185	681839	0.00716216	0.00344612	0.003	0.01	3685.62	2327.7	45	9422	
0.4	5.4	38	1356	23	3	2	120	1	60	0.003	0	0.003	0.003	60	0	60	60	
0.4	5.4	40	1364	1	3	58	165787	58	165787	0.00806896	0.00315596	0.003	0.01	2858.4	2495.5	45	9422	
0.4	5.4	28	1366	5	3	111	334751	111	334751	0.00426126	0.00270256	0.003	0.01	3015.77	2319.02	45	9422	
0.4	5.4	27	1367	16	3	148	332823	148	332823	0.00678378	0.00368586	0.003	0.017	2248.8	1909.32	60	9422	
0.4	5.4	34	1369	47	3	321	132614	321	132614	0.00443925	0.00323702	0.003	0.017	413.128	419.187	11	3182	
0.4	5.4	33	1370	3	3	1	60	1	60	0.01	0	0.01	0.01	60	0	60	60	
0.4	5.4	26	1371	4	3	87	194256	87	194256	0.00758621	0.00334647	0.003	0.01	2232.83	1695.29	60	9422	
0.4	5.4	44	1374	16	3	63	144510	64	145694	0.00814062	0.00335643	0.003	0.017	2276.47	2221.92	60	9422	
0.4	5.4	29	1375	1	3	197	593018	197	593018	0.00801015	0.0032435	0.003	0.017	3010.24	2048.14	60	9422	
0.4	5.4	54	1376	27	3	31	57634	31	57634	0.00548387	0.00340461	0.003	0.01	1859.16	1259.19	60	4141	
0.4	5.4	2	1378	4	3	13	20830	13	20830	0.00461538	0.0030697	0.003	0.01	1602.31	1090.52	60	3550	
0.4	5.4	41	1379	39	3	2	120	2	120	0.0065	0.00494975	0.003	0.01	60	0	60	60	
0.4	5.4	25	1383	10	3	211	440160	211	440160	0.00611848	0.0035537	0.003	0.017	2086.07	1768.64	23	9422	
0.4	5.4	35	1388	14	3	77	259373	77	259373	0.00863636	0.00279053	0.003	0.01	3368.48	1993.82	60	8873	
0.4	5.4	6	1389	26	3	148	570009	148	570009	0.00517567	0.00325078	0.003	0.01	3851.41	2399.28	60	9422	
0.4	5.4	30	1390	5	3	77	164614	76	161064	0.00880263	0.00288915	0.003	0.017	2119.26	1550.61	60	8282	
0.4	5.4	27	1391	8	3	34	93607	33	90646	0.003	0	0.003	0.003	2746.85	2429.05	60	9422	
0.4	5.4	30	1392	14	3	119	251279	119	251279	0.008	0.00330382	0.003	0.017	2111.59	1690.24	60	9422	
0.4	5.4	44	1393	5	3	48	72936	48	72936	0.00679167	0.00539487	0.003	0.024	1519.5	1191.4	60	5324	
0.4	5.4	32	1395	11	3	124	404219	124	404219	0.00469355	0.00300995	0.003	0.01	3259.83	2191.32	36	9422	
0.4	5.4	39	1396	5	3	1	60	1	60	0.003	0	0.003	0.003	60	0	60	60	
0.4	5.4	37	1397	70	3	116	316235	116	316235	0.003	0	0.003	0.003	2726.16	2043.15	60	9422	
0.4	5.4	34	1398	53	3	380	165219	380	165219	0.00454737	0.00320461	0.003	0.017	434.787	455.514	9	3063	
0.4	5.4	41	1401	23	3	2	120	2	120	0.0065	0.00494975	0.003	0.01	60	0	60	60	
0.4	5.4	47	1402	4	3	104	390589	103	385856	0.00816505	0.00309363	0.003	0.01	3746.17	2463.87	45	9422	
0.4	5.4	34	1403	8	3	3	180	3	180	0.00766667	0.00404145	0.003	0.01	60	0	60	60	
0.4	5.4	30	1404	1	3	1	60	0	0	0	0	0	0	0	0	0	0	
0.4	5.4	39	1405	30	3	296	349906	296	349906	0.00460811	0.0029496	0.003	0.01	1182.11	1396.83	6	9422	
0.4	5.4	8	1406	12	3	3	180	3	180	0.01	0	0.01	0.01	60	0	60	60	
0.4	5.4	27	1412	7	3	149	359435	149	359435	0.00746309	0.00408611	0.003	0.017	2412.32	1941.42	60	8873	
0.4	5.4	44	1413	15	3	39	112538	39	112538	0.00892308	0.00255862	0.003	0.01	2885.59	2614.51	60	9422	
0.4	5.4	35	1415	23	3	126	572804	126	572804	0.008	0.0031749	0.003	0.01	4546.06	2636.34	45	9422	
0.4	5.4	51	1419	7	3	160	474692	160	474692	0.00724375	0.00360598	0.003	0.017	2966.82	2284.44	13	9422	
0.4	5.4	34	1421	2	3	1	60	1	60	0.017	0	0.017	0.017	60	0	60	60	
0.4	5.4	41	1422	1	3	108	174727	109	175911	0.00717431	0.00382449	0.003	0.017	1613.86	1551.19	60	9422	
0.4	5.4	39	1423	23	3	216	337489	216	337489	0.00539815	0.00332975	0.003	0.01	1562.45	1588.32	78	9422	
0.4	5.4	24	1424	14	3	81	238080	81	238080	0.00334568	0.00152611	0.003	0.01	2939.26	2032.31	60	9422	
