% start	end	CellId	IMSI	RNTI	LCID	nTxPDUs	TxBytes	nRxPDUs	RxBytes	delay	stdDev	min	max	PduSize	stdDev	min	max
0.4	5.4	41	1	55	3	6	5444	6	5444	0.00416667	0.00285774	0.003	0.01	907.333	697.236	60	1775	
0.4	5.4	46	2	18	3	97	287224	97	287224	0.0085567	0.00302065	0.003	0.017	2961.07	2101.43	60	9422	
0.4	5.4	42	3	3	3	197	422229	197	422229	0.00694416	0.00348055	0.003	0.01	2143.29	1924.69	60	9422	
0.4	5.4	13	6	3	3	194	650065	192	645330	0.0065	0.00350915	0.003	0.01	3361.09	2672.58	45	9422	
0.4	5.4	48	8	14	3	155	485472	155	485472	0.00701935	0.00373727	0.003	0.017	3132.08	2540.66	57	9422	
0.4	5.4	50	9	14	3	159	670923	160	672107	0.003	0	0.003	0.003	4200.67	2238.53	45	9422	
0.4	5.4	24	10	6	3	3	180	3	180	0.01	0.007	0.003	0.017	60	0	60	60	
0.4	5.4	2	11	33	3	43	69979	43	69979	0.00658139	0.00414748	0.003	0.017	1627.42	1214.24	6	5324	
0.4	5.4	48	12	4	3	102	262268	102	262268	0.00732353	0.00355762	0.003	0.017	2571.25	1894.67	45	9422	
0.4	5.4	8	13	5	3	80	253945	80	253945	0.0071125	0.00346773	0.003	0.01	3174.31	2021.98	60	9422	
0.4	5.4	24	14	18	3	127	399523	127	399523	0.00454331	0.00291345	0.003	0.01	3145.85	1942.06	60	9422	
0.4	5.4	48	15	11	3	2	120	2	120	0.01	0	0.01	0.01	60	0	60	60	
0.4	5.4	34	16	51	3	304	419367	304	419367	0.00576316	0.00361102	0.003	0.017	1379.5	1299.42	15	9422	
0.4	5.4	38	17	8	3	54	281834	54	281834	0.003	0	0.003	0.003	5219.15	2462.1	60	9422	
0.4	5.4	6	18	19	3	20	28049	20	28049	0.0072	0.00351837	0.003	0.01	1402.45	972.289	60	3550	
0.4	5.4	4	19	20	3	202	763014	203	763606	0.00606896	0.00348194	0.003	0.01	3761.61	2731.21	45	9422	
0.4	5.4	39	20	68	3	84	89547	85	91322	0.00637647	0.00383585	0.003	0.017	1074.38	878.194	60	4971	
0.4	5.4	41	21	72	3	134	149964	134	149964	0.00508955	0.00321524	0.003	0.01	1119.13	658.231	6	4395	
0.4	5.4	49	23	12	3	88	228651	88	228651	0.00323864	0.00127752	0.003	0.01	2598.31	1852.53	60	9422	
0.4	5.4	15	25	21	3	85	134487	85	134487	0.00810588	0.00409711	0.003	0.017	1582.2	1756.55	21	9422	
0.4	5.4	16	26	13	3	75	229090	75	229090	0.003	0	0.003	0.003	3054.53	1643.81	60	6507	
0.4	5.4	46	27	12	3	116	494663	117	494723	0.00790598	0.00321897	0.003	0.01	4228.4	2927.5	45	9422	
0.4	5.4	16	29	3	3	69	167605	69	167605	0.00817391	0.00427013	0.003	0.017	2429.06	2087.34	60	9422	
0.4	5.4	9	30	6	3	41	161036	41	161036	0.00692683	0.00351703	0.003	0.01	3927.71	2173.25	60	9422	
0.4	5.4	43	31	19	3	116	385923	116	385923	0.0065	0.00351518	0.003	0.01	3326.92	2348.99	57	8282	
0.4	5.4	5	32	7	3	120	534231	120	534231	0.00749167	0.00337065	0.003	0.01	4451.93	2396.94	45	9422	
0.4	5.4	34	33	15	3	2	708	2	708	0.003	0	0.003	0.003	354	415.779	60	648	
0.4	5.4	33	34	7	3	41	117267	41	117267	0.00436585	0.00280852	0.003	0.01	2860.17	2097.68	60	7690	
0.4	5.4	56	36	5	3	4	3667	4	3667	0.01	0	0.01	0.01	916.75	733.545	60	1775	
0.4	5.4	15	37	23	3	130	257602	130	257602	0.00784615	0.0038829	0.003	0.017	1981.55	2024.7	21	9422	
0.4	5.4	53	39	20	3	294	801613	294	801613	0.00690476	0.00362365	0.003	0.017	2726.57	2303.22	45	9422	
0.4	5.4	22	40	13	3	261	681989	259	671930	0.00791892	0.00364899	0.003	0.017	2594.32	2090.83	28	9422	
0.4	5.4	39	41	35	3	1	60	1	60	0.003	0	0.003	0.003	60	0	60	60	
0.4	5.4	37	43	55	3	3	180	3	180	0.00766667	0.00404145	0.003	0.01	60	0	60	60	
0.4	5.4	11	44	13	3	22	42145	22	42145	0.0065	0.00358236	0.003	0.01	1915.68	1403.18	60	4395	
0.4	5.4	31	45	28	3	58	123933	58	123933	0.00637931	0.00352847	0.003	0.01	2136.78	1351.05	59	5861	
0.4	5.4	26	46	5	3	84	287077	84	287077	0.00775	0.00328881	0.003	0.01	3417.58	2818.92	45	9422	
0.4	5.4	17	48	16	3	130	216888	130	216888	0.00639231	0.00392072	0.003	0.017	1668.37	1316.65	60	7099	
0.4	5.4	55	49	51	3	159	325691	159	325691	0.00379245	0.00222493	0.003	0.01	2048.37	1705.12	26	9422	
0.4	5.4	45	51	8	3	3	1892	3	1892	0.00766667	0.00404145	0.003	0.01	630.667	562.2	60	1184	
0.4	5.4	48	52	1	3	101	326742	101	326742	0.00715841	0.00345466	0.003	0.01	3235.07	2363.39	60	9422	
0.4	5.4	41	53	86	3	135	146540	135	146540	0.00616296	0.00398544	0.003	0.017	1085.48	976.626	60	4395	
0.4	5.4	37	54	43	3	166	325194	166	325194	0.00506626	0.00320253	0.003	0.01	1959	2076.25	60	9422	
0.4	5.4	45	55	19	3	141	220368	140	216227	0.0057	0.003716	0.003	0.017	1544.48	1541.61	60	9422	
0.4	5.4	2	56	13	3	18	21548	18	21548	0.003	0	0.003	0.003	1197.11	626.691	60	2014	
0.4	5.4	31	57	4	3	99	247488	99	247488	0.0059697	0.0034772	0.003	0.01	2499.88	1769.3	57	9422	
0.4	5.4	51	59	15	3	1	60	1	60	0.01	0	0.01	0.01	60	0	60	60	
0.4	5.4	41	62	4	3	1	60	1	60	0.01	0	0.01	0.01	60	0	60	60	
0.4	5.4	16	63	12	3	88	210778	88	210778	0.00697727	0.00348718	0.003	0.01	2395.2	1741.04	28	8282	
0.4	5.4	17	65	14	3	166	354163	166	354163	0.00780723	0.00368439	0.003	0.017	2133.51	1658.93	60	9422	
0.4	5.4	44	68	9	3	138	539820	138	539820	0.003	0	0.003	0.003	3911.74	2536.06	45	9422	
0.4	5.4	23	69	14	3	2	120	2	120	0.0065	0.00494975	0.003	0.01	60	0	60	60	
0.4	5.4	50	70	10	3	35	75287	33	70130	0.00851515	0.00454918	0.003	0.017	2125.15	1273.64	60	5324	
0.4	5.4	8	74	4	3	54	117294	54	117294	0.0077963	0.0035522	0.003	0.017	2172.11	1785.47	60	9422	
0.4	5.4	35	75	7	3	91	277735	92	282468	0.00825	0.0030477	0.003	0.01	3070.3	2380.09	60	9422	
0.4	5.4	4	76	6	3	2	120	2	120	0.01	0	0.01	0.01	60	0	60	60	
0.4	5.4	14	77	4	3	112	376428	113	377951	0.00770796	0.00329957	0.003	0.01	3344.7	2194.75	60	9422	
0.4	5.4	43	78	20	3	40	117867	40	117867	0.00405	0.00253134	0.003	0.01	2946.68	2466.85	60	9422	
0.4	5.4	38	79	13	3	149	644773	149	644773	0.00478523	0.00306145	0.003	0.01	4327.34	3081.01	45	9422	
0.4	5.4	16	80	17	3	58	156925	58	156925	0.00782759	0.00326673	0.003	0.01	2705.6	1719.39	60	7690	
0.4	5.4	49	81	11	3	2	120	2	120	0.01	0	0.01	0.01	60	0	60	60	
0.4	5.4	41	83	50	3	124	121762	124	121762	0.00587903	0.00389202	0.003	0.017	981.952	761.371	60	4107	
0.4	5.4	34	85	43	3	159	134757	158	134160	0.0053481	0.00399829	0.003	0.017	849.114	814.141	14	6388	
0.4	5.4	22	86	10	3	1	60	1	60	0.003	0	0.003	0.003	60	0	60	60	
0.4	5.4	44	87	8	3	140	404493	140	404493	0.00805	0.00346893	0.003	0.017	2889.24	1979.61	60	9422	
0.4	5.4	30	89	12	3	2	120	2	120	0.01	0	0.01	0.01	60	0	60	60	
0.4	5.4	7	90	10	3	104	160550	104	160550	0.00750961	0.00389173	0.003	0.017	1543.75	1296.92	36	7099	
0.4	5.4	28	91	1	3	119	319172	119	319172	0.00811765	0.00311687	0.003	0.01	2682.12	1633.01	60	7690	
0.4	5.4	11	92	11	3	133	359411	133	359411	0.00431579	0.00274516	0.003	0.01	2702.34	1752.02	10	9422	
0.4	5.4	54	93	11	3	64	214303	64	214303	0.009125	0.00233333	0.003	0.01	3348.48	2395.81	45	9422	
0.4	5.4	57	95	32	3	158	555806	158	555806	0.003	0	0.003	0.003	3517.76	2495.4	45	9422	
0.4	5.4	44	97	12	3	183	631953	183	631953	0.00693989	0.00348177	0.003	0.01	3453.3	2439.05	45	9422	
0.4	5.4	25	99	19	3	17	45086	17	45086	0.00711765	0.0035511	0.003	0.01	2652.12	2585.73	60	9422	
0.4	5.4	1	100	14	3	130	271304	130	271304	0.00703846	0.00378574	0.003	0.017	2086.95	1539.84	60	9422	
0.4	5.4	21	102	7	3	1	60	1	60	0.01	0	0.01	0.01	60	0	60	60	
0.4	5.4	33	103	19	3	90	382905	90	382905	0.003	0	0.003	0.003	4254.5	2845.77	45	9422	
0.4	5.4	42	104	21	3	5	300	5	300	0.0058	0.00383406	0.003	0.01	60	0	60	60	
0.4	5.4	8	105	6	3	62	157050	62	157050	0.00762903	0.00333994	0.003	0.01	2533.06	2235.05	36	9422	
0.4	5.4	15	107	13	3	1	60	1	60	0.003	0	0.003	0.003	60	0	60	60	
0.4	5.4	41	110	88	3	136	167346	136	167346	0.00716912	0.00445813	0.003	0.017	1230.49	1166.42	60	9422	
0.4	5.4	25	111	9	3	132	303719	132	303719	0.00782576	0.003474	0.003	0.017	2300.9	1519.41	60	9422	
0.4	5.4	39	112	77	3	2	120	2	120	0.0065	0.00494975	0.003	0.01	60	0	60	60	
0.4	5.4	6	115	12	3	112	282983	112	282983	0.00775	0.00341565	0.003	0.017	2526.63	1742.49	13	7690	
0.4	5.4	23	116	9	3	43	95974	43	95974	0.00674419	0.00353279	0.003	0.01	2231.95	1814.92	60	7099	
0.4	5.4	12	117	13	3	1	60	1	60	0.01	0	0.01	0.01	60	0	60	60	
0.4	5.4	29	122	2	3	186	613733	186	613733	0.00499462	0.00316825	0.003	0.01	3299.64	1919.49	45	9422	
0.4	5.4	2	123	24	3	81	229133	81	229133	0.00334568	0.00152611	0.003	0.01	2828.8	2107.26	60	9422	
0.4	5.4	37	124	21	3	2	120	2	120	0.0065	0.00494975	0.003	0.01	60	0	60	60	
0.4	5.4	28	125	9	3	3	180	3	180	0.00533333	0.00404145	0.003	0.01	60	0	60	60	
0.4	5.4	32	128	11	3	107	412487	107	412487	0.003	0	0.003	0.003	3855.02	2539.63	45	9422	
0.4	5.4	47	132	3	3	149	599679	149	599679	0.00314094	0.000986532	0.003	0.01	4024.69	2812.79	45	9422	
0.4	5.4	39	133	40	3	22	26868	22	26868	0.00713636	0.00413228	0.003	0.017	1221.27	676.349	60	1775	
0.4	5.4	4	134	15	3	35	52332	34	51148	0.00629412	0.00354648	0.003	0.01	1504.35	1150.8	13	5324	
0.4	5.4	4	135	7	3	81	285907	81	285907	0.003	0	0.003	0.003	3529.72	2067.85	60	9422	
0.4	5.4	3	136	9	3	36	105548	36	105548	0.00844444	0.00295146	0.003	0.01	2931.89	2909.17	60	9422	
0.4	5.4	41	138	63	3	76	78998	76	78998	0.00530263	0.00331067	0.003	0.01	1039.45	724.851	24	3549	
0.4	5.4	32	139	7	3	72	207801	72	207801	0.00669444	0.00351912	0.003	0.01	2886.12	2190.94	60	9422	
0.4	5.4	52	143	19	3	1	60	1	60	0.003	0	0.003	0.003	60	0	60	60	
0.4	5.4	31	144	6	3	176	558248	175	556473	0.00532	0.00392756	0.003	0.017	3179.85	2563.55	45	9422	
0.4	5.4	31	145	21	3	49	133383	48	127467	0.00679167	0.00352474	0.003	0.01	2655.56	2138.74	60	9422	
0.4	5.4	19	146	6	3	36	94202	36	94202	0.00358333	0.00196214	0.003	0.01	2616.72	2181.51	60	9422	
0.4	5.4	6	151	14	3	151	528594	150	522087	0.00468	0.0029996	0.003	0.01	3480.58	2488.78	45	9422	
0.4	5.4	45	152	22	3	190	499128	191	499887	0.00490576	0.00312402	0.003	0.01	2617.21	2317.73	45	9422	
0.4	5.4	38	153	16	3	94	317259	94	317259	0.0081383	0.00310948	0.003	0.01	3375.1	2155	57	9422	
0.4	5.4	34	155	45	3	332	639229	332	639229	0.00451807	0.00288914	0.003	0.01	1925.39	1755.79	28	9422	
0.4	5.4	48	156	17	3	68	126198	68	126198	0.00752941	0.00337006	0.003	0.01	1855.85	1873.25	60	9422	
0.4	5.4	49	157	8	3	1	60	1	60	0.01	0	0.01	0.01	60	0	60	60	
0.4	5.4	43	159	4	3	91	289688	91	289688	0.00438461	0.00280384	0.003	0.01	3183.38	2168.13	60	9422	
0.4	5.4	8	160	11	3	110	286524	110	286524	0.00490909	0.0031318	0.003	0.01	2604.76	1834.76	60	9422	
0.4	5.4	42	161	16	3	8	14318	8	14318	0.00475	0.00324037	0.003	0.01	1789.75	1688.73	60	5324	
0.4	5.4	7	163	7	3	2	120	2	120	0.0065	0.00494975	0.003	0.01	60	0	60	60	
0.4	5.4	11	164	8	3	95	351671	95	351671	0.00911579	0.00233777	0.003	0.01	3701.8	2091.33	36	9422	
0.4	5.4	39	165	41	3	200	286737	200	286737	0.006325	0.00383967	0.003	0.017	1433.68	1546.77	23	9422	
0.4	5.4	41	167	62	3	410	516076	410	516076	0.00583415	0.00404822	0.003	0.017	1258.72	1296.76	58	9422	
0.4	5.4	21	169	1	3	201	574102	201	574102	0.00575124	0.00356761	0.003	0.017	2856.23	1945.73	45	9422	
0.4	5.4	41	170	44	3	289	537224	290	540526	0.00500345	0.00316938	0.003	0.01	1863.88	1719.78	36	9422	
0.4	5.4	46	173	4	3	76	216204	76	216204	0.003	0	0.003	0.003	2844.79	1891.55	60	9422	
0.4	5.4	39	174	4	3	2	120	2	120	0.01	0	0.01	0.01	60	0	60	60	
0.4	5.4	20	176	8	3	125	491771	125	491771	0.003	0	0.003	0.003	3934.17	2219.2	45	9422	
0.4	5.4	35	178	9	3	65	150539	64	148172	0.00803125	0.00317214	0.003	0.01	2315.19	1596.39	60	9422	
0.4	5.4	15	179	25	3	130	286790	130	286790	0.00752308	0.00378536	0.003	0.017	2206.08	2230.79	28	9422	
0.4	5.4	23	182	13	3	115	311028	115	311028	0.00713913	0.00345621	0.003	0.01	2704.59	2121.21	60	9422	
0.4	5.4	10	183	4	3	135	319808	135	319808	0.00777037	0.00359299	0.003	0.017	2368.95	1846.93	60	9422	
0.4	5.4	22	184	1	3	92	199548	91	194815	0.00792308	0.00338044	0.003	0.017	2140.82	1399.76	60	7099	
0.4	5.4	39	185	84	3	2	120	2	120	0.0065	0.00494975	0.003	0.01	60	0	60	60	
0.4	5.4	16	186	18	3	25	83536	25	83536	0.0072	0.0035	0.003	0.01	3341.44	2339.24	60	8873	
0.4	5.4	12	187	20	3	70	203651	72	207201	0.00786111	0.00324712	0.003	0.01	2877.79	1857.86	60	7690	
0.4	5.4	10	188	20	3	98	414751	98	414751	0.00535714	0.00332516	0.003	0.01	4232.15	2770.97	45	9422	
0.4	5.4	10	189	5	3	1	60	1	60	0.01	0	0.01	0.01	60	0	60	60	
0.4	5.4	17	191	2	3	152	379461	151	378475	0.0072649	0.00411939	0.003	0.017	2506.46	2019.02	60	9422	
0.4	5.4	55	192	60	3	234	315928	234	315928	0.00575214	0.00372074	0.003	0.017	1350.12	1017.31	52	5324	
0.4	5.4	39	195	12	3	1	60	1	60	0.003	0	0.003	0.003	60	0	60	60	
0.4	5.4	5	196	15	3	17	50412	17	50412	0.00629412	0.00360147	0.003	0.01	2965.41	2272.15	60	9422	
0.4	5.4	12	197	14	3	121	383655	121	383655	0.00623967	0.00350482	0.003	0.01	3170.7	2424.2	45	9422	
0.4	5.4	6	199	18	3	64	196568	64	196568	0.00945312	0.00189343	0.003	0.01	3071.37	2664.67	45	9422	
0.4	5.4	41	202	56	3	182	176796	182	176796	0.00519231	0.00325548	0.003	0.01	971.407	811.834	31	5861	
0.4	5.4	52	204	53	3	188	316235	188	316235	0.00731915	0.00397912	0.003	0.017	1682.1	1656.77	5	9422	
0.4	5.4	13	205	1	3	77	157545	77	157545	0.00709091	0.00382575	0.003	0.017	2046.04	1506.76	60	7099	
0.4	5.4	34	206	50	3	256	399624	255	398721	0.00566274	0.00340507	0.003	0.01	1563.61	1400.69	22	9422	
0.4	5.4	56	207	11	3	8	21415	8	21415	0.003	0	0.003	0.003	2676.88	2453.7	60	7099	
0.4	5.4	34	208	2	3	4	240	4	240	0.003	0	0.003	0.003	60	0	60	60	
0.4	5.4	55	209	57	3	329	339658	329	339658	0.00593617	0.00427117	0.003	0.024	1032.4	1269.33	13	8873	
0.4	5.4	47	211	16	3	20	48047	20	48047	0.0086	0.00287274	0.003	0.01	2402.35	1986.28	28	7099	
0.4	5.4	55	215	13	3	5	300	5	300	0.0072	0.00383406	0.003	0.01	60	0	60	60	
0.4	5.4	31	217	15	3	141	401774	141	401774	0.00746808	0.00337544	0.003	0.01	2849.46	2551.58	45	9422	
0.4	5.4	13	218	19	3	151	546939	151	546939	0.003	0	0.003	0.003	3622.11	2535.68	45	9422	
0.4	5.4	52	220	38	3	64	102044	63	101407	0.006	0.00391853	0.003	0.017	1609.63	1461.45	60	9422	
0.4	5.4	28	221	16	3	182	693956	182	693956	0.00707692	0.00353899	0.003	0.017	3812.95	2928.8	36	9422	
0.4	5.4	5	222	10	3	125	519692	125	519692	0.003	0	0.003	0.003	4157.54	2534.01	45	9422	
0.4	5.4	52	223	22	3	2	120	2	120	0.0065	0.00494975	0.003	0.01	60	0	60	60	
0.4	5.4	28	225	2	3	143	399163	142	392404	0.00847183	0.00313229	0.003	0.017	2763.41	1824.07	45	9422	
0.4	5.4	39	227	33	3	5	832	5	832	0.0044	0.0031305	0.003	0.01	166.4	237.918	60	592	
0.4	5.4	52	230	41	3	57	68800	55	66432	0.00783636	0.00464185	0.003	0.017	1207.85	830.278	60	4395	
0.4	5.4	57	231	27	3	140	494993	140	494993	0.00315	0.0010173	0.003	0.01	3535.66	2509.4	45	9422	
0.4	5.4	39	232	26	3	94	187177	94	187177	0.00456383	0.00293132	0.003	0.01	1991.24	1603.95	60	8282	
0.4	5.4	53	236	22	3	37	79419	37	79419	0.00621622	0.0035366	0.003	0.01	2146.46	1694.58	60	7099	
0.4	5.4	2	237	31	3	132	447460	132	447460	0.0042197	0.00266534	0.003	0.01	3389.85	2433.96	45	9422	
0.4	5.4	3	238	16	3	33	82366	33	82366	0.00893939	0.00254877	0.003	0.01	2495.94	2411.98	60	9422	
0.4	5.4	15	239	3	3	103	245103	104	245695	0.00623077	0.00350653	0.003	0.01	2362.45	1807.05	57	9422	
0.4	5.4	37	241	59	3	46	49853	46	49853	0.00543478	0.0033708	0.003	0.01	1083.76	665.405	38	3550	
0.4	5.4	37	243	75	3	71	107275	71	107275	0.00615493	0.00350774	0.003	0.01	1510.92	1356.47	44	8223	
0.4	5.4	39	244	59	3	2	120	2	120	0.0065	0.00494975	0.003	0.01	60	0	60	60	
0.4	5.4	41	246	81	3	197	311348	197	311348	0.00605584	0.00355165	0.003	0.017	1580.45	1641.74	36	9422	
0.4	5.4	32	247	2	3	43	133835	42	130877	0.00783333	0.00327531	0.003	0.01	3116.12	2511.05	60	9422	
0.4	5.4	55	248	27	3	333	401787	333	401787	0.00560661	0.00338915	0.003	0.01	1206.57	1186.87	55	9422	
0.4	5.4	6	251	1	3	92	140951	91	140359	0.00407692	0.0025396	0.003	0.01	1542.41	2109.36	60	9422	
0.4	5.4	39	252	52	3	1	60	1	60	0.003	0	0.003	0.003	60	0	60	60	
0.4	5.4	13	255	6	3	2	120	2	120	0.01	0	0.01	0.01	60	0	60	60	
0.4	5.4	45	257	9	3	84	194217	84	194217	0.0075	0.00337425	0.003	0.01	2312.11	1915.05	57	9422	
0.4	5.4	38	258	11	3	4	3667	3	1892	0.00533333	0.00404145	0.003	0.01	630.667	562.2	60	1184	
0.4	5.4	10	259	23	3	75	168157	75	168157	0.00841333	0.00295046	0.003	0.01	2242.09	1777.45	60	8873	
0.4	5.4	39	261	5	3	125	200816	125	200816	0.004176	0.0026276	0.003	0.01	1606.53	1580.96	60	8873	
0.4	5.4	17	262	6	3	116	388526	115	385344	0.00628696	0.0035088	0.003	0.01	3350.82	2565.57	60	9422	
0.4	5.4	56	263	12	3	89	262340	89	262340	0.00701123	0.00348208	0.003	0.01	2947.64	2501.4	60	9422	
0.4	5.4	14	264	12	3	88	215028	88	215028	0.00586364	0.00362045	0.003	0.017	2443.5	1963.18	60	9422	
0.4	5.4	17	265	7	3	155	454581	155	454581	0.00656774	0.00351069	0.003	0.01	2932.78	2033.84	60	9422	
0.4	5.4	39	267	65	3	183	190612	182	190287	0.00596154	0.00354508	0.003	0.017	1045.53	1192.05	7	8873	
0.4	5.4	37	268	7	3	2	120	2	120	0.0065	0.00494975	0.003	0.01	60	0	60	60	
0.4	5.4	52	269	2	3	189	471889	190	473664	0.00609474	0.00348564	0.003	0.01	2492.97	1796.4	57	9422	
0.4	5.4	29	270	9	3	66	158145	66	158145	0.00745454	0.00339312	0.003	0.01	2396.14	1398	60	4904	
0.4	5.4	31	271	13	3	119	245716	119	245716	0.00729412	0.00354237	0.003	0.017	2064.84	1668.45	60	9422	
0.4	5.4	5	272	12	3	83	291794	82	287653	0.00837805	0.00297164	0.003	0.01	3507.96	2231.51	60	9422	
0.4	5.4	15	273	18	3	198	514954	198	514954	0.00766667	0.0034553	0.003	0.017	2600.78	2039.05	45	9422	
0.4	5.4	48	274	15	3	67	139306	66	133982	0.00756061	0.00357826	0.003	0.017	2030.03	1940.08	60	9422	
0.4	5.4	35	275	21	3	150	410776	149	409217	0.00746309	0.00337624	0.003	0.01	2746.42	1925.61	60	9422	
0.4	5.4	37	276	40	3	1	60	1	60	0.01	0	0.01	0.01	60	0	60	60	
0.4	5.4	39	277	83	3	181	240791	180	240042	0.00447778	0.00286465	0.003	0.01	1333.57	1404.36	46	9422	
0.4	5.4	16	278	14	3	16	37392	15	36800	0.00906667	0.00246306	0.003	0.01	2453.33	2784.12	60	9422	
0.4	5.4	31	279	14	3	3	180	3	180	0.00533333	0.00404145	0.003	0.01	60	0	60	60	
0.4	5.4	35	282	15	3	167	647893	167	647893	0.00643712	0.00350996	0.003	0.01	3879.6	2725.16	36	9422	
0.4	5.4	39	284	53	3	122	89641	122	89641	0.00552459	0.00371776	0.003	0.017	734.762	738.167	60	4395	
0.4	5.4	3	286	20	3	88	206052	88	206052	0.00864773	0.0027794	0.003	0.01	2341.5	2134.74	45	9422	
0.4	5.4	19	287	8	3	94	293694	94	293694	0.003	0	0.003	0.003	3124.4	2305.08	45	9422	
0.4	5.4	37	289	62	3	3	180	3	180	0.00766667	0.00404145	0.003	0.01	60	0	60	60	
0.4	5.4	46	290	8	3	85	317247	84	311923	0.00633333	0.00351703	0.003	0.01	3713.37	2267.19	45	9422	
0.4	5.4	45	291	2	3	211	481388	211	479632	0.00654976	0.00350797	0.003	0.01	2273.14	1701.09	60	9262	
0.4	5.4	20	292	13	3	205	831463	205	831463	0.003	0	0.003	0.003	4055.92	2273.13	45	9422	
0.4	5.4	27	293	9	3	5	5442	5	5442	0.0072	0.00383406	0.003	0.01	1088.4	742.216	60	1775	
0.4	5.4	1	294	3	3	110	302730	110	302730	0.00669091	0.00351078	0.003	0.01	2752.09	2107.03	60	9422	
0.4	5.4	3	297	6	3	26	43432	26	43432	0.00811538	0.00316641	0.003	0.01	1670.46	1007.27	60	4141	
0.4	5.4	47	298	1	3	160	571182	160	571182	0.00785625	0.00323667	0.003	0.01	3569.89	2539.01	36	9422	
0.4	5.4	10	299	12	3	54	107824	54	107824	0.0077963	0.00380357	0.003	0.017	1996.74	1592.89	60	9422	
0.4	5.4	32	301	9	3	153	626656	153	619558	0.00638562	0.0036003	0.003	0.017	4049.4	2716.35	45	9422	
0.4	5.4	37	309	49	3	69	51097	69	51097	0.00513043	0.00385362	0.003	0.017	740.536	780.447	46	4141	
0.4	5.4	38	310	10	3	46	193571	46	193571	0.003	0	0.003	0.003	4208.07	2472.47	60	8873	
0.4	5.4	31	311	12	3	1	60	1	60	0.01	0	0.01	0.01	60	0	60	60	
0.4	5.4	15	312	8	3	15	27341	15	27341	0.00393333	0.00246306	0.003	0.01	1822.73	1269.75	60	4395	
0.4	5.4	41	314	40	3	2	120	2	120	0.01	0	0.01	0.01	60	0	60	60	
0.4	5.4	5	320	11	3	67	232045	67	232045	0.00780597	0.00327173	0.003	0.01	3463.36	1744.81	36	8873	
0.4	5.4	49	321	10	3	100	307796	100	307796	0.00601	0.00348299	0.003	0.01	3077.96	1828.53	60	9422	
0.4	5.4	54	323	8	3	79	180129	79	180129	0.00849367	0.00289506	0.003	0.01	2280.11	2022.56	60	9422	
0.4	5.4	19	324	10	3	60	172902	60	172902	0.00778333	0.00328371	0.003	0.01	2881.7	1950.4	60	9422	
0.4	5.4	6	325	11	3	59	153370	59	153370	0.00691525	0.00350511	0.003	0.01	2599.49	1957.46	60	9422	
0.4	5.4	23	328	10	3	172	459059	172	459059	0.00841279	0.00339219	0.003	0.017	2668.95	2371.27	45	9422	
0.4	5.4	34	332	44	3	198	248878	198	248878	0.00660606	0.004717	0.003	0.017	1256.96	1049.22	60	5324	
0.4	5.4	11	333	7	3	144	612368	144	612368	0.00329167	0.00140367	0.003	0.01	4252.56	2532.39	45	9422	
0.4	5.4	28	334	22	3	7	14316	6	8992	0.01	0	0.01	0.01	1498.67	1204.42	60	3550	
0.4	5.4	20	335	10	3	132	534950	132	534950	0.003	0	0.003	0.003	4052.65	2435.39	45	9422	
0.4	5.4	2	338	28	3	144	213252	144	213252	0.0069375	0.00427911	0.003	0.017	1480.92	1208.07	17	8282	
0.4	5.4	43	339	8	3	212	402085	212	402085	0.00867924	0.00380832	0.003	0.024	1896.63	1759.16	60	9422	
0.4	5.4	36	341	5	3	7	9052	7	9052	0.008	0.00341565	0.003	0.01	1293.14	1226.59	60	3550	
0.4	5.4	39	342	2	3	317	699419	316	698670	0.003	0	0.003	0.003	2210.98	1821.96	34	9422	
0.4	5.4	44	343	6	3	149	509084	149	509084	0.00502013	0.00318245	0.003	0.01	3416.67	2563.06	44	9422	
0.4	5.4	12	344	11	3	71	233462	70	232278	0.0039	0.00235999	0.003	0.01	3318.26	2229.44	60	9422	
0.4	5.4	41	346	20	3	224	276694	224	276694	0.0050625	0.00319832	0.003	0.01	1235.24	698.422	36	3182	
0.4	5.4	41	347	60	3	235	470251	235	470251	0.00442979	0.00282812	0.003	0.01	2001.07	1564.42	60	9422	
0.4	5.4	26	348	9	3	77	213735	77	213735	0.00754545	0.00336212	0.003	0.01	2775.78	1861.41	45	9422	
0.4	5.4	37	349	57	3	2	120	2	120	0.0065	0.00494975	0.003	0.01	60	0	60	60	
0.4	5.4	53	351	9	3	158	308019	158	308019	0.00729747	0.00384825	0.003	0.024	1949.49	1897.12	60	9422	
0.4	5.4	39	352	42	3	105	81360	105	81360	0.00526667	0.00329121	0.003	0.01	774.857	989.492	56	7271	
0.4	5.4	51	353	1	3	102	404809	102	404809	0.00457843	0.00293978	0.003	0.01	3968.72	2385.6	45	9422	
0.4	5.4	2	355	30	3	82	230908	82	230908	0.00428049	0.0027229	0.003	0.01	2815.95	2183.78	60	9422	
0.4	5.4	10	356	3	3	48	126278	48	126278	0.003	0	0.003	0.003	2630.79	1383.02	60	6507	
0.4	5.4	21	358	27	3	46	137386	46	137386	0.0065	0.00353868	0.003	0.01	2986.65	2446.95	60	9422	
0.4	5.4	21	360	3	3	219	636002	219	636002	0.00600457	0.00366173	0.003	0.017	2904.12	2115.9	45	9422	
0.4	5.4	7	361	2	3	119	245124	119	245124	0.00794118	0.003203	0.003	0.01	2059.87	1692.53	37	9422	
0.4	5.4	29	362	16	3	198	644554	198	644554	0.00487374	0.00310709	0.003	0.01	3255.32	2248.29	6	9422	
0.4	5.4	37	363	53	3	248	344847	248	344847	0.00548387	0.00341462	0.003	0.017	1390.51	1541.63	36	9422	
0.4	5.4	12	365	3	3	3	1892	3	1892	0.01	0	0.01	0.01	630.667	562.2	60	1184	
0.4	5.4	39	366	56	3	183	118858	182	118266	0.00576923	0.00373449	0.003	0.017	649.813	725.091	59	4395	
0.4	5.4	37	369	52	3	99	148888	100	149983	0.00531	0.00330807	0.003	0.01	1499.83	900.141	60	4733	
0.4	5.4	41	372	32	3	143	112129	143	112129	0.00471329	0.00302017	0.003	0.01	784.119	663.334	16	4107	
0.4	5.4	34	373	55	3	173	186710	173	186710	0.00595376	0.00392934	0.003	0.017	1079.25	1072.56	60	7099	
0.4	5.4	36	375	2	3	30	84134	30	84134	0.00883333	0.00265334	0.003	0.01	2804.47	2667.74	60	9422	
0.4	5.4	39	377	75	3	258	338178	258	338178	0.00555039	0.00337526	0.003	0.01	1310.77	1372.58	28	9422	
0.4	5.4	43	378	16	3	6	360	6	360	0.00883333	0.00285774	0.003	0.01	60	0	60	60	
0.4	5.4	50	379	9	3	11	31476	11	31476	0.00363636	0.00211058	0.003	0.01	2861.45	2288.04	60	6882	
0.4	5.4	40	380	7	3	60	144620	60	144620	0.00778333	0.00352757	0.003	0.017	2410.33	1945.15	60	9422	
0.4	5.4	10	381	15	3	1	60	1	60	0.01	0	0.01	0.01	60	0	60	60	
0.4	5.4	56	382	4	3	141	521475	140	520291	0.0067	0.00350683	0.003	0.01	3716.36	2514.92	45	9422	
0.4	5.4	28	383	6	3	85	391180	85	391180	0.00645882	0.00352053	0.003	0.01	4602.12	2895.23	45	9422	
0.4	5.4	52	385	58	3	79	182382	79	182382	0.00681013	0.00350851	0.003	0.01	2308.63	1609.35	60	5324	
0.4	5.4	55	388	62	3	212	184930	212	184930	0.00610377	0.00442511	0.003	0.017	872.311	790.402	5	4736	
0.4	5.4	57	392	4	3	2	120	2	120	0.0065	0.00494975	0.003	0.01	60	0	60	60	
0.4	5.4	41	393	82	3	10	6102	10	6102	0.0051	0.00472464	0.003	0.017	610.2	378.765	60	1184	
0.4	5.4	2	394	20	3	141	460564	141	460564	0.003	0	0.003	0.003	3266.41	2704.9	45	9422	
0.4	5.4	34	395	32	3	138	311460	138	311460	0.00335507	0.00154164	0.003	0.01	2256.96	1817.02	4	9422	
0.4	5.4	39	396	24	3	2	120	2	120	0.01	0	0.01	0.01	60	0	60	60	
0.4	5.4	10	397	1	3	118	438236	118	438236	0.00608474	0.0034901	0.003	0.01	3713.86	2627.52	45	9422	
0.4	5.4	22	398	12	3	80	134487	80	134487	0.008075	0.00401193	0.003	0.017	1681.09	1574.26	36	8873	
0.4	5.4	55	402	15	3	1	60	1	60	0.017	0	0.017	0.017	60	0	60	60	
0.4	5.4	55	404	26	3	198	152395	198	152395	0.00519192	0.00347632	0.003	0.017	769.672	660.467	7	4395	
0.4	5.4	25	406	3	3	118	309245	119	309837	0.00823529	0.00343636	0.003	0.017	2603.67	2405.53	47	9422	
0.4	5.4	38	408	14	3	23	89453	23	89453	0.00421739	0.00271287	0.003	0.01	3889.26	2754.01	60	9422	
0.4	5.4	53	409	14	3	79	156923	79	156923	0.00822785	0.00306322	0.003	0.01	1986.37	2562.72	45	9422	
0.4	5.4	37	411	45	3	2	708	2	708	0.003	0	0.003	0.003	354	415.779	60	648	
0.4	5.4	10	413	8	3	1	60	1	60	0.003	0	0.003	0.003	60	0	60	60	
0.4	5.4	2	414	18	3	2	120	2	120	0.01	0.00989949	0.003	0.017	60	0	60	60	
0.4	5.4	25	415	21	3	137	475336	136	474152	0.00804412	0.00348088	0.003	0.017	3486.41	2738.6	45	9422	
0.4	5.4	24	416	16	3	105	275904	105	275904	0.0066	0.00364692	0.003	0.017	2627.66	1919.86	60	8282	
0.4	5.4	19	417	7	3	49	122123	49	122123	0.003	0	0.003	0.003	2492.31	2412.86	60	9422	
0.4	5.4	26	418	10	3	137	495085	136	492718	0.00706618	0.00346667	0.003	0.01	3622.93	2773.85	60	9422	
0.4	5.4	7	420	20	3	183	706082	183	706082	0.00636612	0.00350703	0.003	0.01	3858.37	2762.09	45	9422	
0.4	5.4	41	421	85	3	210	386076	210	386076	0.00466667	0.00298855	0.003	0.01	1838.46	1427.89	60	9422	
0.4	5.4	6	422	3	3	59	172912	59	172912	0.00655932	0.00352954	0.003	0.01	2930.71	1963.25	60	9422	
0.4	5.4	13	423	11	3	56	126271	55	124496	0.00783636	0.00353167	0.003	0.017	2263.56	2210.49	60	9422	
0.4	5.4	29	424	7	3	36	77163	36	77163	0.00825	0.00307409	0.003	0.01	2143.42	2063.18	60	9422	
0.4	5.4	37	425	11	3	167	267665	167	267665	0.00480239	0.00306995	0.003	0.01	1602.78	867.779	60	4673	
0.4	5.4	50	427	17	3	43	134441	43	134441	0.00674419	0.00353279	0.003	0.01	3126.53	2360.45	60	7690	
0.4	5.4	35	430	11	3	38	100121	38	100121	0.00594737	0.00350249	0.003	0.01	2634.76	1882.3	60	6882	
0.4	5.4	2	432	6	3	61	68209	60	66434	0.00708333	0.00469869	0.003	0.017	1107.23	687.301	60	3182	
0.4	5.4	11	433	14	3	126	507155	126	507155	0.00722222	0.00343835	0.003	0.01	4025.04	2653.45	45	9422	
0.4	5.4	45	435	5	3	23	62249	23	62249	0.003	0	0.003	0.003	2706.48	2656.15	60	9422	
0.4	5.4	57	437	21	3	56	139777	56	139777	0.006125	0.00351135	0.003	0.01	2496.02	1933.3	60	9422	
0.4	5.4	18	439	15	3	192	733900	192	733900	0.00511458	0.00322253	0.003	0.01	3822.4	2537.09	45	9422	
0.4	5.4	50	440	3	3	14	31485	14	31485	0.0065	0.00363212	0.003	0.01	2248.93	2690.2	60	9422	
0.4	5.4	39	441	29	3	136	180272	136	180272	0.00505882	0.00320131	0.003	0.01	1325.53	1412.2	56	9422	
0.4	5.4	21	444	16	3	239	721614	239	721614	0.003	0	0.003	0.003	3019.31	2373.71	45	9422	
0.4	5.4	41	447	77	3	272	515816	272	515816	0.00503309	0.00318362	0.003	0.01	1896.38	1710.79	23	9422	
0.4	5.4	54	449	15	3	39	131465	39	131465	0.00515385	0.003273	0.003	0.01	3370.9	2640.33	60	9422	
0.4	5.4	45	450	23	3	232	475434	231	473907	0.00609091	0.00383298	0.003	0.017	2051.55	1751.56	24	9422	
0.4	5.4	19	451	15	3	133	507501	133	507501	0.003	0	0.003	0.003	3815.8	2433.38	60	9422	
0.4	5.4	42	452	14	3	38	84757	38	84757	0.003	0	0.003	0.003	2230.45	2243.99	60	9422	
0.4	5.4	35	453	22	3	110	420776	110	420776	0.00713636	0.00345741	0.003	0.01	3825.24	2551.64	45	9422	
0.4	5.4	49	454	23	3	14	31484	14	31484	0.003	0	0.003	0.003	2248.86	2322.24	60	9422	
0.4	5.4	39	456	18	3	167	228587	165	226442	0.00495151	0.00324189	0.003	0.017	1372.38	1407.13	9	9422	
0.4	5.4	49	457	17	3	161	493724	157	488397	0.0080828	0.00359836	0.003	0.017	3110.81	2193.29	45	9422	
0.4	5.4	45	458	1	3	123	232730	123	232730	0.00664228	0.00351141	0.003	0.01	1892.11	1395.15	60	7099	
0.4	5.4	31	459	16	3	147	370179	144	366254	0.0065	0.00351222	0.003	0.01	2543.43	1948.23	10	9422	
0.4	5.4	8	460	18	3	120	348968	120	348968	0.003	0	0.003	0.003	2908.07	2338.6	60	9422	
0.4	5.4	21	461	11	3	181	546179	182	547581	0.00580769	0.00344031	0.003	0.01	3008.69	2093.14	36	9422	
0.4	5.4	34	462	56	3	147	230533	147	230533	0.00561905	0.0033989	0.003	0.01	1568.25	1401.83	60	7099	
0.4	5.4	33	463	1	3	175	634034	175	634034	0.00592	0.00346151	0.003	0.01	3623.05	2442.09	45	9422	
0.4	5.4	3	464	14	3	3	180	3	180	0.00533333	0.00404145	0.003	0.01	60	0	60	60	
0.4	5.4	35	465	14	3	126	437486	126	437486	0.007	0.00347793	0.003	0.01	3472.11	2158.23	60	9422	
0.4	5.4	38	467	6	3	2	120	2	120	0.0065	0.00494975	0.003	0.01	60	0	60	60	
0.4	5.4	47	468	11	3	3	1892	3	1892	0.00766667	0.00404145	0.003	0.01	630.667	562.2	60	1184	
0.4	5.4	22	470	8	3	51	152897	51	152897	0.003	0	0.003	0.003	2997.98	2617.09	45	9422	
0.4	5.4	52	472	8	3	34	56343	34	56343	0.00485294	0.00313468	0.003	0.01	1657.15	1294.56	60	4733	
0.4	5.4	21	473	20	3	144	375311	144	375311	0.003	0	0.003	0.003	2606.33	1836.42	60	9422	
0.4	5.4	55	474	6	3	1	60	1	60	0.01	0	0.01	0.01	60	0	60	60	
0.4	5.4	41	477	48	3	17	21433	17	21433	0.00588235	0.0035511	0.003	0.01	1260.76	739.946	60	2961	
0.4	5.4	48	478	8	3	103	252211	103	252211	0.00680582	0.00350366	0.003	0.01	2448.65	1990.87	60	8873	
0.4	5.4	34	479	10	3	2	120	2	120	0.0065	0.00494975	0.003	0.01	60	0	60	60	
0.4	5.4	22	480	4	3	127	274151	127	274151	0.00768504	0.00394948	0.003	0.017	2158.67	2184.87	24	9422	
0.4	5.4	44	481	15	3	155	373644	155	373644	0.00837419	0.0038107	0.003	0.024	2410.61	1736.76	28	8873	
0.4	5.4	28	482	8	3	77	197157	77	197157	0.00345454	0.00173619	0.003	0.01	2560.48	2123.5	60	9422	
0.4	5.4	33	483	6	3	52	139761	52	139761	0.00596154	0.00349207	0.003	0.01	2687.71	2236.51	60	9422	
0.4	5.4	16	484	4	3	3	180	3	180	0.00766667	0.00404145	0.003	0.01	60	0	60	60	
0.4	5.4	15	486	19	3	100	300713	100	300713	0.003	0	0.003	0.003	3007.13	1661.92	60	9422	
0.4	5.4	37	487	63	3	72	108461	72	108461	0.00611111	0.00350274	0.003	0.01	1506.4	1006.39	36	4733	
0.4	5.4	39	488	70	3	53	107837	53	107837	0.003	0	0.003	0.003	2034.66	2049.2	60	9422	
0.4	5.4	41	489	29	3	3	180	3	180	0.00766667	0.00404145	0.003	0.01	60	0	60	60	
0.4	5.4	37	490	46	3	214	406332	214	406332	0.00597663	0.00372461	0.003	0.017	1898.75	1504.03	60	9422	
0.4	5.4	41	491	3	3	101	99330	101	99330	0.00535643	0.00332441	0.003	0.01	983.465	804.02	29	4395	
0.4	5.4	15	492	10	3	213	732902	213	732902	0.00543192	0.0033409	0.003	0.01	3440.85	2563.52	45	9422	
0.4	5.4	34	493	9	3	299	306561	298	305969	0.00612416	0.00401362	0.003	0.017	1026.74	1032.38	13	7099	
0.4	5.4	7	496	13	3	3	1892	3	1892	0.00766667	0.00404145	0.003	0.01	630.667	562.2	60	1184	
0.4	5.4	39	497	9	3	3	180	3	180	0.00533333	0.00404145	0.003	0.01	60	0	60	60	
0.4	5.4	30	498	10	3	102	313826	101	312642	0.00944554	0.00189987	0.003	0.01	3095.47	2531.84	45	9422	
0.4	5.4	39	500	20	3	1	60	1	60	0.01	0	0.01	0.01	60	0	60	60	
0.4	5.4	1	501	4	3	113	269957	114	275873	0.00760526	0.00333556	0.003	0.01	2419.94	1756.15	60	9422	
0.4	5.4	19	504	12	3	124	495032	124	495032	0.00542742	0.00334512	0.003	0.01	3992.19	2674.04	45	9422	
0.4	5.4	27	505	20	3	162	387257	162	387257	0.00792592	0.00356581	0.003	0.017	2390.48	2040.49	45	9422	
0.4	5.4	52	506	25	3	13	12662	13	12662	0.00676923	0.00363212	0.003	0.01	974	606.808	60	1775	
0.4	5.4	39	507	15	3	6	360	6	360	0.0065	0.00383406	0.003	0.01	60	0	60	60	
0.4	5.4	51	509	5	3	82	370468	82	370468	0.003	0	0.003	0.003	4517.9	2269.53	60	9422	
0.4	5.4	47	511	15	3	119	506550	119	506550	0.003	0	0.003	0.003	4256.72	2755.46	45	9422	
0.4	5.4	33	513	20	3	143	472419	143	472419	0.003	0	0.003	0.003	3303.63	1912.78	60	9422	
0.4	5.4	55	514	47	3	168	198506	168	198506	0.00608333	0.0037295	0.003	0.017	1181.58	848.405	58	4759	
0.4	5.4	29	518	12	3	104	335599	104	335599	0.00454808	0.00291924	0.003	0.01	3226.91	1967.06	60	9422	
0.4	5.4	55	519	39	3	123	108570	121	106508	0.0053719	0.00378623	0.003	0.017	880.231	660.466	52	3422	
0.4	5.4	7	520	5	3	137	536185	137	536185	0.00453285	0.0029055	0.003	0.01	3913.76	2580.55	45	9422	
0.4	5.4	9	522	9	3	51	145086	51	145086	0.00862745	0.00280685	0.003	0.01	2844.82	1987.73	45	9422	
0.4	5.4	12	523	9	3	129	483623	129	483623	0.003	0	0.003	0.003	3749.02	2709.15	45	9422	
0.4	5.4	55	524	66	3	44	38609	44	38609	0.00681818	0.00412182	0.003	0.017	877.477	564.59	60	2385	
0.4	5.4	43	527	11	3	33	106197	32	103491	0.00671875	0.00354905	0.003	0.01	3234.09	2775.04	60	9422	
0.4	5.4	29	528	17	3	166	450556	167	459429	0.00782036	0.0033407	0.003	0.017	2751.07	2555.02	45	9422	
0.4	5.4	46	530	5	3	78	203081	78	203081	0.00802564	0.00354919	0.003	0.017	2603.6	1874.32	45	9422	
0.4	5.4	6	531	17	3	153	492649	154	499156	0.00777273	0.00336752	0.003	0.017	3241.27	2470.2	45	9422	
0.4	5.4	24	532	17	3	156	579364	156	579364	0.00569231	0.00350781	0.003	0.017	3713.87	2186.08	60	9422	
0.4	5.4	45	534	10	3	218	338183	218	338183	0.00688532	0.00435103	0.003	0.024	1551.3	1405.14	21	9422	
0.4	5.4	37	535	39	3	3	180	3	180	0.00766667	0.00404145	0.003	0.01	60	0	60	60	
0.4	5.4	7	536	4	3	68	155740	69	156332	0.00797101	0.00319913	0.003	0.01	2265.68	2144.48	60	9422	
0.4	5.4	37	538	3	3	1	60	1	60	0.003	0	0.003	0.003	60	0	60	60	
0.4	5.4	31	539	3	3	69	150444	69	150444	0.00685507	0.00350745	0.003	0.01	2180.35	1531.38	60	9422	
0.4	5.4	39	540	16	3	3	180	3	180	0.00766667	0.00404145	0.003	0.01	60	0	60	60	
0.4	5.4	23	542	16	3	163	494534	163	494534	0.003	0	0.003	0.003	3033.95	2453.11	45	9422	
0.4	5.4	55	543	63	3	161	337767	161	337767	0.003	0	0.003	0.003	2097.93	1719.84	60	9422	
0.4	5.4	49	544	24	3	104	313267	103	312675	0.00653398	0.00351695	0.003	0.01	3035.68	2128.17	57	9422	
0.4	5.4	31	545	1	3	86	291236	86	291236	0.003	0	0.003	0.003	3386.47	2183.2	60	9422	
0.4	5.4	52	547	23	3	3	180	3	180	0.01	0	0.01	0.01	60	0	60	60	
0.4	5.4	44	548	13	3	172	580824	170	575497	0.00633529	0.00350645	0.003	0.01	3385.28	2371.46	45	9422	
0.4	5.4	57	550	15	3	156	430763	157	431947	0.00710191	0.00354854	0.003	0.017	2751.25	2038.04	125	9422	
0.4	5.4	11	551	23	3	72	220809	71	215485	0.00566197	0.00342238	0.003	0.01	3035	1715.72	60	9422	
0.4	5.4	44	552	3	3	153	546355	154	549316	0.00631818	0.00350668	0.003	0.01	3566.99	2207.45	57	9422	
0.4	5.4	6	553	13	3	86	317369	86	317369	0.00837209	0.00297458	0.003	0.01	3690.34	2870.1	36	9422	
0.4	5.4	2	557	32	3	145	341600	145	341600	0.00710345	0.00392061	0.003	0.017	2355.86	2101.45	60	9422	
0.4	5.4	51	558	9	3	22	40365	22	40365	0.0065	0.0041833	0.003	0.017	1834.77	1152.29	60	3822	
0.4	5.4	39	560	31	3	139	185993	139	185993	0.00617266	0.00359736	0.003	0.017	1338.08	1205.35	24	9422	
0.4	5.4	37	561	2	3	6	3671	6	3671	0.003	0	0.003	0.003	611.833	422.848	60	1184	
0.4	5.4	51	562	8	3	99	329792	99	329792	0.003	0	0.003	0.003	3331.23	2343.25	60	9422	
0.4	5.4	27	563	24	3	32	74205	32	74205	0.00671875	0.00354905	0.003	0.01	2318.91	1829.13	60	7708	
0.4	5.4	49	564	9	3	102	274082	102	274082	0.00903921	0.00261345	0.003	0.017	2687.08	2152.35	60	9422	
0.4	5.4	45	566	16	3	4	240	4	240	0.00825	0.0035	0.003	0.01	60	0	60	60	
0.4	5.4	34	567	57	3	135	299604	136	301971	0.00552206	0.00337302	0.003	0.01	2220.38	1985.64	60	9422	
0.4	5.4	55	568	29	3	139	316763	139	316763	0.00365468	0.00204554	0.003	0.01	2278.87	1706.5	60	9422	
0.4	5.4	42	569	26	3	40	73040	39	70083	0.003	0	0.003	0.003	1797	1282.05	60	5324	
0.4	5.4	10	570	13	3	3	1892	3	1892	0.01	0	0.01	0.01	630.667	562.2	60	1184	
0.4	5.4	37	571	73	3	122	167076	122	167076	0.00581147	0.00344576	0.003	0.01	1369.48	900.123	60	6882	
0.4	5.4	37	572	10	3	34	68169	34	68169	0.00629412	0.00354648	0.003	0.01	2004.97	1676.81	60	9422	
0.4	5.4	56	573	10	3	98	300209	98	300209	0.00914286	0.00251593	0.003	0.017	3063.36	2495.17	60	9422	
0.4	5.4	18	574	10	3	38	122592	38	122592	0.00778947	0.00329748	0.003	0.01	3226.11	2484.21	60	9422	
0.4	5.4	21	575	10	3	43	94210	43	94210	0.00658139	0.00354046	0.003	0.01	2190.93	2069.6	60	9422	
0.4	5.4	13	576	14	3	177	458716	176	456941	0.00618182	0.00357466	0.003	0.017	2596.26	1908.79	34	9422	
0.4	5.4	11	577	10	3	83	315461	83	315461	0.00763855	0.00332976	0.003	0.01	3800.73	2206.34	45	9422	
0.4	5.4	37	579	69	3	3	180	3	180	0.01	0.007	0.003	0.017	60	0	60	60	
0.4	5.4	45	581	11	3	117	257785	117	257785	0.00353846	0.00187331	0.003	0.01	2203.29	1972.76	34	9422	
0.4	5.4	34	582	41	3	205	352957	205	352957	0.00539024	0.00332753	0.003	0.01	1721.74	1738.32	8	9422	
0.4	5.4	39	585	87	3	89	124696	88	123947	0.003	0	0.003	0.003	1408.49	1305.41	60	7099	
0.4	5.4	37	586	23	3	53	102511	53	102511	0.00471698	0.00304061	0.003	0.01	1934.17	1500.56	60	7099	
0.4	5.4	32	588	6	3	115	523715	115	523715	0.00640869	0.00351412	0.003	0.01	4554.04	2810.08	45	9422	
0.4	5.4	39	589	69	3	52	69408	52	69408	0.00448077	0.00288669	0.003	0.01	1334.77	1621.46	60	6882	
0.4	5.4	41	590	13	3	243	392748	243	392748	0.00530453	0.00329629	0.003	0.01	1616.25	1306.44	60	9422	
0.4	5.4	42	591	2	3	294	684855	294	684855	0.007	0.00400682	0.003	0.017	2329.44	1982.85	45	9422	
0.4	5.4	12	592	16	3	140	536169	138	531434	0.00797101	0.00340447	0.003	0.017	3850.97	2187.39	36	9422	
0.4	5.4	15	595	2	3	99	278819	99	278819	0.00476768	0.0030567	0.003	0.01	2816.35	2080.41	45	9422	
0.4	5.4	43	596	9	3	1	60	1	60	0.01	0	0.01	0.01	60	0	60	60	
0.4	5.4	55	597	61	3	333	443081	331	436780	0.00589728	0.00349567	0.003	0.017	1319.58	1226.07	23	9422	
0.4	5.4	33	598	12	3	41	124368	41	124368	0.003	0	0.003	0.003	3033.37	2491.81	60	9422	
0.4	5.4	27	599	16	3	38	107810	37	103669	0.0064054	0.00354698	0.003	0.01	2801.86	1557.37	60	5324	
0.4	5.4	34	600	14	3	150	138152	150	138152	0.00552	0.00337126	0.003	0.01	921.013	638.506	23	4107	
0.4	5.4	36	602	10	3	2	120	2	120	0.01	0	0.01	0.01	60	0	60	60	
0.4	5.4	39	604	79	3	112	88957	111	88424	0.00646847	0.00470748	0.003	0.017	796.613	1105.77	21	9422	
0.4	5.4	8	605	7	3	152	604430	152	604430	0.003	0	0.003	0.003	3976.51	2268.76	45	9422	
0.4	5.4	39	606	66	3	59	34515	58	31554	0.0065	0.00419795	0.003	0.017	544.034	499.329	60	2367	
0.4	5.4	13	609	23	3	175	588492	175	588492	0.00588	0.003691	0.003	0.017	3362.81	2633.02	45	9422	
0.4	5.4	4	610	21	3	90	255744	91	258702	0.006	0.00406065	0.003	0.017	2842.88	1947.85	60	9422	
0.4	5.4	20	613	3	3	29	87687	28	87095	0.00775	0.00332916	0.003	0.01	3110.54	2593.01	60	9422	
0.4	5.4	52	614	13	3	47	102619	46	102027	0.00452174	0.0029192	0.003	0.01	2217.98	1835.32	60	9422	
0.4	5.4	43	615	17	3	3	180	3	180	0.00766667	0.00404145	0.003	0.01	60	0	60	60	
0.4	5.4	46	616	13	3	68	197741	69	200699	0.00847826	0.00290845	0.003	0.01	2908.68	1966.65	60	9422	
0.4	5.4	15	618	20	3	61	173014	61	173014	0.0044918	0.00289035	0.003	0.01	2836.3	2069.99	60	9422	
0.4	5.4	21	620	17	3	90	269344	90	269344	0.003	0	0.003	0.003	2992.71	1987.84	60	9422	
0.4	5.4	52	621	16	3	2	120	2	120	0.0135	0.00494975	0.01	0.017	60	0	60	60	
0.4	5.4	49	622	5	3	152	417408	152	417408	0.00682237	0.00376478	0.003	0.017	2746.11	2664.09	45	9422	
0.4	5.4	3	624	5	3	59	158811	59	158811	0.00774576	0.00329887	0.003	0.01	2691.71	1617.5	60	5861	
0.4	5.4	1	625	5	3	142	312565	142	312565	0.00719014	0.00354291	0.003	0.017	2201.16	1884.42	60	9422	
0.4	5.4	41	626	6	3	2	120	2	120	0.0065	0.00494975	0.003	0.01	60	0	60	60	
0.4	5.4	26	627	3	3	164	680621	164	680621	0.00346951	0.0017564	0.003	0.01	4150.13	2974.56	45	9422	
0.4	5.4	41	628	59	3	66	91993	67	93177	0.00592537	0.00347856	0.003	0.01	1390.7	1396.42	13	9422	
0.4	5.4	37	629	20	3	165	277132	165	277132	0.00643636	0.00359419	0.003	0.017	1679.59	1599.6	28	9422	
0.4	5.4	25	631	12	3	124	474018	124	474018	0.00587903	0.00345845	0.003	0.01	3822.73	2410.03	60	9422	
0.4	5.4	42	632	23	3	59	81235	56	77090	0.007	0.00397263	0.003	0.017	1376.61	1098.69	60	4107	
0.4	5.4	27	633	19	3	5	5442	5	5442	0.0086	0.0031305	0.003	0.01	1088.4	742.216	60	1775	
0.4	5.4	40	634	5	3	136	382963	136	382963	0.00855882	0.00308585	0.003	0.017	2815.9	2013.16	60	9422	
0.4	5.4	4	635	14	3	39	111954	39	111954	0.00658974	0.00389141	0.003	0.017	2870.62	2356.95	60	8873	
0.4	5.4	5	637	9	3	1	60	1	60	0.01	0	0.01	0.01	60	0	60	60	
0.4	5.4	32	638	8	3	32	85914	32	85914	0.00803125	0.0036587	0.003	0.017	2684.81	1980.36	60	9422	
0.4	5.4	33	639	21	3	65	167592	65	167592	0.0072	0.00345597	0.003	0.01	2578.34	1946.1	60	8282	
0.4	5.4	15	641	9	3	110	221472	110	221472	0.00669091	0.00351078	0.003	0.01	2013.38	1616.66	36	9422	
0.4	5.4	39	643	43	3	114	105043	114	105043	0.00508772	0.00321655	0.003	0.01	921.43	990.444	54	4904	
0.4	5.4	16	644	6	3	119	418410	119	418410	0.00458823	0.00294415	0.003	0.01	3516.05	2027.16	60	9422	
0.4	5.4	41	645	46	3	45	62292	43	57559	0.00560465	0.0037489	0.003	0.017	1338.58	1230.85	60	6378	
0.4	5.4	49	647	1	3	1	60	1	60	0.003	0	0.003	0.003	60	0	60	60	
0.4	5.4	52	650	11	3	104	119135	104	119135	0.00616346	0.00400754	0.003	0.017	1145.53	912.156	60	7099	
0.4	5.4	41	651	41	3	267	313154	266	309557	0.00618421	0.00470967	0.003	0.024	1163.75	1155.3	34	5971	
0.4	5.4	50	654	7	3	171	490297	172	493847	0.00841279	0.00347564	0.003	0.017	2871.2	1952.92	60	9422	
0.4	5.4	4	658	22	3	179	610747	180	612522	0.00634444	0.00380579	0.003	0.017	3402.9	2505.6	45	9422	
0.4	5.4	39	659	47	3	218	248844	218	248844	0.00572936	0.00342196	0.003	0.01	1141.49	1048.45	3	9422	
0.4	5.4	17	660	11	3	228	694194	227	693010	0.00494273	0.0031414	0.003	0.01	3052.91	2079.89	57	9422	
0.4	5.4	49	662	2	3	110	274353	106	269259	0.00782075	0.00366137	0.003	0.017	2540.18	2434.4	13	9422	
0.4	5.4	46	664	9	3	30	59293	30	59293	0.00906667	0.00242022	0.003	0.01	1976.43	1010.42	60	3550	
0.4	5.4	36	667	11	3	35	94191	35	94191	0.0076	0.00337116	0.003	0.01	2691.17	2397.1	60	9422	
0.4	5.4	13	668	15	3	90	275857	90	275857	0.00315555	0.00103762	0.003	0.01	3065.08	2151.19	45	9422	
0.4	5.4	22	669	6	3	142	534619	142	534619	0.00354225	0.00187792	0.003	0.01	3764.92	2422.54	45	9422	
0.4	5.4	25	671	1	3	33	63558	33	63558	0.00830303	0.00351323	0.003	0.017	1926	1924.31	60	8282	
0.4	5.4	14	672	14	3	84	297234	84	297234	0.00308333	0.000763763	0.003	0.01	3538.5	2010.67	60	8282	
0.4	5.4	40	673	14	3	42	41565	42	41565	0.0065	0.0038651	0.003	0.017	989.643	771.665	60	3182	
0.4	5.4	37	676	19	3	165	267780	165	267780	0.0056303	0.00340055	0.003	0.01	1622.91	1204.79	56	9422	
0.4	5.4	55	677	64	3	3	1892	3	1892	0.00533333	0.00404145	0.003	0.01	630.667	562.2	60	1184	
0.4	5.4	31	678	24	3	123	438182	123	438182	0.003	0	0.003	0.003	3562.46	2322.13	60	9422	
0.4	5.4	6	681	4	3	82	232317	82	232317	0.00632927	0.00351735	0.003	0.01	2833.13	1982.36	60	8282	
0.4	5.4	15	682	14	3	158	445687	158	445687	0.00636709	0.0035086	0.003	0.01	2820.8	2347.95	45	9422	
0.4	5.4	35	683	30	3	4	3667	4	3667	0.0065	0.00404145	0.003	0.01	916.75	733.545	60	1775	
0.4	5.4	10	685	9	3	87	234433	87	234433	0.00774713	0.00328923	0.003	0.01	2694.63	1808.18	60	9422	
0.4	5.4	50	687	11	3	103	304002	102	303410	0.00766667	0.00331613	0.003	0.01	2974.61	2110.03	60	9422	
0.4	5.4	24	688	9	3	77	155347	77	155347	0.00463636	0.002982	0.003	0.01	2017.49	1952.14	60	9422	
0.4	5.4	29	690	13	3	117	304396	117	304396	0.00652991	0.00351493	0.003	0.01	2601.68	2028.84	13	9422	
0.4	5.4	39	693	46	3	210	213973	210	213973	0.0058	0.00382487	0.003	0.017	1018.92	891.955	7	5916	
0.4	5.4	33	696	10	3	89	398284	89	398284	0.003	0	0.003	0.003	4475.1	2829.06	45	9422	
0.4	5.4	18	697	3	3	125	389203	125	389203	0.005632	0.0034043	0.003	0.01	3113.62	2391.95	60	9422	
0.4	5.4	21	698	13	3	147	469470	147	469470	0.003	0	0.003	0.003	3193.67	2358.64	45	9422	
0.4	5.4	34	700	31	3	260	269124	260	269124	0.00585385	0.0036074	0.003	0.017	1035.09	1174.66	6	9422	
0.4	5.4	50	701	2	3	1	60	1	60	0.01	0	0.01	0.01	60	0	60	60	
0.4	5.4	17	702	17	3	202	447176	202	447176	0.00698515	0.00380949	0.003	0.017	2213.74	1907.44	8	9422	
0.4	5.4	24	705	21	3	6	6034	6	6034	0.003	0	0.003	0.003	1005.67	694.101	60	1775	
0.4	5.4	37	706	65	3	160	190730	160	190730	0.0065	0.00359769	0.003	0.017	1192.06	1289.13	6	9422	
0.4	5.4	5	707	5	3	22	47467	22	47467	0.00745454	0.00344656	0.003	0.01	2157.59	1740.65	60	7099	
0.4	5.4	39	708	34	3	1	60	1	60	0.003	0	0.003	0.003	60	0	60	60	
0.4	5.4	22	709	2	3	76	143448	76	143448	0.00788158	0.00379462	0.003	0.017	1887.47	1976.73	13	9422	
0.4	5.4	10	710	22	3	129	236980	129	236980	0.00782946	0.00379375	0.003	0.017	1837.05	1509.42	60	9422	
0.4	5.4	51	711	12	3	121	356906	121	356906	0.00797521	0.00331276	0.003	0.017	2949.64	1970.9	36	9422	
0.4	5.4	31	715	30	3	143	431413	142	429028	0.00674648	0.00350367	0.003	0.01	3021.32	1840.69	57	9422	
0.4	5.4	51	717	17	3	45	113731	45	113731	0.00424444	0.00270652	0.003	0.01	2527.36	1763.59	60	6882	
0.4	5.4	39	718	11	3	3	180	3	180	0.003	0	0.003	0.003	60	0	60	60	
0.4	5.4	41	720	5	3	3	180	3	180	0.00533333	0.00404145	0.003	0.01	60	0	60	60	
0.4	5.4	47	723	7	3	3	180	3	180	0.00533333	0.00404145	0.003	0.01	60	0	60	60	
0.4	5.4	49	726	19	3	71	168767	71	168767	0.00822535	0.00306686	0.003	0.01	2377	2180.6	60	9422	
0.4	5.4	54	727	4	3	61	178921	61	178921	0.00311475	0.000896258	0.003	0.01	2933.13	2632.73	45	9422	
0.4	5.4	10	729	6	3	5	300	5	300	0.0072	0.00383406	0.003	0.01	60	0	60	60	
0.4	5.4	8	732	12	3	117	330868	117	330868	0.00664957	0.00351184	0.003	0.01	2827.93	1911.97	60	9422	
0.4	5.4	9	733	5	3	113	487603	113	487603	0.00529203	0.00329957	0.003	0.01	4315.07	2581.9	45	9422	
0.4	5.4	9	735	11	3	174	657067	174	657067	0.003	0	0.003	0.003	3776.25	2710.35	45	9422	
0.4	5.4	43	737	5	3	103	320214	103	320214	0.00449514	0.00288292	0.003	0.01	3108.87	2188.04	60	9422	
0.4	5.4	19	738	17	3	153	636836	153	636836	0.00675163	0.00350241	0.003	0.01	4162.33	2539.73	45	9422	
0.4	5.4	31	740	26	3	68	112597	68	112597	0.00691176	0.00389694	0.003	0.017	1655.84	1139.9	60	4736	
0.4	5.4	15	741	26	3	2	120	2	120	0.0065	0.00494975	0.003	0.01	60	0	60	60	
0.4	5.4	7	742	8	3	131	404368	131	404368	0.003	0	0.003	0.003	3086.78	2655.71	45	9422	
0.4	5.4	42	745	8	3	146	356379	146	356379	0.00664383	0.00369667	0.003	0.017	2440.95	1984.35	12	9422	
0.4	5.4	6	746	8	3	86	208522	86	208522	0.00804651	0.00315821	0.003	0.01	2424.67	2173.35	60	9422	
0.4	5.4	36	747	3	3	4	240	4	240	0.00825	0.0035	0.003	0.01	60	0	60	60	
0.4	5.4	43	748	13	3	73	118025	73	118025	0.00856164	0.00451229	0.003	0.024	1616.78	1364.13	60	8873	
0.4	5.4	46	749	7	3	50	97753	50	97753	0.00636	0.0035327	0.003	0.01	1955.06	1906.68	60	9422	
0.4	5.4	37	750	17	3	128	141044	128	141044	0.00611719	0.00428626	0.003	0.017	1101.91	1218.93	17	9422	
0.4	5.4	51	751	4	3	114	381384	115	385779	0.00817391	0.00308721	0.003	0.01	3354.6	2495.69	36	9422	
0.4	5.4	23	753	2	3	67	96604	67	96604	0.00832836	0.00367377	0.003	0.017	1441.85	1041.64	60	5324	
0.4	5.4	28	754	10	3	20	49820	20	49820	0.00895	0.00256443	0.003	0.01	2491	1843.06	60	7099	
0.4	5.4	1	755	9	3	1	60	1	60	0.01	0	0.01	0.01	60	0	60	60	
0.4	5.4	34	756	13	3	165	148446	165	148446	0.0056303	0.0037355	0.003	0.017	899.673	773.825	14	4107	
0.4	5.4	3	759	1	3	127	459354	127	459354	0.00674803	0.00350503	0.003	0.01	3616.96	2621.62	60	9422	
0.4	5.4	44	760	10	3	94	314290	94	314290	0.003	0	0.003	0.003	3343.51	2283.49	60	9422	
0.4	5.4	33	761	3	3	193	735783	193	735783	0.003	0	0.003	0.003	3812.35	2347.44	45	9422	
0.4	5.4	12	762	6	3	3	180	2	120	0.0065	0.00494975	0.003	0.01	60	0	60	60	
0.4	5.4	13	763	21	3	52	164019	52	164019	0.00676923	0.00352368	0.003	0.01	3154.21	2563.62	60	9422	
0.4	5.4	52	764	49	3	186	367310	186	367310	0.0063871	0.00372728	0.003	0.017	1974.78	1754.96	7	8873	
0.4	5.4	37	765	24	3	1	60	1	60	0.01	0	0.01	0.01	60	0	60	60	
0.4	5.4	41	769	1	3	2	120	2	120	0.01	0	0.01	0.01	60	0	60	60	
0.4	5.4	49	771	4	3	2	120	2	120	0.0065	0.00494975	0.003	0.01	60	0	60	60	
0.4	5.4	39	772	49	3	114	234618	114	234618	0.003	0	0.003	0.003	2058.05	1738.62	60	8873	
0.4	5.4	7	773	11	3	228	560794	228	560794	0.00745175	0.00373958	0.003	0.017	2459.62	2140.85	45	9422	
0.4	5.4	22	775	15	3	39	61692	39	61692	0.00676923	0.0038829	0.003	0.017	1581.85	1682.56	39	9422	
0.4	5.4	55	776	33	3	220	236048	220	236048	0.0065	0.00502823	0.003	0.024	1072.95	947.828	9	5713	
0.4	5.4	26	777	1	3	85	320788	85	320788	0.00538823	0.00333843	0.003	0.01	3773.98	2210.64	57	9422	
0.4	5.4	24	779	22	3	138	499784	138	499784	0.00538406	0.00332941	0.003	0.01	3621.62	2541.1	57	9422	
0.4	5.4	4	782	2	3	184	766435	184	766435	0.003	0	0.003	0.003	4165.41	2829.05	45	9422	
0.4	5.4	31	783	2	3	43	119654	43	119654	0.00332558	0.00149158	0.003	0.01	2782.65	2698.02	45	9422	
0.4	5.4	39	785	57	3	181	351257	181	351257	0.00303867	0.000520306	0.003	0.01	1940.65	1743.65	12	9422	
0.4	5.4	55	787	65	3	84	58791	84	58791	0.00558333	0.00403362	0.003	0.017	699.893	530.356	5	2196	
0.4	5.4	52	788	33	3	191	377711	191	377711	0.00681152	0.00349527	0.003	0.01	1977.54	1445.1	60	9422	
0.4	5.4	35	790	1	3	2	116	2	116	0.003	0	0.003	0.003	58	2.82843	56	60	
0.4	5.4	41	793	14	3	5	300	5	300	0.0044	0.0031305	0.003	0.01	60	0	60	60	
0.4	5.4	20	794	5	3	82	277009	82	277009	0.00769512	0.00330988	0.003	0.01	3378.16	2276.88	60	9422	
0.4	5.4	27	795	14	3	1	60	1	60	0.01	0	0.01	0.01	60	0	60	60	
0.4	5.4	1	796	20	3	61	140370	61	140370	0.0057541	0.00367721	0.003	0.017	2301.15	1971.42	60	9422	
0.4	5.4	42	798	15	3	150	209119	149	207935	0.00769799	0.00410455	0.003	0.024	1395.54	1500.74	21	9422	
0.4	5.4	19	799	3	3	107	329080	106	327896	0.00742453	0.00339172	0.003	0.01	3093.36	1965.81	60	7690	
0.4	5.4	39	800	73	3	135	111526	133	108567	0.00578947	0.00364952	0.003	0.017	816.293	707.012	4	5324	
0.4	5.4	31	801	25	3	136	283234	134	277909	0.0071791	0.0037534	0.003	0.017	2073.95	1956.17	60	9422	
0.4	5.4	12	802	19	3	104	210811	103	209627	0.00796116	0.0033429	0.003	0.017	2035.21	1789.45	60	9422	
0.4	5.4	51	806	6	3	52	114316	52	114316	0.00582692	0.00346818	0.003	0.01	2198.38	2394.39	60	9422	
0.4	5.4	55	807	10	3	78	72383	78	72383	0.00641026	0.0035215	0.003	0.01	927.987	742.463	60	3550	
0.4	5.4	29	808	14	3	189	514142	188	509747	0.00828723	0.0034998	0.003	0.017	2711.42	2105.98	36	9422	
0.4	5.4	48	811	3	3	1	60	1	60	0.003	0	0.003	0.003	60	0	60	60	
0.4	5.4	37	812	9	3	3	180	3	180	0.00766667	0.00404145	0.003	0.01	60	0	60	60	
0.4	5.4	34	813	6	3	63	140994	63	140994	0.00655555	0.0048486	0.003	0.017	2238	2172.7	60	9422	
0.4	5.4	46	814	16	3	6	8992	6	8992	0.0065	0.00383406	0.003	0.01	1498.67	1204.42	60	3550	
0.4	5.4	14	816	11	3	40	149800	40	149800	0.0086	0.00283567	0.003	0.01	3745	2213.63	36	8873	
0.4	5.4	54	817	13	3	137	386618	137	386618	0.00862044	0.00292085	0.003	0.017	2822.03	2319.47	13	9422	
0.4	5.4	54	818	14	3	172	636988	172	636988	0.00812791	0.00319831	0.003	0.017	3703.42	2908.45	45	9422	
0.4	5.4	40	822	12	3	62	137998	62	137998	0.00740322	0.00385159	0.003	0.017	2225.77	1741.55	60	7690	
0.4	5.4	15	825	22	3	30	71239	31	75380	0.00593548	0.00351127	0.003	0.01	2431.61	1511.32	60	5324	
0.4	5.4	31	829	27	3	138	567636	138	567636	0.00442029	0.00282536	0.003	0.01	4113.3	2484.66	60	9422	
0.4	5.4	44	831	1	3	104	266400	104	266400	0.0065	0.00351695	0.003	0.01	2561.54	1672.15	57	6507	
0.4	5.4	27	833	13	3	74	170077	75	172273	0.00934667	0.00367053	0.003	0.017	2296.97	1359.94	60	6507	
0.4	5.4	24	834	10	3	82	192439	82	192439	0.00709756	0.00380256	0.003	0.017	2346.82	1976.3	60	8873	
0.4	5.4	31	835	5	3	1	60	1	60	0.01	0	0.01	0.01	60	0	60	60	
0.4	5.4	24	836	15	3	122	495933	122	495933	0.003	0	0.003	0.003	4065.02	3046.18	45	9422	
0.4	5.4	21	837	23	3	150	415766	150	415766	0.00748	0.00337126	0.003	0.01	2771.77	1930.84	60	8873	
0.4	5.4	28	838	13	3	29	67580	28	66396	0.00825	0.00308671	0.003	0.01	2371.29	2290.96	60	9422	
0.4	5.4	41	839	21	3	1	60	1	60	0.003	0	0.003	0.003	60	0	60	60	
0.4	5.4	1	840	6	3	53	129710	53	129710	0.003	0	0.003	0.003	2447.36	2144.9	60	9422	
0.4	5.4	6	841	2	3	156	626670	156	626670	0.00416667	0.00261715	0.003	0.01	4017.12	2707.73	45	9422	
0.4	5.4	33	842	9	3	8	480	8	480	0.007375	0.00362284	0.003	0.01	60	0	60	60	
0.4	5.4	11	843	2	3	14	32070	13	30295	0.00730769	0.00354459	0.003	0.01	2330.38	2410.25	60	8873	
0.4	5.4	1	846	17	3	177	542987	177	542987	0.00533333	0.00330919	0.003	0.01	3067.72	2196.62	60	9422	
0.4	5.4	45	847	17	3	65	112584	65	112584	0.00784615	0.00389804	0.003	0.017	1732.06	1184.99	60	4395	
0.4	5.4	39	848	39	3	156	188032	157	188157	0.00576433	0.00378109	0.003	0.017	1198.45	1553.61	8	9422	
0.4	5.4	42	850	10	3	2	120	2	120	0.01	0	0.01	0.01	60	0	60	60	
0.4	5.4	48	852	16	3	62	136812	62	136812	0.00616129	0.00351201	0.003	0.01	2206.65	1574.88	60	6507	
0.4	5.4	21	853	25	3	125	374074	125	374074	0.005856	0.00356666	0.003	0.017	2992.59	2063.9	60	9422	
0.4	5.4	4	856	9	3	157	660610	157	660610	0.00527388	0.0032887	0.003	0.01	4207.71	2660.3	45	9422	
0.4	5.4	40	857	4	3	130	504205	129	501838	0.00517054	0.0032503	0.003	0.01	3890.22	2277.8	45	9422	
0.4	5.4	56	858	2	3	2	120	2	120	0.0065	0.00494975	0.003	0.01	60	0	60	60	
0.4	5.4	27	859	8	3	46	91956	46	91956	0.00863043	0.00317181	0.003	0.017	1999.04	1134.59	60	5324	
0.4	5.4	35	860	16	3	48	119055	48	119055	0.003	0	0.003	0.003	2480.31	1328.83	60	4733	
0.4	5.4	41	861	25	3	2	708	2	708	0.0065	0.00494975	0.003	0.01	354	415.779	60	648	
0.4	5.4	52	862	43	3	72	102162	72	102162	0.00747222	0.00358389	0.003	0.017	1418.92	1178.45	26	6882	
0.4	5.4	37	863	31	3	127	309207	127	309207	0.003	0	0.003	0.003	2434.7	2000.84	60	9422	
0.4	5.4	46	864	15	3	141	646173	141	646173	0.00483688	0.00309059	0.003	0.01	4582.79	2913.8	45	9422	
0.4	5.4	15	865	24	3	123	445641	123	445641	0.00322764	0.00124672	0.003	0.01	3623.1	2165.97	60	9422	
0.4	5.4	34	867	33	3	158	140553	155	138108	0.00670322	0.00487263	0.003	0.024	891.019	1304.47	46	9422	
0.4	5.4	8	868	3	3	164	461244	165	464794	0.00787879	0.00340693	0.003	0.017	2816.93	1923.64	45	9422	
0.4	5.4	51	869	14	3	67	227314	67	227314	0.003	0	0.003	0.003	3392.75	2539.32	45	9422	
0.4	5.4	55	870	55	3	343	527348	343	527348	0.00585714	0.003876	0.003	0.017	1537.46	1429.74	6	9422	
0.4	5.4	17	871	8	3	84	269924	84	269924	0.003	0	0.003	0.003	3213.38	2222.84	60	9422	
0.4	5.4	21	872	4	3	90	290644	90	290644	0.003	0	0.003	0.003	3229.38	2258.28	60	9422	
0.4	5.4	10	874	2	3	154	571258	154	571258	0.00613636	0.00349242	0.003	0.01	3709.47	2887.42	45	9422	
0.4	5.4	41	875	65	3	156	155479	156	155479	0.00569231	0.00376849	0.003	0.017	996.66	800.255	60	4395	
0.4	5.4	16	876	5	3	154	492389	154	492389	0.0075	0.00336505	0.003	0.01	3197.33	2158.15	45	9422	
0.4	5.4	32	877	3	3	3	1892	3	1892	0.00533333	0.00404145	0.003	0.01	630.667	562.2	60	1184	
0.4	5.4	52	879	18	3	1	60	1	60	0.01	0	0.01	0.01	60	0	60	60	
0.4	5.4	18	881	17	3	156	659897	156	659897	0.003	0	0.003	0.003	4230.11	2448.2	45	9422	
0.4	5.4	20	882	2	3	26	66386	26	66386	0.003	0	0.003	0.003	2553.31	1876.01	60	6507	
0.4	5.4	36	883	9	3	57	178206	57	178206	0.00975438	0.00129946	0.003	0.01	3126.42	2237.23	60	9422	
0.4	5.4	2	884	1	3	1	60	1	60	0.003	0	0.003	0.003	60	0	60	60	
0.4	5.4	2	886	3	3	88	192452	88	192452	0.00403409	0.00249804	0.003	0.01	2186.95	1724.09	51	8873	
0.4	5.4	53	889	7	3	98	148120	98	148120	0.008	0.00426445	0.003	0.024	1511.43	1540.54	60	9422	
0.4	5.4	1	890	18	3	85	247451	85	247451	0.0058	0.00344964	0.003	0.01	2911.19	2149.74	60	9422	
0.4	5.4	41	892	53	3	17	6647	17	6647	0.00505882	0.00328768	0.003	0.01	391	382.779	60	1775	
0.4	5.4	45	893	24	3	138	274871	138	277070	0.0069058	0.00414498	0.003	0.017	2007.75	1319.4	60	6728	
0.4	5.4	41	896	15	3	153	111636	153	111636	0.00560784	0.00366928	0.003	0.017	729.647	528.756	26	3549	
0.4	5.4	37	897	25	3	2	120	2	120	0.01	0	0.01	0.01	60	0	60	60	
0.4	5.4	34	898	16	3	118	142264	118	142264	0.00525424	0.00328474	0.003	0.01	1205.63	946.212	60	5861	
0.4	5.4	38	899	18	3	2	120	2	120	0.01	0	0.01	0.01	60	0	60	60	
0.4	5.4	37	902	6	3	3	180	3	180	0.00766667	0.0080829	0.003	0.017	60	0	60	60	
0.4	5.4	35	906	24	3	111	352780	111	352780	0.00810811	0.00326232	0.003	0.017	3178.2	1990.59	60	9422	
0.4	5.4	20	907	1	3	35	124360	35	124360	0.0092	0.00225962	0.003	0.01	3553.14	2659.85	60	9422	
0.4	5.4	12	909	15	3	133	367332	133	367332	0.00747368	0.00337455	0.003	0.01	2761.89	2474.32	60	9422	
0.4	5.4	40	911	9	3	2	120	2	120	0.003	0	0.003	0.003	60	0	60	60	
0.4	5.4	24	912	14	3	129	572238	129	572238	0.003	0	0.003	0.003	4435.95	3059.88	45	9422	
0.4	5.4	57	913	26	3	49	137518	49	137518	0.00714286	0.00347611	0.003	0.01	2806.49	1837.22	39	7099	
0.4	5.4	50	915	4	3	103	253402	103	253402	0.0091165	0.00362535	0.003	0.017	2460.21	1390.07	60	6507	
0.4	5.4	10	916	24	3	143	327592	143	327592	0.00897203	0.00310371	0.003	0.017	2290.85	1840.91	60	9422	
0.4	5.4	50	919	15	3	197	536424	196	534642	0.00792857	0.00377916	0.003	0.017	2727.77	2220.46	36	9422	
0.4	5.4	48	920	19	3	224	681901	224	681901	0.00821875	0.00326435	0.003	0.017	3044.2	2357.67	57	9422	
0.4	5.4	34	921	29	3	272	375016	272	375016	0.00593382	0.00371236	0.003	0.017	1378.74	1400.36	17	9422	
0.4	5.4	57	922	3	3	69	159298	70	161073	0.008	0.00318511	0.003	0.01	2301.04	1513.55	60	7099	
0.4	5.4	9	923	8	3	55	142246	55	142246	0.00478182	0.00307734	0.003	0.01	2586.29	2186.81	60	9422	
0.4	5.4	55	925	4	3	1	60	1	60	0.003	0	0.003	0.003	60	0	60	60	
0.4	5.4	45	931	3	3	315	493383	312	485688	0.00692628	0.00414112	0.003	0.017	1556.69	1431.73	5	9422	
0.4	5.4	16	932	9	3	149	296054	149	296054	0.00793288	0.00386016	0.003	0.024	1986.94	1428.46	13	7099	
0.4	5.4	41	933	39	3	1	60	1	60	0.003	0	0.003	0.003	60	0	60	60	
0.4	5.4	11	934	6	3	65	206607	65	206607	0.00773846	0.00329904	0.003	0.01	3178.57	2921.01	45	9422	
0.4	5.4	35	936	25	3	116	430963	116	430963	0.00571552	0.00342575	0.003	0.01	3715.2	2291.37	57	9422	
0.4	5.4	42	937	30	3	131	349383	131	349383	0.00358779	0.00194885	0.003	0.01	2667.05	1896.63	60	9422	
0.4	5.4	27	940	5	3	113	409895	111	399836	0.003	0	0.003	0.003	3602.13	2789.01	45	9422	
0.4	5.4	37	941	66	3	81	89048	81	89048	0.00576543	0.00344337	0.003	0.01	1099.36	784.697	60	4395	
0.4	5.4	52	943	12	3	1	60	1	60	0.003	0	0.003	0.003	60	0	60	60	
0.4	5.4	37	944	38	3	124	162458	124	162458	0.00695161	0.00439485	0.003	0.017	1310.15	1610.53	26	9422	
0.4	5.4	41	945	19	3	3	180	3	180	0.003	0	0.003	0.003	60	0	60	60	
0.4	5.4	34	947	4	3	1	60	1	60	0.003	0	0.003	0.003	60	0	60	60	
0.4	5.4	39	948	37	3	43	67607	43	67607	0.00658139	0.00414748	0.003	0.017	1572.26	1901.5	55	9422	
0.4	5.4	24	949	20	3	47	153358	47	153358	0.003	0	0.003	0.003	3262.94	2565.98	45	9422	
0.4	5.4	14	951	10	3	173	430451	172	422169	0.00735465	0.00340396	0.003	0.01	2454.47	1728.43	13	9422	
0.4	5.4	6	952	15	3	89	271223	89	271223	0.00677528	0.00350893	0.003	0.01	3047.45	2473.3	36	9422	
0.4	5.4	37	954	35	3	21	17891	21	17891	0.005	0.00324037	0.003	0.01	851.952	499.841	60	1775	
0.4	5.4	19	955	13	3	4	2484	4	2484	0.00825	0.0035	0.003	0.01	621	459.442	60	1184	
0.4	5.4	55	956	1	3	111	193844	111	193844	0.00545946	0.0033569	0.003	0.01	1746.34	1433.04	60	9422	
0.4	5.4	2	958	14	3	34	32096	34	32096	0.00567647	0.00345289	0.003	0.01	944	491.021	60	1775	
0.4	5.4	37	961	61	3	135	146974	134	141058	0.00634328	0.0040002	0.003	0.017	1052.67	1037.85	26	8282	
0.4	5.4	16	963	15	3	90	304230	90	304230	0.00626667	0.00351178	0.003	0.01	3380.33	2353.75	60	9422	
0.4	5.4	46	964	11	3	1	60	1	60	0.01	0	0.01	0.01	60	0	60	60	
0.4	5.4	29	965	11	3	127	371614	127	371614	0.00625197	0.00350503	0.003	0.01	2926.09	2512.3	45	9422	
0.4	5.4	37	966	71	3	120	162921	120	162921	0.005975	0.00347491	0.003	0.01	1357.67	1260.42	60	7708	
0.4	5.4	15	967	4	3	175	398051	175	398051	0.00732	0.00357359	0.003	0.017	2274.58	1828.85	60	7803	
0.4	5.4	1	969	8	3	96	143328	96	143328	0.00839583	0.00295752	0.003	0.01	1493	2038.13	60	9422	
0.4	5.4	51	970	16	3	63	195370	63	195370	0.00777778	0.00328459	0.003	0.01	3101.11	2350.25	36	8873	
0.4	5.4	37	973	8	3	30	32103	30	32103	0.00533333	0.00335624	0.003	0.01	1070.1	723.524	60	3550	
0.4	5.4	34	975	24	3	4	240	4	240	0.00825	0.0035	0.003	0.01	60	0	60	60	
0.4	5.4	40	978	10	3	54	133837	54	133837	0.00675926	0.00352316	0.003	0.01	2478.46	2212.26	60	8873	
0.4	5.4	41	979	84	3	64	46460	64	46460	0.005625	0.00363624	0.003	0.017	725.937	704.746	27	4197	
0.4	5.4	39	980	27	3	5	300	5	300	0.0058	0.00383406	0.003	0.01	60	0	60	60	
0.4	5.4	41	981	47	3	260	384015	259	382831	0.00613513	0.00375008	0.003	0.017	1478.11	1368.62	38	8873	
0.4	5.4	34	983	1	3	2	120	2	120	0.01	0	0.01	0.01	60	0	60	60	
0.4	5.4	48	984	10	3	69	111985	69	111985	0.00766667	0.00332401	0.003	0.01	1622.97	1668.07	60	9422	
0.4	5.4	49	987	18	3	36	91828	36	91828	0.00708333	0.0035	0.003	0.01	2550.78	2243.25	60	8873	
0.4	5.4	11	988	3	3	36	87699	36	87699	0.00766667	0.00334664	0.003	0.01	2436.08	2211.98	60	9422	
0.4	5.4	42	989	22	3	160	382671	159	383514	0.00436478	0.002782	0.003	0.01	2412.04	1882.08	60	9422	
0.4	5.4	27	990	18	3	35	97154	35	97154	0.0078	0.00407864	0.003	0.017	2775.83	2377.04	60	9422	
0.4	5.4	3	991	3	3	40	123777	40	123777	0.009475	0.00186723	0.003	0.01	3094.43	2520.36	60	9422	
0.4	5.4	26	993	6	3	191	632782	190	632190	0.00778947	0.0032624	0.003	0.01	3327.32	2500.27	45	9422	
0.4	5.4	37	994	37	3	16	7240	16	7240	0.0034375	0.00175	0.003	0.01	452.5	303.355	60	1184	
0.4	5.4	1	995	2	3	129	422002	130	422045	0.00477692	0.00305826	0.003	0.01	3246.5	2755.39	43	9422	
0.4	5.4	30	998	16	3	108	400664	107	398297	0.00790654	0.00322002	0.003	0.01	3722.4	2573.55	45	9422	
0.4	5.4	10	999	10	3	86	369296	85	368112	0.00695294	0.00349117	0.003	0.01	4330.73	2890.55	60	9422	
0.4	5.4	13	1000	4	3	129	260529	129	260529	0.00706977	0.00378357	0.003	0.017	2019.6	1377.41	60	6507	
0.4	5.4	34	1001	21	3	128	217030	128	217030	0.00349219	0.00179674	0.003	0.01	1695.55	1764.11	45	9422	
0.4	5.4	22	1002	11	3	190	493773	190	493773	0.00701579	0.00382622	0.003	0.017	2598.81	2321.09	10	9422	
0.4	5.4	33	1003	22	3	9	15503	9	15503	0.003	0	0.003	0.003	1722.56	1396.91	60	4395	
0.4	5.4	43	1005	10	3	92	194828	90	185693	0.00704444	0.00347676	0.003	0.01	2063.26	1820.23	60	9422	
0.4	5.4	37	1006	44	3	100	122820	100	122820	0.00629	0.00378272	0.003	0.017	1228.2	980.287	24	5324	
0.4	5.4	34	1008	27	3	89	80119	89	80119	0.00614607	0.00408865	0.003	0.017	900.213	757.339	46	4395	
0.4	5.4	12	1009	8	3	118	536114	118	536114	0.003	0	0.003	0.003	4543.34	2226.34	60	9422	
0.4	5.4	4	1010	10	3	44	86518	44	86518	0.00745454	0.0037258	0.003	0.017	1966.32	1301.68	60	5916	
0.4	5.4	22	1011	7	3	102	306137	102	306137	0.003	0	0.003	0.003	3001.34	2676.82	45	9422	
0.4	5.4	38	1013	12	3	4	240	4	240	0.00825	0.0035	0.003	0.01	60	0	60	60	
0.4	5.4	53	1014	5	3	152	380266	152	380266	0.00636184	0.00350883	0.003	0.01	2501.75	1789.94	60	9422	
0.4	5.4	2	1016	26	3	5	300	5	300	0.0044	0.0031305	0.003	0.01	60	0	60	60	
0.4	5.4	39	1017	3	3	1	60	1	60	0.01	0	0.01	0.01	60	0	60	60	
0.4	5.4	27	1018	1	3	188	543324	188	543324	0.00776596	0.00350378	0.003	0.017	2890.02	1943.65	60	9422	
0.4	5.4	57	1019	6	3	2	120	2	120	0.0065	0.00494975	0.003	0.01	60	0	60	60	
0.4	5.4	29	1021	4	3	9	8403	8	6628	0.007375	0.00362284	0.003	0.01	828.5	420.978	60	1184	
0.4	5.4	18	1024	6	3	187	608619	187	610394	0.00771658	0.00329057	0.003	0.01	3264.14	2707.83	45	9422	
0.4	5.4	42	1025	27	3	162	130475	160	128210	0.005975	0.00454737	0.003	0.024	801.312	649.517	21	5324	
0.4	5.4	39	1028	48	3	104	78493	103	77901	0.00524272	0.00328235	0.003	0.01	756.32	797.315	57	5861	
0.4	5.4	2	1029	8	3	124	271252	124	271252	0.00424193	0.00268501	0.003	0.01	2187.52	2063.25	45	9422	
0.4	5.4	2	1031	2	3	212	471309	212	471309	0.00557547	0.00338367	0.003	0.01	2223.16	1737.04	60	9422	
0.4	5.4	55	1033	38	3	111	199613	111	199613	0.00564865	0.00366221	0.003	0.017	1798.32	1422.6	60	7690	
0.4	5.4	33	1034	18	3	63	170540	63	170540	0.003	0	0.003	0.003	2706.98	1525.03	60	5324	
0.4	5.4	44	1035	5	3	103	226142	101	219778	0.00729703	0.00356523	0.003	0.017	2176.02	1670.12	43	9422	
0.4	5.4	13	1036	24	3	152	497844	151	496660	0.00364901	0.00203699	0.003	0.01	3289.14	2446	45	9422	
0.4	5.4	57	1037	12	3	3	180	3	180	0.00766667	0.00404145	0.003	0.01	60	0	60	60	
0.4	5.4	39	1038	54	3	124	205503	124	205503	0.00604839	0.00348482	0.003	0.01	1657.28	1406.11	60	7099	
0.4	5.4	39	1039	58	3	200	376875	199	376126	0.00461809	0.00295845	0.003	0.01	1890.08	1444.87	32	7098	
0.4	5.4	57	1040	22	3	48	84149	48	84149	0.00766667	0.00333475	0.003	0.01	1753.1	1986.15	60	8282	
0.4	5.4	8	1042	13	3	237	679686	238	684081	0.00752941	0.00353243	0.003	0.017	2874.29	2397.52	36	9422	
0.4	5.4	55	1043	9	3	2	120	2	120	0.0065	0.00494975	0.003	0.01	60	0	60	60	
0.4	5.4	52	1045	40	3	179	527373	180	529353	0.00622778	0.00357651	0.003	0.017	2940.85	2099.8	45	9422	
0.4	5.4	1	1046	19	3	72	240338	72	240338	0.005625	0.00341264	0.003	0.01	3338.03	2337.01	60	9422	
0.4	5.4	46	1049	14	3	38	88877	37	88285	0.00848649	0.00292139	0.003	0.01	2386.08	2405.57	60	9422	
0.4	5.4	55	1050	7	3	3	180	3	180	0.00533333	0.00404145	0.003	0.01	60	0	60	60	
0.4	5.4	35	1053	29	3	86	232669	86	232669	0.00544186	0.00335578	0.003	0.01	2705.45	1892.08	60	9422	
0.4	5.4	38	1054	9	3	83	323742	83	323742	0.00687952	0.00350051	0.003	0.01	3900.51	2586.41	60	9422	
0.4	5.4	34	1055	52	3	188	196203	188	196203	0.00519681	0.00356432	0.003	0.017	1043.63	796.335	42	4107	
0.4	5.4	41	1056	52	3	49	37453	49	37453	0.00571428	0.0037305	0.003	0.017	764.347	580.854	43	2961	
0.4	5.4	16	1057	11	3	68	141545	68	141545	0.0070147	0.00369143	0.003	0.017	2081.54	2006.32	60	9422	
0.4	5.4	4	1059	1	3	128	415013	128	415013	0.00797656	0.00330465	0.003	0.017	3242.29	2591.92	36	9422	
0.4	5.4	2	1061	5	3	70	138000	70	138000	0.0052	0.00327308	0.003	0.01	1971.43	1422.75	60	6882	
0.4	5.4	52	1063	46	3	1	60	1	60	0.01	0	0.01	0.01	60	0	60	60	
0.4	5.4	37	1066	58	3	140	199754	140	199754	0.00505	0.00319695	0.003	0.01	1426.81	1250.41	13	8621	
0.4	5.4	43	1069	12	3	167	550268	167	550268	0.00685629	0.00349229	0.003	0.01	3295.02	2543.84	45	9422	
0.4	5.4	51	1070	10	3	58	162352	58	162352	0.003	0	0.003	0.003	2799.17	2697.73	60	9422	
0.4	5.4	2	1073	22	3	64	171127	64	171127	0.003	0	0.003	0.003	2673.86	2171.6	60	9422	
0.4	5.4	52	1074	35	3	3	1892	3	1892	0.00766667	0.00404145	0.003	0.01	630.667	562.2	60	1184	
0.4	5.4	34	1077	5	3	1	60	1	60	0.003	0	0.003	0.003	60	0	60	60	
0.4	5.4	35	1078	10	3	10	9001	10	9001	0.0051	0.00338132	0.003	0.01	900.1	1097.4	5	3550	
0.4	5.4	33	1079	17	3	45	130291	45	130291	0.003	0	0.003	0.003	2895.36	2061.53	60	9422	
0.4	5.4	37	1081	27	3	91	155905	91	155905	0.00569231	0.00372884	0.003	0.017	1713.24	1806.96	60	9422	
0.4	5.4	42	1082	4	3	34	48072	34	48072	0.00608823	0.00352796	0.003	0.01	1413.88	991.247	60	4733	
0.4	5.4	57	1083	5	3	154	329867	154	329867	0.00772727	0.00365734	0.003	0.017	2141.99	2313.33	21	9422	
0.4	5.4	42	1084	9	3	114	209172	114	209172	0.0064386	0.00375355	0.003	0.017	1834.84	1870.7	13	9422	
0.4	5.4	41	1085	27	3	3	768	3	768	0.00766667	0.00404145	0.003	0.01	256	339.482	60	648	
0.4	5.4	21	1086	15	3	103	257543	103	257543	0.00694175	0.00388013	0.003	0.017	2500.42	1592.48	60	9422	
0.4	5.4	23	1088	11	3	3	180	3	180	0.00766667	0.00404145	0.003	0.01	60	0	60	60	
0.4	5.4	54	1089	5	3	68	145692	68	145692	0.00814706	0.0031112	0.003	0.01	2142.53	1779.43	60	9422	
0.4	5.4	48	1091	12	3	68	182010	67	176094	0.00519403	0.00327173	0.003	0.01	2628.27	2351.04	60	9422	
0.4	5.4	38	1093	3	3	136	588912	136	588912	0.003	0	0.003	0.003	4330.24	2600.26	45	9422	
0.4	5.4	25	1095	8	3	35	84730	34	79406	0.0087647	0.00270867	0.003	0.01	2335.47	2317.22	60	9422	
0.4	5.4	31	1096	29	3	158	466866	158	466866	0.00579114	0.00343836	0.003	0.01	2954.85	2198.11	45	9422	
0.4	5.4	14	1097	5	3	173	617463	173	617463	0.00575144	0.00342894	0.003	0.01	3569.15	2618.05	45	9422	
0.4	5.4	4	1099	11	3	72	211356	72	211356	0.00776389	0.0034904	0.003	0.017	2935.5	2273.01	45	9422	
0.4	5.4	43	1101	7	3	2	120	2	120	0.0065	0.00494975	0.003	0.01	60	0	60	60	
0.4	5.4	6	1102	16	3	14	24975	14	24975	0.009	0.00374166	0.003	0.017	1783.93	1375.8	60	4395	
0.4	5.4	44	1103	11	3	99	307217	99	307217	0.00618182	0.00350325	0.003	0.01	3103.2	2355.61	60	9422	
0.4	5.4	1	1106	12	3	143	526253	143	526253	0.003	0	0.003	0.003	3680.09	2364.26	45	9422	
0.4	5.4	29	1109	8	3	1	60	1	60	0.017	0	0.017	0.017	60	0	60	60	
0.4	5.4	23	1110	3	3	109	395418	109	395418	0.003	0	0.003	0.003	3627.69	2684.7	45	9422	
0.4	5.4	42	1111	31	3	51	90695	51	90695	0.0045098	0.00290773	0.003	0.01	1778.33	1380.7	60	7690	
0.4	5.4	39	1112	60	3	175	257082	176	260040	0.00661932	0.00381388	0.003	0.017	1477.5	1050.36	49	5324	
0.4	5.4	34	1115	48	3	1	60	0	0	0	0	0	0	0	0	0	0	
0.4	5.4	39	1116	85	3	4	2484	4	2484	0.0065	0.00404145	0.003	0.01	621	459.442	60	1184	
0.4	5.4	9	1117	1	3	114	351086	114	351086	0.00668421	0.00351058	0.003	0.01	3079.7	2368.3	45	9422	
0.4	5.4	35	1118	6	3	90	225807	90	225807	0.0065	0.00351961	0.003	0.01	2508.97	1875.56	36	8873	
0.4	5.4	39	1119	23	3	141	325142	141	325142	0.003	0	0.003	0.003	2305.97	1429.66	60	9422	
0.4	5.4	25	1120	2	3	55	146866	55	146866	0.00490909	0.00314627	0.003	0.01	2670.29	1673.27	12	7099	
0.4	5.4	12	1121	1	3	113	450462	113	450462	0.00746018	0.00338071	0.003	0.01	3986.39	2395.1	57	9422	
0.4	5.4	41	1122	9	3	2	120	2	120	0.0065	0.00494975	0.003	0.01	60	0	60	60	
0.4	5.4	51	1123	11	3	112	425035	112	425035	0.00625	0.00350675	0.003	0.01	3794.96	2888.4	45	9422	
0.4	5.4	37	1124	47	3	47	60026	47	60026	0.00717021	0.00476545	0.003	0.017	1277.15	1023.53	60	4107	
0.4	5.4	39	1125	71	3	76	42252	76	42252	0.00557895	0.00409638	0.003	0.017	555.947	710.377	60	4904	
0.4	5.4	47	1127	8	3	2	120	2	120	0.01	0	0.01	0.01	60	0	60	60	
0.4	5.4	33	1129	14	3	4	2484	4	2484	0.0065	0.00404145	0.003	0.01	621	459.442	60	1184	
0.4	5.4	22	1130	18	3	5	5442	5	5442	0.0044	0.0031305	0.003	0.01	1088.4	742.216	60	1775	
0.4	5.4	19	1131	11	3	2	120	2	120	0.0065	0.00494975	0.003	0.01	60	0	60	60	
0.4	5.4	34	1132	46	3	222	262198	219	252409	0.00530137	0.00329589	0.003	0.01	1152.55	1049.35	30	7486	
0.4	5.4	27	1135	25	3	155	606805	155	606805	0.00738064	0.00339838	0.003	0.01	3914.87	2554.12	45	9422	
0.4	5.4	55	1138	59	3	57	104298	57	104298	0.0047193	0.00303994	0.003	0.01	1829.79	1773.51	60	9422	
0.4	5.4	4	1139	12	3	3	180	3	180	0.01	0	0.01	0.01	60	0	60	60	
0.4	5.4	30	1140	13	3	89	357572	89	357572	0.003	0	0.003	0.003	4017.66	2173.99	60	9422	
0.4	5.4	54	1141	10	3	143	540405	143	540405	0.00755245	0.00334975	0.003	0.01	3779.06	2352.26	60	9422	
0.4	5.4	1	1143	11	3	1	60	1	60	0.01	0	0.01	0.01	60	0	60	60	
0.4	5.4	30	1144	15	3	77	270616	76	265292	0.00843421	0.00293637	0.003	0.01	3490.68	2395.12	45	9422	
0.4	5.4	1	1145	15	3	169	399709	170	407399	0.00555294	0.00337939	0.003	0.01	2396.46	1906.45	60	9422	
0.4	5.4	47	1146	12	3	71	182362	71	182362	0.0088169	0.00264202	0.003	0.01	2568.48	2086.24	60	9422	
0.4	5.4	2	1147	9	3	2	120	2	120	0.003	0	0.003	0.003	60	0	60	60	
0.4	5.4	14	1151	9	3	99	217295	99	217295	0.00780808	0.00355619	0.003	0.017	2194.9	2010.81	60	9422	
0.4	5.4	13	1153	17	3	23	45087	23	45087	0.00330435	0.0014596	0.003	0.01	1960.3	1193.92	60	5324	
0.4	5.4	42	1154	1	3	131	454076	131	454076	0.00364122	0.002027	0.003	0.01	3466.23	2794.55	45	9422	
0.4	5.4	25	1156	20	3	162	432808	162	432808	0.0060679	0.00357028	0.003	0.017	2671.65	2134.37	45	9422	
0.4	5.4	23	1157	4	3	144	413144	144	413144	0.0086875	0.00298122	0.003	0.017	2869.06	1876.47	60	9422	
0.4	5.4	30	1158	3	3	26	77033	26	77033	0.003	0	0.003	0.003	2962.81	1919.76	60	6507	
0.4	5.4	13	1159	7	3	139	378235	139	378235	0.00652518	0.00361224	0.003	0.017	2721.12	2474.82	45	9422	
0.4	5.4	45	1160	12	3	197	445304	196	438797	0.00639286	0.00350732	0.003	0.01	2238.76	2010.52	13	9422	
0.4	5.4	16	1162	1	3	131	335764	131	335764	0.0080229	0.00360868	0.003	0.017	2563.08	1781.15	60	9339	
0.4	5.4	32	1163	1	3	28	54078	28	54078	0.00875	0.00273015	0.003	0.01	1931.36	1178.24	60	4141	
0.4	5.4	24	1165	3	3	161	431023	161	431023	0.00743478	0.00347272	0.003	0.017	2677.16	1874.43	60	9422	
0.4	5.4	21	1166	28	3	63	178830	63	178830	0.00544444	0.00336384	0.003	0.01	2838.57	2029.09	60	8873	
0.4	5.4	10	1169	11	3	53	205417	53	205417	0.0045849	0.00295761	0.003	0.01	3875.79	2573.27	60	9422	
0.4	5.4	41	1170	83	3	2	120	2	120	0.0065	0.00494975	0.003	0.01	60	0	60	60	
0.4	5.4	55	1171	40	3	283	512765	284	515664	0.00571127	0.00341599	0.003	0.01	1815.72	1552.36	19	9422	
0.4	5.4	34	1173	11	3	1	60	1	60	0.003	0	0.003	0.003	60	0	60	60	
0.4	5.4	42	1174	5	3	112	154046	112	154046	0.0068125	0.00386141	0.003	0.017	1375.41	1108.52	26	7690	
0.4	5.4	34	1175	18	3	115	234497	115	234497	0.00446087	0.00285708	0.003	0.01	2039.1	2184.85	26	9422	
0.4	5.4	1	1176	13	3	132	380485	132	380485	0.00480303	0.00307275	0.003	0.01	2882.46	1917.14	173	9422	
0.4	5.4	51	1177	13	3	33	113720	33	113720	0.003	0	0.003	0.003	3446.06	3044.85	60	9422	
0.4	5.4	17	1178	4	3	166	253727	165	252011	0.00826061	0.00472783	0.003	0.024	1527.34	1297.65	60	7099	
0.4	5.4	2	1179	19	3	56	129123	56	129123	0.007	0.00349545	0.003	0.01	2305.77	1417.54	60	7690	
0.4	5.4	22	1180	5	3	25	51597	25	51597	0.00664	0.00356931	0.003	0.01	2063.88	1133.97	60	4733	
0.4	5.4	14	1181	6	3	81	298898	81	298898	0.00438272	0.00280432	0.003	0.01	3690.1	2171.72	60	9422	
0.4	5.4	2	1183	15	3	2	120	2	120	0.0065	0.00494975	0.003	0.01	60	0	60	60	
0.4	5.4	14	1185	13	3	124	430376	123	428009	0.00743902	0.00338547	0.003	0.01	3479.75	2361.21	36	9422	
0.4	5.4	37	1186	67	3	187	251763	187	251763	0.00663102	0.00399835	0.003	0.017	1346.33	1094.23	60	5324	
0.4	5.4	55	1187	36	3	191	437126	191	437126	0.003	0	0.003	0.003	2288.62	2166.6	18	9422	
0.4	5.4	53	1189	18	3	53	107240	53	107240	0.00696226	0.00350254	0.003	0.01	2023.4	1602.56	60	5916	
0.4	5.4	52	1190	47	3	66	72965	66	72965	0.00819697	0.004645	0.003	0.024	1105.53	798.22	13	4395	
0.4	5.4	37	1191	4	3	1	60	1	60	0.01	0	0.01	0.01	60	0	60	60	
0.4	5.4	55	1193	14	3	142	235237	142	235237	0.00467606	0.00299775	0.003	0.01	1656.6	1209.1	60	7099	
0.4	5.4	45	1194	21	3	176	349950	176	349950	0.00618182	0.00357466	0.003	0.017	1988.35	1357.15	60	7099	
0.4	5.4	7	1196	9	3	175	545211	175	545211	0.0076	0.00333218	0.003	0.01	3115.49	2149.76	60	9422	
0.4	5.4	41	1197	54	3	34	62855	34	62855	0.00588235	0.00349688	0.003	0.01	1848.68	1554.08	5	6882	
0.4	5.4	5	1199	6	3	65	209556	65	209556	0.003	0	0.003	0.003	3223.94	1787.01	60	7099	
0.4	5.4	7	1200	18	3	81	178465	80	175507	0.0050125	0.00318817	0.003	0.01	2193.84	2126.18	23	9422	
0.4	5.4	2	1201	17	3	3	180	3	180	0.00766667	0.00404145	0.003	0.01	60	0	60	60	
0.4	5.4	53	1202	11	3	28	42726	28	42726	0.0085	0.00292499	0.003	0.01	1525.93	1178.53	60	5324	
0.4	5.4	40	1203	8	3	33	47472	33	44078	0.0070303	0.00495911	0.003	0.017	1335.7	988.609	60	3550	
0.4	5.4	39	1204	44	3	9	7815	9	7815	0.00844444	0.00466667	0.003	0.017	868.333	690.741	60	2367	
0.4	5.4	39	1205	82	3	60	210048	61	210640	0.00598361	0.00371704	0.003	0.017	3453.11	2539.47	139	9422	
0.4	5.4	55	1206	56	3	26	46996	26	46996	0.00542308	0.00339615	0.003	0.01	1807.54	1463.16	60	5324	
0.4	5.4	49	1207	16	3	132	377163	131	374205	0.00748855	0.00337038	0.003	0.01	2856.53	2249.05	29	9422	
0.4	5.4	40	1208	1	3	209	694290	209	694290	0.00685167	0.00349065	0.003	0.01	3321.96	2380.68	45	9422	
0.4	5.4	53	1209	1	3	157	498944	156	496577	0.0068141	0.0034971	0.003	0.01	3183.19	2461.02	36	9422	
0.4	5.4	57	1211	24	3	26	61653	26	61653	0.00515385	0.00329475	0.003	0.01	2371.27	2538.35	60	9422	
0.4	5.4	32	1212	10	3	132	496734	132	496734	0.003	0	0.003	0.003	3763.14	2463.43	45	9422	
0.4	5.4	17	1213	12	3	147	363582	147	363582	0.00685714	0.00349363	0.003	0.01	2473.35	1886.45	60	9422	
0.4	5.4	17	1214	18	3	47	60495	46	57537	0.00756522	0.00448034	0.003	0.017	1250.8	823.47	60	4141	
0.4	5.4	37	1215	28	3	64	108428	64	108428	0.00529687	0.0033127	0.003	0.01	1694.19	1076.77	60	4395	
0.4	5.4	37	1218	5	3	1	60	1	60	0.003	0	0.003	0.003	60	0	60	60	
0.4	5.4	3	1221	4	3	97	245117	97	245117	0.00819588	0.00354036	0.003	0.017	2526.98	1911.46	60	9422	
0.4	5.4	17	1224	15	3	119	277403	119	277403	0.00523529	0.00327731	0.003	0.01	2331.12	2161.27	57	9422	
0.4	5.4	39	1225	50	3	92	66537	92	66537	0.00482609	0.00342136	0.003	0.017	723.228	658.318	28	3182	
0.4	5.4	11	1229	16	3	17	40951	17	40951	0.0087647	0.00275067	0.003	0.01	2408.88	1982.33	60	7099	
0.4	5.4	41	1232	24	3	78	168128	78	168128	0.00632051	0.00369448	0.003	0.017	2155.49	2361.67	45	9422	
0.4	5.4	41	1233	76	3	294	231940	294	231940	0.00621428	0.00460875	0.003	0.024	788.912	832.281	6	7690	
0.4	5.4	36	1234	13	3	55	261014	55	261014	0.00770909	0.0033148	0.003	0.01	4745.71	2021.41	45	9422	
0.4	5.4	14	1235	2	3	84	156958	84	156958	0.00708333	0.00347177	0.003	0.01	1868.55	1873.76	60	9422	
0.4	5.4	28	1238	21	3	16	38577	16	38577	0.003	0	0.003	0.003	2411.06	2786.54	60	9422	
0.4	5.4	4	1239	16	3	7	6035	7	6035	0.003	0	0.003	0.003	862.143	559.127	60	1775	
0.4	5.4	21	1240	24	3	117	310202	117	310202	0.0067094	0.00350876	0.003	0.01	2651.3	1668.22	60	9422	
0.4	5.4	27	1241	12	3	66	199644	65	197869	0.00601538	0.00349326	0.003	0.01	3044.14	2514.19	60	9422	
0.4	5.4	26	1242	14	3	70	210754	70	210754	0.0066	0.00352383	0.003	0.01	3010.77	2925.38	45	9422	
0.4	5.4	43	1243	1	3	1	60	1	60	0.01	0	0.01	0.01	60	0	60	60	
0.4	5.4	53	1244	19	3	139	520781	139	520781	0.00652518	0.00351257	0.003	0.01	3746.63	2386.37	35	9422	
0.4	5.4	35	1245	12	3	70	150557	70	150557	0.0075	0.00358236	0.003	0.017	2150.81	1594.09	60	6106	
0.4	5.4	22	1247	17	3	48	106767	48	106767	0.00722917	0.0037487	0.003	0.017	2224.31	1784.97	60	8873	
0.4	5.4	28	1251	12	3	70	235597	70	235597	0.0041	0.00256594	0.003	0.01	3365.67	2839.53	45	9422	
0.4	5.4	41	1252	61	3	1	60	1	60	0.003	0	0.003	0.003	60	0	60	60	
0.4	5.4	13	1253	13	3	55	136223	55	136223	0.00312727	0.00094388	0.003	0.01	2476.78	1956.37	60	9422	
0.4	5.4	25	1256	16	3	70	153980	70	153980	0.008	0.00340077	0.003	0.017	2199.71	2183.42	45	9422	
0.4	5.4	24	1258	1	3	43	125564	43	125564	0.00316279	0.00106749	0.003	0.01	2920.09	2452.43	60	9422	
0.4	5.4	37	1260	22	3	77	111419	77	111419	0.00672727	0.00476179	0.003	0.017	1447	1510.02	28	9422	
0.4	5.4	27	1261	11	3	32	98926	31	97151	0.003	0	0.003	0.003	3133.9	2665.41	60	9422	
0.4	5.4	39	1263	22	3	3	180	3	180	0.00533333	0.00404145	0.003	0.01	60	0	60	60	
0.4	5.4	41	1264	16	3	2	120	2	120	0.003	0	0.003	0.003	60	0	60	60	
0.4	5.4	51	1265	18	3	21	55738	21	55738	0.00766667	0.00338132	0.003	0.01	2654.19	2718.82	60	9422	
0.4	5.4	2	1266	23	3	99	300243	99	300243	0.00512121	0.00323335	0.003	0.01	3032.76	2342.76	45	9422	
0.4	5.4	18	1268	7	3	116	360580	115	359988	0.0079913	0.00318025	0.003	0.01	3130.33	2400.13	60	9422	
0.4	5.4	21	1269	26	3	91	327184	91	327184	0.003	0	0.003	0.003	3595.43	2776.86	45	9422	
0.4	5.4	29	1270	3	3	187	434852	187	434852	0.00775401	0.00379777	0.003	0.024	2325.41	2023.55	13	9422	
0.4	5.4	49	1271	15	3	139	420515	139	420515	0.003	0	0.003	0.003	3025.29	2258.66	60	9422	
0.4	5.4	39	1272	51	3	108	70306	108	70306	0.00546296	0.00335842	0.003	0.01	650.981	618.488	24	2961	
0.4	5.4	37	1273	54	3	6	6034	6	6034	0.00766667	0.00361478	0.003	0.01	1005.67	694.101	60	1775	
0.4	5.4	3	1274	15	3	24	32078	23	29711	0.00817391	0.00314284	0.003	0.01	1291.78	1024.61	60	3550	
0.4	5.4	39	1275	76	3	104	90786	104	90786	0.00663461	0.00446792	0.003	0.024	872.942	1404.71	13	9422	
0.4	5.4	33	1276	8	3	153	430301	153	430301	0.00748366	0.00355614	0.003	0.017	2812.42	2314.15	45	9422	
0.4	5.4	43	1277	3	3	139	465881	140	466518	0.0056	0.00339445	0.003	0.01	3332.27	2440.72	45	9422	
0.4	5.4	18	1278	2	3	60	202468	60	202468	0.00533333	0.00332768	0.003	0.01	3374.47	2333.92	60	8873	
0.4	5.4	41	1281	89	3	108	199605	108	199605	0.003	0	0.003	0.003	1848.19	1314.83	18	5324	
0.4	5.4	3	1282	2	3	60	182475	60	182475	0.00743333	0.00340173	0.003	0.01	3041.25	2524.12	60	9422	
0.4	5.4	55	1285	35	3	239	372729	240	374925	0.00559583	0.00338826	0.003	0.01	1562.19	1234.53	5	7099	
0.4	5.4	34	1286	22	3	157	130579	157	130579	0.00598726	0.00389935	0.003	0.017	831.713	647.82	24	3822	
0.4	5.4	38	1288	19	3	68	210878	66	200819	0.00830303	0.00302283	0.003	0.01	3042.71	2292.97	60	9422	
0.4	5.4	2	1289	25	3	157	550867	157	550867	0.0039363	0.00239037	0.003	0.01	3508.71	2569.33	45	9422	
0.4	5.4	2	1290	7	3	100	197211	100	197211	0.00643	0.00365495	0.003	0.017	1972.11	1462.97	60	9422	
0.4	5.4	55	1292	31	3	7	2490	7	2490	0.006	0.00374166	0.003	0.01	355.714	239.013	60	648	
0.4	5.4	29	1293	10	3	145	427475	144	426291	0.00815278	0.00320472	0.003	0.017	2960.35	2224.59	45	9422	
0.4	5.4	45	1294	4	3	94	182647	94	182647	0.00501064	0.00318428	0.003	0.01	1943.05	1601.24	60	9422	
0.4	5.4	39	1295	38	3	146	254149	146	254149	0.00510959	0.00322303	0.003	0.01	1740.75	1463.8	31	7099	
0.4	5.4	28	1298	23	3	103	213773	103	213773	0.00714563	0.00372434	0.003	0.017	2075.47	1676.55	60	9422	
0.4	5.4	28	1299	14	3	104	290643	104	290643	0.00623077	0.00350653	0.003	0.01	2794.64	2053.79	43	9422	
0.4	5.4	24	1302	13	3	172	609083	172	609083	0.00694767	0.00348139	0.003	0.01	3541.18	2723.43	36	9422	
0.4	5.4	33	1304	15	3	50	112680	50	112680	0.0065	0.00353553	0.003	0.01	2253.6	2110.6	60	9422	
0.4	5.4	30	1305	11	3	67	217858	66	217221	0.00395454	0.00242063	0.003	0.01	3291.23	2850.99	45	9422	
0.4	5.4	23	1307	21	3	2	120	2	120	0.0065	0.00494975	0.003	0.01	60	0	60	60	
0.4	5.4	34	1308	25	3	3	768	3	768	0.00533333	0.00404145	0.003	0.01	256	339.482	60	648	
0.4	5.4	50	1309	1	3	104	370604	104	370604	0.00724038	0.00343736	0.003	0.01	3563.5	2366.17	60	9422	
0.4	5.4	14	1310	7	3	147	474158	147	474158	0.003	0	0.003	0.003	3225.56	2131.56	60	9422	
0.4	5.4	11	1311	15	3	115	345189	115	345189	0.00640869	0.00351412	0.003	0.01	3001.64	2190.89	45	9422	
0.4	5.4	39	1312	74	3	7	6628	7	6628	0.008	0.00341565	0.003	0.01	946.857	590.392	60	1775	
0.4	5.4	4	1313	5	3	81	172925	81	172925	0.00749383	0.0035536	0.003	0.017	2134.88	1618.44	43	7099	
0.4	5.4	45	1314	13	3	65	84207	63	82431	0.00722222	0.00445205	0.003	0.017	1308.43	1091.69	60	4904	
0.4	5.4	40	1315	3	3	92	330849	92	330849	0.00505435	0.00320496	0.003	0.01	3596.18	2375.33	60	9422	
0.4	5.4	17	1316	10	3	2	116	2	116	0.01	0	0.01	0.01	58	2.82843	56	60	
0.4	5.4	57	1317	7	3	114	246882	114	246882	0.00809649	0.00339435	0.003	0.017	2165.63	1880.82	60	9422	
0.4	5.4	7	1318	6	3	87	206180	87	206180	0.00847126	0.00344673	0.003	0.017	2369.89	1762.29	24	8873	
0.4	5.4	2	1319	21	3	162	473027	161	470660	0.003	0	0.003	0.003	2923.35	2276.52	45	9422	
0.4	5.4	43	1320	6	3	118	337509	118	337509	0.00738983	0.00352047	0.003	0.017	2860.25	2156.95	24	9422	
0.4	5.4	22	1321	14	3	3	180	3	180	0.00766667	0.00404145	0.003	0.01	60	0	60	60	
0.4	5.4	11	1322	12	3	8	21415	8	21415	0.007375	0.00362284	0.003	0.01	2676.88	2453.7	60	7099	
0.4	5.4	1	1323	22	3	31	78233	31	78233	0.00841935	0.00297517	0.003	0.01	2523.65	1926.15	60	7099	
0.4	5.4	21	1324	19	3	12	17277	12	17277	0.00883333	0.00404145	0.003	0.017	1439.75	877.009	60	3550	
0.4	5.4	34	1326	42	3	213	253031	213	253031	0.00668075	0.00393838	0.003	0.017	1187.94	1349.44	26	9385	
0.4	5.4	23	1330	8	3	74	166996	74	166996	0.00725676	0.00344054	0.003	0.01	2256.7	1505.92	60	9422	
0.4	5.4	8	1335	8	3	146	452475	146	452475	0.00803425	0.00315663	0.003	0.01	3099.14	2227.03	21	9422	
0.4	5.4	57	1337	10	3	87	113895	86	112120	0.00747674	0.00414651	0.003	0.017	1303.72	1024.73	21	5324	
0.4	5.4	2	1339	11	3	8	10768	8	10768	0.005625	0.00362284	0.003	0.01	1346	1068.22	60	3550	
0.4	5.4	56	1343	7	3	22	79989	21	73482	0.006	0.00354965	0.003	0.01	3499.14	2816.55	57	9422	
0.4	5.4	55	1344	3	3	1	60	1	60	0.003	0	0.003	0.003	60	0	60	60	
0.4	5.4	53	1345	2	3	2	120	2	120	0.0065	0.00494975	0.003	0.01	60	0	60	60	
0.4	5.4	20	1346	7	3	58	159282	58	159282	0.00831034	0.0030216	0.003	0.01	2746.24	2662.6	45	9422	
0.4	5.4	11	1347	22	3	36	102587	36	102587	0.003	0	0.003	0.003	2849.64	2224.61	60	7099	
0.4	5.4	41	1348	64	3	20	14928	20	14928	0.00405	0.00256443	0.003	0.01	746.4	533.067	56	1980	
0.4	5.4	39	1349	14	3	3	180	3	180	0.00766667	0.00404145	0.003	0.01	60	0	60	60	
0.4	5.4	22	1350	3	3	4	3076	4	3076	0.00825	0.0035	0.003	0.01	769	535.964	60	1184	
0.4	5.4	2	1352	16	3	1	60	1	60	0.003	0	0.003	0.003	60	0	60	60	
0.4	5.4	24	1353	5	3	42	97168	42	97168	0.00733333	0.00344055	0.003	0.01	2313.52	1200.56	60	4904	
0.4	5.4	28	1354	4	3	3	180	3	180	0.00533333	0.00404145	0.003	0.01	60	0	60	60	
0.4	5.4	13	1355	9	3	66	143929	66	143929	0.00724242	0.0038593	0.003	0.017	2180.74	1907.43	60	9422	
0.4	5.4	23	1357	12	3	138	376584	138	376584	0.00771739	0.00329341	0.003	0.01	2728.87	1920.17	21	9422	
0.4	5.4	5	1359	17	3	68	269306	67	263982	0.00644776	0.00352602	0.003	0.01	3940.03	2303.63	60	9422	
0.4	5.4	7	1361	12	3	14	31476	14	31476	0.0095	0.00187083	0.003	0.01	2248.29	1354.12	60	4141	
0.4	5.4	16	1363	8	3	67	149247	67	149247	0.0071791	0.0034594	0.003	0.01	2227.57	1734.96	60	7099	
0.4	5.4	51	1364	3	3	16	51592	16	51592	0.003	0	0.003	0.003	3224.5	3151.36	45	9422	
0.4	5.4	2	1365	35	3	155	519167	155	519167	0.00417419	0.00262394	0.003	0.01	3349.46	2370.28	45	9422	
0.4	5.4	55	1366	37	3	370	405074	370	405074	0.00665135	0.00428586	0.003	0.024	1094.79	913.966	20	5861	
0.4	5.4	22	1367	16	3	62	161770	62	161770	0.00593548	0.00348237	0.003	0.01	2609.19	2206.63	60	9422	
0.4	5.4	34	1368	30	3	86	179569	86	179569	0.003	0	0.003	0.003	2088.01	1595.39	60	7690	
0.4	5.4	29	1370	19	3	47	105519	47	105519	0.003	0	0.003	0.003	2245.09	1702.08	60	9422	
0.4	5.4	39	1371	10	3	6	3672	6	3672	0.0065	0.00383406	0.003	0.01	612	426.181	60	1184	
0.4	5.4	40	1374	15	3	124	471264	124	471264	0.0046371	0.00297506	0.003	0.01	3800.52	2932.98	45	9422	
0.4	5.4	57	1375	11	3	102	207936	102	207936	0.00505882	0.00320527	0.003	0.01	2038.59	1924.5	60	9422	
0.4	5.4	2	1376	12	3	91	155788	91	155788	0.00653846	0.00409148	0.003	0.017	1711.96	1616.17	60	7708	
0.4	5.4	25	1378	7	3	153	402247	153	402247	0.00830719	0.00350241	0.003	0.017	2629.07	2168.95	36	9422	
0.4	5.4	27	1383	10	3	4	240	4	240	0.00825	0.0035	0.003	0.01	60	0	60	60	
0.4	5.4	12	1384	10	3	2	120	2	120	0.0065	0.00494975	0.003	0.01	60	0	60	60	
0.4	5.4	53	1385	21	3	122	292481	122	292481	0.00741803	0.00339138	0.003	0.01	2397.39	2522.58	45	9422	
0.4	5.4	8	1386	9	3	3	1892	2	708	0.01	0	0.01	0.01	354	415.779	60	648	
0.4	5.4	55	1387	8	3	3	180	3	180	0.00533333	0.00404145	0.003	0.01	60	0	60	60	
0.4	5.4	45	1388	15	3	156	430446	156	430446	0.00515385	0.00324117	0.003	0.01	2759.27	2228.24	60	9422	
0.4	5.4	57	1389	20	3	63	153371	63	153371	0.00544444	0.00336384	0.003	0.01	2434.46	1833.94	60	9422	
0.4	5.4	21	1390	14	3	37	86507	37	86507	0.00772973	0.00332205	0.003	0.01	2338.03	1688.33	60	6507	
0.4	5.4	41	1393	51	3	56	33391	56	33391	0.0055	0.00338446	0.003	0.01	596.268	606.699	45	2958	
0.4	5.4	7	1394	16	3	64	183075	64	183075	0.003	0	0.003	0.003	2860.55	2165.87	18	9422	
0.4	5.4	34	1396	28	3	169	151937	169	151937	0.00565089	0.00395992	0.003	0.017	899.036	820.95	60	5901	
0.4	5.4	15	1397	1	3	12	21424	12	21424	0.003	0	0.003	0.003	1785.33	1091.04	60	3550	
0.4	5.4	42	1399	11	3	58	144518	58	144518	0.003	0	0.003	0.003	2491.69	2241.37	60	9422	
0.4	5.4	37	1401	74	3	89	140996	89	140996	0.00512359	0.00323623	0.003	0.01	1584.22	971.404	58	4107	
0.4	5.4	31	1404	31	3	123	402588	123	402588	0.00607317	0.00348808	0.003	0.01	3273.07	2470.31	36	9422	
0.4	5.4	41	1405	26	3	2	120	2	120	0.01	0.00989949	0.003	0.017	60	0	60	60	
0.4	5.4	37	1406	64	3	2	120	2	120	0.0065	0.00494975	0.003	0.01	60	0	60	60	
0.4	5.4	17	1407	9	3	148	239989	147	239642	0.00747619	0.00409198	0.003	0.017	1630.22	1649.48	13	8873	
0.4	5.4	34	1408	47	3	106	119334	106	119334	0.0054434	0.00348898	0.003	0.017	1125.79	873.38	51	5024	
0.4	5.4	52	1409	51	3	66	223769	66	223769	0.00883333	0.0031505	0.003	0.017	3390.44	2429.94	60	9422	
0.4	5.4	47	1411	6	3	83	233376	83	233376	0.00924096	0.00218972	0.003	0.01	2811.76	2617.27	36	9422	
0.4	5.4	13	1412	20	3	106	359501	106	359501	0.00537736	0.00333082	0.003	0.01	3391.52	2626.37	45	9422	
0.4	5.4	41	1416	28	3	367	485609	365	483241	0.00520548	0.00325627	0.003	0.01	1323.95	1204.62	43	9422	
0.4	5.4	52	1417	27	3	148	380664	147	380072	0.00733333	0.00369437	0.003	0.017	2585.52	2015.74	28	9422	
0.4	5.4	15	1418	6	3	89	161844	89	161844	0.003	0	0.003	0.003	1818.47	1810.3	60	8282	
0.4	5.4	41	1419	34	3	265	216429	265	216429	0.00490189	0.00340424	0.003	0.017	816.713	592.24	26	4107	
0.4	5.4	57	1420	29	3	24	69934	24	69934	0.00533333	0.0033708	0.003	0.01	2913.92	1653.74	60	5324	
0.4	5.4	25	1422	14	3	66	204246	66	204246	0.00777273	0.00328538	0.003	0.01	3094.64	2431.47	60	9422	
0.4	5.4	44	1423	4	3	64	140373	64	140373	0.00715625	0.0034651	0.003	0.01	2193.33	1207.11	60	5324	
0.4	5.4	10	1424	21	3	37	70534	37	70534	0.00754054	0.00338784	0.003	0.01	1906.32	1418.04	60	5916	
