% start	end	CellId	IMSI	RNTI	LCID	nTxPDUs	TxBytes	nRxPDUs	RxBytes	delay	stdDev	min	max	PduSize	stdDev	min	max
0.4	5.4	2	3	9	3	139	282094	139	282094	0.00697842	0.00377342	0.003	0.017	2029.45	1808.29	60	9422	
0.4	5.4	27	4	11	3	86	314397	86	314397	0.0047907	0.00307214	0.003	0.01	3655.78	2229.3	60	9422	
0.4	5.4	33	5	5	3	10	31474	10	31474	0.0058	0.00361478	0.003	0.01	3147.4	2694.63	60	7708	
0.4	5.4	3	6	10	3	88	213269	88	213269	0.00872727	0.00327908	0.003	0.017	2423.51	1548.62	60	9422	
0.4	5.4	41	7	23	3	21	16114	21	16114	0.00466667	0.00305505	0.003	0.01	767.333	646.979	60	1775	
0.4	5.4	37	8	9	3	1	60	1	60	0.003	0	0.003	0.003	60	0	60	60	
0.4	5.4	49	10	15	3	188	376030	188	376030	0.00787766	0.00346116	0.003	0.017	2000.16	1702.37	60	9422	
0.4	5.4	49	11	1	3	153	462953	153	462953	0.00730065	0.00341838	0.003	0.01	3025.84	2652.6	45	9422	
0.4	5.4	8	13	23	3	76	209008	76	209008	0.003	0	0.003	0.003	2750.11	2295.38	60	9422	
0.4	5.4	12	14	9	3	124	458348	125	461898	0.007256	0.00343113	0.003	0.01	3695.18	2320.56	57	9422	
0.4	5.4	30	15	6	3	85	304228	85	304228	0.00901176	0.00245189	0.003	0.01	3579.15	2443.13	45	9422	
0.4	5.4	29	17	19	3	86	138664	87	141622	0.00621839	0.00350888	0.003	0.01	1627.84	1540.78	60	7099	
0.4	5.4	41	20	76	3	60	69992	58	67802	0.00686207	0.00397116	0.003	0.017	1169	952.935	60	4141	
0.4	5.4	37	21	10	3	122	199626	122	199626	0.00535246	0.00332017	0.003	0.01	1636.28	1474.64	60	9422	
0.4	5.4	18	23	7	3	180	545463	179	540139	0.00663687	0.00350713	0.003	0.01	3017.54	2495.82	45	9422	
0.4	5.4	52	25	10	3	4	240	4	240	0.0065	0.007	0.003	0.017	60	0	60	60	
0.4	5.4	46	26	24	3	166	558087	166	558087	0.00755422	0.00360388	0.003	0.017	3361.97	2380.45	45	9422	
0.4	5.4	47	27	8	3	5	300	5	300	0.0086	0.0031305	0.003	0.01	60	0	60	60	
0.4	5.4	7	29	1	3	1	60	1	60	0.01	0	0.01	0.01	60	0	60	60	
0.4	5.4	5	30	16	3	3	180	3	180	0.00533333	0.00404145	0.003	0.01	60	0	60	60	
0.4	5.4	14	33	7	3	297	781387	299	786712	0.00751839	0.00394026	0.003	0.017	2631.14	2360.6	45	9422	
0.4	5.4	41	34	87	3	3	1892	3	1892	0.00766667	0.00404145	0.003	0.01	630.667	562.2	60	1184	
0.4	5.4	9	35	7	3	70	249793	69	248018	0.00502898	0.00319913	0.003	0.01	3594.46	2675.43	60	9422	
0.4	5.4	18	36	4	3	11	40347	11	40347	0.00745454	0.00353167	0.003	0.01	3667.91	3455.3	60	9422	
0.4	5.4	18	37	13	3	5	4851	5	4851	0.003	0	0.003	0.003	970.2	646.413	60	1775	
0.4	5.4	1	38	6	3	179	701965	179	701965	0.00628492	0.00350318	0.003	0.01	3921.59	2557.7	45	9422	
0.4	5.4	14	39	14	3	43	78959	43	78959	0.00690698	0.0035174	0.003	0.01	1836.26	1341.11	18	4395	
0.4	5.4	57	40	7	3	80	247671	80	247671	0.009125	0.00232964	0.003	0.01	3095.89	2603.83	45	9422	
0.4	5.4	12	41	4	3	43	138569	43	138569	0.00804651	0.0035251	0.003	0.017	3222.53	2289.98	60	9422	
0.4	5.4	42	42	39	3	241	383864	242	384333	0.0077438	0.00429808	0.003	0.017	1588.15	1447.72	45	9422	
0.4	5.4	41	44	55	3	203	144734	203	144734	0.00551724	0.00343878	0.003	0.017	712.975	607.26	28	2958	
0.4	5.4	41	45	78	3	231	181602	230	181353	0.0058913	0.00375115	0.003	0.017	788.491	1081.13	34	9422	
0.4	5.4	7	46	15	3	157	627979	156	624429	0.00412179	0.00257618	0.003	0.01	4002.75	2881.35	45	9422	
0.4	5.4	18	48	10	3	157	339241	157	334122	0.0074586	0.00355811	0.003	0.017	2128.17	1585.09	36	7099	
0.4	5.4	11	49	20	3	136	498888	136	498888	0.007375	0.0036085	0.003	0.017	3668.29	2386.7	45	9422	
0.4	5.4	33	51	10	3	77	246374	77	246374	0.00354545	0.00188865	0.003	0.01	3199.66	2602.45	45	9422	
0.4	5.4	41	52	12	3	2	120	2	120	0.0065	0.00494975	0.003	0.01	60	0	60	60	
0.4	5.4	39	53	86	3	3	1892	3	1892	0.01	0	0.01	0.01	630.667	562.2	60	1184	
0.4	5.4	44	55	4	3	95	283074	96	285441	0.00759375	0.00349309	0.003	0.017	2973.34	2258.2	29	9422	
0.4	5.4	41	57	7	3	337	567315	337	567315	0.00347774	0.00176784	0.003	0.01	1683.43	1372.19	26	9422	
0.4	5.4	21	58	14	3	169	358911	169	358911	0.00548521	0.00335961	0.003	0.01	2123.73	1631.9	43	9422	
0.4	5.4	51	59	7	3	53	162239	53	162239	0.00603773	0.00350254	0.003	0.01	3061.11	2102.65	60	9422	
0.4	5.4	28	60	1	3	194	457777	194	457777	0.00797938	0.00341129	0.003	0.017	2359.68	2233.26	45	9422	
0.4	5.4	18	61	18	3	165	529931	165	529931	0.003	0	0.003	0.003	3211.7	2406.27	45	9422	
0.4	5.4	14	63	6	3	106	250538	107	259960	0.00561682	0.00390849	0.003	0.017	2429.53	1957.64	36	9422	
0.4	5.4	53	64	14	3	1	60	1	60	0.01	0	0.01	0.01	60	0	60	60	
0.4	5.4	39	65	62	3	115	162354	115	162354	0.00653043	0.0042865	0.003	0.017	1411.77	1419.01	28	8873	
0.4	5.4	43	66	13	3	143	402736	144	407131	0.00825	0.00346309	0.003	0.017	2827.3	2390.01	60	9422	
0.4	5.4	18	68	12	3	120	366516	120	366516	0.006325	0.00351028	0.003	0.01	3054.3	2153.43	45	9422	
0.4	5.4	30	69	4	3	7	8992	5	5442	0.01	0	0.01	0.01	1088.4	742.216	60	1775	
0.4	5.4	52	70	28	3	92	90151	92	90151	0.00634783	0.00421258	0.003	0.017	979.902	705.016	60	3341	
0.4	5.4	57	72	3	3	16	50410	16	50410	0.0051875	0.00335099	0.003	0.01	3150.62	2854.29	60	9422	
0.4	5.4	27	74	2	3	74	193750	74	193750	0.00716216	0.00462284	0.003	0.024	2618.24	2348.15	45	9422	
0.4	5.4	11	77	10	3	13	21425	13	21425	0.003	0	0.003	0.003	1648.08	1333.95	60	4395	
0.4	5.4	55	79	58	3	167	271387	167	271387	0.00597605	0.00347097	0.003	0.01	1625.07	1459.69	60	9422	
0.4	5.4	50	80	9	3	106	331576	106	331576	0.00927358	0.00214491	0.003	0.01	3128.08	2107.54	45	9422	
0.4	5.4	4	81	22	3	92	227375	92	227375	0.003	0	0.003	0.003	2471.47	1818.31	60	9422	
0.4	5.4	4	82	25	3	86	250421	86	250421	0.003	0	0.003	0.003	2911.87	2297.4	45	9422	
0.4	5.4	11	83	9	3	146	383081	146	383081	0.00827397	0.00313714	0.003	0.017	2623.84	1825.72	60	9422	
0.4	5.4	8	84	26	3	134	578647	133	577350	0.003	0	0.003	0.003	4340.98	2654.38	45	9422	
0.4	5.4	42	85	14	3	2	120	2	120	0.003	0	0.003	0.003	60	0	60	60	
0.4	5.4	37	88	27	3	84	123831	84	123831	0.00633333	0.00368106	0.003	0.017	1474.18	1333.68	60	9422	
0.4	5.4	11	90	15	3	72	131021	73	131613	0.00865753	0.00322843	0.003	0.017	1802.92	1527.76	60	8282	
0.4	5.4	19	91	1	3	183	406311	183	406311	0.00544809	0.00334734	0.003	0.01	2220.28	1911.92	60	9422	
0.4	5.4	52	92	67	3	88	140992	88	140992	0.00673864	0.00351187	0.003	0.01	1602.18	1166.42	7	9422	
0.4	5.4	47	93	5	3	2	708	1	60	0.01	0	0.01	0.01	60	0	60	60	
0.4	5.4	52	94	48	3	1	60	1	60	0.003	0	0.003	0.003	60	0	60	60	
0.4	5.4	51	95	5	3	8	14318	8	14318	0.005625	0.00362284	0.003	0.01	1789.75	1386.51	60	4107	
0.4	5.4	3	98	19	3	39	67127	39	67127	0.00694872	0.00502598	0.003	0.024	1721.21	1656.66	60	7746	
0.4	5.4	24	103	11	3	80	197183	80	197183	0.0079	0.00359183	0.003	0.017	2464.79	1868.87	60	9422	
0.4	5.4	38	104	4	3	114	437361	113	433220	0.003	0	0.003	0.003	3833.81	2539.93	45	9422	
0.4	5.4	8	105	7	3	75	226259	75	226259	0.003	0	0.003	0.003	3016.79	1967.34	60	9422	
0.4	5.4	16	106	3	3	165	578416	165	578416	0.00758182	0.00333875	0.003	0.01	3505.55	2312.34	45	9422	
0.4	5.4	5	108	7	3	118	462309	118	462309	0.00590678	0.00346407	0.003	0.01	3917.87	2529.26	45	9422	
0.4	5.4	23	109	20	3	113	383628	112	381261	0.0079375	0.00320552	0.003	0.01	3404.12	2174.02	36	9422	
0.4	5.4	20	110	17	3	157	387140	157	387140	0.00781529	0.00353158	0.003	0.017	2465.86	2360.75	45	9422	
0.4	5.4	39	111	51	3	1	60	1	60	0.003	0	0.003	0.003	60	0	60	60	
0.4	5.4	1	112	19	3	166	484996	166	484996	0.00835542	0.00343955	0.003	0.017	2921.66	2500.99	36	9422	
0.4	5.4	52	114	8	3	1	60	1	60	0.003	0	0.003	0.003	60	0	60	60	
0.4	5.4	37	117	7	3	83	94187	81	93685	0.00567901	0.00407685	0.003	0.017	1156.6	874.97	28	4308	
0.4	5.4	12	119	16	3	79	155790	78	153423	0.00757692	0.00404044	0.003	0.017	1966.96	1620.91	13	8282	
0.4	5.4	42	121	37	3	63	155745	63	155745	0.00677778	0.00351698	0.003	0.01	2472.14	2506.02	60	8873	
0.4	5.4	5	122	28	3	42	84170	42	84170	0.00716667	0.00380575	0.003	0.017	2004.05	1911.15	60	8873	
0.4	5.4	57	123	11	3	63	248615	63	248615	0.009	0.00246916	0.003	0.01	3946.27	2497.8	57	9422	
0.4	5.4	10	124	4	3	4	240	4	240	0.00825	0.0035	0.003	0.01	60	0	60	60	
0.4	5.4	3	127	6	3	48	130287	48	130287	0.00664583	0.00353397	0.003	0.01	2714.31	2300.99	60	9422	
0.4	5.4	20	128	3	3	100	325303	100	325303	0.00755	0.00335561	0.003	0.01	3253.03	2565.35	60	9422	
0.4	5.4	45	129	4	3	172	308540	172	308540	0.00731395	0.00416968	0.003	0.017	1793.84	1422.47	60	6507	
0.4	5.4	27	130	8	3	19	62834	19	62834	0.0048421	0.0031669	0.003	0.01	3307.05	2632.62	60	9422	
0.4	5.4	40	131	22	3	191	650380	192	651564	0.00755729	0.00370889	0.003	0.017	3393.56	2402.86	36	9422	
0.4	5.4	4	132	3	3	139	400238	139	400238	0.00541727	0.00364533	0.003	0.017	2879.41	2127.16	60	9422	
0.4	5.4	37	134	41	3	274	383301	274	383301	0.00593796	0.00380666	0.003	0.017	1398.91	1340.51	60	9422	
0.4	5.4	22	135	10	3	39	129095	39	129095	0.003	0	0.003	0.003	3310.13	2425.75	60	9422	
0.4	5.4	40	136	9	3	47	86511	47	86511	0.00389362	0.00236123	0.003	0.01	1840.66	1798	60	7099	
0.4	5.4	34	137	52	3	87	110264	88	110781	0.00610227	0.00409103	0.003	0.017	1258.88	943.32	60	4391	
0.4	5.4	20	143	12	3	114	372285	114	372285	0.003	0	0.003	0.003	3265.66	2105.5	45	9422	
0.4	5.4	45	147	25	3	111	306767	111	306767	0.00432432	0.00275405	0.003	0.01	2763.67	2195.19	45	9422	
0.4	5.4	27	149	17	3	57	101336	57	101336	0.00864912	0.00406418	0.003	0.017	1777.82	1354.1	60	7099	
0.4	5.4	29	150	18	3	111	150529	111	150529	0.00609009	0.00349168	0.003	0.01	1356.12	1225.76	60	5324	
0.4	5.4	15	153	7	3	109	390135	109	390135	0.00788073	0.003231	0.003	0.01	3579.22	2156.74	60	9422	
0.4	5.4	11	154	16	3	43	136202	42	132652	0.0085	0.0029071	0.003	0.01	3158.38	2448.92	60	9422	
0.4	5.4	23	155	17	3	68	203072	68	203072	0.00804412	0.00316432	0.003	0.01	2986.35	1933.16	60	7690	
0.4	5.4	14	156	13	3	67	175877	68	178244	0.00557353	0.00340025	0.003	0.01	2621.24	2025.55	60	9422	
0.4	5.4	2	157	31	3	135	255208	135	255208	0.00626667	0.003708	0.003	0.017	1890.43	1392.35	60	9422	
0.4	5.4	54	158	5	3	105	226777	105	226777	0.00793333	0.003352	0.003	0.017	2159.78	1344.16	60	6882	
0.4	5.4	36	160	5	3	140	386629	140	386629	0.00795	0.00319695	0.003	0.01	2761.64	1885.3	36	9422	
0.4	5.4	44	161	20	3	107	394164	107	394164	0.003	0	0.003	0.003	3683.78	2037.44	60	9422	
0.4	5.4	28	162	2	3	122	451793	122	451793	0.00305738	0.00063375	0.003	0.01	3703.22	2399.53	45	9422	
0.4	5.4	55	163	55	3	2	708	2	708	0.01	0.00989949	0.003	0.017	354	415.779	60	648	
0.4	5.4	28	164	13	3	17	45674	17	45674	0.0087647	0.00275067	0.003	0.01	2686.71	2352.21	60	8873	
0.4	5.4	55	165	11	3	7	420	7	420	0.006	0.00374166	0.003	0.01	60	0	60	60	
0.4	5.4	40	166	12	3	49	86540	49	86540	0.00828571	0.0039211	0.003	0.017	1766.12	1159.81	60	5324	
0.4	5.4	37	171	46	3	160	242118	158	240490	0.00583544	0.00344726	0.003	0.01	1522.09	1576.19	11	9422	
0.4	5.4	42	172	29	3	26	69463	26	69463	0.00730769	0.00347297	0.003	0.01	2671.65	2625.32	60	9422	
0.4	5.4	11	173	7	3	36	106624	36	106624	0.00572222	0.00346089	0.003	0.01	2961.78	2751.18	60	9422	
0.4	5.4	40	174	4	3	64	151598	63	151006	0.00711111	0.00347392	0.003	0.01	2396.92	1722.14	60	7690	
0.4	5.4	47	175	13	3	64	127953	63	125586	0.00766667	0.00332634	0.003	0.01	1993.43	1707.66	18	9422	
0.4	5.4	15	179	6	3	71	165929	71	165929	0.00783098	0.00326009	0.003	0.01	2337.03	1409.78	60	6882	
0.4	5.4	53	180	6	3	179	635813	178	631672	0.00441573	0.00281966	0.003	0.01	3548.72	2869.19	45	9422	
0.4	5.4	21	181	13	3	206	590563	207	591211	0.00573913	0.00342458	0.003	0.01	2856.09	2482.05	36	9422	
0.4	5.4	35	182	3	3	1	60	1	60	0.01	0	0.01	0.01	60	0	60	60	
0.4	5.4	3	183	22	3	59	174675	59	174675	0.00537288	0.00334199	0.003	0.01	2960.59	2591.42	45	9422	
0.4	5.4	16	184	5	3	104	321636	104	321636	0.00407692	0.00253784	0.003	0.01	3092.65	2365.35	45	9422	
0.4	5.4	35	185	6	3	6	8992	6	8992	0.01	0	0.01	0.01	1498.67	1204.42	60	3550	
0.4	5.4	39	188	66	3	146	268264	146	268264	0.00640411	0.00421095	0.003	0.017	1837.42	2058.45	60	9422	
0.4	5.4	13	189	5	3	53	98467	52	97283	0.00878846	0.00301198	0.003	0.017	1870.83	1841.17	60	9422	
0.4	5.4	34	191	59	3	177	361183	177	361183	0.00533333	0.00330919	0.003	0.01	2040.58	1478.23	60	9422	
0.4	5.4	49	192	9	3	31	88395	31	88395	0.00796774	0.0032299	0.003	0.01	2851.45	2202.63	45	9422	
0.4	5.4	2	193	5	3	261	1233402	260	1233342	0.003	0	0.003	0.003	4743.62	3091.03	45	9422	
0.4	5.4	55	194	53	3	125	206370	125	206370	0.005408	0.00333867	0.003	0.01	1650.96	1135.62	50	5324	
0.4	5.4	8	195	21	3	114	211410	114	211410	0.00760526	0.00393221	0.003	0.017	1854.47	1722.8	60	9422	
0.4	5.4	28	196	5	3	1	60	1	60	0.01	0	0.01	0.01	60	0	60	60	
0.4	5.4	26	197	11	3	171	651057	171	651057	0.003	0	0.003	0.003	3807.35	2352.43	45	9422	
0.4	5.4	32	198	2	3	115	371811	115	371811	0.00732174	0.00341706	0.003	0.01	3233.14	2718.78	45	9422	
0.4	5.4	24	199	7	3	136	425664	136	425664	0.0087647	0.00293696	0.003	0.017	3129.88	2413.87	45	9422	
0.4	5.4	16	202	22	3	10	15505	10	15505	0.0051	0.00338132	0.003	0.01	1550.5	850.79	60	2961	
0.4	5.4	11	206	18	3	6	8992	6	8992	0.01	0	0.01	0.01	1498.67	1204.42	60	3550	
0.4	5.4	42	207	40	3	109	378326	109	378326	0.003	0	0.003	0.003	3470.88	2201.06	60	9422	
0.4	5.4	11	210	14	3	25	64622	25	64622	0.00468	0.00305123	0.003	0.01	2584.88	2187.3	60	9422	
0.4	5.4	25	212	3	3	48	168732	47	167548	0.00910638	0.00236123	0.003	0.01	3564.85	2363.58	60	9422	
0.4	5.4	14	214	25	3	96	280004	96	280004	0.00511458	0.003231	0.003	0.01	2916.71	1928.97	45	9422	
0.4	5.4	16	216	9	3	116	365881	116	365881	0.00656034	0.00351466	0.003	0.01	3154.15	2208.4	60	9422	
0.4	5.4	52	218	66	3	237	351984	238	353168	0.00667647	0.00424964	0.003	0.017	1483.9	1251.26	50	7099	
0.4	5.4	2	221	16	3	184	353027	184	353027	0.00771739	0.00395556	0.003	0.024	1918.63	1901.19	44	9422	
0.4	5.4	41	222	36	3	219	177481	219	177481	0.00523744	0.00327182	0.003	0.01	810.416	687.668	33	4395	
0.4	5.4	39	223	16	3	4	240	4	240	0.0065	0.00404145	0.003	0.01	60	0	60	60	
0.4	5.4	37	226	47	3	1	592	1	592	0.01	0	0.01	0.01	592	0	592	592	
0.4	5.4	41	227	69	3	212	267932	210	264332	0.00566667	0.00340747	0.003	0.01	1258.72	1080.23	13	5324	
0.4	5.4	38	228	8	3	42	68188	42	68188	0.00766667	0.00368031	0.003	0.017	1623.52	1277.55	60	5324	
0.4	5.4	39	229	22	3	258	378999	258	378999	0.00576744	0.00342913	0.003	0.01	1468.99	1314.94	60	9422	
0.4	5.4	23	230	7	3	34	71840	34	71840	0.00794118	0.00323748	0.003	0.01	2112.94	1996.74	45	9422	
0.4	5.4	26	234	8	3	90	213744	90	213744	0.00797778	0.0031905	0.003	0.01	2374.93	1780.41	60	8873	
0.4	5.4	55	235	26	3	75	90828	75	90828	0.00598667	0.0038467	0.003	0.017	1211.04	1189.52	60	7690	
0.4	5.4	55	237	60	3	58	96588	57	95996	0.0048421	0.00310983	0.003	0.01	1684.14	1948.95	45	9422	
0.4	5.4	39	238	10	3	16	14336	16	14336	0.003875	0.00239096	0.003	0.01	896	598.292	60	1836	
0.4	5.4	45	239	26	3	150	391049	150	391049	0.00743333	0.00392448	0.003	0.017	2606.99	2183.75	45	9422	
0.4	5.4	37	240	3	3	3	1186	3	1186	0.00533333	0.00404145	0.003	0.01	395.333	242.059	125	592	
0.4	5.4	34	242	3	3	359	498785	358	497601	0.00632402	0.00387277	0.003	0.017	1389.95	1055.23	18	8282	
0.4	5.4	18	243	11	3	185	683523	186	687128	0.00619892	0.00349644	0.003	0.01	3694.24	2535.86	45	9422	
0.4	5.4	26	244	5	3	163	730302	163	730302	0.003	0	0.003	0.003	4480.38	2745.1	45	9422	
0.4	5.4	38	245	7	3	3	1300	3	1300	0.003	0	0.003	0.003	433.333	324.526	60	648	
0.4	5.4	55	247	45	3	1	60	1	60	0.003	0	0.003	0.003	60	0	60	60	
0.4	5.4	34	248	20	3	1	60	1	60	0.01	0	0.01	0.01	60	0	60	60	
0.4	5.4	6	250	16	3	132	374214	132	374214	0.0059697	0.00347277	0.003	0.01	2834.95	2219.45	45	9422	
0.4	5.4	39	251	32	3	140	140601	139	139417	0.00667626	0.00448543	0.003	0.017	1003	1009.8	36	5951	
0.4	5.4	7	252	9	3	130	300757	129	299573	0.00755814	0.00367616	0.003	0.017	2322.27	1754.93	36	9422	
0.4	5.4	41	255	28	3	363	374547	363	374547	0.00575757	0.00372785	0.003	0.017	1031.81	943.791	43	8282	
0.4	5.4	8	256	27	3	17	15511	17	15511	0.00629412	0.00436985	0.003	0.017	912.412	465.453	60	1775	
0.4	5.4	13	257	22	3	25	65207	25	65207	0.0086	0.00285774	0.003	0.01	2608.28	2214.01	60	8670	
0.4	5.4	5	260	11	3	77	220944	77	220944	0.00672727	0.00351552	0.003	0.01	2869.4	2387.39	57	9422	
0.4	5.4	6	262	6	3	54	142726	54	142726	0.00857407	0.00284573	0.003	0.01	2643.07	1971	60	8873	
0.4	5.4	6	263	20	3	56	136811	56	136811	0.006125	0.00351135	0.003	0.01	2443.05	2019.29	60	9422	
0.4	5.4	5	264	22	3	45	146258	45	146258	0.00626667	0.00353167	0.003	0.01	3250.18	2463.6	45	9422	
0.4	5.4	39	265	70	3	122	185564	122	185564	0.00483606	0.00309187	0.003	0.01	1521.02	1228.79	45	9422	
0.4	5.4	25	266	13	3	94	327898	94	327898	0.003	0	0.003	0.003	3488.28	2311.76	60	9422	
0.4	5.4	41	267	84	3	306	388881	306	388881	0.00544771	0.00334353	0.003	0.01	1270.85	1048.05	29	7099	
0.4	5.4	53	268	16	3	182	652475	182	652475	0.00434615	0.0027664	0.003	0.01	3585.03	2612.77	45	9422	
0.4	5.4	8	270	10	3	31	46304	29	42272	0.00589655	0.00350861	0.003	0.01	1457.66	781.663	60	3491	
0.4	5.4	9	271	1	3	30	106612	30	106612	0.003	0	0.003	0.003	3553.73	2493.81	60	9422	
0.4	5.4	35	273	1	3	87	266970	88	269931	0.00880682	0.00285213	0.003	0.017	3067.4	2102.66	60	9422	
0.4	5.4	14	275	3	3	179	541529	179	541529	0.00608938	0.00348558	0.003	0.01	3025.3	1931.67	21	9422	
0.4	5.4	23	278	10	3	165	735568	166	736752	0.00392771	0.00238064	0.003	0.01	4438.27	2895.1	45	9422	
0.4	5.4	13	279	8	3	124	394186	124	394186	0.00740322	0.00351054	0.003	0.017	3178.92	2435.64	28	9422	
0.4	5.4	31	283	1	3	66	255699	66	255699	0.003	0	0.003	0.003	3874.23	2815.98	45	9422	
0.4	5.4	22	284	14	3	32	72909	32	72909	0.00715625	0.00349294	0.003	0.01	2278.41	1956.02	60	8294	
0.4	5.4	13	286	10	3	55	154080	55	154080	0.00745454	0.00339836	0.003	0.01	2801.45	2236.59	60	9422	
0.4	5.4	2	287	13	3	139	484220	139	484220	0.00496403	0.00315634	0.003	0.01	3483.6	2615.37	45	9422	
0.4	5.4	39	288	40	3	2	120	2	120	0.0065	0.00494975	0.003	0.01	60	0	60	60	
0.4	5.4	34	289	57	3	292	395932	292	395932	0.00654794	0.00420453	0.003	0.017	1355.93	1478.59	24	9422	
0.4	5.4	42	290	8	3	124	368913	124	368913	0.003	0	0.003	0.003	2975.1	2031.17	60	9422	
0.4	5.4	39	291	6	3	194	210899	194	210899	0.00642783	0.00378673	0.003	0.017	1087.11	962.58	7	9422	
0.4	5.4	39	292	65	3	3	180	3	180	0.00766667	0.00404145	0.003	0.01	60	0	60	60	
0.4	5.4	42	293	30	3	167	423851	167	423851	0.00710778	0.00393628	0.003	0.017	2538.03	2669.77	28	8873	
0.4	5.4	54	296	11	3	117	242148	117	242148	0.00844444	0.00292269	0.003	0.01	2069.64	1623.88	60	9422	
0.4	5.4	4	297	5	3	175	464177	174	463540	0.00706322	0.00392436	0.003	0.024	2664.02	2427.23	60	9422	
0.4	5.4	4	298	13	3	45	82405	45	82405	0.00797778	0.00486401	0.003	0.017	1831.22	1693.12	60	9422	
0.4	5.4	20	301	8	3	172	559364	172	559364	0.00768023	0.00347372	0.003	0.017	3252.12	2226.92	60	9422	
0.4	5.4	45	302	29	3	3	1892	3	1892	0.01	0	0.01	0.01	630.667	562.2	60	1184	
0.4	5.4	41	303	70	3	355	332641	355	333641	0.00566197	0.00375125	0.003	0.017	939.834	1146.06	7	9422	
0.4	5.4	55	304	32	3	220	535753	220	535753	0.00599091	0.00395291	0.003	0.017	2435.24	2041.1	60	9422	
0.4	5.4	45	305	14	3	65	87880	65	87880	0.00666154	0.00412415	0.003	0.017	1352	1313.04	20	7099	
0.4	5.4	34	307	16	3	243	327545	242	324587	0.00514049	0.00323186	0.003	0.01	1341.27	1269.22	36	9422	
0.4	5.4	41	308	92	3	4	1894	4	1894	0.0065	0.00404145	0.003	0.01	473.5	393.243	60	935	
0.4	5.4	18	309	19	3	189	531654	188	522187	0.00784042	0.00383428	0.003	0.017	2777.59	2245.5	60	9422	
0.4	5.4	55	310	23	3	76	152798	76	152798	0.00714474	0.00346296	0.003	0.01	2010.5	1839.09	60	9422	
0.4	5.4	37	313	23	3	228	382014	228	382014	0.00603947	0.00353874	0.003	0.017	1675.5	1628.46	43	9422	
0.4	5.4	38	314	5	3	185	583099	185	583099	0.00697297	0.00347731	0.003	0.01	3151.89	2469.18	45	9422	
0.4	5.4	7	315	3	3	67	152193	67	152193	0.00435821	0.00278906	0.003	0.01	2271.54	1870.04	60	9422	
0.4	5.4	27	319	15	3	41	96576	41	96576	0.00726829	0.00345705	0.003	0.01	2355.51	2191.07	60	9422	
0.4	5.4	43	321	11	3	13	35025	13	35025	0.003	0	0.003	0.003	2694.23	2875	60	9422	
0.4	5.4	57	322	5	3	49	146969	49	146969	0.00871428	0.00273861	0.003	0.01	2999.37	3365.33	45	9422	
0.4	5.4	13	324	1	3	95	313219	95	313219	0.003	0	0.003	0.003	3297.04	2543.48	45	9422	
0.4	5.4	49	325	6	3	78	138033	78	138033	0.00838461	0.00355378	0.003	0.017	1769.65	1484.74	60	8873	
0.4	5.4	15	326	24	3	134	573526	134	573526	0.003	0	0.003	0.003	4280.04	2225.07	45	9422	
0.4	5.4	55	330	33	3	160	166521	158	164565	0.00707595	0.00481974	0.003	0.024	1041.55	951.498	21	7487	
0.4	5.4	52	331	58	3	72	109627	72	109627	0.00620833	0.00370359	0.003	0.017	1522.6	1168.52	60	9422	
0.4	5.4	50	332	10	3	130	574580	130	574580	0.00526154	0.00328623	0.003	0.01	4419.85	2577.16	45	9422	
0.4	5.4	7	333	2	3	107	355125	106	353350	0.00583962	0.00345346	0.003	0.01	3333.49	1956.24	60	9422	
0.4	5.4	11	334	19	3	3	180	3	180	0.01	0	0.01	0.01	60	0	60	60	
0.4	5.4	55	335	22	3	18	10899	18	10899	0.00455555	0.00299455	0.003	0.01	605.5	393.512	60	1479	
0.4	5.4	25	336	12	3	42	102501	42	102501	0.008	0.00320061	0.003	0.01	2440.5	1930.6	60	9422	
0.4	5.4	24	337	3	3	62	164616	62	164616	0.0066129	0.00352674	0.003	0.01	2655.1	1536.8	60	7099	
0.4	5.4	16	338	14	3	98	293706	98	293706	0.003	0	0.003	0.003	2997	2122.35	45	9422	
0.4	5.4	52	341	73	3	2	120	2	120	0.0065	0.00494975	0.003	0.01	60	0	60	60	
0.4	5.4	55	342	6	3	148	158974	148	158974	0.00545946	0.00345107	0.003	0.017	1074.15	630.638	30	3232	
0.4	5.4	35	343	21	3	19	52193	19	52193	0.00557895	0.00346916	0.003	0.01	2747	2145.04	23	6882	
0.4	5.4	19	346	16	3	55	110193	55	110193	0.00707273	0.00348465	0.003	0.01	2003.51	2109.35	60	9422	
0.4	5.4	52	347	24	3	6	8992	6	8992	0.00416667	0.00285774	0.003	0.01	1498.67	1204.42	60	3550	
0.4	5.4	15	348	2	3	84	272872	84	272872	0.00741667	0.00339812	0.003	0.01	3248.48	2259.11	45	9422	
0.4	5.4	26	351	2	3	79	264597	79	264597	0.0088481	0.00284239	0.003	0.017	3349.33	2074.32	28	7690	
0.4	5.4	6	352	21	3	124	345097	124	345097	0.00689516	0.00349173	0.003	0.01	2783.04	2091.54	57	9422	
0.4	5.4	26	354	19	3	57	207261	57	207261	0.00840351	0.00350438	0.003	0.017	3636.16	2376.08	28	8282	
0.4	5.4	53	355	19	3	4	3667	4	3667	0.00825	0.0035	0.003	0.01	916.75	733.545	60	1775	
0.4	5.4	41	356	59	3	510	703186	507	699318	0.00554043	0.00356474	0.003	0.017	1379.33	1568.47	42	9422	
0.4	5.4	26	359	13	3	46	100247	46	100247	0.00726087	0.00345405	0.003	0.01	2179.28	1666.88	60	7099	
0.4	5.4	37	363	21	3	196	233994	196	233994	0.00575	0.00357107	0.003	0.017	1193.85	1133.48	60	9422	
0.4	5.4	32	364	7	3	112	465729	112	465729	0.007375	0.00340409	0.003	0.01	4158.29	2516.5	45	9422	
0.4	5.4	41	366	15	3	2	120	2	120	0.0065	0.00494975	0.003	0.01	60	0	60	60	
0.4	5.4	8	367	13	3	31	69958	31	69958	0.00435484	0.00281127	0.003	0.01	2256.71	1525.17	60	5664	
0.4	5.4	46	370	6	3	125	344518	125	344518	0.00804	0.00351127	0.003	0.017	2756.14	2325.59	28	9422	
0.4	5.4	44	371	8	3	197	600937	197	600937	0.00559391	0.00346227	0.003	0.017	3050.44	2096.12	45	9422	
0.4	5.4	34	373	19	3	1	60	1	60	0.01	0	0.01	0.01	60	0	60	60	
0.4	5.4	15	374	10	3	2	120	2	120	0.0065	0.00494975	0.003	0.01	60	0	60	60	
0.4	5.4	16	375	19	3	141	385715	141	385715	0.00746808	0.00337544	0.003	0.01	2735.57	2381.68	45	9422	
0.4	5.4	20	376	14	3	83	268147	83	268147	0.003	0	0.003	0.003	3230.69	2031.62	60	9422	
0.4	5.4	2	378	27	3	72	120269	72	120269	0.00815278	0.00310683	0.003	0.01	1670.4	1130.07	60	5324	
0.4	5.4	37	379	58	3	63	58773	61	57589	0.00495082	0.00341285	0.003	0.017	944.082	654.667	60	4107	
0.4	5.4	47	380	6	3	16	36799	16	36799	0.0069375	0.00358643	0.003	0.01	2299.94	2368.32	60	7099	
0.4	5.4	41	382	32	3	7	3674	5	1900	0.003	0	0.003	0.003	380	413.7	6	967	
0.4	5.4	53	384	9	3	124	400930	124	400930	0.00655645	0.00351374	0.003	0.01	3233.31	2886.09	45	9422	
0.4	5.4	49	385	16	3	18	48045	18	48045	0.00611111	0.00430989	0.003	0.017	2669.17	2097.64	60	6828	
0.4	5.4	47	386	10	3	66	200936	66	200936	0.00724242	0.00344656	0.003	0.01	3044.48	2184.27	45	9422	
0.4	5.4	43	388	18	3	51	110194	51	110194	0.00835294	0.00385655	0.003	0.017	2160.67	1737.82	60	9422	
0.4	5.4	35	389	23	3	34	106621	34	106621	0.00382353	0.00228924	0.003	0.01	3135.91	2673.14	60	9422	
0.4	5.4	17	391	9	3	83	279383	83	279383	0.00806024	0.00315204	0.003	0.01	3366.06	1818.93	60	7099	
0.4	5.4	21	393	16	3	2	120	2	120	0.0065	0.00494975	0.003	0.01	60	0	60	60	
0.4	5.4	41	394	25	3	255	235344	255	235344	0.0058	0.00365371	0.003	0.017	922.918	1034.19	4	9422	
0.4	5.4	28	396	20	3	3	180	3	180	0.00766667	0.00404145	0.003	0.01	60	0	60	60	
0.4	5.4	41	397	21	3	16	15513	16	15513	0.003875	0.00239096	0.003	0.01	969.563	506.533	60	1775	
0.4	5.4	34	398	1	3	155	331325	155	331325	0.00471613	0.00302104	0.003	0.01	2137.58	1594.37	23	9422	
0.4	5.4	42	399	34	3	26	60479	26	60479	0.003	0	0.003	0.003	2326.12	1819.34	60	9422	
0.4	5.4	54	400	15	3	66	164639	66	164639	0.00734848	0.00342162	0.003	0.01	2494.53	1432.84	60	5324	
0.4	5.4	24	401	16	3	172	577711	172	577711	0.00731395	0.00341398	0.003	0.01	3358.78	2313.44	45	9422	
0.4	5.4	37	405	8	3	2	120	2	120	0.01	0	0.01	0.01	60	0	60	60	
0.4	5.4	18	406	5	3	21	45677	21	45677	0.003	0	0.003	0.003	2175.1	1222.56	60	4141	
0.4	5.4	39	407	68	3	98	132871	98	132871	0.00642857	0.00351726	0.003	0.01	1355.83	1096.94	60	7099	
0.4	5.4	19	409	26	3	128	354217	128	354217	0.00480469	0.00375229	0.003	0.017	2767.32	2114.21	60	9422	
0.4	5.4	42	410	5	3	2	120	2	120	0.0065	0.00494975	0.003	0.01	60	0	60	60	
0.4	5.4	10	411	8	3	108	417807	108	417807	0.00526852	0.00329147	0.003	0.01	3868.58	1613.94	60	9422	
0.4	5.4	47	412	17	3	61	207203	60	203653	0.00661667	0.00352757	0.003	0.01	3394.22	2452.58	45	9422	
0.4	5.4	15	414	3	3	122	436766	123	440308	0.00669919	0.00350862	0.003	0.01	3579.74	2365.22	45	9422	
0.4	5.4	6	415	2	3	83	221648	83	221648	0.00696385	0.00349022	0.003	0.01	2670.46	2179.63	60	9422	
0.4	5.4	2	419	10	3	76	128569	76	128569	0.00806579	0.00465714	0.003	0.024	1691.7	1622.31	60	9422	
0.4	5.4	43	420	12	3	44	120354	44	120354	0.00825	0.00373621	0.003	0.017	2735.32	2541.9	38	9422	
0.4	5.4	52	421	52	3	192	315138	192	315138	0.00566146	0.00340695	0.003	0.01	1641.34	1196.28	60	9422	
0.4	5.4	44	422	19	3	42	130405	41	122123	0.00760976	0.00336064	0.003	0.01	2978.61	2710.26	60	9422	
0.4	5.4	15	423	4	3	60	194185	60	194185	0.003	0	0.003	0.003	3236.42	2259.82	45	9422	
0.4	5.4	54	424	3	3	110	359969	110	359969	0.00815454	0.00309835	0.003	0.01	3272.45	1895.39	60	9422	
0.4	5.4	37	425	56	3	133	221463	133	221463	0.0058421	0.00345061	0.003	0.01	1665.14	1795.47	60	9422	
0.4	5.4	1	427	16	3	31	72318	31	72318	0.00683871	0.00354116	0.003	0.01	2332.84	1551.82	60	5916	
0.4	5.4	53	428	5	3	20	62240	20	62240	0.0086	0.00287274	0.003	0.01	3112	3045.5	60	9422	
0.4	5.4	22	429	9	3	130	547380	130	547380	0.00768461	0.00330617	0.003	0.01	4210.62	2474.81	36	9422	
0.4	5.4	20	430	2	3	59	133974	59	133974	0.00762712	0.00334199	0.003	0.01	2270.75	2435.95	60	9422	
0.4	5.4	41	431	73	3	240	364886	240	364886	0.00323333	0.00125916	0.003	0.01	1520.36	1085.36	3	4733	
0.4	5.4	56	432	21	3	196	732017	196	732017	0.00567857	0.00341096	0.003	0.01	3734.78	2622.52	45	9422	
0.4	5.4	37	433	20	3	2	120	2	120	0.0065	0.00494975	0.003	0.01	60	0	60	60	
0.4	5.4	38	434	2	3	203	622247	203	622247	0.00796552	0.00347748	0.003	0.017	3065.26	2572.59	45	9422	
0.4	5.4	9	435	4	3	108	382564	108	382564	0.00487963	0.00311678	0.003	0.01	3542.26	2157.02	45	9422	
0.4	5.4	19	436	15	3	89	277622	89	277622	0.0054382	0.00335395	0.003	0.01	3119.35	2292.82	60	9422	
0.4	5.4	1	438	17	3	89	187121	89	187121	0.00646067	0.00351961	0.003	0.01	2102.48	1893.04	60	9422	
0.4	5.4	52	439	27	3	139	206835	139	206835	0.00647482	0.00398608	0.003	0.017	1488.02	1459.51	60	9422	
0.4	5.4	8	440	22	3	67	144654	67	144654	0.00707463	0.00368582	0.003	0.017	2159.01	1859.73	45	9422	
0.4	5.4	52	443	37	3	224	474220	225	474593	0.00573778	0.00342361	0.003	0.01	2109.3	1520.94	23	9422	
0.4	5.4	3	445	18	3	123	500052	122	499460	0.00581147	0.00344576	0.003	0.01	4093.93	2524.01	45	9422	
0.4	5.4	45	447	10	3	59	59953	59	59953	0.00466102	0.00327272	0.003	0.017	1016.15	904.971	60	4049	
0.4	5.4	33	448	8	3	16	43313	16	43313	0.0065	0.00361478	0.003	0.01	2707.06	2905.44	60	9422	
0.4	5.4	42	449	42	3	75	218573	75	218573	0.00822667	0.00306494	0.003	0.01	2914.31	2091.24	60	9422	
0.4	5.4	42	451	36	3	2	708	2	708	0.01	0	0.01	0.01	354	415.779	60	648	
0.4	5.4	55	452	21	3	2	120	2	120	0.003	0	0.003	0.003	60	0	60	60	
0.4	5.4	52	453	50	3	2	120	2	120	0.0065	0.00494975	0.003	0.01	60	0	60	60	
0.4	5.4	10	454	11	3	6	8992	6	8992	0.01	0	0.01	0.01	1498.67	1204.42	60	3550	
0.4	5.4	46	455	20	3	200	556038	200	556038	0.004365	0.00311453	0.003	0.017	2780.19	1811.19	60	9422	
0.4	5.4	9	456	11	3	51	185304	51	185304	0.00821569	0.003081	0.003	0.01	3633.41	2676.8	45	9422	
0.4	5.4	55	457	8	3	4	240	4	240	0.0065	0.00404145	0.003	0.01	60	0	60	60	
0.4	5.4	28	460	10	3	3	180	3	180	0.00766667	0.00404145	0.003	0.01	60	0	60	60	
0.4	5.4	12	462	5	3	86	335595	85	332045	0.00341176	0.00165683	0.003	0.01	3906.41	2157.71	60	9422	
0.4	5.4	19	464	22	3	100	249362	100	249362	0.003	0	0.003	0.003	2493.62	2764.7	45	9422	
0.4	5.4	42	465	43	3	61	181294	61	181294	0.003	0	0.003	0.003	2972.03	2314.31	60	9422	
0.4	5.4	37	466	5	3	199	417942	198	417350	0.00324747	0.00129598	0.003	0.01	2107.83	1966.29	60	9422	
0.4	5.4	8	469	11	3	163	466984	163	466984	0.00407362	0.00253021	0.003	0.01	2864.93	1997.85	60	9422	
0.4	5.4	53	471	22	3	192	549886	190	545157	0.0072	0.00379668	0.003	0.017	2869.25	2416.8	7	9422	
0.4	5.4	29	475	15	3	259	592550	258	590183	0.00644574	0.00366588	0.003	0.017	2287.53	2232.38	45	9422	
0.4	5.4	5	478	4	3	47	132185	47	132185	0.00776596	0.00360683	0.003	0.017	2812.45	2666.28	45	9422	
0.4	5.4	41	481	77	3	3	180	3	180	0.00766667	0.00404145	0.003	0.01	60	0	60	60	
0.4	5.4	55	482	56	3	104	199578	104	199578	0.003	0	0.003	0.003	1919.02	1342.62	60	6507	
0.4	5.4	37	483	43	3	251	341733	251	341733	0.00598406	0.00346868	0.003	0.01	1361.49	1159.74	7	9422	
0.4	5.4	37	484	31	3	130	177173	130	177173	0.00698461	0.00398833	0.003	0.017	1362.87	947.28	60	4395	
0.4	5.4	34	487	21	3	29	46284	29	46284	0.00396552	0.00245652	0.003	0.01	1596	857.677	60	2958	
0.4	5.4	28	489	14	3	154	487205	154	487205	0.00472727	0.0030277	0.003	0.01	3163.67	2168.04	60	9422	
0.4	5.4	37	490	18	3	231	362545	231	362545	0.00478788	0.00305927	0.003	0.01	1569.46	1064.57	55	7099	
0.4	5.4	13	494	6	3	40	85926	40	85926	0.0065	0.00354459	0.003	0.01	2148.15	1754.03	60	7099	
0.4	5.4	55	496	30	3	234	512827	235	517222	0.00657447	0.00350668	0.003	0.01	2200.94	1815.27	45	9422	
0.4	5.4	39	498	11	3	1	60	1	60	0.003	0	0.003	0.003	60	0	60	60	
0.4	5.4	36	499	10	3	56	174069	56	174069	0.00675	0.00352265	0.003	0.01	3108.38	2789.54	60	9422	
0.4	5.4	34	501	11	3	1	60	1	60	0.003	0	0.003	0.003	60	0	60	60	
0.4	5.4	55	502	20	3	91	162945	91	162945	0.00723077	0.00388752	0.003	0.017	1790.6	1589.69	60	9422	
0.4	5.4	4	504	4	3	28	51014	28	51014	0.00775	0.00332916	0.003	0.01	1821.93	1308.27	60	4733	
0.4	5.4	17	505	18	3	152	450531	152	450531	0.00848026	0.00350396	0.003	0.017	2964.02	2783.18	45	9422	
0.4	5.4	32	506	5	3	78	231565	78	231565	0.00955128	0.00172565	0.003	0.01	2968.78	1993.58	60	7099	
0.4	5.4	39	511	47	3	136	109860	136	109860	0.00536765	0.00363687	0.003	0.017	807.794	798.636	60	6236	
0.4	5.4	44	513	14	3	73	155770	73	155770	0.00779452	0.00366651	0.003	0.017	2133.84	1401.96	21	5664	
0.4	5.4	35	515	17	3	87	285438	87	285438	0.00782759	0.00325722	0.003	0.01	3280.9	2372.69	60	9422	
0.4	5.4	40	516	16	3	125	422226	125	422226	0.0072	0.00344309	0.003	0.01	3377.81	2670.61	45	9422	
0.4	5.4	39	517	36	3	181	243376	181	243376	0.00640331	0.00387697	0.003	0.017	1344.62	1274.19	44	9422	
0.4	5.4	55	519	57	3	70	70593	70	70593	0.0063	0.00371581	0.003	0.017	1008.47	656.165	60	2958	
0.4	5.4	39	524	54	3	117	165315	117	165315	0.00581196	0.00344647	0.003	0.01	1412.95	952.21	60	7708	
0.4	5.4	29	525	13	3	53	115521	53	115521	0.00709434	0.00348218	0.003	0.01	2179.64	1342.89	60	5324	
0.4	5.4	54	527	6	3	138	436204	137	435612	0.00841606	0.0030598	0.003	0.017	3179.65	2384.53	36	9422	
0.4	5.4	21	530	26	3	1	60	1	60	0.01	0	0.01	0.01	60	0	60	60	
0.4	5.4	34	531	25	3	173	195634	173	195634	0.00595376	0.00346715	0.003	0.01	1130.83	1058.62	60	5861	
0.4	5.4	53	532	26	3	53	140360	53	140360	0.00366038	0.00206568	0.003	0.01	2648.3	2445.22	60	9422	
0.4	5.4	23	534	9	3	2	120	2	120	0.0065	0.00494975	0.003	0.01	60	0	60	60	
0.4	5.4	4	536	27	3	167	581155	167	581155	0.00522156	0.00326796	0.003	0.01	3479.97	2433.3	45	9422	
0.4	5.4	41	537	88	3	191	283272	191	283272	0.00406283	0.00251861	0.003	0.01	1483.1	1542.47	55	9422	
0.4	5.4	23	539	16	3	74	201889	74	201889	0.00678378	0.00351229	0.003	0.01	2728.23	2282.39	60	9422	
0.4	5.4	11	540	2	3	79	181802	79	181802	0.00822785	0.00379591	0.003	0.017	2301.29	1694.12	60	7690	
0.4	5.4	17	542	20	3	1	60	1	60	0.003	0	0.003	0.003	60	0	60	60	
0.4	5.4	15	546	8	3	24	57523	24	57523	0.00825	0.00309628	0.003	0.01	2396.79	1782.23	60	8223	
0.4	5.4	45	547	8	3	114	167164	114	167164	0.00735965	0.00377023	0.003	0.017	1466.35	1082.42	60	4733	
0.4	5.4	51	548	1	3	19	58097	19	58097	0.00705263	0.0035508	0.003	0.01	3057.74	1840.9	60	5916	
0.4	5.4	51	549	8	3	57	190277	57	190277	0.00864912	0.00278703	0.003	0.01	3338.19	2242.54	45	9422	
0.4	5.4	41	550	52	3	206	150927	206	150927	0.00612621	0.00405855	0.003	0.017	732.655	665.933	42	4139	
0.4	5.4	3	552	20	3	53	184726	53	184726	0.00762264	0.00361741	0.003	0.017	3485.4	2808.13	45	9422	
0.4	5.4	52	554	49	3	213	385537	213	385537	0.00546479	0.00335128	0.003	0.01	1810.03	1314.61	60	9422	
0.4	5.4	41	555	54	3	229	184007	229	184007	0.00523144	0.0033981	0.003	0.017	803.524	668.814	8	3773	
0.4	5.4	48	556	5	3	102	366477	102	366477	0.00883333	0.00262163	0.003	0.01	3592.91	2615.46	45	9422	
0.4	5.4	54	557	7	3	38	85922	38	85922	0.00723684	0.00346749	0.003	0.01	2261.11	1826.56	60	9422	
0.4	5.4	22	559	12	3	7	14316	6	8992	0.003	0	0.003	0.003	1498.67	1204.42	60	3550	
0.4	5.4	39	560	44	3	3	180	3	180	0.00533333	0.00404145	0.003	0.01	60	0	60	60	
0.4	5.4	5	562	20	3	112	330876	112	330876	0.0061875	0.00350169	0.003	0.01	2954.25	1812.42	57	8873	
0.4	5.4	36	563	14	3	1	60	1	60	0.003	0	0.003	0.003	60	0	60	60	
0.4	5.4	35	564	4	3	79	290138	78	289490	0.00820513	0.00307634	0.003	0.01	3711.41	2283.67	50	9422	
0.4	5.4	15	566	1	3	84	220809	84	220809	0.00508333	0.0032197	0.003	0.01	2628.68	2360.14	60	9422	
0.4	5.4	39	568	33	3	2	120	2	120	0.003	0	0.003	0.003	60	0	60	60	
0.4	5.4	28	569	24	3	68	254644	68	254644	0.00577941	0.00345048	0.003	0.01	3744.76	2824.26	45	9422	
0.4	5.4	28	571	23	3	62	175371	62	175371	0.00593548	0.00348237	0.003	0.01	2828.56	2448.77	60	9422	
0.4	5.4	34	572	43	3	114	94348	114	94348	0.00564035	0.00410078	0.003	0.017	827.614	509.582	12	2367	
0.4	5.4	41	573	38	3	32	26195	33	28031	0.0059697	0.00429742	0.003	0.017	849.424	644.909	14	2958	
0.4	5.4	35	574	8	3	141	512495	141	512495	0.0072695	0.00342653	0.003	0.01	3634.72	2608.54	45	9422	
0.4	5.4	41	576	49	3	170	85826	170	85826	0.00514118	0.00365576	0.003	0.017	504.859	566.954	17	4395	
0.4	5.4	39	577	82	3	158	166108	158	166108	0.00521519	0.00345184	0.003	0.017	1051.32	1103.66	60	9422	
0.4	5.4	52	581	15	3	101	244178	101	244178	0.003	0	0.003	0.003	2417.6	1951.48	35	9422	
0.4	5.4	34	582	26	3	44	62401	44	62401	0.00618182	0.00438959	0.003	0.017	1418.2	1922.42	60	9422	
0.4	5.4	39	583	4	3	18	21434	18	21434	0.00455555	0.00299455	0.003	0.01	1190.78	919.152	60	3550	
0.4	5.4	15	584	20	3	22	55147	22	55147	0.00904545	0.00392158	0.003	0.017	2506.68	2268.56	60	8873	
0.4	5.4	42	587	28	3	5	5442	5	5442	0.003	0	0.003	0.003	1088.4	742.216	60	1775	
0.4	5.4	52	589	68	3	165	379476	165	379476	0.003	0	0.003	0.003	2299.85	1524.5	60	8873	
0.4	5.4	4	593	10	3	29	44517	29	44517	0.00396552	0.00245652	0.003	0.01	1535.07	1001.06	60	3550	
0.4	5.4	49	594	11	3	106	157019	106	157019	0.00643396	0.00401193	0.003	0.017	1481.31	1175.03	60	4733	
0.4	5.4	45	595	30	3	103	196027	104	198985	0.00784615	0.00437062	0.003	0.017	1913.32	1871.57	3	9422	
0.4	5.4	57	597	9	3	16	27338	16	27338	0.0086875	0.00282179	0.003	0.01	1708.63	949.66	60	3550	
0.4	5.4	51	598	10	3	36	142698	36	142698	0.00630555	0.00354417	0.003	0.01	3963.83	2624.13	60	9422	
0.4	5.4	34	599	9	3	116	131598	116	131598	0.00559483	0.00375321	0.003	0.017	1134.47	891.969	23	4733	
0.4	5.4	25	600	16	3	59	129721	59	129721	0.00679661	0.00351734	0.003	0.01	2198.66	1823.75	60	7099	
0.4	5.4	41	602	75	3	297	292904	293	289566	0.00679863	0.00427125	0.003	0.017	988.28	847.413	23	4395	
0.4	5.4	39	603	23	3	1	592	1	592	0.003	0	0.003	0.003	592	0	592	592	
0.4	5.4	32	605	4	3	103	394971	103	394971	0.00578641	0.00344324	0.003	0.01	3834.67	3052.41	45	9422	
0.4	5.4	37	607	19	3	218	352270	217	351175	0.00593548	0.00346216	0.003	0.01	1618.32	1372.89	60	9422	
0.4	5.4	11	609	11	3	47	155139	49	156323	0.00614286	0.00351781	0.003	0.01	3190.27	2575.34	45	9422	
0.4	5.4	5	611	21	3	127	578636	127	578636	0.00415748	0.0026108	0.003	0.01	4556.19	2798.41	45	9422	
0.4	5.4	53	612	8	3	140	410196	140	410196	0.0072	0.0034416	0.003	0.01	2929.97	2525.92	45	9422	
0.4	5.4	2	613	29	3	108	133367	108	133367	0.00662963	0.00422408	0.003	0.017	1234.88	801.966	21	4733	
0.4	5.4	41	616	13	3	2	120	2	120	0.0065	0.00494975	0.003	0.01	60	0	60	60	
0.4	5.4	19	618	3	3	4	240	4	240	0.0065	0.00404145	0.003	0.01	60	0	60	60	
0.4	5.4	41	620	58	3	252	170264	252	170264	0.00602778	0.00404595	0.003	0.017	675.651	558.657	5	4082	
0.4	5.4	13	621	17	3	48	118580	47	116600	0.00702128	0.00349838	0.003	0.01	2480.85	2272.31	60	9422	
0.4	5.4	3	622	17	3	124	544312	124	544312	0.00537097	0.00332634	0.003	0.01	4389.61	2628.23	45	9422	
0.4	5.4	23	623	4	3	17	32660	17	32660	0.00711765	0.0035511	0.003	0.01	1921.18	1237.24	60	4141	
0.4	5.4	41	624	31	3	28	17315	28	17315	0.00425	0.00273015	0.003	0.01	618.393	441.947	50	1775	
0.4	5.4	39	625	28	3	92	112039	92	112039	0.0065	0.00408562	0.003	0.017	1217.82	1040.96	19	5916	
0.4	5.4	19	626	25	3	65	182973	65	182973	0.00590769	0.00347636	0.003	0.01	2814.97	2307.44	60	9422	
0.4	5.4	39	628	1	3	96	195443	96	195443	0.003	0	0.003	0.003	2035.86	1403.16	60	5324	
0.4	5.4	26	629	9	3	79	251100	79	251100	0.00627848	0.0035153	0.003	0.01	3178.48	1970.02	60	9422	
0.4	5.4	39	631	46	3	1	60	1	60	0.003	0	0.003	0.003	60	0	60	60	
0.4	5.4	9	632	8	3	157	663457	157	663457	0.0039363	0.00239037	0.003	0.01	4225.84	2563.02	45	9422	
0.4	5.4	33	633	15	3	65	279491	65	279491	0.00730769	0.00343203	0.003	0.01	4299.86	3323.88	45	9422	
0.4	5.4	55	634	48	3	132	148747	132	148747	0.00745454	0.00451691	0.003	0.017	1126.87	1144.52	58	9422	
0.4	5.4	13	635	9	3	4	240	4	240	0.00475	0.0035	0.003	0.01	60	0	60	60	
0.4	5.4	52	636	20	3	149	248721	149	248721	0.00539597	0.00333252	0.003	0.01	1669.27	1407.69	60	7708	
0.4	5.4	39	639	48	3	44	41709	42	39432	0.0055	0.00403793	0.003	0.017	938.857	1012.44	60	5861	
0.4	5.4	55	641	62	3	168	228673	168	228673	0.00654167	0.00383	0.003	0.017	1361.15	1014.03	40	5861	
0.4	5.4	55	643	43	3	176	521461	176	521461	0.003	0	0.003	0.003	2962.85	2314.65	45	9422	
0.4	5.4	11	644	3	3	142	329292	141	329292	0.00771631	0.00414096	0.003	0.017	2335.4	1995.01	45	9422	
0.4	5.4	14	645	19	3	177	592543	177	592543	0.00371186	0.00212173	0.003	0.01	3347.7	2344.1	60	9422	
0.4	5.4	31	648	3	3	150	676930	150	676930	0.00780667	0.00325782	0.003	0.01	4512.87	2736.21	45	9422	
0.4	5.4	4	650	21	3	52	122035	52	122035	0.00623077	0.00352368	0.003	0.01	2346.83	1794.86	60	7099	
0.4	5.4	10	652	12	3	153	712444	153	712444	0.0030915	0.00079769	0.003	0.01	4656.5	2962.38	45	9422	
0.4	5.4	42	655	6	3	3	180	3	180	0.003	0	0.003	0.003	60	0	60	60	
0.4	5.4	41	657	47	3	218	151296	218	151296	0.00576147	0.00368306	0.003	0.017	694.018	626.731	15	4139	
0.4	5.4	44	658	3	3	152	534044	153	536411	0.00798693	0.00327869	0.003	0.017	3505.95	2423.93	60	9422	
0.4	5.4	25	659	6	3	5	300	5	300	0.01	0.00494975	0.003	0.017	60	0	60	60	
0.4	5.4	55	660	46	3	199	335292	199	335292	0.0069397	0.00447624	0.003	0.017	1684.88	1586.27	24	9422	
0.4	5.4	7	662	4	3	158	479059	158	479059	0.00747468	0.00337223	0.003	0.01	3032.02	1995.33	60	9422	
0.4	5.4	55	663	34	3	194	323193	194	322649	0.0065	0.00410894	0.003	0.017	1663.14	1517	16	9422	
0.4	5.4	1	664	12	3	140	521322	141	523097	0.00597872	0.0034733	0.003	0.01	3709.91	2558.01	45	9422	
0.4	5.4	38	666	3	3	169	646103	170	647287	0.00538823	0.00332854	0.003	0.01	3807.57	2184.46	45	9422	
0.4	5.4	52	667	3	3	4	240	4	240	0.0065	0.00404145	0.003	0.01	60	0	60	60	
0.4	5.4	35	668	11	3	45	142715	45	142715	0.00766667	0.00333712	0.003	0.01	3171.44	2199.99	60	9422	
0.4	5.4	45	669	20	3	104	139865	104	139865	0.00623077	0.00424317	0.003	0.017	1344.86	1112	4	5163	
0.4	5.4	55	670	7	3	28	59297	28	59297	0.003	0	0.003	0.003	2117.75	1991.95	60	9422	
0.4	5.4	46	671	21	3	71	164626	72	168767	0.00815278	0.00310683	0.003	0.01	2343.99	2142.76	45	9422	
0.4	5.4	52	674	36	3	10	15504	10	15504	0.0044	0.00295146	0.003	0.01	1550.4	932.531	60	3550	
0.4	5.4	1	675	23	3	58	216670	58	216670	0.003	0	0.003	0.003	3735.69	2789.69	45	9422	
0.4	5.4	43	677	6	3	96	222069	96	222069	0.00817708	0.00383336	0.003	0.017	2313.22	1527.79	60	5916	
0.4	5.4	47	679	12	3	39	74703	39	74703	0.0071282	0.00384009	0.003	0.017	1915.46	1461.87	60	6743	
0.4	5.4	19	680	8	3	114	418542	114	418542	0.003	0	0.003	0.003	3671.42	2797.32	45	9422	
0.4	5.4	49	681	18	3	1	60	1	60	0.01	0	0.01	0.01	60	0	60	60	
0.4	5.4	27	682	3	3	150	467091	150	467091	0.00813333	0.00426578	0.003	0.024	3113.94	2459.14	45	9422	
0.4	5.4	52	683	4	3	1	60	1	60	0.01	0	0.01	0.01	60	0	60	60	
0.4	5.4	41	684	41	3	1	60	1	60	0.003	0	0.003	0.003	60	0	60	60	
0.4	5.4	18	685	17	3	18	29709	18	29709	0.00844444	0.00383823	0.003	0.017	1650.5	1356.62	60	4395	
0.4	5.4	28	687	11	3	99	326122	98	322572	0.003	0	0.003	0.003	3291.55	2161.57	60	9422	
0.4	5.4	5	689	26	3	144	378246	143	375879	0.00720979	0.00353823	0.003	0.017	2628.52	1795.07	60	9422	
0.4	5.4	39	690	31	3	80	123348	80	123348	0.0078125	0.0043982	0.003	0.017	1541.85	1497.83	5	9422	
0.4	5.4	38	692	14	3	148	318614	148	318614	0.00782432	0.00354508	0.003	0.017	2152.8	1817.02	60	8282	
0.4	5.4	51	693	2	3	109	540143	109	540143	0.00711009	0.00346234	0.003	0.01	4955.44	2818.43	36	9422	
0.4	5.4	55	694	16	3	30	27360	30	27360	0.00603333	0.00475237	0.003	0.017	912	634.271	60	2958	
0.4	5.4	37	696	14	3	3	180	3	180	0.00533333	0.00404145	0.003	0.01	60	0	60	60	
0.4	5.4	41	697	50	3	4	712	4	712	0.003	0	0.003	0.003	178	180.988	22	421	
0.4	5.4	5	698	10	3	75	143934	75	143934	0.00757333	0.0039014	0.003	0.017	1919.12	1505.05	60	7099	
0.4	5.4	20	699	15	3	53	72347	53	72347	0.00683019	0.00424597	0.003	0.017	1365.04	996.525	60	4141	
0.4	5.4	18	700	15	3	109	291374	109	291374	0.00434862	0.00277347	0.003	0.01	2673.16	2117.5	60	9422	
0.4	5.4	8	702	16	3	63	193600	63	193600	0.003	0	0.003	0.003	3073.02	2240.57	45	9422	
0.4	5.4	39	704	72	3	147	149989	147	149989	0.00595238	0.00392277	0.003	0.017	1020.33	1090.27	27	9422	
0.4	5.4	37	708	54	3	68	82537	69	83680	0.00553623	0.00338934	0.003	0.01	1212.75	852.251	60	5497	
0.4	5.4	53	709	3	3	65	149831	65	149831	0.00655385	0.00352682	0.003	0.01	2305.09	1705.81	60	9422	
0.4	5.4	25	710	9	3	61	152189	61	152189	0.00759016	0.00358877	0.003	0.017	2494.9	2031.6	60	7690	
0.4	5.4	45	711	15	3	126	197360	126	197360	0.00694444	0.0040086	0.003	0.017	1566.35	1607.48	36	9422	
0.4	5.4	43	712	7	3	4	3667	4	3667	0.00475	0.0035	0.003	0.01	916.75	733.545	60	1775	
0.4	5.4	21	715	5	3	150	240443	150	240443	0.00724667	0.00352543	0.003	0.017	1602.95	1018.28	60	5528	
0.4	5.4	42	716	12	3	30	53970	30	53970	0.00743333	0.00389237	0.003	0.017	1799	1475.68	60	5916	
0.4	5.4	10	719	9	3	83	268842	82	267067	0.00889024	0.00257244	0.003	0.01	3256.91	2048.86	60	9422	
0.4	5.4	53	721	7	3	40	45705	40	45705	0.00825	0.00411844	0.003	0.017	1142.62	664.883	60	2958	
0.4	5.4	51	722	3	3	126	453680	126	453680	0.00366667	0.00206301	0.003	0.01	3600.63	2557.39	60	9422	
0.4	5.4	43	723	4	3	142	519649	142	521424	0.00773239	0.00328745	0.003	0.01	3672	2725.64	45	9422	
0.4	5.4	43	724	8	3	2	120	2	120	0.0065	0.00494975	0.003	0.01	60	0	60	60	
0.4	5.4	13	726	14	3	118	386006	118	386006	0.00632203	0.00351038	0.003	0.01	3271.24	2324.42	60	9422	
0.4	5.4	42	728	38	3	188	416410	188	416410	0.00705851	0.00415241	0.003	0.017	2214.95	1742.77	60	9422	
0.4	5.4	41	729	34	3	226	209317	226	209317	0.00600442	0.00394236	0.003	0.017	926.181	858.473	4	6584	
0.4	5.4	52	731	6	3	3	180	3	180	0.00766667	0.00404145	0.003	0.01	60	0	60	60	
0.4	5.4	44	732	15	3	166	491482	166	491482	0.00822891	0.00324112	0.003	0.017	2960.73	2334.25	45	9422	
0.4	5.4	27	733	10	3	49	104297	49	104297	0.00771428	0.00388373	0.003	0.017	2128.51	1945.43	6	7452	
0.4	5.4	37	736	17	3	171	281866	171	281866	0.00439181	0.00280205	0.003	0.01	1648.34	1653.72	43	9422	
0.4	5.4	41	738	16	3	4	240	4	240	0.003	0	0.003	0.003	60	0	60	60	
0.4	5.4	52	739	13	3	1	60	1	60	0.003	0	0.003	0.003	60	0	60	60	
0.4	5.4	6	740	9	3	90	229123	90	229123	0.00782222	0.00342357	0.003	0.017	2545.81	2211.34	45	9422	
0.4	5.4	13	743	13	3	78	248847	78	248847	0.00461538	0.00296836	0.003	0.01	3190.35	2502.53	45	9422	
0.4	5.4	20	745	21	3	60	148051	60	148051	0.0037	0.00211772	0.003	0.01	2467.52	1481.55	60	5916	
0.4	5.4	12	746	6	3	121	455792	121	455792	0.00317355	0.00109299	0.003	0.01	3766.88	2522.02	60	9422	
0.4	5.4	39	747	8	3	2	120	2	120	0.01	0	0.01	0.01	60	0	60	60	
0.4	5.4	25	748	7	3	81	234547	81	234547	0.00645679	0.00352154	0.003	0.01	2895.64	2303.63	45	9422	
0.4	5.4	43	749	15	3	81	204845	81	204845	0.00792592	0.00321628	0.003	0.01	2528.95	2118.06	36	9422	
0.4	5.4	56	750	2	3	52	117884	51	116700	0.00656863	0.00353415	0.003	0.01	2288.24	1744.05	16	7099	
0.4	5.4	55	751	9	3	16	45087	16	45087	0.0065	0.00361478	0.003	0.01	2817.94	2594.2	60	9422	
0.4	5.4	3	752	7	3	49	100132	49	100132	0.00857143	0.00428174	0.003	0.017	2043.51	1512.15	60	7577	
0.4	5.4	21	753	20	3	101	239981	101	239981	0.0059802	0.00347845	0.003	0.01	2376.05	2015.81	60	9422	
0.4	5.4	45	754	5	3	24	43925	24	43925	0.003875	0.00236482	0.003	0.01	1830.21	1225.74	60	4733	
0.4	5.4	20	756	6	3	35	80015	35	80015	0.0086	0.00330952	0.003	0.017	2286.14	1478.57	60	5591	
0.4	5.4	47	757	3	3	161	694003	161	694003	0.00486956	0.00310671	0.003	0.01	4310.58	2531.93	45	9422	
0.4	5.4	8	758	15	3	44	91261	39	82974	0.00641026	0.00354459	0.003	0.01	2127.54	1430.55	60	7099	
0.4	5.4	56	760	23	3	117	382956	117	382956	0.00724786	0.00400195	0.003	0.017	3273.13	2696.18	28	9422	
0.4	5.4	56	761	11	3	131	440342	130	436201	0.00606923	0.00348683	0.003	0.01	3355.39	2188.96	45	9422	
0.4	5.4	4	762	2	3	89	186667	89	186667	0.00685393	0.00395012	0.003	0.017	2097.38	1847.01	60	9422	
0.4	5.4	47	763	15	3	115	465787	115	465787	0.0065913	0.00351412	0.003	0.01	4050.32	2102.2	60	9422	
0.4	5.4	19	766	23	3	191	442914	192	443682	0.00741146	0.00443717	0.003	0.017	2310.84	1743.84	60	9422	
0.4	5.4	52	768	31	3	189	215759	189	215759	0.00633333	0.0037217	0.003	0.017	1141.58	965.498	59	9422	
0.4	5.4	35	770	9	3	22	56328	22	56328	0.00840909	0.00300252	0.003	0.01	2560.36	1674.7	60	5861	
0.4	5.4	46	771	7	3	145	413113	145	413113	0.00333793	0.00150564	0.003	0.01	2849.06	2314.44	45	9422	
0.4	5.4	37	772	51	3	122	162928	122	162928	0.00535246	0.00332017	0.003	0.01	1335.48	1053.14	60	5861	
0.4	5.4	30	773	12	3	168	652342	168	652342	0.008625	0.00278939	0.003	0.01	3882.99	2910.02	45	9422	
0.4	5.4	24	774	18	3	152	594236	152	594236	0.003	0	0.003	0.003	3909.45	2459.47	45	9422	
0.4	5.4	12	777	14	3	97	309103	97	309103	0.00740206	0.00339933	0.003	0.01	3186.63	2651.91	19	9422	
0.4	5.4	49	778	3	3	76	186056	76	186056	0.00852631	0.00287274	0.003	0.01	2448.11	1850.39	50	9422	
0.4	5.4	43	779	9	3	73	135062	73	135062	0.00836986	0.00359979	0.003	0.017	1850.16	1290.64	48	5324	
0.4	5.4	55	780	5	3	3	180	3	180	0.01	0	0.01	0.01	60	0	60	60	
0.4	5.4	34	782	30	3	65	119800	65	119800	0.003	0	0.003	0.003	1843.08	1962.47	31	9422	
0.4	5.4	12	783	1	3	21	69339	21	69339	0.01	0	0.01	0.01	3301.86	2661.77	60	9422	
0.4	5.4	17	785	8	3	110	437340	110	437340	0.00669091	0.00351078	0.003	0.01	3975.82	2442.7	45	9422	
0.4	5.4	46	787	15	3	104	455076	104	455076	0.003	0	0.003	0.003	4375.73	2283.55	60	9422	
0.4	5.4	14	788	2	3	129	453477	129	453477	0.003	0	0.003	0.003	3515.33	2454.96	45	9422	
0.4	5.4	43	789	5	3	98	291819	98	291819	0.00828571	0.00302566	0.003	0.01	2977.74	2620.47	45	9422	
0.4	5.4	49	790	5	3	36	55762	36	55762	0.00572222	0.00346089	0.003	0.01	1548.94	1129.76	24	4141	
0.4	5.4	41	791	51	3	132	174225	132	174225	0.00432576	0.0027532	0.003	0.01	1319.89	1042.27	60	4395	
0.4	5.4	5	792	1	3	4	240	4	240	0.0065	0.00404145	0.003	0.01	60	0	60	60	
0.4	5.4	23	793	14	3	8	20232	8	20232	0.007375	0.00362284	0.003	0.01	2529	2168.16	60	5916	
0.4	5.4	39	795	2	3	174	320495	174	320495	0.00396552	0.00242076	0.003	0.01	1841.93	1437.57	60	9422	
0.4	5.4	17	797	6	3	98	271824	98	271824	0.00907143	0.00312043	0.003	0.017	2773.71	2286.04	60	9422	
0.4	5.4	16	798	7	3	15	23851	15	23851	0.00673333	0.00361478	0.003	0.01	1590.07	1272.2	60	4141	
0.4	5.4	39	801	78	3	136	119333	136	119333	0.00583088	0.00393946	0.003	0.017	877.449	755.191	60	6507	
0.4	5.4	41	802	22	3	242	331265	242	331265	0.00380992	0.00224372	0.003	0.01	1368.86	1338.11	45	9422	
0.4	5.4	1	803	7	3	219	713722	219	713722	0.00520548	0.0033275	0.003	0.017	3259	2461.77	45	9422	
0.4	5.4	41	804	74	3	164	232205	164	232205	0.00483536	0.00308823	0.003	0.01	1415.88	1458.45	4	9422	
0.4	5.4	37	805	6	3	193	272427	191	271833	0.0053089	0.00345252	0.003	0.017	1423.21	1254.48	60	9422	
0.4	5.4	55	806	3	3	4	240	4	240	0.0065	0.00404145	0.003	0.01	60	0	60	60	
0.4	5.4	18	807	1	3	129	378457	130	379389	0.0051	0.00322021	0.003	0.01	2918.38	2231.02	60	9422	
0.4	5.4	21	809	12	3	1	60	1	60	0.01	0	0.01	0.01	60	0	60	60	
0.4	5.4	53	810	17	3	135	407002	135	407002	0.00657778	0.00351217	0.003	0.01	3014.83	2864.97	45	9422	
0.4	5.4	29	815	16	3	111	289630	111	289630	0.00363063	0.00201326	0.003	0.01	2609.28	2347.68	45	9422	
0.4	5.4	29	816	3	3	158	357627	156	352300	0.00667949	0.00368254	0.003	0.017	2258.33	1695.23	57	9422	
0.4	5.4	35	817	22	3	65	218556	66	219148	0.00915151	0.0028836	0.003	0.017	3320.42	2700.16	60	9422	
0.4	5.4	12	818	15	3	183	632860	183	632860	0.00548634	0.00335919	0.003	0.01	3458.25	2544.69	45	9422	
0.4	5.4	9	819	2	3	1	60	1	60	0.01	0	0.01	0.01	60	0	60	60	
0.4	5.4	30	821	19	3	43	109811	43	109811	0.00934884	0.00205732	0.003	0.01	2553.74	2288.97	60	9422	
0.4	5.4	55	822	1	3	31	33871	31	33871	0.00570968	0.00346596	0.003	0.01	1092.61	744.773	60	3550	
0.4	5.4	21	823	6	3	97	291940	96	287799	0.0034375	0.00170332	0.003	0.01	2997.91	2264.42	60	9422	
0.4	5.4	40	824	1	3	5	3668	5	3668	0.003	0	0.003	0.003	733.6	470.86	60	1184	
0.4	5.4	42	825	35	3	90	309693	90	309693	0.003	0	0.003	0.003	3441.03	2649.31	60	9422	
0.4	5.4	47	826	14	3	198	774111	198	774111	0.00784343	0.00331597	0.003	0.017	3909.65	2553.59	60	9422	
0.4	5.4	42	828	32	3	58	126176	58	126176	0.00601724	0.00349682	0.003	0.01	2175.45	1534.17	60	7099	
0.4	5.4	41	829	11	3	2	120	1	60	0.01	0	0.01	0.01	60	0	60	60	
0.4	5.4	7	830	10	3	118	353954	117	352770	0.00539316	0.00333466	0.003	0.01	3015.13	1867.1	60	9422	
0.4	5.4	39	831	77	3	119	87839	119	87839	0.00611765	0.00434171	0.003	0.017	738.143	535.262	20	3550	
0.4	5.4	37	832	59	3	96	196137	96	196137	0.003	0	0.003	0.003	2043.09	1907.57	35	9422	
0.4	5.4	55	833	10	3	98	193078	98	193078	0.00557143	0.00394289	0.003	0.017	1970.18	1681.79	60	9422	
0.4	5.4	4	834	23	3	128	420349	128	420349	0.00496875	0.00315963	0.003	0.01	3283.98	2537.78	45	9422	
0.4	5.4	29	836	4	3	248	449423	247	447056	0.00733603	0.00399751	0.003	0.017	1809.94	1784.6	45	9422	
0.4	5.4	53	837	1	3	140	294378	140	294378	0.00775	0.00396228	0.003	0.017	2102.7	1704.73	45	9422	
0.4	5.4	3	838	8	3	72	149858	72	149858	0.00786111	0.00364752	0.003	0.017	2081.36	1588.36	60	5861	
0.4	5.4	3	839	16	3	2	120	2	120	0.01	0	0.01	0.01	60	0	60	60	
0.4	5.4	18	840	8	3	80	228643	80	228643	0.0072875	0.00343177	0.003	0.01	2858.04	2383.76	31	9422	
0.4	5.4	18	843	3	3	168	552070	168	552070	0.005	0.00317173	0.003	0.01	3286.13	2693.71	36	9422	
0.4	5.4	23	844	3	3	113	275520	113	275520	0.00566372	0.00341376	0.003	0.01	2438.23	2520.94	45	9422	
0.4	5.4	30	846	13	3	170	656971	170	656971	0.00810588	0.00311903	0.003	0.01	3864.54	2676.99	45	9422	
0.4	5.4	56	848	19	3	147	568695	147	568695	0.00495238	0.00314998	0.003	0.01	3868.67	2345.96	45	9422	
0.4	5.4	52	850	35	3	68	94243	68	94243	0.00639706	0.00391758	0.003	0.017	1385.93	1042.98	28	5664	
0.4	5.4	46	851	26	3	80	145174	80	145174	0.0057125	0.00343177	0.003	0.01	1814.67	1539.73	60	7099	
0.4	5.4	23	854	8	3	136	490832	136	490832	0.00310294	0.000845725	0.003	0.01	3609.06	2608.04	45	9422	
0.4	5.4	28	855	12	3	2	120	2	120	0.0065	0.00494975	0.003	0.01	60	0	60	60	
0.4	5.4	52	857	53	3	1	60	1	60	0.003	0	0.003	0.003	60	0	60	60	
0.4	5.4	5	858	18	3	16	31476	16	31476	0.0086875	0.00380734	0.003	0.017	1967.25	1981.72	60	7099	
0.4	5.4	4	859	14	3	144	491699	143	491107	0.00515385	0.00324213	0.003	0.01	3434.31	2875.4	6	9422	
0.4	5.4	56	861	22	3	84	223207	84	223207	0.0085	0.00361556	0.003	0.017	2657.23	2706.98	45	9422	
0.4	5.4	40	863	14	3	35	65804	34	64620	0.00814706	0.00357714	0.003	0.017	1900.59	1268.34	60	5324	
0.4	5.4	42	864	3	3	143	314471	143	314471	0.0031958	0.00115831	0.003	0.01	2199.1	1832.3	60	9422	
0.4	5.4	6	865	1	3	73	91309	73	91309	0.00683562	0.00421312	0.003	0.024	1250.81	961.447	21	4395	
0.4	5.4	10	867	1	3	95	346929	95	346929	0.00941053	0.00195424	0.003	0.01	3651.88	2530.34	60	9422	
0.4	5.4	55	868	19	3	22	17893	22	17893	0.00490909	0.00385337	0.003	0.017	813.318	540.344	60	1775	
0.4	5.4	35	869	15	3	70	277018	70	277018	0.0082	0.0030815	0.003	0.01	3957.4	2654.76	45	9422	
0.4	5.4	18	870	9	3	69	167106	69	167106	0.00644927	0.00352527	0.003	0.01	2421.83	1696.77	60	7690	
0.4	5.4	52	873	44	3	17	23199	17	23199	0.00752941	0.00344815	0.003	0.01	1364.65	867.997	60	2961	
0.4	5.4	39	874	52	3	1	60	1	60	0.01	0	0.01	0.01	60	0	60	60	
0.4	5.4	45	875	2	3	115	316707	115	316707	0.00610435	0.00349278	0.003	0.01	2753.97	1863.3	60	9422	
0.4	5.4	25	876	2	3	22	54613	22	54613	0.00936364	0.00205971	0.003	0.01	2482.41	2458.14	60	9422	
0.4	5.4	40	878	23	3	106	335844	106	335844	0.00709434	0.00346555	0.003	0.01	3168.34	2703.32	60	9422	
0.4	5.4	55	881	49	3	155	170695	155	170695	0.00602581	0.00382736	0.003	0.017	1101.26	1042.1	60	6701	
0.4	5.4	22	882	11	3	16	23789	16	23789	0.0078125	0.00335099	0.003	0.01	1486.81	835.077	60	2958	
0.4	5.4	26	883	1	3	121	389451	121	389451	0.00490909	0.0031305	0.003	0.01	3218.6	1698.43	60	7099	
0.4	5.4	52	884	34	3	100	255163	100	255163	0.00601	0.00348299	0.003	0.01	2551.63	2045.67	23	9422	
0.4	5.4	2	885	6	3	2	120	2	120	0.0065	0.00494975	0.003	0.01	60	0	60	60	
0.4	5.4	41	886	9	3	1	60	1	60	0.003	0	0.003	0.003	60	0	60	60	
0.4	5.4	6	887	14	3	3	180	3	180	0.00766667	0.00404145	0.003	0.01	60	0	60	60	
0.4	5.4	36	889	3	3	51	157505	51	157505	0.00698039	0.00350137	0.003	0.01	3088.33	1576.22	60	7099	
0.4	5.4	49	890	19	3	125	422585	126	424360	0.00588889	0.00367961	0.003	0.017	3367.94	2615.94	45	9422	
0.4	5.4	21	891	15	3	1	60	1	60	0.01	0	0.01	0.01	60	0	60	60	
0.4	5.4	7	892	7	3	100	296687	100	296687	0.003	0	0.003	0.003	2966.87	2264.43	60	9422	
0.4	5.4	51	894	4	3	122	477572	122	477572	0.00311475	0.000892547	0.003	0.01	3914.52	2319.86	45	9422	
0.4	5.4	23	895	5	3	135	286554	135	286554	0.0073037	0.00372622	0.003	0.017	2122.62	1226.6	60	5916	
0.4	5.4	41	896	18	3	327	378031	327	378031	0.00631804	0.00398268	0.003	0.017	1156.06	1262.53	36	9422	
0.4	5.4	48	897	12	3	67	272854	67	272854	0.00738806	0.00341101	0.003	0.01	4072.45	2612.31	60	9422	
0.4	5.4	52	898	30	3	104	219751	104	219751	0.00555769	0.00338709	0.003	0.01	2112.99	1461.53	60	8873	
0.4	5.4	52	899	11	3	174	370001	174	370001	0.00533333	0.00339386	0.003	0.017	2126.44	1945.2	60	9422	
0.4	5.4	33	900	6	3	11	36204	11	36204	0.00745454	0.00353167	0.003	0.01	3291.27	2962.06	60	8873	
0.4	5.4	52	902	21	3	2	120	2	120	0.0065	0.00494975	0.003	0.01	60	0	60	60	
0.4	5.4	52	905	47	3	56	72513	56	72513	0.007625	0.00427918	0.003	0.017	1294.88	922.305	60	4395	
0.4	5.4	39	907	5	3	2	120	2	120	0.003	0	0.003	0.003	60	0	60	60	
0.4	5.4	23	908	13	3	55	140942	55	140942	0.0086	0.00282581	0.003	0.01	2562.58	1465.99	60	5324	
0.4	5.4	36	909	12	3	114	416641	114	416641	0.00735965	0.00340777	0.003	0.01	3654.75	2400.55	57	9422	
0.4	5.4	34	911	50	3	232	296535	232	296535	0.00622845	0.00395258	0.003	0.017	1278.17	1193.29	60	9422	
0.4	5.4	41	913	72	3	1	60	1	60	0.017	0	0.017	0.017	60	0	60	60	
0.4	5.4	14	914	11	3	176	508991	176	508991	0.00602273	0.00363468	0.003	0.017	2891.99	1915.51	60	9422	
0.4	5.4	31	915	4	3	48	142121	48	142121	0.00460417	0.00297321	0.003	0.01	2960.85	2532.65	45	9422	
0.4	5.4	49	916	7	3	132	455251	132	455251	0.0077197	0.00351293	0.003	0.017	3448.87	2772.73	45	9422	
0.4	5.4	21	917	4	3	4	240	4	240	0.0065	0.00404145	0.003	0.01	60	0	60	60	
0.4	5.4	44	919	9	3	75	225677	75	225677	0.00729333	0.00343186	0.003	0.01	3009.03	2127.67	29	9422	
0.4	5.4	35	920	5	3	94	242148	94	242148	0.00895745	0.00289573	0.003	0.017	2576.04	2000	60	9422	
0.4	5.4	21	921	24	3	97	239894	97	239894	0.00415464	0.00261143	0.003	0.01	2473.13	1831.18	60	9422	
0.4	5.4	10	923	10	3	62	243989	62	243989	0.00762903	0.00333994	0.003	0.01	3935.31	2834.82	45	9422	
0.4	5.4	29	924	12	3	20	36218	20	36218	0.00825	0.00310983	0.003	0.01	1810.9	1500.76	60	4395	
0.4	5.4	11	927	12	3	1	60	1	60	0.017	0	0.017	0.017	60	0	60	60	
0.4	5.4	34	929	33	3	133	227431	133	227431	0.00647368	0.00418797	0.003	0.017	1710.01	1817.4	45	9422	
0.4	5.4	34	930	12	3	83	61279	83	61279	0.00586747	0.00409572	0.003	0.017	738.301	517.092	60	2196	
0.4	5.4	38	931	10	3	16	42777	16	42777	0.00825	0.0031305	0.003	0.01	2673.56	2935.28	60	9422	
0.4	5.4	52	932	14	3	2	120	2	120	0.01	0	0.01	0.01	60	0	60	60	
0.4	5.4	20	933	5	3	40	100821	40	100821	0.003	0	0.003	0.003	2520.53	2189.29	60	9422	
0.4	5.4	49	935	13	3	112	183036	112	183036	0.007625	0.0040473	0.003	0.017	1634.25	1634.42	60	8873	
0.4	5.4	4	936	8	3	131	336116	131	336116	0.00716794	0.00344886	0.003	0.01	2565.77	1958.8	60	8873	
0.4	5.4	37	937	26	3	30	23825	30	23825	0.00486667	0.00364581	0.003	0.017	794.167	588.752	60	1836	
0.4	5.4	26	938	12	3	166	655676	166	655676	0.00620482	0.00349808	0.003	0.01	3949.86	2832.26	36	9422	
0.4	5.4	52	939	39	3	71	76525	71	76525	0.00516901	0.00346817	0.003	0.017	1077.82	1084.78	23	8063	
0.4	5.4	33	941	1	3	151	695856	151	695856	0.00796026	0.00319141	0.003	0.01	4608.32	2791.36	45	9422	
0.4	5.4	8	945	18	3	1	60	1	60	0.003	0	0.003	0.003	60	0	60	60	
0.4	5.4	1	947	21	3	190	523798	192	524869	0.00741146	0.00346296	0.003	0.017	2733.69	1866.57	36	9422	
0.4	5.4	17	951	5	3	19	62236	19	62236	0.00889474	0.00262244	0.003	0.01	3275.58	1789.74	60	7099	
0.4	5.4	13	952	18	3	137	452151	137	452151	0.00540146	0.00333533	0.003	0.01	3300.37	2199.31	60	9422	
0.4	5.4	15	953	19	3	87	302584	87	302584	0.00565517	0.0034162	0.003	0.01	3477.98	3189.46	60	9422	
0.4	5.4	45	955	1	3	77	156944	77	156944	0.00463636	0.002982	0.003	0.01	2038.23	1545.78	60	9422	
0.4	5.4	17	956	7	3	3	1892	3	1892	0.00533333	0.00404145	0.003	0.01	630.667	562.2	60	1184	
0.4	5.4	34	957	54	3	140	329750	140	329750	0.00415	0.00260306	0.003	0.01	2355.36	2058.94	60	8282	
0.4	5.4	4	958	6	3	73	195976	73	195976	0.00568493	0.00342733	0.003	0.01	2684.6	2530.19	45	9422	
0.4	5.4	1	960	5	3	61	230392	61	230392	0.00644262	0.00352857	0.003	0.01	3776.92	2710.46	45	9422	
0.4	5.4	13	961	16	3	2	120	2	120	0.0065	0.00494975	0.003	0.01	60	0	60	60	
0.4	5.4	21	965	22	3	163	263538	163	263538	0.00703681	0.00363944	0.003	0.017	1616.8	1373.41	60	9422	
0.4	5.4	42	966	27	3	2	120	2	120	0.0065	0.00494975	0.003	0.01	60	0	60	60	
0.4	5.4	41	968	79	3	78	44129	78	44129	0.00605128	0.00384065	0.003	0.017	565.756	569.668	6	2958	
0.4	5.4	55	969	12	3	24	32095	24	32095	0.00416667	0.00266485	0.003	0.01	1337.29	832.165	60	3550	
0.4	5.4	54	970	14	3	113	340451	113	340451	0.00553982	0.00338071	0.003	0.01	3012.84	1996.57	45	9422	
0.4	5.4	13	974	12	3	45	87704	45	87704	0.00688889	0.00351763	0.003	0.01	1948.98	2040.89	60	9422	
0.4	5.4	39	976	84	3	198	184382	198	184382	0.00639394	0.004717	0.003	0.024	931.222	1022.79	30	8282	
0.4	5.4	46	978	4	3	166	579293	166	579293	0.003	0	0.003	0.003	3489.72	2187.65	45	9422	
0.4	5.4	8	979	3	3	140	222754	138	220180	0.00700725	0.00395688	0.003	0.017	1595.51	1147.29	60	5324	
0.4	5.4	42	981	41	3	93	212573	93	212573	0.00616129	0.00350245	0.003	0.01	2285.73	1734.8	36	9422	
0.4	5.4	17	982	4	3	86	305413	86	305413	0.003	0	0.003	0.003	3551.31	2178.9	60	8873	
0.4	5.4	2	983	2	3	124	187209	124	187209	0.00610484	0.00360401	0.003	0.017	1509.75	1335.57	60	9422	
0.4	5.4	48	984	14	3	114	609568	114	609568	0.00772807	0.00329195	0.003	0.01	5347.09	2704.9	45	9422	
0.4	5.4	17	985	1	3	80	270027	80	270027	0.0072875	0.00343177	0.003	0.01	3375.34	2459.16	60	9422	
0.4	5.4	6	986	18	3	18	35629	18	35629	0.00533333	0.0033955	0.003	0.01	1979.39	1302.97	60	5324	
0.4	5.4	21	987	9	3	87	181195	87	181195	0.00782759	0.00342768	0.003	0.017	2082.7	1350.86	60	9422	
0.4	5.4	34	990	14	3	27	91173	27	91173	0.00533333	0.00336269	0.003	0.01	3376.78	2813.24	60	9422	
0.4	5.4	27	991	18	3	109	326734	109	326734	0.00499082	0.0031725	0.003	0.01	2997.56	1786.75	60	9422	
0.4	5.4	14	992	1	3	2	708	2	708	0.01	0	0.01	0.01	354	415.779	60	648	
0.4	5.4	37	994	25	3	22	25569	22	25569	0.00681818	0.00356753	0.003	0.01	1162.23	462.251	60	1836	
0.4	5.4	24	997	4	3	72	215615	72	215615	0.00368055	0.00208837	0.003	0.01	2994.65	2296.72	45	9422	
0.4	5.4	37	998	38	3	205	327573	205	327573	0.00552683	0.00337021	0.003	0.01	1597.92	1199.18	29	9422	
0.4	5.4	6	1002	12	3	58	133861	58	133861	0.00589655	0.0034777	0.003	0.01	2307.95	1749.6	60	9422	
0.4	5.4	55	1009	47	3	53	71180	53	71180	0.00735849	0.00459973	0.003	0.017	1343.02	954.854	44	4395	
0.4	5.4	20	1011	19	3	42	142116	42	142116	0.00416667	0.00264037	0.003	0.01	3383.71	2685.11	60	9422	
0.4	5.4	12	1012	2	3	7	8994	7	8994	0.005	0.00341565	0.003	0.01	1284.86	899.171	60	2769	
0.4	5.4	22	1013	1	3	97	286595	97	286595	0.00653608	0.00351799	0.003	0.01	2954.59	2700.15	60	9422	
0.4	5.4	57	1014	8	3	189	702079	189	702079	0.00781481	0.00325226	0.003	0.01	3714.7	3009.99	36	9422	
0.4	5.4	39	1015	27	3	189	326308	188	325124	0.00437766	0.00279054	0.003	0.01	1729.38	1068.23	60	7099	
0.4	5.4	37	1016	2	3	2	120	2	120	0.003	0	0.003	0.003	60	0	60	60	
0.4	5.4	41	1017	85	3	124	189583	124	189583	0.003	0	0.003	0.003	1528.9	1524.37	4	9422	
0.4	5.4	51	1018	6	3	1	60	1	60	0.01	0	0.01	0.01	60	0	60	60	
0.4	5.4	49	1019	17	3	136	199749	136	199749	0.007375	0.0038986	0.003	0.017	1468.74	1158.65	26	4395	
0.4	5.4	1	1020	11	3	41	133240	41	133240	0.00846341	0.00293341	0.003	0.01	3249.76	2457.73	60	9422	
0.4	5.4	56	1021	12	3	79	172935	79	172935	0.00787342	0.00360686	0.003	0.017	2189.05	1951.11	60	9422	
0.4	5.4	28	1022	16	3	161	462419	160	458869	0.0072875	0.00342096	0.003	0.01	2867.93	1742.7	45	9422	
0.4	5.4	41	1023	81	3	211	194562	211	194562	0.00591943	0.00378193	0.003	0.017	922.095	877.765	51	6882	
0.4	5.4	5	1024	29	3	27	36220	27	36220	0.00688889	0.00354459	0.003	0.01	1341.48	611.005	60	2367	
0.4	5.4	36	1027	11	3	173	668219	173	668219	0.00834104	0.00298531	0.003	0.01	3862.54	2650.01	45	9422	
0.4	5.4	39	1028	76	3	3	1892	3	1892	0.00533333	0.00404145	0.003	0.01	630.667	562.2	60	1184	
0.4	5.4	37	1029	29	3	15	11369	15	11369	0.0058	0.00354965	0.003	0.01	757.933	383.554	60	1335	
0.4	5.4	55	1030	29	3	6	5444	6	5444	0.00533333	0.00361478	0.003	0.01	907.333	680.104	60	1775	
0.4	5.4	25	1032	5	3	65	208505	65	208505	0.003	0	0.003	0.003	3207.77	2542.76	45	9422	
0.4	5.4	20	1033	1	3	28	35039	28	35039	0.00775	0.00332916	0.003	0.01	1251.39	654.953	60	2958	
0.4	5.4	17	1034	17	3	3	180	3	180	0.00766667	0.00404145	0.003	0.01	60	0	60	60	
0.4	5.4	37	1035	48	3	2	120	2	120	0.0135	0.00494975	0.01	0.017	60	0	60	60	
0.4	5.4	25	1036	15	3	92	309082	92	309082	0.00817391	0.00309061	0.003	0.01	3359.59	2144.37	60	8873	
0.4	5.4	51	1037	14	3	19	63424	19	63424	0.00668421	0.00359092	0.003	0.01	3338.11	2802.49	60	9422	
0.4	5.4	52	1038	64	3	70	79442	71	80345	0.00723944	0.00417976	0.003	0.017	1131.62	736.567	60	4733	
0.4	5.4	20	1040	10	3	20	38578	20	38578	0.0079	0.00329114	0.003	0.01	1928.9	1091.43	60	4141	
0.4	5.4	16	1041	4	3	52	193584	52	193584	0.00771154	0.00331566	0.003	0.01	3722.77	2376.79	60	9422	
0.4	5.4	55	1042	25	3	248	402226	246	401408	0.00644309	0.00441551	0.003	0.024	1631.74	1619.28	8	9422	
0.4	5.4	36	1045	8	3	10	32063	10	32063	0.003	0	0.003	0.003	3206.3	2434.85	60	7099	
0.4	5.4	33	1046	17	3	34	75269	34	75269	0.00814706	0.00313468	0.003	0.01	2213.79	2002.62	60	9422	
0.4	5.4	7	1047	8	3	117	238147	117	238147	0.00784615	0.00337234	0.003	0.017	2035.44	1593.03	36	9422	
0.4	5.4	28	1049	15	3	88	297141	88	297141	0.00610227	0.00349726	0.003	0.01	3376.6	2179.71	60	9422	
0.4	5.4	55	1050	27	3	93	194278	93	194278	0.003	0	0.003	0.003	2089.01	1540.78	60	9422	
0.4	5.4	5	1052	24	3	42	89472	41	87105	0.00692683	0.00351703	0.003	0.01	2124.51	1383.09	60	5360	
0.4	5.4	14	1053	16	3	70	168770	70	168770	0.0058	0.00345405	0.003	0.01	2411	1987.4	60	9422	
0.4	5.4	5	1054	23	3	124	344561	124	344561	0.00672581	0.00361869	0.003	0.017	2778.72	2254.03	47	9422	
0.4	5.4	12	1055	12	3	112	242761	112	242761	0.0086875	0.00370301	0.003	0.017	2167.51	1796	60	8873	
0.4	5.4	39	1056	85	3	164	170808	164	170808	0.0059878	0.00364193	0.003	0.017	1041.51	861.381	60	5916	
0.4	5.4	30	1057	9	3	2	120	2	120	0.0065	0.00494975	0.003	0.01	60	0	60	60	
0.4	5.4	19	1058	2	3	98	203829	98	203829	0.00807143	0.00399291	0.003	0.017	2079.89	1658.13	60	8873	
0.4	5.4	22	1059	6	3	59	175258	59	175258	0.00655932	0.00352954	0.003	0.01	2970.47	2326.02	36	9422	
0.4	5.4	55	1063	14	3	70	81264	70	81264	0.0063	0.00408017	0.003	0.017	1160.91	947.405	60	5324	
0.4	5.4	6	1064	13	3	29	44456	29	44456	0.00662069	0.00355983	0.003	0.01	1532.97	972.274	60	4141	
0.4	5.4	37	1065	15	3	6	360	6	360	0.00766667	0.00571548	0.003	0.017	60	0	60	60	
0.4	5.4	46	1066	13	3	57	121432	57	121432	0.00680702	0.0035175	0.003	0.01	2130.39	1524.84	60	5324	
0.4	5.4	18	1068	2	3	85	202612	84	200245	0.00833333	0.0031901	0.003	0.017	2383.87	1672.15	36	9422	
0.4	5.4	11	1069	8	3	83	171134	83	171134	0.00612048	0.00350051	0.003	0.01	2061.86	1689.02	60	9422	
0.4	5.4	54	1073	19	3	50	123961	50	123961	0.00538	0.00334963	0.003	0.01	2479.22	1976.17	60	9422	
0.4	5.4	40	1076	6	3	25	69940	24	65799	0.00533333	0.0033708	0.003	0.01	2741.62	1655.59	60	7099	
0.4	5.4	24	1078	17	3	121	390735	121	390735	0.003	0	0.003	0.003	3229.21	2467.22	45	9422	
0.4	5.4	24	1080	12	3	102	371083	102	371083	0.00567647	0.00341853	0.003	0.01	3638.07	2924.02	57	9422	
0.4	5.4	40	1083	11	3	82	249246	81	248654	0.00645679	0.00352154	0.003	0.01	3069.8	2711.38	45	9422	
0.4	5.4	25	1084	1	3	92	268337	93	270112	0.00834409	0.00299091	0.003	0.01	2904.43	2305.91	45	9422	
0.4	5.4	45	1085	12	3	24	42736	24	42736	0.00358333	0.00197631	0.003	0.01	1780.67	1499.08	60	4953	
0.4	5.4	48	1087	9	3	68	270020	68	270020	0.00711765	0.00347068	0.003	0.01	3970.88	2641.58	45	9422	
0.4	5.4	14	1090	9	3	111	420094	111	420094	0.00312613	0.000935338	0.003	0.01	3784.63	2218.06	88	9422	
0.4	5.4	6	1094	5	3	200	423045	200	423045	0.007935	0.00369989	0.003	0.017	2115.22	1696.2	39	9422	
0.4	5.4	42	1095	31	3	104	168320	104	168320	0.0065	0.00351695	0.003	0.01	1618.46	1532.53	60	9422	
0.4	5.4	29	1096	6	3	238	413329	237	411554	0.00757806	0.00445591	0.003	0.024	1736.51	1629.95	13	9422	
0.4	5.4	55	1097	61	3	131	285367	131	285367	0.00454962	0.00291736	0.003	0.01	2178.37	2025.94	60	9422	
0.4	5.4	45	1099	7	3	1	60	1	60	0.003	0	0.003	0.003	60	0	60	60	
0.4	5.4	56	1100	15	3	93	181347	92	179572	0.0076413	0.00378134	0.003	0.017	1951.87	1499.38	60	5664	
0.4	5.4	37	1101	39	3	16	10952	16	10952	0.0078125	0.00335099	0.003	0.01	684.5	494.655	60	1775	
0.4	5.4	28	1103	9	3	6	360	6	360	0.01	0	0.01	0.01	60	0	60	60	
0.4	5.4	38	1104	11	3	187	568173	187	568173	0.00494652	0.00314477	0.003	0.01	3038.36	2113.24	10	9422	
0.4	5.4	13	1105	3	3	88	232675	88	232675	0.00793182	0.00321203	0.003	0.01	2644.03	2105.56	45	9422	
0.4	5.4	46	1107	23	3	43	63436	43	63436	0.00462791	0.00299224	0.003	0.01	1475.26	2030.72	60	9422	
0.4	5.4	13	1108	4	3	1	60	1	60	0.01	0	0.01	0.01	60	0	60	60	
0.4	5.4	8	1110	29	3	16	26274	16	26274	0.00475	0.0031305	0.003	0.01	1642.13	1803.31	44	7099	
0.4	5.4	26	1111	10	3	78	271799	78	271799	0.00641026	0.0035215	0.003	0.01	3484.6	2422.55	60	9422	
0.4	5.4	37	1112	55	3	133	144734	132	142306	0.00660606	0.0046162	0.003	0.024	1078.08	1023.46	48	5861	
0.4	5.4	14	1114	4	3	190	475578	191	477414	0.00695811	0.00369471	0.003	0.017	2499.55	1847.21	43	9422	
0.4	5.4	19	1115	13	3	160	422663	160	422663	0.00584375	0.00362303	0.003	0.017	2641.64	2339.82	56	9422	
0.4	5.4	53	1117	20	3	45	105456	45	105456	0.00704444	0.00349646	0.003	0.01	2343.47	2238	60	9422	
0.4	5.4	36	1119	4	3	74	232042	74	232042	0.00971622	0.00138999	0.003	0.01	3135.7	1729.69	60	8873	
0.4	5.4	29	1120	9	3	234	575018	234	575018	0.00635043	0.00367993	0.003	0.017	2457.34	2392.67	45	9422	
0.4	5.4	9	1122	6	3	153	594834	153	594834	0.00666013	0.00350782	0.003	0.01	3887.8	2517.73	45	9422	
0.4	5.4	40	1123	5	3	114	222076	113	220240	0.00715044	0.00357876	0.003	0.017	1949.03	1631.72	60	9422	
0.4	5.4	22	1124	2	3	82	321372	82	321372	0.00556097	0.00339243	0.003	0.01	3919.17	2245.85	60	9422	
0.4	5.4	34	1125	55	3	110	138814	110	138814	0.00662727	0.00399279	0.003	0.017	1261.95	1261.01	6	5324	
0.4	5.4	52	1126	19	3	88	213175	88	213175	0.003	0	0.003	0.003	2422.44	1695.39	60	9422	
0.4	5.4	8	1128	12	3	72	182367	72	182367	0.003	0	0.003	0.003	2532.88	1973.94	60	9422	
0.4	5.4	6	1129	22	3	6	8992	6	8992	0.003	0	0.003	0.003	1498.67	1204.42	60	3550	
0.4	5.4	13	1130	11	3	119	429782	119	429782	0.00747059	0.00337695	0.003	0.01	3611.61	2274.73	45	9422	
0.4	5.4	6	1131	7	3	60	104936	60	104936	0.00755	0.0036052	0.003	0.017	1748.93	1905.08	60	9422	
0.4	5.4	51	1132	12	3	74	246239	74	246239	0.00678378	0.00351229	0.003	0.01	3327.55	1711.38	60	7690	
0.4	5.4	56	1134	9	3	85	181196	84	180012	0.00666667	0.00351703	0.003	0.01	2143	1661.76	60	8873	
0.4	5.4	41	1135	53	3	201	237575	201	237575	0.0062388	0.0038331	0.003	0.017	1181.97	1397.1	21	9422	
0.4	5.4	38	1136	1	3	53	166967	53	166967	0.00564151	0.00342555	0.003	0.01	3150.32	2237.35	60	9422	
0.4	5.4	36	1140	13	3	21	41541	21	41541	0.00766667	0.00338132	0.003	0.01	1978.14	1358.55	60	4141	
0.4	5.4	8	1141	9	3	193	660986	192	659689	0.00438542	0.00279629	0.003	0.01	3435.88	2307.37	45	9422	
0.4	5.4	11	1142	4	3	67	140968	68	144518	0.00927941	0.0036563	0.003	0.017	2125.26	1902.97	60	9422	
0.4	5.4	1	1143	22	3	84	222126	84	222126	0.00825	0.00304929	0.003	0.01	2644.36	2228.06	45	9422	
0.4	5.4	48	1144	10	3	133	365318	133	365318	0.00889474	0.00256215	0.003	0.01	2746.75	2615.33	45	9422	
0.4	5.4	20	1146	16	3	13	35617	13	35617	0.00946154	0.00194145	0.003	0.01	2739.77	1663.75	60	5324	
0.4	5.4	42	1147	4	3	45	87230	45	87230	0.00595555	0.00349646	0.003	0.01	1938.44	1713.21	60	7099	
0.4	5.4	21	1151	27	3	35	80015	35	80015	0.0066	0.00393476	0.003	0.017	2286.14	1800.48	60	9422	
0.4	5.4	14	1152	8	3	5	5442	5	5442	0.003	0	0.003	0.003	1088.4	742.216	60	1775	
0.4	5.4	29	1153	7	3	10	21419	8	14318	0.00825	0.00324037	0.003	0.01	1789.75	1661.79	60	4904	
0.4	5.4	49	1154	8	3	90	146319	90	146319	0.00813333	0.00389814	0.003	0.017	1625.77	1682.39	60	9422	
0.4	5.4	52	1156	56	3	3	768	3	768	0.00533333	0.00404145	0.003	0.01	256	339.482	60	648	
0.4	5.4	53	1159	25	3	110	266524	110	266524	0.00637273	0.00351369	0.003	0.01	2422.95	2074.02	45	9422	
0.4	5.4	14	1161	22	3	164	427598	164	427598	0.00628658	0.00350419	0.003	0.01	2607.3	2013.57	36	9422	
0.4	5.4	45	1163	27	3	35	53982	35	53982	0.0056	0.00343169	0.003	0.01	1542.34	861.859	60	3550	
0.4	5.4	45	1165	31	3	48	90101	48	90101	0.00664583	0.00408156	0.003	0.017	1877.1	1634.67	43	9422	
0.4	5.4	40	1166	20	3	92	262951	92	262951	0.00748913	0.00337572	0.003	0.01	2858.16	2246.09	57	9422	
0.4	5.4	55	1167	15	3	27	39947	27	39947	0.00351852	0.00186816	0.003	0.01	1479.52	1058.77	60	3662	
0.4	5.4	37	1168	28	3	130	105630	128	105192	0.00633594	0.00447614	0.003	0.017	821.812	618.684	13	2769	
0.4	5.4	37	1169	30	3	100	162902	98	161716	0.00442857	0.00283571	0.003	0.01	1650.16	1291.07	60	5545	
0.4	5.4	24	1170	5	3	3	180	3	180	0.01	0	0.01	0.01	60	0	60	60	
0.4	5.4	41	1171	35	3	172	182501	172	182501	0.00593023	0.00354517	0.003	0.017	1061.05	943.796	55	7099	
0.4	5.4	46	1174	2	3	1	60	1	60	0.01	0	0.01	0.01	60	0	60	60	
0.4	5.4	53	1176	24	3	27	52793	26	50426	0.0065	0.00356931	0.003	0.01	1939.46	1242.47	60	4736	
0.4	5.4	2	1177	8	3	2	120	2	120	0.01	0	0.01	0.01	60	0	60	60	
0.4	5.4	34	1183	45	3	94	154630	94	154630	0.00627659	0.00351159	0.003	0.01	1645	1478.96	60	7098	
0.4	5.4	49	1184	2	3	2	120	2	120	0.003	0	0.003	0.003	60	0	60	60	
0.4	5.4	16	1186	13	3	36	103668	36	103668	0.00825	0.00307409	0.003	0.01	2879.67	2818.66	60	9422	
0.4	5.4	3	1188	9	3	168	617239	168	617239	0.00745833	0.00346212	0.003	0.017	3674.04	2378.5	45	9422	
0.4	5.4	7	1189	12	3	121	277303	121	277303	0.00814876	0.00322919	0.003	0.017	2291.76	1790.63	36	9422	
0.4	5.4	52	1190	62	3	143	167222	143	167222	0.00725874	0.00491722	0.003	0.024	1169.38	1182.07	21	9422	
0.4	5.4	21	1191	21	3	127	220893	127	220893	0.00691338	0.00370547	0.003	0.017	1739.31	1196.11	60	8873	
0.4	5.4	19	1192	6	3	63	116257	63	116257	0.00744444	0.00440959	0.003	0.017	1845.35	1269.72	60	5664	
0.4	5.4	32	1194	1	3	2	120	2	120	0.01	0	0.01	0.01	60	0	60	60	
0.4	5.4	37	1197	44	3	108	120445	108	120445	0.00617592	0.00399024	0.003	0.017	1115.23	878.831	12	3822	
0.4	5.4	53	1199	12	3	65	133859	65	133859	0.0072	0.00345597	0.003	0.01	2059.37	2031.99	45	9422	
0.4	5.4	19	1200	14	3	94	164664	93	161706	0.00796774	0.00380346	0.003	0.017	1738.77	1622.26	60	9422	
0.4	5.4	39	1201	15	3	129	157029	129	157029	0.00685271	0.00454337	0.003	0.024	1217.28	1174.1	21	9422	
0.4	5.4	19	1202	9	3	115	249408	115	249408	0.00726087	0.00390026	0.003	0.017	2168.77	1905.76	60	8873	
0.4	5.4	45	1203	6	3	150	263746	150	263746	0.00687333	0.00385004	0.003	0.017	1758.31	1569.33	60	9422	
0.4	5.4	34	1204	22	3	197	243017	197	243017	0.00605584	0.00395148	0.003	0.017	1233.59	820.463	42	4395	
0.4	5.4	42	1205	10	3	96	287113	96	287113	0.003	0	0.003	0.003	2990.76	2043.48	46	9422	
0.4	5.4	52	1206	22	3	1	60	1	60	0.01	0	0.01	0.01	60	0	60	60	
0.4	5.4	29	1207	11	3	203	435217	203	435217	0.00675862	0.0041346	0.003	0.024	2143.93	2280.97	36	9422	
0.4	5.4	54	1208	13	3	212	759923	212	759923	0.003	0	0.003	0.003	3584.54	2926.46	45	9422	
0.4	5.4	38	1211	6	3	2	120	2	120	0.0065	0.00494975	0.003	0.01	60	0	60	60	
0.4	5.4	41	1212	19	3	122	90810	122	90810	0.00552459	0.00403131	0.003	0.017	744.344	1030.75	32	9422	
0.4	5.4	54	1214	12	3	1	60	1	60	0.017	0	0.017	0.017	60	0	60	60	
0.4	5.4	25	1216	14	3	69	170665	69	170665	0.00634783	0.00352231	0.003	0.01	2473.41	1770.32	60	5916	
0.4	5.4	54	1217	9	3	64	152788	64	152788	0.00759375	0.00335099	0.003	0.01	2387.31	1892.79	60	9422	
0.4	5.4	16	1220	16	3	98	388360	98	388360	0.00728571	0.0034282	0.003	0.01	3962.86	2423.19	57	9422	
0.4	5.4	25	1222	4	3	54	181177	54	181177	0.003	0	0.003	0.003	3355.13	2309.31	60	9422	
0.4	5.4	8	1223	20	3	3	180	3	180	0.01	0	0.01	0.01	60	0	60	60	
0.4	5.4	3	1224	1	3	1	60	1	60	0.003	0	0.003	0.003	60	0	60	60	
0.4	5.4	39	1225	12	3	1	60	1	60	0.01	0	0.01	0.01	60	0	60	60	
0.4	5.4	37	1227	4	3	3	180	3	180	0.01	0	0.01	0.01	60	0	60	60	
0.4	5.4	26	1228	3	3	16	27344	16	27344	0.0043125	0.00282179	0.003	0.01	1709	1560.16	60	5324	
0.4	5.4	46	1229	9	3	181	672594	181	672594	0.00690608	0.00348601	0.003	0.01	3715.99	2663.08	36	9422	
0.4	5.4	37	1230	16	3	203	215030	203	215030	0.0057931	0.00419884	0.003	0.024	1059.26	1325.57	23	9422	
0.4	5.4	19	1231	10	3	18	38579	18	38579	0.003	0	0.003	0.003	2143.28	1281.05	60	4395	
0.4	5.4	4	1232	9	3	42	78835	42	78835	0.0065	0.00354243	0.003	0.01	1877.02	1737.49	60	9422	
0.4	5.4	41	1235	37	3	160	84375	160	84375	0.00545	0.00369906	0.003	0.017	527.344	502.214	43	2367	
0.4	5.4	24	1236	15	3	46	104864	46	104864	0.00847826	0.00327101	0.003	0.017	2279.65	2177.42	60	9422	
0.4	5.4	16	1237	10	3	203	838136	203	838136	0.00475862	0.00304356	0.003	0.01	4128.75	3091.43	36	9422	
0.4	5.4	34	1238	28	3	60	85483	60	85483	0.00556667	0.00340173	0.003	0.01	1424.72	1052	60	4733	
0.4	5.4	20	1239	18	3	94	407692	94	407692	0.00515957	0.00325049	0.003	0.01	4337.15	3065.33	45	9422	
0.4	5.4	3	1240	13	3	200	532450	200	532450	0.008075	0.00364221	0.003	0.024	2662.25	2054.02	21	9422	
0.4	5.4	29	1241	20	3	224	555501	224	555501	0.0063125	0.0035028	0.003	0.01	2479.92	2407.53	45	9422	
0.4	5.4	32	1242	3	3	13	43900	13	43900	0.00784615	0.00336269	0.003	0.01	3376.92	3356.4	60	9422	
0.4	5.4	45	1243	28	3	132	456662	132	456662	0.00342424	0.00167661	0.003	0.01	3459.56	2781.47	45	9422	
0.4	5.4	29	1245	21	3	94	295965	94	295965	0.003	0	0.003	0.003	3148.56	2339.73	45	9422	
0.4	5.4	34	1248	10	3	100	123877	100	123877	0.00489	0.00312337	0.003	0.01	1238.77	1036.7	60	6882	
0.4	5.4	21	1249	18	3	15	21431	15	21431	0.00486667	0.00320416	0.003	0.01	1428.73	1063.76	60	3550	
0.4	5.4	26	1250	16	3	24	82950	24	82950	0.003	0	0.003	0.003	3456.25	2454.04	60	9422	
0.4	5.4	15	1254	14	3	105	268168	105	268168	0.00566667	0.00341565	0.003	0.01	2553.98	2466.54	45	9422	
0.4	5.4	41	1256	3	3	1	60	1	60	0.01	0	0.01	0.01	60	0	60	60	
0.4	5.4	53	1258	21	3	63	145107	63	145107	0.00755555	0.00359111	0.003	0.017	2303.29	2218.99	36	9422	
0.4	5.4	38	1259	12	3	73	195493	73	195493	0.00309589	0.000819288	0.003	0.01	2677.99	2049.62	60	9422	
0.4	5.4	13	1260	20	3	75	142156	75	142156	0.00710667	0.00365607	0.003	0.017	1895.41	1934.26	21	9422	
0.4	5.4	25	1261	17	3	27	65866	27	65866	0.0087037	0.00390084	0.003	0.017	2439.48	2095.43	60	8873	
0.4	5.4	52	1262	12	3	73	69512	73	69512	0.00731507	0.00446243	0.003	0.017	952.219	634.824	60	2961	
0.4	5.4	41	1263	39	3	121	145350	121	145350	0.00346281	0.00174662	0.003	0.01	1201.24	1126.26	34	7099	
0.4	5.4	45	1267	21	3	48	97287	48	97287	0.00679167	0.00380905	0.003	0.017	2026.81	1536.76	60	6507	
0.4	5.4	34	1268	5	3	165	322106	166	324658	0.00574096	0.00359618	0.003	0.017	1955.77	1628.82	60	9422	
0.4	5.4	46	1270	11	3	132	488947	132	488947	0.003	0	0.003	0.003	3704.14	2550.55	45	9422	
0.4	5.4	34	1271	46	3	139	144163	139	144163	0.00652518	0.00432775	0.003	0.024	1037.14	1186.2	19	9422	
0.4	5.4	27	1272	1	3	91	331497	91	331497	0.00476923	0.00305896	0.003	0.01	3642.82	2489.37	60	9422	
0.4	5.4	47	1276	7	3	45	116215	45	116215	0.00564444	0.00343217	0.003	0.01	2582.56	2400.35	60	9422	
0.4	5.4	50	1277	12	3	57	151112	57	151112	0.00914035	0.00231793	0.003	0.01	2651.09	2149.81	60	9422	
0.4	5.4	6	1278	4	3	133	265964	133	265964	0.00736842	0.00351075	0.003	0.017	1999.73	1799.15	60	9422	
0.4	5.4	21	1279	2	3	161	650230	161	650230	0.003	0	0.003	0.003	4038.7	2642.86	45	9422	
0.4	5.4	56	1280	6	3	44	72911	44	72911	0.00443182	0.00285623	0.003	0.01	1657.07	1557.26	60	5664	
0.4	5.4	39	1281	71	3	1	60	1	60	0.003	0	0.003	0.003	60	0	60	60	
0.4	5.4	20	1282	22	3	17	43308	17	43308	0.00752941	0.00344815	0.003	0.01	2547.53	2508.84	60	8873	
0.4	5.4	38	1283	13	3	2	708	2	708	0.0135	0.00494975	0.01	0.017	354	415.779	60	648	
0.4	5.4	35	1284	7	3	22	48642	22	48642	0.00809091	0.0031909	0.003	0.01	2211	2462.8	60	9422	
0.4	5.4	6	1286	24	3	170	488192	170	488192	0.00744706	0.00362766	0.003	0.017	2871.72	2409.01	45	9422	
0.4	5.4	31	1287	5	3	1	60	1	60	0.003	0	0.003	0.003	60	0	60	60	
0.4	5.4	5	1289	15	3	14	46858	14	46858	0.003	0	0.003	0.003	3347	3226.67	60	9422	
0.4	5.4	42	1290	11	3	68	175274	68	175274	0.00372059	0.00214299	0.003	0.01	2577.56	2227.29	60	9422	
0.4	5.4	56	1294	1	3	4	240	4	240	0.00825	0.0035	0.003	0.01	60	0	60	60	
0.4	5.4	39	1297	35	3	161	156104	161	156104	0.00573913	0.00368531	0.003	0.017	969.59	640.518	28	3785	
0.4	5.4	56	1301	17	3	161	516788	161	516788	0.00626087	0.00367342	0.003	0.017	3209.86	2388.91	45	9422	
0.4	5.4	36	1302	1	3	110	359962	110	359962	0.003	0	0.003	0.003	3272.38	2749.3	45	9422	
0.4	5.4	57	1303	4	3	104	441471	104	441471	0.003	0	0.003	0.003	4244.91	2149.3	60	9422	
0.4	5.4	41	1304	71	3	133	82579	133	82579	0.00568421	0.00382648	0.003	0.017	620.895	549.914	60	3550	
0.4	5.4	22	1305	8	3	66	140947	65	139172	0.00892308	0.00254526	0.003	0.01	2141.11	1640.06	60	9422	
0.4	5.4	34	1307	13	3	113	113825	113	113825	0.00634513	0.00439718	0.003	0.017	1007.3	657.953	60	3550	
0.4	5.4	52	1309	54	3	207	330108	207	330108	0.00604348	0.00347851	0.003	0.01	1594.72	1437.48	21	9422	
0.4	5.4	29	1311	2	3	98	222048	99	223232	0.00759596	0.00362789	0.003	0.017	2254.87	1506.32	4	6882	
0.4	5.4	25	1313	8	3	127	380103	127	380103	0.00856693	0.00296966	0.003	0.017	2992.94	2522.6	13	9422	
0.4	5.4	30	1314	18	3	20	56330	20	56330	0.0086	0.00287274	0.003	0.01	2816.5	2374.81	60	8873	
0.4	5.4	35	1316	19	3	67	241508	67	241508	0.003	0	0.003	0.003	3604.6	2410.27	45	9422	
0.4	5.4	8	1318	1	3	189	608607	189	608607	0.00433333	0.00275604	0.003	0.01	3220.14	2316.08	60	9422	
0.4	5.4	41	1321	20	3	2	120	2	120	0.0065	0.00494975	0.003	0.01	60	0	60	60	
0.4	5.4	5	1323	6	3	166	458292	166	458292	0.00763855	0.00340793	0.003	0.017	2760.8	2107.47	5	9422	
0.4	5.4	33	1324	3	3	1	60	1	60	0.003	0	0.003	0.003	60	0	60	60	
0.4	5.4	2	1325	28	3	134	214518	134	214518	0.00665672	0.0040002	0.003	0.017	1600.88	1083.09	60	5360	
0.4	5.4	52	1326	32	3	1	60	1	60	0.01	0	0.01	0.01	60	0	60	60	
0.4	5.4	43	1328	16	3	157	589405	157	589405	0.00576433	0.00343276	0.003	0.01	3754.17	2517.55	45	9422	
0.4	5.4	50	1330	7	3	1	60	1	60	0.01	0	0.01	0.01	60	0	60	60	
0.4	5.4	22	1332	15	3	188	790894	188	790894	0.00419149	0.00263776	0.003	0.01	4206.88	3134.55	45	9422	
0.4	5.4	47	1334	4	3	143	411452	142	409677	0.003	0	0.003	0.003	2885.05	2471.44	60	9422	
0.4	5.4	45	1335	18	3	131	329755	131	329755	0.00791603	0.00375405	0.003	0.017	2517.21	2497.53	45	9422	
0.4	5.4	6	1336	10	3	2	120	2	120	0.0065	0.00494975	0.003	0.01	60	0	60	60	
0.4	5.4	10	1337	13	3	107	369908	107	369908	0.0074486	0.00338485	0.003	0.01	3457.08	2538.89	45	9422	
0.4	5.4	7	1338	5	3	68	148051	68	148051	0.00773529	0.00329911	0.003	0.01	2177.22	2091.1	60	9422	
0.4	5.4	41	1339	29	3	197	386308	197	386308	0.003	0	0.003	0.003	1960.95	2193.35	45	9422	
0.4	5.4	7	1340	13	3	111	426701	111	426701	0.00621622	0.0035043	0.003	0.01	3844.15	2695.66	45	9422	
0.4	5.4	2	1342	25	3	141	233554	141	233554	0.00622695	0.00369627	0.003	0.017	1656.41	1402.23	60	9422	
0.4	5.4	11	1343	17	3	178	481326	178	481326	0.00744382	0.00353988	0.003	0.017	2704.08	1837.03	60	9422	
0.4	5.4	23	1345	6	3	48	135727	48	135727	0.00766667	0.00333475	0.003	0.01	2827.65	2093.08	60	9422	
0.4	5.4	44	1346	10	3	19	49347	20	51769	0.0051	0.00329114	0.003	0.01	2588.45	2018.19	60	7099	
0.4	5.4	40	1347	2	3	13	41535	13	41535	0.00676923	0.00363212	0.003	0.01	3195	3470.33	60	9422	
0.4	5.4	53	1348	18	3	6	8992	6	8992	0.0065	0.00383406	0.003	0.01	1498.67	1204.42	60	3550	
0.4	5.4	45	1349	23	3	51	91883	51	91883	0.00698039	0.00402239	0.003	0.017	1801.63	1626.24	46	6255	
0.4	5.4	48	1351	8	3	30	102476	30	102476	0.00673333	0.00355191	0.003	0.01	3415.87	2671.31	60	9422	
0.4	5.4	8	1354	17	3	38	137381	38	137381	0.00760526	0.00336548	0.003	0.01	3615.29	2783.21	60	9422	
0.4	5.4	42	1355	15	3	85	146529	85	146529	0.003	0	0.003	0.003	1723.87	1502.38	60	9422	
0.4	5.4	4	1356	12	3	24	81177	24	81177	0.003	0	0.003	0.003	3382.37	2500.36	60	9422	
0.4	5.4	36	1358	7	3	59	164135	59	164135	0.00762712	0.00334199	0.003	0.01	2781.95	2317.08	60	9422	
0.4	5.4	41	1359	57	3	270	369306	271	370490	0.00442066	0.00282059	0.003	0.01	1367.12	1319.15	46	9422	
0.4	5.4	12	1360	8	3	165	599313	166	600497	0.00704819	0.00346726	0.003	0.01	3617.45	2772.07	45	9422	
0.4	5.4	19	1361	21	3	149	450909	149	450909	0.00708725	0.00373792	0.003	0.017	3026.23	2639.87	13	9422	
0.4	5.4	39	1362	21	3	1	60	1	60	0.003	0	0.003	0.003	60	0	60	60	
0.4	5.4	20	1363	11	3	52	147461	52	147461	0.00703846	0.00349207	0.003	0.01	2835.79	1892.85	60	9422	
0.4	5.4	1	1364	18	3	110	268916	110	268916	0.0072	0.00344498	0.003	0.01	2444.69	1534.76	60	7708	
0.4	5.4	50	1365	5	3	2	120	2	120	0.0065	0.00494975	0.003	0.01	60	0	60	60	
0.4	5.4	12	1367	7	3	181	736253	180	732703	0.003	0	0.003	0.003	4070.57	2771.47	45	9422	
0.4	5.4	56	1368	18	3	48	88906	48	88906	0.00722917	0.00426884	0.003	0.017	1852.21	1270.53	60	7099	
0.4	5.4	45	1371	17	3	52	146860	52	146860	0.00771154	0.00359377	0.003	0.017	2824.23	2369.85	60	9422	
0.4	5.4	44	1372	7	3	116	493530	116	493530	0.00499138	0.00317188	0.003	0.01	4254.57	2687.96	45	9422	
0.4	5.4	5	1373	27	3	137	445075	137	445075	0.00688321	0.00349172	0.003	0.01	3248.72	2213.65	45	9422	
0.4	5.4	37	1376	49	3	120	204462	120	204462	0.0065	0.00362994	0.003	0.017	1703.85	1458.46	60	9422	
0.4	5.4	46	1380	10	3	22	56926	22	56926	0.00618182	0.00356753	0.003	0.01	2587.55	2022.99	60	7099	
0.4	5.4	44	1381	11	3	91	258118	91	258118	0.00846154	0.0030959	0.003	0.017	2836.46	2459.66	45	9422	
0.4	5.4	56	1384	13	3	83	185333	83	185333	0.0073012	0.00359788	0.003	0.017	2232.93	1673.99	45	9422	
0.4	5.4	16	1386	8	3	32	103068	31	102476	0.00480645	0.00311362	0.003	0.01	3305.68	2708.78	60	9422	
0.4	5.4	27	1387	14	3	39	110173	39	110173	0.00910256	0.00237082	0.003	0.01	2824.95	2310.44	60	9422	
0.4	5.4	13	1388	21	3	41	122002	41	122002	0.003	0	0.003	0.003	2975.66	2322.44	60	9422	
0.4	5.4	40	1389	21	3	83	172334	83	172334	0.00839759	0.00367901	0.003	0.017	2076.31	2010.19	60	9422	
0.4	5.4	45	1390	11	3	4	2484	4	2484	0.00825	0.0035	0.003	0.01	621	459.442	60	1184	
0.4	5.4	25	1392	11	3	37	99633	37	99633	0.00754054	0.00338784	0.003	0.01	2692.78	2418.22	60	9422	
0.4	5.4	33	1394	11	3	67	233821	67	233821	0.003	0	0.003	0.003	3489.87	2527.17	60	9422	
0.4	5.4	11	1396	1	3	85	204964	85	204964	0.00505882	0.00320844	0.003	0.01	2411.34	2394.23	60	9422	
0.4	5.4	30	1398	2	3	91	288262	90	282346	0.00681111	0.00350568	0.003	0.01	3137.18	2370.38	36	9422	
0.4	5.4	56	1399	3	3	5	300	5	300	0.0044	0.0031305	0.003	0.01	60	0	60	60	
0.4	5.4	5	1401	19	3	38	123297	38	123297	0.003	0	0.003	0.003	3244.66	2826.85	60	9422	
0.4	5.4	8	1403	28	3	61	104887	61	104887	0.00678688	0.00374217	0.003	0.017	1719.46	1389.04	13	9422	
0.4	5.4	17	1404	14	3	114	357041	114	357041	0.00815789	0.00373119	0.003	0.017	3131.94	2676.89	26	9422	
0.4	5.4	44	1405	5	3	13	16096	13	16096	0.00353846	0.00194145	0.003	0.01	1238.15	678.948	60	2367	
0.4	5.4	56	1406	4	3	135	269414	135	269414	0.00740741	0.00370215	0.003	0.017	1995.66	1595.08	42	9422	
0.4	5.4	42	1407	7	3	177	430416	177	430416	0.00671751	0.00380779	0.003	0.017	2431.73	2448.94	60	9422	
0.4	5.4	41	1409	68	3	1	60	1	60	0.01	0	0.01	0.01	60	0	60	60	
0.4	5.4	8	1410	30	3	104	255927	103	254152	0.00768932	0.00371808	0.003	0.017	2467.5	2234.64	60	9422	
0.4	5.4	8	1411	24	3	143	527179	143	527179	0.0053007	0.00329967	0.003	0.01	3686.57	2075.31	45	9422	
0.4	5.4	14	1412	26	3	74	135193	74	135193	0.0065	0.00352389	0.003	0.01	1826.93	1371.58	48	5861	
0.4	5.4	52	1413	71	3	143	287859	144	290167	0.00547917	0.00335951	0.003	0.01	2015.05	1481.62	60	8873	
0.4	5.4	34	1414	51	3	114	181839	114	181839	0.00625438	0.00362833	0.003	0.017	1595.08	1742.63	23	8873	
0.4	5.4	39	1416	61	3	225	366647	225	366647	0.00629778	0.00356386	0.003	0.017	1629.54	1331.14	23	8282	
0.4	5.4	57	1417	12	3	74	210876	74	210876	0.00735135	0.00341805	0.003	0.01	2849.68	2689.73	45	9422	
0.4	5.4	33	1418	2	3	20	41535	20	41535	0.00335	0.00156525	0.003	0.01	2076.75	1117.75	60	4141	
0.4	5.4	24	1419	8	3	101	229837	101	229837	0.00507921	0.00336358	0.003	0.017	2275.61	2169.29	60	9422	
0.4	5.4	20	1420	7	3	1	60	1	60	0.01	0	0.01	0.01	60	0	60	60	
0.4	5.4	26	1421	6	3	7	8994	7	8994	0.003	0	0.003	0.003	1284.86	973.602	60	2961	
0.4	5.4	4	1422	11	3	66	143354	66	143354	0.00681818	0.00391804	0.003	0.017	2172.03	1796.71	14	7099	
0.4	5.4	34	1423	8	3	38	84161	38	84161	0.00594737	0.00350249	0.003	0.01	2214.76	1720.59	60	6882	
0.4	5.4	38	1424	9	3	146	339787	146	339787	0.00688356	0.00358639	0.003	0.017	2327.31	1646.05	60	9422	
0.4	5.4	39	1425	57	3	147	158260	148	159444	0.00597973	0.00392354	0.003	0.017	1077.32	802.241	43	3550	
