% start	end	CellId	IMSI	RNTI	LCID	nTxPDUs	TxBytes	nRxPDUs	RxBytes	delay	stdDev	min	max	PduSize	stdDev	min	max
0.4	5.4	28	3	10	3	4	240	4	240	0.0065	0.00404145	0.003	0.01	60	0	60	60	
0.4	5.4	43	5	18	3	88	245682	88	245682	0.00817045	0.00309327	0.003	0.01	2791.84	2026.48	60	9422	
0.4	5.4	5	6	14	3	81	247444	81	247444	0.00758025	0.00334987	0.003	0.01	3054.86	2019.7	36	9422	
0.4	5.4	41	8	7	3	1	60	1	60	0.003	0	0.003	0.003	60	0	60	60	
0.4	5.4	24	10	3	3	84	273598	84	273598	0.007	0.00348491	0.003	0.01	3257.12	2104.77	60	9422	
0.4	5.4	34	11	52	3	441	493107	441	493107	0.00488889	0.00325072	0.003	0.017	1118.16	1079.52	19	8282	
0.4	5.4	1	12	6	3	160	336306	160	336306	0.00755	0.00386209	0.003	0.017	2101.91	1579.4	16	9422	
0.4	5.4	27	15	9	3	15	47453	15	47453	0.00906667	0.00246306	0.003	0.01	3163.53	2516.38	60	8873	
0.4	5.4	50	17	5	3	200	518055	200	518055	0.00769	0.004038	0.003	0.017	2590.28	1808.35	36	9422	
0.4	5.4	2	18	31	3	176	360579	176	360579	0.00642045	0.00350908	0.003	0.01	2048.74	1425.66	42	5916	
0.4	5.4	39	19	23	3	157	210261	155	209783	0.00561935	0.0039201	0.003	0.024	1353.44	1580.65	41	9422	
0.4	5.4	41	21	88	3	126	79657	124	75700	0.00497581	0.00328699	0.003	0.017	610.484	499.845	7	2961	
0.4	5.4	39	22	47	3	10	12546	10	12546	0.0086	0.00295146	0.003	0.01	1254.6	943.757	60	2958	
0.4	5.4	53	24	21	3	99	218150	99	218150	0.00653535	0.00351763	0.003	0.01	2203.54	1650.91	60	9422	
0.4	5.4	52	27	33	3	1	60	1	60	0.003	0	0.003	0.003	60	0	60	60	
0.4	5.4	2	28	26	3	57	124407	57	124407	0.003	0	0.003	0.003	2182.58	1905.79	45	9422	
0.4	5.4	47	29	1	3	200	672406	199	670039	0.00866332	0.00301548	0.003	0.017	3367.03	1949.56	60	9422	
0.4	5.4	39	30	2	3	185	251928	185	251928	0.00621622	0.00379026	0.003	0.017	1361.77	1244.46	5	7799	
0.4	5.4	15	31	13	3	196	759929	196	759929	0.00753571	0.00335181	0.003	0.01	3877.19	2527.52	45	9422	
0.4	5.4	35	32	10	3	2	708	1	60	0.003	0	0.003	0.003	60	0	60	60	
0.4	5.4	55	35	2	3	142	225627	142	225627	0.00595775	0.00346998	0.003	0.01	1588.92	1357.84	34	9422	
0.4	5.4	16	38	15	3	46	35102	46	35102	0.00391304	0.00238352	0.003	0.01	763.087	540.549	60	3179	
0.4	5.4	37	44	23	3	212	329873	212	329873	0.00587264	0.00345147	0.003	0.01	1556	1103.92	13	5918	
0.4	5.4	15	45	4	3	166	766030	166	766030	0.003	0	0.003	0.003	4614.64	2919.19	45	9422	
0.4	5.4	25	46	6	3	105	457453	105	457453	0.003	0	0.003	0.003	4356.7	2511.38	45	9422	
0.4	5.4	52	47	28	3	64	81904	64	81904	0.00726562	0.00443021	0.003	0.017	1279.75	1058.01	7	4904	
0.4	5.4	26	48	10	3	154	539832	154	539832	0.00668182	0.00350668	0.003	0.01	3505.4	2488.21	45	9422	
0.4	5.4	22	52	5	3	82	284239	82	284239	0.00709756	0.00346983	0.003	0.01	3466.33	2380.57	45	9422	
0.4	5.4	22	54	16	3	111	392173	111	392173	0.003	0	0.003	0.003	3533.09	3116.02	45	9422	
0.4	5.4	53	56	10	3	121	214988	121	214988	0.0075124	0.00402723	0.003	0.017	1776.76	1766.62	60	9422	
0.4	5.4	10	57	10	3	116	254603	116	254603	0.00631896	0.00374537	0.003	0.017	2194.85	1752.09	10	8223	
0.4	5.4	13	59	4	3	70	221424	70	221424	0.006	0.00348911	0.003	0.01	3163.2	2002.18	60	7690	
0.4	5.4	33	62	17	3	1	60	1	60	0.003	0	0.003	0.003	60	0	60	60	
0.4	5.4	37	64	36	3	199	300884	199	300884	0.00553266	0.00337215	0.003	0.01	1511.98	1521.47	35	9422	
0.4	5.4	36	65	14	3	72	154574	72	154574	0.00747222	0.00338585	0.003	0.01	2146.86	1857.96	60	9422	
0.4	5.4	42	67	5	3	1	60	1	60	0.003	0	0.003	0.003	60	0	60	60	
0.4	5.4	39	68	9	3	322	592195	322	592195	0.00523913	0.00327008	0.003	0.01	1839.11	1238.89	12	8282	
0.4	5.4	37	69	56	3	5	1896	5	1896	0.0058	0.00383406	0.003	0.01	379.2	459.833	5	1063	
0.4	5.4	17	75	15	3	52	155155	52	155155	0.00717308	0.00346818	0.003	0.01	2983.75	2221.98	60	9422	
0.4	5.4	55	76	36	3	179	237768	179	237768	0.0061676	0.00349395	0.003	0.01	1328.31	1116.12	19	5861	
0.4	5.4	37	78	28	3	44	64659	43	62823	0.00365116	0.00205732	0.003	0.01	1461	1169.66	60	4395	
0.4	5.4	38	79	18	3	62	187094	62	187094	0.00367742	0.00208644	0.003	0.01	3017.65	1978.38	45	9422	
0.4	5.4	2	81	23	3	215	563629	215	563629	0.00498605	0.00316299	0.003	0.01	2621.53	2011.13	45	9422	
0.4	5.4	28	82	5	3	179	648113	179	648113	0.00827933	0.00302242	0.003	0.01	3620.74	2513.66	45	9422	
0.4	5.4	47	83	8	3	27	38583	27	38583	0.00844444	0.00296561	0.003	0.01	1429	709.457	60	2958	
0.4	5.4	27	84	22	3	157	660978	157	660978	0.003	0	0.003	0.003	4210.05	2366.12	45	9422	
0.4	5.4	41	85	82	3	9	3677	9	3677	0.00455555	0.00308671	0.003	0.01	408.556	531.511	60	1775	
0.4	5.4	31	86	9	3	56	168161	56	168161	0.0085	0.00289828	0.003	0.01	3002.88	2683.26	60	9422	
0.4	5.4	28	87	7	3	43	78245	43	78245	0.00674419	0.00353279	0.003	0.01	1819.65	1158.18	60	4395	
0.4	5.4	2	88	8	3	4	3667	3	1892	0.01	0	0.01	0.01	630.667	562.2	60	1184	
0.4	5.4	54	89	21	3	105	277124	105	277124	0.00793333	0.00399342	0.003	0.017	2639.28	1855.55	24	7690	
0.4	5.4	37	91	57	3	10	14910	10	14910	0.0058	0.00361478	0.003	0.01	1491	1136.33	60	4141	
0.4	5.4	33	93	16	3	2	120	2	120	0.003	0	0.003	0.003	60	0	60	60	
0.4	5.4	42	94	14	3	34	90119	34	90119	0.00835294	0.00301393	0.003	0.01	2650.56	1782.24	60	8531	
0.4	5.4	34	95	15	3	432	395617	432	395617	0.00494444	0.00313896	0.003	0.01	915.78	974.724	39	9422	
0.4	5.4	10	98	4	3	110	302499	110	302499	0.00688182	0.00374345	0.003	0.017	2749.99	2605.26	45	9422	
0.4	5.4	2	100	25	3	164	458163	164	458163	0.00513415	0.00323236	0.003	0.01	2793.68	2055.26	7	9422	
0.4	5.4	26	101	9	3	92	304961	92	304961	0.00634783	0.00351585	0.003	0.01	3314.79	2725.45	45	9422	
0.4	5.4	54	102	16	3	90	206176	90	206176	0.00665555	0.00351613	0.003	0.01	2290.84	1746.89	60	9422	
0.4	5.4	37	103	55	3	1	60	1	60	0.01	0	0.01	0.01	60	0	60	60	
0.4	5.4	17	104	14	3	102	216231	102	216231	0.00842157	0.00325314	0.003	0.017	2119.91	2077.61	36	9422	
0.4	5.4	38	105	20	3	85	298326	85	298326	0.0073647	0.00357853	0.003	0.017	3509.72	2568.89	60	9422	
0.4	5.4	36	107	8	3	149	530867	149	529093	0.00657047	0.00351109	0.003	0.01	3550.96	2027.92	57	8282	
0.4	5.4	7	108	23	3	138	526686	138	526686	0.003	0	0.003	0.003	3816.57	2046.37	60	9422	
0.4	5.4	46	109	4	3	28	78333	28	78333	0.003	0	0.003	0.003	2797.61	3083.91	60	9422	
0.4	5.4	8	110	19	3	69	121449	69	121449	0.00746377	0.00397633	0.003	0.017	1760.13	1370.92	60	9243	
0.4	5.4	30	111	20	3	60	242681	60	242681	0.003	0	0.003	0.003	4044.68	2500.96	60	9422	
0.4	5.4	43	112	3	3	2	120	2	120	0.01	0	0.01	0.01	60	0	60	60	
0.4	5.4	56	113	6	3	118	415488	118	415488	0.00549152	0.00336586	0.003	0.01	3521.08	2667.28	45	9422	
0.4	5.4	31	115	11	3	84	243305	83	237981	0.00856626	0.00284216	0.003	0.01	2867.24	2095.25	60	8873	
0.4	5.4	41	117	42	3	288	239627	288	239627	0.00581944	0.00386019	0.003	0.017	832.038	723.057	43	4736	
0.4	5.4	52	122	41	3	5	300	5	300	0.0058	0.00383406	0.003	0.01	60	0	60	60	
0.4	5.4	9	124	6	3	32	113714	32	113714	0.003	0	0.003	0.003	3553.56	3040.55	60	9422	
0.4	5.4	56	126	10	3	152	399564	152	398129	0.00576316	0.00379218	0.003	0.017	2619.27	1685.66	28	9422	
0.4	5.4	57	127	11	3	183	533854	183	533854	0.00804918	0.00331377	0.003	0.017	2917.23	2236.21	45	9422	
0.4	5.4	55	129	51	3	223	271308	224	273083	0.0063125	0.00356498	0.003	0.017	1219.12	1065.09	20	9422	
0.4	5.4	41	130	56	3	117	96864	117	96864	0.00503419	0.00319194	0.003	0.01	827.897	778.399	55	5324	
0.4	5.4	21	132	26	3	6	8992	6	8992	0.00883333	0.00285774	0.003	0.01	1498.67	1204.42	60	3550	
0.4	5.4	38	134	21	3	157	470062	157	470062	0.00571974	0.00342284	0.003	0.01	2994.03	2098.5	60	9422	
0.4	5.4	39	135	69	3	12	9004	12	9004	0.00708333	0.0036045	0.003	0.01	750.333	585.298	60	1775	
0.4	5.4	47	137	5	3	170	588460	170	588460	0.00567647	0.00341178	0.003	0.01	3461.53	2536.51	45	9422	
0.4	5.4	31	138	15	3	93	277133	93	277133	0.0087957	0.00265624	0.003	0.01	2979.92	2013.73	60	9422	
0.4	5.4	41	139	70	3	145	80516	145	80516	0.00531724	0.00350536	0.003	0.017	555.283	993.12	26	9422	
0.4	5.4	41	140	64	3	2	708	2	708	0.003	0	0.003	0.003	354	415.779	60	648	
0.4	5.4	41	141	1	3	409	559763	409	558641	0.00508802	0.00320647	0.003	0.01	1365.87	1436.6	5	9422	
0.4	5.4	13	147	6	3	138	286554	138	286554	0.00756522	0.00345134	0.003	0.017	2076.48	1598.34	60	9422	
0.4	5.4	39	148	71	3	2	120	2	120	0.01	0	0.01	0.01	60	0	60	60	
0.4	5.4	36	149	11	3	181	535171	181	535171	0.00737016	0.00355606	0.003	0.017	2956.75	2140.4	60	9422	
0.4	5.4	13	150	16	3	50	120838	50	120838	0.00678	0.0035242	0.003	0.01	2416.76	2061.47	60	9422	
0.4	5.4	48	152	6	3	46	139865	46	139865	0.00923913	0.00220287	0.003	0.01	3040.54	2615.01	45	9422	
0.4	5.4	52	153	16	3	123	219111	122	218519	0.00518033	0.00325504	0.003	0.01	1791.14	1555.04	45	9422	
0.4	5.4	9	154	10	3	110	405035	109	401485	0.00633945	0.00351247	0.003	0.01	3683.35	2469.1	60	9422	
0.4	5.4	20	158	6	3	101	265925	102	270658	0.00787255	0.00338217	0.003	0.017	2653.51	1675.21	56	6507	
0.4	5.4	8	160	6	3	148	558167	148	558167	0.00404054	0.00249865	0.003	0.01	3771.4	2576.6	45	9422	
0.4	5.4	39	161	7	3	293	479280	293	479280	0.00586689	0.00344815	0.003	0.01	1635.77	1438.3	48	9422	
0.4	5.4	47	162	9	3	112	344007	112	344007	0.0065	0.00351573	0.003	0.01	3071.49	2491.8	60	9422	
0.4	5.4	49	164	6	3	60	179505	60	179505	0.00358333	0.00195102	0.003	0.01	2991.75	2154.62	60	9422	
0.4	5.4	2	165	36	3	189	282102	189	282102	0.005	0.00317068	0.003	0.01	1492.6	1268.61	60	9213	
0.4	5.4	28	166	15	3	166	616042	166	616042	0.00806024	0.0032356	0.003	0.017	3711.1	2248.09	60	9422	
0.4	5.4	34	167	41	3	139	130715	139	130715	0.00546762	0.00335637	0.003	0.01	940.396	709.147	60	3550	
0.4	5.4	14	168	1	3	147	607715	147	607715	0.00538095	0.00332762	0.003	0.01	4134.12	3123.83	45	9422	
0.4	5.4	50	169	14	3	116	373590	117	375957	0.00479487	0.0030697	0.003	0.01	3213.31	2144.89	60	9422	
0.4	5.4	24	170	12	3	71	230399	71	230399	0.00595775	0.00348235	0.003	0.01	3245.06	2217.87	60	9422	
0.4	5.4	1	176	21	3	191	614573	191	614573	0.00692146	0.00348366	0.003	0.01	3217.66	2546.66	36	9422	
0.4	5.4	52	177	45	3	2	120	2	120	0.0065	0.00494975	0.003	0.01	60	0	60	60	
0.4	5.4	13	178	27	3	137	499639	138	504372	0.0062971	0.00350684	0.003	0.01	3654.87	2672.08	45	9422	
0.4	5.4	10	179	6	3	80	277158	80	277158	0.003	0	0.003	0.003	3464.47	2481.32	60	9422	
0.4	5.4	49	180	8	3	54	143309	54	143309	0.00909259	0.00237335	0.003	0.01	2653.87	2172.19	60	8873	
0.4	5.4	6	181	1	3	89	256907	89	256907	0.00661798	0.00351783	0.003	0.01	2886.6	2083.94	60	9422	
0.4	5.4	35	183	14	3	1	60	1	60	0.003	0	0.003	0.003	60	0	60	60	
0.4	5.4	25	184	22	3	104	308974	104	308974	0.00481731	0.00308383	0.003	0.01	2970.9	2125.58	60	9422	
0.4	5.4	24	187	2	3	168	525651	168	525651	0.00775	0.00327895	0.003	0.01	3128.88	2229.79	45	9422	
0.4	5.4	15	188	15	3	6	5444	6	5444	0.00766667	0.00361478	0.003	0.01	907.333	697.236	60	1775	
0.4	5.4	45	191	3	3	144	407925	144	407925	0.00766667	0.00331135	0.003	0.01	2832.81	2616.58	45	9422	
0.4	5.4	49	194	16	3	113	434493	113	434493	0.0089469	0.00251368	0.003	0.01	3845.07	2456.01	60	9422	
0.4	5.4	19	196	15	3	226	688428	226	688428	0.00730531	0.00341365	0.003	0.01	3046.14	2242.39	45	9422	
0.4	5.4	37	201	19	3	194	242425	194	242425	0.00585051	0.00344811	0.003	0.01	1249.61	1309.47	60	9422	
0.4	5.4	13	203	10	3	56	164610	56	164610	0.003	0	0.003	0.003	2939.46	1424.25	60	5324	
0.4	5.4	11	204	20	3	3	180	3	180	0.00766667	0.00404145	0.003	0.01	60	0	60	60	
0.4	5.4	30	205	11	3	105	388834	104	384101	0.00488461	0.00311996	0.003	0.01	3693.28	2165.98	60	9422	
0.4	5.4	42	206	9	3	89	235047	89	235047	0.003	0	0.003	0.003	2640.98	2116.27	60	9422	
0.4	5.4	30	208	3	3	4	240	4	240	0.0065	0.00404145	0.003	0.01	60	0	60	60	
0.4	5.4	52	209	58	3	154	183676	154	183676	0.00577273	0.00343478	0.003	0.01	1192.7	965.815	14	5902	
0.4	5.4	54	210	2	3	91	246360	91	246360	0.00584615	0.00345743	0.003	0.01	2707.25	2090.53	45	9422	
0.4	5.4	4	212	13	3	120	536846	120	536846	0.00568333	0.00341766	0.003	0.01	4473.72	2829.74	45	9422	
0.4	5.4	39	214	61	3	172	179101	172	179101	0.00588953	0.00353835	0.003	0.017	1041.28	1078.14	60	9422	
0.4	5.4	25	215	10	3	164	555241	164	555241	0.00778049	0.00326733	0.003	0.01	3385.62	2730.31	36	9422	
0.4	5.4	57	216	8	3	209	600975	209	600975	0.00738756	0.00366087	0.003	0.017	2875.48	2079.29	60	9422	
0.4	5.4	39	219	30	3	2	120	2	120	0.0065	0.00494975	0.003	0.01	60	0	60	60	
0.4	5.4	13	220	2	3	49	184241	49	184241	0.003	0	0.003	0.003	3760.02	3059.77	60	9422	
0.4	5.4	5	222	11	3	149	654939	148	651389	0.00744594	0.00338119	0.003	0.01	4401.28	2610.39	45	9422	
0.4	5.4	20	224	9	3	93	266381	93	266381	0.0090215	0.00264977	0.003	0.017	2864.31	1773.17	60	9422	
0.4	5.4	55	225	30	3	162	283062	162	283062	0.00714815	0.00345013	0.003	0.01	1747.3	1065.81	60	5324	
0.4	5.4	55	226	9	3	3	180	3	180	0.01	0	0.01	0.01	60	0	60	60	
0.4	5.4	39	227	24	3	4	240	4	240	0.0065	0.00404145	0.003	0.01	60	0	60	60	
0.4	5.4	27	228	16	3	63	190656	63	190656	0.00366667	0.00207131	0.003	0.01	3026.29	2211.49	45	9422	
0.4	5.4	46	229	13	3	2	120	2	120	0.003	0	0.003	0.003	60	0	60	60	
0.4	5.4	35	231	22	3	78	197766	78	197766	0.00560256	0.00340488	0.003	0.01	2535.46	2397	60	8873	
0.4	5.4	42	232	6	3	104	277734	103	277142	0.00537864	0.00333171	0.003	0.01	2690.7	2301.9	45	9422	
0.4	5.4	41	233	19	3	166	155294	166	155294	0.00536144	0.00331965	0.003	0.01	935.506	772.148	6	3550	
0.4	5.4	9	234	12	3	154	434666	154	434666	0.00813636	0.00310401	0.003	0.01	2822.51	2198.26	45	9422	
0.4	5.4	52	236	35	3	1	60	1	60	0.003	0	0.003	0.003	60	0	60	60	
0.4	5.4	5	237	4	3	96	336762	96	336762	0.00321875	0.00122434	0.003	0.01	3507.94	2113.62	45	9422	
0.4	5.4	41	238	43	3	244	146617	244	146617	0.00572541	0.0037033	0.003	0.017	600.889	544.063	16	2961	
0.4	5.4	21	241	7	3	104	301303	104	301303	0.00374038	0.00216322	0.003	0.01	2897.14	2390.16	45	9422	
0.4	5.4	26	242	13	3	109	453325	109	453325	0.003	0	0.003	0.003	4158.94	2595.27	45	9422	
0.4	5.4	41	244	11	3	2	120	2	120	0.01	0.00989949	0.003	0.017	60	0	60	60	
0.4	5.4	33	247	19	3	129	464090	129	464090	0.00755814	0.00346164	0.003	0.017	3597.6	2500.59	60	9422	
0.4	5.4	52	250	56	3	1	60	1	60	0.01	0	0.01	0.01	60	0	60	60	
0.4	5.4	10	251	5	3	181	538701	181	538701	0.00551381	0.00360186	0.003	0.017	2976.25	2249.09	28	9422	
0.4	5.4	21	253	37	3	11	10775	11	10775	0.00363636	0.00211058	0.003	0.01	979.545	622.219	60	1775	
0.4	5.4	56	260	16	3	117	241252	118	243014	0.00685593	0.00405154	0.003	0.017	2059.44	1769.17	30	9422	
0.4	5.4	33	264	14	3	123	422683	123	422683	0.00618699	0.00350023	0.003	0.01	3436.45	2234.4	45	9422	
0.4	5.4	31	267	12	3	140	625487	140	625487	0.0072	0.0034416	0.003	0.01	4467.76	3023.44	45	9422	
0.4	5.4	36	268	1	3	107	296704	107	296704	0.00862617	0.00325206	0.003	0.017	2772.93	2307.55	45	9422	
0.4	5.4	36	269	9	3	3	1892	3	1892	0.00766667	0.00404145	0.003	0.01	630.667	562.2	60	1184	
0.4	5.4	13	271	13	3	3	180	3	180	0.00533333	0.00404145	0.003	0.01	60	0	60	60	
0.4	5.4	35	273	11	3	124	398333	123	394192	0.00766667	0.00331333	0.003	0.01	3204.81	2268.8	45	9422	
0.4	5.4	3	275	7	3	90	232675	90	230309	0.00727778	0.0034316	0.003	0.01	2558.99	1669.06	60	9422	
0.4	5.4	52	276	23	3	123	150491	123	150491	0.00601626	0.00401633	0.003	0.017	1223.5	1207.05	60	7690	
0.4	5.4	34	278	27	3	164	161425	165	163906	0.00431515	0.00274263	0.003	0.01	993.37	969.012	43	5072	
0.4	5.4	49	279	9	3	51	142819	51	142819	0.00643137	0.00353415	0.003	0.01	2800.37	1765.41	60	6507	
0.4	5.4	37	281	22	3	200	233452	200	233452	0.00608	0.00362204	0.003	0.017	1167.26	902.392	12	7099	
0.4	5.4	33	283	7	3	4	240	4	240	0.0065	0.00404145	0.003	0.01	60	0	60	60	
0.4	5.4	10	284	1	3	27	25585	27	25585	0.00662963	0.00405869	0.003	0.017	947.593	553.587	60	2367	
0.4	5.4	13	290	14	3	38	109587	38	109587	0.00428947	0.00275002	0.003	0.01	2883.87	2248.23	60	9422	
0.4	5.4	25	291	9	3	135	535457	135	539006	0.0072	0.00364835	0.003	0.017	3992.64	3022.3	45	9422	
0.4	5.4	35	294	21	3	69	164644	69	164644	0.00827536	0.00405435	0.003	0.017	2386.14	1766.76	60	9422	
0.4	5.4	20	295	7	3	135	481259	135	481259	0.00600741	0.00347807	0.003	0.01	3564.88	1818.43	57	9422	
0.4	5.4	51	296	11	3	6	8992	6	8992	0.00766667	0.00361478	0.003	0.01	1498.67	1204.42	60	3550	
0.4	5.4	27	298	21	3	188	683142	188	683142	0.003	0	0.003	0.003	3633.73	2370.68	45	9422	
0.4	5.4	25	299	14	3	60	160113	60	160113	0.00871667	0.00302022	0.003	0.017	2668.55	2535.1	60	9422	
0.4	5.4	37	300	71	3	76	153437	76	153437	0.00475	0.00305123	0.003	0.01	2018.91	1810.49	57	9422	
0.4	5.4	3	301	14	3	174	528466	174	528466	0.0069023	0.00348684	0.003	0.01	3037.16	2231.3	45	9422	
0.4	5.4	41	302	30	3	106	72465	106	72465	0.00484906	0.00310082	0.003	0.01	683.632	623.601	60	4904	
0.4	5.4	52	303	38	3	315	242413	315	242413	0.00522222	0.00371108	0.003	0.017	769.565	611.589	8	4395	
0.4	5.4	41	304	37	3	303	186464	303	186464	0.00457096	0.00308716	0.003	0.017	615.393	519.619	18	3182	
0.4	5.4	55	305	27	3	137	172414	137	172414	0.00570803	0.00342173	0.003	0.01	1258.5	1055.83	60	5664	
0.4	5.4	50	306	20	3	111	312075	111	312075	0.00766667	0.00357347	0.003	0.017	2811.49	2215.05	45	9422	
0.4	5.4	36	309	12	3	105	263456	105	263456	0.00646667	0.00351663	0.003	0.01	2509.1	1929.34	57	9422	
0.4	5.4	56	310	13	3	153	548504	153	548504	0.00547059	0.00335618	0.003	0.01	3584.99	2772.71	45	9422	
0.4	5.4	57	311	26	3	47	117869	47	117869	0.0067234	0.00353062	0.003	0.01	2507.85	2295.82	60	8873	
0.4	5.4	8	312	8	3	165	601364	165	601364	0.003	0	0.003	0.003	3644.63	2525.44	45	9422	
0.4	5.4	23	314	2	3	57	111372	57	111372	0.00570175	0.00343805	0.003	0.01	1953.89	1100.23	60	4904	
0.4	5.4	2	315	9	3	1	60	1	60	0.01	0	0.01	0.01	60	0	60	60	
0.4	5.4	2	316	34	3	210	285652	210	285652	0.0064	0.00455398	0.003	0.017	1360.25	1552.67	6	9422	
0.4	5.4	41	320	38	3	392	485475	392	485475	0.00491071	0.00312235	0.003	0.01	1238.46	1067.42	43	9401	
0.4	5.4	26	321	7	3	143	456895	143	456895	0.00583916	0.00344913	0.003	0.01	3195.07	1886.76	45	9422	
0.4	5.4	7	322	2	3	24	77038	24	77038	0.00445833	0.00290396	0.003	0.01	3209.92	1676.38	60	5916	
0.4	5.4	32	323	19	3	118	464005	118	464005	0.003	0	0.003	0.003	3932.25	2677.19	45	9422	
0.4	5.4	52	324	65	3	111	99040	111	99040	0.00533333	0.00344656	0.003	0.017	892.252	760.14	12	6069	
0.4	5.4	56	326	24	3	178	590766	177	590174	0.00659887	0.00373901	0.003	0.017	3334.32	2559.41	34	9422	
0.4	5.4	37	327	21	3	195	260793	195	260793	0.00540513	0.0033329	0.003	0.01	1337.4	908.126	7	4904	
0.4	5.4	7	328	9	3	88	188306	87	186531	0.0083908	0.00349204	0.003	0.017	2144.03	1985.49	60	9422	
0.4	5.4	22	329	17	3	179	596569	179	596569	0.00585475	0.00382792	0.003	0.017	3332.79	2450.45	45	9422	
0.4	5.4	55	330	43	3	18	10904	18	10904	0.00455555	0.00299455	0.003	0.01	605.778	494.878	60	1775	
0.4	5.4	29	331	11	3	49	179382	48	175241	0.00854167	0.0028729	0.003	0.01	3650.85	2431.47	60	9422	
0.4	5.4	41	332	78	3	96	35204	96	35204	0.00475	0.003047	0.003	0.01	366.708	317.369	31	1775	
0.4	5.4	52	333	63	3	198	331006	199	332101	0.00584925	0.00344764	0.003	0.01	1668.85	1397.33	43	9422	
0.4	5.4	48	334	16	3	36	95965	36	95965	0.00902778	0.00245515	0.003	0.01	2665.69	1585.44	60	7099	
0.4	5.4	37	335	25	3	177	154338	177	154338	0.00620339	0.00465801	0.003	0.017	871.966	771.336	60	4395	
0.4	5.4	49	336	2	3	33	108387	32	104246	0.009125	0.00235208	0.003	0.01	3257.69	2234.88	60	9422	
0.4	5.4	24	338	13	3	168	755048	168	755048	0.00625	0.0035015	0.003	0.01	4494.33	2651.74	45	9422	
0.4	5.4	37	339	75	3	195	403850	195	403850	0.00422051	0.00266276	0.003	0.01	2071.03	1638.03	15	8873	
0.4	5.4	41	340	4	3	387	532478	387	532478	0.0044832	0.00286422	0.003	0.01	1375.91	1176.34	27	9422	
0.4	5.4	41	341	16	3	4	240	4	240	0.0065	0.00404145	0.003	0.01	60	0	60	60	
0.4	5.4	54	343	7	3	125	241705	125	241705	0.007312	0.00374901	0.003	0.017	1933.64	1452.33	50	9422	
0.4	5.4	7	345	4	3	7	14316	7	14316	0.008	0.00341565	0.003	0.01	2045.14	1816.4	60	5324	
0.4	5.4	5	347	9	3	51	155139	51	155139	0.00890196	0.00257103	0.003	0.01	3041.94	2197.8	60	9422	
0.4	5.4	48	348	8	3	1	60	1	60	0.003	0	0.003	0.003	60	0	60	60	
0.4	5.4	41	349	75	3	324	295173	324	295173	0.00570062	0.00345693	0.003	0.017	911.028	920.163	10	7098	
0.4	5.4	52	351	9	3	68	83615	68	83615	0.00505882	0.00321323	0.003	0.01	1229.63	922.637	60	5324	
0.4	5.4	39	353	49	3	115	140455	115	140455	0.00653043	0.00397431	0.003	0.017	1221.35	1564.52	36	9422	
0.4	5.4	6	356	14	3	141	469859	141	469859	0.00771631	0.00349965	0.003	0.017	3332.33	2176.76	36	9422	
0.4	5.4	20	358	2	3	50	141532	50	141532	0.00538	0.00334963	0.003	0.01	2830.64	2292.38	60	9422	
0.4	5.4	24	360	10	3	100	366952	100	366952	0.003	0	0.003	0.003	3669.52	2004.99	60	9422	
0.4	5.4	50	361	11	3	32	58112	32	58112	0.00759375	0.00421104	0.003	0.017	1816	1130.11	48	5324	
0.4	5.4	39	362	75	3	4	770	4	770	0.00825	0.00670199	0.003	0.017	192.5	302.779	5	645	
0.4	5.4	54	363	18	3	30	68179	30	68179	0.00836667	0.00352805	0.003	0.017	2272.63	1917.52	60	9422	
0.4	5.4	38	365	9	3	69	243303	69	243303	0.003	0	0.003	0.003	3526.13	2320.38	60	9422	
0.4	5.4	3	366	25	3	232	590941	232	590941	0.00818965	0.00386664	0.003	0.024	2547.16	1934.88	36	9422	
0.4	5.4	55	367	47	3	149	270054	149	270054	0.00591275	0.00346202	0.003	0.01	1812.44	1022.47	4	4733	
0.4	5.4	3	369	12	3	4	3667	4	3667	0.00475	0.0035	0.003	0.01	916.75	733.545	60	1775	
0.4	5.4	11	370	12	3	273	752926	274	755649	0.00672993	0.00384118	0.003	0.017	2757.84	2199.44	40	9422	
0.4	5.4	31	371	16	3	79	309651	79	309651	0.003	0	0.003	0.003	3919.63	2476.2	45	9422	
0.4	5.4	13	373	9	3	191	764115	190	761157	0.00583684	0.00344568	0.003	0.01	4006.09	2566.47	45	9422	
0.4	5.4	12	374	2	3	9	21475	8	14376	0.01	0	0.01	0.01	1797	1822.24	60	5324	
0.4	5.4	37	375	10	3	2	120	2	120	0.0135	0.00494975	0.01	0.017	60	0	60	60	
0.4	5.4	40	377	9	3	6	360	6	360	0.00883333	0.00285774	0.003	0.01	60	0	60	60	
0.4	5.4	55	378	5	3	70	98388	70	98388	0.0069	0.00423632	0.003	0.017	1405.54	1176.08	60	6425	
0.4	5.4	43	379	1	3	175	507214	171	498929	0.00840351	0.0033141	0.003	0.017	2917.71	2374.64	28	9422	
0.4	5.4	3	380	22	3	86	134460	86	134460	0.003	0	0.003	0.003	1563.49	2150.29	60	9422	
0.4	5.4	41	381	77	3	32	14473	32	14473	0.00475	0.00307959	0.003	0.01	452.281	461.978	60	1775	
0.4	5.4	34	382	57	3	491	321523	491	321523	0.00516701	0.00364616	0.003	0.017	654.833	674.865	8	6882	
0.4	5.4	1	383	15	3	99	285919	99	285919	0.003	0	0.003	0.003	2888.07	1795.54	60	9422	
0.4	5.4	52	385	29	3	209	367980	209	367980	0.003	0	0.003	0.003	1760.67	1310.32	60	8282	
0.4	5.4	51	387	15	3	2	120	2	120	0.01	0	0.01	0.01	60	0	60	60	
0.4	5.4	50	389	8	3	2	708	2	708	0.003	0	0.003	0.003	354	415.779	60	648	
0.4	5.4	39	390	66	3	106	199602	106	199602	0.003	0	0.003	0.003	1883.04	1472.23	60	9422	
0.4	5.4	3	391	24	3	22	24500	22	24500	0.00618182	0.00356753	0.003	0.01	1113.64	601.123	60	1980	
0.4	5.4	21	392	41	3	273	704466	273	704466	0.00735897	0.00370355	0.003	0.017	2580.46	2137.71	60	9422	
0.4	5.4	3	393	13	3	106	303660	107	304844	0.00751402	0.00336565	0.003	0.01	2849.01	2067.94	60	8873	
0.4	5.4	44	394	5	3	133	481717	133	481717	0.00936842	0.00201311	0.003	0.01	3621.93	1889.74	60	9422	
0.4	5.4	34	395	42	3	9	2494	9	2494	0.00455555	0.00308671	0.003	0.01	277.111	163.445	60	648	
0.4	5.4	54	396	19	3	128	282047	128	282047	0.00639062	0.00351204	0.003	0.01	2203.49	1644.1	35	9422	
0.4	5.4	3	397	16	3	78	236794	78	236794	0.00820513	0.00327667	0.003	0.017	3035.82	2318.28	60	9422	
0.4	5.4	39	398	28	3	214	377238	214	377238	0.00574766	0.0034262	0.003	0.01	1762.79	1379.62	11	7099	
0.4	5.4	55	399	54	3	8	14319	8	14319	0.003875	0.00247487	0.003	0.01	1789.88	1178.71	60	3550	
0.4	5.4	23	400	13	3	76	192432	76	192432	0.00714474	0.00346296	0.003	0.01	2532	1863.18	60	8282	
0.4	5.4	23	401	18	3	28	65802	28	65802	0.007	0.00352767	0.003	0.01	2350.07	1919.09	36	7099	
0.4	5.4	37	404	53	3	87	96161	86	94325	0.00633721	0.00452083	0.003	0.017	1096.8	1103.83	60	8079	
0.4	5.4	15	405	7	3	83	300093	83	300093	0.00578313	0.00344663	0.003	0.01	3615.58	2754.72	45	9422	
0.4	5.4	16	407	8	3	5	300	5	300	0.0086	0.0031305	0.003	0.01	60	0	60	60	
0.4	5.4	57	408	3	3	110	192002	110	192002	0.00707273	0.00359589	0.003	0.017	1745.47	1718.03	60	9422	
0.4	5.4	44	409	1	3	167	638273	167	638273	0.00522156	0.00326796	0.003	0.01	3821.99	3020.26	45	9422	
0.4	5.4	37	410	73	3	180	199710	180	199710	0.00595555	0.00362151	0.003	0.017	1109.5	1014.22	36	9422	
0.4	5.4	18	411	3	3	86	229214	86	229214	0.00877907	0.00267186	0.003	0.01	2665.28	2086.84	60	9422	
0.4	5.4	18	412	16	3	137	494867	137	494867	0.0089781	0.00248071	0.003	0.01	3612.17	2311.95	45	9422	
0.4	5.4	25	413	8	3	76	273473	76	273473	0.00880263	0.00310707	0.003	0.017	3598.33	2512.42	60	8873	
0.4	5.4	19	416	6	3	3	180	3	180	0.00766667	0.00404145	0.003	0.01	60	0	60	60	
0.4	5.4	55	417	57	3	195	336405	195	336405	0.00633846	0.00404081	0.003	0.017	1725.15	1586.93	60	9422	
0.4	5.4	54	419	20	3	110	216252	110	216252	0.00777273	0.00340981	0.003	0.017	1965.93	1998.82	60	9422	
0.4	5.4	52	420	26	3	155	243985	155	243985	0.00683871	0.00349486	0.003	0.01	1574.1	1141.02	56	4904	
0.4	5.4	37	421	29	3	150	211611	150	211611	0.00514667	0.00323858	0.003	0.01	1410.74	964.33	60	4141	
0.4	5.4	17	422	5	3	194	570186	194	570186	0.00754639	0.00342354	0.003	0.017	2939.1	2283.7	36	9422	
0.4	5.4	2	423	7	3	189	577333	189	577333	0.003	0	0.003	0.003	3054.67	2305.28	45	9422	
0.4	5.4	10	425	12	3	135	299111	135	299111	0.00600741	0.00347807	0.003	0.01	2215.64	1933.17	60	9422	
0.4	5.4	24	426	17	3	42	86527	42	86527	0.00916667	0.00414915	0.003	0.017	2060.17	2031.58	60	9422	
0.4	5.4	52	427	60	3	326	389955	326	389955	0.00581288	0.00381156	0.003	0.017	1196.18	971.025	60	6207	
0.4	5.4	35	429	3	3	98	285909	98	285909	0.00335714	0.00154819	0.003	0.01	2917.44	1993.09	60	9422	
0.4	5.4	57	430	22	3	55	123209	55	123209	0.00847273	0.00460617	0.003	0.017	2240.16	2096.44	60	9422	
0.4	5.4	46	433	3	3	266	730042	265	726492	0.00849434	0.00294536	0.003	0.017	2741.48	1888.45	57	9422	
0.4	5.4	45	434	2	3	138	362865	138	362865	0.00857971	0.00306811	0.003	0.017	2629.46	2327.38	36	9422	
0.4	5.4	52	435	44	3	173	331135	173	331135	0.00324277	0.00128453	0.003	0.01	1914.08	1449.67	60	9422	
0.4	5.4	48	437	15	3	98	387635	98	387635	0.0085	0.00288705	0.003	0.01	3955.46	2111.36	60	9422	
0.4	5.4	23	439	21	3	161	456460	161	456460	0.0073913	0.0034842	0.003	0.017	2835.16	1791.46	60	9422	
0.4	5.4	27	441	6	3	63	153982	64	158377	0.00825	0.00329983	0.003	0.017	2474.64	1744.06	60	9422	
0.4	5.4	56	442	4	3	108	340940	108	340940	0.00513889	0.00323953	0.003	0.01	3156.85	2373.59	45	9422	
0.4	5.4	37	443	2	3	196	244675	194	241194	0.00603093	0.0034774	0.003	0.01	1243.27	831.223	6	5324	
0.4	5.4	42	445	21	3	177	491969	177	491969	0.00774576	0.00344565	0.003	0.017	2779.49	1845.01	45	9422	
0.4	5.4	2	446	13	3	178	479719	178	479719	0.00532022	0.00330446	0.003	0.01	2695.05	2389.75	5	9422	
0.4	5.4	14	447	7	3	62	204832	62	204832	0.003	0	0.003	0.003	3303.74	1808.67	60	7690	
0.4	5.4	39	450	67	3	27	17899	24	16696	0.00708333	0.00457704	0.003	0.017	695.667	565.569	60	1775	
0.4	5.4	8	451	2	3	206	591209	204	577392	0.00728921	0.00341825	0.003	0.01	2830.35	1955.01	60	9422	
0.4	5.4	12	452	5	3	25	91825	25	91825	0.00664	0.00356931	0.003	0.01	3673	2198.56	60	9422	
0.4	5.4	39	454	57	3	229	190484	227	188708	0.00623788	0.00442797	0.003	0.017	831.313	627.608	60	4395	
0.4	5.4	21	456	23	3	33	62982	32	62841	0.0086875	0.00574421	0.003	0.024	1963.78	1946.56	60	9422	
0.4	5.4	5	457	15	3	190	794984	190	794984	0.00447368	0.00286132	0.003	0.01	4184.13	2472.85	45	9422	
0.4	5.4	37	458	64	3	108	110289	107	109194	0.00672897	0.00443947	0.003	0.017	1020.5	819.041	6	4395	
0.4	5.4	13	459	11	3	165	704706	165	704706	0.003	0	0.003	0.003	4270.95	2865.36	45	9422	
0.4	5.4	8	461	27	3	171	529808	171	529808	0.00672515	0.00350301	0.003	0.01	3098.29	2213.57	10	9422	
0.4	5.4	34	462	49	3	258	311714	258	311714	0.00462791	0.00296299	0.003	0.01	1208.19	1099.25	37	7099	
0.4	5.4	32	466	22	3	2	708	2	708	0.01	0	0.01	0.01	354	415.779	60	648	
0.4	5.4	34	467	5	3	4	240	4	240	0.00475	0.0035	0.003	0.01	60	0	60	60	
0.4	5.4	55	469	6	3	3	180	3	180	0.00533333	0.00404145	0.003	0.01	60	0	60	60	
0.4	5.4	4	471	2	3	159	702501	159	702501	0.00832704	0.00299471	0.003	0.01	4418.25	2900.72	45	9422	
0.4	5.4	11	473	15	3	112	309000	112	309000	0.0043125	0.00290086	0.003	0.017	2758.93	1994.58	60	9422	
0.4	5.4	20	474	1	3	177	569482	177	569482	0.00869491	0.00345386	0.003	0.017	3217.41	2426.07	45	9422	
0.4	5.4	39	475	44	3	217	364924	217	364924	0.00516129	0.00324134	0.003	0.01	1681.68	1207.22	27	9422	
0.4	5.4	6	476	19	3	164	608353	164	608353	0.0067561	0.00350131	0.003	0.01	3709.47	2616.28	45	9422	
0.4	5.4	33	481	15	3	89	365738	89	365738	0.00457303	0.00293833	0.003	0.01	4109.42	2344.06	60	9422	
0.4	5.4	28	482	2	3	68	297933	68	297933	0.00361765	0.00200022	0.003	0.01	4381.37	2651.22	45	9422	
0.4	5.4	52	484	11	3	1	60	1	60	0.01	0	0.01	0.01	60	0	60	60	
0.4	5.4	55	485	10	3	126	249295	126	249295	0.00655555	0.00351353	0.003	0.01	1978.53	1376.25	39	8282	
0.4	5.4	49	486	14	3	2	120	2	120	0.01	0	0.01	0.01	60	0	60	60	
0.4	5.4	57	489	20	3	40	78881	40	78881	0.008075	0.00354015	0.003	0.017	1972.03	1334.34	60	5324	
0.4	5.4	1	490	13	3	13	32069	13	32069	0.00838461	0.0030697	0.003	0.01	2466.85	1631.82	60	5324	
0.4	5.4	41	492	23	3	1	60	1	60	0.003	0	0.003	0.003	60	0	60	60	
0.4	5.4	26	494	11	3	57	225545	56	224953	0.006375	0.00352942	0.003	0.01	4017.02	2780.78	60	9422	
0.4	5.4	3	496	10	3	32	77040	32	77040	0.00759375	0.00337791	0.003	0.01	2407.5	1670.67	60	5916	
0.4	5.4	32	499	14	3	121	494713	121	494713	0.00612397	0.00349421	0.003	0.01	4088.54	2116.46	60	9422	
0.4	5.4	31	500	3	3	17	54550	17	54550	0.00547059	0.00344815	0.003	0.01	3208.82	2522.09	60	9422	
0.4	5.4	12	501	7	3	29	66388	29	66388	0.01	0	0.01	0.01	2289.24	2634.2	60	9422	
0.4	5.4	14	502	4	3	21	39170	21	39170	0.005	0.00324037	0.003	0.01	1865.24	1071.16	60	3550	
0.4	5.4	38	503	12	3	77	191977	77	191977	0.00518182	0.00345546	0.003	0.017	2493.21	2403.26	60	9422	
0.4	5.4	26	506	1	3	117	349960	117	349960	0.00802564	0.00329436	0.003	0.017	2991.11	2108.59	60	9422	
0.4	5.4	37	510	45	3	202	400343	202	400343	0.00622277	0.00349767	0.003	0.01	1981.9	1874.95	16	9422	
0.4	5.4	48	511	2	3	58	158682	58	158682	0.00818965	0.00309191	0.003	0.01	2735.9	1984.67	60	9422	
0.4	5.4	7	513	6	3	154	649231	154	649231	0.00618182	0.00349688	0.003	0.01	4215.79	2982.29	45	9422	
0.4	5.4	52	514	7	3	5	300	5	300	0.0072	0.00383406	0.003	0.01	60	0	60	60	
0.4	5.4	54	515	5	3	75	208525	75	208525	0.00692	0.00349811	0.003	0.01	2780.33	2343.92	60	9422	
0.4	5.4	43	516	4	3	5	300	5	300	0.0072	0.00383406	0.003	0.01	60	0	60	60	
0.4	5.4	23	517	19	3	159	461195	159	461195	0.00647799	0.00351099	0.003	0.01	2900.6	1898.79	60	9422	
0.4	5.4	52	518	27	3	175	332305	175	332305	0.00484	0.00309014	0.003	0.01	1898.89	1743.01	4	9422	
0.4	5.4	44	519	9	3	77	251574	77	251574	0.00527273	0.00329927	0.003	0.01	3267.19	2023.81	45	9422	
0.4	5.4	23	520	5	3	160	602529	160	602529	0.003	0	0.003	0.003	3765.81	2783.93	45	9422	
0.4	5.4	17	521	6	3	139	380483	138	375159	0.00776811	0.00338155	0.003	0.017	2718.54	2029.86	39	9422	
0.4	5.4	13	522	28	3	202	762418	202	762418	0.00511386	0.0032218	0.003	0.01	3774.35	2546.87	45	9422	
0.4	5.4	8	524	25	3	10	31474	10	31474	0.003	0	0.003	0.003	3147.4	3155.04	60	9422	
0.4	5.4	19	525	4	3	198	620318	198	620318	0.00731313	0.00341286	0.003	0.01	3132.92	2202.7	57	9422	
0.4	5.4	23	526	7	3	57	138002	57	138002	0.00545614	0.00385482	0.003	0.017	2421.09	2244.35	45	9422	
0.4	5.4	25	527	4	3	49	142720	49	142720	0.00357143	0.00193649	0.003	0.01	2912.65	2208.11	60	9422	
0.4	5.4	25	528	2	3	70	170071	70	170071	0.008	0.00340077	0.003	0.017	2429.59	1800.14	60	8873	
0.4	5.4	31	529	14	3	27	104242	27	104242	0.00818518	0.00312603	0.003	0.01	3860.81	3156.08	60	9422	
0.4	5.4	34	530	19	3	170	173731	170	173731	0.00497647	0.00404553	0.003	0.017	1021.95	920.979	41	4395	
0.4	5.4	43	532	14	3	173	596895	173	596895	0.00664162	0.00358759	0.003	0.017	3450.26	2788.21	36	9422	
0.4	5.4	33	533	13	3	85	184150	85	184150	0.00810588	0.00348132	0.003	0.017	2166.47	1711.43	60	9422	
0.4	5.4	39	535	43	3	1	60	1	60	0.003	0	0.003	0.003	60	0	60	60	
0.4	5.4	6	537	8	3	158	540439	158	540439	0.00782911	0.00324811	0.003	0.01	3420.5	2877.65	45	9422	
0.4	5.4	36	538	4	3	159	625009	158	623234	0.00565823	0.00340807	0.003	0.01	3944.52	2462.65	60	9422	
0.4	5.4	11	539	4	3	131	452988	131	452988	0.0071145	0.00345886	0.003	0.01	3457.92	2650.55	60	9422	
0.4	5.4	7	540	1	3	117	362247	117	362247	0.00718803	0.00356693	0.003	0.017	3096.13	2552.74	36	9422	
0.4	5.4	53	543	7	3	207	427445	206	424770	0.00762136	0.00409668	0.003	0.017	2061.99	1658.24	60	9422	
0.4	5.4	11	544	17	3	143	464604	143	460803	0.00647552	0.00351222	0.003	0.01	3222.4	2112.09	45	9422	
0.4	5.4	27	545	23	3	123	296825	123	296825	0.00778049	0.00327068	0.003	0.01	2413.21	2083.17	14	9422	
0.4	5.4	14	546	15	3	56	135029	57	138783	0.00840351	0.00296322	0.003	0.01	2434.79	1593.48	60	6507	
0.4	5.4	53	547	23	3	126	340385	126	340385	0.00622222	0.00361306	0.003	0.017	2701.47	2324.1	45	9422	
0.4	5.4	22	548	1	3	23	45093	23	45093	0.00756522	0.00340889	0.003	0.01	1960.57	2220.52	60	9422	
0.4	5.4	37	549	67	3	32	19679	30	17769	0.0058	0.00472265	0.003	0.024	592.3	415.717	60	1775	
0.4	5.4	27	550	1	3	181	721954	181	721954	0.00717679	0.00344347	0.003	0.01	3988.7	2404.65	45	9422	
0.4	5.4	2	553	24	3	173	275420	173	275420	0.00688439	0.00491302	0.003	0.017	1592.02	1288.03	24	8873	
0.4	5.4	41	554	69	3	170	111305	170	111305	0.00530588	0.00363423	0.003	0.017	654.735	794.313	8	4395	
0.4	5.4	29	555	7	3	1	60	1	60	0.01	0	0.01	0.01	60	0	60	60	
0.4	5.4	15	556	8	3	184	553387	184	553387	0.0085163	0.00304964	0.003	0.017	3007.54	2045.44	45	9422	
0.4	5.4	12	558	1	3	119	529144	119	529144	0.00823529	0.00305238	0.003	0.01	4446.59	2993.52	45	9422	
0.4	5.4	53	559	20	3	221	677181	221	677181	0.00632579	0.0035036	0.003	0.01	3064.17	2623.52	45	9422	
0.4	5.4	2	560	6	3	222	477153	222	477153	0.00637387	0.00414334	0.003	0.017	2149.34	2061.03	45	9422	
0.4	5.4	41	561	27	3	430	302431	430	302431	0.00575116	0.00383226	0.003	0.024	703.328	654.898	13	4546	
0.4	5.4	3	562	2	3	134	451105	134	451105	0.003	0	0.003	0.003	3366.46	2421.99	45	9422	
0.4	5.4	35	563	16	3	98	279420	98	279420	0.00785714	0.00339496	0.003	0.017	2851.22	2069.21	60	9422	
0.4	5.4	8	565	5	3	14	16688	14	16688	0.003	0	0.003	0.003	1192	759.943	60	2961	
0.4	5.4	1	566	9	3	67	129141	67	129141	0.00655224	0.00373064	0.003	0.017	1927.48	1587.08	60	8873	
0.4	5.4	50	567	18	3	99	254086	100	256453	0.00678	0.00350636	0.003	0.01	2564.53	1760.25	60	9422	
0.4	5.4	41	569	15	3	152	100931	152	100931	0.005625	0.00376251	0.003	0.017	664.02	579.64	56	3653	
0.4	5.4	49	570	15	3	2	120	2	120	0.01	0	0.01	0.01	60	0	60	60	
0.4	5.4	34	572	34	3	282	264998	282	264998	0.00506028	0.00319585	0.003	0.01	939.709	985.031	6	5861	
0.4	5.4	17	575	4	3	107	285327	108	288286	0.0069537	0.00348665	0.003	0.01	2669.31	1954	55	9422	
0.4	5.4	11	576	10	3	59	149831	59	149831	0.00786441	0.00350102	0.003	0.017	2539.51	2346.88	60	9422	
0.4	5.4	2	579	30	3	113	188938	113	188938	0.00615929	0.00349889	0.003	0.01	1672.02	1219.42	60	5861	
0.4	5.4	39	580	73	3	276	350300	273	348499	0.00525641	0.00327763	0.003	0.01	1276.55	1117	4	9422	
0.4	5.4	25	584	7	3	26	81766	25	78216	0.00832	0.00305123	0.003	0.01	3128.64	2515.29	60	9422	
0.4	5.4	50	587	19	3	50	136214	49	133847	0.00442857	0.00285044	0.003	0.01	2731.57	2066.81	60	9422	
0.4	5.4	40	588	19	3	63	207786	63	207786	0.00666667	0.00352411	0.003	0.01	3298.19	2074.86	60	9422	
0.4	5.4	34	589	38	3	7	3672	6	2488	0.0065	0.00383406	0.003	0.01	414.667	308.701	53	807	
0.4	5.4	42	591	1	3	1	60	1	60	0.01	0	0.01	0.01	60	0	60	60	
0.4	5.4	41	592	67	3	173	124702	173	124702	0.00526589	0.00361503	0.003	0.017	720.821	828.806	14	4395	
0.4	5.4	11	593	6	3	107	267012	107	261688	0.00757944	0.00373671	0.003	0.017	2445.68	2105.8	57	9422	
0.4	5.4	50	595	17	3	104	382342	105	388258	0.00493333	0.0031448	0.003	0.01	3697.7	2301.97	60	9422	
0.4	5.4	9	597	13	3	5	5442	5	5442	0.0086	0.0031305	0.003	0.01	1088.4	742.216	60	1775	
0.4	5.4	57	599	21	3	94	282376	94	282376	0.00798936	0.0034996	0.003	0.017	3004	2294.34	45	9422	
0.4	5.4	21	602	25	3	129	292589	129	292589	0.00750387	0.00347789	0.003	0.017	2268.13	1846.58	60	9422	
0.4	5.4	22	603	19	3	141	477724	141	477724	0.00821276	0.00306316	0.003	0.01	3388.11	2488.97	45	9422	
0.4	5.4	41	605	17	3	1	60	1	60	0.003	0	0.003	0.003	60	0	60	60	
0.4	5.4	34	607	10	3	255	170971	255	170971	0.00505882	0.00348457	0.003	0.017	670.475	589.932	6	3982	
0.4	5.4	52	609	3	3	3	180	3	180	0.00766667	0.00404145	0.003	0.01	60	0	60	60	
0.4	5.4	34	610	48	3	263	500343	265	506259	0.00519245	0.00325273	0.003	0.01	1910.41	2010.59	26	9422	
0.4	5.4	39	612	22	3	3	180	3	180	0.003	0	0.003	0.003	60	0	60	60	
0.4	5.4	57	614	4	3	5	4851	5	4851	0.0058	0.00383406	0.003	0.01	970.2	646.413	60	1775	
0.4	5.4	52	615	32	3	202	278549	202	278549	0.00580693	0.00357817	0.003	0.017	1378.96	1010.62	5	5664	
0.4	5.4	16	616	3	3	78	249797	78	249797	0.00667949	0.00351802	0.003	0.01	3202.53	2227.27	60	9422	
0.4	5.4	37	617	39	3	162	178425	162	178425	0.00576543	0.00392878	0.003	0.017	1101.39	794.708	47	4395	
0.4	5.4	14	618	13	3	160	659208	160	659208	0.0032625	0.00133406	0.003	0.01	4120.05	2848.39	45	9422	
0.4	5.4	51	619	6	3	229	521736	229	521736	0.00679039	0.00390228	0.003	0.017	2278.32	2018.21	52	9422	
0.4	5.4	41	620	68	3	62	104897	62	104897	0.003	0	0.003	0.003	1691.89	1944.14	55	9422	
0.4	5.4	37	621	35	3	184	319774	184	319774	0.00554891	0.00337749	0.003	0.01	1737.9	1589.11	60	9422	
0.4	5.4	6	622	18	3	111	391579	111	391579	0.00798198	0.00318514	0.003	0.01	3527.74	2647.17	45	9422	
0.4	5.4	12	623	4	3	10	21420	10	21420	0.01	0	0.01	0.01	2142	1551.72	60	4395	
0.4	5.4	39	625	21	3	3	180	3	180	0.00533333	0.00404145	0.003	0.01	60	0	60	60	
0.4	5.4	42	626	16	3	1	60	1	60	0.01	0	0.01	0.01	60	0	60	60	
0.4	5.4	41	630	89	3	169	198642	169	198642	0.00531953	0.00339182	0.003	0.017	1175.4	1220.62	60	7690	
0.4	5.4	21	631	29	3	209	276861	209	276861	0.00695215	0.00458862	0.003	0.024	1324.69	1183.45	44	9422	
0.4	5.4	57	632	2	3	164	584556	164	584556	0.003	0	0.003	0.003	3564.37	2791.56	45	9422	
0.4	5.4	14	633	16	3	207	700553	207	700553	0.00810628	0.00333826	0.003	0.017	3384.31	2668.86	45	9422	
0.4	5.4	34	634	62	3	303	287675	303	287675	0.00517162	0.00324347	0.003	0.01	949.422	822.72	24	4395	
0.4	5.4	41	635	52	3	13	2616	13	2616	0.00407692	0.00262874	0.003	0.01	201.231	108.908	33	453	
0.4	5.4	43	636	8	3	115	362244	115	362244	0.0072	0.00344429	0.003	0.01	3149.95	2595.17	36	9422	
0.4	5.4	35	639	4	3	20	56922	20	56922	0.0065	0.00359092	0.003	0.01	2846.1	2524.4	60	9422	
0.4	5.4	41	641	32	3	242	174462	241	173870	0.00613693	0.00498267	0.003	0.024	721.452	798.915	21	6882	
0.4	5.4	38	642	5	3	162	431729	164	437115	0.00726829	0.00367899	0.003	0.017	2665.34	2109.56	28	9422	
0.4	5.4	49	643	11	3	4	240	4	240	0.00475	0.0035	0.003	0.01	60	0	60	60	
0.4	5.4	9	644	8	3	4	3667	4	3667	0.003	0	0.003	0.003	916.75	733.545	60	1775	
0.4	5.4	4	645	3	3	149	642385	149	642385	0.00455033	0.00291649	0.003	0.01	4311.31	2599.72	45	9422	
0.4	5.4	41	647	26	3	2	708	2	708	0.0065	0.00494975	0.003	0.01	354	415.779	60	648	
0.4	5.4	41	648	85	3	263	296297	263	296297	0.0061673	0.00426267	0.003	0.024	1126.6	1829.77	9	9422	
0.4	5.4	11	650	16	3	88	273718	88	273718	0.00610227	0.00349726	0.003	0.01	3110.43	2473.47	45	9422	
0.4	5.4	30	653	19	3	4	3667	4	3667	0.0065	0.00404145	0.003	0.01	916.75	733.545	60	1775	
0.4	5.4	38	655	26	3	96	222139	96	222139	0.00307292	0.000714435	0.003	0.01	2313.95	1302.74	60	5324	
0.4	5.4	13	656	8	3	111	337636	110	337044	0.00560909	0.0034002	0.003	0.01	3064.04	2646.41	45	9422	
0.4	5.4	29	659	18	3	110	352169	109	348619	0.00775229	0.00328339	0.003	0.01	3198.34	1863.99	45	9422	
0.4	5.4	45	662	5	3	2	120	2	120	0.0065	0.00494975	0.003	0.01	60	0	60	60	
0.4	5.4	56	664	17	3	107	319068	107	319068	0.003	0	0.003	0.003	2981.94	1908.98	60	9422	
0.4	5.4	23	665	6	3	76	195398	77	196877	0.00709091	0.00347238	0.003	0.01	2556.84	1522.17	36	7099	
0.4	5.4	51	667	1	3	19	52780	19	52780	0.003	0	0.003	0.003	2777.89	2941.12	60	9422	
0.4	5.4	14	671	10	3	4	240	4	240	0.00825	0.0035	0.003	0.01	60	0	60	60	
0.4	5.4	9	672	17	3	80	258791	80	258791	0.0051875	0.00326506	0.003	0.01	3234.89	2830.98	60	9422	
0.4	5.4	7	673	17	3	28	62250	28	62250	0.00925	0.00348143	0.003	0.017	2223.21	1530.76	60	5324	
0.4	5.4	1	679	16	3	89	205481	89	205481	0.00708989	0.00346948	0.003	0.01	2308.78	1598.4	60	7690	
0.4	5.4	50	680	4	3	92	218019	92	218019	0.00726087	0.00387687	0.003	0.017	2369.77	1789.08	39	9422	
0.4	5.4	17	681	7	3	151	557563	151	557563	0.003	0	0.003	0.003	3692.47	2430.88	60	9422	
0.4	5.4	13	683	20	3	27	65802	27	65802	0.00637037	0.00356423	0.003	0.01	2437.11	1730.66	60	6882	
0.4	5.4	3	685	9	3	59	146876	59	146876	0.00655932	0.00352954	0.003	0.01	2489.42	1942.85	45	9422	
0.4	5.4	9	686	15	3	152	643919	152	643919	0.003	0	0.003	0.003	4236.31	2577.42	45	9422	
0.4	5.4	52	687	36	3	99	50101	99	50101	0.00455555	0.00309121	0.003	0.017	506.071	395.985	60	1775	
0.4	5.4	41	689	86	3	2	120	2	120	0.0065	0.00494975	0.003	0.01	60	0	60	60	
0.4	5.4	44	690	4	3	107	336192	107	336192	0.00908411	0.00237169	0.003	0.01	3141.98	1864.82	60	8500	
0.4	5.4	1	691	8	3	179	680186	179	680186	0.00436871	0.00278405	0.003	0.01	3799.92	2824.93	45	9422	
0.4	5.4	52	694	39	3	294	376666	294	376666	0.00595238	0.00355807	0.003	0.017	1281.18	1120.98	43	9422	
0.4	5.4	35	695	12	3	70	176582	70	176582	0.0058	0.00345405	0.003	0.01	2522.6	1551.41	60	7099	
0.4	5.4	26	696	8	3	24	60473	23	57515	0.00786956	0.00492031	0.003	0.024	2500.65	1985.74	60	8079	
0.4	5.4	46	697	16	3	18	39759	18	39759	0.00844444	0.00299455	0.003	0.01	2208.83	2661.6	60	9422	
0.4	5.4	37	698	60	3	2	120	2	120	0.0065	0.00494975	0.003	0.01	60	0	60	60	
0.4	5.4	34	699	12	3	467	582581	467	582581	0.00476874	0.00304509	0.003	0.01	1247.5	1143.15	48	7690	
0.4	5.4	29	700	17	3	99	336882	99	336882	0.003	0	0.003	0.003	3402.85	2402.2	45	9422	
0.4	5.4	13	701	15	3	7	9584	7	9584	0.008	0.00341565	0.003	0.01	1369.14	1151.64	60	3550	
0.4	5.4	27	702	13	3	7	7810	7	7810	0.01	0	0.01	0.01	1115.71	607.809	60	1775	
0.4	5.4	34	703	32	3	108	102032	108	102032	0.00611111	0.00362322	0.003	0.017	944.741	857.395	38	4716	
0.4	5.4	35	705	5	3	88	308033	87	306849	0.00308046	0.000750479	0.003	0.01	3527	2459.49	60	9422	
0.4	5.4	17	707	3	3	23	56327	23	56327	0.00756522	0.00340889	0.003	0.01	2449	2561.16	60	9422	
0.4	5.4	2	708	27	3	71	150429	71	150429	0.003	0	0.003	0.003	2118.72	1296.34	60	5916	
0.4	5.4	52	711	21	3	1	60	1	60	0.017	0	0.017	0.017	60	0	60	60	
0.4	5.4	32	712	17	3	152	626188	152	626188	0.00521053	0.00326456	0.003	0.01	4119.66	2320.81	60	9422	
0.4	5.4	55	714	56	3	310	514093	310	514093	0.00636452	0.00359243	0.003	0.017	1658.36	1457.84	36	9422	
0.4	5.4	49	717	5	3	106	302008	106	302008	0.00669811	0.00376745	0.003	0.017	2849.13	2635.59	45	9422	
0.4	5.4	8	718	14	3	3	180	3	180	0.01	0	0.01	0.01	60	0	60	60	
0.4	5.4	28	719	4	3	33	106026	33	106026	0.00915151	0.00232004	0.003	0.01	3212.91	2405.47	60	9422	
0.4	5.4	53	720	14	3	71	145709	71	145709	0.00674648	0.00351616	0.003	0.01	2052.24	1714.4	60	9422	
0.4	5.4	35	722	15	3	95	208429	95	208429	0.0086	0.00316362	0.003	0.017	2193.99	1876.68	60	9422	
0.4	5.4	39	725	33	3	311	372013	311	372013	0.00626366	0.00380084	0.003	0.017	1196.18	1090.12	24	9422	
0.4	5.4	36	727	3	3	128	331720	128	331720	0.00759375	0.0036682	0.003	0.017	2591.56	2097.35	60	9422	
0.4	5.4	40	728	15	3	17	61650	17	61650	0.00835294	0.00306066	0.003	0.01	3626.47	2673.75	60	9422	
0.4	5.4	51	729	5	3	155	297791	155	297791	0.00832903	0.00366292	0.003	0.017	1921.23	1792.26	50	9422	
0.4	5.4	10	730	15	3	191	512694	191	512694	0.00772775	0.00372745	0.003	0.017	2684.26	1919.01	60	9422	
0.4	5.4	2	731	1	3	98	159346	98	159346	0.00535714	0.00332516	0.003	0.01	1625.98	1428.98	60	7436	
0.4	5.4	15	733	14	3	75	266003	75	266003	0.00692	0.00349811	0.003	0.01	3546.71	2706.1	57	9422	
0.4	5.4	36	734	5	3	88	169975	87	169383	0.00766667	0.00331896	0.003	0.01	1946.93	2223.86	60	9422	
0.4	5.4	54	735	6	3	124	298487	124	298487	0.00678226	0.00382878	0.003	0.017	2407.15	1830.64	60	9422	
0.4	5.4	9	736	3	3	3	180	3	180	0.00766667	0.00404145	0.003	0.01	60	0	60	60	
0.4	5.4	35	737	18	3	13	21426	13	21426	0.00730769	0.00354459	0.003	0.01	1648.15	1009.5	60	3550	
0.4	5.4	17	738	2	3	173	484989	173	484989	0.00797688	0.00335662	0.003	0.017	2803.4	2227.86	45	9422	
0.4	5.4	55	740	13	3	103	123902	103	123902	0.00578641	0.0039622	0.003	0.017	1202.93	746.502	15	3550	
0.4	5.4	40	741	13	3	106	375214	106	375214	0.00313207	0.000956934	0.003	0.01	3539.75	2191.08	60	9422	
0.4	5.4	37	743	52	3	110	113407	110	113407	0.00624545	0.00350671	0.003	0.01	1030.97	668.752	50	3550	
0.4	5.4	50	746	10	3	156	580907	155	579132	0.00534839	0.00331583	0.003	0.01	3736.34	3029.19	45	9422	
0.4	5.4	56	747	5	3	4	3667	4	3667	0.01	0	0.01	0.01	916.75	733.545	60	1775	
0.4	5.4	24	748	18	3	114	401374	114	401374	0.003	0	0.003	0.003	3520.82	2363.21	60	9422	
0.4	5.4	28	749	8	3	73	182364	73	182364	0.00875342	0.00293816	0.003	0.017	2498.14	2024.97	60	9422	
0.4	5.4	38	751	28	3	267	532937	267	532937	0.00732584	0.00395779	0.003	0.017	1996.02	1598.45	48	9422	
0.4	5.4	11	752	8	3	139	249953	139	249953	0.00778417	0.00386505	0.003	0.017	1798.22	1198.04	60	5861	
0.4	5.4	27	753	11	3	1	60	1	60	0.003	0	0.003	0.003	60	0	60	60	
0.4	5.4	23	754	1	3	99	332074	100	335624	0.00503	0.00334379	0.003	0.017	3356.24	2327.79	28	9422	
0.4	5.4	39	757	35	3	279	385827	279	385827	0.00575986	0.00342699	0.003	0.01	1382.89	1034.75	31	6643	
0.4	5.4	2	758	12	3	18	13155	18	13155	0.00533333	0.00415862	0.003	0.017	730.833	484.914	5	1775	
0.4	5.4	15	761	10	3	156	555199	156	555199	0.00842949	0.00292952	0.003	0.01	3558.97	2421.94	45	9422	
0.4	5.4	8	762	15	3	58	77659	58	77659	0.00746552	0.00363808	0.003	0.017	1338.95	1312.66	60	9422	
0.4	5.4	30	763	17	3	118	496004	118	496004	0.003	0	0.003	0.003	4203.42	2237.78	60	9422	
0.4	5.4	21	764	16	3	2	120	2	120	0.0065	0.00494975	0.003	0.01	60	0	60	60	
0.4	5.4	41	765	87	3	401	333227	401	333227	0.00549626	0.00395988	0.003	0.017	830.99	864.045	23	7708	
0.4	5.4	12	766	6	3	110	507721	110	507721	0.00401818	0.0024792	0.003	0.01	4615.65	2906.91	45	9422	
0.4	5.4	33	767	10	3	22	61768	22	61768	0.00809091	0.0031909	0.003	0.01	2807.64	2863.68	60	9422	
0.4	5.4	33	769	18	3	85	306113	85	306113	0.00703529	0.00347935	0.003	0.01	3601.33	2685.08	60	9422	
0.4	5.4	8	773	21	3	106	317502	107	322235	0.00528972	0.00329954	0.003	0.01	3011.54	2015.86	60	9422	
0.4	5.4	39	774	70	3	109	131585	109	131585	0.00595413	0.00396135	0.003	0.017	1207.2	1099.48	26	7098	
0.4	5.4	34	775	39	3	304	386427	304	386427	0.00403618	0.00248998	0.003	0.01	1271.14	1286.92	10	9422	
0.4	5.4	16	776	12	3	133	355218	133	355218	0.00878947	0.00265733	0.003	0.01	2670.81	1936.02	60	9422	
0.4	5.4	45	778	4	3	98	214456	98	214456	0.00778571	0.00327203	0.003	0.01	2188.33	1582.14	36	8282	
0.4	5.4	39	779	50	3	278	326472	275	324751	0.0058	0.00353811	0.003	0.017	1180.91	832.297	60	4733	
0.4	5.4	10	782	8	3	249	580932	249	580932	0.00640161	0.00377697	0.003	0.017	2333.06	1818.91	43	9422	
0.4	5.4	52	784	15	3	3	180	3	180	0.00766667	0.00404145	0.003	0.01	60	0	60	60	
0.4	5.4	27	785	2	3	130	488950	130	488950	0.00633846	0.0035098	0.003	0.01	3761.15	2411.51	45	9422	
0.4	5.4	49	787	7	3	23	41538	23	41538	0.003	0	0.003	0.003	1806	1827.93	60	7099	
0.4	5.4	39	788	52	3	75	96634	75	96634	0.00598667	0.0038467	0.003	0.017	1288.45	1109.19	33	7407	
0.4	5.4	35	789	7	3	62	128542	62	128542	0.00841935	0.00345248	0.003	0.017	2073.26	1120.35	60	4736	
0.4	5.4	39	790	77	3	1	60	1	60	0.01	0	0.01	0.01	60	0	60	60	
0.4	5.4	22	791	15	3	25	66387	25	66387	0.003	0	0.003	0.003	2655.48	2538.28	45	9422	
0.4	5.4	37	792	76	3	103	84334	103	84334	0.00476699	0.00335543	0.003	0.017	818.777	564.62	60	3822	
0.4	5.4	55	794	49	3	204	332364	205	333548	0.00692683	0.00417268	0.003	0.017	1627.06	1442.32	60	9422	
0.4	5.4	6	798	4	3	153	643466	153	643466	0.00359477	0.00195824	0.003	0.01	4205.66	3241.41	45	9422	
0.4	5.4	53	799	6	3	132	450515	132	450515	0.00543939	0.00334814	0.003	0.01	3412.99	2288.93	45	9422	
0.4	5.4	39	800	48	3	4	240	4	240	0.003	0	0.003	0.003	60	0	60	60	
0.4	5.4	6	803	20	3	131	528933	131	528933	0.003	0	0.003	0.003	4037.66	2612.27	45	9422	
0.4	5.4	41	806	10	3	5	832	5	832	0.0058	0.00383406	0.003	0.01	166.4	237.918	60	592	
0.4	5.4	32	807	5	3	4	240	4	240	0.01	0	0.01	0.01	60	0	60	60	
0.4	5.4	34	809	61	3	314	372387	314	372387	0.00529618	0.0032917	0.003	0.01	1185.95	1249.03	7	9422	
0.4	5.4	35	812	24	3	68	159293	69	163434	0.00746377	0.00338934	0.003	0.01	2368.61	1668.19	60	9422	
0.4	5.4	23	814	16	3	61	193733	61	193733	0.00426229	0.00271356	0.003	0.01	3175.95	2456.3	60	9422	
0.4	5.4	29	816	4	3	88	275372	88	275372	0.00832954	0.00300085	0.003	0.01	3129.23	2279.93	45	9422	
0.4	5.4	10	817	9	3	200	590677	200	590677	0.00706	0.00360296	0.003	0.017	2953.38	2579.27	45	9422	
0.4	5.4	16	819	2	3	74	285298	74	285298	0.0082027	0.00307878	0.003	0.01	3855.38	3044.93	45	9422	
0.4	5.4	37	822	79	3	81	74183	81	74183	0.00567901	0.004367	0.003	0.017	915.84	679.053	60	2481	
0.4	5.4	26	824	16	3	96	286740	96	286740	0.007375	0.00340665	0.003	0.01	2986.88	2634.97	45	9422	
0.4	5.4	41	826	66	3	2	120	2	120	0.003	0	0.003	0.003	60	0	60	60	
0.4	5.4	30	827	14	3	32	94195	32	94195	0.0043125	0.0027759	0.003	0.01	2943.59	2474.02	60	9422	
0.4	5.4	21	828	9	3	103	250580	103	250580	0.00558252	0.00353283	0.003	0.017	2432.82	1626.12	60	7690	
0.4	5.4	10	829	11	3	22	48646	22	48646	0.00681818	0.0041706	0.003	0.017	2211.18	1648.66	60	7099	
0.4	5.4	11	831	9	3	185	317339	184	316747	0.00775543	0.00343559	0.003	0.017	1721.45	1797.14	21	9422	
0.4	5.4	52	832	37	3	258	320965	258	320965	0.00628294	0.00365983	0.003	0.017	1244.05	1181.07	24	9422	
0.4	5.4	39	835	60	3	188	186106	188	186106	0.00631383	0.00386018	0.003	0.017	989.926	577.213	26	3182	
0.4	5.4	47	836	6	3	1	60	1	60	0.01	0	0.01	0.01	60	0	60	60	
0.4	5.4	45	838	15	3	101	374702	100	374642	0.00657	0.00351693	0.003	0.01	3746.42	2613.72	45	9422	
0.4	5.4	37	839	8	3	1	60	1	60	0.003	0	0.003	0.003	60	0	60	60	
0.4	5.4	37	840	66	3	3	180	3	180	0.00533333	0.00404145	0.003	0.01	60	0	60	60	
0.4	5.4	24	841	6	3	4	240	4	240	0.00825	0.0035	0.003	0.01	60	0	60	60	
0.4	5.4	36	842	2	3	125	523839	125	523839	0.003056	0.000626099	0.003	0.01	4190.71	2949.3	45	9422	
0.4	5.4	19	843	10	3	99	335004	99	335004	0.003	0	0.003	0.003	3383.88	2380.41	60	9422	
0.4	5.4	42	845	11	3	37	118453	37	118453	0.00356757	0.00193707	0.003	0.01	3201.43	2644.35	60	9422	
0.4	5.4	34	847	9	3	2	120	2	120	0.003	0	0.003	0.003	60	0	60	60	
0.4	5.4	35	849	6	3	7	4913	7	4913	0.005	0.00341565	0.003	0.01	701.857	660.599	60	1775	
0.4	5.4	31	850	10	3	66	219621	66	219621	0.00862121	0.0028053	0.003	0.01	3327.59	2541.63	60	9422	
0.4	5.4	9	851	5	3	37	93252	37	93252	0.00791892	0.00324361	0.003	0.01	2520.32	2309.86	60	9422	
0.4	5.4	47	854	7	3	160	651762	160	651762	0.0079875	0.00354484	0.003	0.017	4073.51	2683.69	45	9422	
0.4	5.4	23	855	8	3	79	203679	79	203679	0.00787342	0.00323984	0.003	0.01	2578.22	2006.02	60	9422	
0.4	5.4	11	857	14	3	8	14319	6	8992	0.01	0	0.01	0.01	1498.67	1204.42	60	3550	
0.4	5.4	48	858	11	3	2	120	2	120	0.01	0	0.01	0.01	60	0	60	60	
0.4	5.4	4	859	11	3	83	323732	83	323732	0.00654217	0.00352102	0.003	0.01	3900.39	2210.62	60	9422	
0.4	5.4	42	862	19	3	2	708	1	60	0.01	0	0.01	0.01	60	0	60	60	
0.4	5.4	52	863	10	3	256	508706	256	508706	0.003	0	0.003	0.003	1987.13	1637.63	23	9422	
0.4	5.4	39	864	10	3	1	60	1	60	0.003	0	0.003	0.003	60	0	60	60	
0.4	5.4	54	865	10	3	48	92441	48	92441	0.00722917	0.00345943	0.003	0.01	1925.85	1332.17	60	5324	
0.4	5.4	13	866	29	3	71	151033	71	151033	0.00566197	0.00362114	0.003	0.017	2127.23	1942.77	60	9422	
0.4	5.4	3	867	21	3	125	405437	125	405437	0.0072	0.00344309	0.003	0.01	3243.5	2218.27	60	9422	
0.4	5.4	14	868	12	3	2	120	2	120	0.0065	0.00494975	0.003	0.01	60	0	60	60	
0.4	5.4	45	872	10	3	115	302626	115	302626	0.00793043	0.00346593	0.003	0.017	2631.53	2261.14	60	9422	
0.4	5.4	52	873	57	3	78	120899	78	120899	0.00632051	0.00351802	0.003	0.01	1549.99	1424.32	60	5324	
0.4	5.4	54	874	17	3	172	355834	172	355834	0.00723256	0.00397411	0.003	0.017	2068.8	1267.27	60	4733	
0.4	5.4	57	876	14	3	1	60	1	60	0.01	0	0.01	0.01	60	0	60	60	
0.4	5.4	6	878	5	3	129	359474	129	359474	0.00891473	0.00268977	0.003	0.017	2786.62	2138.9	45	9422	
0.4	5.4	22	879	2	3	2	120	2	120	0.01	0	0.01	0.01	60	0	60	60	
0.4	5.4	50	881	3	3	74	265767	74	265767	0.003	0	0.003	0.003	3591.45	2486.66	60	9422	
0.4	5.4	35	883	8	3	138	634352	138	634352	0.003	0	0.003	0.003	4596.75	2917.65	45	9422	
0.4	5.4	23	884	9	3	39	78827	39	78827	0.00730769	0.00345005	0.003	0.01	2021.21	1209.18	60	5472	
0.4	5.4	52	885	1	3	58	107244	58	107244	0.003	0	0.003	0.003	1849.03	1315.38	18	5324	
0.4	5.4	52	886	64	3	121	79612	121	79612	0.00421488	0.00295298	0.003	0.017	657.95	527.863	60	4141	
0.4	5.4	5	887	8	3	122	473015	121	465325	0.00490909	0.0031305	0.003	0.01	3845.66	2300.8	60	9422	
0.4	5.4	41	888	74	3	24	23807	24	23807	0.00504167	0.00325014	0.003	0.01	991.958	733.952	10	2481	
0.4	5.4	43	889	10	3	2	120	2	120	0.01	0	0.01	0.01	60	0	60	60	
0.4	5.4	13	890	24	3	4	3667	4	3667	0.01	0	0.01	0.01	916.75	733.545	60	1775	
0.4	5.4	7	892	21	3	89	301388	88	298430	0.00626136	0.00351187	0.003	0.01	3391.25	2205.36	60	9422	
0.4	5.4	13	893	5	3	75	311917	75	311917	0.003	0	0.003	0.003	4158.89	2695.24	45	9422	
0.4	5.4	30	894	10	3	74	266490	74	266490	0.00886486	0.00259781	0.003	0.01	3601.22	3032.87	45	9422	
0.4	5.4	16	895	9	3	99	351553	99	351553	0.00922222	0.00221108	0.003	0.01	3551.04	2386.54	60	9422	
0.4	5.4	49	896	13	3	4	240	4	240	0.0065	0.00404145	0.003	0.01	60	0	60	60	
0.4	5.4	17	897	13	3	2	120	2	120	0.0065	0.00494975	0.003	0.01	60	0	60	60	
0.4	5.4	41	898	13	3	3	180	3	180	0.00533333	0.00404145	0.003	0.01	60	0	60	60	
0.4	5.4	1	899	19	3	53	139178	52	138586	0.00838461	0.00406879	0.003	0.017	2665.12	2496.83	60	9422	
0.4	5.4	50	900	1	3	78	167125	78	167125	0.00748718	0.00356295	0.003	0.017	2142.63	1960.44	35	9422	
0.4	5.4	2	901	41	3	179	196859	179	196859	0.00585475	0.00396914	0.003	0.017	1099.77	941.366	27	5324	
0.4	5.4	34	902	23	3	48	32134	48	32134	0.0051875	0.00386284	0.003	0.017	669.458	623.77	7	2958	
0.4	5.4	41	903	50	3	9	4439	9	4439	0.00377778	0.00233333	0.003	0.01	493.222	587.521	29	1775	
0.4	5.4	34	904	7	3	203	226954	203	226954	0.00544827	0.00355731	0.003	0.017	1118	1139.94	60	9422	
0.4	5.4	41	905	36	3	31	12001	31	12001	0.00525806	0.00332634	0.003	0.01	387.129	430.744	60	2196	
0.4	5.4	55	909	34	3	103	135100	103	135100	0.00694175	0.00412031	0.003	0.017	1311.65	1330.76	60	9422	
0.4	5.4	53	910	9	3	16	43905	16	43905	0.0086875	0.00282179	0.003	0.01	2744.06	3184	60	9422	
0.4	5.4	41	912	41	3	1	60	1	60	0.01	0	0.01	0.01	60	0	60	60	
0.4	5.4	16	913	11	3	14	46858	14	46858	0.008	0.00328165	0.003	0.01	3347	2144.45	60	7099	
0.4	5.4	52	915	40	3	232	393738	232	393738	0.00640948	0.00350639	0.003	0.01	1697.15	1651.48	53	9422	
0.4	5.4	52	917	46	3	4	240	4	240	0.003	0	0.003	0.003	60	0	60	60	
0.4	5.4	42	919	23	3	3	1892	3	1892	0.00533333	0.00404145	0.003	0.01	630.667	562.2	60	1184	
0.4	5.4	9	923	1	3	93	347998	93	347998	0.0054086	0.00334351	0.003	0.01	3741.91	2233.58	36	9422	
0.4	5.4	37	924	80	3	34	62375	34	62375	0.00382353	0.00228924	0.003	0.01	1834.56	1229.7	60	5324	
0.4	5.4	47	925	3	3	111	333834	111	333834	0.00394594	0.00240393	0.003	0.01	3007.51	2446.64	45	9422	
0.4	5.4	41	926	90	3	3	768	3	768	0.003	0	0.003	0.003	256	339.482	60	648	
0.4	5.4	39	927	58	3	204	337673	204	337673	0.003	0	0.003	0.003	1655.26	1265.32	60	9422	
0.4	5.4	13	928	21	3	1	60	1	60	0.003	0	0.003	0.003	60	0	60	60	
0.4	5.4	53	929	15	3	47	95987	47	95987	0.00687234	0.00380855	0.003	0.017	2042.28	1869.04	60	8873	
0.4	5.4	57	930	10	3	1	60	1	60	0.01	0	0.01	0.01	60	0	60	60	
0.4	5.4	8	931	26	3	116	335165	114	331023	0.00576316	0.00343666	0.003	0.01	2903.71	2226.66	45	9422	
0.4	5.4	30	932	15	3	64	157033	64	157033	0.007375	0.00341565	0.003	0.01	2453.64	2171.3	60	9422	
0.4	5.4	18	933	8	3	86	205451	86	205451	0.00943023	0.00192532	0.003	0.01	2388.97	2032.22	60	9422	
0.4	5.4	55	934	7	3	1	60	1	60	0.01	0	0.01	0.01	60	0	60	60	
0.4	5.4	5	936	12	3	104	454509	104	454509	0.00764423	0.0033237	0.003	0.01	4370.28	2921.93	45	9422	
0.4	5.4	55	939	46	3	154	200830	154	200830	0.00690909	0.00391972	0.003	0.017	1304.09	1273.11	60	9422	
0.4	5.4	38	940	2	3	81	203227	81	203227	0.00637037	0.00368932	0.003	0.017	2508.98	2315.41	60	9422	
0.4	5.4	43	941	2	3	60	110780	60	110780	0.00918333	0.00290815	0.003	0.017	1846.33	1611.45	60	9422	
0.4	5.4	30	944	22	3	120	438550	120	438550	0.007725	0.00329237	0.003	0.01	3654.58	2521.32	36	9422	
0.4	5.4	51	945	8	3	12	17278	12	17278	0.0065	0.00365563	0.003	0.01	1439.83	1027.56	60	3550	
0.4	5.4	34	947	58	3	377	307241	377	307241	0.00533952	0.00338431	0.003	0.017	814.963	536.3	11	2961	
0.4	5.4	41	950	33	3	1	60	1	60	0.003	0	0.003	0.003	60	0	60	60	
0.4	5.4	38	952	15	3	43	90654	43	90654	0.003	0	0.003	0.003	2108.23	1305.32	60	5324	
0.4	5.4	3	955	4	3	24	45690	24	45690	0.00941667	0.00285774	0.003	0.017	1903.75	1370.93	60	5324	
0.4	5.4	38	956	19	3	67	153972	67	153972	0.00770149	0.00373361	0.003	0.017	2298.09	2207.83	42	9422	
0.4	5.4	41	957	46	3	2	120	2	120	0.01	0	0.01	0.01	60	0	60	60	
0.4	5.4	37	959	6	3	1	60	1	60	0.01	0	0.01	0.01	60	0	60	60	
0.4	5.4	38	961	13	3	16	20297	16	20297	0.003	0	0.003	0.003	1268.56	789.272	60	2958	
0.4	5.4	22	962	14	3	133	587562	133	587562	0.00563158	0.00340337	0.003	0.01	4417.76	2692.96	45	9422	
0.4	5.4	28	963	20	3	30	82956	30	82956	0.00766667	0.00335624	0.003	0.01	2765.2	1992.41	34	6507	
0.4	5.4	11	964	18	3	97	217908	97	218498	0.00747423	0.00337914	0.003	0.01	2252.56	1738.31	57	7099	
0.4	5.4	20	965	8	3	39	117268	38	112535	0.00871053	0.00275002	0.003	0.01	2961.45	2529.09	60	9422	
0.4	5.4	21	967	27	3	1	60	1	60	0.01	0	0.01	0.01	60	0	60	60	
0.4	5.4	35	968	23	3	57	164607	57	164607	0.00754386	0.00337041	0.003	0.01	2887.84	2601.71	60	9422	
0.4	5.4	2	969	37	3	97	175343	97	175343	0.00559794	0.00339933	0.003	0.01	1807.66	1703.19	6	9422	
0.4	5.4	38	970	14	3	112	247481	112	247481	0.00425	0.002693	0.003	0.01	2209.65	2278.04	60	9422	
0.4	5.4	34	974	47	3	62	61129	62	61129	0.00616129	0.00351201	0.003	0.01	985.952	861.156	60	4141	
0.4	5.4	21	977	28	3	157	284957	157	284957	0.00736943	0.00437107	0.003	0.017	1815.01	1367.14	36	9422	
0.4	5.4	51	978	10	3	126	313158	126	313158	0.00683333	0.003498	0.003	0.01	2485.38	2013.68	36	9422	
0.4	5.4	57	980	16	3	64	140963	64	140963	0.007375	0.00341565	0.003	0.01	2202.55	1821.85	60	9422	
0.4	5.4	52	981	13	3	3	180	3	180	0.01	0.007	0.003	0.017	60	0	60	60	
0.4	5.4	50	983	7	3	30	74670	30	74670	0.003	0	0.003	0.003	2489	1288.54	60	5324	
0.4	5.4	41	984	73	3	92	121007	92	121007	0.00703261	0.00391518	0.003	0.017	1315.29	1341.55	21	9422	
0.4	5.4	41	986	81	3	147	164806	147	164806	0.0057619	0.00389121	0.003	0.017	1121.13	801.602	60	4736	
0.4	5.4	22	987	6	3	101	334057	101	334057	0.00778218	0.00327293	0.003	0.01	3307.5	2393.17	60	9422	
0.4	5.4	46	988	2	3	174	425701	174	425701	0.00794827	0.00353229	0.003	0.017	2446.56	1982.58	45	9422	
0.4	5.4	10	989	19	3	120	196784	120	196784	0.00743333	0.00470961	0.003	0.017	1639.87	1545.54	60	8873	
0.4	5.4	55	990	44	3	68	105039	68	105039	0.00495588	0.00316432	0.003	0.01	1544.69	1156.79	60	5324	
0.4	5.4	54	991	24	3	100	190221	100	190221	0.00685	0.00414723	0.003	0.017	1902.21	1276.72	60	7099	
0.4	5.4	21	993	5	3	160	234512	160	234512	0.008075	0.00450653	0.003	0.017	1465.7	1495.13	21	8873	
0.4	5.4	51	996	17	3	71	182506	71	182506	0.003	0	0.003	0.003	2570.51	1790.42	60	8873	
0.4	5.4	34	997	31	3	193	304560	193	304560	0.00550259	0.00372369	0.003	0.017	1578.03	1919.59	12	9422	
0.4	5.4	39	1000	51	3	116	287165	116	287165	0.003	0	0.003	0.003	2475.56	2004.5	45	9422	
0.4	5.4	38	1002	16	3	41	81793	41	81793	0.00556097	0.00341357	0.003	0.01	1994.95	1968.86	53	9422	
0.4	5.4	34	1004	45	3	340	416624	340	416624	0.00547059	0.00335012	0.003	0.01	1225.36	1485.4	24	9422	
0.4	5.4	26	1005	12	3	121	266032	121	266032	0.00681818	0.00361478	0.003	0.017	2198.61	1546.79	36	7099	
0.4	5.4	42	1007	10	3	158	513218	158	513218	0.00778481	0.003266	0.003	0.01	3248.22	2185.21	36	9422	
0.4	5.4	20	1009	4	3	142	413967	142	413967	0.00911268	0.00332004	0.003	0.017	2915.26	2135.74	60	9422	
0.4	5.4	39	1010	1	3	2	120	2	120	0.0065	0.00494975	0.003	0.01	60	0	60	60	
0.4	5.4	55	1011	4	3	140	293189	140	293189	0.0058	0.0034416	0.003	0.01	2094.21	1697.07	60	9422	
0.4	5.4	40	1013	11	3	99	335817	99	335817	0.00908081	0.00237623	0.003	0.01	3392.09	2504.17	45	9422	
0.4	5.4	11	1014	11	3	146	512034	146	512034	0.00371918	0.00213265	0.003	0.01	3507.08	2186.07	45	9422	
0.4	5.4	54	1016	12	3	110	401290	110	401290	0.00312727	0.00093954	0.003	0.01	3648.09	2724.88	45	9422	
0.4	5.4	38	1018	10	3	76	170536	76	170536	0.003	0	0.003	0.003	2243.89	1453.33	60	7099	
0.4	5.4	50	1019	13	3	124	233418	124	233418	0.00847581	0.00384552	0.003	0.017	1882.4	1588.43	13	9422	
0.4	5.4	37	1020	47	3	211	357657	211	357657	0.00509005	0.00321106	0.003	0.01	1695.06	1449.8	43	9422	
0.4	5.4	54	1023	9	3	69	199631	69	199631	0.00726087	0.00344132	0.003	0.01	2893.2	2200.91	60	9422	
0.4	5.4	30	1025	13	3	7	14316	7	14316	0.007	0.00374166	0.003	0.01	2045.14	1816.4	60	5324	
0.4	5.4	50	1026	6	3	104	311434	104	311434	0.00764423	0.00359859	0.003	0.017	2994.56	2140.59	60	9422	
0.4	5.4	22	1027	3	3	23	61658	23	61658	0.00756522	0.00340889	0.003	0.01	2680.78	2016.48	60	7099	
0.4	5.4	22	1029	20	3	206	533552	206	533552	0.00609223	0.00399588	0.003	0.024	2590.06	2227.66	45	9422	
0.4	5.4	34	1030	3	3	4	240	4	240	0.00475	0.0035	0.003	0.01	60	0	60	60	
0.4	5.4	52	1031	50	3	161	190832	161	190832	0.00573913	0.00392671	0.003	0.017	1185.29	1110.13	60	9422	
0.4	5.4	16	1032	14	3	38	112596	38	112596	0.00557895	0.00342196	0.003	0.01	2963.05	2827.59	60	9422	
0.4	5.4	54	1033	13	3	123	295618	123	295618	0.00692683	0.00348808	0.003	0.01	2403.4	1683.3	60	8282	
0.4	5.4	40	1036	12	3	116	405517	116	405517	0.00867241	0.0027561	0.003	0.01	3495.84	2139.49	60	9422	
0.4	5.4	10	1037	20	3	35	36317	35	36317	0.005	0.00362994	0.003	0.017	1037.63	889.297	14	3550	
0.4	5.4	2	1041	35	3	140	343343	140	343343	0.00545	0.00335078	0.003	0.01	2452.45	2068.38	60	9422	
0.4	5.4	41	1043	83	3	183	141338	182	140347	0.00438461	0.00298345	0.003	0.017	771.137	726.645	8	4395	
0.4	5.4	33	1045	11	3	140	493685	140	493685	0.0082	0.00329202	0.003	0.017	3526.32	2443.49	45	9422	
0.4	5.4	14	1047	8	3	4	240	4	240	0.00825	0.0035	0.003	0.01	60	0	60	60	
0.4	5.4	41	1050	12	3	194	164856	194	164856	0.00509278	0.00329101	0.003	0.017	849.773	811.266	60	8282	
0.4	5.4	55	1052	37	3	120	363559	120	363559	0.003	0	0.003	0.003	3029.66	2424.29	45	9422	
0.4	5.4	35	1054	26	3	62	160002	62	160002	0.00830645	0.00351385	0.003	0.017	2580.68	2187.95	60	9422	
0.4	5.4	34	1056	59	3	49	23260	49	23260	0.00485714	0.0031225	0.003	0.01	474.694	343.635	60	1184	
0.4	5.4	53	1057	12	3	75	304907	74	302927	0.00451351	0.00290131	0.003	0.01	4093.61	2665.77	45	9422	
0.4	5.4	41	1059	8	3	3	180	3	180	0.00766667	0.00404145	0.003	0.01	60	0	60	60	
0.4	5.4	17	1061	11	3	60	188270	60	188270	0.00755	0.00336696	0.003	0.01	3137.83	2461.95	60	9422	
0.4	5.4	33	1062	6	3	23	48640	22	48048	0.00872727	0.0027634	0.003	0.01	2184	2711.9	60	9422	
0.4	5.4	30	1063	21	3	74	183552	74	183552	0.00763513	0.00333341	0.003	0.01	2480.43	1966.18	60	9422	
0.4	5.4	43	1064	9	3	170	358171	170	358171	0.00835294	0.00334489	0.003	0.017	2106.89	1816.28	20	9422	
0.4	5.4	34	1066	28	3	143	188432	143	188432	0.00304895	0.000585369	0.003	0.01	1317.71	1216.47	60	9422	
0.4	5.4	45	1068	21	3	62	188916	62	188916	0.00785484	0.00325348	0.003	0.01	3047.03	2457.6	60	9422	
0.4	5.4	3	1069	8	3	60	162252	60	162252	0.00825	0.00305667	0.003	0.01	2704.2	1837.96	60	7099	
0.4	5.4	35	1071	17	3	24	54565	24	54565	0.007375	0.00346175	0.003	0.01	2273.54	2785.63	16	9422	
0.4	5.4	54	1072	22	3	2	120	2	120	0.01	0	0.01	0.01	60	0	60	60	
0.4	5.4	18	1073	2	3	13	42125	13	42125	0.00784615	0.00336269	0.003	0.01	3240.38	2942.45	60	9422	
0.4	5.4	32	1074	21	3	45	154542	45	154542	0.00517778	0.00327726	0.003	0.01	3434.27	2164.14	60	9422	
0.4	5.4	28	1075	6	3	108	420771	108	420771	0.00403704	0.00249832	0.003	0.01	3896.03	2698.58	45	9422	
0.4	5.4	32	1076	2	3	2	120	2	120	0.003	0	0.003	0.003	60	0	60	60	
0.4	5.4	2	1077	22	3	39	36946	39	36946	0.00730769	0.00443167	0.003	0.017	947.333	679.574	60	3347	
0.4	5.4	23	1079	14	3	150	365950	149	365358	0.00600671	0.00347675	0.003	0.01	2452.07	1887.94	60	9422	
0.4	5.4	23	1080	3	3	179	519526	180	523246	0.00696667	0.00347843	0.003	0.01	2906.92	2577.86	45	9422	
0.4	5.4	21	1083	34	3	144	175483	144	175483	0.00708333	0.00479146	0.003	0.024	1218.63	1267.63	4	9422	
0.4	5.4	26	1084	4	3	25	59293	25	59293	0.00496	0.0032078	0.003	0.01	2371.72	2665.7	60	9422	
0.4	5.4	37	1085	50	3	63	115538	63	115538	0.003	0	0.003	0.003	1833.94	1345.33	18	5664	
0.4	5.4	21	1087	31	3	73	125734	73	125734	0.00712329	0.00384037	0.003	0.017	1722.38	1338.29	33	5324	
0.4	5.4	38	1089	8	3	136	295564	136	295564	0.00644853	0.00371348	0.003	0.017	2173.26	1670.84	60	9422	
0.4	5.4	19	1094	14	3	118	363425	118	363425	0.0059661	0.00392653	0.003	0.017	3079.87	1990.28	60	9422	
0.4	5.4	52	1096	62	3	113	85477	113	85477	0.00510619	0.0032248	0.003	0.01	756.434	488.527	4	2961	
0.4	5.4	55	1097	15	3	5	832	5	832	0.0086	0.00585662	0.003	0.017	166.4	237.918	60	592	
0.4	5.4	45	1099	14	3	68	229201	68	229201	0.003	0	0.003	0.003	3370.6	2293.12	60	9422	
0.4	5.4	32	1100	6	3	76	178226	76	178226	0.00778947	0.00327543	0.003	0.01	2345.08	2054.47	60	9422	
0.4	5.4	51	1101	3	3	217	491928	217	491928	0.00709677	0.00383029	0.003	0.017	2266.95	1822.69	60	9422	
0.4	5.4	24	1102	9	3	120	399610	121	406117	0.00461983	0.00296439	0.003	0.01	3356.34	1936.99	60	9422	
0.4	5.4	18	1104	12	3	110	348168	110	348168	0.00885454	0.00260147	0.003	0.01	3165.16	2113.25	60	9422	
0.4	5.4	41	1105	44	3	176	136308	176	136308	0.00602273	0.00371092	0.003	0.017	774.477	553.42	4	3182	
0.4	5.4	52	1106	14	3	1	60	1	60	0.003	0	0.003	0.003	60	0	60	60	
0.4	5.4	2	1107	14	3	1	60	1	60	0.01	0	0.01	0.01	60	0	60	60	
0.4	5.4	1	1109	11	3	212	645380	212	645380	0.00745755	0.00363932	0.003	0.017	3044.25	2509.9	36	9422	
0.4	5.4	2	1110	28	3	1	60	1	60	0.01	0	0.01	0.01	60	0	60	60	
0.4	5.4	16	1111	10	3	33	103065	33	103065	0.003	0	0.003	0.003	3123.18	2840.92	60	9422	
0.4	5.4	1	1112	14	3	38	62858	38	62858	0.00631579	0.00389806	0.003	0.017	1654.16	1161.37	60	4395	
0.4	5.4	4	1113	1	3	10	9587	10	9587	0.0044	0.00295146	0.003	0.01	958.7	482.272	60	1775	
0.4	5.4	21	1114	12	3	197	648753	197	648753	0.00484771	0.0030933	0.003	0.01	3293.16	2379.57	45	9422	
0.4	5.4	53	1116	22	3	211	654567	210	653443	0.00713333	0.00345045	0.003	0.01	3111.63	2449.49	9	9422	
0.4	5.4	10	1117	21	3	78	253379	78	253379	0.00452564	0.00290867	0.003	0.01	3248.45	1948.26	60	9422	
0.4	5.4	41	1118	25	3	1	60	1	60	0.003	0	0.003	0.003	60	0	60	60	
0.4	5.4	1	1119	12	3	102	296554	102	296554	0.003	0	0.003	0.003	2907.39	1434.39	60	7099	
0.4	5.4	37	1120	27	3	1	60	1	60	0.003	0	0.003	0.003	60	0	60	60	
0.4	5.4	46	1121	9	3	2	120	2	120	0.01	0	0.01	0.01	60	0	60	60	
0.4	5.4	23	1123	10	3	66	180001	66	180001	0.003	0	0.003	0.003	2727.29	1605.83	60	7690	
0.4	5.4	42	1124	22	3	51	104851	51	104851	0.00890196	0.00257103	0.003	0.01	2055.9	2179.38	60	9422	
0.4	5.4	42	1125	2	3	123	480547	123	480547	0.00425203	0.00269363	0.003	0.01	3906.89	2247.97	60	9422	
0.4	5.4	41	1128	71	3	167	108664	167	108664	0.00425748	0.00290609	0.003	0.017	650.683	894.661	60	6882	
0.4	5.4	56	1129	21	3	41	100709	41	100709	0.0067561	0.00353398	0.003	0.01	2456.32	1955.88	60	8873	
0.4	5.4	29	1130	9	3	104	356304	104	356304	0.00771154	0.00329952	0.003	0.01	3426	2113.14	36	9422	
0.4	5.4	7	1132	13	3	25	72307	24	71123	0.00825	0.00309628	0.003	0.01	2963.46	1773.25	60	5664	
0.4	5.4	3	1133	15	3	2	120	2	120	0.003	0	0.003	0.003	60	0	60	60	
0.4	5.4	29	1134	14	3	16	42718	16	42718	0.0095625	0.00309771	0.003	0.017	2669.88	2416.72	60	8873	
0.4	5.4	37	1136	68	3	16	9118	16	9118	0.0060625	0.00440407	0.003	0.017	569.875	368.977	60	1184	
0.4	5.4	2	1137	11	3	110	258258	110	258258	0.00599091	0.00347863	0.003	0.01	2347.8	1881.22	60	9422	
0.4	5.4	33	1138	4	3	83	242839	83	242839	0.0073012	0.00359788	0.003	0.017	2925.77	2030.41	60	8873	
0.4	5.4	40	1139	8	3	25	67566	24	64016	0.003	0	0.003	0.003	2667.33	2417.83	60	9422	
0.4	5.4	32	1140	7	3	53	192992	53	192992	0.00392453	0.00239269	0.003	0.01	3641.36	2162.51	60	9422	
0.4	5.4	34	1141	53	3	321	285160	321	285160	0.00518068	0.00329371	0.003	0.017	888.349	831.715	12	6882	
0.4	5.4	53	1143	11	3	4	240	4	240	0.00825	0.0035	0.003	0.01	60	0	60	60	
0.4	5.4	41	1145	3	3	138	133541	138	133541	0.00477536	0.00305669	0.003	0.01	967.688	816.252	60	5916	
0.4	5.4	10	1146	7	3	96	245812	96	245812	0.00671875	0.00351149	0.003	0.01	2560.54	2266.3	60	9422	
0.4	5.4	34	1148	20	3	299	262052	299	262052	0.00552843	0.00407501	0.003	0.017	876.428	1039.74	12	7099	
0.4	5.4	26	1151	5	3	143	482444	143	482444	0.00441958	0.00282447	0.003	0.01	3373.73	2212.26	60	9422	
0.4	5.4	1	1152	20	3	46	105574	46	105574	0.00786956	0.00439499	0.003	0.017	2295.09	1836.5	17	9422	
0.4	5.4	55	1153	22	3	2	120	2	120	0.0065	0.00494975	0.003	0.01	60	0	60	60	
0.4	5.4	10	1154	13	3	84	187135	84	187135	0.00791667	0.0032197	0.003	0.01	2227.8	1571.95	60	7690	
0.4	5.4	34	1155	33	3	318	406631	318	406631	0.00520126	0.00330238	0.003	0.017	1278.71	1633.64	60	9422	
0.4	5.4	57	1156	12	3	2	120	2	120	0.01	0	0.01	0.01	60	0	60	60	
0.4	5.4	11	1158	5	3	52	126167	52	126167	0.00798077	0.0040024	0.003	0.017	2426.29	1844.29	60	7690	
0.4	5.4	38	1160	25	3	141	359340	140	358510	0.0069	0.00358915	0.003	0.017	2560.79	1804.77	60	8873	
0.4	5.4	32	1161	3	3	102	310284	102	310284	0.00368627	0.00209185	0.003	0.01	3042	2486.78	58	9422	
0.4	5.4	39	1162	64	3	73	63005	73	63005	0.00530137	0.00331111	0.003	0.01	863.082	1044.04	60	6507	
0.4	5.4	34	1163	29	3	162	105687	162	105687	0.00507407	0.00365016	0.003	0.017	652.389	766.467	26	7099	
0.4	5.4	22	1164	4	3	21	33256	21	33256	0.008	0.00324037	0.003	0.01	1583.62	895.742	60	2961	
0.4	5.4	45	1166	20	3	154	488877	154	488877	0.00777273	0.00355263	0.003	0.017	3174.53	2672.52	28	9422	
0.4	5.4	39	1167	54	3	16	24976	16	24976	0.003875	0.00239096	0.003	0.01	1561	1273.46	60	4395	
0.4	5.4	56	1168	7	3	5	3668	5	3668	0.003	0	0.003	0.003	733.6	470.86	60	1184	
0.4	5.4	43	1169	15	3	32	81185	32	81185	0.0086875	0.0032965	0.003	0.017	2537.03	1668.78	60	6255	
0.4	5.4	51	1170	14	3	136	255316	136	255316	0.0078897	0.00393404	0.003	0.017	1877.32	1675.8	55	9422	
0.4	5.4	51	1172	16	3	108	196608	108	196608	0.00812037	0.00365758	0.003	0.017	1820.44	1597.95	60	9422	
0.4	5.4	37	1173	70	3	169	318215	170	318806	0.00493529	0.00314001	0.003	0.01	1875.33	1502.95	60	8282	
0.4	5.4	45	1177	12	3	3	180	3	180	0.00766667	0.00404145	0.003	0.01	60	0	60	60	
0.4	5.4	39	1178	3	3	257	311131	257	311131	0.00594163	0.00416464	0.003	0.017	1210.63	794.561	60	5324	
0.4	5.4	18	1179	13	3	186	692142	186	692142	0.00706452	0.0034635	0.003	0.01	3721.19	2792.02	45	9422	
0.4	5.4	24	1182	4	3	2	120	2	120	0.0065	0.00494975	0.003	0.01	60	0	60	60	
0.4	5.4	40	1183	14	3	31	78816	31	78816	0.00819355	0.00311362	0.003	0.01	2542.45	2406.97	48	9422	
0.4	5.4	6	1184	9	3	1	60	1	60	0.01	0	0.01	0.01	60	0	60	60	
0.4	5.4	55	1185	42	3	16	9014	16	9014	0.0043125	0.00380734	0.003	0.017	563.375	470.349	60	1527	
0.4	5.4	39	1186	36	3	200	314964	200	314964	0.00622	0.0039598	0.003	0.017	1574.82	1410.37	88	9422	
0.4	5.4	32	1187	9	3	6	8992	6	8992	0.00533333	0.00361478	0.003	0.01	1498.67	1204.42	60	3550	
0.4	5.4	39	1188	74	3	94	116746	94	116746	0.00515957	0.00325049	0.003	0.01	1241.98	1181.45	60	5861	
0.4	5.4	34	1189	26	3	3	180	3	180	0.003	0	0.003	0.003	60	0	60	60	
0.4	5.4	46	1191	10	3	62	171237	62	171237	0.00751613	0.00337659	0.003	0.01	2761.89	2240.16	36	9422	
0.4	5.4	51	1193	2	3	132	429713	132	429713	0.00374242	0.00216362	0.003	0.01	3255.4	2147.49	45	9422	
0.4	5.4	51	1194	18	3	147	408732	148	411099	0.00550676	0.00336751	0.003	0.01	2777.7	2217.06	45	9422	
0.4	5.4	52	1195	24	3	6	8992	6	8992	0.00883333	0.00285774	0.003	0.01	1498.67	1204.42	60	3550	
0.4	5.4	8	1196	16	3	3	180	3	180	0.00766667	0.00404145	0.003	0.01	60	0	60	60	
0.4	5.4	21	1201	13	3	2	120	2	120	0.0065	0.00494975	0.003	0.01	60	0	60	60	
0.4	5.4	32	1202	1	3	27	65203	27	65203	0.00455555	0.00296561	0.003	0.01	2414.93	2003.11	60	6507	
0.4	5.4	15	1204	12	3	153	600165	153	600165	0.00382353	0.00226273	0.003	0.01	3922.65	2729.75	45	9422	
0.4	5.4	34	1205	14	3	168	236957	170	244281	0.00542941	0.00334209	0.003	0.01	1436.95	1351.61	52	8873	
0.4	5.4	40	1206	3	3	13	37982	13	37982	0.00515385	0.00336269	0.003	0.01	2921.69	2982.22	60	9422	
0.4	5.4	30	1207	18	3	88	222605	88	222605	0.00840909	0.0029503	0.003	0.01	2529.6	1949.27	60	9422	
0.4	5.4	52	1208	55	3	123	313299	123	313299	0.00465041	0.00359413	0.003	0.017	2547.15	2348.06	60	9422	
0.4	5.4	14	1209	14	3	60	163446	60	163446	0.0086	0.00359943	0.003	0.017	2724.1	2009.04	60	9422	
0.4	5.4	39	1210	16	3	1	60	1	60	0.003	0	0.003	0.003	60	0	60	60	
0.4	5.4	55	1212	16	3	2	120	2	120	0.003	0	0.003	0.003	60	0	60	60	
0.4	5.4	50	1217	2	3	129	346388	128	344021	0.0043125	0.00274292	0.003	0.01	2687.66	2623.72	45	9422	
0.4	5.4	41	1218	24	3	259	211683	257	209315	0.0052607	0.00327963	0.003	0.01	814.455	516.962	32	3822	
0.4	5.4	34	1224	30	3	115	55321	115	55321	0.00446087	0.00285708	0.003	0.01	481.052	402.197	26	1775	
0.4	5.4	39	1228	78	3	1	60	1	60	0.003	0	0.003	0.003	60	0	60	60	
0.4	5.4	9	1229	7	3	58	155254	58	155254	0.00686207	0.00351163	0.003	0.01	2676.79	1883.51	36	7690	
0.4	5.4	53	1230	16	3	37	52791	37	52791	0.00772973	0.00332205	0.003	0.01	1426.78	881.716	60	4141	
0.4	5.4	51	1231	4	3	121	311020	121	311020	0.00421488	0.0026621	0.003	0.01	2570.41	1836.58	60	9422	
0.4	5.4	34	1233	44	3	175	203860	175	203860	0.00504	0.00319007	0.003	0.01	1164.91	1080.01	5	7099	
0.4	5.4	2	1235	2	3	174	240031	173	238256	0.00631792	0.00396314	0.003	0.017	1377.2	1304.28	60	9422	
0.4	5.4	25	1236	11	3	115	364136	114	362361	0.00797368	0.00332185	0.003	0.017	3178.61	2705.92	45	9422	
0.4	5.4	11	1238	3	3	66	131018	66	131018	0.00490909	0.00314142	0.003	0.01	1985.12	1491.15	60	7099	
0.4	5.4	37	1241	46	3	201	301612	202	302097	0.00632673	0.00370722	0.003	0.017	1495.53	1593.13	38	9422	
0.4	5.4	48	1242	17	3	68	230263	68	230263	0.00742647	0.00340025	0.003	0.01	3386.22	2618.65	60	9422	
0.4	5.4	32	1246	8	3	65	145816	65	145816	0.00773846	0.00329904	0.003	0.01	2243.32	2073.48	60	9422	
0.4	5.4	57	1248	15	3	1	60	1	60	0.003	0	0.003	0.003	60	0	60	60	
0.4	5.4	45	1249	19	3	40	117266	42	126140	0.00616667	0.00352632	0.003	0.01	3003.33	1652.65	60	5324	
0.4	5.4	53	1250	2	3	144	261605	144	261853	0.00722917	0.00415726	0.003	0.017	1818.42	1351.95	60	7099	
0.4	5.4	29	1256	15	3	95	278330	95	278330	0.00837895	0.00313925	0.003	0.017	2929.79	2072.58	60	8282	
0.4	5.4	41	1257	6	3	140	86124	140	86124	0.00455	0.00291689	0.003	0.01	615.171	501.75	28	3794	
0.4	5.4	22	1261	8	3	2	120	2	120	0.01	0	0.01	0.01	60	0	60	60	
0.4	5.4	13	1262	26	3	17	45794	17	45794	0.003	0	0.003	0.003	2693.76	2840.25	60	9422	
0.4	5.4	13	1263	25	3	37	99524	37	99524	0.00621622	0.0035366	0.003	0.01	2689.84	2032.96	60	9422	
0.4	5.4	52	1264	43	3	212	260177	212	260177	0.00626887	0.00387829	0.003	0.017	1227.25	972.861	26	4904	
0.4	5.4	34	1265	37	3	188	220442	188	220442	0.00542021	0.00333816	0.003	0.01	1172.56	1108.36	26	7099	
0.4	5.4	13	1266	22	3	2	116	2	116	0.003	0	0.003	0.003	58	2.82843	56	60	
0.4	5.4	10	1267	3	3	16	19649	16	19649	0.007375	0.0035	0.003	0.01	1228.06	1125.44	60	4395	
0.4	5.4	42	1268	17	3	73	136334	73	136334	0.003	0	0.003	0.003	1867.59	1760.38	60	8873	
0.4	5.4	21	1270	33	3	93	92849	93	92849	0.00683871	0.00444114	0.003	0.017	998.376	593.063	60	2958	
0.4	5.4	36	1271	13	3	12	41533	10	31474	0.01	0	0.01	0.01	3147.4	3155.04	60	9422	
0.4	5.4	56	1273	22	3	154	469549	154	469549	0.003	0	0.003	0.003	3049.02	2160.9	60	9422	
0.4	5.4	53	1275	4	3	189	606035	189	606035	0.00562963	0.00339906	0.003	0.01	3206.53	2107.8	45	9422	
0.4	5.4	38	1276	4	3	45	108999	45	108999	0.003	0	0.003	0.003	2422.2	1470.11	60	5324	
0.4	5.4	51	1277	19	3	139	420256	139	420256	0.00566906	0.00361436	0.003	0.017	3023.42	2242.81	60	9422	
0.4	5.4	5	1280	5	3	107	407181	107	407181	0.00424299	0.00268764	0.003	0.01	3805.43	1951.55	60	9422	
0.4	5.4	55	1283	25	3	205	341209	205	341209	0.00672195	0.00350151	0.003	0.01	1664.43	1632.03	40	9422	
0.4	5.4	37	1286	24	3	3	180	3	180	0.00533333	0.00404145	0.003	0.01	60	0	60	60	
0.4	5.4	35	1287	2	3	1	60	1	60	0.003	0	0.003	0.003	60	0	60	60	
0.4	5.4	43	1290	7	3	5	3727	5	3727	0.003	0	0.003	0.003	745.4	741.869	60	1775	
0.4	5.4	7	1292	11	3	169	568841	168	566474	0.00845833	0.00300868	0.003	0.017	3371.87	2368.76	60	8873	
0.4	5.4	41	1293	31	3	67	26864	67	26864	0.00508955	0.00344978	0.003	0.017	400.955	380.428	24	2196	
0.4	5.4	43	1294	11	3	25	77215	25	77215	0.00916	0.00232164	0.003	0.01	3088.6	2932.57	60	9422	
0.4	5.4	16	1296	7	3	37	131456	37	131456	0.00905405	0.00242608	0.003	0.01	3552.86	1741	60	7099	
0.4	5.4	6	1297	2	3	13	41534	13	41534	0.003	0	0.003	0.003	3194.92	3475.33	60	9422	
0.4	5.4	41	1298	40	3	146	78463	146	78463	0.00434246	0.00288501	0.003	0.017	537.418	511.828	60	2961	
0.4	5.4	39	1301	11	3	1	60	1	60	0.003	0	0.003	0.003	60	0	60	60	
0.4	5.4	35	1302	9	3	21	44492	21	44492	0.00433333	0.00281662	0.003	0.01	2118.67	1240.46	60	5324	
0.4	5.4	56	1304	20	3	101	268772	101	268772	0.00542574	0.00334768	0.003	0.01	2661.11	2250.45	45	9422	
0.4	5.4	38	1305	24	3	57	110206	57	110206	0.00570175	0.0039141	0.003	0.017	1933.44	1631.62	60	7673	
0.4	5.4	50	1306	9	3	31	79522	31	79522	0.00819355	0.00311362	0.003	0.01	2565.23	2401.85	56	9422	
0.4	5.4	37	1307	15	3	147	322651	147	322651	0.00557143	0.00338611	0.003	0.01	2194.9	2073.74	28	9422	
0.4	5.4	56	1310	3	3	87	248747	88	249339	0.00610227	0.00349726	0.003	0.01	2833.4	2066.78	45	9422	
0.4	5.4	47	1311	2	3	64	159996	63	155263	0.00777778	0.00328459	0.003	0.01	2464.49	1846.05	60	9422	
0.4	5.4	4	1313	9	3	33	57514	33	57514	0.00321212	0.00121854	0.003	0.01	1742.85	2175.57	60	9422	
0.4	5.4	27	1314	20	3	213	741739	213	741739	0.00710798	0.00358621	0.003	0.017	3482.34	2224.15	36	9422	
0.4	5.4	47	1315	4	3	44	132057	44	132057	0.00729545	0.00344781	0.003	0.01	3001.3	2065.73	60	8873	
0.4	5.4	30	1318	2	3	33	109574	32	104250	0.0086875	0.0027759	0.003	0.01	3257.81	2280.06	60	9422	
0.4	5.4	39	1319	62	3	173	198521	174	198846	0.00585632	0.0039119	0.003	0.017	1142.79	899.394	5	4904	
0.4	5.4	31	1320	8	3	1	60	1	60	0.003	0	0.003	0.003	60	0	60	60	
0.4	5.4	38	1322	11	3	56	98368	56	98368	0.006375	0.00400256	0.003	0.017	1756.57	2112.9	60	9422	
0.4	5.4	30	1327	8	3	85	228040	85	228040	0.00827059	0.00303703	0.003	0.01	2682.82	2392.11	45	9422	
0.4	5.4	21	1328	35	3	61	132812	61	132812	0.003	0	0.003	0.003	2177.25	1782.92	60	9422	
0.4	5.4	42	1330	24	3	107	366475	107	366475	0.00476635	0.00305478	0.003	0.01	3425	2072.03	60	8282	
0.4	5.4	32	1331	16	3	168	631146	168	631146	0.003	0	0.003	0.003	3756.82	2478.15	45	9422	
0.4	5.4	13	1332	1	3	83	209125	83	209125	0.00679518	0.00350873	0.003	0.01	2519.58	1977.18	60	9422	
0.4	5.4	2	1333	29	3	103	181332	103	181332	0.00531068	0.00330783	0.003	0.01	1760.5	1339.92	60	7099	
0.4	5.4	7	1334	7	3	242	896127	242	896127	0.003	0	0.003	0.003	3703	2417.19	45	9422	
0.4	5.4	14	1335	17	3	118	364700	118	364700	0.00845763	0.00305405	0.003	0.017	3090.68	2402.47	60	9422	
0.4	5.4	11	1336	1	3	23	44559	23	44559	0.00695652	0.00354809	0.003	0.01	1937.35	1426.03	60	4395	
0.4	5.4	19	1337	12	3	158	360639	158	360639	0.00827215	0.0035055	0.003	0.017	2282.53	1945.19	60	9422	
0.4	5.4	1	1338	5	3	167	533334	167	533334	0.0084491	0.0029158	0.003	0.01	3193.62	2349.42	45	9422	
0.4	5.4	40	1339	20	3	68	223762	68	223762	0.00794118	0.00321323	0.003	0.01	3290.62	2758.3	45	9422	
0.4	5.4	56	1341	25	3	85	268264	85	268264	0.00777647	0.00327827	0.003	0.01	3156.05	2497.82	45	9422	
0.4	5.4	5	1342	1	3	66	175272	65	168173	0.00806154	0.00315672	0.003	0.01	2587.28	1840.56	13	7690	
0.4	5.4	2	1347	38	3	42	85341	42	85341	0.003	0	0.003	0.003	2031.93	1433.58	60	6378	
0.4	5.4	52	1348	59	3	195	212869	196	213074	0.00689286	0.00438105	0.003	0.017	1087.11	863.42	60	4395	
0.4	5.4	37	1352	63	3	248	392023	248	392023	0.00610484	0.00348465	0.003	0.01	1580.74	1351.44	53	9422	
0.4	5.4	51	1353	12	3	1	60	1	60	0.01	0	0.01	0.01	60	0	60	60	
0.4	5.4	43	1355	16	3	40	129109	40	129109	0.00615	0.00352682	0.003	0.01	3227.72	2623.21	60	9422	
0.4	5.4	10	1356	18	3	122	252947	122	252947	0.00845082	0.00365699	0.003	0.017	2073.34	1930.3	13	9422	
0.4	5.4	34	1357	8	3	90	149878	90	149878	0.00315555	0.00103762	0.003	0.01	1665.31	1400.88	60	8873	
0.4	5.4	40	1358	22	3	61	115502	61	115502	0.00862295	0.00280573	0.003	0.01	1893.48	2358.79	60	9422	
0.4	5.4	56	1361	15	3	175	526847	175	526847	0.00648	0.00350999	0.003	0.01	3010.55	2242.74	45	9422	
0.4	5.4	25	1362	15	3	80	139204	79	137429	0.00831645	0.00321273	0.003	0.017	1739.61	1579.01	60	9422	
0.4	5.4	2	1365	5	3	1	60	1	60	0.003	0	0.003	0.003	60	0	60	60	
0.4	5.4	54	1366	23	3	99	201352	99	201352	0.0060404	0.00348735	0.003	0.01	2033.86	1631.38	60	9422	
0.4	5.4	57	1367	7	3	5	5442	5	5442	0.0072	0.00383406	0.003	0.01	1088.4	742.216	60	1775	
0.4	5.4	36	1368	6	3	61	126764	60	124989	0.00813333	0.00383767	0.003	0.017	2083.15	1351.16	60	6507	
0.4	5.4	41	1369	53	3	1	60	1	60	0.01	0	0.01	0.01	60	0	60	60	
0.4	5.4	26	1370	6	3	169	352109	169	352109	0.00826035	0.00372455	0.003	0.017	2083.49	1965.07	60	9422	
0.4	5.4	17	1371	9	3	5	3727	5	3727	0.003	0	0.003	0.003	745.4	741.869	60	1775	
0.4	5.4	25	1373	19	3	68	211356	68	211356	0.00711765	0.00347068	0.003	0.01	3108.18	2369.32	45	9422	
0.4	5.4	19	1374	8	3	1	60	1	60	0.01	0	0.01	0.01	60	0	60	60	
0.4	5.4	28	1376	19	3	36	103250	36	103250	0.003	0	0.003	0.003	2868.06	2467.81	60	9422	
0.4	5.4	15	1378	5	3	3	180	3	180	0.01	0	0.01	0.01	60	0	60	60	
0.4	5.4	33	1380	2	3	94	295364	94	295364	0.00821276	0.0032358	0.003	0.017	3142.17	2703.58	45	9422	
0.4	5.4	37	1381	14	3	1	60	1	60	0.01	0	0.01	0.01	60	0	60	60	
0.4	5.4	2	1382	40	3	76	158860	76	158860	0.00447368	0.00287274	0.003	0.01	2090.26	1679.21	60	9213	
0.4	5.4	8	1383	23	3	186	448806	185	447404	0.00738919	0.00354779	0.003	0.017	2418.4	1946.15	35	9422	
0.4	5.4	27	1384	24	3	120	373485	120	373485	0.00813333	0.00336301	0.003	0.017	3112.38	2130.29	60	9422	
0.4	5.4	27	1385	10	3	160	648081	161	652476	0.00656522	0.00351031	0.003	0.01	4052.65	2404.04	45	9422	
0.4	5.4	56	1387	14	3	184	687877	184	687877	0.00573913	0.00342562	0.003	0.01	3738.46	2450.68	45	9422	
0.4	5.4	41	1388	55	3	223	270917	223	270917	0.00532287	0.00330353	0.003	0.01	1214.87	1351.93	47	9422	
0.4	5.4	37	1392	41	3	20	27353	20	27353	0.0079	0.00399868	0.003	0.017	1367.65	907.142	60	4141	
0.4	5.4	25	1393	20	3	51	116108	50	114924	0.00776	0.00358887	0.003	0.017	2298.48	2089.53	60	9422	
0.4	5.4	19	1394	18	3	1	60	1	60	0.01	0	0.01	0.01	60	0	60	60	
0.4	5.4	39	1396	68	3	159	156471	159	156471	0.00577358	0.00377856	0.003	0.017	984.094	601.28	26	3550	
0.4	5.4	17	1397	8	3	57	174673	57	174673	0.00864912	0.00278703	0.003	0.01	3064.44	2599.08	60	9422	
0.4	5.4	39	1398	15	3	1	60	1	60	0.01	0	0.01	0.01	60	0	60	60	
0.4	5.4	22	1399	21	3	62	196086	62	196086	0.00446774	0.00287281	0.003	0.01	3162.68	2906.08	60	9422	
0.4	5.4	34	1400	46	3	220	135391	220	135391	0.00519545	0.0038241	0.003	0.017	615.414	558.89	40	4904	
0.4	5.4	43	1401	17	3	91	374020	91	374020	0.003	0	0.003	0.003	4110.11	2250.95	60	8873	
0.4	5.4	37	1402	20	3	49	57566	49	57566	0.00557143	0.00340955	0.003	0.01	1174.82	620.486	60	2958	
0.4	5.4	20	1404	5	3	57	123909	57	123909	0.00778947	0.00328273	0.003	0.01	2173.84	1747.31	60	9422	
0.4	5.4	11	1405	13	3	37	94205	37	94205	0.00451351	0.00292139	0.003	0.01	2546.08	1677.97	28	6507	
0.4	5.4	21	1406	43	3	132	422717	132	422717	0.00671212	0.00350688	0.003	0.01	3202.4	2565.97	36	9422	
0.4	5.4	29	1407	12	3	208	800262	208	800262	0.00687019	0.00348876	0.003	0.01	3847.41	2753.85	45	9422	
0.4	5.4	19	1408	3	3	117	427639	117	427639	0.003	0	0.003	0.003	3655.03	2371.13	60	9422	
0.4	5.4	6	1409	17	3	88	299510	88	299510	0.00832954	0.00300085	0.003	0.01	3403.52	2215.27	60	9422	
0.4	5.4	23	1411	17	3	121	489292	121	489292	0.00519835	0.00326246	0.003	0.01	4043.74	2727.63	45	9422	
0.4	5.4	40	1412	1	3	1	60	1	60	0.01	0	0.01	0.01	60	0	60	60	
0.4	5.4	46	1413	12	3	154	584564	154	584564	0.00636364	0.00350875	0.003	0.01	3795.87	2486.31	45	9422	
0.4	5.4	39	1415	63	3	158	157587	156	151665	0.00591667	0.00372603	0.003	0.017	972.212	866.097	60	6986	
0.4	5.4	39	1416	45	3	95	138199	95	138199	0.00513684	0.00324073	0.003	0.01	1454.73	1208.41	55	6728	
0.4	5.4	38	1418	1	3	96	258125	96	258125	0.0060625	0.00349078	0.003	0.01	2688.8	2561.63	45	9422	
0.4	5.4	37	1419	16	3	164	209260	164	209260	0.00564634	0.00366	0.003	0.017	1275.98	1452.22	28	9422	
0.4	5.4	34	1421	35	3	173	147693	173	147693	0.00546821	0.00335417	0.003	0.01	853.717	810.443	6	7260	
0.4	5.4	42	1424	4	3	197	821819	197	821565	0.00705076	0.0034652	0.003	0.01	4170.38	2771.05	45	9422	
0.4	5.4	52	1425	61	3	10	5453	10	5453	0.0051	0.00338132	0.003	0.01	545.3	522.077	60	1775	
