% start	end	CellId	IMSI	RNTI	LCID	nTxPDUs	TxBytes	nRxPDUs	RxBytes	delay	stdDev	min	max	PduSize	stdDev	min	max
0.4	5.4	37	2	71	3	169	193951	169	193951	0.005071	0.00320449	0.003	0.01	1147.64	1305.11	29	9422	
0.4	5.4	51	3	17	3	140	464948	140	464948	0.0082	0.00329202	0.003	0.017	3321.06	2404.37	45	9422	
0.4	5.4	51	6	2	3	26	84726	26	84726	0.003	0	0.003	0.003	3258.69	2699.48	45	9422	
0.4	5.4	38	7	16	3	32	44532	32	44532	0.00540625	0.00337791	0.003	0.01	1391.63	1018.39	60	3822	
0.4	5.4	9	8	11	3	101	348136	101	348136	0.00695049	0.0034882	0.003	0.01	3446.89	2549.57	45	9422	
0.4	5.4	39	9	54	3	268	320594	268	320594	0.00605597	0.00378156	0.003	0.017	1196.25	1158.35	40	7520	
0.4	5.4	27	10	14	3	98	251762	98	251762	0.00664286	0.00351506	0.003	0.01	2569	1905.59	60	8873	
0.4	5.4	21	11	21	3	3	180	3	180	0.00533333	0.00404145	0.003	0.01	60	0	60	60	
0.4	5.4	48	13	3	3	176	431796	176	431796	0.00805114	0.00393703	0.003	0.017	2453.39	1990.26	45	9422	
0.4	5.4	1	14	12	3	38	152753	38	152753	0.003	0	0.003	0.003	4019.82	2059	60	8873	
0.4	5.4	46	15	18	3	60	229799	60	229799	0.0058	0.00345823	0.003	0.01	3829.98	3095.46	45	9422	
0.4	5.4	52	16	22	3	1	60	1	60	0.003	0	0.003	0.003	60	0	60	60	
0.4	5.4	55	20	27	3	208	207099	206	204731	0.00592233	0.00442981	0.003	0.024	993.84	1042.97	50	9422	
0.4	5.4	1	23	4	3	13	14324	13	14324	0.00784615	0.00336269	0.003	0.01	1101.85	441.567	60	1775	
0.4	5.4	55	24	34	3	87	100840	87	100840	0.00525287	0.00345812	0.003	0.017	1159.08	1111.7	60	6877	
0.4	5.4	34	26	44	3	369	510578	369	510578	0.00626287	0.00371816	0.003	0.017	1383.68	1514.4	5	9422	
0.4	5.4	14	27	16	3	17	46270	17	46270	0.003	0	0.003	0.003	2721.76	3088.6	60	9422	
0.4	5.4	7	28	13	3	151	521624	151	521624	0.00735761	0.00340459	0.003	0.01	3454.46	2439.01	45	9422	
0.4	5.4	23	29	12	3	84	280583	84	280583	0.003	0	0.003	0.003	3340.27	2680.62	45	9422	
0.4	5.4	41	34	64	3	224	306980	224	306980	0.005	0.00316936	0.003	0.01	1370.45	1172.58	53	7862	
0.4	5.4	28	36	25	3	37	60487	37	60487	0.00716216	0.0034842	0.003	0.01	1634.78	1280.43	60	4395	
0.4	5.4	11	37	14	3	130	400230	130	400230	0.00838461	0.00296068	0.003	0.01	3078.69	2271.71	60	9422	
0.4	5.4	3	41	15	3	2	120	2	120	0.0065	0.00494975	0.003	0.01	60	0	60	60	
0.4	5.4	39	42	48	3	160	278498	160	278498	0.00475	0.00304061	0.003	0.01	1740.61	1238.8	31	7099	
0.4	5.4	6	43	15	3	48	153359	47	147443	0.00612766	0.00351776	0.003	0.01	3137.09	2261.54	60	8873	
0.4	5.4	34	44	21	3	218	231142	218	231142	0.00608257	0.00373334	0.003	0.017	1060.28	805.91	57	5324	
0.4	5.4	37	45	63	3	239	169144	239	169144	0.00575314	0.00432913	0.003	0.017	707.715	692.629	17	4395	
0.4	5.4	2	46	1	3	285	576019	285	576019	0.0048421	0.00308785	0.003	0.01	2021.12	1651.17	25	9422	
0.4	5.4	46	47	5	3	76	178239	76	178239	0.0065	0.00352326	0.003	0.01	2345.25	1472.43	60	7099	
0.4	5.4	37	50	68	3	34	30992	34	30992	0.00567647	0.00345289	0.003	0.01	911.529	901.924	60	4904	
0.4	5.4	23	53	19	3	47	104866	47	104866	0.00702128	0.00379066	0.003	0.017	2231.19	2543.65	60	9422	
0.4	5.4	42	55	25	3	111	240425	112	244820	0.0044375	0.00284045	0.003	0.01	2185.89	1599.52	45	9422	
0.4	5.4	32	56	22	3	191	482515	192	483447	0.00686458	0.00349006	0.003	0.01	2517.95	1888.44	36	9422	
0.4	5.4	2	57	5	3	213	310618	213	310618	0.00743662	0.00498318	0.003	0.024	1458.3	1305.55	13	8873	
0.4	5.4	48	60	4	3	38	84742	38	84742	0.00428947	0.00275002	0.003	0.01	2230.05	2333.38	60	9422	
0.4	5.4	9	61	9	3	159	439181	159	439181	0.00806289	0.00342494	0.003	0.017	2762.14	1892.59	60	9422	
0.4	5.4	52	62	48	3	286	369724	287	371848	0.00563415	0.00395631	0.003	0.017	1295.64	995.036	25	4885	
0.4	5.4	1	63	15	3	111	332775	111	332775	0.00684685	0.00349857	0.003	0.01	2997.97	2871.1	45	9422	
0.4	5.4	9	64	5	3	139	520914	139	520914	0.003	0	0.003	0.003	3747.58	2391.82	45	9422	
0.4	5.4	48	65	13	3	153	604199	153	604199	0.003	0	0.003	0.003	3949.01	2450.34	45	9422	
0.4	5.4	55	66	49	3	125	76632	123	74002	0.00556097	0.0043233	0.003	0.017	601.642	434.476	60	2468	
0.4	5.4	45	68	3	3	52	133976	52	133976	0.00676923	0.00352368	0.003	0.01	2576.46	2313.38	60	9422	
0.4	5.4	37	69	18	3	203	156002	203	156002	0.00510345	0.00321724	0.003	0.01	768.483	482.032	11	2389	
0.4	5.4	54	72	5	3	140	546188	140	546188	0.003	0	0.003	0.003	3901.34	2035.98	60	9422	
0.4	5.4	39	73	50	3	302	384157	302	384157	0.00592053	0.00377265	0.003	0.017	1272.04	1369.32	20	9422	
0.4	5.4	4	74	10	3	45	100126	45	100126	0.003	0	0.003	0.003	2225.02	1480.81	60	5072	
0.4	5.4	41	77	14	3	84	102546	84	102546	0.006	0.00348491	0.003	0.01	1220.79	696.664	6	3550	
0.4	5.4	43	78	7	3	2	120	2	120	0.0065	0.00494975	0.003	0.01	60	0	60	60	
0.4	5.4	39	79	49	3	182	231081	182	231081	0.00626923	0.00386928	0.003	0.017	1269.68	1151.25	59	6877	
0.4	5.4	34	83	37	3	10	3790	10	3790	0.0086	0.00552167	0.003	0.017	379	345.493	56	1089	
0.4	5.4	22	84	3	3	82	291439	82	291439	0.003	0	0.003	0.003	3554.13	2633.12	60	9422	
0.4	5.4	53	85	16	3	56	186492	56	186492	0.00725	0.00344964	0.003	0.01	3330.21	2095.27	36	9422	
0.4	5.4	9	86	15	3	67	220210	67	220210	0.003	0	0.003	0.003	3286.72	2097.27	60	9422	
0.4	5.4	7	88	12	3	90	225094	90	225094	0.00743333	0.00355076	0.003	0.017	2501.04	1835.5	23	8873	
0.4	5.4	28	90	11	3	98	282460	98	282460	0.00328571	0.00139217	0.003	0.01	2882.24	2286.22	60	9422	
0.4	5.4	42	91	11	3	97	294392	97	294392	0.003	0	0.003	0.003	3034.97	2400.71	45	9422	
0.4	5.4	22	92	2	3	145	552705	145	552705	0.00705517	0.00346767	0.003	0.01	3811.76	1940.13	57	9422	
0.4	5.4	37	93	45	3	265	241842	265	241842	0.00553585	0.00353227	0.003	0.017	912.611	788.767	14	4395	
0.4	5.4	11	94	10	3	173	487898	173	487898	0.00761272	0.00365444	0.003	0.017	2820.22	1951.61	60	9422	
0.4	5.4	39	95	38	3	194	400266	194	400266	0.00473196	0.00302842	0.003	0.01	2063.23	1543.78	60	9422	
0.4	5.4	40	96	6	3	139	493701	139	493701	0.00808633	0.00324257	0.003	0.017	3551.81	2530.16	45	9422	
0.4	5.4	2	97	7	3	1	60	1	60	0.003	0	0.003	0.003	60	0	60	60	
0.4	5.4	40	98	17	3	86	315586	86	315586	0.003	0	0.003	0.003	3669.6	2684.54	60	9422	
0.4	5.4	43	99	4	3	3	1300	3	1300	0.01	0	0.01	0.01	433.333	324.526	60	648	
0.4	5.4	37	101	30	3	353	372031	353	372031	0.00532011	0.00346444	0.003	0.017	1053.91	1266.32	10	9422	
0.4	5.4	21	107	40	3	105	244661	105	244661	0.004	0.00246124	0.003	0.01	2330.1	2304.06	60	9422	
0.4	5.4	32	109	26	3	192	552814	192	552814	0.00540625	0.0033334	0.003	0.01	2879.24	2124.62	36	9422	
0.4	5.4	52	111	28	3	144	257774	144	257774	0.00475	0.00304167	0.003	0.01	1790.1	1378.28	60	7690	
0.4	5.4	36	112	4	3	291	1065541	290	1059625	0.003	0	0.003	0.003	3653.88	2382.28	45	9422	
0.4	5.4	27	113	16	3	102	312054	102	312054	0.00505882	0.00320527	0.003	0.01	3059.35	2584.06	45	9422	
0.4	5.4	15	115	6	3	31	107798	30	105431	0.0086	0.00284787	0.003	0.01	3514.37	2239.47	60	8873	
0.4	5.4	32	117	21	3	140	498325	140	498325	0.003	0	0.003	0.003	3559.46	2260.71	45	9422	
0.4	5.4	30	118	12	3	1	60	1	60	0.01	0	0.01	0.01	60	0	60	60	
0.4	5.4	33	120	8	3	24	66389	24	66389	0.003	0	0.003	0.003	2766.21	1382.73	60	5324	
0.4	5.4	34	122	4	3	1	60	1	60	0.01	0	0.01	0.01	60	0	60	60	
0.4	5.4	34	123	36	3	170	277299	170	277299	0.00612941	0.0035727	0.003	0.017	1631.17	1330.55	18	6882	
0.4	5.4	51	124	11	3	152	413752	152	413752	0.00788158	0.00360635	0.003	0.017	2722.05	1824.49	36	8282	
0.4	5.4	23	127	15	3	148	483048	148	483048	0.00427703	0.00271258	0.003	0.01	3263.84	1909.47	60	8873	
0.4	5.4	30	128	13	3	120	303649	120	303649	0.00825	0.0030438	0.003	0.01	2530.41	2324.08	60	9422	
0.4	5.4	46	130	17	3	2	120	2	120	0.0065	0.00494975	0.003	0.01	60	0	60	60	
0.4	5.4	14	131	6	3	100	185392	100	185392	0.00706	0.00374657	0.003	0.017	1853.92	1848.6	60	9422	
0.4	5.4	35	134	11	3	1	60	1	60	0.01	0	0.01	0.01	60	0	60	60	
0.4	5.4	14	135	4	3	123	229901	123	229901	0.00681301	0.00393252	0.003	0.017	1869.11	1753.25	60	9422	
0.4	5.4	37	137	64	3	18	12504	18	12504	0.00805555	0.00526333	0.003	0.017	694.667	485.916	60	1775	
0.4	5.4	33	138	11	3	197	611500	196	607359	0.00746428	0.00337316	0.003	0.01	3098.77	1765.16	36	9422	
0.4	5.4	39	141	13	3	5	300	5	300	0.0044	0.0031305	0.003	0.01	60	0	60	60	
0.4	5.4	48	143	15	3	52	81222	52	81222	0.00703846	0.00423784	0.003	0.017	1561.96	1314.18	60	4904	
0.4	5.4	10	144	1	3	125	578608	125	578608	0.003	0	0.003	0.003	4628.86	2530.04	45	9422	
0.4	5.4	20	146	9	3	136	493576	136	493576	0.00742647	0.00338763	0.003	0.01	3629.24	2103.61	60	9422	
0.4	5.4	28	149	23	3	4	3667	4	3667	0.00475	0.0035	0.003	0.01	916.75	733.545	60	1775	
0.4	5.4	34	151	1	3	1	60	1	60	0.003	0	0.003	0.003	60	0	60	60	
0.4	5.4	37	152	6	3	1	60	1	60	0.003	0	0.003	0.003	60	0	60	60	
0.4	5.4	34	153	39	3	52	41725	52	41725	0.00475	0.00335994	0.003	0.017	802.404	577.875	24	2481	
0.4	5.4	55	155	7	3	2	120	2	120	0.003	0	0.003	0.003	60	0	60	60	
0.4	5.4	53	157	12	3	176	468187	175	466412	0.00692	0.00364272	0.003	0.017	2665.21	1883.59	60	9422	
0.4	5.4	47	158	11	3	116	235671	116	235671	0.00843103	0.00358554	0.003	0.017	2031.65	1937.14	60	9422	
0.4	5.4	2	160	32	3	216	440618	216	440618	0.0051713	0.00324551	0.003	0.01	2039.9	1572.66	60	8282	
0.4	5.4	30	161	3	3	37	111468	37	111468	0.0082973	0.00304471	0.003	0.01	3012.65	2673.05	60	9422	
0.4	5.4	33	163	3	3	235	761747	235	761747	0.00711064	0.00357288	0.003	0.017	3241.48	2570.06	45	9422	
0.4	5.4	32	164	12	3	133	285475	133	285475	0.0068421	0.0038016	0.003	0.017	2146.43	1711.41	60	8282	
0.4	5.4	4	165	18	3	137	364637	137	364637	0.00667883	0.0038039	0.003	0.017	2661.58	2175.5	60	9422	
0.4	5.4	13	166	17	3	104	311519	104	311519	0.00697115	0.00348494	0.003	0.01	2995.37	2265.01	60	9422	
0.4	5.4	39	167	28	3	190	244305	190	244305	0.00620526	0.00384969	0.003	0.017	1285.82	1214.77	32	9422	
0.4	5.4	46	168	23	3	107	254007	107	254007	0.00757944	0.00385843	0.003	0.017	2373.9	1856.94	60	8282	
0.4	5.4	17	169	17	3	180	588987	180	588987	0.00615	0.00364558	0.003	0.017	3272.15	2793.98	60	9422	
0.4	5.4	8	170	10	3	74	253349	74	253349	0.003	0	0.003	0.003	3423.64	2574.4	60	9422	
0.4	5.4	8	171	5	3	175	440478	175	440478	0.00736	0.00348422	0.003	0.017	2517.02	1681.21	36	9422	
0.4	5.4	44	172	7	3	207	543444	207	543444	0.00726087	0.00400116	0.003	0.017	2625.33	2106.21	26	9422	
0.4	5.4	24	173	2	3	179	602223	178	598673	0.003	0	0.003	0.003	3363.33	2201.1	45	9422	
0.4	5.4	22	174	5	3	30	88279	30	88279	0.003	0	0.003	0.003	2942.63	1817.28	60	5916	
0.4	5.4	56	175	7	3	27	107795	27	107795	0.00844444	0.00296561	0.003	0.01	3992.41	2994.45	60	9422	
0.4	5.4	4	176	11	3	39	116084	38	108985	0.00392105	0.00239799	0.003	0.01	2868.03	2627.99	60	9422	
0.4	5.4	57	177	7	3	74	263410	74	263410	0.00848649	0.00290131	0.003	0.01	3559.59	2971.71	45	9422	
0.4	5.4	41	180	12	3	149	248483	150	249667	0.00608	0.00348635	0.003	0.01	1664.45	1376.48	60	8291	
0.4	5.4	52	182	1	3	1	60	1	60	0.01	0	0.01	0.01	60	0	60	60	
0.4	5.4	8	185	12	3	1	60	1	60	0.003	0	0.003	0.003	60	0	60	60	
0.4	5.4	47	187	17	3	96	180170	96	180170	0.00730208	0.00357217	0.003	0.017	1876.77	1659.48	13	9422	
0.4	5.4	21	188	36	3	155	413786	155	413786	0.00458064	0.00293627	0.003	0.01	2669.59	2351.2	45	9422	
0.4	5.4	4	189	12	3	100	196004	100	196004	0.0079	0.00378861	0.003	0.017	1960.04	1370.61	60	5324	
0.4	5.4	8	190	16	3	81	216210	81	216210	0.00369136	0.00210144	0.003	0.01	2669.26	2233.65	60	9422	
0.4	5.4	42	191	3	3	1	60	1	60	0.003	0	0.003	0.003	60	0	60	60	
0.4	5.4	22	193	17	3	91	336283	90	335099	0.00665555	0.00351613	0.003	0.01	3723.32	2551.51	60	9422	
0.4	5.4	3	195	2	3	1	60	1	60	0.003	0	0.003	0.003	60	0	60	60	
0.4	5.4	52	197	49	3	247	360971	247	360971	0.00475708	0.00352657	0.003	0.017	1461.42	1286.05	22	7690	
0.4	5.4	2	198	15	3	70	78985	70	78985	0.007	0.00348911	0.003	0.01	1128.36	747.146	60	4141	
0.4	5.4	44	199	2	3	93	267691	92	265324	0.00672826	0.00351169	0.003	0.01	2883.96	2281.23	60	9422	
0.4	5.4	48	201	7	3	45	94340	45	94340	0.00673333	0.00383406	0.003	0.017	2096.44	1526.7	60	5324	
0.4	5.4	8	202	27	3	156	320286	156	320286	0.00829487	0.00392546	0.003	0.017	2053.12	1584.57	8	9422	
0.4	5.4	39	207	64	3	250	298082	250	298082	0.005828	0.00366334	0.003	0.017	1192.33	967.363	10	4904	
0.4	5.4	41	208	4	3	2	120	2	120	0.01	0	0.01	0.01	60	0	60	60	
0.4	5.4	23	211	20	3	228	840353	227	837725	0.0063304	0.00362527	0.003	0.017	3690.42	2422.36	45	9422	
0.4	5.4	38	212	15	3	54	170530	54	170530	0.00338889	0.00161849	0.003	0.01	3157.96	2166.27	60	9422	
0.4	5.4	41	213	15	3	1	60	1	60	0.003	0	0.003	0.003	60	0	60	60	
0.4	5.4	31	214	3	3	19	28521	18	27929	0.00844444	0.00299455	0.003	0.01	1551.61	1449.74	60	5324	
0.4	5.4	8	215	24	3	18	34439	18	34439	0.00494444	0.00322622	0.003	0.01	1913.28	1532.35	60	5324	
0.4	5.4	56	217	11	3	70	204248	70	204248	0.0077	0.0033116	0.003	0.01	2917.83	2224.07	60	8873	
0.4	5.4	47	220	9	3	100	253505	100	253505	0.00643	0.00351693	0.003	0.01	2535.05	1728.85	60	7099	
0.4	5.4	37	221	32	3	1	60	1	60	0.003	0	0.003	0.003	60	0	60	60	
0.4	5.4	13	222	11	3	55	147454	55	147454	0.00834545	0.00300135	0.003	0.01	2680.98	2050.17	60	9422	
0.4	5.4	39	223	42	3	218	240009	218	240009	0.00579358	0.00362767	0.003	0.017	1100.96	1076.48	6	9422	
0.4	5.4	11	224	24	3	75	304823	75	304823	0.003	0	0.003	0.003	4064.31	2731.59	45	9422	
0.4	5.4	45	226	18	3	84	207826	84	207826	0.00816667	0.00309618	0.003	0.01	2474.12	2152.94	36	9422	
0.4	5.4	32	228	5	3	193	562844	193	562844	0.00662694	0.00357883	0.003	0.017	2916.29	2107.44	60	9422	
0.4	5.4	39	229	60	3	83	72404	83	72404	0.00603614	0.00397076	0.003	0.017	872.337	716.704	49	4141	
0.4	5.4	42	230	2	3	1	60	1	60	0.003	0	0.003	0.003	60	0	60	60	
0.4	5.4	19	231	15	3	85	155229	85	155229	0.00785882	0.00341967	0.003	0.017	1826.22	1507.15	60	8670	
0.4	5.4	21	232	10	3	269	444245	269	444245	0.00656505	0.00399352	0.003	0.017	1651.47	1564.3	60	9422	
0.4	5.4	44	233	8	3	24	59288	24	59288	0.00825	0.00372127	0.003	0.017	2470.33	1925.54	60	7099	
0.4	5.4	57	235	9	3	133	259399	133	259399	0.003	0	0.003	0.003	1950.37	2333.31	60	9422	
0.4	5.4	26	236	26	3	96	241137	96	241137	0.00759375	0.00334216	0.003	0.01	2511.84	2080.51	60	9422	
0.4	5.4	46	238	11	3	2	120	2	120	0.01	0	0.01	0.01	60	0	60	60	
0.4	5.4	34	239	57	3	281	475196	283	479532	0.00631449	0.00409593	0.003	0.017	1694.46	1497.64	55	9422	
0.4	5.4	34	241	19	3	2	120	2	120	0.0065	0.00494975	0.003	0.01	60	0	60	60	
0.4	5.4	16	242	10	3	12	24970	12	24970	0.00533333	0.00344656	0.003	0.01	2080.83	1841.86	60	5324	
0.4	5.4	38	245	5	3	117	402209	117	402209	0.00754701	0.00335409	0.003	0.01	3437.68	2536.07	17	9422	
0.4	5.4	29	248	20	3	53	142724	53	142724	0.00749057	0.00338902	0.003	0.01	2692.91	1885.36	36	9422	
0.4	5.4	7	249	4	3	98	324486	97	319753	0.00689691	0.00349549	0.003	0.01	3296.42	2123.25	60	9422	
0.4	5.4	23	250	4	3	144	527910	144	527910	0.003	0	0.003	0.003	3666.04	1661.31	60	9422	
0.4	5.4	16	251	6	3	191	550634	190	546493	0.00793684	0.00343438	0.003	0.017	2876.28	2166.16	57	9422	
0.4	5.4	19	252	2	3	2	120	2	120	0.0065	0.00494975	0.003	0.01	60	0	60	60	
0.4	5.4	8	253	9	3	3	180	3	180	0.00766667	0.00404145	0.003	0.01	60	0	60	60	
0.4	5.4	20	254	1	3	22	72887	22	72887	0.00936364	0.00205971	0.003	0.01	3313.05	2506.77	60	9422	
0.4	5.4	29	255	25	3	107	284859	107	284859	0.00725234	0.00343427	0.003	0.01	2662.23	2125.15	60	9422	
0.4	5.4	43	257	18	3	98	348613	98	348613	0.003	0	0.003	0.003	3557.28	2873.17	45	9422	
0.4	5.4	22	259	18	3	2	120	2	120	0.01	0	0.01	0.01	60	0	60	60	
0.4	5.4	23	260	6	3	179	607320	179	607320	0.00374302	0.00228598	0.003	0.017	3392.85	2794.69	45	9422	
0.4	5.4	22	261	15	3	6	8992	6	8992	0.003	0	0.003	0.003	1498.67	1204.42	60	3550	
0.4	5.4	41	263	46	3	50	58858	50	58858	0.00608	0.0040398	0.003	0.017	1177.16	1042.49	40	4904	
0.4	5.4	30	265	2	3	4	240	4	240	0.0065	0.00404145	0.003	0.01	60	0	60	60	
0.4	5.4	53	266	6	3	93	251124	93	251124	0.00713978	0.00345968	0.003	0.01	2700.26	2021.65	60	9422	
0.4	5.4	26	267	4	3	61	115532	61	115532	0.00736065	0.00365163	0.003	0.017	1893.97	1844.09	60	9422	
0.4	5.4	54	271	15	3	121	308393	121	308393	0.00722314	0.00343872	0.003	0.01	2548.7	2350.23	45	9422	
0.4	5.4	52	272	11	3	433	706538	434	707722	0.00522581	0.00326358	0.003	0.01	1630.7	1475.17	10	9422	
0.4	5.4	37	274	15	3	154	268312	154	268312	0.003	0	0.003	0.003	1742.29	1519.57	22	9422	
0.4	5.4	52	275	66	3	9	4858	9	4858	0.00455555	0.00308671	0.003	0.01	539.778	428.603	60	1184	
0.4	5.4	52	276	29	3	85	69461	85	69461	0.0045647	0.00293358	0.003	0.01	817.188	1419.9	11	9422	
0.4	5.4	54	277	4	3	52	183528	52	183528	0.00838461	0.00297805	0.003	0.01	3529.38	2176.44	60	8282	
0.4	5.4	7	278	11	3	89	318549	89	318549	0.00913483	0.0025459	0.003	0.017	3579.2	2741.31	45	9422	
0.4	5.4	3	279	4	3	124	404826	124	404826	0.00751613	0.00336284	0.003	0.01	3264.73	2240.48	57	9422	
0.4	5.4	4	280	6	3	130	493665	130	493665	0.00493846	0.00314446	0.003	0.01	3797.42	2862.93	43	9422	
0.4	5.4	50	282	5	3	2	120	2	120	0.0065	0.00494975	0.003	0.01	60	0	60	60	
0.4	5.4	21	283	13	3	19	27944	19	27944	0.00447368	0.00293198	0.003	0.01	1470.74	935.779	60	3550	
0.4	5.4	6	286	24	3	54	107236	54	107236	0.00637037	0.00353044	0.003	0.01	1985.85	2085.22	36	9422	
0.4	5.4	51	289	8	3	2	120	2	120	0.0065	0.00494975	0.003	0.01	60	0	60	60	
0.4	5.4	1	290	13	3	107	279554	107	279554	0.00784112	0.00352123	0.003	0.017	2612.65	2001.38	60	9422	
0.4	5.4	13	291	18	3	69	190051	69	190051	0.003	0	0.003	0.003	2754.36	2299.08	60	9422	
0.4	5.4	41	292	5	3	1	60	1	60	0.01	0	0.01	0.01	60	0	60	60	
0.4	5.4	35	293	4	3	128	495897	128	495897	0.00644531	0.00351332	0.003	0.01	3874.2	2042.62	60	9422	
0.4	5.4	43	294	12	3	108	308397	108	308397	0.00760185	0.00333752	0.003	0.01	2855.53	2007.58	60	9422	
0.4	5.4	22	295	9	3	124	538400	125	539584	0.007256	0.00343113	0.003	0.01	4316.67	2569.4	45	9422	
0.4	5.4	39	296	7	3	4	240	4	240	0.00825	0.0035	0.003	0.01	60	0	60	60	
0.4	5.4	17	297	10	3	105	239189	105	239189	0.0082	0.00307409	0.003	0.01	2277.99	1836.14	48	9422	
0.4	5.4	54	298	2	3	51	159275	51	159275	0.00684314	0.0035178	0.003	0.01	3123.04	2341.81	60	9422	
0.4	5.4	1	299	1	3	61	165225	61	165225	0.00804918	0.00364429	0.003	0.017	2708.61	1825.97	60	8282	
0.4	5.4	52	300	19	3	1	60	1	60	0.003	0	0.003	0.003	60	0	60	60	
0.4	5.4	19	301	21	3	149	508596	149	508596	0.0081208	0.00311256	0.003	0.01	3413.4	2498.99	45	9422	
0.4	5.4	14	302	10	3	83	143355	82	142763	0.00667073	0.00351735	0.003	0.01	1741.01	1922.26	40	9422	
0.4	5.4	48	304	10	3	81	158737	81	158737	0.00706173	0.00426716	0.003	0.017	1959.72	1821.38	60	9422	
0.4	5.4	39	306	9	3	2	120	2	120	0.003	0	0.003	0.003	60	0	60	60	
0.4	5.4	43	307	15	3	5	5442	5	5442	0.01	0	0.01	0.01	1088.4	742.216	60	1775	
0.4	5.4	55	309	29	3	83	184771	83	184771	0.00612048	0.00366725	0.003	0.017	2226.16	2091.41	60	8873	
0.4	5.4	6	310	25	3	75	213133	75	213133	0.00505333	0.00320849	0.003	0.01	2841.77	1799.59	23	7099	
0.4	5.4	30	313	10	3	53	187683	53	187683	0.00471698	0.00304061	0.003	0.01	3541.19	1867.17	60	7690	
0.4	5.4	18	314	8	3	61	178810	61	178810	0.00759016	0.00358877	0.003	0.017	2931.31	1951.38	60	9422	
0.4	5.4	11	315	7	3	154	406771	154	406771	0.0085	0.00339213	0.003	0.017	2641.37	2059.61	36	9422	
0.4	5.4	3	316	9	3	40	56930	40	56930	0.007375	0.00343203	0.003	0.01	1423.25	1569.17	60	7099	
0.4	5.4	12	317	6	3	2	708	2	708	0.003	0	0.003	0.003	354	415.779	60	648	
0.4	5.4	21	319	33	3	216	402217	216	402217	0.00624074	0.00381032	0.003	0.017	1862.12	1725.25	60	9422	
0.4	5.4	2	321	23	3	8	480	8	480	0.0065	0.0052915	0.003	0.017	60	0	60	60	
0.4	5.4	27	322	13	3	147	404412	147	404412	0.00519048	0.00325689	0.003	0.01	2751.1	1850.36	50	9422	
0.4	5.4	49	323	3	3	21	58217	21	58217	0.00833333	0.00305505	0.003	0.01	2772.24	2592.25	60	8873	
0.4	5.4	18	324	11	3	54	93031	54	93031	0.00857407	0.00284573	0.003	0.01	1722.8	1541.7	60	9422	
0.4	5.4	55	326	35	3	236	382026	236	382026	0.00504661	0.00319074	0.003	0.01	1618.75	1549.6	3	9422	
0.4	5.4	41	327	38	3	136	95005	136	95005	0.00541912	0.00393946	0.003	0.017	698.566	638.71	31	3662	
0.4	5.4	12	328	1	3	52	121415	52	121415	0.00905769	0.0024125	0.003	0.01	2334.9	1932.28	60	9422	
0.4	5.4	21	329	7	3	22	32090	22	32090	0.00490909	0.0031909	0.003	0.01	1458.64	1228.19	60	4395	
0.4	5.4	56	330	6	3	147	502693	148	507088	0.00772973	0.00328798	0.003	0.01	3426.27	2739.53	45	9422	
0.4	5.4	33	334	6	3	199	828529	199	828529	0.00482914	0.00308318	0.003	0.01	4163.46	2533.46	45	9422	
0.4	5.4	30	335	1	3	60	237948	60	237948	0.00311667	0.000903696	0.003	0.01	3965.8	2530.48	60	9422	
0.4	5.4	21	336	23	3	68	166417	65	155431	0.00547692	0.00337318	0.003	0.01	2391.25	1472.49	60	8030	
0.4	5.4	45	337	14	3	172	632015	172	632015	0.00808721	0.00321882	0.003	0.017	3674.51	2896.79	36	9422	
0.4	5.4	55	338	32	3	129	129269	129	129269	0.00549612	0.00417793	0.003	0.017	1002.09	1240.65	60	9422	
0.4	5.4	57	340	6	3	4	240	4	240	0.00825	0.0035	0.003	0.01	60	0	60	60	
0.4	5.4	35	341	1	3	53	149817	53	149817	0.003	0	0.003	0.003	2826.74	2289.07	60	9422	
0.4	5.4	26	342	13	3	20	20840	20	20840	0.0058	0.00351837	0.003	0.01	1042	658.289	6	2208	
0.4	5.4	42	345	29	3	294	462618	291	462467	0.00696907	0.00426078	0.003	0.024	1589.23	1401.12	13	9422	
0.4	5.4	47	346	3	3	79	180129	79	180129	0.003	0	0.003	0.003	2280.11	2191.03	45	9422	
0.4	5.4	22	347	4	3	67	189571	67	189571	0.003	0	0.003	0.003	2829.42	1992.58	60	9422	
0.4	5.4	52	351	18	3	342	280963	342	280963	0.00531286	0.00338338	0.003	0.017	821.529	518.557	7	4107	
0.4	5.4	55	352	51	3	98	81312	98	81312	0.00635714	0.00494766	0.003	0.017	829.714	761.838	37	3550	
0.4	5.4	2	353	14	3	214	529906	214	529906	0.00486448	0.00310162	0.003	0.01	2476.2	1686.57	60	9422	
0.4	5.4	37	354	47	3	102	148147	102	148147	0.003	0	0.003	0.003	1452.42	1137.56	6	5324	
0.4	5.4	41	357	44	3	123	104500	121	102656	0.00658678	0.00424984	0.003	0.017	848.397	654.315	13	4197	
0.4	5.4	40	358	4	3	164	503794	164	503794	0.00778049	0.00353258	0.003	0.017	3071.91	2080.53	60	9422	
0.4	5.4	27	359	7	3	52	88907	52	88907	0.00690385	0.00377432	0.003	0.017	1709.75	1116.11	60	4395	
0.4	5.4	25	360	15	3	55	182349	55	182349	0.003	0	0.003	0.003	3315.44	2650.67	45	9422	
0.4	5.4	41	362	18	3	4	240	4	240	0.003	0	0.003	0.003	60	0	60	60	
0.4	5.4	6	363	11	3	59	120839	59	120839	0.00833898	0.0030035	0.003	0.01	2048.12	1222.68	60	5324	
0.4	5.4	4	365	21	3	26	62845	25	60229	0.0072	0.00404145	0.003	0.017	2409.16	1987.63	60	9422	
0.4	5.4	47	366	16	3	149	302539	149	302539	0.00685235	0.00349396	0.003	0.01	2030.46	1815.82	60	9422	
0.4	5.4	32	368	14	3	102	314418	102	314418	0.00313725	0.000975332	0.003	0.01	3082.53	2397.84	45	9422	
0.4	5.4	21	370	37	3	3	180	3	180	0.00766667	0.00404145	0.003	0.01	60	0	60	60	
0.4	5.4	10	371	2	3	41	85938	41	85938	0.00726829	0.00379489	0.003	0.017	2096.05	1325.98	60	4904	
0.4	5.4	2	372	30	3	3	710	3	710	0.00533333	0.00404145	0.003	0.01	236.667	221.378	60	485	
0.4	5.4	41	373	27	3	2	708	2	708	0.003	0	0.003	0.003	354	415.779	60	648	
0.4	5.4	15	374	5	3	148	639625	148	639625	0.003	0	0.003	0.003	4321.79	2691.31	45	9422	
0.4	5.4	30	375	5	3	26	74671	26	74671	0.00946154	0.00190223	0.003	0.01	2871.96	2330.15	60	9422	
0.4	5.4	39	377	6	3	176	257057	176	257057	0.00578409	0.00343577	0.003	0.01	1460.55	1173.7	60	9422	
0.4	5.4	41	379	51	3	72	74269	71	73743	0.00595775	0.00421032	0.003	0.017	1038.63	929.195	60	4733	
0.4	5.4	31	380	4	3	26	83061	26	83061	0.00703846	0.00352682	0.003	0.01	3194.65	2586.97	60	9422	
0.4	5.4	28	383	21	3	72	237960	72	237960	0.00397222	0.0024378	0.003	0.01	3305	2083.27	60	9422	
0.4	5.4	30	388	19	3	1	60	1	60	0.01	0	0.01	0.01	60	0	60	60	
0.4	5.4	52	391	30	3	5	300	5	300	0.0058	0.00383406	0.003	0.01	60	0	60	60	
0.4	5.4	23	393	10	3	80	172911	80	172911	0.0065875	0.00352098	0.003	0.01	2161.39	1043.05	60	5324	
0.4	5.4	6	394	26	3	50	73520	50	73520	0.00748	0.00393954	0.003	0.017	1470.4	975.6	60	5324	
0.4	5.4	16	396	8	3	159	528126	157	521618	0.00656688	0.00351056	0.003	0.01	3322.41	2238.42	60	9422	
0.4	5.4	45	398	4	3	15	43309	15	43309	0.00626667	0.00361478	0.003	0.01	2887.27	3154.12	60	9422	
0.4	5.4	18	400	1	3	143	549409	143	549409	0.00691608	0.00348739	0.003	0.01	3842.02	2888.16	45	9422	
0.4	5.4	35	403	3	3	58	174133	58	174133	0.00722414	0.00345418	0.003	0.01	3002.29	2143.53	36	8873	
0.4	5.4	45	404	7	3	12	40939	11	37981	0.00936364	0.00211058	0.003	0.01	3452.82	3159.89	60	9422	
0.4	5.4	11	405	22	3	169	456667	169	456667	0.00668639	0.00350542	0.003	0.01	2702.17	2031.37	35	9422	
0.4	5.4	45	406	1	3	2	120	2	120	0.0065	0.00494975	0.003	0.01	60	0	60	60	
0.4	5.4	41	407	62	3	127	182506	127	182506	0.00426772	0.0027064	0.003	0.01	1437.06	1010.62	51	5916	
0.4	5.4	48	408	9	3	179	478863	179	478863	0.00714525	0.0040379	0.003	0.017	2675.21	2174.69	45	9422	
0.4	5.4	37	409	72	3	243	324080	243	324080	0.0047572	0.0030415	0.003	0.01	1333.66	1192.74	47	7099	
0.4	5.4	16	410	9	3	50	165192	50	165192	0.00734	0.0034322	0.003	0.01	3303.84	2293.44	60	9422	
0.4	5.4	17	412	15	3	56	211927	56	211927	0.006875	0.00351135	0.003	0.01	3784.41	2616.04	60	9422	
0.4	5.4	10	413	4	3	117	397229	117	397229	0.00778632	0.00326905	0.003	0.01	3395.12	2350.72	45	9422	
0.4	5.4	19	414	19	3	4	240	4	240	0.0065	0.00404145	0.003	0.01	60	0	60	60	
0.4	5.4	34	417	24	3	279	310187	278	307820	0.00579496	0.00348556	0.003	0.017	1107.27	892.416	21	5861	
0.4	5.4	55	419	4	3	208	399773	208	399773	0.00353846	0.00186979	0.003	0.01	1921.99	1761.1	45	9422	
0.4	5.4	55	420	28	3	111	115733	111	115733	0.0059009	0.00383039	0.003	0.017	1042.64	887.351	18	6292	
0.4	5.4	37	422	66	3	406	456917	406	456917	0.00508621	0.0032057	0.003	0.01	1125.41	984.191	16	7099	
0.4	5.4	52	425	6	3	303	390381	301	386830	0.00623256	0.00451506	0.003	0.024	1285.15	1334.67	19	9422	
0.4	5.4	21	427	9	3	38	65236	38	65236	0.0065	0.00508176	0.003	0.017	1716.74	1523.53	60	7099	
0.4	5.4	41	430	37	3	80	78310	80	78310	0.0053625	0.00333088	0.003	0.01	978.875	565.363	60	2673	
0.4	5.4	24	431	17	3	70	181791	70	181791	0.0051	0.00323096	0.003	0.01	2597.01	1687.38	60	8873	
0.4	5.4	20	432	4	3	162	359429	162	359429	0.00822839	0.0030529	0.003	0.01	2218.7	1644.32	60	9422	
0.4	5.4	13	433	12	3	93	219071	93	219071	0.00774193	0.00328998	0.003	0.01	2355.6	1824.34	60	9422	
0.4	5.4	11	434	3	3	167	532984	166	531800	0.00662651	0.0035083	0.003	0.01	3203.61	2422.32	23	9422	
0.4	5.4	55	435	37	3	151	193753	151	193753	0.00629139	0.00368708	0.003	0.017	1283.13	1061.64	51	4904	
0.4	5.4	37	436	4	3	341	395356	341	395356	0.00609971	0.0042636	0.003	0.017	1159.4	1047.41	43	5916	
0.4	5.4	17	439	16	3	4	1304	4	1304	0.01	0	0.01	0.01	326	307.15	60	592	
0.4	5.4	16	440	17	3	16	47566	16	47566	0.00825	0.0031305	0.003	0.01	2972.88	2749.73	60	9422	
0.4	5.4	52	442	63	3	77	134015	77	134015	0.003	0	0.003	0.003	1740.45	1502.76	60	8282	
0.4	5.4	5	444	13	3	10	31474	10	31474	0.003	0	0.003	0.003	3147.4	3155.04	60	9422	
0.4	5.4	1	449	5	3	131	333959	131	333959	0.00770229	0.00362618	0.003	0.017	2549.31	2324.46	45	9422	
0.4	5.4	28	450	3	3	5	300	5	300	0.0058	0.00383406	0.003	0.01	60	0	60	60	
0.4	5.4	27	451	5	3	97	333307	97	333307	0.00307216	0.000710742	0.003	0.01	3436.15	2477.66	45	9422	
0.4	5.4	5	452	8	3	87	316298	87	316298	0.00863218	0.00279166	0.003	0.01	3635.61	2708.76	60	9422	
0.4	5.4	55	453	54	3	248	257166	249	257758	0.00612048	0.00401328	0.003	0.017	1035.17	782.2	9	4733	
0.4	5.4	52	454	13	3	220	314059	220	314059	0.00583182	0.00375431	0.003	0.017	1427.54	1105.84	53	6882	
0.4	5.4	21	455	29	3	106	106745	106	106745	0.00537736	0.00385067	0.003	0.017	1007.03	801.742	44	5916	
0.4	5.4	6	456	12	3	78	237996	78	237996	0.00847436	0.00290867	0.003	0.01	3051.23	1831.56	60	9422	
0.4	5.4	50	457	16	3	59	166393	59	166393	0.00738983	0.00341405	0.003	0.01	2820.22	2360.06	60	9422	
0.4	5.4	44	459	3	3	192	483851	192	483851	0.00810417	0.0035061	0.003	0.017	2520.06	1923.79	60	9422	
0.4	5.4	21	460	25	3	92	167640	92	167640	0.00558696	0.00339732	0.003	0.01	1822.17	1186.62	60	5324	
0.4	5.4	17	461	2	3	61	156928	61	156928	0.00781967	0.00326858	0.003	0.01	2572.59	1614.95	60	6507	
0.4	5.4	24	462	15	3	108	301316	109	302500	0.00833027	0.00328593	0.003	0.017	2775.23	1845.49	43	8282	
0.4	5.4	57	463	10	3	72	205560	72	205560	0.00776389	0.00328673	0.003	0.01	2855	1888.43	60	8282	
0.4	5.4	57	464	15	3	9	21416	9	21416	0.00844444	0.00308671	0.003	0.01	2379.56	2118.89	60	7099	
0.4	5.4	37	466	2	3	135	152330	135	152330	0.00445185	0.00284872	0.003	0.01	1128.37	761.626	26	4733	
0.4	5.4	4	467	4	3	1	60	1	60	0.01	0	0.01	0.01	60	0	60	60	
0.4	5.4	35	468	15	3	5	4851	5	4851	0.01	0	0.01	0.01	970.2	646.413	60	1775	
0.4	5.4	7	469	5	3	39	100707	39	100707	0.00569231	0.00345005	0.003	0.01	2582.23	2464.52	60	9422	
0.4	5.4	53	470	15	3	66	215484	66	215484	0.003	0	0.003	0.003	3264.91	2145.57	45	9422	
0.4	5.4	29	471	13	3	48	130882	48	130882	0.003875	0.00233953	0.003	0.01	2726.71	1624.2	60	6507	
0.4	5.4	44	474	16	3	67	176579	66	170343	0.0065	0.00393114	0.003	0.017	2580.95	2296.1	45	9422	
0.4	5.4	39	475	19	3	1	60	1	60	0.01	0	0.01	0.01	60	0	60	60	
0.4	5.4	39	476	59	3	4	2484	4	2484	0.00825	0.0035	0.003	0.01	621	459.442	60	1184	
0.4	5.4	1	480	8	3	31	84737	31	84737	0.00819355	0.00311362	0.003	0.01	2733.45	2375.15	60	9422	
0.4	5.4	32	482	2	3	121	210954	122	211546	0.00753279	0.0037021	0.003	0.017	1733.98	1633.96	57	9422	
0.4	5.4	42	483	43	3	68	57601	68	57601	0.00598529	0.00473316	0.003	0.017	847.074	544.416	60	2367	
0.4	5.4	52	484	70	3	198	166717	198	166717	0.00533333	0.00411263	0.003	0.017	842.005	938.7	43	9422	
0.4	5.4	49	485	1	3	10	30880	10	30880	0.01	0	0.01	0.01	3088	3040.34	60	8873	
0.4	5.4	19	486	13	3	110	408575	110	408575	0.003	0	0.003	0.003	3714.32	2480.27	45	9422	
0.4	5.4	46	487	12	3	133	358229	133	358229	0.00578947	0.00344008	0.003	0.01	2693.45	2191.43	45	9422	
0.4	5.4	39	489	12	3	44	62391	44	62391	0.00554545	0.00340625	0.003	0.01	1417.98	1336.25	5	5861	
0.4	5.4	13	490	4	3	2	120	2	120	0.0065	0.00494975	0.003	0.01	60	0	60	60	
0.4	5.4	9	495	14	3	32	108985	32	108985	0.0060625	0.00352811	0.003	0.01	3405.78	3150.47	60	9422	
0.4	5.4	52	496	2	3	45	36847	45	36847	0.00471111	0.00304229	0.003	0.01	818.822	501.607	5	1775	
0.4	5.4	52	498	20	3	141	210864	141	210864	0.00508511	0.00321267	0.003	0.01	1495.49	1279.14	60	7099	
0.4	5.4	27	500	2	3	162	311447	161	309080	0.00760869	0.00392137	0.003	0.017	1919.75	1638.29	45	9422	
0.4	5.4	31	501	11	3	59	119061	59	119061	0.00905085	0.00241706	0.003	0.01	2017.98	1637.45	60	9422	
0.4	5.4	14	502	8	3	192	561764	192	561764	0.00635417	0.00357853	0.003	0.017	2925.85	2421.81	45	9422	
0.4	5.4	48	504	5	3	1	60	1	60	0.01	0	0.01	0.01	60	0	60	60	
0.4	5.4	41	506	54	3	169	276116	170	276452	0.00501765	0.00317995	0.003	0.01	1626.19	1666.76	60	9422	
0.4	5.4	40	507	18	3	170	458243	169	457059	0.00726627	0.00359151	0.003	0.017	2704.49	1973.78	45	9422	
0.4	5.4	8	508	13	3	2	120	2	120	0.01	0	0.01	0.01	60	0	60	60	
0.4	5.4	36	509	3	3	99	310757	98	306362	0.00564286	0.00341087	0.003	0.01	3126.14	2061.57	36	8282	
0.4	5.4	20	510	12	3	105	343979	104	343387	0.00508654	0.0032174	0.003	0.01	3301.8	2039.93	60	8282	
0.4	5.4	41	511	17	3	2	120	2	120	0.01	0	0.01	0.01	60	0	60	60	
0.4	5.4	3	513	7	3	124	307251	126	313758	0.00766667	0.00354175	0.003	0.017	2490.14	1814.38	60	9422	
0.4	5.4	8	517	25	3	96	257632	97	259999	0.00530928	0.00330833	0.003	0.01	2680.4	2064.43	60	9422	
0.4	5.4	15	518	13	3	73	150421	72	148646	0.00825	0.00305236	0.003	0.01	2064.53	1719.38	60	9422	
0.4	5.4	37	520	28	3	295	306953	295	306953	0.00501695	0.00317565	0.003	0.01	1040.52	817.277	31	4904	
0.4	5.4	14	521	2	3	103	193675	103	193675	0.00782524	0.00379997	0.003	0.017	1880.34	1480.49	60	8873	
0.4	5.4	48	522	6	3	82	162386	82	162386	0.00769512	0.00381902	0.003	0.017	1980.32	1928.06	60	9422	
0.4	5.4	39	523	30	3	180	216275	180	216275	0.00611111	0.00348803	0.003	0.01	1201.53	797.012	26	4395	
0.4	5.4	57	524	19	3	3	180	3	180	0.00533333	0.00404145	0.003	0.01	60	0	60	60	
0.4	5.4	55	525	33	3	84	131536	84	131536	0.00658333	0.00413684	0.003	0.017	1565.9	1095.5	60	5324	
0.4	5.4	14	527	19	3	149	245873	149	245873	0.00704027	0.00431978	0.003	0.017	1650.15	1254.33	60	5916	
0.4	5.4	39	528	17	3	5	3669	5	3669	0.0044	0.0031305	0.003	0.01	733.8	637.243	60	1775	
0.4	5.4	37	529	46	3	2	708	2	708	0.003	0	0.003	0.003	354	415.779	60	648	
0.4	5.4	26	530	10	3	144	452776	144	452776	0.00586805	0.00400567	0.003	0.017	3144.28	2230.46	53	9422	
0.4	5.4	54	531	14	3	140	525023	141	526798	0.0056312	0.00340254	0.003	0.01	3736.16	2732.28	10	9422	
0.4	5.4	32	533	17	3	52	131481	52	131481	0.00448077	0.00288669	0.003	0.01	2528.48	1566.72	60	7099	
0.4	5.4	4	534	13	3	63	164139	63	164139	0.00311111	0.000881917	0.003	0.01	2605.38	2119.19	60	9422	
0.4	5.4	34	535	17	3	96	111526	96	111526	0.00686458	0.0042935	0.003	0.017	1161.73	1014.74	60	5324	
0.4	5.4	10	537	11	3	2	120	2	120	0.0065	0.00494975	0.003	0.01	60	0	60	60	
0.4	5.4	27	538	6	3	177	373621	178	377171	0.00677528	0.00372881	0.003	0.017	2118.94	2318.12	45	9422	
0.4	5.4	13	539	8	3	164	736702	164	736702	0.003	0	0.003	0.003	4492.09	2974.31	45	9422	
0.4	5.4	25	540	8	3	4	240	4	240	0.0065	0.00404145	0.003	0.01	60	0	60	60	
0.4	5.4	26	541	23	3	29	73602	29	73602	0.00637931	0.00355983	0.003	0.01	2538	2053.14	60	7099	
0.4	5.4	28	543	22	3	133	518041	133	518041	0.007	0.0034772	0.003	0.01	3895.05	2677.7	45	9422	
0.4	5.4	44	544	5	3	165	582328	165	582328	0.00745454	0.0034649	0.003	0.017	3529.26	2500.41	45	9422	
0.4	5.4	24	545	8	3	130	343339	129	338606	0.00788372	0.00345649	0.003	0.017	2624.85	1793.63	28	9422	
0.4	5.4	44	546	17	3	146	500184	146	500184	0.003	0	0.003	0.003	3425.92	2353	45	9422	
0.4	5.4	35	547	9	3	34	82962	34	82962	0.00835294	0.00301393	0.003	0.01	2440.06	2257.88	60	9422	
0.4	5.4	41	549	42	3	143	122889	143	122889	0.00486014	0.00361648	0.003	0.017	859.364	639.262	6	3550	
0.4	5.4	33	551	14	3	2	116	2	116	0.003	0	0.003	0.003	58	2.82843	56	60	
0.4	5.4	33	552	15	3	131	487746	131	487746	0.00636641	0.00351088	0.003	0.01	3723.25	2134.93	45	9422	
0.4	5.4	14	553	12	3	166	243588	166	243588	0.00704819	0.00430758	0.003	0.017	1467.4	1223.96	60	7265	
0.4	5.4	18	554	3	3	24	46279	24	46279	0.00533333	0.0033708	0.003	0.01	1928.29	1608.06	36	5324	
0.4	5.4	47	555	18	3	123	363562	123	363562	0.00413821	0.00259358	0.003	0.01	2955.79	2040.41	60	9422	
0.4	5.4	47	556	10	3	2	120	2	120	0.0065	0.00494975	0.003	0.01	60	0	60	60	
0.4	5.4	28	557	1	3	1	60	1	60	0.003	0	0.003	0.003	60	0	60	60	
0.4	5.4	34	559	47	3	343	412430	343	412430	0.00669388	0.00413757	0.003	0.024	1202.42	1125.86	7	9422	
0.4	5.4	39	560	23	3	145	178943	145	178943	0.00526896	0.00328772	0.003	0.01	1234.09	985.659	30	6882	
0.4	5.4	49	563	14	3	91	349299	91	349299	0.00546154	0.00336091	0.003	0.01	3838.45	2786.92	45	9422	
0.4	5.4	15	565	11	3	2	120	2	120	0.01	0	0.01	0.01	60	0	60	60	
0.4	5.4	38	566	20	3	42	94804	42	94804	0.00633333	0.00353841	0.003	0.01	2257.24	2176.82	60	9422	
0.4	5.4	6	567	23	3	79	166406	79	166406	0.00716456	0.00345829	0.003	0.01	2106.41	1876.47	60	9422	
0.4	5.4	24	568	3	3	85	319605	84	317830	0.00641667	0.00352002	0.003	0.01	3783.69	2278.06	60	9422	
0.4	5.4	27	570	21	3	118	429091	118	429091	0.003	0	0.003	0.003	3636.36	2078.06	45	9422	
0.4	5.4	9	571	4	3	108	407994	108	407994	0.00591667	0.00346714	0.003	0.01	3777.72	2715.29	45	9422	
0.4	5.4	35	572	5	3	182	677745	181	675719	0.00814365	0.00309862	0.003	0.01	3733.25	2571.15	45	9422	
0.4	5.4	27	573	20	3	6	5444	6	5444	0.0065	0.00383406	0.003	0.01	907.333	648.751	60	1775	
0.4	5.4	41	574	40	3	86	162579	86	162579	0.003	0	0.003	0.003	1890.45	1742.99	60	9422	
0.4	5.4	42	575	13	3	29	40960	29	40960	0.00541379	0.00338608	0.003	0.01	1412.41	650.117	60	2808	
0.4	5.4	14	576	3	3	1	60	1	60	0.01	0	0.01	0.01	60	0	60	60	
0.4	5.4	43	577	14	3	84	202023	83	200839	0.00721687	0.00344663	0.003	0.01	2419.75	1930.03	57	9422	
0.4	5.4	35	579	19	3	110	446803	110	446803	0.00840909	0.00294692	0.003	0.01	4061.85	2761.53	45	9422	
0.4	5.4	20	580	8	3	43	94202	43	94202	0.0082093	0.00309037	0.003	0.01	2190.74	1413.04	60	5324	
0.4	5.4	14	581	5	3	151	270051	151	270051	0.00735761	0.00410097	0.003	0.017	1788.42	1530.63	60	9422	
0.4	5.4	14	582	21	3	164	352392	164	352392	0.00748171	0.00378967	0.003	0.017	2148.73	1812.58	60	9422	
0.4	5.4	5	583	12	3	110	340336	110	340336	0.00828182	0.00302628	0.003	0.01	3093.96	2118.56	60	9422	
0.4	5.4	51	584	1	3	144	421548	144	421548	0.00752083	0.00335951	0.003	0.01	2927.42	2295.59	45	9422	
0.4	5.4	23	585	13	3	155	439367	155	439367	0.003	0	0.003	0.003	2834.63	2266.93	60	9422	
0.4	5.4	23	586	7	3	132	442947	132	442947	0.00697727	0.00348051	0.003	0.01	3355.66	2365.54	45	9422	
0.4	5.4	56	588	3	3	13	41536	13	41536	0.00676923	0.00363212	0.003	0.01	3195.08	2272.21	60	7099	
0.4	5.4	29	589	19	3	67	147464	67	147464	0.00655224	0.00352602	0.003	0.01	2200.96	1335.34	60	7099	
0.4	5.4	42	590	44	3	97	168995	97	168995	0.00617526	0.00350301	0.003	0.01	1742.22	1281.17	60	6378	
0.4	5.4	50	592	25	3	53	97314	53	97314	0.00762264	0.00410547	0.003	0.017	1836.11	1329.96	60	6378	
0.4	5.4	7	593	9	3	133	393131	134	397526	0.0071791	0.00344637	0.003	0.01	2966.61	2582.31	45	9422	
0.4	5.4	24	595	20	3	225	701413	225	701413	0.003	0	0.003	0.003	3117.39	2182.78	45	9422	
0.4	5.4	5	597	4	3	102	359954	101	353447	0.00611881	0.00349653	0.003	0.01	3499.48	2590.24	45	9422	
0.4	5.4	25	598	2	3	43	110766	42	108399	0.009	0.00247918	0.003	0.01	2580.93	2155.91	60	9422	
0.4	5.4	55	599	16	3	33	22646	33	22646	0.00384848	0.00232004	0.003	0.01	686.242	483.262	60	1902	
0.4	5.4	56	600	12	3	81	286474	81	286474	0.00498765	0.00317606	0.003	0.01	3536.72	2209.68	60	9422	
0.4	5.4	41	601	7	3	4	240	4	240	0.003	0	0.003	0.003	60	0	60	60	
0.4	5.4	1	603	14	3	157	601818	156	599451	0.00591667	0.0035523	0.003	0.017	3842.63	3118.84	45	9422	
0.4	5.4	52	604	33	3	145	203867	145	203867	0.00517241	0.00324967	0.003	0.01	1405.98	1119.9	9	5746	
0.4	5.4	55	606	44	3	193	197980	193	197980	0.00582901	0.00386313	0.003	0.017	1025.8	1130.53	43	9422	
0.4	5.4	16	608	4	3	89	241664	89	241664	0.00795506	0.00353203	0.003	0.017	2715.33	1860.68	60	8873	
0.4	5.4	23	609	11	3	167	519647	168	520831	0.00766667	0.00356575	0.003	0.017	3100.18	1891.69	60	7690	
0.4	5.4	26	611	8	3	1	60	1	60	0.01	0	0.01	0.01	60	0	60	60	
0.4	5.4	37	612	29	3	171	160200	171	160200	0.00570175	0.00341776	0.003	0.01	936.842	927.541	60	9422	
0.4	5.4	31	614	18	3	62	210748	62	210748	0.00672581	0.00352122	0.003	0.01	3399.16	1989.35	60	7690	
0.4	5.4	55	616	13	3	1	60	1	60	0.01	0	0.01	0.01	60	0	60	60	
0.4	5.4	13	617	6	3	48	134431	48	134431	0.003	0	0.003	0.003	2800.65	2291.78	60	9422	
0.4	5.4	41	618	6	3	1	60	1	60	0.01	0	0.01	0.01	60	0	60	60	
0.4	5.4	4	619	24	3	46	119057	46	119057	0.00528261	0.00331772	0.003	0.01	2588.2	2561.32	60	9422	
0.4	5.4	41	621	29	3	270	454297	269	454015	0.00713755	0.00446458	0.003	0.024	1687.79	1614.45	11	9422	
0.4	5.4	27	624	22	3	44	121411	44	121411	0.00793182	0.00356597	0.003	0.017	2759.34	2351.43	60	9422	
0.4	5.4	27	625	11	3	160	502711	160	502711	0.00593125	0.00346432	0.003	0.01	3141.94	2536.16	60	9422	
0.4	5.4	41	626	23	3	2	120	2	120	0.0065	0.00494975	0.003	0.01	60	0	60	60	
0.4	5.4	53	627	4	3	50	132663	49	130296	0.00628571	0.00352964	0.003	0.01	2659.1	1775.72	36	7099	
0.4	5.4	52	628	3	3	100	143402	100	143402	0.003	0	0.003	0.003	1434.02	1062.27	33	5324	
0.4	5.4	42	629	41	3	95	206671	94	204304	0.00434042	0.00276908	0.003	0.01	2173.45	1478.64	60	6507	
0.4	5.4	49	630	8	3	50	134667	50	134667	0.00594	0.00348999	0.003	0.01	2693.34	2018.36	60	9422	
0.4	5.4	52	631	8	3	6	892	6	892	0.00883333	0.00285774	0.003	0.01	148.667	217.188	60	592	
0.4	5.4	40	632	5	3	1	60	1	60	0.01	0	0.01	0.01	60	0	60	60	
0.4	5.4	48	633	12	3	93	245673	93	245673	0.00601075	0.00348442	0.003	0.01	2641.65	1638.33	60	9422	
0.4	5.4	51	634	7	3	10	31474	8	21415	0.00825	0.00494975	0.003	0.017	2676.88	2453.7	60	7099	
0.4	5.4	42	635	36	3	239	371095	239	371095	0.00759833	0.00466861	0.003	0.024	1552.7	1437.44	47	9422	
0.4	5.4	45	637	6	3	140	522795	139	521020	0.00808633	0.00313115	0.003	0.01	3748.35	2701.49	36	9422	
0.4	5.4	39	641	43	3	3	180	3	180	0.00766667	0.00404145	0.003	0.01	60	0	60	60	
0.4	5.4	55	642	9	3	161	191357	161	191357	0.0063913	0.00392137	0.003	0.017	1188.55	1325.18	39	9422	
0.4	5.4	2	645	27	3	25	33269	25	33269	0.00496	0.0032078	0.003	0.01	1330.76	920.57	60	3550	
0.4	5.4	34	647	2	3	67	110814	67	110814	0.0048806	0.00312624	0.003	0.01	1653.94	1227.55	60	6882	
0.4	5.4	26	648	11	3	106	234604	106	234604	0.00749057	0.00388709	0.003	0.017	2213.25	2177.97	26	9422	
0.4	5.4	39	649	18	3	1	60	1	60	0.003	0	0.003	0.003	60	0	60	60	
0.4	5.4	37	651	50	3	3	180	3	180	0.00533333	0.00404145	0.003	0.01	60	0	60	60	
0.4	5.4	24	652	4	3	118	307937	117	302021	0.00838461	0.00360518	0.003	0.017	2581.38	2049.16	60	9422	
0.4	5.4	4	653	26	3	47	144488	47	144488	0.003	0	0.003	0.003	3074.21	2383.64	60	9422	
0.4	5.4	21	654	15	3	2	120	2	120	0.003	0	0.003	0.003	60	0	60	60	
0.4	5.4	46	655	14	3	88	171872	89	172464	0.00693258	0.00349284	0.003	0.01	1937.8	1206.14	60	5916	
0.4	5.4	46	658	15	3	102	264046	103	269962	0.00687379	0.003497	0.003	0.01	2620.99	1730.63	57	8282	
0.4	5.4	46	660	24	3	52	234987	52	234987	0.00340385	0.00164805	0.003	0.01	4518.98	2565.73	60	9422	
0.4	5.4	28	661	10	3	112	344510	112	344510	0.003	0	0.003	0.003	3075.98	1795.71	60	9422	
0.4	5.4	38	665	14	3	88	120411	88	120411	0.00785227	0.00454743	0.003	0.024	1368.31	1013.16	21	4141	
0.4	5.4	14	668	18	3	85	210204	85	210204	0.00695294	0.00349117	0.003	0.01	2472.99	1808.38	36	9422	
0.4	5.4	23	671	22	3	53	93164	53	93164	0.00788679	0.00446637	0.003	0.017	1757.81	1855.82	60	9422	
0.4	5.4	18	674	14	3	97	372843	96	370476	0.00307292	0.000714435	0.003	0.01	3859.13	2309.32	60	9422	
0.4	5.4	3	676	20	3	36	126727	37	133826	0.00791892	0.00324361	0.003	0.01	3616.92	2591.56	60	9422	
0.4	5.4	13	680	10	3	67	151013	67	151013	0.00832836	0.0034658	0.003	0.017	2253.93	2243.11	60	8873	
0.4	5.4	6	682	1	3	135	529157	135	529157	0.003	0	0.003	0.003	3919.68	2323	60	9422	
0.4	5.4	29	683	24	3	105	242391	105	242391	0.0074	0.00366533	0.003	0.017	2308.49	2144.1	60	9422	
0.4	5.4	44	684	11	3	101	287205	101	287205	0.00771287	0.0032995	0.003	0.01	2843.61	1940.7	60	9422	
0.4	5.4	33	685	4	3	68	179404	68	179404	0.00402941	0.00249758	0.003	0.01	2638.29	1784.21	60	9422	
0.4	5.4	52	688	58	3	1	60	1	60	0.01	0	0.01	0.01	60	0	60	60	
0.4	5.4	1	690	6	3	122	376057	122	376057	0.00833606	0.00299203	0.003	0.01	3082.43	2105.06	60	9422	
0.4	5.4	52	691	14	3	146	179647	146	179647	0.00534931	0.00331682	0.003	0.01	1230.46	772.276	6	3550	
0.4	5.4	20	692	16	3	61	191930	61	191930	0.003	0	0.003	0.003	3146.39	2361.22	45	9422	
0.4	5.4	39	693	40	3	2	708	2	708	0.003	0	0.003	0.003	354	415.779	60	648	
0.4	5.4	42	694	32	3	109	337405	109	337405	0.003	0	0.003	0.003	3095.46	2411.03	45	9422	
0.4	5.4	47	696	13	3	120	313370	121	316076	0.00710744	0.00346122	0.003	0.01	2612.2	2219.46	57	9422	
0.4	5.4	8	697	14	3	12	28576	12	28576	0.00591667	0.0036045	0.003	0.01	2381.33	2773.64	60	8282	
0.4	5.4	6	699	2	3	151	431721	151	431721	0.0084702	0.00322244	0.003	0.017	2859.08	2584.5	36	9422	
0.4	5.4	37	700	24	3	2	120	2	120	0.003	0	0.003	0.003	60	0	60	60	
0.4	5.4	53	701	2	3	31	76458	31	76458	0.0066129	0.003556	0.003	0.01	2466.39	1891.28	60	9422	
0.4	5.4	39	702	52	3	74	94271	74	94271	0.00621622	0.00351229	0.003	0.01	1273.93	948.185	60	5916	
0.4	5.4	18	704	2	3	108	373567	107	372383	0.00620561	0.00350401	0.003	0.01	3480.21	2080.81	60	9422	
0.4	5.4	2	705	29	3	220	368086	221	369592	0.00547059	0.00335279	0.003	0.01	1672.36	1268.49	6	8872	
0.4	5.4	26	706	14	3	26	48054	26	48054	0.00838461	0.00300768	0.003	0.01	1848.23	1138.33	60	4395	
0.4	5.4	9	707	6	3	227	832223	227	832223	0.00367841	0.00207548	0.003	0.01	3666.18	2500.47	45	9422	
0.4	5.4	55	708	53	3	235	348966	235	348966	0.00568085	0.00341006	0.003	0.01	1484.96	1279.33	56	9422	
0.4	5.4	29	709	3	3	116	340375	115	336825	0.00646956	0.00351518	0.003	0.01	2928.91	2063.96	57	8282	
0.4	5.4	14	711	9	3	90	212677	90	212677	0.00673333	0.00351178	0.003	0.01	2363.08	1649.13	60	7690	
0.4	5.4	15	713	8	3	105	268891	105	268891	0.00773333	0.00343138	0.003	0.017	2560.87	2075.62	60	9422	
0.4	5.4	4	714	25	3	92	342689	92	342689	0.00771739	0.00329944	0.003	0.01	3724.88	2906.53	45	9422	
0.4	5.4	41	715	56	3	3	180	3	180	0.00766667	0.00404145	0.003	0.01	60	0	60	60	
0.4	5.4	46	717	9	3	89	214917	89	214917	0.00653932	0.00351961	0.003	0.01	2414.8	2362.9	60	9422	
0.4	5.4	22	718	11	3	28	55149	28	55149	0.008	0.00322031	0.003	0.01	1969.61	1456.2	60	5324	
0.4	5.4	8	719	28	3	40	104854	40	104854	0.00615	0.00352682	0.003	0.01	2621.35	2312.25	60	9422	
0.4	5.4	21	721	6	3	112	137465	112	137465	0.0064375	0.00351517	0.003	0.01	1227.37	911.266	60	7690	
0.4	5.4	12	724	10	3	99	235030	99	235030	0.00773737	0.00329064	0.003	0.01	2374.04	2273.22	60	9422	
0.4	5.4	44	725	18	3	62	198324	62	198324	0.00367742	0.00208644	0.003	0.01	3198.77	1972.77	60	9422	
0.4	5.4	36	726	1	3	34	85916	35	90057	0.0052	0.00329706	0.003	0.01	2573.06	2027.03	60	9422	
0.4	5.4	32	727	8	3	61	146867	61	146867	0.00506557	0.00321905	0.003	0.01	2407.66	2357.88	60	9422	
0.4	5.4	47	728	8	3	123	444363	123	444363	0.00641463	0.00351327	0.003	0.01	3612.71	2732.49	45	9422	
0.4	5.4	50	730	3	3	26	55159	26	55159	0.0065	0.00408167	0.003	0.017	2121.5	1534.51	60	5861	
0.4	5.4	14	731	15	3	124	234665	123	232890	0.00715447	0.00388995	0.003	0.017	1893.41	1614	60	9422	
0.4	5.4	29	732	4	3	110	381773	110	381773	0.00732727	0.00390744	0.003	0.017	3470.66	2718.88	45	9422	
0.4	5.4	46	733	8	3	1	60	1	60	0.003	0	0.003	0.003	60	0	60	60	
0.4	5.4	24	734	7	3	163	679342	163	679342	0.003	0	0.003	0.003	4167.74	2320.55	45	9422	
0.4	5.4	2	735	25	3	90	149896	90	149896	0.00455555	0.00292648	0.003	0.01	1665.51	1034.86	60	4733	
0.4	5.4	41	736	47	3	110	201347	111	202531	0.00678378	0.0035043	0.003	0.01	1824.6	1713.07	60	8030	
0.4	5.4	36	738	7	3	111	275382	111	275382	0.00804504	0.00315476	0.003	0.01	2480.92	2084.78	60	9422	
0.4	5.4	9	740	12	3	130	489409	130	489409	0.003	0	0.003	0.003	3764.68	2205.52	45	9422	
0.4	5.4	2	742	22	3	210	305795	210	305795	0.00513333	0.00322984	0.003	0.01	1456.17	1128.12	60	6378	
0.4	5.4	55	743	41	3	37	28558	37	28558	0.00489189	0.00315158	0.003	0.01	771.838	575.243	22	1775	
0.4	5.4	11	744	8	3	150	511433	150	511433	0.00351333	0.00183089	0.003	0.01	3409.55	2393.96	60	9422	
0.4	5.4	56	746	4	3	30	60593	30	60593	0.00766667	0.00335624	0.003	0.01	2019.77	1497.23	60	5324	
0.4	5.4	14	748	13	3	57	143324	57	143324	0.00668421	0.00352622	0.003	0.01	2514.46	2252.87	57	9422	
0.4	5.4	8	749	20	3	59	105572	59	105572	0.00655932	0.00352954	0.003	0.01	1789.36	2001.63	60	9422	
0.4	5.4	32	752	25	3	152	422048	152	422048	0.00668421	0.00368714	0.003	0.017	2776.63	1928.23	60	7690	
0.4	5.4	18	753	6	3	54	183526	54	183526	0.00416667	0.00263324	0.003	0.01	3398.63	1543.14	60	7690	
0.4	5.4	14	755	7	3	187	609794	187	609794	0.00464706	0.00297725	0.003	0.01	3260.93	2476.65	45	9422	
0.4	5.4	14	756	20	3	190	332315	190	332315	0.00734737	0.00383459	0.003	0.017	1749.03	1532.07	57	9422	
0.4	5.4	31	757	12	3	38	91361	38	91361	0.00705263	0.00350249	0.003	0.01	2404.24	1997.98	57	9422	
0.4	5.4	24	759	14	3	78	146311	79	149210	0.00751899	0.00434671	0.003	0.017	1888.73	1035.2	60	4395	
0.4	5.4	51	760	15	3	151	427330	151	427330	0.00763576	0.0035128	0.003	0.017	2830	1917.86	45	9422	
0.4	5.4	41	761	59	3	225	179843	225	179843	0.00567555	0.00426432	0.003	0.017	799.302	670.427	13	4395	
0.4	5.4	42	762	16	3	99	154635	98	154043	0.00678571	0.00440068	0.003	0.017	1571.87	1593.66	60	9422	
0.4	5.4	34	765	18	3	74	77695	74	77695	0.00574324	0.00363039	0.003	0.017	1049.93	928.848	52	5098	
0.4	5.4	57	766	17	3	2	708	2	708	0.01	0	0.01	0.01	354	415.779	60	648	
0.4	5.4	3	767	6	3	157	487330	157	487330	0.0077707	0.00345831	0.003	0.017	3104.01	2367.97	45	9422	
0.4	5.4	44	768	13	3	58	162943	58	162943	0.00686207	0.00351163	0.003	0.01	2809.36	1465.5	60	5324	
0.4	5.4	41	769	28	3	49	80632	49	80632	0.003	0	0.003	0.003	1645.55	1541.31	60	7099	
0.4	5.4	30	770	4	3	61	201869	61	201869	0.0085082	0.00289035	0.003	0.01	3309.33	2047.17	60	7690	
0.4	5.4	37	772	42	3	347	418422	346	417238	0.00512428	0.00326672	0.003	0.017	1205.89	1134.85	59	9422	
0.4	5.4	24	773	13	3	85	259887	85	259887	0.00695294	0.00349117	0.003	0.01	3057.49	2348.36	45	9422	
0.4	5.4	34	775	40	3	145	243422	145	243422	0.0056069	0.00339586	0.003	0.01	1678.77	1499.94	60	9422	
0.4	5.4	5	777	10	3	59	162829	58	158688	0.00710345	0.0034777	0.003	0.01	2736	1673.45	60	7099	
0.4	5.4	47	781	5	3	72	274649	72	274649	0.00368055	0.00208837	0.003	0.01	3814.57	2382.21	60	9422	
0.4	5.4	47	783	15	3	72	96977	72	96977	0.00679167	0.00370359	0.003	0.017	1346.9	1285.75	60	8929	
0.4	5.4	9	784	16	3	116	404936	116	404936	0.00680172	0.0035021	0.003	0.01	3490.83	2306.1	60	9422	
0.4	5.4	32	785	23	3	6	6034	6	6034	0.00883333	0.00285774	0.003	0.01	1005.67	694.101	60	1775	
0.4	5.4	8	786	11	3	90	167015	91	168790	0.00846154	0.00358487	0.003	0.017	1854.84	1481.14	45	9422	
0.4	5.4	55	787	50	3	297	514008	297	514008	0.0066532	0.00368675	0.003	0.017	1730.67	1867.71	60	9422	
0.4	5.4	34	788	11	3	270	340249	270	340249	0.00546296	0.00345611	0.003	0.017	1260.18	1235.19	43	7438	
0.4	5.4	32	789	15	3	87	231617	87	231617	0.00452873	0.00290884	0.003	0.01	2662.26	1608.77	60	6882	
0.4	5.4	48	790	2	3	131	296142	131	296142	0.0080229	0.00350267	0.003	0.017	2260.63	1989.58	60	9422	
0.4	5.4	28	791	12	3	65	259373	65	259373	0.00730769	0.00343203	0.003	0.01	3990.35	2889.01	57	9422	
0.4	5.4	49	792	13	3	79	222005	79	222005	0.00698734	0.00348805	0.003	0.01	2810.19	3006.01	45	9422	
0.4	5.4	29	794	11	3	160	476099	161	480494	0.00734783	0.00340636	0.003	0.01	2984.43	2035.68	50	9422	
0.4	5.4	20	796	11	3	84	318538	84	318538	0.00833333	0.00299933	0.003	0.01	3792.12	2501.65	36	9422	
0.4	5.4	42	797	37	3	224	336986	223	335802	0.00799103	0.00429644	0.003	0.017	1505.84	1238.76	5	9422	
0.4	5.4	39	798	8	3	152	225108	152	225108	0.00548684	0.00345642	0.003	0.017	1480.97	1222.85	8	7099	
0.4	5.4	37	799	31	3	260	198057	260	198057	0.00663461	0.00423731	0.003	0.024	761.758	702.414	60	7436	
0.4	5.4	2	800	31	3	212	305041	212	305041	0.00603773	0.00360864	0.003	0.017	1438.87	1380.78	4	9422	
0.4	5.4	17	802	7	3	140	451215	139	448848	0.00823741	0.00304931	0.003	0.01	3229.12	2276.97	60	9422	
0.4	5.4	10	803	12	3	35	100112	35	100112	0.0082	0.00353803	0.003	0.017	2860.34	2799.44	60	9422	
0.4	5.4	34	804	29	3	158	209742	158	209742	0.00565823	0.00340807	0.003	0.01	1327.48	1150.95	19	7708	
0.4	5.4	3	805	10	3	2	708	2	708	0.01	0	0.01	0.01	354	415.779	60	648	
0.4	5.4	2	807	4	3	182	297846	182	297846	0.007	0.00347366	0.003	0.01	1636.52	1362.23	60	9422	
0.4	5.4	52	809	12	3	2	120	2	120	0.01	0	0.01	0.01	60	0	60	60	
0.4	5.4	45	810	17	3	62	158124	62	158124	0.00762903	0.00333994	0.003	0.01	2550.39	1930.5	36	8670	
0.4	5.4	25	811	14	3	79	212596	79	212596	0.00867089	0.00276295	0.003	0.01	2691.09	1958.89	60	9422	
0.4	5.4	27	813	15	3	170	365866	170	365866	0.00748823	0.00399739	0.003	0.017	2152.15	1450.35	60	7690	
0.4	5.4	55	814	2	3	169	461607	169	461607	0.003	0	0.003	0.003	2731.4	2325.94	26	9422	
0.4	5.4	7	816	10	3	10	10183	10	10183	0.0058	0.00489444	0.003	0.017	1018.3	606.027	60	2025	
0.4	5.4	52	817	16	3	2	120	2	120	0.003	0	0.003	0.003	60	0	60	60	
0.4	5.4	47	818	14	3	132	298953	132	298953	0.00687121	0.00349352	0.003	0.01	2264.8	1813.51	23	9422	
0.4	5.4	13	819	15	3	1	60	1	60	0.01	0	0.01	0.01	60	0	60	60	
0.4	5.4	23	822	23	3	47	85359	48	88320	0.00795833	0.00478009	0.003	0.017	1840	1326.63	60	4587	
0.4	5.4	36	824	15	3	1	60	1	60	0.01	0	0.01	0.01	60	0	60	60	
0.4	5.4	29	825	9	3	105	379904	106	379964	0.00689623	0.00349402	0.003	0.01	3584.57	2596.64	45	9422	
0.4	5.4	20	826	15	3	91	188270	91	188270	0.00307692	0.000733799	0.003	0.01	2068.9	2267.24	60	9422	
0.4	5.4	30	828	6	3	126	415450	126	415450	0.00716667	0.00344964	0.003	0.01	3297.22	1796.99	60	9422	
0.4	5.4	39	831	1	3	123	145253	124	146437	0.00599193	0.00347698	0.003	0.01	1180.94	730.351	43	3662	
0.4	5.4	39	833	53	3	111	142834	111	142834	0.00571171	0.00342554	0.003	0.01	1286.79	933.131	60	4395	
0.4	5.4	10	834	9	3	84	284337	85	288478	0.00777647	0.00327827	0.003	0.01	3393.86	2311.57	60	9422	
0.4	5.4	41	835	19	3	111	150674	111	150674	0.00514414	0.00324134	0.003	0.01	1357.42	1313.39	6	9422	
0.4	5.4	4	838	19	3	23	54563	23	54563	0.003	0	0.003	0.003	2372.3	2325.73	60	9422	
0.4	5.4	52	840	40	3	218	240012	218	240012	0.00508715	0.00320954	0.003	0.01	1100.97	1078.44	58	9422	
0.4	5.4	24	842	19	3	204	590161	203	586611	0.00734483	0.00380845	0.003	0.017	2889.71	2248.99	45	9422	
0.4	5.4	37	843	14	3	188	185630	188	185630	0.00594149	0.00395858	0.003	0.017	987.394	856.593	60	4395	
0.4	5.4	55	846	40	3	133	170095	133	170095	0.00510526	0.00322223	0.003	0.01	1278.91	1260.33	17	9422	
0.4	5.4	28	847	16	3	152	577107	152	577107	0.00765131	0.00331615	0.003	0.01	3796.76	2857.25	45	9422	
0.4	5.4	50	848	4	3	101	229955	101	229955	0.00875247	0.00348542	0.003	0.017	2276.78	1877.52	60	9422	
0.4	5.4	43	849	20	3	138	384834	138	384834	0.00604348	0.00348274	0.003	0.01	2788.65	1966.03	60	9422	
0.4	5.4	48	850	14	3	1	60	1	60	0.01	0	0.01	0.01	60	0	60	60	
0.4	5.4	11	851	4	3	88	226273	88	226273	0.003875	0.0023283	0.003	0.01	2571.28	2265	60	9422	
0.4	5.4	50	853	23	3	28	83547	28	83547	0.00475	0.00308671	0.003	0.01	2983.82	2282.52	60	6507	
0.4	5.4	13	854	19	3	98	224604	98	224604	0.00892857	0.00272541	0.003	0.017	2291.88	2014.6	60	9422	
0.4	5.4	35	855	14	3	54	142716	54	142716	0.00727778	0.00344453	0.003	0.01	2642.89	2418.67	60	9422	
0.4	5.4	55	857	12	3	254	366132	254	366132	0.00600394	0.00347151	0.003	0.01	1441.46	1104.44	15	6507	
0.4	5.4	46	858	20	3	2	120	2	120	0.003	0	0.003	0.003	60	0	60	60	
0.4	5.4	1	860	9	3	78	325512	78	325512	0.00614102	0.00350408	0.003	0.01	4173.23	2577.99	60	9422	
0.4	5.4	24	867	5	3	26	32193	26	32193	0.00461538	0.00360085	0.003	0.017	1238.19	694.524	60	2958	
0.4	5.4	2	868	24	3	123	264932	123	264932	0.003	0	0.003	0.003	2153.92	1718.96	60	9422	
0.4	5.4	40	870	3	3	95	325652	95	325652	0.00454737	0.0029201	0.003	0.01	3427.92	2071.3	60	9422	
0.4	5.4	17	871	6	3	17	28522	17	28522	0.00711765	0.0035511	0.003	0.01	1677.76	980.721	60	3550	
0.4	5.4	16	872	5	3	108	245344	107	242386	0.00842991	0.00350771	0.003	0.017	2265.29	2093.51	60	9422	
0.4	5.4	27	873	17	3	77	166553	77	166553	0.00590909	0.00347238	0.003	0.01	2163.03	1490.75	60	8873	
0.4	5.4	53	874	7	3	114	459815	114	459815	0.00711403	0.00346093	0.003	0.01	4033.46	2282.8	36	9422	
0.4	5.4	4	875	5	3	80	235156	80	235156	0.006325	0.00368979	0.003	0.017	2939.45	2262.58	60	9422	
0.4	5.4	2	876	17	3	250	462700	250	462700	0.004988	0.00316289	0.003	0.01	1850.8	1566.48	7	9422	
0.4	5.4	19	877	11	3	135	251273	135	251273	0.00865185	0.00289961	0.003	0.017	1861.28	1413.71	60	7099	
0.4	5.4	44	881	14	3	97	329080	97	329080	0.00624742	0.00350901	0.003	0.01	3392.58	1905.58	60	9422	
0.4	5.4	36	882	5	3	27	52209	27	52209	0.00559259	0.00344472	0.003	0.01	1933.67	1493.37	60	7099	
0.4	5.4	42	884	34	3	171	274326	171	274326	0.00717544	0.00376418	0.003	0.017	1604.25	1225.7	36	8282	
0.4	5.4	52	886	21	3	277	234914	277	234914	0.00494585	0.00325275	0.003	0.017	848.065	664.304	47	4904	
0.4	5.4	31	887	17	3	99	300835	99	300835	0.00879798	0.00265338	0.003	0.01	3038.74	1918.37	60	9422	
0.4	5.4	25	889	1	3	67	208379	67	208379	0.00550746	0.00338165	0.003	0.01	3110.13	2177	60	8873	
0.4	5.4	42	890	8	3	107	214356	105	211397	0.00653333	0.00351663	0.003	0.01	2013.3	1679.98	18	8873	
0.4	5.4	57	891	16	3	100	314885	100	314885	0.00811	0.00312337	0.003	0.01	3148.85	1935.15	36	9422	
0.4	5.4	57	892	13	3	28	62254	28	62254	0.00675	0.00355512	0.003	0.01	2223.36	1710.15	60	5324	
0.4	5.4	15	897	3	3	14	43900	14	43900	0.01	0	0.01	0.01	3135.71	3324.42	60	9422	
0.4	5.4	52	898	25	3	1	60	1	60	0.003	0	0.003	0.003	60	0	60	60	
0.4	5.4	18	899	12	3	84	213719	83	210761	0.00687952	0.00366725	0.003	0.017	2539.29	2103.73	45	9422	
0.4	5.4	54	901	10	3	26	59290	26	59290	0.00919231	0.00228069	0.003	0.01	2280.38	1633.26	60	5324	
0.4	5.4	41	903	24	3	1	60	1	60	0.01	0	0.01	0.01	60	0	60	60	
0.4	5.4	19	904	16	3	1	60	1	60	0.01	0	0.01	0.01	60	0	60	60	
0.4	5.4	29	905	6	3	53	132728	53	132728	0.00630189	0.00352783	0.003	0.01	2504.3	2347.52	60	9422	
0.4	5.4	52	907	42	3	243	264861	243	264861	0.00625514	0.00361252	0.003	0.017	1089.96	854.921	6	5861	
0.4	5.4	55	908	42	3	234	229385	234	229385	0.00560256	0.00390885	0.003	0.017	980.278	718.042	57	5861	
0.4	5.4	41	909	26	3	1	592	1	592	0.01	0	0.01	0.01	592	0	592	592	
0.4	5.4	32	913	6	3	118	286535	118	286535	0.00590678	0.00346407	0.003	0.01	2428.26	1781.19	60	9422	
0.4	5.4	56	914	2	3	83	321960	83	321960	0.003	0	0.003	0.003	3879.04	2340.11	45	9422	
0.4	5.4	24	915	16	3	22	55150	22	55150	0.003	0	0.003	0.003	2506.82	1426.44	60	5324	
0.4	5.4	27	916	12	3	71	210172	71	210172	0.0041831	0.00264202	0.003	0.01	2960.17	1874.71	60	9422	
0.4	5.4	13	918	14	3	4	2484	4	2484	0.0065	0.00404145	0.003	0.01	621	459.442	60	1184	
0.4	5.4	16	919	13	3	157	535716	157	535716	0.00826115	0.00333041	0.003	0.017	3412.2	2323.98	60	9422	
0.4	5.4	4	921	8	3	20	64611	20	64611	0.003	0	0.003	0.003	3230.55	2378.85	60	9422	
0.4	5.4	37	922	9	3	105	107948	105	107948	0.00506667	0.00320836	0.003	0.01	1028.08	1158.11	45	9422	
0.4	5.4	46	924	19	3	111	325684	111	325684	0.00665766	0.00375741	0.003	0.017	2934.09	2396.36	60	9422	
0.4	5.4	43	925	3	3	106	389538	105	385988	0.003	0	0.003	0.003	3676.08	2286.65	60	9422	
0.4	5.4	38	927	2	3	180	253011	180	253011	0.00774444	0.00422829	0.003	0.024	1405.62	1215.84	13	7099	
0.4	5.4	39	928	31	3	1	60	1	60	0.003	0	0.003	0.003	60	0	60	60	
0.4	5.4	22	930	13	3	143	529151	143	529151	0.00623077	0.0035019	0.003	0.01	3700.36	2332.46	45	9422	
0.4	5.4	19	932	8	3	4	240	4	240	0.00825	0.0035	0.003	0.01	60	0	60	60	
0.4	5.4	37	933	62	3	192	154250	192	154250	0.00500521	0.00317302	0.003	0.01	803.385	710.47	16	7099	
0.4	5.4	5	934	6	3	73	271266	73	271266	0.00578082	0.00344902	0.003	0.01	3715.97	2603.83	45	9422	
0.4	5.4	18	935	17	3	56	154084	56	154084	0.007375	0.00341953	0.003	0.01	2751.5	2225.58	60	9422	
0.4	5.4	18	936	9	3	59	115512	59	115512	0.00810169	0.00313872	0.003	0.01	1957.83	2122.97	60	9422	
0.4	5.4	55	938	15	3	239	435631	239	435631	0.00475732	0.00304167	0.003	0.01	1822.72	1505.44	26	9422	
0.4	5.4	47	940	2	3	71	242710	71	242710	0.003	0	0.003	0.003	3418.45	2068.52	60	8282	
0.4	5.4	29	941	5	3	121	358816	121	358816	0.00728099	0.00342594	0.003	0.01	2965.42	1903.22	60	7690	
0.4	5.4	53	944	11	3	72	227338	72	227338	0.00640278	0.0035232	0.003	0.01	3157.47	2510.89	45	9422	
0.4	5.4	3	945	22	3	89	304828	89	304828	0.00779775	0.00326893	0.003	0.01	3425.03	2159.88	60	8873	
0.4	5.4	31	946	1	3	140	624160	140	624160	0.0068	0.00349964	0.003	0.01	4458.29	2442.32	45	9422	
0.4	5.4	32	947	7	3	1	60	1	60	0.01	0	0.01	0.01	60	0	60	60	
0.4	5.4	34	949	3	3	175	239919	175	239919	0.0056	0.00339201	0.003	0.01	1370.97	1201.99	43	7099	
0.4	5.4	37	950	67	3	298	332611	298	333955	0.00497315	0.0031547	0.003	0.01	1120.65	1168.52	43	9422	
0.4	5.4	46	951	22	3	142	333370	142	333370	0.00654929	0.00351204	0.003	0.01	2347.68	2197.19	45	9422	
0.4	5.4	46	952	3	3	54	140423	54	140423	0.0065	0.00353286	0.003	0.01	2600.43	2126.39	60	9422	
0.4	5.4	54	953	13	3	119	359513	118	353597	0.00816102	0.00309389	0.003	0.01	2996.58	2227.61	36	9422	
0.4	5.4	38	955	4	3	47	58736	47	58736	0.00746808	0.00369989	0.003	0.017	1249.7	729.484	60	2958	
0.4	5.4	41	956	32	3	167	313824	167	313824	0.00580838	0.0034413	0.003	0.01	1879.19	1582.68	43	9422	
0.4	5.4	39	957	11	3	111	115711	111	115711	0.0059009	0.00371228	0.003	0.017	1042.44	716.521	26	4733	
0.4	5.4	17	958	5	3	86	311331	86	311331	0.003	0	0.003	0.003	3620.13	2613.27	45	9422	
0.4	5.4	25	964	7	3	48	69371	48	69371	0.00752083	0.00367851	0.003	0.017	1445.23	936.465	60	4141	
0.4	5.4	41	965	63	3	189	185504	189	185504	0.00577778	0.00386244	0.003	0.017	981.503	736.154	60	4395	
0.4	5.4	25	967	3	3	140	528455	140	528455	0.0048	0.0030704	0.003	0.01	3774.68	2274.71	45	9422	
0.4	5.4	24	968	21	3	35	97747	35	97747	0.0086	0.00284088	0.003	0.01	2792.77	1667.12	60	7099	
0.4	5.4	43	969	22	3	147	673391	147	673391	0.003	0	0.003	0.003	4580.89	2837.21	45	9422	
0.4	5.4	28	970	2	3	54	152188	54	152188	0.00792592	0.00322638	0.003	0.01	2818.3	2278.53	60	9422	
0.4	5.4	2	971	34	3	94	93705	94	93705	0.00642553	0.00351797	0.003	0.01	996.862	701.348	6	3550	
0.4	5.4	46	972	21	3	1	60	1	60	0.01	0	0.01	0.01	60	0	60	60	
0.4	5.4	52	973	23	3	329	378046	329	378046	0.00557447	0.00342446	0.003	0.017	1149.08	999.071	18	6255	
0.4	5.4	52	975	39	3	122	66199	122	66199	0.00454918	0.00342838	0.003	0.017	542.615	521.094	39	3550	
0.4	5.4	33	976	5	3	36	119153	35	116195	0.007	0.00351468	0.003	0.01	3319.86	1953.91	60	7099	
0.4	5.4	7	977	2	3	233	767299	233	767299	0.00774678	0.00334127	0.003	0.017	3293.13	2899.14	36	9422	
0.4	5.4	10	979	6	3	55	138227	55	138227	0.00745454	0.00339836	0.003	0.01	2513.22	2074.26	60	9422	
0.4	5.4	32	980	24	3	6	8992	6	8992	0.01	0	0.01	0.01	1498.67	1204.42	60	3550	
0.4	5.4	46	981	1	3	90	163455	90	163455	0.0079	0.00370257	0.003	0.017	1816.17	1657.19	60	9422	
0.4	5.4	34	984	53	3	136	119812	136	119812	0.00593382	0.0045529	0.003	0.017	880.971	802.126	4	4395	
0.4	5.4	53	985	22	3	7	14316	7	14316	0.008	0.00341565	0.003	0.01	2045.14	1816.4	60	5324	
0.4	5.4	26	986	6	3	3	180	3	180	0.01	0	0.01	0.01	60	0	60	60	
0.4	5.4	34	987	58	3	184	410417	184	410417	0.00440761	0.00281335	0.003	0.01	2230.53	1430.24	52	7099	
0.4	5.4	42	990	4	3	2	120	2	120	0.0065	0.00494975	0.003	0.01	60	0	60	60	
0.4	5.4	43	992	16	3	7	14316	7	14316	0.008	0.00341565	0.003	0.01	2045.14	1816.4	60	5324	
0.4	5.4	39	993	58	3	10	3680	10	3680	0.0051	0.00472464	0.003	0.017	368	233.256	60	650	
0.4	5.4	25	995	11	3	110	352875	108	348732	0.00708333	0.00346714	0.003	0.01	3229	2132.02	60	8873	
0.4	5.4	34	997	43	3	339	377432	338	376654	0.00550592	0.00395692	0.003	0.017	1114.36	1377.29	8	9422	
0.4	5.4	40	998	8	3	19	49819	18	47452	0.00961111	0.00291323	0.003	0.017	2636.22	2225.2	60	7099	
0.4	5.4	3	999	3	3	58	196140	58	196140	0.003	0	0.003	0.003	3381.72	2709.91	45	9422	
0.4	5.4	1	1000	3	3	17	19172	17	19172	0.00752941	0.00424437	0.003	0.017	1127.76	672.962	60	2367	
0.4	5.4	19	1002	6	3	89	287310	89	287310	0.003	0	0.003	0.003	3228.2	2210.4	60	9422	
0.4	5.4	19	1003	10	3	51	141646	51	141646	0.00931372	0.00210229	0.003	0.01	2777.37	2516.56	60	9422	
0.4	5.4	42	1007	40	3	51	127949	51	127949	0.00382353	0.00227777	0.003	0.01	2508.8	1628.82	60	7690	
0.4	5.4	21	1009	34	3	213	192350	213	192350	0.00566197	0.00391156	0.003	0.017	903.052	840.566	60	7099	
0.4	5.4	2	1010	26	3	8	9586	8	9586	0.005625	0.00362284	0.003	0.01	1198.25	934.073	60	2961	
0.4	5.4	48	1011	16	3	71	199699	72	203840	0.0065	0.00352456	0.003	0.01	2831.11	1954.71	60	7690	
0.4	5.4	10	1013	13	3	129	439841	129	439841	0.00744961	0.00338185	0.003	0.01	3409.62	2727.17	45	9422	
0.4	5.4	41	1015	60	3	383	439593	383	439593	0.00552219	0.00362205	0.003	0.017	1147.76	1441.43	34	9422	
0.4	5.4	39	1017	3	3	322	600935	323	603302	0.00575232	0.00342451	0.003	0.01	1867.81	1379.83	60	9422	
0.4	5.4	48	1019	19	3	157	347638	157	347638	0.00790446	0.00392033	0.003	0.017	2214.25	1984.4	13	9422	
0.4	5.4	32	1022	27	3	31	80589	31	80589	0.00729032	0.00346596	0.003	0.01	2599.65	1885.5	60	8873	
0.4	5.4	11	1024	9	3	119	294929	119	294929	0.00682353	0.00361646	0.003	0.017	2478.39	1921.89	60	9422	
0.4	5.4	38	1025	9	3	138	266597	138	266597	0.00695652	0.0039631	0.003	0.017	1931.86	1634.32	53	9422	
0.4	5.4	26	1026	20	3	89	225114	89	225114	0.00764045	0.00349105	0.003	0.017	2529.37	1909.91	60	9422	
0.4	5.4	29	1027	15	3	93	185376	92	183601	0.00756522	0.00365941	0.003	0.017	1995.66	1883.19	21	9422	
0.4	5.4	3	1030	8	3	100	319155	100	319155	0.0065	0.00351763	0.003	0.01	3191.55	2406.41	45	9422	
0.4	5.4	38	1031	11	3	147	236934	146	235767	0.0085137	0.00387429	0.003	0.024	1614.84	1552.18	60	9422	
0.4	5.4	47	1032	12	3	106	270632	105	268265	0.00453333	0.00290909	0.003	0.01	2554.9	1967.89	60	9422	
0.4	5.4	33	1033	1	3	1	60	1	60	0.003	0	0.003	0.003	60	0	60	60	
0.4	5.4	47	1034	7	3	76	152907	76	152907	0.00806579	0.00354151	0.003	0.017	2011.93	1793.53	60	9422	
0.4	5.4	37	1035	23	3	333	198230	332	197046	0.0058253	0.00424829	0.003	0.017	593.512	484.03	5	4395	
0.4	5.4	20	1036	3	3	131	334456	130	329723	0.00816923	0.00308821	0.003	0.01	2536.33	1845.05	60	8873	
0.4	5.4	34	1038	28	3	93	178978	93	178978	0.00593548	0.0034729	0.003	0.01	1924.49	1817.89	37	9422	
0.4	5.4	37	1039	53	3	15	9597	15	9597	0.00533333	0.00341565	0.003	0.01	639.8	535.586	58	1775	
0.4	5.4	16	1041	7	3	128	406004	129	406596	0.00858915	0.00295173	0.003	0.017	3151.91	2040.53	60	9422	
0.4	5.4	21	1043	14	3	84	221436	84	221436	0.00566667	0.00341976	0.003	0.01	2636.14	2106.42	60	9422	
0.4	5.4	42	1044	6	3	53	80047	53	80047	0.00471698	0.00304061	0.003	0.01	1510.32	1282.37	60	5861	
0.4	5.4	23	1045	2	3	152	582423	152	582423	0.003	0	0.003	0.003	3831.73	2252.24	45	9422	
0.4	5.4	15	1046	2	3	142	555095	142	555095	0.00674648	0.00350367	0.003	0.01	3909.12	2726.7	45	9422	
0.4	5.4	36	1049	13	3	140	485425	140	485425	0.00875	0.00294097	0.003	0.017	3467.32	2750.78	45	9422	
0.4	5.4	35	1051	6	3	26	93005	26	93005	0.00569231	0.00347297	0.003	0.01	3577.12	2473.31	60	7690	
0.4	5.4	21	1052	24	3	2	120	2	120	0.0065	0.00494975	0.003	0.01	60	0	60	60	
0.4	5.4	37	1053	54	3	259	354319	259	354319	0.00535135	0.00364034	0.003	0.017	1368.03	1917.85	24	9422	
0.4	5.4	34	1055	33	3	176	171434	176	171434	0.00494886	0.00314646	0.003	0.01	974.057	752.209	30	4395	
0.4	5.4	50	1056	6	3	128	354559	128	354559	0.0065	0.00351375	0.003	0.01	2769.99	2239.8	45	9422	
0.4	5.4	7	1058	6	3	100	342687	100	342687	0.00419	0.00264268	0.003	0.01	3426.87	2300	60	9422	
0.4	5.4	31	1059	10	3	120	393084	120	393084	0.003	0	0.003	0.003	3275.7	2993.88	45	9422	
0.4	5.4	8	1060	7	3	82	179533	82	179533	0.00760976	0.00333983	0.003	0.01	2189.43	1944.24	41	9422	
0.4	5.4	30	1062	20	3	59	232626	59	232626	0.00774576	0.00329887	0.003	0.01	3942.81	3291.14	45	9422	
0.4	5.4	21	1063	30	3	122	265862	122	265862	0.00569672	0.00342062	0.003	0.01	2179.2	1583.52	60	9422	
0.4	5.4	45	1066	9	3	146	480083	145	478534	0.00845517	0.0030276	0.003	0.017	3300.23	2462.37	45	9422	
0.4	5.4	28	1067	19	3	133	514376	133	514376	0.007	0.0034772	0.003	0.01	3867.49	2502.83	45	9422	
0.4	5.4	25	1068	13	3	14	19054	14	19054	0.007	0.00359487	0.003	0.01	1361	806.589	60	2958	
0.4	5.4	54	1069	12	3	67	110181	67	111956	0.00832836	0.003007	0.003	0.01	1670.99	1802.18	60	6882	
0.4	5.4	42	1071	7	3	155	244613	155	244613	0.00729032	0.00401938	0.003	0.017	1578.15	1370.87	60	9422	
0.4	5.4	41	1072	11	3	2	120	2	120	0.003	0	0.003	0.003	60	0	60	60	
0.4	5.4	8	1073	22	3	106	400675	106	400675	0.00471698	0.00302609	0.003	0.01	3779.95	2940.82	13	9422	
0.4	5.4	41	1075	52	3	102	67114	102	67114	0.0052647	0.00329093	0.003	0.01	657.98	391.639	6	1775	
0.4	5.4	36	1078	11	3	36	54692	36	54692	0.00786111	0.00367348	0.003	0.017	1519.22	1256.21	32	5324	
0.4	5.4	37	1081	51	3	323	373833	323	373833	0.00518885	0.00325017	0.003	0.01	1157.38	921.369	5	5412	
0.4	5.4	24	1082	9	3	97	183585	97	183585	0.0071134	0.00346373	0.003	0.01	1892.63	1704.05	60	9422	
0.4	5.4	9	1083	1	3	1	60	1	60	0.003	0	0.003	0.003	60	0	60	60	
0.4	5.4	57	1084	11	3	10	10181	10	10181	0.0065	0.00368932	0.003	0.01	1018.1	529.781	60	1775	
0.4	5.4	44	1087	21	3	91	257527	91	257527	0.00707692	0.0036247	0.003	0.017	2829.97	1930.82	45	9422	
0.4	5.4	38	1089	21	3	45	44540	45	44540	0.00782222	0.00534402	0.003	0.024	989.778	655.716	45	2367	
0.4	5.4	50	1090	24	3	137	427913	137	427913	0.00586131	0.00345386	0.003	0.01	3123.45	2468.92	45	9422	
0.4	5.4	26	1093	2	3	47	116208	47	116208	0.00627659	0.00353062	0.003	0.01	2472.51	1631.37	60	7099	
0.4	5.4	2	1097	11	3	130	261119	130	261119	0.00617692	0.00349854	0.003	0.01	2008.61	1838.73	8	8873	
0.4	5.4	47	1100	4	3	3	180	3	180	0.00533333	0.00404145	0.003	0.01	60	0	60	60	
0.4	5.4	50	1101	9	3	68	196092	68	196092	0.0070147	0.00348769	0.003	0.01	2883.71	2007.49	60	9422	
0.4	5.4	17	1102	11	3	109	248079	109	248079	0.00711009	0.00359099	0.003	0.017	2275.95	1797.29	48	7690	
0.4	5.4	52	1103	27	3	485	480533	485	480533	0.00549691	0.00335664	0.003	0.01	990.79	742.651	5	4904	
0.4	5.4	21	1104	28	3	4	3667	4	3667	0.00475	0.0035	0.003	0.01	916.75	733.545	60	1775	
0.4	5.4	33	1105	13	3	76	242117	76	242117	0.00613158	0.00350368	0.003	0.01	3185.75	1946.93	60	9422	
0.4	5.4	39	1106	63	3	179	215671	177	214487	0.00576836	0.00395967	0.003	0.017	1211.79	919.862	60	6309	
0.4	5.4	50	1107	17	3	104	222633	104	222633	0.00791346	0.00336201	0.003	0.017	2140.7	1870.14	28	9422	
0.4	5.4	37	1109	43	3	294	334990	294	334990	0.00507143	0.00335372	0.003	0.017	1139.42	952.322	3	7276	
0.4	5.4	37	1110	60	3	205	143162	205	143162	0.00542439	0.00405361	0.003	0.017	698.351	1107.14	26	9422	
0.4	5.4	5	1111	2	3	44	115491	44	115491	0.00936364	0.00253433	0.003	0.017	2624.8	1406.44	60	5324	
0.4	5.4	21	1112	41	3	154	151280	148	146545	0.00621622	0.00411326	0.003	0.017	990.169	856.99	21	4395	
0.4	5.4	15	1113	15	3	69	210160	69	210160	0.003	0	0.003	0.003	3045.8	1449.06	60	6507	
0.4	5.4	15	1114	7	3	7	8994	7	8994	0.006	0.00374166	0.003	0.01	1284.86	1067.13	60	3182	
0.4	5.4	15	1117	14	3	85	325753	85	325753	0.00777647	0.00327827	0.003	0.01	3832.39	2737.4	60	9422	
0.4	5.4	9	1118	10	3	153	522558	153	522558	0.00519608	0.00325871	0.003	0.01	3415.41	1784.63	60	9422	
0.4	5.4	44	1120	9	3	26	35042	26	35042	0.00784615	0.00329475	0.003	0.01	1347.77	829.732	60	2958	
0.4	5.4	10	1121	15	3	54	177614	54	177614	0.00935185	0.00204808	0.003	0.01	3289.15	2223.3	60	9422	
0.4	5.4	2	1123	2	3	154	359377	154	359377	0.00513636	0.00323395	0.003	0.01	2333.62	1806.69	60	9422	
0.4	5.4	3	1124	18	3	116	337614	117	338019	0.00724786	0.00343387	0.003	0.01	2889.05	2348.97	60	9422	
0.4	5.4	52	1126	35	3	120	180207	120	180207	0.00498333	0.00316754	0.003	0.01	1501.72	1210.06	60	9422	
0.4	5.4	29	1127	7	3	31	90646	31	90646	0.00706452	0.00351127	0.003	0.01	2924.06	2350.69	57	7708	
0.4	5.4	37	1130	21	3	208	162576	208	162576	0.00528846	0.0039457	0.003	0.017	781.615	649.968	30	4395	
0.4	5.4	46	1131	13	3	129	306703	129	306703	0.00728682	0.00342371	0.003	0.01	2377.54	2102.52	45	9422	
0.4	5.4	4	1132	14	3	74	197756	75	200714	0.00570667	0.00343186	0.003	0.01	2676.19	2094.37	60	9422	
0.4	5.4	37	1136	61	3	2	120	2	120	0.01	0.00989949	0.003	0.017	60	0	60	60	
0.4	5.4	34	1137	34	3	40	35659	40	35659	0.006675	0.00354015	0.003	0.01	891.475	554.883	60	2367	
0.4	5.4	51	1138	6	3	109	424912	109	424912	0.00383486	0.00227919	0.003	0.01	3898.28	2202.29	60	9422	
0.4	5.4	27	1141	8	3	65	172970	65	172970	0.00450769	0.00290002	0.003	0.01	2661.08	2476.02	60	9422	
0.4	5.4	20	1142	5	3	4	240	4	240	0.00475	0.0035	0.003	0.01	60	0	60	60	
0.4	5.4	39	1143	46	3	126	318691	126	318691	0.00311111	0.000878382	0.003	0.01	2529.29	2079.44	60	9422	
0.4	5.4	55	1145	56	3	65	42324	65	42324	0.00504615	0.00320854	0.003	0.01	651.138	537.28	17	2769	
0.4	5.4	27	1146	3	3	29	68287	29	68287	0.00782759	0.00329577	0.003	0.01	2354.72	2470.06	60	9422	
0.4	5.4	42	1148	27	3	54	77788	54	77788	0.00662963	0.00465932	0.003	0.017	1440.52	1351.72	60	7007	
0.4	5.4	53	1149	19	3	13	24491	13	24491	0.00676923	0.00363212	0.003	0.01	1883.92	1771.48	60	5324	
0.4	5.4	30	1152	18	3	61	143905	61	143905	0.00311475	0.000896258	0.003	0.01	2359.1	1834.34	60	9422	
0.4	5.4	29	1153	2	3	68	171723	68	171723	0.0070147	0.00348769	0.003	0.01	2525.34	2152.28	57	9422	
0.4	5.4	26	1154	17	3	154	379065	154	379065	0.00718182	0.00362535	0.003	0.017	2461.46	2153.09	45	9422	
0.4	5.4	56	1159	8	3	1	60	1	60	0.01	0	0.01	0.01	60	0	60	60	
0.4	5.4	40	1162	2	3	110	294782	110	294782	0.00809091	0.0031318	0.003	0.01	2679.84	1853.53	60	9422	
0.4	5.4	15	1163	4	3	1	592	1	592	0.01	0	0.01	0.01	592	0	592	592	
0.4	5.4	27	1164	18	3	97	210335	96	207377	0.00664583	0.00379745	0.003	0.017	2160.18	1750.51	60	9422	
0.4	5.4	34	1166	42	3	222	225297	222	225297	0.00596396	0.00394516	0.003	0.017	1014.85	691.141	13	3841	
0.4	5.4	12	1168	4	3	67	254045	67	254045	0.00770149	0.00331212	0.003	0.01	3791.72	2583.39	60	9422	
0.4	5.4	50	1169	13	3	28	80589	28	80589	0.0055	0.00341565	0.003	0.01	2878.18	2144.95	60	9422	
0.4	5.4	11	1170	1	3	10	8404	9	7812	0.00688889	0.00368932	0.003	0.01	868	615.404	60	1775	
0.4	5.4	40	1171	7	3	144	544452	144	544452	0.00572222	0.003619	0.003	0.017	3780.92	3015.24	45	9422	
0.4	5.4	48	1172	11	3	97	207853	97	207853	0.00668041	0.0035135	0.003	0.01	2142.81	1619.78	60	6882	
0.4	5.4	54	1173	11	3	83	311920	83	311920	0.003	0	0.003	0.003	3758.07	2889.18	45	9422	
0.4	5.4	42	1174	12	3	58	157569	58	157569	0.003	0	0.003	0.003	2716.71	2570.55	60	9422	
0.4	5.4	35	1175	10	3	46	135024	46	135024	0.00710869	0.00348475	0.003	0.01	2935.3	1791.61	60	8282	
0.4	5.4	28	1177	24	3	202	655975	202	655975	0.003	0	0.003	0.003	3247.4	2559.4	45	9422	
0.4	5.4	50	1178	8	3	116	428819	116	428819	0.00758621	0.00334162	0.003	0.01	3696.72	2550.62	45	9422	
0.4	5.4	42	1179	23	3	185	537072	185	537072	0.00568649	0.00341338	0.003	0.01	2903.09	2199.31	45	9422	
0.4	5.4	43	1180	10	3	162	543464	162	543464	0.00662963	0.00359414	0.003	0.017	3354.72	2687.45	28	9422	
0.4	5.4	37	1181	25	3	99	60008	99	60008	0.00632323	0.00378727	0.003	0.017	606.141	383.706	17	1775	
0.4	5.4	38	1183	18	3	59	74137	59	74137	0.00774576	0.00458481	0.003	0.017	1256.56	944.077	13	3550	
0.4	5.4	37	1184	3	3	23	21436	23	21436	0.00695652	0.00354809	0.003	0.01	932	547.988	60	1775	
0.4	5.4	16	1185	3	3	96	280569	96	280569	0.0060625	0.00349078	0.003	0.01	2922.59	2554.5	45	9422	
0.4	5.4	4	1186	3	3	5	1364	5	1364	0.0072	0.00383406	0.003	0.01	272.8	291.388	60	592	
0.4	5.4	38	1187	19	3	128	299098	128	299098	0.00436719	0.00317438	0.003	0.017	2336.7	2123.07	60	9422	
0.4	5.4	37	1188	10	3	198	193821	198	193821	0.0059697	0.00353935	0.003	0.017	978.894	986.999	6	8275	
0.4	5.4	44	1189	20	3	46	109001	46	109001	0.00786956	0.00357528	0.003	0.017	2369.59	1367.81	60	6507	
0.4	5.4	48	1190	1	3	124	353971	125	356929	0.00692	0.00348869	0.003	0.01	2855.43	2040.91	60	9422	
0.4	5.4	12	1191	2	3	39	96573	39	96573	0.00874359	0.00272143	0.003	0.01	2476.23	1681.84	60	6507	
0.4	5.4	4	1194	23	3	99	261893	99	261893	0.003	0	0.003	0.003	2645.38	2259.58	60	9422	
0.4	5.4	55	1195	6	3	1	60	1	60	0.01	0	0.01	0.01	60	0	60	60	
0.4	5.4	15	1196	10	3	126	494253	126	494253	0.00388889	0.00233999	0.003	0.01	3922.64	2348.51	45	9422	
0.4	5.4	38	1199	8	3	122	307229	122	307229	0.00684426	0.00349739	0.003	0.01	2518.27	2083.59	45	9422	
0.4	5.4	40	1200	19	3	4	3667	4	3667	0.00475	0.0035	0.003	0.01	916.75	733.545	60	1775	
0.4	5.4	5	1201	3	3	45	115025	45	115025	0.00735555	0.00343217	0.003	0.01	2556.11	2512.73	60	9422	
0.4	5.4	51	1204	5	3	101	335593	101	335593	0.00681188	0.00350346	0.003	0.01	3322.7	2192.28	60	9422	
0.4	5.4	41	1205	50	3	21	46875	21	46875	0.003	0	0.003	0.003	2232.14	2487.15	60	9422	
0.4	5.4	42	1206	35	3	43	124966	43	124966	0.003	0	0.003	0.003	2906.19	2141.44	60	9422	
0.4	5.4	34	1207	49	3	307	510820	307	510820	0.00548534	0.00335517	0.003	0.01	1663.91	1390.97	23	9422	
0.4	5.4	50	1209	26	3	74	300072	74	300072	0.00583784	0.00346025	0.003	0.01	4055.03	2651.14	60	9422	
0.4	5.4	41	1212	3	3	153	174229	153	174229	0.00519608	0.00325871	0.003	0.01	1138.75	1043.68	56	6507	
0.4	5.4	29	1213	1	3	63	161650	63	161650	0.00722222	0.00345218	0.003	0.01	2565.87	1721.34	60	7099	
0.4	5.4	40	1214	20	3	58	164717	58	164717	0.003	0	0.003	0.003	2839.95	1487.64	60	5916	
0.4	5.4	6	1215	9	3	148	411370	148	411370	0.00772973	0.00348484	0.003	0.017	2779.53	1745.2	60	9422	
0.4	5.4	34	1216	15	3	1	60	1	60	0.003	0	0.003	0.003	60	0	60	60	
0.4	5.4	30	1217	8	3	68	142142	68	142142	0.00835294	0.00322659	0.003	0.017	2090.32	2057.34	60	9422	
0.4	5.4	8	1219	15	3	144	428521	144	428521	0.00601389	0.00347818	0.003	0.01	2975.84	2832.88	45	9422	
0.4	5.4	13	1220	13	3	78	186619	78	186619	0.0065	0.00352265	0.003	0.01	2392.55	1985.66	36	9422	
0.4	5.4	11	1221	6	3	87	169627	88	174360	0.00809091	0.00420901	0.003	0.017	1981.36	1641.73	26	7690	
0.4	5.4	30	1223	14	3	46	114905	47	121412	0.00910638	0.00277594	0.003	0.017	2583.23	2586.34	60	9422	
0.4	5.4	53	1224	26	3	96	361626	96	361626	0.00897917	0.00248354	0.003	0.01	3766.94	2772.58	36	9422	
0.4	5.4	31	1226	7	3	100	391667	100	391667	0.00685	0.0035	0.003	0.01	3916.67	2669.08	45	9422	
0.4	5.4	7	1227	1	3	70	254644	70	254644	0.003	0	0.003	0.003	3637.77	2188.11	60	9422	
0.4	5.4	52	1228	47	3	128	112829	128	112829	0.00453125	0.00290516	0.003	0.01	881.477	577.031	43	2961	
0.4	5.4	55	1230	8	3	4	240	4	240	0.0065	0.00404145	0.003	0.01	60	0	60	60	
0.4	5.4	52	1232	46	3	1	60	1	60	0.003	0	0.003	0.003	60	0	60	60	
0.4	5.4	2	1233	16	3	67	113787	67	113787	0.00508955	0.00365866	0.003	0.017	1698.31	1577.4	60	9422	
0.4	5.4	40	1236	11	3	64	96585	62	90075	0.00875806	0.00297908	0.003	0.017	1452.82	1469.63	60	8282	
0.4	5.4	55	1239	46	3	50	75991	50	75991	0.00314	0.000989949	0.003	0.01	1519.82	1350.01	60	5324	
0.4	5.4	10	1240	14	3	46	117865	46	117865	0.00893478	0.0029394	0.003	0.017	2562.28	2211.94	60	9422	
0.4	5.4	39	1241	16	3	126	176609	126	176609	0.00605555	0.00419963	0.003	0.017	1401.66	1041.73	34	6378	
0.4	5.4	11	1246	5	3	43	108411	43	108411	0.00869767	0.00275625	0.003	0.01	2521.19	2501.45	60	9422	
0.4	5.4	1	1247	16	3	3	180	3	180	0.00766667	0.00404145	0.003	0.01	60	0	60	60	
0.4	5.4	12	1250	3	3	155	587493	156	591043	0.00865385	0.00287964	0.003	0.017	3788.74	2853.16	45	9422	
0.4	5.4	2	1251	20	3	351	441417	351	441417	0.0052735	0.00348947	0.003	0.017	1257.6	1188.13	10	9422	
0.4	5.4	2	1254	33	3	90	177194	90	177194	0.0065	0.00351961	0.003	0.01	1968.82	1944.39	13	9422	
0.4	5.4	52	1256	26	3	23	19674	23	19674	0.00573913	0.00459464	0.003	0.017	855.391	551.869	60	1836	
0.4	5.4	21	1257	8	3	179	459445	179	459445	0.00573743	0.0034255	0.003	0.01	2566.73	1879.49	23	9422	
0.4	5.4	2	1258	8	3	257	236715	257	236715	0.00613229	0.00427634	0.003	0.024	921.07	954.072	60	9422	
0.4	5.4	36	1259	2	3	134	384892	134	384892	0.00728358	0.00342396	0.003	0.01	2872.33	1863.88	60	9422	
0.4	5.4	23	1262	18	3	122	214989	122	214989	0.00804918	0.00478436	0.003	0.024	1762.2	1378.19	60	5916	
0.4	5.4	27	1265	4	3	124	352774	123	350999	0.00584553	0.00345233	0.003	0.01	2853.65	2314.4	36	9422	
0.4	5.4	9	1266	8	3	66	228491	67	231449	0.00498507	0.00317897	0.003	0.01	3454.46	2224.77	60	9422	
0.4	5.4	39	1268	15	3	44	38612	44	38612	0.00634091	0.00384552	0.003	0.017	877.545	586.255	60	2958	
0.4	5.4	32	1269	16	3	24	28528	24	28528	0.005625	0.00346175	0.003	0.01	1188.67	564.698	60	2367	
0.4	5.4	4	1271	9	3	86	162412	84	152552	0.0085	0.00407608	0.003	0.017	1816.1	1531.75	13	6882	
0.4	5.4	26	1272	22	3	166	582795	166	582795	0.00628916	0.00350421	0.003	0.01	3510.81	2480.99	36	9422	
0.4	5.4	21	1275	38	3	121	404959	121	404959	0.00490909	0.0031305	0.003	0.01	3346.77	2483.63	60	9422	
0.4	5.4	52	1276	69	3	225	205707	225	205707	0.00592444	0.00404314	0.003	0.017	914.253	806.14	26	8162	
0.4	5.4	52	1277	32	3	150	192163	150	192163	0.00482	0.00308073	0.003	0.01	1281.09	1023.86	30	6096	
0.4	5.4	39	1278	61	3	26	58232	26	58232	0.003	0	0.003	0.003	2239.69	2439.7	60	9422	
0.4	5.4	26	1279	21	3	164	425588	164	425588	0.00769512	0.00347714	0.003	0.017	2595.05	2005.74	45	9422	
0.4	5.4	36	1280	6	3	197	745173	197	745173	0.003	0	0.003	0.003	3782.6	2132.47	60	9422	
0.4	5.4	49	1281	2	3	53	102493	53	102493	0.00603773	0.00350254	0.003	0.01	1933.83	1927.03	60	9422	
0.4	5.4	34	1282	13	3	2	120	2	120	0.01	0	0.01	0.01	60	0	60	60	
0.4	5.4	50	1283	22	3	101	342098	101	342098	0.00584158	0.00345466	0.003	0.01	3387.11	2219.29	60	9422	
0.4	5.4	43	1284	8	3	77	193036	77	193036	0.00572727	0.00343602	0.003	0.01	2506.96	2329.25	45	9422	
0.4	5.4	57	1285	3	3	146	612104	146	612104	0.00817808	0.00308206	0.003	0.01	4192.49	2953.17	45	9422	
0.4	5.4	55	1286	26	3	2	120	2	120	0.0065	0.00494975	0.003	0.01	60	0	60	60	
0.4	5.4	25	1287	17	3	200	677229	200	677229	0.00755	0.00334717	0.003	0.01	3386.14	2638.32	45	9422	
0.4	5.4	3	1288	19	3	31	90651	31	90651	0.00345161	0.00174812	0.003	0.01	2924.23	1922.94	60	8282	
0.4	5.4	34	1290	35	3	1	60	1	60	0.01	0	0.01	0.01	60	0	60	60	
0.4	5.4	22	1293	6	3	69	172886	69	172886	0.00878261	0.00267268	0.003	0.01	2505.59	2731.1	45	9422	
0.4	5.4	53	1295	1	3	146	509649	146	509649	0.00654794	0.00360666	0.003	0.017	3490.75	2173.02	60	9422	
0.4	5.4	18	1298	10	3	62	168164	62	168164	0.00920968	0.00256801	0.003	0.017	2712.32	2506.14	45	9422	
0.4	5.4	12	1303	9	3	32	156298	32	156298	0.0043125	0.0027759	0.003	0.01	4884.31	3163.03	45	9422	
0.4	5.4	54	1305	8	3	47	143895	47	143895	0.00940425	0.0019744	0.003	0.01	3061.6	2220.01	60	9422	
0.4	5.4	12	1306	8	3	13	27925	13	27925	0.00946154	0.00194145	0.003	0.01	2148.08	1636.6	60	5324	
0.4	5.4	10	1308	3	3	83	227439	82	226255	0.00615854	0.00350474	0.003	0.01	2759.21	1996.66	60	9422	
0.4	5.4	11	1310	2	3	105	487043	105	487043	0.003	0	0.003	0.003	4638.5	3037.97	45	9422	
0.4	5.4	40	1312	1	3	16	29224	16	29224	0.003875	0.00239096	0.003	0.01	1826.5	1996.96	60	7099	
0.4	5.4	29	1313	8	3	20	77029	20	77029	0.003	0	0.003	0.003	3851.45	2840.92	60	9422	
0.4	5.4	51	1315	13	3	111	387662	111	387662	0.00653153	0.00351573	0.003	0.01	3492.45	2145.17	60	9422	
0.4	5.4	43	1316	13	3	91	201449	91	201449	0.00830769	0.00335557	0.003	0.017	2213.73	1741.25	60	9422	
0.4	5.4	26	1318	7	3	60	171712	60	171712	0.00661667	0.00352757	0.003	0.01	2861.87	1873.59	60	8282	
0.4	5.4	25	1319	20	3	120	374067	120	374067	0.00801667	0.00329498	0.003	0.017	3117.22	2105.32	60	9422	
0.4	5.4	48	1320	17	3	50	209563	50	209563	0.003	0	0.003	0.003	4191.26	2523.4	60	9422	
0.4	5.4	13	1321	3	3	140	436768	140	436768	0.00775	0.00328091	0.003	0.01	3119.77	2414.19	60	9422	
0.4	5.4	8	1322	6	3	64	162359	64	162359	0.003	0	0.003	0.003	2536.86	2041.82	60	9422	
0.4	5.4	56	1324	14	3	87	237017	87	237017	0.00613793	0.0035014	0.003	0.01	2724.33	2265.68	60	9422	
0.4	5.4	39	1325	36	3	160	196788	160	196788	0.00523125	0.00327218	0.003	0.01	1229.93	923.923	6	4904	
0.4	5.4	34	1327	16	3	149	232811	149	232811	0.00497315	0.00382373	0.003	0.024	1562.49	1358.36	60	7738	
0.4	5.4	41	1330	43	3	99	173009	99	173009	0.00618182	0.00350325	0.003	0.01	1747.57	1819.5	60	8873	
0.4	5.4	39	1332	21	3	42	31047	42	31047	0.00566667	0.00344055	0.003	0.01	739.214	484.011	60	1775	
0.4	5.4	36	1333	17	3	32	85328	32	85328	0.00759375	0.00337791	0.003	0.01	2666.5	2268.44	60	9422	
0.4	5.4	45	1334	8	3	162	626821	159	621494	0.00634591	0.00350765	0.003	0.01	3908.77	2654.73	45	9422	
0.4	5.4	50	1335	2	3	75	122031	74	119073	0.00962162	0.00325493	0.003	0.017	1609.09	1993.89	44	9422	
0.4	5.4	49	1336	7	3	144	656819	144	656819	0.00581944	0.00344518	0.003	0.01	4561.24	2937.79	45	9422	
0.4	5.4	39	1338	33	3	2	708	2	708	0.003	0	0.003	0.003	354	415.779	60	648	
0.4	5.4	54	1339	7	3	117	423732	117	423732	0.003	0	0.003	0.003	3621.64	2440.65	45	9422	
0.4	5.4	37	1340	33	3	301	356034	301	356034	0.00518605	0.0032494	0.003	0.01	1182.84	1096.91	18	9422	
0.4	5.4	4	1343	1	3	59	103688	59	103688	0.00810169	0.00363742	0.003	0.017	1757.42	1665.39	60	9422	
0.4	5.4	39	1344	51	3	153	153645	153	153645	0.00601961	0.00383109	0.003	0.017	1004.22	932.007	60	4395	
0.4	5.4	3	1345	14	3	68	243287	68	243287	0.00629412	0.00351992	0.003	0.01	3577.75	2870.19	45	9422	
0.4	5.4	37	1346	65	3	2	120	2	120	0.0065	0.00494975	0.003	0.01	60	0	60	60	
0.4	5.4	12	1347	5	3	38	131462	38	131462	0.00336842	0.00158406	0.003	0.01	3459.53	2388.55	60	9422	
0.4	5.4	11	1348	16	3	4	3020	4	3020	0.0065	0.00404145	0.003	0.01	755	540.887	60	1184	
0.4	5.4	38	1349	3	3	2	120	2	120	0.0065	0.00494975	0.003	0.01	60	0	60	60	
0.4	5.4	51	1350	16	3	138	495919	140	501835	0.00575	0.00343097	0.003	0.01	3584.54	2204.64	45	9422	
0.4	5.4	6	1352	20	3	71	167003	71	167003	0.00792958	0.00321747	0.003	0.01	2352.15	1772.71	45	9422	
0.4	5.4	42	1355	28	3	98	150005	97	149940	0.00509278	0.00366595	0.003	0.017	1545.77	1325.64	60	9422	
0.4	5.4	21	1356	22	3	25	25577	25	25577	0.00692	0.00408167	0.003	0.017	1023.08	733.389	14	2958	
0.4	5.4	2	1357	3	3	19	48048	19	48048	0.00926316	0.00321182	0.003	0.017	2528.84	1784.51	60	7099	
0.4	5.4	37	1358	40	3	262	166155	262	166155	0.00492366	0.0034721	0.003	0.017	634.179	722.514	18	9422	
0.4	5.4	18	1360	16	3	105	279999	106	282114	0.0075566	0.00335255	0.003	0.01	2661.45	2660.43	45	9422	
0.4	5.4	55	1362	11	3	4	240	4	240	0.00475	0.0035	0.003	0.01	60	0	60	60	
0.4	5.4	6	1363	8	3	139	457487	138	456303	0.00721014	0.00343968	0.003	0.01	3306.54	2141.04	36	9422	
0.4	5.4	50	1365	14	3	53	123785	53	123785	0.003	0	0.003	0.003	2335.57	1701.86	60	8873	
0.4	5.4	18	1366	4	3	46	103790	46	103790	0.00726087	0.00345405	0.003	0.01	2256.3	1854.96	60	8873	
0.4	5.4	41	1367	49	3	2	708	2	708	0.0065	0.00494975	0.003	0.01	354	415.779	60	648	
0.4	5.4	34	1369	30	3	87	90960	87	90960	0.00589655	0.00434296	0.003	0.017	1045.52	680.596	49	3182	
0.4	5.4	25	1370	5	3	159	551905	159	551905	0.00678616	0.0034993	0.003	0.01	3471.1	2512.98	45	9422	
0.4	5.4	34	1371	56	3	183	167778	183	167778	0.00544809	0.00358052	0.003	0.017	916.82	696.607	18	5324	
0.4	5.4	8	1373	1	3	73	99557	73	99557	0.00827397	0.00400437	0.003	0.017	1363.79	1460.77	60	9422	
0.4	5.4	55	1374	24	3	168	164787	167	164195	0.00635329	0.00419707	0.003	0.024	983.204	1088.28	60	7099	
0.4	5.4	53	1376	3	3	1	60	1	60	0.01	0	0.01	0.01	60	0	60	60	
0.4	5.4	16	1378	2	3	9	8995	9	8995	0.00688889	0.00368932	0.003	0.01	999.444	492.934	60	1775	
0.4	5.4	19	1383	12	3	2	120	2	120	0.01	0	0.01	0.01	60	0	60	60	
0.4	5.4	6	1385	6	3	74	255837	74	255837	0.003	0	0.003	0.003	3457.26	2320.47	60	9422	
0.4	5.4	3	1386	11	3	2	120	2	120	0.0065	0.00494975	0.003	0.01	60	0	60	60	
0.4	5.4	52	1387	31	3	55	65380	55	65380	0.00618182	0.00351763	0.003	0.01	1188.73	830.649	60	3550	
0.4	5.4	35	1388	2	3	12	14322	11	13341	0.00872727	0.00283164	0.003	0.01	1212.82	597.784	60	1980	
0.4	5.4	43	1392	1	3	110	299879	110	299879	0.00732727	0.00341639	0.003	0.01	2726.17	2303.44	36	9422	
0.4	5.4	26	1393	16	3	66	138129	66	138129	0.00681818	0.00351222	0.003	0.01	2092.86	1430.6	60	4904	
0.4	5.4	57	1394	12	3	38	113118	38	113118	0.00410526	0.00258676	0.003	0.01	2976.79	2741.41	60	8873	
0.4	5.4	37	1396	1	3	4	240	4	240	0.003	0	0.003	0.003	60	0	60	60	
0.4	5.4	39	1398	44	3	15	17880	15	17880	0.00486667	0.00320416	0.003	0.01	1192	848.054	60	3550	
0.4	5.4	41	1399	13	3	301	544954	301	544954	0.00676744	0.0043304	0.003	0.017	1810.48	1810.05	22	9422	
0.4	5.4	17	1400	8	3	122	433324	122	433324	0.00793443	0.00320572	0.003	0.01	3551.84	2244.58	57	9422	
0.4	5.4	44	1401	10	3	128	391339	127	390407	0.003	0	0.003	0.003	3074.07	2288.26	60	9422	
0.4	5.4	28	1403	13	3	11	26744	11	26744	0.00872727	0.00422116	0.003	0.017	2431.27	2247.55	60	7099	
0.4	5.4	55	1404	36	3	215	260688	215	260688	0.00514884	0.00323621	0.003	0.01	1212.5	1169.39	14	6507	
0.4	5.4	45	1405	12	3	79	187684	79	187684	0.003	0	0.003	0.003	2375.75	2023.26	45	9422	
0.4	5.4	56	1406	9	3	118	434983	118	434983	0.00614407	0.0034967	0.003	0.01	3686.3	2039.66	60	9422	
0.4	5.4	28	1407	4	3	130	530254	130	530254	0.003	0	0.003	0.003	4078.88	2606.5	45	9422	
0.4	5.4	15	1408	12	3	199	603548	199	603548	0.00778392	0.00348424	0.003	0.017	3032.9	1963.06	45	9422	
0.4	5.4	39	1409	41	3	11	10125	11	10125	0.00490909	0.0032697	0.003	0.01	920.455	524.608	60	1775	
0.4	5.4	34	1410	38	3	65	74133	65	74133	0.00633846	0.00373445	0.003	0.017	1140.51	724.611	60	3550	
0.4	5.4	55	1413	47	3	8	14318	8	14318	0.005625	0.00362284	0.003	0.01	1789.75	1800.48	60	5324	
0.4	5.4	25	1414	9	3	5	3076	5	3076	0.0086	0.0031305	0.003	0.01	615.2	398.099	60	1184	
0.4	5.4	34	1416	10	3	5	3668	5	3668	0.003	0	0.003	0.003	733.6	470.86	60	1184	
0.4	5.4	52	1417	38	3	65	71792	65	71792	0.00504615	0.00320854	0.003	0.01	1104.49	726.334	60	3822	
0.4	5.4	34	1419	6	3	4	240	4	240	0.00825	0.00670199	0.003	0.017	60	0	60	60	
0.4	5.4	11	1421	15	3	18	25563	18	25563	0.003	0	0.003	0.003	1420.17	879.163	60	2958	
0.4	5.4	2	1422	28	3	256	206769	256	206769	0.00442187	0.00301918	0.003	0.017	807.691	716.158	9	4395	
0.4	5.4	23	1423	16	3	80	167124	80	167124	0.0072	0.0037934	0.003	0.017	2089.05	1835.41	60	9422	
0.4	5.4	5	1425	1	3	48	126738	48	126738	0.003	0	0.003	0.003	2640.37	1864.11	60	9422	
