% start	end	CellId	IMSI	RNTI	LCID	nTxPDUs	TxBytes	nRxPDUs	RxBytes	delay	stdDev	min	max	PduSize	stdDev	min	max
0.4	5.4	12	2	3	3	1	60	1	60	0.01	0	0.01	0.01	60	0	60	60	
0.4	5.4	34	3	33	3	212	545227	212	545227	0.00336321	0.00155626	0.003	0.01	2571.83	2229.18	45	9422	
0.4	5.4	13	7	16	3	98	332635	98	332635	0.00657143	0.00351726	0.003	0.01	3394.23	1910.33	60	9422	
0.4	5.4	30	8	16	3	118	536708	118	536708	0.003	0	0.003	0.003	4548.37	2301.78	60	9422	
0.4	5.4	32	9	18	3	233	800919	233	800919	0.00522317	0.00326581	0.003	0.01	3437.42	2539.44	45	9422	
0.4	5.4	12	10	4	3	135	424617	136	425552	0.00809559	0.00324066	0.003	0.017	3129.06	2089.34	60	9422	
0.4	5.4	55	12	16	3	2	120	2	120	0.0065	0.00494975	0.003	0.01	60	0	60	60	
0.4	5.4	38	13	10	3	69	200703	69	200703	0.00797101	0.00319913	0.003	0.01	2908.74	1995.22	45	9422	
0.4	5.4	6	15	8	3	141	274170	141	274170	0.00667376	0.00350815	0.003	0.01	1944.47	1630.62	60	9422	
0.4	5.4	52	16	9	3	172	231884	172	231884	0.00308139	0.000752619	0.003	0.01	1348.16	859.855	32	5324	
0.4	5.4	19	18	17	3	23	52200	23	52200	0.00665217	0.00357528	0.003	0.01	2269.57	1874.46	60	8282	
0.4	5.4	23	19	4	3	124	409231	123	408891	0.00539024	0.00333298	0.003	0.01	3324.32	2792.74	45	9422	
0.4	5.4	38	20	8	3	3	180	3	180	0.01	0.007	0.003	0.017	60	0	60	60	
0.4	5.4	22	21	1	3	167	555736	167	555736	0.00530539	0.00329971	0.003	0.01	3327.76	1942.58	60	9422	
0.4	5.4	27	22	18	3	101	356541	101	356541	0.003	0	0.003	0.003	3530.11	3085.67	45	9422	
0.4	5.4	6	23	33	3	81	130950	82	134500	0.00752439	0.00386892	0.003	0.017	1640.24	1510.37	60	9422	
0.4	5.4	23	24	11	3	4	240	4	240	0.00475	0.0035	0.003	0.01	60	0	60	60	
0.4	5.4	25	26	11	3	70	140966	70	140966	0.0045	0.00289302	0.003	0.01	2013.8	1869.23	60	9422	
0.4	5.4	21	27	8	3	61	146901	61	146901	0.00736065	0.00445733	0.003	0.017	2408.21	2119.99	45	9422	
0.4	5.4	51	28	3	3	77	260575	77	260575	0.003	0	0.003	0.003	3384.09	2382.74	60	9422	
0.4	5.4	41	29	61	3	66	92070	66	92070	0.00628788	0.00411289	0.003	0.017	1395	1190.24	60	5211	
0.4	5.4	32	30	11	3	128	456308	128	456308	0.00622656	0.00350301	0.003	0.01	3564.91	2512.48	45	9422	
0.4	5.4	39	31	39	3	395	156364	394	155772	0.00497208	0.00338185	0.003	0.017	395.36	384.521	7	1980	
0.4	5.4	37	32	51	3	130	330565	130	330565	0.00343077	0.00168872	0.003	0.01	2542.81	2005.18	45	9422	
0.4	5.4	18	33	1	3	99	446905	99	446905	0.003	0	0.003	0.003	4514.19	2541.78	45	9422	
0.4	5.4	55	34	24	3	31	29844	30	28365	0.00603333	0.00438244	0.003	0.017	945.5	612.424	60	2073	
0.4	5.4	16	40	21	3	47	114914	47	114914	0.00746808	0.00339981	0.003	0.01	2444.98	2556.92	60	9422	
0.4	5.4	6	41	2	3	1	60	1	60	0.003	0	0.003	0.003	60	0	60	60	
0.4	5.4	22	42	7	3	60	106081	60	106081	0.00766667	0.00400706	0.003	0.017	1768.02	1071.54	40	4395	
0.4	5.4	16	43	7	3	153	554056	154	555560	0.00686364	0.00358294	0.003	0.017	3607.53	2461.72	36	9422	
0.4	5.4	32	44	16	3	58	157532	58	157532	0.00601724	0.00349682	0.003	0.01	2716.07	1844.78	60	9422	
0.4	5.4	51	45	29	3	218	559162	218	559162	0.00704587	0.0036554	0.003	0.017	2564.96	1998.96	32	9422	
0.4	5.4	32	46	8	3	1	60	1	60	0.017	0	0.017	0.017	60	0	60	60	
0.4	5.4	30	48	18	3	42	124388	42	124388	0.00766667	0.00333983	0.003	0.01	2961.62	2368.18	60	8873	
0.4	5.4	52	49	25	3	167	246944	166	245849	0.00493976	0.00314247	0.003	0.01	1481.02	1181.65	60	6378	
0.4	5.4	2	50	16	3	128	243414	128	243414	0.00480469	0.00307404	0.003	0.01	1901.67	1764.5	60	9422	
0.4	5.4	42	53	12	3	24	69341	24	69341	0.00941667	0.00197631	0.003	0.01	2889.21	2355.59	60	9422	
0.4	5.4	51	54	10	3	113	254727	113	254727	0.00727434	0.00342847	0.003	0.01	2254.22	1765.01	60	8873	
0.4	5.4	29	57	4	3	171	743892	171	743892	0.00345029	0.00172239	0.003	0.01	4350.25	2649.02	45	9422	
0.4	5.4	11	62	9	3	4	240	4	240	0.00825	0.0035	0.003	0.01	60	0	60	60	
0.4	5.4	19	63	26	3	43	82987	43	82987	0.0047907	0.00309037	0.003	0.01	1929.93	1295.68	60	5324	
0.4	5.4	57	64	6	3	131	300295	133	307267	0.00810526	0.00396053	0.003	0.017	2310.28	1565.31	60	6563	
0.4	5.4	9	65	3	3	3	180	3	180	0.00533333	0.00404145	0.003	0.01	60	0	60	60	
0.4	5.4	17	66	14	3	184	494970	184	494970	0.00516848	0.00324566	0.003	0.01	2690.05	1645.17	60	9422	
0.4	5.4	42	67	7	3	120	428474	120	428474	0.00504167	0.00319505	0.003	0.01	3570.62	1924.22	60	9422	
0.4	5.4	43	68	14	3	16	31489	16	31489	0.007375	0.0035	0.003	0.01	1968.06	1242.39	60	4395	
0.4	5.4	9	70	14	3	175	635749	174	632199	0.00517241	0.00324779	0.003	0.01	3633.33	2577.21	45	9422	
0.4	5.4	53	71	5	3	101	200311	101	200311	0.00646535	0.00415587	0.003	0.017	1983.28	1585.53	60	9422	
0.4	5.4	12	73	10	3	127	485270	127	485270	0.00796063	0.00319325	0.003	0.01	3821.02	2259.9	45	9422	
0.4	5.4	55	74	57	3	221	250119	220	248935	0.00659545	0.00409532	0.003	0.017	1131.52	1048.09	60	7690	
0.4	5.4	9	75	11	3	135	562180	135	562180	0.00471111	0.00301951	0.003	0.01	4164.3	2200.91	60	9422	
0.4	5.4	39	76	45	3	201	175083	201	175083	0.0048806	0.00311057	0.003	0.01	871.06	954.352	14	8873	
0.4	5.4	21	78	11	3	281	455895	280	453528	0.006925	0.00433434	0.003	0.017	1619.74	1371.67	15	9422	
0.4	5.4	35	80	13	3	53	145677	53	145677	0.00828302	0.00304061	0.003	0.01	2748.62	2231.96	60	9422	
0.4	5.4	57	82	21	3	45	99547	43	97718	0.00609302	0.0035174	0.003	0.01	2272.51	2137.92	13	8873	
0.4	5.4	51	83	1	3	166	417746	166	417746	0.00696385	0.00372687	0.003	0.017	2516.54	1859.82	60	9422	
0.4	5.4	57	84	25	3	63	117928	63	117928	0.00744444	0.00422656	0.003	0.017	1871.87	1718.95	28	8317	
0.4	5.4	37	85	38	3	44	63466	44	63466	0.00538636	0.00335646	0.003	0.01	1442.41	1126.56	60	5205	
0.4	5.4	17	86	6	3	232	677915	232	677915	0.005625	0.00339619	0.003	0.01	2922.05	2179.69	45	9422	
0.4	5.4	41	87	17	3	1	592	1	592	0.003	0	0.003	0.003	592	0	592	592	
0.4	5.4	11	88	5	3	80	170318	79	169405	0.0076962	0.00399793	0.003	0.017	2144.37	1880.48	60	9422	
0.4	5.4	17	89	30	3	117	351608	116	349835	0.00438793	0.00280302	0.003	0.01	3015.82	1745.99	57	7099	
0.4	5.4	55	91	8	3	112	254754	112	254754	0.00575	0.00463729	0.003	0.017	2274.59	2104.07	60	9422	
0.4	5.4	39	94	7	3	305	176886	305	176886	0.00504262	0.00318738	0.003	0.01	579.954	633.353	8	5916	
0.4	5.4	25	95	20	3	153	668265	153	668265	0.00510457	0.00322034	0.003	0.01	4367.75	2540.47	45	9422	
0.4	5.4	33	96	9	3	74	175298	74	175298	0.00763513	0.00389089	0.003	0.017	2368.89	2195.49	45	9422	
0.4	5.4	56	99	14	3	164	727950	166	738597	0.00477108	0.00305237	0.003	0.01	4449.38	2763.11	45	9422	
0.4	5.4	51	100	28	3	123	386517	123	386517	0.00465041	0.00298352	0.003	0.01	3142.41	1769.62	60	7708	
0.4	5.4	54	103	6	3	75	296520	75	296520	0.00822667	0.00306494	0.003	0.01	3953.6	2251.39	60	9422	
0.4	5.4	1	104	10	3	43	96573	44	97757	0.00761364	0.00335646	0.003	0.01	2221.75	1313.08	60	4733	
0.4	5.4	19	105	12	3	100	348146	100	348146	0.00517	0.00325376	0.003	0.01	3481.46	2764.43	60	9422	
0.4	5.4	19	106	1	3	89	152335	88	151743	0.00785227	0.00357687	0.003	0.017	1724.35	2162.64	45	9422	
0.4	5.4	45	107	10	3	109	223472	109	223472	0.00768807	0.00330739	0.003	0.01	2050.2	2208.61	60	9422	
0.4	5.4	30	108	11	3	95	333925	95	333925	0.00808421	0.0031375	0.003	0.01	3515	2464.97	45	9422	
0.4	5.4	8	109	13	3	92	167755	92	167755	0.00581522	0.00345116	0.003	0.01	1823.42	1399.91	60	7689	
0.4	5.4	45	112	17	3	57	87831	57	87831	0.00705263	0.00348682	0.003	0.01	1540.89	1281.95	26	5324	
0.4	5.4	55	115	48	3	34	29840	33	28484	0.00851515	0.00600063	0.003	0.024	863.152	644.138	60	2958	
0.4	5.4	40	116	9	3	190	729870	190	729870	0.003	0	0.003	0.003	3841.42	2582.51	45	9422	
0.4	5.4	51	117	8	3	97	316209	97	316209	0.00401031	0.00247275	0.003	0.01	3259.89	2906.69	45	9422	
0.4	5.4	10	118	16	3	75	270613	75	270613	0.0044	0.00281886	0.003	0.01	3608.17	2651.52	45	9422	
0.4	5.4	39	119	78	3	576	360921	574	359737	0.00512195	0.00340092	0.003	0.017	626.72	623.531	6	4107	
0.4	5.4	37	120	23	3	2	120	2	120	0.0065	0.00494975	0.003	0.01	60	0	60	60	
0.4	5.4	20	121	19	3	230	636523	230	636523	0.00750435	0.00399972	0.003	0.017	2767.49	2047.35	60	9422	
0.4	5.4	13	122	15	3	33	61071	33	61071	0.00681818	0.00353955	0.003	0.01	1850.64	1914.07	60	9422	
0.4	5.4	39	124	53	3	2	120	2	120	0.003	0	0.003	0.003	60	0	60	60	
0.4	5.4	26	126	7	3	76	154801	74	144742	0.00839189	0.00358007	0.003	0.017	1955.97	1997.05	60	9422	
0.4	5.4	53	127	15	3	94	248169	94	248169	0.003	0	0.003	0.003	2640.1	1875.72	60	9422	
0.4	5.4	10	128	11	3	10	31474	10	31474	0.003	0	0.003	0.003	3147.4	3155.04	60	9422	
0.4	5.4	46	130	6	3	102	312651	102	312651	0.00547059	0.00389645	0.003	0.017	3065.21	2489	60	9422	
0.4	5.4	56	133	10	3	138	461816	138	461816	0.00710869	0.00345922	0.003	0.01	3346.49	2550.29	45	9422	
0.4	5.4	18	138	11	3	66	202475	66	202475	0.00936364	0.0026697	0.003	0.017	3067.8	2212.22	45	9422	
0.4	5.4	26	139	5	3	85	217285	86	220835	0.00666279	0.00351672	0.003	0.01	2567.85	1478.24	60	6507	
0.4	5.4	37	140	5	3	1	60	1	60	0.01	0	0.01	0.01	60	0	60	60	
0.4	5.4	48	141	10	3	78	211355	78	211355	0.0071282	0.00346545	0.003	0.01	2709.68	2190.76	60	9422	
0.4	5.4	29	143	6	3	104	329800	104	329800	0.00555769	0.00338709	0.003	0.01	3171.15	3044.51	45	9422	
0.4	5.4	34	145	9	3	428	652303	428	652303	0.00586215	0.00385415	0.003	0.017	1524.07	1357.88	15	8873	
0.4	5.4	39	146	59	3	352	140920	352	140920	0.00526704	0.00336434	0.003	0.017	400.341	349.985	60	2262	
0.4	5.4	54	150	2	3	77	235607	77	235607	0.003	0	0.003	0.003	3059.83	2379.94	60	9422	
0.4	5.4	11	151	14	3	59	139777	59	139777	0.00786441	0.00350102	0.003	0.017	2369.1	2007.61	60	9422	
0.4	5.4	4	152	13	3	112	355123	112	355123	0.0071875	0.003573	0.003	0.017	3170.74	2168.37	60	9422	
0.4	5.4	52	154	10	3	130	89662	130	89662	0.00515385	0.00378381	0.003	0.017	689.708	585.121	26	2958	
0.4	5.4	53	155	16	3	44	148626	44	148626	0.00315909	0.00105529	0.003	0.01	3377.86	2645.12	60	9422	
0.4	5.4	6	156	21	3	2	708	2	708	0.01	0	0.01	0.01	354	415.779	60	648	
0.4	5.4	31	158	7	3	18	55733	18	55733	0.003	0	0.003	0.003	3096.28	3012.38	60	9422	
0.4	5.4	42	159	22	3	105	349794	106	358076	0.00801887	0.00316824	0.003	0.01	3378.08	2301.93	60	9422	
0.4	5.4	37	160	53	3	164	230014	164	230014	0.0065	0.00375883	0.003	0.017	1402.52	1243.46	60	9422	
0.4	5.4	4	161	18	3	97	250076	97	250076	0.00682474	0.0036458	0.003	0.017	2578.1	2138.88	60	9422	
0.4	5.4	16	163	8	3	37	87706	37	87706	0.003	0	0.003	0.003	2370.43	1606.75	60	6507	
0.4	5.4	30	165	1	3	76	237980	76	237980	0.00751316	0.00337241	0.003	0.01	3131.32	1820.68	60	9422	
0.4	5.4	33	166	11	3	153	451617	153	451617	0.00633987	0.00350782	0.003	0.01	2951.75	2175.03	28	9422	
0.4	5.4	36	167	11	3	37	95980	37	95980	0.00848649	0.00373885	0.003	0.017	2594.05	2567.53	60	9422	
0.4	5.4	39	169	51	3	3	710	3	710	0.00533333	0.00404145	0.003	0.01	236.667	210.106	60	469	
0.4	5.4	21	170	24	3	66	142169	65	138280	0.00623077	0.00351679	0.003	0.01	2127.38	1667.44	60	7099	
0.4	5.4	6	171	23	3	89	244763	89	244763	0.003	0	0.003	0.003	2750.15	1670.68	60	7099	
0.4	5.4	18	172	9	3	3	1892	3	1892	0.01	0	0.01	0.01	630.667	562.2	60	1184	
0.4	5.4	32	176	20	3	49	127924	49	127924	0.008	0.00319505	0.003	0.01	2610.69	2087	60	9422	
0.4	5.4	55	179	53	3	76	58181	75	57987	0.00729333	0.00486791	0.003	0.024	773.16	609.819	21	3550	
0.4	5.4	16	181	18	3	2	708	2	708	0.01	0	0.01	0.01	354	415.779	60	648	
0.4	5.4	52	184	19	3	181	312988	181	312988	0.003	0	0.003	0.003	1729.22	1325.71	38	7863	
0.4	5.4	17	185	9	3	4	240	4	240	0.00475	0.0035	0.003	0.01	60	0	60	60	
0.4	5.4	39	186	72	3	651	587589	645	583445	0.00507287	0.0031983	0.003	0.01	904.566	926.45	26	7099	
0.4	5.4	55	187	49	3	26	22041	25	20562	0.00608	0.00455448	0.003	0.017	822.48	599.861	13	2171	
0.4	5.4	8	191	34	3	145	309207	145	309207	0.0045931	0.0034751	0.003	0.017	2132.46	1492.88	45	9422	
0.4	5.4	17	192	27	3	115	242778	114	240411	0.00723684	0.00422865	0.003	0.017	2108.87	1912.47	36	9422	
0.4	5.4	39	194	6	3	172	292109	172	292109	0.003	0	0.003	0.003	1698.31	1468.38	60	9422	
0.4	5.4	16	196	5	3	36	71251	35	69476	0.007	0.00351468	0.003	0.01	1985.03	1800.58	60	9422	
0.4	5.4	47	199	4	3	79	281864	79	281864	0.003	0	0.003	0.003	3567.9	2702.27	45	9422	
0.4	5.4	20	200	11	3	208	497263	208	497263	0.007375	0.00391501	0.003	0.017	2390.69	1798.34	45	9422	
0.4	5.4	34	201	6	3	178	188500	178	188500	0.0054382	0.00334446	0.003	0.01	1058.99	876.005	60	4738	
0.4	5.4	25	202	5	3	117	223358	117	223358	0.00802564	0.00365886	0.003	0.017	1909.04	1893.77	60	9422	
0.4	5.4	7	203	5	3	116	364010	116	364010	0.00825	0.00318113	0.003	0.017	3138.02	2521.94	45	9422	
0.4	5.4	34	204	35	3	188	331756	188	331756	0.00519681	0.00325701	0.003	0.01	1764.66	1511.41	60	9422	
0.4	5.4	28	205	1	3	120	361056	120	361056	0.006675	0.00351028	0.003	0.01	3008.8	1899.01	60	8282	
0.4	5.4	18	206	12	3	18	53367	18	53367	0.00961111	0.00164992	0.003	0.01	2964.83	2946.69	60	9422	
0.4	5.4	2	208	13	3	131	149473	131	149473	0.0071145	0.00458365	0.003	0.024	1141.02	1009.73	18	5324	
0.4	5.4	47	209	9	3	123	345414	124	348372	0.00785484	0.00324023	0.003	0.01	2809.45	2292.58	45	9422	
0.4	5.4	21	212	26	3	141	288381	143	297255	0.00676923	0.0035019	0.003	0.01	2078.71	1665.92	48	9422	
0.4	5.4	37	214	12	3	54	82421	52	72362	0.00555769	0.00416528	0.003	0.017	1391.58	897.066	49	4904	
0.4	5.4	57	215	12	3	129	348312	129	348312	0.00555039	0.00338185	0.003	0.01	2700.09	2431.3	45	9422	
0.4	5.4	11	216	7	3	121	428226	121	428226	0.00618182	0.0035	0.003	0.01	3539.06	2818.07	60	9422	
0.4	5.4	41	217	20	3	5	2012	5	2012	0.0086	0.0031305	0.003	0.01	402.4	505.7	60	1184	
0.4	5.4	19	218	8	3	46	79065	46	79065	0.00604348	0.0043408	0.003	0.017	1718.8	1677.78	60	7099	
0.4	5.4	6	219	18	3	144	323398	145	325765	0.00546207	0.00335414	0.003	0.01	2246.66	1650.28	60	9422	
0.4	5.4	42	221	26	3	130	307464	130	307464	0.00768461	0.00352848	0.003	0.017	2365.11	1983.46	36	9422	
0.4	5.4	45	222	3	3	165	323376	166	325151	0.00822891	0.00350524	0.003	0.017	1958.74	1621.98	60	9422	
0.4	5.4	37	223	57	3	110	255404	110	255404	0.003	0	0.003	0.003	2321.85	1787.95	60	9422	
0.4	5.4	6	225	30	3	84	125746	84	125746	0.00541667	0.00352002	0.003	0.017	1496.98	1176.95	5	5861	
0.4	5.4	50	228	3	3	177	627764	177	627764	0.00640113	0.00350853	0.003	0.01	3546.69	1907.75	193	9422	
0.4	5.4	15	229	2	3	2	120	2	120	0.0065	0.00494975	0.003	0.01	60	0	60	60	
0.4	5.4	4	230	16	3	114	272926	114	272926	0.00858772	0.00325008	0.003	0.017	2394.09	1660.91	57	6555	
0.4	5.4	52	231	47	3	178	147681	178	147681	0.00516292	0.0036455	0.003	0.017	829.669	757.502	5	4395	
0.4	5.4	31	232	16	3	65	207798	65	207798	0.00956923	0.0016953	0.003	0.01	3196.89	3373.61	60	9422	
0.4	5.4	21	233	28	3	77	200752	77	200752	0.003	0	0.003	0.003	2607.17	2067.17	60	9422	
0.4	5.4	8	234	10	3	88	336765	88	336765	0.00459091	0.0029503	0.003	0.01	3826.88	2177.75	60	9422	
0.4	5.4	39	236	34	3	2	708	2	708	0.01	0	0.01	0.01	354	415.779	60	648	
0.4	5.4	11	237	10	3	54	172293	54	172293	0.00637037	0.00353044	0.003	0.01	3190.61	1689.83	60	7099	
0.4	5.4	17	238	10	3	2	120	2	120	0.003	0	0.003	0.003	60	0	60	60	
0.4	5.4	20	239	12	3	128	245298	129	245638	0.00674419	0.00361265	0.003	0.017	1904.17	2181.26	43	9422	
0.4	5.4	31	240	6	3	7	14316	6	8992	0.01	0	0.01	0.01	1498.67	1204.42	60	3550	
0.4	5.4	32	241	13	3	109	344117	109	344117	0.00319266	0.0011505	0.003	0.01	3157.04	2782.97	45	9422	
0.4	5.4	39	242	26	3	206	148601	206	148601	0.00503883	0.00318816	0.003	0.01	721.364	728.855	15	4904	
0.4	5.4	12	247	15	3	19	53371	19	53371	0.00668421	0.00359092	0.003	0.01	2809	2819.69	60	9422	
0.4	5.4	6	248	37	3	19	41547	19	41547	0.00705263	0.0035508	0.003	0.01	2186.68	1427.44	60	5324	
0.4	5.4	38	249	20	3	124	482425	124	482425	0.00599193	0.00380521	0.003	0.017	3890.52	2343.2	60	9422	
0.4	5.4	5	253	9	3	150	535204	150	535204	0.00631333	0.00350673	0.003	0.01	3568.03	2786.53	45	9422	
0.4	5.4	38	256	6	3	37	104855	37	104855	0.00678378	0.0035366	0.003	0.01	2833.92	2150.52	60	7708	
0.4	5.4	28	258	5	3	148	494991	148	494991	0.003	0	0.003	0.003	3344.53	2363.33	45	9422	
0.4	5.4	20	259	16	3	120	295524	120	295524	0.003	0	0.003	0.003	2462.7	1956.01	45	9422	
0.4	5.4	25	260	7	3	86	184751	86	184751	0.00886046	0.00281242	0.003	0.017	2148.27	1439.04	60	6877	
0.4	5.4	17	261	4	3	102	214946	102	214946	0.00704902	0.00486934	0.003	0.017	2107.31	1724.12	60	9422	
0.4	5.4	9	263	6	3	5	5442	5	5442	0.003	0	0.003	0.003	1088.4	742.216	60	1775	
0.4	5.4	57	264	16	3	73	232769	73	232769	0.00443836	0.00284793	0.003	0.01	3188.62	2260.28	60	9422	
0.4	5.4	3	265	19	3	176	577754	176	577754	0.00661932	0.00358688	0.003	0.017	3282.69	2470.09	28	9422	
0.4	5.4	21	267	18	3	183	312826	183	312826	0.00625137	0.00419997	0.003	0.017	1709.43	1673.8	7	9422	
0.4	5.4	14	269	1	3	38	121992	38	121992	0.00815789	0.00312381	0.003	0.01	3210.32	2154.32	60	8282	
0.4	5.4	21	270	9	3	79	148096	79	148096	0.00521519	0.00327645	0.003	0.01	1874.63	1735.37	12	9422	
0.4	5.4	15	271	8	3	3	180	3	180	0.00533333	0.00404145	0.003	0.01	60	0	60	60	
0.4	5.4	5	274	17	3	45	136314	45	136314	0.00782222	0.00327726	0.003	0.01	3029.2	2592.4	60	9422	
0.4	5.4	51	276	16	3	84	171150	83	168192	0.00671084	0.00351488	0.003	0.01	2026.41	1061.32	60	5324	
0.4	5.4	55	277	55	3	312	630406	313	635142	0.00584025	0.00379017	0.003	0.017	2029.21	1716.69	57	9422	
0.4	5.4	41	278	11	3	4	240	4	240	0.0065	0.00404145	0.003	0.01	60	0	60	60	
0.4	5.4	26	280	14	3	105	278360	105	278360	0.00813333	0.00353572	0.003	0.017	2651.05	1920.25	60	9422	
0.4	5.4	54	283	3	3	45	89480	46	89528	0.00923913	0.00337431	0.003	0.017	1946.26	2005.52	48	9422	
0.4	5.4	34	284	42	3	160	299089	160	299089	0.0048375	0.00308962	0.003	0.01	1869.31	1310.37	32	5916	
0.4	5.4	4	286	10	3	3	180	3	180	0.00533333	0.00404145	0.003	0.01	60	0	60	60	
0.4	5.4	37	287	32	3	104	144787	105	149182	0.00606667	0.00348973	0.003	0.01	1420.78	1070.65	43	4904	
0.4	5.4	7	289	9	3	33	120215	33	120215	0.003	0	0.003	0.003	3642.88	2665.64	60	9422	
0.4	5.4	19	290	18	3	159	468185	159	468185	0.00661006	0.00359661	0.003	0.017	2944.56	2285.97	60	9422	
0.4	5.4	49	292	6	3	83	297239	83	297239	0.003	0	0.003	0.003	3581.19	2631.5	45	9422	
0.4	5.4	55	300	4	3	1	60	1	60	0.01	0	0.01	0.01	60	0	60	60	
0.4	5.4	9	302	12	3	43	71198	43	71198	0.00804651	0.00317695	0.003	0.01	1655.77	1009.34	60	4141	
0.4	5.4	52	304	72	3	90	107221	89	106126	0.00630337	0.00351427	0.003	0.01	1192.43	1042.05	60	6029	
0.4	5.4	15	305	15	3	21	30417	21	30417	0.00833333	0.00437417	0.003	0.017	1448.43	855.905	60	3550	
0.4	5.4	32	306	3	3	151	454315	152	456511	0.00663816	0.00350883	0.003	0.01	3003.36	2130.53	36	9422	
0.4	5.4	8	308	30	3	110	188369	110	188369	0.00522727	0.00340981	0.003	0.017	1712.45	1185.84	53	5664	
0.4	5.4	20	312	9	3	70	122071	70	122071	0.0062	0.00456705	0.003	0.024	1743.87	1715.3	60	9422	
0.4	5.4	26	314	9	3	3	180	3	180	0.01	0	0.01	0.01	60	0	60	60	
0.4	5.4	52	315	7	3	251	369708	251	369708	0.00478486	0.00305705	0.003	0.01	1472.94	1133.72	40	6882	
0.4	5.4	27	318	3	3	2	120	2	120	0.01	0	0.01	0.01	60	0	60	60	
0.4	5.4	17	319	3	3	295	591389	295	591389	0.00682034	0.00402352	0.003	0.017	2004.71	1542.23	47	9422	
0.4	5.4	49	320	8	3	50	177619	50	177619	0.0079	0.00324037	0.003	0.01	3552.38	2843.06	57	9422	
0.4	5.4	47	321	16	3	14	37980	14	37980	0.004	0.00254196	0.003	0.01	2712.86	2476.3	60	8873	
0.4	5.4	20	322	1	3	79	158851	79	158851	0.00778481	0.00327645	0.003	0.01	2010.77	1554.9	60	9422	
0.4	5.4	19	324	27	3	1	60	1	60	0.01	0	0.01	0.01	60	0	60	60	
0.4	5.4	18	325	8	3	35	116675	35	116675	0.009	0.00248525	0.003	0.01	3333.57	2289.39	60	9422	
0.4	5.4	39	331	37	3	568	349538	568	349538	0.00550176	0.0036058	0.003	0.017	615.384	773.909	8	9422	
0.4	5.4	50	333	6	3	43	88405	43	88405	0.00886046	0.00302829	0.003	0.017	2055.93	2219.67	60	9422	
0.4	5.4	47	334	8	3	62	137406	62	137406	0.00864516	0.00278813	0.003	0.01	2216.23	1886.73	60	9422	
0.4	5.4	18	335	10	3	5	5442	5	5442	0.0058	0.00383406	0.003	0.01	1088.4	742.216	60	1775	
0.4	5.4	9	337	13	3	148	340482	148	340482	0.00541216	0.00333795	0.003	0.01	2300.55	1948.41	60	9422	
0.4	5.4	21	339	31	3	1	60	1	60	0.01	0	0.01	0.01	60	0	60	60	
0.4	5.4	8	341	12	3	98	117975	98	117975	0.00621428	0.00404166	0.003	0.017	1203.83	990.157	23	4395	
0.4	5.4	39	344	70	3	1	60	1	60	0.003	0	0.003	0.003	60	0	60	60	
0.4	5.4	53	346	13	3	148	364415	148	364415	0.00711486	0.00373533	0.003	0.017	2462.26	1977.44	36	9422	
0.4	5.4	19	347	22	3	62	137530	63	142263	0.00611111	0.00350627	0.003	0.01	2258.14	1772.74	60	9422	
0.4	5.4	19	348	24	3	33	104844	33	104844	0.00554545	0.00341953	0.003	0.01	3177.09	2704.63	60	9422	
0.4	5.4	53	349	19	3	175	404455	176	404846	0.00777273	0.00389499	0.003	0.017	2300.26	2005.06	21	9422	
0.4	5.4	2	350	42	3	197	315270	197	315270	0.0064467	0.00397613	0.003	0.017	1600.36	1806.84	60	8873	
0.4	5.4	13	353	20	3	179	517897	179	517897	0.00777095	0.00327023	0.003	0.01	2893.28	1939.88	23	9422	
0.4	5.4	41	354	64	3	19	23798	19	23798	0.00521053	0.00334297	0.003	0.01	1252.53	597.95	60	1836	
0.4	5.4	54	355	4	3	79	272988	79	272988	0.00592405	0.00347435	0.003	0.01	3455.54	2949.76	45	9422	
0.4	5.4	6	356	38	3	126	163616	125	162964	0.006024	0.00410638	0.003	0.017	1303.71	1135.23	60	8030	
0.4	5.4	28	357	25	3	109	306633	109	306633	0.00595413	0.00347314	0.003	0.01	2813.15	2125.28	60	9422	
0.4	5.4	40	358	14	3	22	56923	22	56923	0.003	0	0.003	0.003	2587.41	1832.31	60	5916	
0.4	5.4	11	359	2	3	22	51121	22	51121	0.00586364	0.00352265	0.003	0.01	2323.68	1743.49	60	5324	
0.4	5.4	6	360	16	3	74	126192	74	126192	0.00564865	0.00341805	0.003	0.01	1705.3	1127.21	60	5324	
0.4	5.4	45	361	8	3	198	741348	198	741348	0.003	0	0.003	0.003	3744.18	2878.19	45	9422	
0.4	5.4	39	364	28	3	107	48245	107	48245	0.0052243	0.00341282	0.003	0.017	450.888	363.685	60	1775	
0.4	5.4	37	366	29	3	114	225719	114	225719	0.00625438	0.00385996	0.003	0.017	1979.99	2006.7	60	9422	
0.4	5.4	39	367	80	3	175	122297	175	122297	0.00412	0.00257361	0.003	0.01	698.84	767.744	43	4395	
0.4	5.4	4	368	9	3	129	507272	129	507272	0.00506201	0.0032034	0.003	0.01	3932.34	2556.46	45	9422	
0.4	5.4	2	370	58	3	180	161322	179	160227	0.00608938	0.00439392	0.003	0.017	895.123	1007.23	24	9422	
0.4	5.4	26	372	10	3	100	273134	100	273134	0.00706	0.00347231	0.003	0.01	2731.34	2015.34	60	9422	
0.4	5.4	8	375	33	3	18	24383	18	24383	0.00338889	0.00164992	0.003	0.01	1354.61	765.408	60	2958	
0.4	5.4	44	377	7	3	2	120	2	120	0.0065	0.00494975	0.003	0.01	60	0	60	60	
0.4	5.4	21	378	4	3	138	360140	138	360140	0.00731159	0.003417	0.003	0.01	2609.71	2170.14	45	9422	
0.4	5.4	40	379	6	3	118	366504	118	366504	0.00691525	0.0034901	0.003	0.01	3105.97	2280.09	60	9422	
0.4	5.4	50	380	1	3	119	433203	119	433203	0.00323529	0.00126696	0.003	0.01	3640.36	2220.91	45	9422	
0.4	5.4	28	381	10	3	28	62256	28	62256	0.0055	0.00341565	0.003	0.01	2223.43	1668.19	60	5861	
0.4	5.4	38	382	18	3	111	329104	111	329104	0.00735135	0.00353849	0.003	0.017	2964.9	2525.38	45	9422	
0.4	5.4	18	383	13	3	131	534941	131	534941	0.003	0	0.003	0.003	4083.52	1831.29	60	9422	
0.4	5.4	37	384	50	3	76	139094	74	134009	0.00668919	0.00452065	0.003	0.017	1810.93	1322.87	60	7099	
0.4	5.4	39	387	24	3	4	1304	4	1304	0.0065	0.00404145	0.003	0.01	326	307.15	60	592	
0.4	5.4	44	389	15	3	68	183659	69	185434	0.00857971	0.00307937	0.003	0.017	2687.45	1975.42	45	9422	
0.4	5.4	57	390	23	3	82	243430	82	245796	0.00530488	0.00330988	0.003	0.01	2997.51	2301.9	7	9422	
0.4	5.4	22	395	3	3	147	332703	147	332703	0.0067619	0.00359668	0.003	0.017	2263.29	1697.5	57	9422	
0.4	5.4	55	398	50	3	350	472200	350	472200	0.00642	0.00402615	0.003	0.017	1349.14	1261.52	10	7690	
0.4	5.4	49	400	5	3	144	639779	143	637412	0.00681818	0.00349776	0.003	0.01	4457.43	2858.14	45	9422	
0.4	5.4	35	402	2	3	5	300	5	300	0.0086	0.0031305	0.003	0.01	60	0	60	60	
0.4	5.4	9	403	17	3	5	5442	5	5442	0.003	0	0.003	0.003	1088.4	742.216	60	1775	
0.4	5.4	57	404	13	3	178	530425	178	530425	0.00712921	0.00360949	0.003	0.017	2979.92	2198	57	9422	
0.4	5.4	17	405	23	3	148	384902	148	384902	0.0030473	0.000575396	0.003	0.01	2600.69	1483.53	60	8873	
0.4	5.4	24	406	8	3	29	78811	29	78811	0.003	0	0.003	0.003	2717.62	2403.55	60	9422	
0.4	5.4	16	407	15	3	114	390727	114	390727	0.00766667	0.0033144	0.003	0.01	3427.43	2385.31	45	9422	
0.4	5.4	39	408	27	3	327	145630	327	145630	0.00479816	0.00306308	0.003	0.01	445.352	401.619	4	2196	
0.4	5.4	3	409	8	3	139	487198	139	487198	0.00310072	0.000836616	0.003	0.01	3505.02	2395.42	45	9422	
0.4	5.4	13	411	9	3	154	412581	154	412581	0.0075	0.00381132	0.003	0.017	2679.1	1761.36	60	9422	
0.4	5.4	19	412	11	3	2	120	2	120	0.01	0	0.01	0.01	60	0	60	60	
0.4	5.4	6	413	29	3	24	55156	24	55156	0.0065	0.00357528	0.003	0.01	2298.17	2019.24	60	9422	
0.4	5.4	24	414	5	3	1	60	1	60	0.01	0	0.01	0.01	60	0	60	60	
0.4	5.4	52	415	32	3	1	60	1	60	0.003	0	0.003	0.003	60	0	60	60	
0.4	5.4	10	419	5	3	35	80705	35	80705	0.0084	0.0029823	0.003	0.01	2305.86	2316.71	60	9422	
0.4	5.4	22	420	23	3	183	465261	183	465261	0.00793443	0.00352169	0.003	0.017	2542.41	1737.61	57	9422	
0.4	5.4	42	422	18	3	73	179528	73	179528	0.00817808	0.00309274	0.003	0.01	2459.29	1920.31	60	9422	
0.4	5.4	28	423	9	3	189	686099	189	686099	0.00466667	0.00298934	0.003	0.01	3630.15	2646.5	45	9422	
0.4	5.4	52	424	61	3	192	175559	192	175559	0.00526042	0.00343449	0.003	0.017	914.37	844.686	3	6882	
0.4	5.4	35	425	4	3	153	582251	153	582251	0.00766667	0.00340665	0.003	0.017	3805.56	2711.2	45	9422	
0.4	5.4	29	426	7	3	28	82951	28	82951	0.00925	0.00220479	0.003	0.01	2962.54	2488.48	60	9422	
0.4	5.4	8	427	17	3	100	224437	100	224437	0.00307	0.0007	0.003	0.01	2244.37	1959.43	45	9422	
0.4	5.4	20	428	23	3	187	304986	184	298475	0.00733696	0.0041192	0.003	0.017	1622.15	1291.8	13	7099	
0.4	5.4	41	430	12	3	18	27936	18	27936	0.00611111	0.00357917	0.003	0.01	1552	1473.01	60	5861	
0.4	5.4	52	432	51	3	167	275532	165	272573	0.003	0	0.003	0.003	1651.96	1223.97	60	5664	
0.4	5.4	56	433	5	3	1	60	1	60	0.003	0	0.003	0.003	60	0	60	60	
0.4	5.4	34	434	36	3	195	234630	195	234630	0.00529743	0.00365859	0.003	0.017	1203.23	1028.43	44	7099	
0.4	5.4	47	435	5	3	55	114331	55	114331	0.00961818	0.00283164	0.003	0.017	2078.75	1430.92	60	7099	
0.4	5.4	46	437	14	3	69	171133	69	171133	0.00715942	0.0034625	0.003	0.01	2480.19	1821.31	60	8873	
0.4	5.4	52	438	2	3	375	511066	375	511066	0.005184	0.0032475	0.003	0.01	1362.84	1404.85	11	9422	
0.4	5.4	41	439	32	3	188	287494	189	290452	0.006	0.00362027	0.003	0.017	1536.78	1093.17	11	5324	
0.4	5.4	55	440	6	3	1	60	1	60	0.003	0	0.003	0.003	60	0	60	60	
0.4	5.4	34	442	3	3	1	60	1	60	0.003	0	0.003	0.003	60	0	60	60	
0.4	5.4	6	443	12	3	200	689390	200	689390	0.003	0	0.003	0.003	3446.95	2783.36	36	9422	
0.4	5.4	22	444	10	3	1	60	1	60	0.003	0	0.003	0.003	60	0	60	60	
0.4	5.4	52	446	58	3	1	60	1	60	0.003	0	0.003	0.003	60	0	60	60	
0.4	5.4	16	448	12	3	41	113724	41	113724	0.00709756	0.00349145	0.003	0.01	2773.76	2298.61	36	9422	
0.4	5.4	9	450	15	3	104	315129	104	315129	0.00616346	0.00350065	0.003	0.01	3030.09	1953.25	60	7690	
0.4	5.4	15	451	14	3	20	58691	20	58691	0.003	0	0.003	0.003	2934.55	1902.64	60	7099	
0.4	5.4	23	453	8	3	149	413715	149	413715	0.00830872	0.00300652	0.003	0.01	2776.61	2313.22	45	9422	
0.4	5.4	46	454	4	3	156	395531	156	395531	0.00865385	0.00309141	0.003	0.017	2535.46	1927.25	13	9422	
0.4	5.4	3	456	13	3	18	47456	18	47456	0.00844444	0.00299455	0.003	0.01	2636.44	2908.53	60	9422	
0.4	5.4	23	457	13	3	154	506719	153	503498	0.00739216	0.00358035	0.003	0.017	3290.84	2461.05	38	9422	
0.4	5.4	17	458	28	3	166	428090	165	427498	0.00550303	0.00336522	0.003	0.01	2590.9	2230.68	45	9422	
0.4	5.4	55	460	14	3	2	120	2	120	0.0065	0.00494975	0.003	0.01	60	0	60	60	
0.4	5.4	54	461	7	3	22	39766	23	42724	0.00817391	0.00378576	0.003	0.017	1857.57	1020.99	60	3550	
0.4	5.4	6	462	6	3	204	526208	204	526208	0.00732353	0.0039967	0.003	0.017	2579.45	2319.82	26	9422	
0.4	5.4	12	464	5	3	124	301942	124	301942	0.0081371	0.00358256	0.003	0.017	2435.02	1610.14	60	7099	
0.4	5.4	43	466	13	3	168	644553	168	644553	0.00695833	0.00348023	0.003	0.01	3836.62	2419.5	45	9422	
0.4	5.4	39	467	40	3	513	295173	513	295173	0.00511501	0.00330548	0.003	0.017	575.386	682.254	18	4736	
0.4	5.4	40	469	7	3	64	183654	63	183006	0.00733333	0.00342665	0.003	0.01	2904.86	2024	60	9422	
0.4	5.4	45	470	15	3	18	19067	18	19067	0.00766667	0.00480196	0.003	0.017	1059.28	917.727	60	3550	
0.4	5.4	1	471	6	3	19	57508	19	57508	0.00963158	0.00160591	0.003	0.01	3026.74	2903.28	60	9422	
0.4	5.4	50	472	10	3	139	536261	139	536261	0.003	0	0.003	0.003	3857.99	2275.95	60	9422	
0.4	5.4	11	473	3	3	40	144604	40	144604	0.003	0	0.003	0.003	3615.1	3321.51	60	9422	
0.4	5.4	15	474	13	3	60	154543	60	154543	0.00661667	0.00352757	0.003	0.01	2575.72	1916.76	60	9422	
0.4	5.4	45	475	14	3	60	120264	60	120264	0.00755	0.00403974	0.003	0.017	2004.4	1441.44	60	6507	
0.4	5.4	38	476	1	3	122	492481	122	492481	0.00701639	0.00347597	0.003	0.01	4036.73	2886.62	45	9422	
0.4	5.4	41	479	58	3	60	89499	58	86737	0.00589655	0.0034777	0.003	0.01	1495.47	880.584	60	3550	
0.4	5.4	24	480	14	3	78	235029	78	235029	0.00694872	0.00349358	0.003	0.01	3013.19	2182.66	45	9422	
0.4	5.4	15	482	21	3	80	175285	80	175285	0.008775	0.00348223	0.003	0.017	2191.06	1450.4	60	8670	
0.4	5.4	6	483	9	3	133	275594	133	275594	0.00631579	0.00350836	0.003	0.01	2072.14	1759.26	60	9422	
0.4	5.4	4	485	2	3	106	335143	106	335143	0.0065	0.00351663	0.003	0.01	3161.73	2106.55	4	9422	
0.4	5.4	56	490	8	3	177	674235	177	674235	0.003	0	0.003	0.003	3809.24	2406.39	45	9422	
0.4	5.4	37	492	40	3	85	126814	82	122671	0.00607317	0.00480684	0.003	0.024	1495.99	1228.54	60	8873	
0.4	5.4	1	499	9	3	78	170094	78	170094	0.00730769	0.00360846	0.003	0.017	2180.69	2209.75	60	9422	
0.4	5.4	46	503	10	3	61	104507	61	104507	0.00793443	0.00346347	0.003	0.017	1713.23	1518.62	13	8294	
0.4	5.4	2	505	4	3	2	120	2	120	0.01	0	0.01	0.01	60	0	60	60	
0.4	5.4	39	506	13	3	2	120	2	120	0.0065	0.00494975	0.003	0.01	60	0	60	60	
0.4	5.4	8	509	32	3	185	594332	185	594332	0.003	0	0.003	0.003	3212.61	2478.88	45	9422	
0.4	5.4	9	510	7	3	187	730107	187	730107	0.00621925	0.0036456	0.003	0.017	3904.32	2952.31	10	9422	
0.4	5.4	39	513	63	3	254	79248	254	79248	0.00520472	0.00354271	0.003	0.017	312	321.752	5	2196	
0.4	5.4	10	514	1	3	12	14320	12	14320	0.00708333	0.0036045	0.003	0.01	1193.33	547.491	60	1775	
0.4	5.4	32	516	1	3	61	162272	61	162272	0.00667213	0.00352478	0.003	0.01	2660.2	2040.28	60	8930	
0.4	5.4	10	518	14	3	3	180	3	180	0.00533333	0.00404145	0.003	0.01	60	0	60	60	
0.4	5.4	42	520	13	3	63	142726	63	142726	0.00744444	0.00339724	0.003	0.01	2265.49	1198.4	60	4733	
0.4	5.4	38	521	16	3	35	72313	35	72313	0.0062	0.00353803	0.003	0.01	2066.09	1357.59	60	4953	
0.4	5.4	25	522	8	3	73	190765	71	179525	0.00822535	0.00306686	0.003	0.01	2528.52	2230.49	60	9422	
0.4	5.4	28	524	21	3	155	467805	155	467805	0.00751613	0.0034535	0.003	0.017	3018.1	2190.15	45	9422	
0.4	5.4	36	525	10	3	25	68161	25	68161	0.00552	0.00342929	0.003	0.01	2726.44	2567.09	60	9422	
0.4	5.4	8	528	28	3	31	37477	31	37477	0.00503226	0.0032299	0.003	0.01	1208.94	777.549	60	3182	
0.4	5.4	6	530	11	3	2	708	2	708	0.003	0	0.003	0.003	354	415.779	60	648	
0.4	5.4	36	531	12	3	146	462471	146	462471	0.00774657	0.00328174	0.003	0.01	3167.61	2221.64	18	9422	
0.4	5.4	1	532	4	3	75	104923	75	104923	0.00738667	0.00427087	0.003	0.017	1398.97	1029.12	60	4395	
0.4	5.4	34	533	37	3	461	452290	461	452290	0.00553579	0.00410902	0.003	0.017	981.106	988.136	24	9422	
0.4	5.4	55	534	46	3	143	204409	143	204409	0.00574126	0.00342878	0.003	0.01	1429.43	1066.6	60	5324	
0.4	5.4	33	535	13	3	153	470516	153	470516	0.00698039	0.00347826	0.003	0.01	3075.27	2113.29	45	9422	
0.4	5.4	17	536	26	3	242	560962	242	560962	0.00600826	0.00347247	0.003	0.01	2318.02	1662.89	36	8873	
0.4	5.4	57	537	5	3	16	16046	16	16046	0.0078125	0.00492908	0.003	0.017	1002.88	485.643	60	1775	
0.4	5.4	39	539	44	3	82	61748	82	61748	0.00530488	0.00330988	0.003	0.01	753.024	555.586	26	2124	
0.4	5.4	4	541	4	3	3	180	3	180	0.003	0	0.003	0.003	60	0	60	60	
0.4	5.4	55	542	12	3	1	60	1	60	0.003	0	0.003	0.003	60	0	60	60	
0.4	5.4	7	544	6	3	137	530823	137	530823	0.00810949	0.00311939	0.003	0.01	3874.62	2411.7	45	9422	
0.4	5.4	3	545	12	3	162	571191	162	571191	0.003	0	0.003	0.003	3525.87	2636.65	45	9422	
0.4	5.4	40	546	4	3	246	677661	246	677366	0.00729675	0.00353024	0.003	0.017	2753.52	2204.89	45	9422	
0.4	5.4	39	549	49	3	242	172044	242	172044	0.00597934	0.00390919	0.003	0.017	710.926	654.726	28	4107	
0.4	5.4	34	550	12	3	2	120	2	120	0.0065	0.00494975	0.003	0.01	60	0	60	60	
0.4	5.4	16	551	20	3	178	651544	178	651544	0.00614607	0.00349188	0.003	0.01	3660.36	2790.2	21	9422	
0.4	5.4	41	552	66	3	5	5442	5	5442	0.0044	0.0031305	0.003	0.01	1088.4	742.216	60	1775	
0.4	5.4	31	553	1	3	66	221397	66	221397	0.00310606	0.00086164	0.003	0.01	3354.5	2287.13	60	9422	
0.4	5.4	55	554	3	3	195	340440	195	340440	0.00694872	0.00369137	0.003	0.017	1745.85	1550.69	7	9422	
0.4	5.4	55	555	27	3	56	55798	56	55798	0.006625	0.00400256	0.003	0.017	996.393	625.145	60	2958	
0.4	5.4	14	557	4	3	4	240	4	240	0.00825	0.0035	0.003	0.01	60	0	60	60	
0.4	5.4	8	558	5	3	209	359986	208	358802	0.00777885	0.00386351	0.003	0.017	1725.01	1378.39	60	9422	
0.4	5.4	53	559	20	3	107	332777	107	332777	0.00345794	0.00173901	0.003	0.01	3110.07	2113.43	30	8873	
0.4	5.4	37	560	10	3	5	300	5	300	0.0044	0.0031305	0.003	0.01	60	0	60	60	
0.4	5.4	33	561	14	3	193	512831	193	512831	0.00727979	0.00403687	0.003	0.024	2657.16	2380.06	13	9422	
0.4	5.4	46	562	1	3	75	268142	75	268142	0.003	0	0.003	0.003	3575.23	2558.98	45	9422	
0.4	5.4	22	563	6	3	159	624925	159	624925	0.003	0	0.003	0.003	3930.35	2608.79	45	9422	
0.4	5.4	56	564	1	3	140	418455	140	418455	0.0077	0.00340482	0.003	0.017	2988.96	2421.08	45	9422	
0.4	5.4	55	565	10	3	200	343540	200	343540	0.004785	0.00305868	0.003	0.01	1717.7	1405.91	45	9422	
0.4	5.4	6	566	10	3	148	425003	148	425003	0.0065	0.00351188	0.003	0.01	2871.64	2347.5	45	9422	
0.4	5.4	24	567	16	3	41	106618	41	106618	0.00880488	0.00266664	0.003	0.01	2600.44	2022.5	60	9422	
0.4	5.4	46	569	17	3	81	242128	80	239761	0.0072875	0.00343177	0.003	0.01	2997.01	2579.65	45	9422	
0.4	5.4	8	572	23	3	14	13146	14	13146	0.007	0.00359487	0.003	0.01	939	782.329	60	2961	
0.4	5.4	56	573	2	3	2	120	2	120	0.01	0	0.01	0.01	60	0	60	60	
0.4	5.4	49	575	12	3	7	14316	7	14316	0.009	0.00264575	0.003	0.01	2045.14	1816.4	60	5324	
0.4	5.4	1	576	11	3	144	289551	144	289551	0.00756944	0.00373165	0.003	0.017	2010.77	1759.66	60	9422	
0.4	5.4	11	583	6	3	4	240	4	240	0.0065	0.00404145	0.003	0.01	60	0	60	60	
0.4	5.4	13	584	5	3	131	393021	132	395217	0.00687121	0.00349352	0.003	0.01	2994.07	1699.45	60	9422	
0.4	5.4	34	585	34	3	113	178360	113	178360	0.0059115	0.00382557	0.003	0.017	1578.41	1567.62	53	9422	
0.4	5.4	13	586	13	3	26	59301	26	59301	0.00703846	0.00352682	0.003	0.01	2280.81	1446.25	60	5664	
0.4	5.4	56	587	18	3	141	346501	141	346501	0.00860993	0.00385408	0.003	0.017	2457.45	2000.85	60	9422	
0.4	5.4	4	589	3	3	72	172314	72	172314	0.00795833	0.00320404	0.003	0.01	2393.25	1553.42	60	7690	
0.4	5.4	19	591	5	3	82	113223	82	113223	0.00718293	0.00537284	0.003	0.024	1380.77	936.518	60	4392	
0.4	5.4	41	592	28	3	75	100777	75	100777	0.00692	0.00504777	0.003	0.017	1343.69	1098.51	60	7098	
0.4	5.4	17	593	5	3	109	282868	109	282868	0.00389908	0.00235287	0.003	0.01	2595.12	1455.13	88	5664	
0.4	5.4	34	595	16	3	5	300	5	300	0.0044	0.0031305	0.003	0.01	60	0	60	60	
0.4	5.4	39	597	56	3	82	37514	82	37514	0.00521951	0.00362782	0.003	0.017	457.488	412.079	8	1775	
0.4	5.4	48	598	9	3	58	169452	58	169452	0.00384483	0.00230028	0.003	0.01	2921.59	2752.96	60	9422	
0.4	5.4	24	599	7	3	99	299519	99	299519	0.00787879	0.00323335	0.003	0.01	3025.44	1989.48	60	9422	
0.4	5.4	9	600	19	3	2	708	2	708	0.01	0	0.01	0.01	354	415.779	60	648	
0.4	5.4	1	601	13	3	103	196628	102	192487	0.0072549	0.00357296	0.003	0.017	1887.13	1433.81	57	5916	
0.4	5.4	55	604	28	3	1	60	1	60	0.003	0	0.003	0.003	60	0	60	60	
0.4	5.4	25	605	19	3	173	704509	173	704509	0.003	0	0.003	0.003	4072.31	2375.09	60	9422	
0.4	5.4	34	606	13	3	2	120	2	120	0.0135	0.00494975	0.01	0.017	60	0	60	60	
0.4	5.4	15	610	3	3	5	300	5	300	0.0058	0.00383406	0.003	0.01	60	0	60	60	
0.4	5.4	17	611	31	3	8	21415	7	14316	0.009	0.00264575	0.003	0.01	2045.14	1816.4	60	5324	
0.4	5.4	52	613	63	3	150	158249	150	158249	0.00584667	0.00345	0.003	0.01	1054.99	708.06	32	4733	
0.4	5.4	8	614	18	3	3	180	3	180	0.003	0	0.003	0.003	60	0	60	60	
0.4	5.4	29	615	11	3	108	413068	108	413068	0.00928704	0.00212704	0.003	0.01	3824.7	2402.75	60	9422	
0.4	5.4	16	617	6	3	67	206615	67	206615	0.003	0	0.003	0.003	3083.81	2362.91	45	9422	
0.4	5.4	52	619	15	3	3	180	3	180	0.003	0	0.003	0.003	60	0	60	60	
0.4	5.4	1	620	16	3	170	588750	170	588750	0.0058	0.00343942	0.003	0.01	3463.24	2744.51	14	9422	
0.4	5.4	51	621	6	3	1	60	1	60	0.01	0	0.01	0.01	60	0	60	60	
0.4	5.4	43	622	5	3	73	222815	73	222815	0.0059726	0.00348398	0.003	0.01	3052.26	2905.04	60	9422	
0.4	5.4	52	624	64	3	314	254369	313	253185	0.00548243	0.00379362	0.003	0.017	808.898	583	23	4107	
0.4	5.4	34	625	38	3	91	75401	89	73032	0.00457303	0.00346045	0.003	0.017	820.584	602.782	37	3347	
0.4	5.4	40	626	12	3	4	240	4	240	0.0065	0.00404145	0.003	0.01	60	0	60	60	
0.4	5.4	41	628	26	3	2	120	2	120	0.0065	0.00494975	0.003	0.01	60	0	60	60	
0.4	5.4	21	629	13	3	106	116789	106	116789	0.00709434	0.00451775	0.003	0.017	1101.78	817.065	57	4765	
0.4	5.4	56	631	4	3	20	45680	20	45680	0.00405	0.00256443	0.003	0.01	2284	1843.43	60	7690	
0.4	5.4	39	633	30	3	308	403466	308	403466	0.00427273	0.00270426	0.003	0.01	1309.95	1704.3	22	9422	
0.4	5.4	7	634	2	3	81	303051	81	303051	0.00308642	0.000777778	0.003	0.01	3741.37	2739.19	45	9422	
0.4	5.4	2	635	44	3	172	309827	172	309827	0.00458721	0.00293964	0.003	0.01	1801.32	1407.66	45	9422	
0.4	5.4	8	636	22	3	55	87733	55	87733	0.00376364	0.00220239	0.003	0.01	1595.15	1153.34	60	4395	
0.4	5.4	44	638	23	3	95	330253	95	330253	0.003	0	0.003	0.003	3476.35	1845.71	60	9422	
0.4	5.4	41	641	24	3	2	120	2	120	0.01	0	0.01	0.01	60	0	60	60	
0.4	5.4	2	642	12	3	1	60	1	60	0.003	0	0.003	0.003	60	0	60	60	
0.4	5.4	37	643	14	3	1	60	1	60	0.01	0	0.01	0.01	60	0	60	60	
0.4	5.4	1	644	2	3	9	6630	9	6630	0.00611111	0.00508538	0.003	0.017	736.667	615.974	60	1775	
0.4	5.4	13	645	1	3	184	534002	184	534002	0.00703261	0.003693	0.003	0.017	2902.18	2266.9	45	9422	
0.4	5.4	57	646	10	3	1	60	1	60	0.01	0	0.01	0.01	60	0	60	60	
0.4	5.4	37	647	24	3	80	161711	80	161711	0.00545	0.00335985	0.003	0.01	2021.39	1369.87	43	6882	
0.4	5.4	28	648	4	3	50	106165	50	106165	0.0065	0.00353553	0.003	0.01	2123.3	1891.21	34	9422	
0.4	5.4	55	649	47	3	201	364178	201	364178	0.00641293	0.00396656	0.003	0.017	1811.83	1434.5	57	7099	
0.4	5.4	3	650	22	3	123	350416	122	346866	0.00621311	0.00350261	0.003	0.01	2843.16	2086.46	60	9422	
0.4	5.4	26	651	12	3	45	95984	46	96576	0.00680435	0.00352527	0.003	0.01	2099.48	2202.58	45	9422	
0.4	5.4	14	652	10	3	177	667631	176	660532	0.00825	0.00303974	0.003	0.01	3753.02	2568.23	45	9422	
0.4	5.4	30	653	3	3	125	391939	125	391939	0.008376	0.00309699	0.003	0.017	3135.51	2353.71	28	9422	
0.4	5.4	32	657	21	3	209	670163	209	670163	0.00738756	0.00372466	0.003	0.017	3206.52	2260.66	60	9422	
0.4	5.4	35	659	5	3	146	520415	146	520415	0.003	0	0.003	0.003	3564.49	2843.12	45	9422	
0.4	5.4	38	661	22	3	166	488295	167	489603	0.00735928	0.00357235	0.003	0.017	2931.75	2010.85	48	9422	
0.4	5.4	41	662	67	3	38	27971	38	27971	0.00631579	0.00481049	0.003	0.017	736.079	538.197	5	2367	
0.4	5.4	41	663	8	3	70	151045	70	151045	0.0065	0.00352527	0.003	0.01	2157.79	1317.33	60	7099	
0.4	5.4	41	666	75	3	84	141601	85	145996	0.00711765	0.00422411	0.003	0.017	1717.6	1934.32	60	9422	
0.4	5.4	22	667	24	3	145	470664	144	467362	0.00674305	0.00360021	0.003	0.017	3245.57	2348.13	4	9422	
0.4	5.4	47	668	7	3	153	435624	152	431483	0.00696053	0.00366274	0.003	0.017	2838.7	2125.33	35	9422	
0.4	5.4	48	669	14	3	93	269442	93	269442	0.00721505	0.00344475	0.003	0.01	2897.23	2047.71	60	9422	
0.4	5.4	33	670	7	3	148	276514	148	276514	0.00763513	0.00370172	0.003	0.017	1868.34	1762.85	60	9422	
0.4	5.4	52	671	52	3	85	165891	84	164796	0.003	0	0.003	0.003	1961.86	1641.27	60	8873	
0.4	5.4	3	672	11	3	110	428458	110	428458	0.00503636	0.00319382	0.003	0.01	3895.07	2326.12	45	9422	
0.4	5.4	11	674	12	3	112	311464	112	311464	0.006875	0.00349549	0.003	0.01	2780.93	2382.37	60	9422	
0.4	5.4	6	675	4	3	176	464781	176	464781	0.00630114	0.00350432	0.003	0.01	2640.8	2312.91	45	9422	
0.4	5.4	23	678	10	3	2	120	2	120	0.0065	0.00494975	0.003	0.01	60	0	60	60	
0.4	5.4	25	679	22	3	17	35621	17	35621	0.00588235	0.0035511	0.003	0.01	2095.35	1415.05	60	5324	
0.4	5.4	2	681	1	3	136	129231	136	129231	0.00680882	0.00473367	0.003	0.017	950.228	598.876	38	4107	
0.4	5.4	50	683	12	3	37	85440	37	85440	0.003	0	0.003	0.003	2309.19	2366.2	60	9422	
0.4	5.4	28	684	26	3	73	196087	73	196087	0.00626027	0.00351595	0.003	0.01	2686.12	2259.9	60	9422	
0.4	5.4	56	685	19	3	75	167698	75	167698	0.00822667	0.00347023	0.003	0.017	2235.97	2194.97	60	9422	
0.4	5.4	5	689	4	3	40	138742	40	138742	0.0072	0.00347297	0.003	0.01	3468.55	2317.79	60	9422	
0.4	5.4	56	692	12	3	81	202487	81	202487	0.00567901	0.00359801	0.003	0.017	2499.84	2011.74	50	9422	
0.4	5.4	37	693	2	3	178	307177	176	301255	0.00634091	0.00381242	0.003	0.017	1711.68	1695.3	7	8127	
0.4	5.4	52	695	34	3	4	1894	4	1894	0.003	0	0.003	0.003	473.5	452.283	60	1031	
0.4	5.4	2	696	38	3	88	172935	88	172935	0.00642045	0.00351915	0.003	0.01	1965.17	1559.66	60	9422	
0.4	5.4	6	697	36	3	41	99533	41	99533	0.00351219	0.00184556	0.003	0.01	2427.63	1954.15	60	8873	
0.4	5.4	9	698	2	3	37	103182	37	103182	0.00772973	0.00332205	0.003	0.01	2788.7	1864.63	60	7099	
0.4	5.4	4	699	20	3	148	475943	148	475943	0.00739865	0.00339415	0.003	0.01	3215.83	2240.41	60	9422	
0.4	5.4	34	700	43	3	156	335285	156	335285	0.00308974	0.000790033	0.003	0.01	2149.26	1687.89	11	9422	
0.4	5.4	28	701	13	3	72	187113	73	191846	0.00817808	0.00369437	0.003	0.017	2628.03	2229.12	45	9422	
0.4	5.4	56	702	20	3	96	234576	96	234576	0.00679167	0.00350613	0.003	0.01	2443.5	1678.79	60	9422	
0.4	5.4	53	703	9	3	101	256468	102	262975	0.00704902	0.00347374	0.003	0.01	2578.19	1800.55	60	7099	
0.4	5.4	28	706	14	3	180	508410	180	508410	0.00618889	0.00349587	0.003	0.01	2824.5	1902.55	10	9422	
0.4	5.4	2	707	26	3	174	178507	173	177323	0.00607514	0.00422343	0.003	0.017	1024.99	896.386	24	5664	
0.4	5.4	27	708	5	3	97	385873	97	385873	0.00790722	0.00322129	0.003	0.01	3978.07	2481.46	45	9422	
0.4	5.4	12	709	14	3	139	373039	139	373039	0.00778417	0.00347822	0.003	0.017	2683.73	2434.38	45	9422	
0.4	5.4	52	710	27	3	201	174937	200	173753	0.00503	0.00318431	0.003	0.01	868.765	715.614	58	4733	
0.4	5.4	57	713	26	3	3	180	3	180	0.00533333	0.00404145	0.003	0.01	60	0	60	60	
0.4	5.4	31	714	5	3	102	333811	101	332627	0.00826733	0.0031934	0.003	0.017	3293.34	2766.7	45	9422	
0.4	5.4	43	716	15	3	150	611516	150	611516	0.00444667	0.0028439	0.003	0.01	4076.77	2255.27	45	9422	
0.4	5.4	6	717	20	3	2	120	2	120	0.01	0	0.01	0.01	60	0	60	60	
0.4	5.4	3	718	6	3	7	14316	7	14316	0.006	0.00374166	0.003	0.01	2045.14	1816.4	60	5324	
0.4	5.4	2	724	23	3	1	60	1	60	0.01	0	0.01	0.01	60	0	60	60	
0.4	5.4	25	727	21	3	36	63562	36	63562	0.00611111	0.00352767	0.003	0.01	1765.61	1581.41	60	6507	
0.4	5.4	34	729	15	3	3	180	3	180	0.003	0	0.003	0.003	60	0	60	60	
0.4	5.4	57	730	28	3	40	78822	40	78822	0.007725	0.00400633	0.003	0.017	1970.55	1375.93	60	5324	
0.4	5.4	55	731	22	3	1	60	1	60	0.01	0	0.01	0.01	60	0	60	60	
0.4	5.4	46	732	2	3	88	271701	88	271701	0.00793182	0.00321203	0.003	0.01	3087.51	2036.24	60	9422	
0.4	5.4	37	733	30	3	5	300	5	300	0.0086	0.0031305	0.003	0.01	60	0	60	60	
0.4	5.4	16	734	14	3	28	68173	28	68173	0.0065	0.00356423	0.003	0.01	2434.75	2086.92	60	9422	
0.4	5.4	20	735	20	3	66	129808	66	129808	0.00469697	0.00302283	0.003	0.01	1966.79	1543.4	60	7099	
0.4	5.4	8	737	3	3	1	60	1	60	0.003	0	0.003	0.003	60	0	60	60	
0.4	5.4	17	738	2	3	248	501557	249	502741	0.00718875	0.00421314	0.003	0.017	2019.04	1567.28	43	9422	
0.4	5.4	5	739	8	3	40	155715	40	155715	0.005275	0.00332039	0.003	0.01	3892.87	2912.53	60	9422	
0.4	5.4	37	741	3	3	103	138041	103	138041	0.00653398	0.00351695	0.003	0.01	1340.2	658.561	60	3550	
0.4	5.4	10	747	15	3	3	180	3	180	0.00766667	0.00404145	0.003	0.01	60	0	60	60	
0.4	5.4	52	748	65	3	272	219469	272	219469	0.00511029	0.00364003	0.003	0.017	806.871	636.672	26	4395	
0.4	5.4	2	749	55	3	40	72334	40	72334	0.007375	0.00541928	0.003	0.017	1808.35	1642.16	60	9422	
0.4	5.4	9	751	16	3	2	120	2	120	0.0065	0.00494975	0.003	0.01	60	0	60	60	
0.4	5.4	19	752	21	3	98	329690	98	329690	0.003	0	0.003	0.003	3364.18	2308.85	60	9422	
0.4	5.4	52	754	48	3	3	180	3	180	0.00766667	0.00404145	0.003	0.01	60	0	60	60	
0.4	5.4	4	762	11	3	45	104982	45	104982	0.0072	0.00377552	0.003	0.017	2332.93	2472.57	60	9422	
0.4	5.4	17	765	32	3	145	336392	145	336392	0.00555862	0.00338271	0.003	0.01	2319.94	1600.54	46	7099	
0.4	5.4	31	767	13	3	61	202581	61	202581	0.00747541	0.00338923	0.003	0.01	3321	2341.34	45	9422	
0.4	5.4	2	768	10	3	2	120	2	120	0.003	0	0.003	0.003	60	0	60	60	
0.4	5.4	35	769	7	3	114	451293	114	451293	0.003	0	0.003	0.003	3958.71	2848.32	45	9422	
0.4	5.4	39	770	71	3	171	247617	171	247617	0.00476023	0.00304589	0.003	0.01	1448.05	1160.19	7	5324	
0.4	5.4	12	771	1	3	199	573772	199	573772	0.00539196	0.0035444	0.003	0.017	2883.28	2340.09	45	9422	
0.4	5.4	8	772	7	3	146	322171	147	325721	0.00361905	0.00199428	0.003	0.01	2215.79	1738.78	60	9422	
0.4	5.4	16	773	2	3	5	4851	5	4851	0.0086	0.0031305	0.003	0.01	970.2	646.413	60	1775	
0.4	5.4	8	774	2	3	44	88282	44	88282	0.00490909	0.00315357	0.003	0.01	2006.41	1825.74	60	9422	
0.4	5.4	8	775	15	3	2	116	2	116	0.003	0	0.003	0.003	58	2.82843	56	60	
0.4	5.4	2	777	25	3	148	227550	147	226455	0.007	0.0038428	0.003	0.017	1540.51	1808.25	50	9422	
0.4	5.4	52	779	4	3	1	60	1	60	0.01	0	0.01	0.01	60	0	60	60	
0.4	5.4	49	780	13	3	117	360556	115	350497	0.00847826	0.00289993	0.003	0.01	3047.8	2340.93	45	9422	
0.4	5.4	45	781	9	3	2	120	2	120	0.01	0	0.01	0.01	60	0	60	60	
0.4	5.4	15	782	4	3	130	491835	130	491835	0.00806154	0.00314446	0.003	0.01	3783.35	2692.71	45	9422	
0.4	5.4	34	783	4	3	180	282533	180	282533	0.00432222	0.00274759	0.003	0.01	1569.63	1609.99	14	9422	
0.4	5.4	39	784	50	3	244	78171	244	78171	0.00561065	0.00409256	0.003	0.017	320.373	431.915	13	3822	
0.4	5.4	39	787	57	3	168	186708	168	186708	0.005	0.00317173	0.003	0.01	1111.36	1233.99	5	9422	
0.4	5.4	45	789	1	3	1	60	1	60	0.003	0	0.003	0.003	60	0	60	60	
0.4	5.4	39	790	29	3	254	95222	254	95222	0.00501181	0.00317411	0.003	0.01	374.89	304.223	12	1724	
0.4	5.4	52	791	60	3	328	388755	328	388755	0.0053689	0.00361967	0.003	0.017	1185.23	1437.41	14	9422	
0.4	5.4	35	792	11	3	46	151588	46	151588	0.00908696	0.00238352	0.003	0.01	3295.39	2668.89	60	9422	
0.4	5.4	34	795	7	3	131	173602	131	173602	0.00556488	0.00338571	0.003	0.01	1325.21	1107.76	60	7099	
0.4	5.4	1	796	5	3	248	617611	248	617611	0.00779839	0.0039705	0.003	0.017	2490.37	2169.15	16	9422	
0.4	5.4	21	797	12	3	7	3080	7	3080	0.003	0	0.003	0.003	440	201.186	60	648	
0.4	5.4	51	798	24	3	233	589061	233	589061	0.00654506	0.00385165	0.003	0.017	2528.16	2409.74	45	9422	
0.4	5.4	1	801	14	3	187	423312	187	423312	0.00741711	0.00409134	0.003	0.017	2263.7	2398.82	45	9422	
0.4	5.4	19	804	7	3	136	411353	135	410169	0.00714815	0.00345227	0.003	0.01	3038.29	2404.17	60	9422	
0.4	5.4	41	805	39	3	66	105487	65	103120	0.00676923	0.00372814	0.003	0.017	1586.46	1549.64	60	9422	
0.4	5.4	30	806	6	3	21	88273	20	84723	0.0086	0.00287274	0.003	0.01	4236.15	3374.96	60	9422	
0.4	5.4	52	807	44	3	198	361904	198	361904	0.00621717	0.00363685	0.003	0.017	1827.8	2214.91	32	9422	
0.4	5.4	22	808	4	3	114	349229	114	349229	0.00576316	0.00343666	0.003	0.01	3063.41	2216.25	45	9422	
0.4	5.4	13	812	21	3	193	514134	193	514134	0.0082228	0.00386586	0.003	0.017	2663.91	2010.99	60	9422	
0.4	5.4	42	815	16	3	5	5442	5	5442	0.0072	0.00383406	0.003	0.01	1088.4	742.216	60	1775	
0.4	5.4	22	816	2	3	170	489680	169	489088	0.003	0	0.003	0.003	2894.01	2469.19	45	9422	
0.4	5.4	33	818	4	3	33	110753	33	110753	0.003	0	0.003	0.003	3356.15	2334.37	60	9422	
0.4	5.4	39	819	35	3	714	470598	715	470723	0.00558461	0.00369109	0.003	0.017	658.354	657.478	13	4395	
0.4	5.4	14	820	6	3	32	158078	32	158078	0.0078125	0.0032965	0.003	0.01	4939.94	3225.63	45	9422	
0.4	5.4	52	822	8	3	1	60	1	60	0.003	0	0.003	0.003	60	0	60	60	
0.4	5.4	2	826	32	3	124	209203	124	209203	0.00548387	0.00336284	0.003	0.01	1687.12	1254.42	7	5916	
0.4	5.4	48	827	6	3	111	403133	111	403133	0.00798198	0.00318514	0.003	0.01	3631.83	2194.13	45	9422	
0.4	5.4	45	828	16	3	134	499492	134	499492	0.00446269	0.00285662	0.003	0.01	3727.55	2727.87	45	9422	
0.4	5.4	37	829	22	3	99	235056	99	235056	0.003	0	0.003	0.003	2374.3	1564.91	60	8873	
0.4	5.4	55	831	32	3	98	224431	98	224431	0.00321428	0.00121205	0.003	0.01	2290.11	1658.93	60	7099	
0.4	5.4	12	833	18	3	56	126765	56	126765	0.00725	0.00344964	0.003	0.01	2263.66	1290.83	36	5324	
0.4	5.4	55	834	25	3	190	274817	190	274817	0.00734737	0.00403233	0.003	0.024	1446.41	1378.91	45	9422	
0.4	5.4	55	835	23	3	71	106113	71	106113	0.00467606	0.00300844	0.003	0.01	1494.55	1417.81	60	9422	
0.4	5.4	2	838	5	3	143	360057	143	360057	0.00363636	0.00201943	0.003	0.01	2517.88	1928.96	60	9422	
0.4	5.4	16	839	10	3	91	310975	91	310975	0.003	0	0.003	0.003	3417.31	2409.35	45	9422	
0.4	5.4	21	840	3	3	13	12550	13	12550	0.00730769	0.00354459	0.003	0.01	965.385	612.555	60	2367	
0.4	5.4	37	841	27	3	165	278305	165	278305	0.00575757	0.00343076	0.003	0.01	1686.7	1418.55	60	9422	
0.4	5.4	7	842	8	3	81	321372	81	321372	0.00490123	0.00313291	0.003	0.01	3967.56	2322.04	60	9422	
0.4	5.4	41	843	25	3	12	8410	12	8410	0.0065	0.00365563	0.003	0.01	700.833	510.927	60	1775	
0.4	5.4	25	844	6	3	3	180	3	180	0.00533333	0.00404145	0.003	0.01	60	0	60	60	
0.4	5.4	3	845	9	3	20	36817	20	36817	0.0086	0.00430911	0.003	0.017	1840.85	1361.9	60	4395	
0.4	5.4	41	846	5	3	188	332764	187	329582	0.00651872	0.00350935	0.003	0.01	1762.47	1260.64	60	9422	
0.4	5.4	33	847	16	3	13	33252	13	33252	0.00838461	0.0030697	0.003	0.01	2557.85	2474.71	60	7099	
0.4	5.4	52	848	18	3	444	319945	442	317300	0.00550226	0.00421005	0.003	0.024	717.873	853.565	11	8570	
0.4	5.4	37	851	59	3	244	752012	244	752012	0.00417623	0.00262265	0.003	0.01	3082.02	2410.77	45	9422	
0.4	5.4	52	852	42	3	163	176709	163	176709	0.00561963	0.00339791	0.003	0.01	1084.1	860.418	4	7289	
0.4	5.4	52	853	56	3	155	193368	155	193368	0.00476129	0.00304743	0.003	0.01	1247.54	1063.9	32	9422	
0.4	5.4	41	854	48	3	219	412150	219	412150	0.00635616	0.00350505	0.003	0.01	1881.96	1768.61	54	8282	
0.4	5.4	46	856	12	3	42	90788	42	90788	0.00666667	0.00353841	0.003	0.01	2161.62	1380.27	60	5324	
0.4	5.4	37	857	28	3	108	164110	108	164110	0.0065	0.00422609	0.003	0.017	1519.54	985.799	20	5916	
0.4	5.4	13	861	12	3	111	245257	111	245257	0.00741441	0.00388346	0.003	0.017	2209.52	1637.41	60	8282	
0.4	5.4	51	862	5	3	183	542258	184	543442	0.00672826	0.00350208	0.003	0.01	2953.49	2587.52	45	9422	
0.4	5.4	56	863	6	3	140	537396	140	537396	0.0074	0.00339445	0.003	0.01	3838.54	2614.13	43	9422	
0.4	5.4	7	864	1	3	33	108980	33	108980	0.003	0	0.003	0.003	3302.42	2900.69	60	9422	
0.4	5.4	22	865	16	3	117	392525	117	392525	0.00419658	0.00264653	0.003	0.01	3354.91	2590.04	45	9422	
0.4	5.4	37	866	41	3	194	573519	194	573519	0.00404639	0.00250242	0.003	0.01	2956.28	2146.03	45	9422	
0.4	5.4	8	870	1	3	174	500258	174	500258	0.00505172	0.00319549	0.003	0.01	2875.05	2285.47	45	9422	
0.4	5.4	6	873	13	3	62	70578	62	70578	0.0063871	0.00395613	0.003	0.017	1138.35	833.839	36	4107	
0.4	5.4	3	874	5	3	5	5442	5	5442	0.0086	0.0031305	0.003	0.01	1088.4	742.216	60	1775	
0.4	5.4	6	876	7	3	45	58144	45	58144	0.00673333	0.00353167	0.003	0.01	1292.09	1101.13	60	4395	
0.4	5.4	12	877	2	3	83	148078	83	148078	0.00806024	0.00383612	0.003	0.017	1784.07	1249.27	60	5664	
0.4	5.4	56	878	21	3	16	50408	16	50408	0.0065	0.00361478	0.003	0.01	3150.5	3097.02	60	9422	
0.4	5.4	23	879	5	3	58	144017	58	144017	0.00867241	0.00276816	0.003	0.01	2483.05	2197.17	60	9422	
0.4	5.4	46	880	15	3	1	60	1	60	0.003	0	0.003	0.003	60	0	60	60	
0.4	5.4	19	881	23	3	43	100710	43	100710	0.00837209	0.00299224	0.003	0.01	2342.09	2175.42	60	9422	
0.4	5.4	27	882	14	3	66	165989	66	165989	0.00840909	0.00320085	0.003	0.017	2514.98	2254.35	18	9422	
0.4	5.4	6	883	31	3	183	450156	183	450156	0.00579235	0.00359036	0.003	0.017	2459.87	2114.74	29	9422	
0.4	5.4	7	885	4	3	39	139739	39	139739	0.00946154	0.00188967	0.003	0.01	3583.05	2510.23	60	7690	
0.4	5.4	38	886	5	3	54	128511	54	128511	0.00325926	0.00133438	0.003	0.01	2379.83	2254.78	60	9422	
0.4	5.4	11	887	1	3	139	431562	139	431562	0.00853957	0.00331502	0.003	0.017	3104.76	2105.39	60	9422	
0.4	5.4	24	888	1	3	133	522664	133	522664	0.00505263	0.00352978	0.003	0.017	3929.8	2910.39	45	9422	
0.4	5.4	41	889	63	3	164	309454	164	309454	0.00739634	0.00388898	0.003	0.017	1886.91	1556.91	60	9422	
0.4	5.4	20	890	6	3	194	565253	194	565253	0.00740206	0.00339051	0.003	0.01	2913.68	2227.39	45	9422	
0.4	5.4	49	892	2	3	212	837497	212	837497	0.003	0	0.003	0.003	3950.46	2784.03	45	9422	
0.4	5.4	57	894	3	3	57	101924	58	102516	0.00939655	0.00477912	0.003	0.017	1767.52	1426.36	60	5861	
0.4	5.4	37	896	6	3	144	187303	144	187303	0.00708333	0.00356066	0.003	0.017	1300.72	748.442	43	4395	
0.4	5.4	39	897	14	3	1	60	1	60	0.01	0	0.01	0.01	60	0	60	60	
0.4	5.4	11	899	13	3	158	460596	158	460596	0.00667721	0.00368033	0.003	0.017	2915.16	2615.22	45	9422	
0.4	5.4	21	902	10	3	305	538400	305	538400	0.00674098	0.00446865	0.003	0.017	1765.25	1763.76	55	9422	
0.4	5.4	44	903	3	3	170	739765	170	739765	0.003	0	0.003	0.003	4351.56	2388.58	45	9422	
0.4	5.4	55	904	33	3	115	164798	112	155923	0.00675	0.00350675	0.003	0.01	1392.17	935.432	60	4395	
0.4	5.4	45	906	18	3	145	387945	145	387945	0.00748965	0.0035651	0.003	0.017	2675.48	2166.4	57	9422	
0.4	5.4	52	908	59	3	309	308829	309	308829	0.00555987	0.00351534	0.003	0.017	999.447	1009.99	24	9422	
0.4	5.4	41	909	37	3	166	242559	166	242559	0.00687952	0.00357397	0.003	0.017	1461.2	1258.24	60	9422	
0.4	5.4	44	910	1	3	25	67569	25	67569	0.003	0	0.003	0.003	2702.76	1675.2	60	5324	
0.4	5.4	22	912	15	3	39	79417	39	79417	0.00784615	0.00364575	0.003	0.017	2036.33	1349.15	60	5324	
0.4	5.4	20	913	15	3	166	485350	167	489491	0.00853293	0.00342173	0.003	0.017	2931.08	2180.75	36	9422	
0.4	5.4	12	916	6	3	108	402555	108	402555	0.00682407	0.00350121	0.003	0.01	3727.36	2017.58	57	9422	
0.4	5.4	34	917	32	3	88	73614	86	71838	0.0047093	0.00355086	0.003	0.017	835.326	589.127	60	3182	
0.4	5.4	55	918	2	3	37	34470	37	34470	0.0064054	0.00391194	0.003	0.017	931.622	474.953	60	1818	
0.4	5.4	14	919	7	3	61	164243	61	164243	0.003	0	0.003	0.003	2692.51	2491.32	60	9422	
0.4	5.4	8	920	4	3	83	118510	83	118510	0.00738554	0.00446895	0.003	0.017	1427.83	890.828	60	4733	
0.4	5.4	39	921	22	3	404	297802	404	297802	0.00504455	0.00318698	0.003	0.01	737.134	709.677	5	6847	
0.4	5.4	48	922	11	3	78	278307	78	278307	0.00542308	0.00335176	0.003	0.01	3568.04	2747.75	45	9422	
0.4	5.4	6	923	28	3	109	239815	109	239815	0.00556881	0.00338944	0.003	0.01	2200.14	1824.79	23	9422	
0.4	5.4	54	924	5	3	54	130883	54	130883	0.00844444	0.0029375	0.003	0.01	2423.76	2173.43	45	9422	
0.4	5.4	14	926	2	3	28	100105	28	100105	0.009	0.00249444	0.003	0.01	3575.18	3016.63	60	9422	
0.4	5.4	39	927	23	3	2	120	2	120	0.003	0	0.003	0.003	60	0	60	60	
0.4	5.4	36	929	2	3	145	603706	145	603706	0.00536552	0.00332251	0.003	0.01	4163.49	3069.43	45	9422	
0.4	5.4	57	931	29	3	105	220840	105	220840	0.0076	0.00360982	0.003	0.017	2103.24	1629.59	60	9422	
0.4	5.4	23	934	6	3	91	318424	91	318424	0.007	0.00348329	0.003	0.01	3499.16	2467.53	60	9422	
0.4	5.4	53	936	14	3	171	461264	171	461264	0.00721637	0.00343596	0.003	0.01	2697.45	1915.57	60	9422	
0.4	5.4	52	937	62	3	54	117302	54	117302	0.003	0	0.003	0.003	2172.26	1707.91	60	6507	
0.4	5.4	34	938	50	3	206	331775	206	331775	0.00463107	0.00296645	0.003	0.01	1610.56	1073.9	5	5324	
0.4	5.4	34	939	10	3	170	270263	168	267895	0.00595833	0.00363343	0.003	0.017	1594.61	1535.72	22	9422	
0.4	5.4	43	940	2	3	46	109700	46	109700	0.00847826	0.0029192	0.003	0.01	2384.78	1334.33	60	4733	
0.4	5.4	53	941	17	3	48	68787	48	68787	0.00664583	0.00408156	0.003	0.017	1433.06	1001.78	10	3550	
0.4	5.4	25	943	18	3	18	46271	18	46271	0.00572222	0.00351142	0.003	0.01	2570.61	2461.63	60	9422	
0.4	5.4	8	945	20	3	152	182026	151	180638	0.0060596	0.00375452	0.003	0.017	1196.28	1234.92	60	9422	
0.4	5.4	24	947	10	3	3	180	3	180	0.00766667	0.00404145	0.003	0.01	60	0	60	60	
0.4	5.4	45	948	22	3	185	341146	185	341146	0.00701081	0.00362208	0.003	0.017	1844.03	1544.4	60	9422	
0.4	5.4	34	949	44	3	173	124222	171	123439	0.00672515	0.0049373	0.003	0.024	721.865	596.284	5	3550	
0.4	5.4	25	950	16	3	2	120	2	120	0.01	0	0.01	0.01	60	0	60	60	
0.4	5.4	2	951	7	3	1	60	1	60	0.01	0	0.01	0.01	60	0	60	60	
0.4	5.4	34	956	26	3	217	336484	217	336484	0.00603226	0.00402123	0.003	0.017	1550.62	1470.3	55	9422	
0.4	5.4	37	957	33	3	91	160622	91	160622	0.00576923	0.00344182	0.003	0.01	1765.08	1343.01	23	5324	
0.4	5.4	45	960	19	3	97	271243	97	271243	0.0058866	0.00346373	0.003	0.01	2796.32	2245.86	60	9422	
0.4	5.4	42	964	8	3	157	718347	157	718347	0.00750318	0.00336388	0.003	0.01	4575.46	2905.02	45	9422	
0.4	5.4	45	965	2	3	70	156926	70	156926	0.0076	0.00334664	0.003	0.01	2241.8	1587.46	60	7099	
0.4	5.4	8	967	31	3	154	201569	153	200385	0.0071634	0.00457317	0.003	0.017	1309.71	1113.78	60	5664	
0.4	5.4	42	968	3	3	3	180	3	180	0.01	0	0.01	0.01	60	0	60	60	
0.4	5.4	3	969	17	3	110	261916	110	261916	0.00478182	0.00306319	0.003	0.01	2381.05	2217.47	36	9422	
0.4	5.4	35	970	19	3	4	1894	3	1305	0.00533333	0.00404145	0.003	0.01	435	325.759	60	648	
0.4	5.4	9	972	1	3	7	3784	7	3784	0.008	0.00341565	0.003	0.01	540.571	506.441	56	1184	
0.4	5.4	47	973	10	3	120	289072	120	289072	0.00848333	0.00397467	0.003	0.024	2408.93	2071.5	60	9422	
0.4	5.4	37	974	48	3	68	136236	68	136236	0.0052647	0.00371611	0.003	0.017	2003.47	2003.91	60	9422	
0.4	5.4	19	975	9	3	38	80597	38	80597	0.003	0	0.003	0.003	2120.97	2098.31	60	9422	
0.4	5.4	53	976	12	3	132	287311	133	289696	0.00731579	0.00392229	0.003	0.017	2178.17	1782.09	60	9422	
0.4	5.4	51	978	14	3	105	353961	105	353961	0.003	0	0.003	0.003	3371.06	2347.44	45	9422	
0.4	5.4	17	979	35	3	111	380097	111	380097	0.003	0	0.003	0.003	3424.3	2744.49	60	9422	
0.4	5.4	15	983	7	3	70	144514	70	144514	0.0076	0.00374708	0.003	0.017	2064.49	1798.81	10	9422	
0.4	5.4	53	985	6	3	141	348791	141	348791	0.00622695	0.00350177	0.003	0.01	2473.7	1866.9	60	9422	
0.4	5.4	34	986	49	3	127	194315	127	194315	0.00581102	0.0035562	0.003	0.017	1530.04	1058.6	27	4395	
0.4	5.4	3	987	4	3	129	310328	129	310328	0.00815504	0.00415228	0.003	0.017	2405.64	1609.04	60	9422	
0.4	5.4	39	988	36	3	421	280438	421	280438	0.00487886	0.00310561	0.003	0.01	666.124	563.81	19	5171	
0.4	5.4	41	989	62	3	1	60	1	60	0.017	0	0.017	0.017	60	0	60	60	
0.4	5.4	40	990	8	3	5	5442	5	5442	0.01	0	0.01	0.01	1088.4	742.216	60	1775	
0.4	5.4	39	1004	16	3	236	217119	236	217119	0.00460169	0.00294673	0.003	0.01	919.996	892.478	53	5861	
0.4	5.4	24	1005	19	3	32	103664	32	103664	0.00321875	0.00123744	0.003	0.01	3239.5	2617.33	60	9422	
0.4	5.4	52	1007	41	3	157	257081	156	255986	0.0053782	0.00332603	0.003	0.01	1640.94	1172.93	8	6882	
0.4	5.4	5	1008	11	3	46	149804	46	149804	0.00847826	0.0029192	0.003	0.01	3256.61	2208.25	60	9422	
0.4	5.4	25	1009	9	3	125	219943	125	219943	0.00832	0.00401529	0.003	0.024	1759.54	1740.63	13	9422	
0.4	5.4	39	1010	85	3	30	11994	30	11994	0.00486667	0.00314844	0.003	0.01	399.8	273.797	58	1184	
0.4	5.4	29	1011	13	3	66	153493	64	146392	0.0086875	0.00275379	0.003	0.01	2287.38	2264.86	45	9422	
0.4	5.4	42	1012	24	3	81	182379	81	182379	0.00818518	0.00327914	0.003	0.017	2251.59	1897.24	60	9422	
0.4	5.4	6	1013	27	3	15	31485	15	31485	0.0058	0.00354965	0.003	0.01	2099	2730.59	60	9422	
0.4	5.4	41	1014	10	3	6	360	6	360	0.00766667	0.00571548	0.003	0.017	60	0	60	60	
0.4	5.4	6	1015	32	3	1	60	1	60	0.003	0	0.003	0.003	60	0	60	60	
0.4	5.4	9	1016	20	3	97	314526	95	308608	0.00506316	0.0032084	0.003	0.01	3248.51	1944.14	60	9422	
0.4	5.4	26	1018	3	3	120	397241	120	397241	0.003	0	0.003	0.003	3310.34	2022.38	60	9422	
0.4	5.4	41	1020	73	3	105	129329	105	129329	0.006	0.00410206	0.003	0.017	1231.7	1151.56	60	6507	
0.4	5.4	52	1022	11	3	274	301731	274	301731	0.00583577	0.00374245	0.003	0.017	1101.21	1047.67	21	9422	
0.4	5.4	2	1024	37	3	95	191291	95	191291	0.003	0	0.003	0.003	2013.59	1686.77	60	9422	
0.4	5.4	2	1025	59	3	67	88342	67	88342	0.0062388	0.00372172	0.003	0.017	1318.54	916.179	60	5861	
0.4	5.4	41	1027	31	3	206	407630	206	407630	0.00690777	0.0038744	0.003	0.017	1978.79	1924.86	10	9422	
0.4	5.4	39	1028	15	3	294	152771	294	152771	0.00523809	0.00337089	0.003	0.017	519.629	527.678	27	4141	
0.4	5.4	37	1030	15	3	2	120	2	120	0.0065	0.00494975	0.003	0.01	60	0	60	60	
0.4	5.4	44	1031	5	3	2	708	2	708	0.0065	0.00494975	0.003	0.01	354	415.779	60	648	
0.4	5.4	33	1032	3	3	79	207238	79	207238	0.00707595	0.00347435	0.003	0.01	2623.27	2225.06	45	9422	
0.4	5.4	41	1033	19	3	98	256457	98	256457	0.003	0	0.003	0.003	2616.91	1790.71	60	7099	
0.4	5.4	3	1034	3	3	112	384119	113	387077	0.00510619	0.0032248	0.003	0.01	3425.46	1937.32	60	9422	
0.4	5.4	42	1037	6	3	3	1892	3	1892	0.00533333	0.00404145	0.003	0.01	630.667	562.2	60	1184	
0.4	5.4	51	1038	12	3	115	189532	115	189532	0.00817391	0.00425763	0.003	0.024	1648.1	1386.31	54	6507	
0.4	5.4	39	1039	60	3	274	135417	274	135417	0.00506934	0.00331037	0.003	0.017	494.223	503.606	7	4395	
0.4	5.4	13	1040	11	3	122	513553	123	514201	0.00664228	0.00351141	0.003	0.01	4180.5	3003.39	36	9422	
0.4	5.4	34	1041	45	3	216	335798	215	335206	0.00544186	0.00347825	0.003	0.017	1559.1	1554.17	34	9422	
0.4	5.4	43	1042	6	3	9	7813	9	7813	0.00766667	0.0035	0.003	0.01	868.111	534.42	60	1775	
0.4	5.4	1	1043	12	3	53	126290	52	119191	0.00663461	0.00353153	0.003	0.01	2292.13	1901.31	60	9422	
0.4	5.4	44	1044	11	3	14	45675	14	45675	0.006	0.00359487	0.003	0.01	3262.5	3253.02	60	9422	
0.4	5.4	28	1045	27	3	5	5442	5	5442	0.01	0	0.01	0.01	1088.4	742.216	60	1775	
0.4	5.4	16	1050	13	3	145	508948	145	508948	0.00802069	0.00326911	0.003	0.017	3509.99	2381.86	60	9422	
0.4	5.4	22	1053	11	3	179	541093	179	541093	0.00687151	0.00348999	0.003	0.01	3022.87	2261.61	10	9422	
0.4	5.4	35	1054	17	3	102	444531	102	444531	0.00478431	0.00306571	0.003	0.01	4358.15	2413.44	60	9422	
0.4	5.4	52	1056	5	3	4	240	4	240	0.0065	0.00404145	0.003	0.01	60	0	60	60	
0.4	5.4	52	1057	45	3	46	52236	46	52236	0.00406522	0.00254211	0.003	0.01	1135.57	892.815	60	4395	
0.4	5.4	39	1059	10	3	275	269079	275	269079	0.00526545	0.00328101	0.003	0.01	978.469	1027.84	7	7099	
0.4	5.4	50	1060	8	3	116	351113	115	349929	0.00750435	0.00336748	0.003	0.01	3042.86	2182.24	60	9422	
0.4	5.4	17	1061	13	3	6	5444	6	5444	0.00766667	0.00361478	0.003	0.01	907.333	797.901	5	1775	
0.4	5.4	12	1063	17	3	59	191252	59	191252	0.003	0	0.003	0.003	3241.56	2553.71	45	9422	
0.4	5.4	26	1065	1	3	97	371671	98	373446	0.00642857	0.00351726	0.003	0.01	3810.67	2729.18	45	9422	
0.4	5.4	21	1066	23	3	162	223448	163	223681	0.00720859	0.00393066	0.003	0.017	1372.28	1296.9	5	9422	
0.4	5.4	6	1067	3	3	33	51023	33	51023	0.00766667	0.00416583	0.003	0.017	1546.15	1212.67	20	4395	
0.4	5.4	39	1069	76	3	654	522602	653	522010	0.00556202	0.00377405	0.003	0.017	799.403	915.429	5	5915	
0.4	5.4	47	1071	15	3	3	180	3	180	0.00533333	0.00404145	0.003	0.01	60	0	60	60	
0.4	5.4	43	1072	12	3	2	120	2	120	0.0065	0.00494975	0.003	0.01	60	0	60	60	
0.4	5.4	53	1073	7	3	96	207841	96	207841	0.00744792	0.00353589	0.003	0.017	2165.01	1979.22	15	9422	
0.4	5.4	15	1074	5	3	145	368309	145	368309	0.00705517	0.00375052	0.003	0.017	2540.06	2361.1	45	9422	
0.4	5.4	41	1075	29	3	3	180	3	180	0.00533333	0.00404145	0.003	0.01	60	0	60	60	
0.4	5.4	6	1078	1	3	180	591338	180	591338	0.00416667	0.00261602	0.003	0.01	3285.21	2570.48	45	9422	
0.4	5.4	5	1079	16	3	24	52185	23	48635	0.00878261	0.00271287	0.003	0.01	2114.57	2380.45	60	9422	
0.4	5.4	51	1080	26	3	155	368918	154	365960	0.00736364	0.00416462	0.003	0.017	2376.36	1925.06	15	9422	
0.4	5.4	44	1081	8	3	89	273701	89	273701	0.0075618	0.00335395	0.003	0.01	3075.29	2226.71	60	9422	
0.4	5.4	17	1082	33	3	93	199578	91	194843	0.00638461	0.003669	0.003	0.017	2141.13	1721.3	60	8511	
0.4	5.4	42	1083	4	3	2	120	2	120	0.0065	0.00494975	0.003	0.01	60	0	60	60	
0.4	5.4	47	1084	13	3	101	251713	101	251713	0.00715841	0.0035937	0.003	0.017	2492.21	2157.79	60	9422	
0.4	5.4	50	1085	5	3	94	272306	94	272306	0.00828723	0.00319483	0.003	0.017	2896.87	2064.65	36	9422	
0.4	5.4	20	1086	3	3	165	382654	165	382654	0.00779394	0.00385008	0.003	0.017	2319.12	1775.94	60	9422	
0.4	5.4	24	1087	21	3	120	494236	120	494236	0.003	0	0.003	0.003	4118.63	2447.09	45	9422	
0.4	5.4	48	1088	1	3	63	107224	63	107224	0.00766667	0.003556	0.003	0.017	1701.97	1800.1	60	9422	
0.4	5.4	4	1090	12	3	116	462848	116	462848	0.00589655	0.00370048	0.003	0.017	3990.07	2807.7	45	9422	
0.4	5.4	52	1091	24	3	4	240	4	240	0.0065	0.00404145	0.003	0.01	60	0	60	60	
0.4	5.4	28	1092	28	3	63	191233	63	191233	0.009	0.00246916	0.003	0.01	3035.44	2318.59	45	9422	
0.4	5.4	52	1093	69	3	90	123301	89	121526	0.00449438	0.00288461	0.003	0.01	1365.46	1306.39	60	7099	
0.4	5.4	1	1096	8	3	105	189538	105	189538	0.00873333	0.00453038	0.003	0.017	1805.12	1752.82	60	9422	
0.4	5.4	16	1097	3	3	102	311346	102	311346	0.0084902	0.00305638	0.003	0.017	3052.41	2011.48	60	9422	
0.4	5.4	30	1098	13	3	1	60	1	60	0.003	0	0.003	0.003	60	0	60	60	
0.4	5.4	32	1099	15	3	139	481236	139	481236	0.00546762	0.00335637	0.003	0.01	3462.13	2255.39	45	9422	
0.4	5.4	8	1100	27	3	93	192491	93	192491	0.00570968	0.00400158	0.003	0.017	2069.8	1661.64	60	7690	
0.4	5.4	46	1101	16	3	109	447278	109	447278	0.003	0	0.003	0.003	4103.47	2572.49	45	9422	
0.4	5.4	4	1103	21	3	72	126295	71	122154	0.00842253	0.00317428	0.003	0.017	1720.48	1011.39	55	4733	
0.4	5.4	24	1105	22	3	1	60	1	60	0.003	0	0.003	0.003	60	0	60	60	
0.4	5.4	19	1108	13	3	93	328010	93	328010	0.003	0	0.003	0.003	3526.99	2427.74	45	9422	
0.4	5.4	15	1109	17	3	155	589924	155	589924	0.003	0	0.003	0.003	3805.96	2561.85	45	9422	
0.4	5.4	2	1110	11	3	208	244069	208	244069	0.00592788	0.00352898	0.003	0.017	1173.41	849.456	60	4904	
0.4	5.4	5	1112	3	3	155	562678	155	562678	0.00647742	0.00351127	0.003	0.01	3630.18	2334.89	45	9422	
0.4	5.4	55	1113	30	3	215	275671	215	275671	0.00563721	0.00372143	0.003	0.017	1282.19	1154.2	16	8282	
0.4	5.4	40	1114	2	3	191	462639	191	462639	0.00827749	0.00326891	0.003	0.017	2422.19	2374.01	60	9422	
0.4	5.4	24	1115	18	3	115	426214	115	426214	0.00336522	0.00156346	0.003	0.01	3706.21	2408.51	60	9422	
0.4	5.4	18	1116	7	3	119	501820	120	507736	0.00603333	0.00348329	0.003	0.01	4231.13	2028.8	57	9422	
0.4	5.4	36	1117	3	3	122	434989	121	429073	0.00861157	0.00280289	0.003	0.01	3546.06	2537.37	36	9422	
0.4	5.4	57	1120	15	3	4	240	4	240	0.0065	0.00404145	0.003	0.01	60	0	60	60	
0.4	5.4	24	1123	15	3	2	120	2	120	0.003	0	0.003	0.003	60	0	60	60	
0.4	5.4	28	1124	23	3	47	94792	47	94792	0.00359574	0.0019744	0.003	0.01	2016.85	1112.98	60	4395	
0.4	5.4	33	1126	18	3	197	643636	197	643636	0.0059137	0.00345934	0.003	0.01	3267.19	2041.1	36	9422	
0.4	5.4	55	1127	54	3	85	207952	85	207952	0.003	0	0.003	0.003	2446.49	1788.4	60	9422	
0.4	5.4	39	1129	55	3	247	152652	247	152652	0.0048421	0.00308869	0.003	0.01	618.024	609.247	6	3550	
0.4	5.4	20	1130	5	3	18	19173	18	19173	0.00533333	0.0033955	0.003	0.01	1065.17	662.366	60	2196	
0.4	5.4	6	1131	26	3	70	125020	69	123836	0.00594203	0.00368177	0.003	0.017	1794.72	1763.51	36	9422	
0.4	5.4	1	1136	18	3	139	245396	139	244804	0.00758273	0.00401609	0.003	0.017	1761.18	1713.18	60	9422	
0.4	5.4	15	1137	10	3	182	657456	182	657456	0.00307692	0.00073177	0.003	0.01	3612.4	2548.89	45	9422	
0.4	5.4	24	1138	20	3	112	281894	112	281894	0.008375	0.00338551	0.003	0.017	2516.91	1634.13	60	9422	
0.4	5.4	26	1141	11	3	119	328763	119	328763	0.00823529	0.00343636	0.003	0.017	2762.71	2353.7	60	9422	
0.4	5.4	22	1144	19	3	72	133398	72	133398	0.00727778	0.00343643	0.003	0.01	1852.75	1534.16	58	7099	
0.4	5.4	39	1145	84	3	548	370841	548	370841	0.00503102	0.00331758	0.003	0.017	676.717	797.056	12	7099	
0.4	5.4	34	1148	41	3	240	259328	240	259328	0.00533333	0.00330673	0.003	0.01	1080.53	1007.92	45	9422	
0.4	5.4	4	1151	23	3	1	60	1	60	0.01	0	0.01	0.01	60	0	60	60	
0.4	5.4	19	1153	19	3	23	48640	23	48640	0.00482609	0.00314284	0.003	0.01	2114.78	2334.75	60	9422	
0.4	5.4	23	1154	12	3	1	60	1	60	0.01	0	0.01	0.01	60	0	60	60	
0.4	5.4	35	1155	10	3	153	536390	152	532840	0.00774342	0.0032825	0.003	0.01	3505.53	2465.27	23	9422	
0.4	5.4	30	1156	4	3	140	556850	140	556850	0.0082	0.0030704	0.003	0.01	3977.5	2720.67	45	9422	
0.4	5.4	51	1158	22	3	155	337583	155	337583	0.00733548	0.00350191	0.003	0.017	2177.95	2071.13	45	9422	
0.4	5.4	39	1160	17	3	148	190476	148	190476	0.003	0	0.003	0.003	1287	1049.78	48	7690	
0.4	5.4	52	1161	43	3	1	60	1	60	0.003	0	0.003	0.003	60	0	60	60	
0.4	5.4	45	1162	23	3	193	632162	193	632162	0.00771502	0.00336753	0.003	0.017	3275.45	2390.24	36	9422	
0.4	5.4	9	1163	8	3	51	143899	51	143899	0.00560784	0.00341806	0.003	0.01	2821.55	1931.33	60	9422	
0.4	5.4	48	1164	3	3	118	495323	118	495323	0.00697458	0.00348246	0.003	0.01	4197.65	2789.61	45	9422	
0.4	5.4	41	1165	15	3	120	167750	120	167750	0.00679167	0.00394478	0.003	0.017	1397.92	1236.82	10	9422	
0.4	5.4	56	1166	11	3	36	85445	36	85445	0.00591667	0.0035	0.003	0.01	2373.47	2378.42	60	9422	
0.4	5.4	57	1167	11	3	2	120	2	120	0.01	0	0.01	0.01	60	0	60	60	
0.4	5.4	57	1169	22	3	65	173024	64	170063	0.003	0	0.003	0.003	2657.23	1737.53	60	7099	
0.4	5.4	46	1170	5	3	53	166023	53	166023	0.00603773	0.00350254	0.003	0.01	3132.51	2498.67	57	9422	
0.4	5.4	33	1171	6	3	45	108396	45	108396	0.003	0	0.003	0.003	2408.8	1732.7	60	7099	
0.4	5.4	19	1173	4	3	164	422281	165	423804	0.00792121	0.00372531	0.003	0.017	2568.51	2151.8	60	9422	
0.4	5.4	2	1174	35	3	41	96701	41	96701	0.003	0	0.003	0.003	2358.56	1990.47	60	8282	
0.4	5.4	21	1176	21	3	2	708	2	708	0.01	0	0.01	0.01	354	415.779	60	648	
0.4	5.4	13	1177	2	3	1	60	1	60	0.01	0	0.01	0.01	60	0	60	60	
0.4	5.4	37	1179	11	3	2	120	2	120	0.003	0	0.003	0.003	60	0	60	60	
0.4	5.4	2	1180	2	3	224	412666	224	412666	0.00584375	0.00344563	0.003	0.01	1842.26	1429.43	60	9422	
0.4	5.4	44	1181	19	3	89	333920	89	333920	0.003	0	0.003	0.003	3751.91	2911.58	45	9422	
0.4	5.4	28	1182	12	3	126	308512	126	308512	0.0075	0.00348195	0.003	0.017	2448.51	2155.38	36	9422	
0.4	5.4	17	1183	34	3	3	1244	3	1244	0.01	0.007	0.003	0.017	414.667	307.15	60	592	
0.4	5.4	52	1184	23	3	51	76504	51	76001	0.00423529	0.00269509	0.003	0.01	1490.22	1009.68	60	4141	
0.4	5.4	53	1185	2	3	191	632224	192	635774	0.00478646	0.00305983	0.003	0.01	3311.32	2246.49	45	9422	
0.4	5.4	5	1187	7	3	121	359534	121	359534	0.00843802	0.00292658	0.003	0.01	2971.36	2195.47	45	9422	
0.4	5.4	27	1190	13	3	86	276563	86	276563	0.00780232	0.00326774	0.003	0.01	3215.85	1895.31	34	9422	
0.4	5.4	34	1191	5	3	38	71149	38	71149	0.00410526	0.00258676	0.003	0.01	1872.34	970.128	60	4395	
0.4	5.4	10	1192	3	3	74	204839	74	204839	0.00877027	0.00268199	0.003	0.01	2768.09	2089.24	36	9422	
0.4	5.4	22	1193	8	3	91	209064	92	210248	0.00908696	0.00297481	0.003	0.017	2285.3	1523.15	60	7099	
0.4	5.4	37	1194	58	3	84	141123	84	141123	0.00725	0.00434887	0.003	0.017	1680.04	1293.37	17	9422	
0.4	5.4	14	1195	9	3	105	402419	105	402419	0.0032	0.00117178	0.003	0.01	3832.56	1826.33	60	9422	
0.4	5.4	24	1196	6	3	1	60	1	60	0.01	0	0.01	0.01	60	0	60	60	
0.4	5.4	34	1197	1	3	2	120	2	120	0.003	0	0.003	0.003	60	0	60	60	
0.4	5.4	52	1198	66	3	7	8992	7	8992	0.005	0.00341565	0.003	0.01	1284.57	692.459	60	1775	
0.4	5.4	18	1199	6	3	50	165780	50	165780	0.00692	0.00350999	0.003	0.01	3315.6	2570.16	45	9422	
0.4	5.4	2	1201	14	3	2	120	2	120	0.0065	0.00494975	0.003	0.01	60	0	60	60	
0.4	5.4	41	1202	16	3	4	240	4	240	0.00825	0.0035	0.003	0.01	60	0	60	60	
0.4	5.4	39	1203	20	3	2	120	2	120	0.0135	0.00494975	0.01	0.017	60	0	60	60	
0.4	5.4	8	1205	35	3	149	343382	149	343382	0.00751007	0.00431155	0.003	0.017	2304.58	2421.69	31	9422	
0.4	5.4	2	1206	56	3	201	230002	201	230002	0.00634328	0.00383882	0.003	0.017	1144.29	949.525	39	6877	
0.4	5.4	21	1207	2	3	182	320738	182	320738	0.00723077	0.004014	0.003	0.017	1762.3	1658.35	40	9422	
0.4	5.4	39	1208	52	3	208	185565	209	185726	0.00621531	0.00394025	0.003	0.017	888.641	807.452	28	4395	
0.4	5.4	22	1209	20	3	81	209119	81	209119	0.00706173	0.0038123	0.003	0.017	2581.72	1740.01	60	9422	
0.4	5.4	55	1210	15	3	3	180	3	180	0.00533333	0.00404145	0.003	0.01	60	0	60	60	
0.4	5.4	57	1211	14	3	219	800394	219	800394	0.00303196	0.000473016	0.003	0.01	3654.77	2467.51	45	9422	
0.4	5.4	17	1212	7	3	43	92439	43	92439	0.00495349	0.00317695	0.003	0.01	2149.74	2022.24	60	9422	
0.4	5.4	41	1213	47	3	1	60	1	60	0.003	0	0.003	0.003	60	0	60	60	
0.4	5.4	45	1214	11	3	84	242367	84	242367	0.003	0	0.003	0.003	2885.32	2443.33	60	9422	
0.4	5.4	37	1215	25	3	2	120	2	120	0.0065	0.00494975	0.003	0.01	60	0	60	60	
0.4	5.4	3	1216	7	3	48	114340	47	111973	0.00865957	0.00403397	0.003	0.017	2382.4	1238.87	60	5324	
0.4	5.4	3	1217	16	3	133	456891	132	455707	0.00671212	0.00350688	0.003	0.01	3452.33	2049.08	60	9422	
0.4	5.4	49	1218	7	3	26	88277	26	88277	0.003	0	0.003	0.003	3395.27	2560.91	60	9422	
0.4	5.4	48	1219	2	3	37	132643	36	128502	0.00494444	0.0035932	0.003	0.017	3569.5	2946.1	60	9422	
0.4	5.4	52	1221	1	3	94	43443	93	42851	0.00518279	0.00399442	0.003	0.017	460.763	384.849	54	1775	
0.4	5.4	41	1223	44	3	99	236931	100	238024	0.00356	0.00190862	0.003	0.01	2380.24	1777.59	60	8873	
0.4	5.4	40	1224	15	3	99	308612	99	308612	0.00370707	0.00212013	0.003	0.01	3117.29	2646.47	45	9422	
0.4	5.4	19	1226	14	3	14	20183	14	20183	0.005	0.00328165	0.003	0.01	1441.64	855.929	60	2958	
0.4	5.4	39	1228	5	3	2	120	2	120	0.003	0	0.003	0.003	60	0	60	60	
0.4	5.4	37	1229	34	3	42	56371	41	55845	0.00556097	0.00406847	0.003	0.017	1362.07	926.488	5	4438	
0.4	5.4	27	1230	8	3	186	860462	186	860462	0.003	0	0.003	0.003	4626.14	2677.4	45	9422	
0.4	5.4	54	1233	8	3	25	52781	24	52189	0.005625	0.00346175	0.003	0.01	2174.54	2757.25	60	9422	
0.4	5.4	13	1234	6	3	45	137392	45	137392	0.00315555	0.0010435	0.003	0.01	3053.16	2667.81	60	9422	
0.4	5.4	1	1235	22	3	140	410313	141	411263	0.00756737	0.00392302	0.003	0.017	2916.76	2679.86	47	9422	
0.4	5.4	9	1238	5	3	143	424441	143	424441	0.00667133	0.00379172	0.003	0.017	2968.12	2608.33	45	9422	
0.4	5.4	36	1239	4	3	121	521338	121	521338	0.00427273	0.00271109	0.003	0.01	4308.58	2641.9	45	9422	
0.4	5.4	6	1242	22	3	69	151618	69	151618	0.00513043	0.00324451	0.003	0.01	2197.36	1900.45	60	9422	
0.4	5.4	52	1243	55	3	1	60	1	60	0.003	0	0.003	0.003	60	0	60	60	
0.4	5.4	32	1245	14	3	62	210164	62	210164	0.00830645	0.00327729	0.003	0.017	3389.74	2464.19	60	9422	
0.4	5.4	46	1247	8	3	109	374162	109	374162	0.00595413	0.00347314	0.003	0.01	3432.68	2394.01	60	9422	
0.4	5.4	44	1249	2	3	112	294936	112	294936	0.0059375	0.00359499	0.003	0.017	2633.36	1934.57	60	9422	
0.4	5.4	2	1250	43	3	247	288191	247	288191	0.00654251	0.00388415	0.003	0.017	1166.77	1139.17	5	6986	
0.4	5.4	33	1253	1	3	135	429797	135	429797	0.00471111	0.00301951	0.003	0.01	3183.68	2350.11	10	9422	
0.4	5.4	52	1254	54	3	315	318961	314	317866	0.00549681	0.0033585	0.003	0.01	1012.31	797.355	5	5324	
0.4	5.4	50	1255	11	3	203	676011	203	676011	0.00772414	0.00336004	0.003	0.017	3330.1	2797.34	36	9422	
0.4	5.4	24	1256	13	3	55	107820	55	107820	0.00745454	0.00412229	0.003	0.017	1960.36	1634.07	60	9422	
0.4	5.4	17	1257	8	3	2	120	2	120	0.0065	0.00494975	0.003	0.01	60	0	60	60	
0.4	5.4	52	1258	40	3	290	398331	290	398331	0.00592069	0.00345769	0.003	0.01	1373.56	1100.19	60	6882	
0.4	5.4	39	1259	31	3	228	255981	228	255981	0.00585526	0.00402537	0.003	0.017	1122.72	1435.67	5	9422	
0.4	5.4	44	1260	18	3	111	337379	111	337379	0.00413513	0.0025919	0.003	0.01	3039.45	2345.45	45	9422	
0.4	5.4	47	1261	14	3	156	418201	158	425356	0.0076962	0.00339297	0.003	0.017	2692.13	2142.86	60	9422	
0.4	5.4	46	1262	13	3	43	123787	43	123787	0.00576744	0.00346298	0.003	0.01	2878.77	1791.36	60	9422	
0.4	5.4	8	1263	8	3	292	556013	292	556013	0.00654794	0.00378291	0.003	0.017	1904.15	1824.48	28	9422	
0.4	5.4	45	1264	12	3	131	389816	131	389816	0.00775572	0.00360788	0.003	0.017	2975.69	2487.88	36	9422	
0.4	5.4	2	1265	54	3	223	374825	223	374825	0.00623318	0.00413395	0.003	0.017	1680.83	1398.84	60	9422	
0.4	5.4	13	1266	4	3	38	56341	38	56341	0.00557895	0.00342196	0.003	0.01	1482.66	747.663	60	2958	
0.4	5.4	44	1268	13	3	112	353954	112	353954	0.0078125	0.00339191	0.003	0.017	3160.3	2000.36	60	9422	
0.4	5.4	34	1269	27	3	304	289952	304	289952	0.0061546	0.00431734	0.003	0.017	953.789	768.968	56	5916	
0.4	5.4	17	1270	22	3	151	428074	151	428074	0.00304636	0.000569652	0.003	0.01	2834.93	2189.62	60	9422	
0.4	5.4	47	1271	3	3	119	362247	119	362247	0.00694118	0.00360389	0.003	0.017	3044.09	2483.73	45	9422	
0.4	5.4	37	1272	43	3	68	100165	68	100165	0.00825	0.00370306	0.003	0.017	1473.01	1078.02	60	5941	
0.4	5.4	21	1273	20	3	134	318546	134	318546	0.00728358	0.00342396	0.003	0.01	2377.21	1798.59	32	8282	
0.4	5.4	52	1274	14	3	2	120	2	120	0.003	0	0.003	0.003	60	0	60	60	
0.4	5.4	51	1275	4	3	205	607924	205	607924	0.00593658	0.00346281	0.003	0.01	2965.48	2021.25	60	9422	
0.4	5.4	31	1276	18	3	28	110163	28	110163	0.00875	0.00273015	0.003	0.01	3934.39	3027.38	60	9422	
0.4	5.4	16	1277	19	3	161	585871	161	585871	0.00686956	0.00349129	0.003	0.01	3638.95	2675.71	36	9422	
0.4	5.4	12	1278	9	3	116	429066	116	429066	0.0052931	0.00329958	0.003	0.01	3698.84	2196.61	57	9422	
0.4	5.4	39	1279	4	3	2	120	2	120	0.003	0	0.003	0.003	60	0	60	60	
0.4	5.4	15	1280	11	3	94	290036	93	288852	0.00488172	0.00312023	0.003	0.01	3105.94	2169.45	60	9422	
0.4	5.4	30	1282	12	3	76	255773	76	255773	0.00871053	0.00273162	0.003	0.01	3365.43	2173.13	60	9422	
0.4	5.4	44	1283	21	3	114	311369	114	311369	0.00815789	0.00309604	0.003	0.01	2731.31	2179.15	48	9422	
0.4	5.4	56	1284	3	3	54	120953	54	120953	0.00688889	0.00351099	0.003	0.01	2239.87	2168.27	60	8282	
0.4	5.4	29	1285	12	3	4	3667	4	3667	0.01	0	0.01	0.01	916.75	733.545	60	1775	
0.4	5.4	39	1286	61	3	107	83786	107	83786	0.00535514	0.00359048	0.003	0.017	783.047	506.278	9	2367	
0.4	5.4	49	1287	3	3	38	135013	38	135013	0.00760526	0.00336548	0.003	0.01	3552.97	2809.9	45	9422	
0.4	5.4	24	1288	9	3	79	269912	79	269912	0.003	0	0.003	0.003	3416.61	2370.24	60	9422	
0.4	5.4	52	1289	35	3	47	35084	46	34993	0.00832609	0.00575057	0.003	0.024	760.717	628.428	38	2958	
0.4	5.4	37	1290	45	3	181	408100	181	408100	0.00562983	0.00339951	0.003	0.01	2254.7	1590.69	60	9422	
0.4	5.4	49	1291	4	3	67	201982	67	201982	0.003	0	0.003	0.003	3014.66	2518.4	60	9422	
0.4	5.4	31	1292	3	3	86	278321	86	278321	0.00560465	0.00340339	0.003	0.01	3236.29	2713.62	60	9422	
0.4	5.4	43	1293	7	3	131	500549	131	500549	0.00572519	0.00363964	0.003	0.017	3820.98	2809.23	45	9422	
0.4	5.4	26	1295	8	3	125	404470	125	404470	0.005016	0.00318257	0.003	0.01	3235.76	2660.66	45	9422	
0.4	5.4	53	1296	8	3	61	77666	61	77666	0.00770492	0.00377423	0.003	0.017	1273.21	1047.17	13	4395	
0.4	5.4	27	1297	15	3	43	133827	43	133827	0.003	0	0.003	0.003	3112.26	2045.67	60	8873	
0.4	5.4	55	1298	31	3	209	352359	209	352359	0.0067512	0.00444792	0.003	0.017	1685.93	1253.32	60	9422	
0.4	5.4	21	1299	30	3	71	51080	70	50488	0.0085	0.00651587	0.003	0.024	721.257	557.484	21	2367	
0.4	5.4	51	1300	15	3	47	182929	47	182929	0.003	0	0.003	0.003	3892.11	2503.83	60	9422	
0.4	5.4	41	1303	27	3	3	180	3	180	0.00533333	0.00404145	0.003	0.01	60	0	60	60	
0.4	5.4	23	1304	7	3	66	272265	66	272265	0.003	0	0.003	0.003	4125.23	2869.84	45	9422	
0.4	5.4	42	1307	9	3	2	708	1	60	0.003	0	0.003	0.003	60	0	60	60	
0.4	5.4	21	1308	19	3	97	175930	97	175930	0.00581443	0.00345003	0.003	0.01	1813.71	1440.81	11	9422	
0.4	5.4	39	1309	86	3	50	22194	50	22194	0.00552	0.00339411	0.003	0.01	443.88	290.31	60	1184	
0.4	5.4	35	1310	1	3	24	42721	24	42721	0.009125	0.00236482	0.003	0.01	1780.04	1381.09	60	5324	
0.4	5.4	53	1312	3	3	142	443324	142	444507	0.00580986	0.00363968	0.003	0.017	3130.33	2205.24	45	9422	
0.4	5.4	5	1314	6	3	116	511866	116	511866	0.00843103	0.00293176	0.003	0.01	4412.64	2599.62	45	9422	
0.4	5.4	43	1316	3	3	120	334550	120	334550	0.00918333	0.00225658	0.003	0.01	2787.92	2101.77	60	9422	
0.4	5.4	35	1317	12	3	6	8992	6	8992	0.01	0	0.01	0.01	1498.67	1204.42	60	3550	
0.4	5.4	25	1319	1	3	1	60	1	60	0.01	0	0.01	0.01	60	0	60	60	
0.4	5.4	40	1321	3	3	95	217884	95	217884	0.00742105	0.00339455	0.003	0.01	2293.52	2014.12	45	9422	
0.4	5.4	23	1322	14	3	166	600770	166	600770	0.00831325	0.00300274	0.003	0.01	3619.1	2604.48	45	9422	
0.4	5.4	40	1324	13	3	164	484297	164	484297	0.00795122	0.00355121	0.003	0.017	2953.03	2215.16	60	9422	
0.4	5.4	44	1325	6	3	71	213251	71	213251	0.00507042	0.00342814	0.003	0.017	3003.54	2566.22	60	9422	
0.4	5.4	52	1326	38	3	125	198386	124	197291	0.00469355	0.00300995	0.003	0.01	1591.06	1196.44	60	9422	
0.4	5.4	29	1327	2	3	2	120	2	120	0.01	0	0.01	0.01	60	0	60	60	
0.4	5.4	54	1328	1	3	123	366502	122	365854	0.00420492	0.00265336	0.003	0.01	2998.8	1873.68	60	9422	
0.4	5.4	38	1329	9	3	67	188873	67	188873	0.00853731	0.00311559	0.003	0.017	2819	2079.3	28	9422	
0.4	5.4	41	1332	74	3	54	102516	54	102516	0.00455555	0.0029375	0.003	0.01	1898.44	1411.7	60	5218	
0.4	5.4	53	1335	11	3	183	604261	184	604793	0.00448369	0.00286867	0.003	0.01	3286.92	2205.78	60	9422	
0.4	5.4	55	1338	21	3	150	209250	150	209250	0.00608	0.0040126	0.003	0.017	1395	1214.82	49	9422	
0.4	5.4	26	1339	15	3	145	452876	145	452876	0.00806896	0.00313948	0.003	0.01	3123.28	1788.45	36	9422	
0.4	5.4	2	1341	49	3	180	237649	180	237649	0.00669444	0.00414823	0.003	0.017	1320.27	1288.5	60	8367	
0.4	5.4	3	1342	18	3	93	268213	93	268213	0.00601075	0.00348442	0.003	0.01	2884.01	1870.11	60	8873	
0.4	5.4	2	1343	33	3	179	225939	177	223570	0.00659887	0.00466644	0.003	0.024	1263.11	1261.51	60	7099	
0.4	5.4	52	1344	37	3	1	60	1	60	0.003	0	0.003	0.003	60	0	60	60	
0.4	5.4	12	1345	12	3	120	403062	120	403062	0.003	0	0.003	0.003	3358.85	2376.96	45	9422	
0.4	5.4	41	1346	72	3	74	127392	74	127392	0.0065	0.00452467	0.003	0.017	1721.51	1352.04	60	8282	
0.4	5.4	37	1348	9	3	3	180	3	180	0.00766667	0.00404145	0.003	0.01	60	0	60	60	
0.4	5.4	4	1349	14	3	20	34440	20	34440	0.0072	0.00351837	0.003	0.01	1722	1065.48	60	4395	
0.4	5.4	36	1350	8	3	91	362324	91	362324	0.00615385	0.00350214	0.003	0.01	3981.58	2466.74	45	9422	
0.4	5.4	26	1351	16	3	68	203677	68	203677	0.00639706	0.0035245	0.003	0.01	2995.25	2549.28	60	9422	
0.4	5.4	2	1354	48	3	57	114333	57	114333	0.003	0	0.003	0.003	2005.84	1184.64	60	5324	
0.4	5.4	5	1356	15	3	78	254065	78	254065	0.003	0	0.003	0.003	3257.24	2804.36	45	9422	
0.4	5.4	34	1357	31	3	294	394577	294	394577	0.00569048	0.00412138	0.003	0.017	1342.1	1269.24	16	6507	
0.4	5.4	5	1358	13	3	14	22012	14	22012	0.003	0	0.003	0.003	1572.29	1005.48	60	3550	
0.4	5.4	13	1359	10	3	126	385893	126	385893	0.00361111	0.00198382	0.003	0.01	3062.64	1837.19	60	9422	
0.4	5.4	41	1360	59	3	7	6037	7	6037	0.005	0.0052915	0.003	0.017	862.429	534.487	60	1775	
0.4	5.4	51	1363	7	3	50	157511	50	157511	0.003	0	0.003	0.003	3150.22	2380.3	60	9422	
0.4	5.4	20	1364	22	3	153	591220	153	591220	0.0030915	0.00079769	0.003	0.01	3864.18	2799.56	45	9422	
0.4	5.4	51	1368	25	3	16	15512	16	15512	0.00825	0.00478191	0.003	0.017	969.5	597.362	60	1908	
0.4	5.4	15	1369	18	3	95	206879	95	206879	0.00638947	0.00351681	0.003	0.01	2177.67	2036.6	60	9422	
0.4	5.4	39	1371	42	3	181	49555	181	49555	0.004779	0.00305611	0.003	0.01	273.785	265.752	8	1775	
0.4	5.4	12	1372	7	3	77	226759	77	226759	0.006	0.00348682	0.003	0.01	2944.92	2241.31	45	9422	
0.4	5.4	46	1373	11	3	18	42249	18	42249	0.00766667	0.00415862	0.003	0.017	2347.17	1733.93	60	5664	
0.4	5.4	33	1375	15	3	104	261191	104	261191	0.0065	0.00351695	0.003	0.01	2511.45	1622.74	60	7690	
0.4	5.4	28	1377	8	3	90	224982	90	224982	0.00681111	0.00350568	0.003	0.01	2499.8	2118.28	60	9422	
0.4	5.4	54	1378	12	3	106	310883	106	310883	0.00570755	0.0034253	0.003	0.01	2932.86	2152.77	45	9422	
0.4	5.4	8	1379	25	3	174	412133	174	412133	0.00694253	0.00414995	0.003	0.017	2368.58	2364.23	45	9422	
0.4	5.4	27	1382	12	3	31	88276	31	88276	0.00480645	0.00311362	0.003	0.01	2847.61	2196.52	60	9422	
0.4	5.4	21	1383	29	3	136	342881	136	342881	0.00541912	0.00384622	0.003	0.017	2521.18	2321.19	60	9422	
0.4	5.4	36	1384	15	3	56	169346	57	173487	0.00692982	0.00350438	0.003	0.01	3043.63	2192.47	60	9422	
0.4	5.4	31	1385	17	3	118	413688	118	413688	0.00810169	0.00312528	0.003	0.01	3505.83	2431.78	45	9422	
0.4	5.4	45	1386	5	3	5	300	5	300	0.0058	0.00383406	0.003	0.01	60	0	60	60	
0.4	5.4	8	1387	26	3	10	10179	10	10179	0.003	0	0.003	0.003	1017.9	468.393	60	1775	
0.4	5.4	55	1388	43	3	58	61126	58	61126	0.00710345	0.00435564	0.003	0.017	1053.9	931.477	38	4733	
0.4	5.4	31	1389	2	3	67	245652	67	245652	0.0081194	0.00312624	0.003	0.01	3666.45	2416.51	60	9422	
0.4	5.4	27	1390	6	3	85	368239	85	368239	0.003	0	0.003	0.003	4332.22	2697.01	45	9422	
0.4	5.4	26	1393	4	3	25	56338	25	56338	0.00692	0.00354636	0.003	0.01	2253.52	2458.98	60	9422	
0.4	5.4	6	1394	14	3	53	56374	53	56374	0.0094717	0.00611619	0.003	0.024	1063.66	781.056	34	3347	
0.4	5.4	37	1396	31	3	1	60	1	60	0.01	0	0.01	0.01	60	0	60	60	
0.4	5.4	34	1397	48	3	25	32790	25	32790	0.00552	0.00398037	0.003	0.017	1311.6	714.986	60	2865	
0.4	5.4	19	1398	10	3	101	208552	101	208552	0.00660396	0.0035159	0.003	0.01	2064.87	1893.99	60	9422	
0.4	5.4	10	1399	9	3	42	118451	42	118451	0.006	0.00350609	0.003	0.01	2820.26	2394.69	60	9422	
0.4	5.4	42	1400	5	3	25	79402	25	79402	0.003	0	0.003	0.003	3176.08	2601.57	60	9422	
0.4	5.4	15	1403	19	3	84	162968	84	162968	0.00783333	0.00391424	0.003	0.017	1940.1	1723.34	60	8282	
0.4	5.4	11	1404	8	3	126	299070	126	299070	0.0085	0.00338408	0.003	0.017	2373.57	2090.13	29	9422	
0.4	5.4	57	1405	2	3	72	132552	71	131521	0.00753521	0.00411558	0.003	0.017	1852.41	1344.49	60	5324	
0.4	5.4	14	1406	5	3	102	362334	102	362334	0.00533333	0.00331613	0.003	0.01	3552.29	2824.55	36	9422	
0.4	5.4	41	1408	65	3	80	163577	80	163577	0.0058	0.00345092	0.003	0.01	2044.71	1528.06	60	7099	
0.4	5.4	20	1411	7	3	129	405312	129	405312	0.00723256	0.00343582	0.003	0.01	3141.95	2312.81	36	9422	
0.4	5.4	21	1412	7	3	118	348062	118	348062	0.003	0	0.003	0.003	2949.68	1879.52	60	9422	
0.4	5.4	52	1413	68	3	74	47624	74	47624	0.00489189	0.00353289	0.003	0.017	643.568	560.456	60	2958	
0.4	5.4	3	1414	15	3	3	1892	3	1892	0.01	0	0.01	0.01	630.667	562.2	60	1184	
0.4	5.4	22	1418	25	3	109	325686	109	325686	0.003	0	0.003	0.003	2987.94	2144.8	60	9422	
0.4	5.4	10	1420	6	3	35	84730	35	84730	0.0092	0.00225962	0.003	0.01	2420.86	1321.35	60	5324	
