% start	end	CellId	IMSI	RNTI	LCID	nTxPDUs	TxBytes	nRxPDUs	RxBytes	delay	stdDev	min	max	PduSize	stdDev	min	max
0.4	5.4	44	1	2	3	4	3667	4	3667	0.00825	0.0035	0.003	0.01	916.75	733.545	60	1775	
0.4	5.4	52	2	25	3	238	386197	238	386197	0.00555882	0.00337819	0.003	0.01	1622.68	1391.74	60	9422	
0.4	5.4	37	4	43	3	370	390618	370	390618	0.00532703	0.00357249	0.003	0.017	1055.72	974.476	18	9422	
0.4	5.4	42	5	13	3	16	26160	14	21768	0.008	0.00328165	0.003	0.01	1554.86	1153.15	60	4107	
0.4	5.4	19	8	10	3	114	357048	114	357048	0.00631579	0.00351058	0.003	0.01	3132	2149.16	57	9422	
0.4	5.4	13	10	5	3	40	74679	40	74679	0.00895	0.00298672	0.003	0.017	1866.97	1115.43	60	4904	
0.4	5.4	42	11	1	3	196	728468	196	728468	0.00407143	0.00252678	0.003	0.01	3716.67	2765.07	45	9422	
0.4	5.4	40	12	12	3	78	95460	78	95460	0.00694872	0.00473148	0.003	0.017	1223.85	1043.26	60	6507	
0.4	5.4	50	17	5	3	86	307787	85	300688	0.00769412	0.00330952	0.003	0.01	3537.51	2390.85	36	9422	
0.4	5.4	6	20	20	3	169	504306	169	504306	0.00498816	0.00316602	0.003	0.01	2984.06	2167.41	60	9422	
0.4	5.4	42	21	22	3	44	81200	44	81200	0.00697727	0.00350739	0.003	0.01	1845.45	1137.22	60	4395	
0.4	5.4	39	23	15	3	115	109725	115	109725	0.00470435	0.00301742	0.003	0.01	954.13	705.438	17	4107	
0.4	5.4	2	24	2	3	97	185966	97	185966	0.00682474	0.0036458	0.003	0.017	1917.18	1575.22	60	9422	
0.4	5.4	32	27	18	3	125	582375	125	582375	0.004232	0.00267647	0.003	0.01	4659	2723.71	45	9422	
0.4	5.4	13	28	1	3	104	317263	104	317263	0.00394231	0.00240076	0.003	0.01	3050.61	1973.01	60	9422	
0.4	5.4	21	30	4	3	252	629343	252	629343	0.00433333	0.00327249	0.003	0.017	2497.39	2295.61	23	9422	
0.4	5.4	24	31	7	3	127	492471	127	492471	0.00658268	0.00351288	0.003	0.01	3877.72	2472.13	45	9422	
0.4	5.4	20	32	4	3	70	117926	71	118518	0.00842253	0.0046126	0.003	0.017	1669.27	1882.84	13	9422	
0.4	5.4	34	34	9	3	3	1892	3	1892	0.00766667	0.00404145	0.003	0.01	630.667	562.2	60	1184	
0.4	5.4	38	35	2	3	193	355975	193	355975	0.00662694	0.00371872	0.003	0.017	1844.43	1338.44	60	9422	
0.4	5.4	29	36	7	3	76	229103	77	230767	0.00418182	0.00263941	0.003	0.01	2996.97	2045.2	60	9422	
0.4	5.4	55	37	16	3	2	120	2	120	0.0135	0.00494975	0.01	0.017	60	0	60	60	
0.4	5.4	42	38	20	3	23	41557	22	41041	0.003	0	0.003	0.003	1865.5	849.464	60	2961	
0.4	5.4	56	40	4	3	94	165847	93	164334	0.00713978	0.00361035	0.003	0.017	1767.03	1674.39	42	9422	
0.4	5.4	19	41	17	3	77	241536	77	241536	0.00581818	0.00345546	0.003	0.01	3136.83	2443.9	45	9422	
0.4	5.4	36	42	10	3	67	258660	66	256293	0.00936364	0.00237057	0.003	0.017	3883.23	2519.95	60	9422	
0.4	5.4	15	44	7	3	152	712674	152	712674	0.00705263	0.00346752	0.003	0.01	4688.64	3013.94	45	9422	
0.4	5.4	55	45	9	3	2	120	2	120	0.01	0	0.01	0.01	60	0	60	60	
0.4	5.4	34	46	28	3	243	296244	243	296244	0.0064856	0.00373098	0.003	0.017	1219.11	989.745	50	7690	
0.4	5.4	28	47	19	3	60	110806	60	110806	0.00638333	0.00375564	0.003	0.017	1846.77	1595.53	60	7690	
0.4	5.4	37	49	5	3	3	180	3	180	0.00533333	0.00404145	0.003	0.01	60	0	60	60	
0.4	5.4	56	51	16	3	135	373517	136	374701	0.00686029	0.00359665	0.003	0.017	2755.15	2150.02	45	9422	
0.4	5.4	34	52	15	3	2	120	2	120	0.0065	0.00494975	0.003	0.01	60	0	60	60	
0.4	5.4	52	54	64	3	232	554258	232	554258	0.003	0	0.003	0.003	2389.04	1919.18	60	9422	
0.4	5.4	34	55	6	3	1	60	1	60	0.017	0	0.017	0.017	60	0	60	60	
0.4	5.4	39	57	53	3	185	314695	186	315004	0.00668817	0.00393179	0.003	0.017	1693.57	1650.55	40	9422	
0.4	5.4	22	60	20	3	183	319912	182	318728	0.00661538	0.00380395	0.003	0.017	1751.25	1468.01	43	9422	
0.4	5.4	46	62	2	3	57	103707	57	103707	0.00705263	0.00511448	0.003	0.024	1819.42	1857.79	60	8873	
0.4	5.4	19	63	11	3	118	377178	118	377178	0.0059661	0.00347379	0.003	0.01	3196.42	2145.44	23	9422	
0.4	5.4	48	64	14	3	18	53370	18	53370	0.003	0	0.003	0.003	2965	2887.44	60	9422	
0.4	5.4	47	66	8	3	46	131469	46	131469	0.00741304	0.00341615	0.003	0.01	2858.02	2459.56	60	9422	
0.4	5.4	47	67	12	3	86	132672	86	132672	0.00804651	0.00315821	0.003	0.01	1542.7	2012.64	60	9422	
0.4	5.4	1	68	12	3	79	262341	79	262341	0.00813924	0.00311215	0.003	0.01	3320.77	1787.25	60	7746	
0.4	5.4	41	71	61	3	1	60	1	60	0.01	0	0.01	0.01	60	0	60	60	
0.4	5.4	34	73	11	3	177	221584	177	221584	0.0059661	0.00346885	0.003	0.01	1251.89	943.936	60	5916	
0.4	5.4	55	74	37	3	247	303936	247	303936	0.00679757	0.0042176	0.003	0.017	1230.51	1062.23	9	9422	
0.4	5.4	28	77	9	3	16	24379	16	24379	0.00475	0.0031305	0.003	0.01	1523.69	879.264	60	2958	
0.4	5.4	38	78	15	3	95	204918	95	204918	0.003	0	0.003	0.003	2157.03	2000.88	12	9422	
0.4	5.4	34	79	58	3	102	128036	102	128036	0.0065	0.00415003	0.003	0.017	1255.25	1012.29	60	5324	
0.4	5.4	1	80	2	3	92	275373	92	275373	0.00885869	0.00298561	0.003	0.017	2993.18	2557.34	60	9422	
0.4	5.4	41	82	12	3	162	318198	162	318198	0.00420988	0.00265497	0.003	0.01	1964.19	1834.02	60	9422	
0.4	5.4	38	83	20	3	203	505995	204	507548	0.00612255	0.00348815	0.003	0.01	2487.98	2403.56	34	9422	
0.4	5.4	22	85	3	3	168	445243	167	440510	0.00626946	0.00366757	0.003	0.017	2637.78	2616.69	45	9422	
0.4	5.4	37	88	74	3	132	124540	132	124540	0.00522727	0.00327281	0.003	0.01	943.485	820.188	60	5664	
0.4	5.4	42	89	7	3	68	214326	68	214326	0.003	0	0.003	0.003	3151.85	2001.33	45	9422	
0.4	5.4	21	90	31	3	200	211140	200	211140	0.00538	0.00332428	0.003	0.01	1055.7	910.408	18	4953	
0.4	5.4	30	91	1	3	2	120	2	120	0.0065	0.00494975	0.003	0.01	60	0	60	60	
0.4	5.4	42	94	3	3	1	60	1	60	0.01	0	0.01	0.01	60	0	60	60	
0.4	5.4	34	95	66	3	209	231113	209	231113	0.00598086	0.00403466	0.003	0.017	1105.8	973.968	15	6896	
0.4	5.4	24	96	8	3	145	496773	146	498548	0.00793836	0.00320177	0.003	0.01	3414.71	2471.35	45	9422	
0.4	5.4	2	97	28	3	100	286643	100	286643	0.00587	0.00346018	0.003	0.01	2866.43	2610.58	23	9422	
0.4	5.4	50	100	7	3	76	306006	76	306006	0.00880263	0.0026534	0.003	0.01	4026.39	2987.37	45	9422	
0.4	5.4	39	101	16	3	146	343956	146	343956	0.00319178	0.0011466	0.003	0.01	2355.86	1686.37	60	8282	
0.4	5.4	41	103	25	3	176	192541	176	192541	0.00566477	0.00348976	0.003	0.017	1093.98	975.086	26	5324	
0.4	5.4	5	105	18	3	154	327607	154	327607	0.00772727	0.00365734	0.003	0.017	2127.32	2086.39	44	9422	
0.4	5.4	51	108	8	3	98	343864	98	343864	0.00814286	0.00310636	0.003	0.01	3508.82	2347.9	60	9422	
0.4	5.4	27	109	14	3	155	598380	155	598380	0.00354193	0.00187685	0.003	0.01	3860.52	2380.18	45	9422	
0.4	5.4	14	110	6	3	93	331444	91	327892	0.003	0	0.003	0.003	3603.21	1962.62	60	9422	
0.4	5.4	53	112	3	3	43	163405	43	163405	0.00804651	0.00317695	0.003	0.01	3800.12	2502.55	60	9422	
0.4	5.4	55	113	4	3	312	405041	310	399684	0.00559677	0.00338691	0.003	0.01	1289.3	1236.04	43	9422	
0.4	5.4	2	114	22	3	83	139828	83	139828	0.00679518	0.00427631	0.003	0.017	1684.67	1102.71	60	4395	
0.4	5.4	55	115	39	3	130	251887	130	251887	0.00520769	0.00326527	0.003	0.01	1937.59	1869.99	26	9422	
0.4	5.4	57	116	20	3	194	624038	194	624038	0.00736598	0.00339995	0.003	0.01	3216.69	2155.25	45	9422	
0.4	5.4	38	118	22	3	173	470114	173	470114	0.00595376	0.00346715	0.003	0.01	2717.42	2100.47	60	9422	
0.4	5.4	37	120	60	3	3	180	3	180	0.00533333	0.00404145	0.003	0.01	60	0	60	60	
0.4	5.4	17	121	6	3	139	483754	139	483754	0.00838849	0.00329802	0.003	0.017	3480.24	2696.74	45	9422	
0.4	5.4	50	125	16	3	88	300679	88	300679	0.00482954	0.00309327	0.003	0.01	3416.81	2131.14	60	9422	
0.4	5.4	52	126	10	3	175	279579	176	280328	0.00403409	0.00249089	0.003	0.01	1592.77	1032.13	60	5664	
0.4	5.4	41	127	67	3	103	225127	103	225127	0.00449514	0.00288292	0.003	0.01	2185.7	1975.73	60	9422	
0.4	5.4	7	129	1	3	65	161654	65	161654	0.00903077	0.0024365	0.003	0.01	2486.98	2325.16	60	9422	
0.4	5.4	41	130	19	3	265	398064	265	398064	0.00601132	0.00347227	0.003	0.01	1502.13	1154.86	60	7099	
0.4	5.4	17	132	5	3	5	5442	5	5442	0.0086	0.0031305	0.003	0.01	1088.4	742.216	60	1775	
0.4	5.4	35	134	22	3	73	189472	73	189472	0.00836986	0.00297913	0.003	0.01	2595.51	1531.89	60	5664	
0.4	5.4	45	135	5	3	95	290165	95	290165	0.00388421	0.00233777	0.003	0.01	3054.37	2800.35	45	9422	
0.4	5.4	47	136	1	3	91	286480	91	286480	0.00769231	0.00330888	0.003	0.01	3148.13	2170.41	60	9422	
0.4	5.4	38	137	23	3	145	329897	145	329897	0.00734483	0.00360243	0.003	0.017	2275.15	1965.02	60	9422	
0.4	5.4	6	138	7	3	79	190088	79	190088	0.00548101	0.00336978	0.003	0.01	2406.18	2001.2	60	8873	
0.4	5.4	56	139	15	3	42	131000	42	131000	0.005	0.00320061	0.003	0.01	3119.05	2494.72	60	8873	
0.4	5.4	42	140	4	3	2	120	2	120	0.01	0	0.01	0.01	60	0	60	60	
0.4	5.4	41	141	39	3	216	385175	216	385175	0.00585185	0.00344745	0.003	0.01	1783.22	1574.61	60	9422	
0.4	5.4	36	142	5	3	1	60	1	60	0.003	0	0.003	0.003	60	0	60	60	
0.4	5.4	39	144	52	3	200	348312	199	347128	0.00574372	0.00342593	0.003	0.01	1744.36	1722.89	60	9422	
0.4	5.4	39	145	19	3	1	60	1	60	0.003	0	0.003	0.003	60	0	60	60	
0.4	5.4	25	146	27	3	43	100735	43	100735	0.00804651	0.00466473	0.003	0.017	2342.67	2143.68	60	9422	
0.4	5.4	40	148	6	3	102	155458	102	155458	0.00718627	0.00432293	0.003	0.017	1524.1	1562.82	60	9422	
0.4	5.4	28	149	13	3	125	537907	125	537907	0.00328	0.00137723	0.003	0.01	4303.26	2458.93	45	9422	
0.4	5.4	16	151	2	3	123	435105	123	435105	0.003	0	0.003	0.003	3537.44	2367.74	45	9422	
0.4	5.4	55	152	54	3	47	53419	47	53419	0.00582979	0.00453642	0.003	0.017	1136.57	1191.75	60	7690	
0.4	5.4	56	155	32	3	85	368224	85	368224	0.0059647	0.00347935	0.003	0.01	4332.05	2923.32	45	9422	
0.4	5.4	35	156	9	3	194	681988	194	681988	0.00559794	0.00339051	0.003	0.01	3515.4	2405.88	45	9422	
0.4	5.4	52	157	73	3	364	532468	364	532468	0.00601923	0.00387578	0.003	0.017	1462.82	1408.78	33	9422	
0.4	5.4	34	159	46	3	193	320428	194	324823	0.00585051	0.00366235	0.003	0.017	1674.35	1241.3	60	9422	
0.4	5.4	34	164	45	3	3	180	3	180	0.00533333	0.00404145	0.003	0.01	60	0	60	60	
0.4	5.4	54	166	12	3	5	5442	4	3667	0.003	0	0.003	0.003	916.75	733.545	60	1775	
0.4	5.4	11	167	12	3	104	257028	104	257028	0.00703846	0.00347508	0.003	0.01	2471.42	1970.34	60	9422	
0.4	5.4	8	168	36	3	216	370194	216	370194	0.00669444	0.00369275	0.003	0.017	1713.86	1199.21	41	9422	
0.4	5.4	20	169	13	3	33	81778	33	81778	0.003	0	0.003	0.003	2478.12	1723.97	60	6507	
0.4	5.4	17	171	1	3	116	306755	117	310305	0.00862393	0.00308144	0.003	0.017	2652.18	2154.84	60	9422	
0.4	5.4	37	172	13	3	324	515945	324	515945	0.00546296	0.00334801	0.003	0.01	1592.42	1532.25	3	9422	
0.4	5.4	10	174	18	3	193	734700	192	733516	0.00784896	0.00323804	0.003	0.01	3820.4	2959.54	45	9422	
0.4	5.4	17	176	4	3	117	337994	117	337994	0.00766667	0.00331402	0.003	0.01	2888.84	2055.29	60	9422	
0.4	5.4	19	177	19	3	225	881752	225	881752	0.00365333	0.00204083	0.003	0.01	3918.9	2837.53	45	9422	
0.4	5.4	55	178	3	3	2	120	2	120	0.0065	0.00494975	0.003	0.01	60	0	60	60	
0.4	5.4	37	179	25	3	184	161262	184	161262	0.00520652	0.00357446	0.003	0.017	876.424	853.502	16	4904	
0.4	5.4	15	181	9	3	52	182346	52	182346	0.00919231	0.00225822	0.003	0.01	3506.65	2970.08	45	9422	
0.4	5.4	18	187	8	3	108	306155	108	306155	0.00837963	0.00296622	0.003	0.01	2834.77	2022.42	60	9422	
0.4	5.4	21	189	12	3	2	120	2	120	0.01	0	0.01	0.01	60	0	60	60	
0.4	5.4	1	190	7	3	89	310851	89	310851	0.00866292	0.00276728	0.003	0.01	3492.71	2497.01	36	9422	
0.4	5.4	41	191	24	3	104	135700	104	135700	0.00683654	0.00400754	0.003	0.017	1304.81	998.57	58	6507	
0.4	5.4	22	192	11	3	48	107831	48	107831	0.00533333	0.00333475	0.003	0.01	2246.48	1560.24	17	7099	
0.4	5.4	56	194	14	3	131	471316	131	471316	0.003	0	0.003	0.003	3597.83	2577.87	60	9422	
0.4	5.4	21	196	6	3	173	298442	173	298442	0.00696532	0.003479	0.003	0.01	1725.1	1651.91	60	9422	
0.4	5.4	20	199	10	3	184	603636	183	601269	0.00659563	0.00350829	0.003	0.01	3285.62	2413.29	36	9422	
0.4	5.4	13	201	11	3	144	550713	144	550713	0.00581944	0.00344518	0.003	0.01	3824.4	2261.91	60	9422	
0.4	5.4	42	203	8	3	146	354079	146	354079	0.00803425	0.00326193	0.003	0.017	2425.2	2259.44	60	9422	
0.4	5.4	38	205	3	3	54	80613	54	80613	0.00611111	0.00351099	0.003	0.01	1492.83	1994.09	23	9422	
0.4	5.4	43	207	9	3	168	546398	168	546398	0.00608333	0.00364998	0.003	0.017	3252.37	2324.12	45	9422	
0.4	5.4	52	208	2	3	12	10774	12	10774	0.00475	0.00316587	0.003	0.01	897.833	474.65	60	1775	
0.4	5.4	8	210	13	3	51	113267	51	113267	0.003	0	0.003	0.003	2220.92	1755.64	60	8873	
0.4	5.4	42	211	21	3	155	565767	155	565767	0.003	0	0.003	0.003	3650.11	2345.01	36	9422	
0.4	5.4	21	212	9	3	17	29709	17	29709	0.00588235	0.0035511	0.003	0.01	1747.59	1427.02	13	5324	
0.4	5.4	39	214	56	3	193	327599	193	327599	0.00575648	0.00404374	0.003	0.017	1697.4	1709.14	13	8867	
0.4	5.4	55	215	22	3	24	14943	24	14943	0.00504167	0.00483177	0.003	0.024	622.625	421.848	60	1775	
0.4	5.4	47	216	3	3	97	294181	97	294181	0.00877319	0.00267514	0.003	0.01	3032.79	1748.24	60	8873	
0.4	5.4	39	217	68	3	1	60	1	60	0.003	0	0.003	0.003	60	0	60	60	
0.4	5.4	2	219	37	3	54	95991	54	95991	0.00831481	0.00331278	0.003	0.017	1777.61	1586.33	36	8873	
0.4	5.4	27	220	3	3	24	77036	24	77036	0.00329167	0.00142887	0.003	0.01	3209.83	2650.16	60	9422	
0.4	5.4	52	221	72	3	208	236509	208	236509	0.0065	0.00418532	0.003	0.017	1137.06	1369.76	8	9422	
0.4	5.4	39	222	24	3	1	60	1	60	0.003	0	0.003	0.003	60	0	60	60	
0.4	5.4	34	224	27	3	147	182020	147	182020	0.00619048	0.00349821	0.003	0.01	1238.23	1077.41	60	5916	
0.4	5.4	55	228	57	3	148	186020	148	185428	0.00706757	0.00447314	0.003	0.017	1252.89	1261.75	8	9422	
0.4	5.4	37	229	58	3	359	366146	359	366146	0.00541783	0.00341428	0.003	0.017	1019.91	802.858	39	5324	
0.4	5.4	57	230	2	3	175	540475	175	540475	0.00736	0.00340243	0.003	0.01	3088.43	2278	45	9422	
0.4	5.4	33	231	22	3	66	202476	66	202476	0.00681818	0.00351222	0.003	0.01	3067.82	2162.09	45	9422	
0.4	5.4	7	232	11	3	1	60	1	60	0.01	0	0.01	0.01	60	0	60	60	
0.4	5.4	27	235	10	3	129	401505	129	401505	0.00620155	0.00350085	0.003	0.01	3112.44	2328.13	45	9422	
0.4	5.4	26	237	5	3	4	240	4	240	0.00825	0.0035	0.003	0.01	60	0	60	60	
0.4	5.4	45	238	2	3	43	124968	43	124968	0.00706977	0.00349418	0.003	0.01	2906.23	2209.66	60	9422	
0.4	5.4	19	239	1	3	72	206157	72	206157	0.00329167	0.0014086	0.003	0.01	2863.29	3219.39	60	9422	
0.4	5.4	2	241	29	3	47	130894	47	130894	0.00553191	0.00339981	0.003	0.01	2784.98	2041.33	60	8873	
0.4	5.4	8	242	34	3	125	201412	125	201412	0.006976	0.00438558	0.003	0.017	1611.3	1181.52	60	9243	
0.4	5.4	10	243	7	3	62	199513	62	199513	0.00785484	0.00325348	0.003	0.01	3217.95	2228.1	60	8873	
0.4	5.4	41	244	30	3	234	376053	234	376053	0.00620085	0.00410357	0.003	0.017	1607.06	1483.09	60	9422	
0.4	5.4	47	246	4	3	2	120	2	120	0.0065	0.00494975	0.003	0.01	60	0	60	60	
0.4	5.4	52	247	40	3	1	60	1	60	0.003	0	0.003	0.003	60	0	60	60	
0.4	5.4	20	248	8	3	102	371196	102	371196	0.00615686	0.00350034	0.003	0.01	3639.18	2274.44	60	9422	
0.4	5.4	20	249	11	3	120	412047	120	412047	0.004575	0.00320363	0.003	0.017	3433.73	2525.72	60	9422	
0.4	5.4	43	250	18	3	47	74222	47	74222	0.00568085	0.00343958	0.003	0.01	1579.19	1002.55	60	4141	
0.4	5.4	24	251	15	3	137	449206	137	449206	0.00729197	0.00342173	0.003	0.01	3278.88	2120.04	36	9422	
0.4	5.4	39	252	43	3	183	293404	183	293404	0.00571585	0.00364889	0.003	0.017	1603.3	1537.12	60	9422	
0.4	5.4	28	253	18	3	206	702470	206	702470	0.00554854	0.00344646	0.003	0.017	3410.05	2479.53	45	9422	
0.4	5.4	37	254	26	3	319	517597	319	517597	0.005721	0.00341757	0.003	0.01	1622.56	1585.66	32	9422	
0.4	5.4	20	256	14	3	27	94783	27	94783	0.003	0	0.003	0.003	3510.48	2253.84	60	9422	
0.4	5.4	46	257	8	3	131	342881	131	342881	0.00460305	0.00295265	0.003	0.01	2617.41	1792.17	45	9422	
0.4	5.4	7	258	21	3	76	293569	75	290019	0.00729333	0.00343186	0.003	0.01	3866.92	2684.77	45	9422	
0.4	5.4	6	260	11	3	1	60	1	60	0.003	0	0.003	0.003	60	0	60	60	
0.4	5.4	12	261	12	3	40	158680	40	158680	0.009475	0.00186723	0.003	0.01	3967	2830.84	60	9422	
0.4	5.4	20	263	16	3	53	77774	53	77774	0.00775472	0.0035729	0.003	0.017	1467.43	1825.09	60	9422	
0.4	5.4	21	265	22	3	214	327667	214	327667	0.00604206	0.00347805	0.003	0.01	1531.15	1171.86	23	7690	
0.4	5.4	56	266	2	3	22	55732	22	55732	0.003	0	0.003	0.003	2533.27	1811.33	60	7099	
0.4	5.4	52	268	16	3	3	180	3	180	0.00533333	0.00404145	0.003	0.01	60	0	60	60	
0.4	5.4	32	269	12	3	138	597767	138	597767	0.00563768	0.00340447	0.003	0.01	4331.64	2616.83	45	9422	
0.4	5.4	55	270	38	3	68	117928	68	117928	0.00413235	0.00259681	0.003	0.01	1734.24	1371.22	43	7099	
0.4	5.4	41	271	37	3	204	275748	204	275748	0.00601961	0.00405256	0.003	0.017	1351.71	1234.75	17	7099	
0.4	5.4	29	273	1	3	67	163454	67	163454	0.00853731	0.00334541	0.003	0.017	2439.61	1980.79	60	9422	
0.4	5.4	28	274	15	3	89	233266	89	233266	0.0052809	0.00329941	0.003	0.01	2620.97	1941.14	11	9422	
0.4	5.4	11	276	5	3	5	300	5	300	0.0072	0.00383406	0.003	0.01	60	0	60	60	
0.4	5.4	37	277	45	3	64	70615	64	70615	0.005625	0.00341565	0.003	0.01	1103.36	858.106	60	4395	
0.4	5.4	51	280	7	3	26	75378	26	75378	0.00973077	0.00137281	0.003	0.01	2899.15	2013.59	60	7099	
0.4	5.4	15	281	5	3	2	120	2	120	0.01	0	0.01	0.01	60	0	60	60	
0.4	5.4	6	282	14	3	210	455511	210	455511	0.0068	0.00356189	0.003	0.017	2169.1	1700.38	28	9422	
0.4	5.4	13	283	10	3	150	355183	149	354591	0.00788591	0.00404457	0.003	0.017	2379.81	2130.05	26	9422	
0.4	5.4	52	284	26	3	106	184218	106	184218	0.00683019	0.00433474	0.003	0.017	1737.91	1517.16	34	9422	
0.4	5.4	39	288	66	3	110	141143	108	138184	0.00630555	0.00351089	0.003	0.01	1279.48	907.336	58	3550	
0.4	5.4	3	289	2	3	134	410492	132	407225	0.00740151	0.00339479	0.003	0.01	3085.04	2152.85	36	8873	
0.4	5.4	45	292	9	3	10	21420	10	21420	0.003	0	0.003	0.003	2142	1327.13	60	4395	
0.4	5.4	55	293	45	3	118	158835	118	158835	0.00561017	0.00339943	0.003	0.01	1346.06	1302.96	29	9422	
0.4	5.4	49	294	7	3	189	699360	189	699360	0.00692592	0.00348321	0.003	0.01	3700.32	2211.35	45	9422	
0.4	5.4	26	296	11	3	103	282109	103	282109	0.00884466	0.00261128	0.003	0.01	2738.92	2287.68	13	9422	
0.4	5.4	50	298	4	3	21	90629	20	87671	0.01	0	0.01	0.01	4383.55	2230.27	60	8873	
0.4	5.4	47	299	6	3	38	80119	38	80119	0.00815789	0.00312381	0.003	0.01	2108.39	1487.72	60	5664	
0.4	5.4	43	300	19	3	81	207823	81	207823	0.00611111	0.0035	0.003	0.01	2565.72	2094.75	60	9422	
0.4	5.4	37	301	70	3	222	140227	222	140227	0.00492342	0.00353118	0.003	0.017	631.653	480.146	60	3338	
0.4	5.4	52	302	3	3	198	329475	198	329475	0.00554545	0.00337586	0.003	0.01	1664.02	1375.04	60	9422	
0.4	5.4	33	304	2	3	27	69345	27	69345	0.00611111	0.00354459	0.003	0.01	2568.33	2149.11	60	9422	
0.4	5.4	37	305	27	3	366	375189	366	375189	0.00548634	0.00335458	0.003	0.01	1025.11	1012.67	20	9422	
0.4	5.4	23	308	15	3	1	60	1	60	0.01	0	0.01	0.01	60	0	60	60	
0.4	5.4	9	310	10	3	12	39165	12	39165	0.00358333	0.00202073	0.003	0.01	3263.75	3184.78	60	9422	
0.4	5.4	55	312	13	3	203	259441	203	259441	0.00610345	0.00400422	0.003	0.017	1278.03	1470.13	44	9422	
0.4	5.4	9	313	18	3	178	804888	178	804888	0.00736517	0.00363696	0.003	0.017	4521.84	2941.46	45	9422	
0.4	5.4	54	317	5	3	47	148025	47	148025	0.003	0	0.003	0.003	3149.47	2670.84	45	9422	
0.4	5.4	42	318	25	3	105	440299	105	440299	0.00486667	0.00311036	0.003	0.01	4193.32	2925.01	45	9422	
0.4	5.4	41	320	65	3	250	342953	250	342953	0.005772	0.00370607	0.003	0.017	1371.81	1156.55	58	9422	
0.4	5.4	33	323	18	3	157	561251	157	561251	0.00799363	0.00317542	0.003	0.01	3574.85	2618.08	45	9422	
0.4	5.4	44	324	22	3	32	55273	32	55273	0.0078125	0.00374543	0.003	0.017	1727.28	1522.79	60	7099	
0.4	5.4	45	325	12	3	153	593587	153	593587	0.00620261	0.0034988	0.003	0.01	3879.65	2191.5	57	9422	
0.4	5.4	55	326	35	3	186	235930	186	235930	0.00683871	0.00454715	0.003	0.017	1268.44	1150.06	36	7690	
0.4	5.4	2	327	23	3	1	60	1	60	0.01	0	0.01	0.01	60	0	60	60	
0.4	5.4	22	328	24	3	69	165821	69	165821	0.00513043	0.00324451	0.003	0.01	2403.2	1891.78	60	9422	
0.4	5.4	8	330	22	3	3	180	3	180	0.00533333	0.00404145	0.003	0.01	60	0	60	60	
0.4	5.4	41	331	48	3	123	182106	123	182106	0.00578862	0.00355577	0.003	0.017	1480.54	1206.67	60	5861	
0.4	5.4	54	332	2	3	144	614913	143	608997	0.003	0	0.003	0.003	4258.72	2272.02	60	9422	
0.4	5.4	49	334	22	3	206	616095	205	613137	0.00801951	0.00316067	0.003	0.01	2990.91	1987.3	45	9422	
0.4	5.4	2	336	7	3	219	668250	219	668250	0.00661187	0.00350623	0.003	0.01	3051.37	2111.08	60	9422	
0.4	5.4	3	337	22	3	111	438535	111	438535	0.003	0	0.003	0.003	3950.77	2341.87	60	9422	
0.4	5.4	42	339	6	3	129	472988	129	472988	0.00717829	0.00344703	0.003	0.01	3666.57	2570.87	45	9422	
0.4	5.4	48	340	2	3	42	132061	41	131469	0.00829268	0.00304339	0.003	0.01	3206.56	2438.03	60	9422	
0.4	5.4	13	341	18	3	98	299525	98	299525	0.00707143	0.00347079	0.003	0.01	3056.38	2224.63	13	9422	
0.4	5.4	10	342	3	3	4	3667	4	3667	0.00825	0.0035	0.003	0.01	916.75	733.545	60	1775	
0.4	5.4	28	343	5	3	188	533165	187	532573	0.00636898	0.00379554	0.003	0.017	2847.98	2132.76	45	9422	
0.4	5.4	52	344	22	3	2	120	2	120	0.0065	0.00494975	0.003	0.01	60	0	60	60	
0.4	5.4	40	345	10	3	170	424550	170	424550	0.00715882	0.00344759	0.003	0.01	2497.35	1955.86	60	9422	
0.4	5.4	10	351	13	3	136	498432	136	498432	0.007375	0.00350648	0.003	0.017	3664.94	2614.36	45	9422	
0.4	5.4	11	353	8	3	24	71707	24	71707	0.005625	0.00346175	0.003	0.01	2987.79	1994.62	60	8873	
0.4	5.4	41	354	64	3	6	3670	6	3670	0.01	0.00442719	0.003	0.017	611.667	484.922	60	1184	
0.4	5.4	35	355	3	3	1	60	1	60	0.003	0	0.003	0.003	60	0	60	60	
0.4	5.4	10	358	8	3	19	74066	19	74066	0.0048421	0.0031669	0.003	0.01	3898.21	2342.35	60	8873	
0.4	5.4	55	359	26	3	118	196659	118	196659	0.00602542	0.00371521	0.003	0.017	1666.6	1256.3	26	6882	
0.4	5.4	49	361	20	3	117	412641	117	412641	0.00820513	0.0030697	0.003	0.01	3526.85	2706.24	60	9422	
0.4	5.4	23	364	3	3	144	471807	144	471807	0.00630555	0.00350679	0.003	0.01	3276.44	2460.14	45	9422	
0.4	5.4	22	366	1	3	106	227394	106	227394	0.0065	0.00351663	0.003	0.01	2145.23	1809	44	9422	
0.4	5.4	32	367	1	3	1	60	1	60	0.01	0	0.01	0.01	60	0	60	60	
0.4	5.4	5	368	11	3	217	583258	217	583258	0.00751613	0.00367939	0.003	0.017	2687.82	2138.51	60	9422	
0.4	5.4	39	369	59	3	120	395398	120	395398	0.00329167	0.00140465	0.003	0.01	3294.98	2503.7	60	9422	
0.4	5.4	46	370	4	3	3	180	3	180	0.01	0	0.01	0.01	60	0	60	60	
0.4	5.4	52	378	6	3	1	60	1	60	0.003	0	0.003	0.003	60	0	60	60	
0.4	5.4	23	379	4	3	24	42726	24	42726	0.00795833	0.00436865	0.003	0.017	1780.25	1316.59	60	4904	
0.4	5.4	39	380	58	3	5	300	5	300	0.0086	0.00585662	0.003	0.017	60	0	60	60	
0.4	5.4	25	381	19	3	147	309780	147	309780	0.00771428	0.00410979	0.003	0.017	2107.35	1762.25	26	9422	
0.4	5.4	29	382	3	3	86	242838	86	242838	0.00698837	0.00348609	0.003	0.01	2823.7	1709.59	36	7099	
0.4	5.4	22	385	5	3	32	97860	32	97860	0.0069375	0.00352811	0.003	0.01	3058.12	2268.31	60	9422	
0.4	5.4	33	387	9	3	155	603718	155	603718	0.00467097	0.00299374	0.003	0.01	3894.95	2796.25	36	9422	
0.4	5.4	5	388	7	3	40	133247	40	133247	0.00475	0.0030697	0.003	0.01	3331.17	2135.03	60	9422	
0.4	5.4	14	390	20	3	35	68184	33	63449	0.0070303	0.00429742	0.003	0.017	1922.7	1967.67	28	9422	
0.4	5.4	41	392	29	3	80	65321	80	65321	0.0055375	0.00389724	0.003	0.017	816.513	799.088	45	4141	
0.4	5.4	42	393	15	3	92	227930	93	228522	0.0078172	0.00326026	0.003	0.01	2457.23	2113.81	60	9422	
0.4	5.4	37	395	55	3	214	200627	213	199443	0.00523474	0.00340938	0.003	0.017	936.352	1013.74	6	7099	
0.4	5.4	24	397	14	3	148	647964	148	647964	0.00475	0.00304138	0.003	0.01	4378.14	2712.76	45	9422	
0.4	5.4	19	398	8	3	117	320251	117	320251	0.0067094	0.00350876	0.003	0.01	2737.19	1930.34	36	7690	
0.4	5.4	25	399	26	3	83	123840	83	123840	0.00890361	0.00416025	0.003	0.017	1492.05	1288.93	10	7099	
0.4	5.4	55	400	36	3	1	60	1	60	0.003	0	0.003	0.003	60	0	60	60	
0.4	5.4	13	401	19	3	89	219162	89	219162	0.003	0	0.003	0.003	2462.49	1808.95	60	9422	
0.4	5.4	30	402	13	3	120	467999	120	467999	0.00620833	0.00350245	0.003	0.01	3899.99	2660.25	45	9422	
0.4	5.4	4	405	5	3	63	212767	63	212767	0.00844444	0.00319161	0.003	0.017	3377.25	2776.77	60	9422	
0.4	5.4	13	408	6	3	45	94809	45	94809	0.00393333	0.00240643	0.003	0.01	2106.87	1479.69	60	5324	
0.4	5.4	55	410	29	3	141	172551	141	172551	0.00592908	0.00366186	0.003	0.017	1223.77	1596.97	60	9422	
0.4	5.4	39	411	33	3	49	77665	49	77665	0.00628571	0.00352964	0.003	0.01	1585	1909.28	53	8873	
0.4	5.4	47	412	2	3	107	449155	107	449155	0.003	0	0.003	0.003	4197.71	2332.24	45	9422	
0.4	5.4	34	413	25	3	149	171290	149	171290	0.00675839	0.00394669	0.003	0.017	1149.6	728.701	60	4141	
0.4	5.4	56	414	33	3	37	90069	37	90069	0.00545946	0.00338784	0.003	0.01	2434.3	1968.06	60	7099	
0.4	5.4	23	416	11	3	96	356408	96	356408	0.003	0	0.003	0.003	3712.58	2343.47	60	9422	
0.4	5.4	1	418	13	3	174	708781	174	708781	0.00573563	0.00342537	0.003	0.01	4073.45	3001.49	45	9422	
0.4	5.4	14	419	11	3	1	60	1	60	0.003	0	0.003	0.003	60	0	60	60	
0.4	5.4	22	420	14	3	13	21425	13	21425	0.00838461	0.0030697	0.003	0.01	1648.08	892.688	60	2961	
0.4	5.4	17	421	9	3	146	369366	146	369366	0.00822603	0.00326902	0.003	0.017	2529.9	1877.07	60	9422	
0.4	5.4	52	422	20	3	2	120	2	120	0.0065	0.00494975	0.003	0.01	60	0	60	60	
0.4	5.4	3	423	17	3	116	450371	116	450371	0.003	0	0.003	0.003	3882.51	2285.57	45	9422	
0.4	5.4	25	424	14	3	95	263783	95	263783	0.00550526	0.00337347	0.003	0.01	2776.66	2522.29	45	9422	
0.4	5.4	55	425	8	3	2	120	2	120	0.0065	0.00494975	0.003	0.01	60	0	60	60	
0.4	5.4	34	426	3	3	2	120	2	120	0.003	0	0.003	0.003	60	0	60	60	
0.4	5.4	25	427	6	3	27	39778	26	38594	0.00676923	0.00355874	0.003	0.01	1484.38	868.073	6	3550	
0.4	5.4	29	428	24	3	74	171835	73	167694	0.003	0	0.003	0.003	2297.18	1354.67	60	5324	
0.4	5.4	14	429	7	3	12	26747	10	21420	0.0065	0.00368932	0.003	0.01	2142	1598.91	60	5324	
0.4	5.4	34	430	7	3	3	180	3	180	0.00766667	0.00404145	0.003	0.01	60	0	60	60	
0.4	5.4	37	431	36	3	146	134013	146	134013	0.00520548	0.003263	0.003	0.01	917.897	890.362	3	6507	
0.4	5.4	5	432	19	3	174	556440	174	556440	0.00312069	0.000913817	0.003	0.01	3197.93	2370.85	45	9422	
0.4	5.4	46	433	17	3	189	501493	189	501493	0.005	0.00403838	0.003	0.017	2653.4	2275.89	45	9422	
0.4	5.4	41	434	13	3	2	120	2	120	0.01	0	0.01	0.01	60	0	60	60	
0.4	5.4	6	435	2	3	67	168189	67	168189	0.0048806	0.00312624	0.003	0.01	2510.28	1767.48	60	9422	
0.4	5.4	55	437	52	3	202	420941	202	420941	0.0060495	0.00347951	0.003	0.01	2083.87	2075.03	45	9422	
0.4	5.4	52	438	74	3	215	276060	215	276060	0.00599535	0.00353685	0.003	0.017	1284	1179.17	21	9422	
0.4	5.4	34	439	36	3	111	170681	111	170681	0.00646847	0.00351573	0.003	0.01	1537.67	1122.23	60	5861	
0.4	5.4	11	440	10	3	125	440451	125	440451	0.005184	0.00325622	0.003	0.01	3523.61	2786.59	45	9422	
0.4	5.4	56	441	24	3	45	84153	44	81786	0.00586364	0.00348145	0.003	0.01	1858.77	1133.92	60	5324	
0.4	5.4	29	442	9	3	52	126756	52	126756	0.00757692	0.00363721	0.003	0.017	2437.62	1985.66	60	9422	
0.4	5.4	39	443	37	3	21	17889	21	17889	0.00666667	0.00475745	0.003	0.017	851.857	603.763	60	1775	
0.4	5.4	37	444	63	3	422	297198	422	297198	0.00595261	0.00430076	0.003	0.024	704.261	801.138	23	8873	
0.4	5.4	57	445	4	3	91	298432	91	298432	0.00730769	0.0034244	0.003	0.01	3279.47	2010.5	60	8873	
0.4	5.4	3	447	20	3	52	114994	52	114994	0.00690385	0.00377432	0.003	0.017	2211.42	1803.12	60	8873	
0.4	5.4	48	448	11	3	111	302594	111	302594	0.003	0	0.003	0.003	2726.07	2278.63	45	9422	
0.4	5.4	45	450	20	3	85	224955	85	224955	0.003	0	0.003	0.003	2646.53	2489.62	60	9422	
0.4	5.4	40	452	15	3	30	54685	30	54685	0.00836667	0.00438244	0.003	0.017	1822.83	2072.9	60	9422	
0.4	5.4	29	453	20	3	166	455181	166	455181	0.00759638	0.0035912	0.003	0.017	2742.05	1905.06	57	9422	
0.4	5.4	22	454	21	3	147	378270	147	378270	0.00447619	0.00286532	0.003	0.01	2573.27	1917.2	17	9422	
0.4	5.4	45	456	3	3	111	350974	111	350974	0.00337838	0.00159005	0.003	0.01	3161.93	1866.77	60	9422	
0.4	5.4	39	458	64	3	2	708	2	708	0.01	0	0.01	0.01	354	415.779	60	648	
0.4	5.4	40	459	2	3	110	295410	110	295410	0.00758182	0.00384417	0.003	0.017	2685.55	2305.11	56	9422	
0.4	5.4	32	460	7	3	15	54546	15	54546	0.00486667	0.00320416	0.003	0.01	3636.4	2807.34	60	9422	
0.4	5.4	41	461	54	3	179	274932	179	274932	0.00534637	0.00331368	0.003	0.01	1535.93	1310.64	29	9422	
0.4	5.4	35	462	5	3	1	60	1	60	0.003	0	0.003	0.003	60	0	60	60	
0.4	5.4	53	463	9	3	79	278789	79	278789	0.0076962	0.00331026	0.003	0.01	3528.97	2098.73	36	9422	
0.4	5.4	41	464	17	3	1	60	1	60	0.003	0	0.003	0.003	60	0	60	60	
0.4	5.4	41	465	44	3	55	63708	55	63708	0.00643636	0.00353167	0.003	0.01	1158.33	847.468	60	4124	
0.4	5.4	26	467	4	3	1	592	1	592	0.01	0	0.01	0.01	592	0	592	592	
0.4	5.4	30	468	3	3	65	160495	65	160495	0.0086	0.00375333	0.003	0.017	2469.15	1707.72	60	7099	
0.4	5.4	49	470	18	3	178	541651	178	541651	0.00610674	0.00348765	0.003	0.01	3042.98	1760.5	60	9422	
0.4	5.4	6	471	9	3	108	176551	108	176551	0.00559259	0.00339609	0.003	0.01	1634.73	1288.66	60	7486	
0.4	5.4	6	472	6	3	51	84749	52	88299	0.00636538	0.00353153	0.003	0.01	1698.06	930.045	34	3550	
0.4	5.4	39	473	7	3	4	240	4	240	0.0065	0.00404145	0.003	0.01	60	0	60	60	
0.4	5.4	31	474	24	3	55	147464	55	147464	0.00758182	0.00335929	0.003	0.01	2681.16	2091.82	60	9422	
0.4	5.4	19	475	2	3	170	485459	169	483092	0.00697633	0.00347774	0.003	0.01	2858.53	2073.78	45	9422	
0.4	5.4	8	476	8	3	103	191367	103	191367	0.00809709	0.00451254	0.003	0.024	1857.93	1555.79	60	6882	
0.4	5.4	29	477	10	3	142	320531	142	320531	0.00783098	0.00365143	0.003	0.017	2257.26	1856.08	36	8873	
0.4	5.4	50	478	1	3	119	438070	119	438070	0.00423529	0.00267982	0.003	0.01	3681.26	2430.08	45	9422	
0.4	5.4	4	479	1	3	56	170522	56	170522	0.00875	0.00301662	0.003	0.017	3045.04	2494.36	60	9422	
0.4	5.4	9	481	6	3	187	708355	187	708355	0.00490909	0.0031259	0.003	0.01	3787.99	2724.99	45	9422	
0.4	5.4	46	482	29	3	136	380158	136	380158	0.0052647	0.00328687	0.003	0.01	2795.28	1948.88	60	9422	
0.4	5.4	16	483	14	3	130	461049	130	461049	0.00660769	0.00351188	0.003	0.01	3546.53	2121.93	57	9422	
0.4	5.4	22	485	22	3	146	204380	146	204380	0.00693151	0.00402519	0.003	0.017	1399.86	1265.04	21	9422	
0.4	5.4	4	486	12	3	101	386580	101	386580	0.0050099	0.00318275	0.003	0.01	3827.52	2909.63	45	9422	
0.4	5.4	14	488	15	3	149	344676	149	344676	0.00783893	0.00422039	0.003	0.017	2313.26	1785.84	60	9422	
0.4	5.4	34	490	8	3	1	60	1	60	0.003	0	0.003	0.003	60	0	60	60	
0.4	5.4	52	493	70	3	4	2484	4	2484	0.0065	0.00404145	0.003	0.01	621	459.442	60	1184	
0.4	5.4	44	495	5	3	60	284161	60	284161	0.003	0	0.003	0.003	4736.02	3394.86	45	9422	
0.4	5.4	45	496	4	3	49	126148	49	126148	0.004	0.00247487	0.003	0.01	2574.45	1682.09	60	5916	
0.4	5.4	18	500	13	3	117	488213	117	488213	0.00647008	0.00351493	0.003	0.01	4172.76	2212.29	57	9422	
0.4	5.4	52	501	19	3	135	187269	135	187269	0.00538518	0.00333006	0.003	0.01	1387.18	1404.18	36	7099	
0.4	5.4	37	502	54	3	295	418163	295	418163	0.00506441	0.00319746	0.003	0.01	1417.5	1173.7	5	7690	
0.4	5.4	41	505	31	3	97	161152	97	161152	0.00379381	0.00223112	0.003	0.01	1661.36	1233.85	43	5324	
0.4	5.4	2	506	27	3	20	35033	20	35033	0.0058	0.00351837	0.003	0.01	1751.65	1116.33	60	4395	
0.4	5.4	50	508	8	3	60	216069	60	216069	0.00463333	0.00298565	0.003	0.01	3601.15	2713.95	60	9422	
0.4	5.4	55	513	56	3	253	403972	253	403972	0.00679051	0.00401283	0.003	0.017	1596.73	1691.93	6	9422	
0.4	5.4	11	514	17	3	139	502554	139	502554	0.00843885	0.00292445	0.003	0.01	3615.5	2378.22	60	9422	
0.4	5.4	22	515	15	3	247	556488	247	556954	0.00574899	0.0039645	0.003	0.024	2254.87	2276.77	27	9422	
0.4	5.4	56	516	1	3	52	110192	52	110192	0.00448077	0.00288669	0.003	0.01	2119.08	1259.98	60	4733	
0.4	5.4	44	518	9	3	223	764511	223	764511	0.00758296	0.00365162	0.003	0.017	3428.3	2663.51	45	9422	
0.4	5.4	29	519	21	3	11	9001	11	9001	0.00681818	0.00365563	0.003	0.01	818.273	550.584	60	1775	
0.4	5.4	35	520	16	3	80	171740	80	171740	0.0072875	0.00343177	0.003	0.01	2146.75	1412.88	36	7099	
0.4	5.4	17	524	7	3	65	161789	65	161789	0.00784615	0.00369641	0.003	0.017	2489.06	2130.92	60	9422	
0.4	5.4	57	525	11	3	57	95984	57	95984	0.003	0	0.003	0.003	1683.93	1848.98	60	9422	
0.4	5.4	21	527	3	3	152	389596	152	389596	0.003	0	0.003	0.003	2563.13	1822.64	17	9422	
0.4	5.4	11	530	4	3	22	33378	22	33378	0.00745454	0.00344656	0.003	0.01	1517.18	1151.06	60	4395	
0.4	5.4	48	531	6	3	70	139208	69	138616	0.00695652	0.00369592	0.003	0.017	2008.93	1725.2	60	9422	
0.4	5.4	27	532	15	3	54	175840	54	175840	0.00611111	0.00351099	0.003	0.01	3256.3	2393.2	60	9422	
0.4	5.4	52	534	45	3	1	60	1	60	0.003	0	0.003	0.003	60	0	60	60	
0.4	5.4	45	535	19	3	47	165773	47	165773	0.003	0	0.003	0.003	3527.09	3077.63	45	9422	
0.4	5.4	29	536	23	3	119	456418	119	456418	0.00652941	0.00351468	0.003	0.01	3835.45	3102.58	45	9422	
0.4	5.4	13	537	14	3	64	192422	63	190055	0.00655555	0.00352767	0.003	0.01	3016.75	2162.24	45	9422	
0.4	5.4	14	538	13	3	77	140990	77	140990	0.009	0.00353925	0.003	0.017	1831.04	1340.41	60	6255	
0.4	5.4	7	539	19	3	94	328478	95	331436	0.00403158	0.00249447	0.003	0.01	3488.8	2023.68	60	9422	
0.4	5.4	37	543	65	3	22	16119	22	16119	0.00331818	0.00149241	0.003	0.01	732.682	435.094	60	1775	
0.4	5.4	27	544	2	3	4	240	4	240	0.00825	0.0035	0.003	0.01	60	0	60	60	
0.4	5.4	39	545	26	3	6	360	6	360	0.0065	0.00383406	0.003	0.01	60	0	60	60	
0.4	5.4	32	546	6	3	42	80115	42	80115	0.0055	0.00339476	0.003	0.01	1907.5	1967.8	60	8282	
0.4	5.4	10	547	11	3	127	459347	127	459347	0.00829134	0.00301875	0.003	0.01	3616.91	2284.44	60	9422	
0.4	5.4	24	548	16	3	99	363510	99	363510	0.00681818	0.00350325	0.003	0.01	3671.82	2568.76	60	9422	
0.4	5.4	21	549	2	3	19	10197	18	9818	0.00611111	0.00493355	0.003	0.017	545.444	436.575	23	1204	
0.4	5.4	21	550	35	3	289	377334	288	376742	0.0065243	0.00433358	0.003	0.024	1308.13	1408.3	4	9422	
0.4	5.4	44	551	1	3	57	140955	57	140955	0.00963158	0.0024468	0.003	0.017	2472.89	2231.11	36	9422	
0.4	5.4	31	552	15	3	69	190056	69	190056	0.0034058	0.0016478	0.003	0.01	2754.43	1927.23	36	8873	
0.4	5.4	41	553	58	3	104	174752	104	174752	0.003875	0.00232624	0.003	0.01	1680.31	1450.33	7	9422	
0.4	5.4	2	555	10	3	3	180	3	180	0.00533333	0.00404145	0.003	0.01	60	0	60	60	
0.4	5.4	56	556	3	3	69	137555	69	137555	0.00655072	0.00352527	0.003	0.01	1993.55	1690.75	32	9422	
0.4	5.4	37	557	39	3	194	151992	194	151992	0.00494845	0.00380311	0.003	0.017	783.464	655.11	60	3648	
0.4	5.4	40	558	19	3	84	349192	84	349192	0.00683333	0.00350502	0.003	0.01	4157.05	3158.97	45	9422	
0.4	5.4	43	559	15	3	48	119166	48	119166	0.003	0	0.003	0.003	2482.63	2550.23	56	9422	
0.4	5.4	36	560	13	3	137	425534	137	425534	0.00846715	0.0029055	0.003	0.01	3106.09	2352.34	45	9422	
0.4	5.4	6	563	1	3	69	107860	69	107860	0.00675362	0.00351637	0.003	0.01	1563.19	1464.96	60	7099	
0.4	5.4	37	566	28	3	180	160216	180	160216	0.0058	0.00388724	0.003	0.017	890.089	730.211	47	5324	
0.4	5.4	57	567	14	3	33	94195	33	94195	0.00406061	0.00254877	0.003	0.01	2854.39	2171.68	60	9422	
0.4	5.4	45	568	6	3	3	180	3	180	0.00533333	0.00404145	0.003	0.01	60	0	60	60	
0.4	5.4	21	569	33	3	267	285206	267	285206	0.00611985	0.00437619	0.003	0.017	1068.19	998.726	36	4395	
0.4	5.4	23	570	16	3	74	295341	74	295341	0.00612162	0.00350324	0.003	0.01	3991.09	2612.3	60	9422	
0.4	5.4	46	571	20	3	236	740473	236	740473	0.003	0	0.003	0.003	3137.6	1955.1	60	9422	
0.4	5.4	52	572	67	3	139	288972	139	288972	0.003	0	0.003	0.003	2078.94	1624.9	24	8282	
0.4	5.4	9	573	16	3	108	403021	108	403021	0.003	0	0.003	0.003	3731.68	2258.4	45	9422	
0.4	5.4	52	575	9	3	4	3667	3	1892	0.00766667	0.00404145	0.003	0.01	630.667	562.2	60	1184	
0.4	5.4	18	578	3	3	105	328519	104	324969	0.00885577	0.00260104	0.003	0.01	3124.7	1751.18	36	9422	
0.4	5.4	33	580	13	3	142	466947	141	465763	0.00776596	0.00337985	0.003	0.017	3303.28	1820.06	60	9422	
0.4	5.4	37	581	51	3	236	234117	236	234117	0.00534322	0.00349419	0.003	0.017	992.021	833.119	36	6302	
0.4	5.4	41	583	35	3	2	120	2	120	0.0065	0.00494975	0.003	0.01	60	0	60	60	
0.4	5.4	10	584	2	3	76	212539	76	212539	0.00871053	0.00273162	0.003	0.01	2796.57	2319.21	45	9422	
0.4	5.4	47	585	9	3	41	95388	41	95388	0.00846341	0.00332489	0.003	0.017	2326.54	1326.54	60	5915	
0.4	5.4	17	586	13	3	85	201899	85	201899	0.00555294	0.00338943	0.003	0.01	2375.28	2115.96	45	9422	
0.4	5.4	44	587	11	3	35	57523	34	56931	0.00773529	0.00332401	0.003	0.01	1674.44	1317.61	60	4395	
0.4	5.4	25	588	13	3	105	204323	104	204256	0.00697115	0.00361887	0.003	0.017	1964	1938.52	45	9422	
0.4	5.4	31	592	22	3	81	199068	81	199068	0.00662963	0.00351939	0.003	0.01	2457.63	1987.23	3	9422	
0.4	5.4	50	593	13	3	83	266486	83	266486	0.00839759	0.00315432	0.003	0.017	3210.67	2518.02	60	9422	
0.4	5.4	17	594	8	3	140	346416	140	346416	0.0078	0.00366826	0.003	0.017	2474.4	1922.32	60	9422	
0.4	5.4	5	597	21	3	148	370603	149	371195	0.00675839	0.00394669	0.003	0.017	2491.24	1948.61	60	9422	
0.4	5.4	44	598	8	3	127	372301	128	373485	0.00622656	0.00350301	0.003	0.01	2917.85	2016.04	45	9422	
0.4	5.4	33	599	10	3	39	88881	39	88881	0.00838461	0.00339206	0.003	0.017	2279	1761.97	60	7690	
0.4	5.4	23	600	1	3	39	132645	39	132645	0.003	0	0.003	0.003	3401.15	2417.71	60	9422	
0.4	5.4	37	601	40	3	214	224624	212	223496	0.00564151	0.00402643	0.003	0.017	1054.23	1232.99	9	9422	
0.4	5.4	37	602	19	3	272	422778	272	422778	0.00462132	0.00295851	0.003	0.01	1554.33	1356.82	32	9422	
0.4	5.4	48	603	3	3	67	214896	67	214896	0.00655224	0.00352602	0.003	0.01	3207.4	2261.81	36	8873	
0.4	5.4	19	604	3	3	133	402019	133	402019	0.008	0.00361185	0.003	0.017	3022.7	2082.73	60	9422	
0.4	5.4	6	607	22	3	117	283590	117	283590	0.00652991	0.00351493	0.003	0.01	2423.85	1844.57	38	9422	
0.4	5.4	57	609	8	3	66	194792	66	194792	0.00851515	0.0028836	0.003	0.01	2951.39	2576.28	60	9422	
0.4	5.4	32	611	10	3	40	101892	40	101892	0.009125	0.00234452	0.003	0.01	2547.3	1727.9	60	7690	
0.4	5.4	6	613	18	3	199	640948	198	638581	0.00519192	0.0032546	0.003	0.01	3225.16	2435.7	45	9422	
0.4	5.4	52	615	78	3	6	360	6	360	0.0111667	0.00285774	0.01	0.017	60	0	60	60	
0.4	5.4	43	616	17	3	14	36801	14	36801	0.003	0	0.003	0.003	2628.64	1925.97	60	5664	
0.4	5.4	43	617	10	3	161	391643	161	391643	0.00747826	0.00354804	0.003	0.017	2432.57	1888.12	60	9422	
0.4	5.4	19	619	18	3	1	60	1	60	0.01	0	0.01	0.01	60	0	60	60	
0.4	5.4	41	622	20	3	1	60	1	60	0.01	0	0.01	0.01	60	0	60	60	
0.4	5.4	25	623	1	3	186	455304	186	455304	0.00706452	0.00361321	0.003	0.017	2447.87	2046.8	60	9422	
0.4	5.4	41	624	79	3	124	197930	124	197930	0.00683871	0.00392695	0.003	0.017	1596.21	1081.52	60	6507	
0.4	5.4	14	625	5	3	70	202484	70	202484	0.0071	0.00347308	0.003	0.01	2892.63	2010.21	60	9422	
0.4	5.4	9	627	11	3	168	580671	168	580671	0.005625	0.00339899	0.003	0.01	3456.38	2589.93	45	9422	
0.4	5.4	32	628	4	3	48	176424	48	176424	0.003	0	0.003	0.003	3675.5	2433.19	60	9422	
0.4	5.4	21	629	27	3	241	381498	241	381498	0.00590456	0.00345616	0.003	0.01	1582.98	1265.47	7	5916	
0.4	5.4	27	630	22	3	132	346393	132	346393	0.00915151	0.00299996	0.003	0.017	2624.19	2159.13	60	9422	
0.4	5.4	52	633	69	3	27	72319	27	72319	0.003	0	0.003	0.003	2678.48	1515.53	60	7099	
0.4	5.4	8	635	4	3	204	616128	204	619677	0.00553921	0.00377879	0.003	0.017	3037.63	2531.06	45	9422	
0.4	5.4	50	637	17	3	59	163419	59	163419	0.003	0	0.003	0.003	2769.81	2641	45	9422	
0.4	5.4	10	638	10	3	146	472962	146	472962	0.003	0	0.003	0.003	3239.47	3064.71	45	9422	
0.4	5.4	46	640	18	3	212	479485	212	479485	0.00752358	0.00398747	0.003	0.017	2261.72	1856.79	60	9422	
0.4	5.4	4	641	22	3	81	255246	81	255246	0.00758025	0.00334987	0.003	0.01	3151.19	2491.59	45	9422	
0.4	5.4	9	643	8	3	93	245100	93	245100	0.00729032	0.00342808	0.003	0.01	2635.48	1693.75	60	9422	
0.4	5.4	47	644	10	3	107	482877	107	482877	0.00411215	0.00257098	0.003	0.01	4512.87	2650.36	45	9422	
0.4	5.4	21	646	16	3	49	63593	49	63593	0.006	0.0035	0.003	0.01	1297.82	1187.14	26	4395	
0.4	5.4	13	647	13	3	120	346272	120	346272	0.00615	0.00349706	0.003	0.01	2885.6	2305.07	45	9422	
0.4	5.4	57	650	17	3	134	415730	134	415730	0.0065	0.00351313	0.003	0.01	3102.46	2241.99	45	9422	
0.4	5.4	35	651	18	3	129	254708	129	254708	0.00875194	0.00308735	0.003	0.017	1974.48	1780.07	60	9422	
0.4	5.4	39	652	44	3	81	128685	79	122767	0.00512658	0.00323984	0.003	0.01	1554.01	1340.26	60	9422	
0.4	5.4	56	653	6	3	3	180	3	180	0.00766667	0.00404145	0.003	0.01	60	0	60	60	
0.4	5.4	34	657	55	3	89	102577	89	102577	0.00630337	0.00351427	0.003	0.01	1152.55	827.691	31	4395	
0.4	5.4	55	659	55	3	33	57539	33	57539	0.00639394	0.00355263	0.003	0.01	1743.61	1736.64	36	9422	
0.4	5.4	50	660	12	3	104	402443	104	402443	0.00750961	0.00336745	0.003	0.01	3869.64	2434.49	45	9422	
0.4	5.4	5	662	15	3	68	216817	68	216817	0.003	0	0.003	0.003	3188.49	2623.97	45	9422	
0.4	5.4	12	663	13	3	147	652032	147	652032	0.00657143	0.00351123	0.003	0.01	4435.59	2868.76	45	9422	
0.4	5.4	39	664	28	3	1	60	1	60	0.01	0	0.01	0.01	60	0	60	60	
0.4	5.4	3	666	4	3	147	509694	147	509694	0.00542857	0.00334336	0.003	0.01	3467.31	2604.01	45	9422	
0.4	5.4	10	667	14	3	61	200335	61	200335	0.0087377	0.00271356	0.003	0.01	3284.18	2795.27	60	9422	
0.4	5.4	18	668	6	3	36	80007	36	80007	0.00708333	0.0035	0.003	0.01	2222.42	1277.65	60	4733	
0.4	5.4	23	669	17	3	62	149828	62	149828	0.00774193	0.00329896	0.003	0.01	2416.58	2068.56	60	9422	
0.4	5.4	39	672	1	3	69	80062	69	80062	0.00665217	0.00409025	0.003	0.017	1160.32	1173.74	60	4904	
0.4	5.4	16	674	10	3	37	115499	37	115499	0.00451351	0.00292139	0.003	0.01	3121.59	1600.77	60	5324	
0.4	5.4	29	680	15	3	27	53434	27	53434	0.003	0	0.003	0.003	1979.04	1380.27	60	5324	
0.4	5.4	31	684	27	3	124	246506	124	246506	0.00689516	0.00381869	0.003	0.017	1987.95	1877.37	60	9422	
0.4	5.4	29	685	17	3	103	175319	103	175319	0.00809709	0.0031296	0.003	0.01	1702.13	1617.82	60	9422	
0.4	5.4	44	686	12	3	78	195634	78	195634	0.00820513	0.00346545	0.003	0.017	2508.13	2045.91	60	9422	
0.4	5.4	42	687	10	3	51	122600	51	122600	0.00423529	0.00269509	0.003	0.01	2403.92	1621.21	60	7099	
0.4	5.4	14	688	10	3	148	422636	149	426186	0.00657047	0.00360415	0.003	0.017	2860.31	2245.34	45	9422	
0.4	5.4	1	690	11	3	2	120	2	120	0.0065	0.00494975	0.003	0.01	60	0	60	60	
0.4	5.4	51	691	1	3	86	215004	86	215004	0.00853488	0.00286438	0.003	0.01	2500.05	2469.56	60	9422	
0.4	5.4	33	693	17	3	130	517109	130	517109	0.00380769	0.00224505	0.003	0.01	3977.76	2795.5	45	9422	
0.4	5.4	41	694	16	3	169	142925	169	142925	0.00511243	0.00339894	0.003	0.017	845.71	858.219	20	5891	
0.4	5.4	3	695	3	3	83	256919	83	256919	0.003	0	0.003	0.003	3095.41	2320.37	45	9422	
0.4	5.4	41	696	40	3	1	60	1	60	0.003	0	0.003	0.003	60	0	60	60	
0.4	5.4	22	697	19	3	37	48671	37	48671	0.00545946	0.00338784	0.003	0.01	1315.43	1002.78	60	4395	
0.4	5.4	16	702	13	3	60	187800	60	187800	0.0086	0.00282363	0.003	0.01	3130	2416.14	13	9422	
0.4	5.4	9	704	12	3	39	146839	39	146839	0.00766667	0.00334297	0.003	0.01	3765.1	1963.39	60	8873	
0.4	5.4	14	705	14	3	115	388378	115	388378	0.003	0	0.003	0.003	3377.2	2614.34	45	9422	
0.4	5.4	21	707	20	3	93	128008	93	128008	0.00586021	0.00345968	0.003	0.01	1376.43	1314.65	60	7099	
0.4	5.4	6	708	15	3	18	26758	18	26758	0.00883333	0.00432843	0.003	0.017	1486.56	1244.5	60	5324	
0.4	5.4	3	711	8	3	6	5444	5	3669	0.0072	0.00383406	0.003	0.01	733.8	550.207	60	1388	
0.4	5.4	34	713	50	3	65	66434	65	66434	0.0072	0.00387379	0.003	0.017	1022.06	586.317	60	4141	
0.4	5.4	41	714	36	3	5	3670	5	3670	0.01	0	0.01	0.01	734	446.401	60	1184	
0.4	5.4	42	716	2	3	76	202030	76	202030	0.0030921	0.000802955	0.003	0.01	2658.29	2061.4	45	9422	
0.4	5.4	37	717	31	3	192	213911	192	213911	0.00526042	0.0032817	0.003	0.01	1114.12	901.992	6	5324	
0.4	5.4	49	718	11	3	77	149827	77	149827	0.00836364	0.0031909	0.003	0.017	1945.81	1947.47	60	9422	
0.4	5.4	5	722	20	3	123	438551	123	438551	0.00539024	0.00333298	0.003	0.01	3565.46	2530.56	45	9422	
0.4	5.4	37	723	6	3	1	60	1	60	0.003	0	0.003	0.003	60	0	60	60	
0.4	5.4	39	725	54	3	92	98436	91	93532	0.00592308	0.00405032	0.003	0.017	1027.82	957.431	60	4736	
0.4	5.4	34	726	10	3	291	449893	291	449893	0.00677663	0.00372896	0.003	0.017	1546.02	1308.13	68	9422	
0.4	5.4	36	727	12	3	49	113729	49	113729	0.00371428	0.00214087	0.003	0.01	2321	2007.25	60	8873	
0.4	5.4	8	728	27	3	26	19780	24	17117	0.00620833	0.00411761	0.003	0.017	713.208	441.639	60	1775	
0.4	5.4	7	730	18	3	118	403761	118	403761	0.00632203	0.00351038	0.003	0.01	3421.7	2489.64	60	9422	
0.4	5.4	47	731	11	3	4	240	4	240	0.00475	0.0035	0.003	0.01	60	0	60	60	
0.4	5.4	37	735	64	3	46	38054	46	38054	0.0058913	0.00348475	0.003	0.01	827.261	553.483	60	2600	
0.4	5.4	27	736	23	3	2	120	2	120	0.01	0	0.01	0.01	60	0	60	60	
0.4	5.4	54	737	3	3	139	582346	139	582346	0.00496403	0.00315634	0.003	0.01	4189.54	2622.5	36	9422	
0.4	5.4	46	738	12	3	133	356369	133	356369	0.00747368	0.00368983	0.003	0.017	2679.47	2156.03	45	9422	
0.4	5.4	39	739	9	3	2	120	2	120	0.0065	0.00494975	0.003	0.01	60	0	60	60	
0.4	5.4	52	741	46	3	199	172742	199	172742	0.00539196	0.00381347	0.003	0.017	868.05	671.911	4	4107	
0.4	5.4	2	742	9	3	112	162908	112	162908	0.0075625	0.0034791	0.003	0.017	1454.54	1004.4	24	4395	
0.4	5.4	53	745	4	3	60	179398	60	179398	0.00871667	0.00273143	0.003	0.01	2989.97	2115.25	60	9422	
0.4	5.4	17	747	3	3	26	45090	26	45090	0.00946154	0.00274563	0.003	0.017	1734.23	1720.07	60	7099	
0.4	5.4	21	749	10	3	168	373689	169	380196	0.00610651	0.00348815	0.003	0.01	2249.68	1651.49	60	8282	
0.4	5.4	55	750	50	3	11	8407	11	8407	0.00363636	0.00211058	0.003	0.01	764.273	534.526	60	1775	
0.4	5.4	52	751	68	3	4	240	4	240	0.0065	0.00404145	0.003	0.01	60	0	60	60	
0.4	5.4	46	752	30	3	155	480111	155	480111	0.003	0	0.003	0.003	3097.49	2236.82	45	9422	
0.4	5.4	3	753	21	3	121	303816	121	303816	0.00757025	0.00334621	0.003	0.01	2510.88	1761.5	36	9422	
0.4	5.4	9	754	7	3	1	60	1	60	0.003	0	0.003	0.003	60	0	60	60	
0.4	5.4	52	755	47	3	236	198717	236	198717	0.00590678	0.00385589	0.003	0.017	842.021	649.324	18	4395	
0.4	5.4	41	756	55	3	117	113377	117	113377	0.00545299	0.00371274	0.003	0.017	969.034	841.137	43	4210	
0.4	5.4	33	757	3	3	148	510720	148	510720	0.003	0	0.003	0.003	3450.81	1827.12	60	9422	
0.4	5.4	41	759	15	3	3	180	3	180	0.00766667	0.00404145	0.003	0.01	60	0	60	60	
0.4	5.4	46	760	28	3	69	155858	69	155858	0.003	0	0.003	0.003	2258.81	1288.71	60	4733	
0.4	5.4	21	762	14	3	62	100156	62	100156	0.00582258	0.00346185	0.003	0.01	1615.42	1126.59	60	5324	
0.4	5.4	37	763	29	3	118	107509	118	107509	0.0048983	0.00350431	0.003	0.017	911.093	1076.08	55	6330	
0.4	5.4	57	765	1	3	16	43903	16	43903	0.0078125	0.00335099	0.003	0.01	2743.94	2625.79	45	9422	
0.4	5.4	46	767	11	3	56	111982	56	111982	0.006	0.00349545	0.003	0.01	1999.68	1322.44	60	5324	
0.4	5.4	32	768	16	3	128	551563	128	551563	0.003	0	0.003	0.003	4309.09	2631.03	45	9422	
0.4	5.4	46	769	10	3	73	134480	73	134480	0.00635616	0.00352124	0.003	0.01	1842.19	1321.81	60	4733	
0.4	5.4	31	770	25	3	159	477056	159	477056	0.00669811	0.00376149	0.003	0.017	3000.35	2344.69	45	9422	
0.4	5.4	52	771	55	3	187	164220	187	164220	0.00524599	0.00335585	0.003	0.017	878.182	680.616	60	4395	
0.4	5.4	2	774	3	3	115	303207	116	303799	0.00559483	0.00339559	0.003	0.01	2618.96	2287.34	45	9422	
0.4	5.4	19	775	14	3	41	90080	41	90080	0.00641463	0.0044608	0.003	0.017	2197.07	1578.72	60	7099	
0.4	5.4	57	778	10	3	30	57630	30	57630	0.003	0	0.003	0.003	1921	1423.34	60	5324	
0.4	5.4	36	779	1	3	21	40357	21	40357	0.00466667	0.00305505	0.003	0.01	1921.76	1736.21	60	5324	
0.4	5.4	24	780	6	3	109	416031	109	416031	0.00569725	0.00342243	0.003	0.01	3816.8	2103.75	57	8873	
0.4	5.4	39	781	27	3	2	120	2	120	0.01	0	0.01	0.01	60	0	60	60	
0.4	5.4	7	782	3	3	107	424440	107	424440	0.00417757	0.00263078	0.003	0.01	3966.73	2333.29	60	9422	
0.4	5.4	3	783	10	3	221	623463	219	619911	0.00795434	0.00388926	0.003	0.017	2830.64	2181.03	26	9422	
0.4	5.4	4	784	20	3	143	561569	143	561569	0.003	0	0.003	0.003	3927.06	2816.94	45	9422	
0.4	5.4	19	787	5	3	78	212553	78	212553	0.00641026	0.00369779	0.003	0.017	2725.04	2358.4	60	9422	
0.4	5.4	52	788	51	3	101	123401	101	123401	0.00570297	0.00383026	0.003	0.017	1221.79	1381.09	60	9422	
0.4	5.4	57	790	9	3	146	593534	146	593534	0.003	0	0.003	0.003	4065.3	2548.35	45	9422	
0.4	5.4	3	792	9	3	61	154668	61	154668	0.00609836	0.00350573	0.003	0.01	2535.54	2216.5	60	9422	
0.4	5.4	12	793	7	3	7	8994	7	8994	0.007	0.00374166	0.003	0.01	1284.86	1067.13	60	3182	
0.4	5.4	37	797	59	3	218	196828	219	198776	0.00613242	0.00379713	0.003	0.017	907.653	634.828	5	2958	
0.4	5.4	20	799	9	3	2	120	2	120	0.0065	0.00494975	0.003	0.01	60	0	60	60	
0.4	5.4	34	800	35	3	10	3680	10	3680	0.0044	0.00295146	0.003	0.01	368	187.452	60	631	
0.4	5.4	38	801	5	3	235	406958	235	406958	0.00711064	0.00426731	0.003	0.017	1731.74	1617.45	13	8873	
0.4	5.4	56	802	23	3	67	209590	67	209590	0.003	0	0.003	0.003	3128.21	2352.98	45	9422	
0.4	5.4	55	803	40	3	9	7224	8	5449	0.0065	0.00374166	0.003	0.01	681.125	440.575	60	1383	
0.4	5.4	16	804	11	3	110	411904	110	411904	0.00758182	0.00334385	0.003	0.01	3744.58	2406.71	36	9422	
0.4	5.4	53	806	1	3	50	112547	50	112547	0.00916	0.00229783	0.003	0.01	2250.94	2412.74	60	9422	
0.4	5.4	56	808	12	3	14	14324	14	14324	0.007	0.00359487	0.003	0.01	1023.14	615.331	60	1775	
0.4	5.4	30	811	10	3	1	60	1	60	0.01	0	0.01	0.01	60	0	60	60	
0.4	5.4	37	812	7	3	1	60	1	60	0.003	0	0.003	0.003	60	0	60	60	
0.4	5.4	48	813	1	3	51	131013	51	131013	0.00711765	0.00375045	0.003	0.017	2568.88	1923.22	60	9422	
0.4	5.4	55	814	5	3	2	120	2	120	0.01	0.00989949	0.003	0.017	60	0	60	60	
0.4	5.4	35	815	8	3	111	363527	111	363527	0.00672072	0.00350887	0.003	0.01	3275.02	2070.96	60	9422	
0.4	5.4	39	817	18	3	71	120876	71	120876	0.0053662	0.00333484	0.003	0.01	1702.48	1306.57	60	7099	
0.4	5.4	14	818	4	3	61	218432	61	218432	0.00896721	0.00250311	0.003	0.01	3580.85	2434.34	60	9422	
0.4	5.4	26	820	8	3	13	33249	13	33249	0.00623077	0.00363212	0.003	0.01	2557.62	1441.81	60	5324	
0.4	5.4	46	821	27	3	80	164742	78	158825	0.00766667	0.00350757	0.003	0.017	2036.22	1519.63	60	6877	
0.4	5.4	16	822	1	3	80	274061	80	274061	0.009125	0.00375643	0.003	0.017	3425.76	2436.41	60	9422	
0.4	5.4	16	823	3	3	2	120	2	120	0.0065	0.00494975	0.003	0.01	60	0	60	60	
0.4	5.4	3	824	18	3	123	268210	123	268210	0.0073252	0.00375149	0.003	0.017	2180.57	1788.61	60	9422	
0.4	5.4	8	827	35	3	118	187424	117	186832	0.00575214	0.00343387	0.003	0.01	1596.85	1158.58	60	6507	
0.4	5.4	41	831	72	3	178	335608	179	332707	0.0068324	0.00372282	0.003	0.017	1858.7	1905.98	84	8873	
0.4	5.4	38	833	11	3	35	72913	35	72913	0.0064	0.00393476	0.003	0.017	2083.23	1641.82	60	7577	
0.4	5.4	55	834	2	3	198	278573	198	278573	0.00561616	0.00367653	0.003	0.017	1406.93	1340.19	60	8873	
0.4	5.4	39	837	67	3	2	708	2	708	0.0065	0.00494975	0.003	0.01	354	415.779	60	648	
0.4	5.4	5	838	10	3	86	158887	86	158887	0.00731395	0.00404173	0.003	0.017	1847.52	1489.25	60	9422	
0.4	5.4	43	839	13	3	185	577748	185	577748	0.00712432	0.00360415	0.003	0.017	3122.96	2498.82	45	9422	
0.4	5.4	15	840	4	3	85	281277	84	277136	0.00841667	0.00294614	0.003	0.01	3299.24	2448.2	60	9422	
0.4	5.4	34	841	65	3	122	291061	122	291061	0.003	0	0.003	0.003	2385.75	1778.52	32	9422	
0.4	5.4	13	843	3	3	53	105562	53	105562	0.00498113	0.00318343	0.003	0.01	1991.74	2040.43	60	9422	
0.4	5.4	52	848	27	3	158	160604	158	160604	0.00592405	0.00355224	0.003	0.017	1016.48	863.823	34	6882	
0.4	5.4	37	849	53	3	2	120	2	120	0.0065	0.00494975	0.003	0.01	60	0	60	60	
0.4	5.4	52	852	63	3	86	71196	86	71196	0.00519767	0.00326774	0.003	0.01	827.86	956.711	43	7673	
0.4	5.4	36	853	8	3	24	43904	24	43904	0.00970833	0.00142887	0.003	0.01	1829.33	1122.58	60	4141	
0.4	5.4	14	854	12	3	159	625011	159	625011	0.00449685	0.00287916	0.003	0.01	3930.89	2482.87	45	9422	
0.4	5.4	18	855	2	3	49	152765	47	148030	0.00806383	0.00316506	0.003	0.01	3149.57	2181.55	45	9422	
0.4	5.4	55	856	25	3	98	125994	98	125994	0.00614286	0.00439541	0.003	0.017	1285.65	916.973	60	4141	
0.4	5.4	46	857	7	3	184	606864	184	606864	0.003	0	0.003	0.003	3298.17	2472.4	45	9422	
0.4	5.4	36	861	2	3	124	596576	124	596576	0.003	0	0.003	0.003	4811.1	2672.17	45	9422	
0.4	5.4	4	862	15	3	32	105432	32	105432	0.007375	0.00344309	0.003	0.01	3294.75	2638.87	60	9422	
0.4	5.4	12	863	14	3	74	267059	74	267059	0.00735135	0.00341805	0.003	0.01	3608.91	2619.28	60	9422	
0.4	5.4	56	864	27	3	80	298430	80	298430	0.003	0	0.003	0.003	3730.37	2152.4	60	7690	
0.4	5.4	7	865	4	3	1	60	1	60	0.01	0	0.01	0.01	60	0	60	60	
0.4	5.4	36	868	7	3	32	106020	32	106020	0.00934375	0.00207301	0.003	0.01	3313.12	2473.14	60	9422	
0.4	5.4	41	869	22	3	2	120	2	120	0.0065	0.00494975	0.003	0.01	60	0	60	60	
0.4	5.4	37	870	61	3	179	183150	179	183150	0.0049162	0.00312991	0.003	0.01	1023.18	828.163	23	4395	
0.4	5.4	16	871	9	3	1	60	1	60	0.01	0	0.01	0.01	60	0	60	60	
0.4	5.4	14	872	1	3	25	28643	25	28643	0.00692	0.00354636	0.003	0.01	1145.72	591.517	60	2367	
0.4	5.4	40	873	21	3	1	60	1	60	0.003	0	0.003	0.003	60	0	60	60	
0.4	5.4	34	876	59	3	9	3678	9	3678	0.00455555	0.00308671	0.003	0.01	408.667	359.663	9	1184	
0.4	5.4	18	877	7	3	85	293110	83	283051	0.00881928	0.00263719	0.003	0.01	3410.25	2301.35	45	9422	
0.4	5.4	8	879	30	3	281	462531	279	460444	0.00671326	0.00388182	0.003	0.017	1650.34	1512.74	60	9422	
0.4	5.4	56	881	8	3	84	224380	84	224380	0.006	0.00348491	0.003	0.01	2671.19	2143.12	60	9422	
0.4	5.4	40	882	24	3	145	504826	145	504826	0.00541379	0.00333872	0.003	0.01	3481.56	2568.83	45	9422	
0.4	5.4	7	883	14	3	54	151005	54	151005	0.00675926	0.00352316	0.003	0.01	2796.39	2174.74	60	9422	
0.4	5.4	25	884	5	3	13	20240	13	20240	0.00892308	0.00262874	0.003	0.01	1556.92	774.819	60	2955	
0.4	5.4	23	885	5	3	85	182382	85	182382	0.00892941	0.00275503	0.003	0.017	2145.67	1744.79	60	9422	
0.4	5.4	44	887	20	3	112	345691	112	345691	0.00575	0.00343406	0.003	0.01	3086.53	2271.98	36	9422	
0.4	5.4	52	888	80	3	204	240017	204	240017	0.00632843	0.00370527	0.003	0.017	1176.55	962.739	36	5358	
0.4	5.4	25	889	28	3	141	391264	141	391264	0.00811347	0.00353774	0.003	0.017	2774.92	2000.77	60	9422	
0.4	5.4	43	892	11	3	109	219216	109	219216	0.00730275	0.00391697	0.003	0.017	2011.16	1650.49	5	9422	
0.4	5.4	40	894	22	3	16	19646	16	19646	0.0086875	0.00282179	0.003	0.01	1227.88	685.879	60	2367	
0.4	5.4	45	896	18	3	96	212076	96	212076	0.00839583	0.00328787	0.003	0.017	2209.12	2197.83	60	9422	
0.4	5.4	9	897	2	3	87	275248	87	275248	0.00557471	0.00339504	0.003	0.01	3163.77	2252.32	60	9422	
0.4	5.4	33	899	11	3	1	60	1	60	0.01	0	0.01	0.01	60	0	60	60	
0.4	5.4	43	900	12	3	110	263668	109	260707	0.00884404	0.00261114	0.003	0.01	2391.81	1866.27	60	9422	
0.4	5.4	14	901	18	3	54	157511	54	157511	0.00961111	0.00251349	0.003	0.017	2916.87	2532.91	60	9422	
0.4	5.4	6	903	17	3	195	575434	195	575434	0.00594359	0.00346438	0.003	0.01	2950.94	2366.97	7	9422	
0.4	5.4	6	905	8	3	100	155421	98	148670	0.00685714	0.0041592	0.003	0.017	1517.04	1591.78	60	8873	
0.4	5.4	5	907	3	3	99	262262	99	262262	0.0059697	0.0034772	0.003	0.01	2649.11	2108.93	60	9422	
0.4	5.4	49	908	9	3	145	452162	145	452162	0.00565517	0.00340828	0.003	0.01	3118.36	2465.75	45	9422	
0.4	5.4	25	910	16	3	69	206140	69	206140	0.00553623	0.00338934	0.003	0.01	2987.54	2457.79	60	9422	
0.4	5.4	29	914	12	3	117	277204	117	277204	0.0067094	0.00362715	0.003	0.017	2369.26	1700.6	18	9422	
0.4	5.4	39	915	41	3	12	14322	12	14322	0.00708333	0.0036045	0.003	0.01	1193.5	658.785	60	1775	
0.4	5.4	37	917	15	3	3	180	3	180	0.00533333	0.00404145	0.003	0.01	60	0	60	60	
0.4	5.4	7	918	15	3	134	522534	134	522534	0.0039403	0.00239599	0.003	0.01	3899.51	2654.47	36	9422	
0.4	5.4	28	919	14	3	80	136938	80	136938	0.007725	0.00456174	0.003	0.017	1711.73	1401.45	60	5664	
0.4	5.4	28	920	11	3	135	418743	135	418743	0.00465926	0.00333494	0.003	0.017	3101.8	2539.25	60	9422	
0.4	5.4	27	924	16	3	130	397240	130	397240	0.00768461	0.00363453	0.003	0.017	3055.69	2534.52	45	9422	
0.4	5.4	13	925	4	3	73	190654	73	190654	0.00549315	0.00337525	0.003	0.01	2611.7	1734.66	57	5916	
0.4	5.4	30	927	11	3	3	180	3	180	0.01	0	0.01	0.01	60	0	60	60	
0.4	5.4	41	928	76	3	25	45107	25	45107	0.00356	0.00193821	0.003	0.01	1804.28	1144.51	60	4395	
0.4	5.4	49	929	4	3	8	14318	7	8994	0.009	0.00264575	0.003	0.01	1284.86	702.637	60	1980	
0.4	5.4	34	930	51	3	183	233637	183	233637	0.00667213	0.00457197	0.003	0.017	1276.7	1388.88	8	9422	
0.4	5.4	16	931	6	3	94	261298	94	261298	0.00828723	0.00319483	0.003	0.017	2779.77	2111.45	60	9422	
0.4	5.4	57	932	19	3	158	392074	158	392074	0.00698734	0.00347693	0.003	0.01	2481.48	2212.7	60	9422	
0.4	5.4	41	934	45	3	5	2486	5	2486	0.003	0	0.003	0.003	497.2	431.635	60	1095	
0.4	5.4	38	935	18	3	73	164038	73	164038	0.00712329	0.00365888	0.003	0.017	2247.1	1951.09	60	9422	
0.4	5.4	6	936	19	3	159	297389	159	297389	0.00735849	0.00391246	0.003	0.017	1870.37	1902.51	13	9422	
0.4	5.4	52	939	42	3	180	144277	180	144277	0.00545	0.00428102	0.003	0.017	801.539	978.269	8	9422	
0.4	5.4	26	940	7	3	154	552590	154	552590	0.00309091	0.000795113	0.003	0.01	3588.25	2424.25	60	9422	
0.4	5.4	21	941	21	3	115	110323	115	110323	0.00513043	0.00323501	0.003	0.01	959.33	816.928	34	4395	
0.4	5.4	46	944	3	3	6	8992	6	8992	0.00416667	0.00285774	0.003	0.01	1498.67	1204.42	60	3550	
0.4	5.4	39	945	5	3	32	29738	31	29146	0.00480645	0.00311362	0.003	0.01	940.194	627.556	40	2577	
0.4	5.4	42	946	24	3	46	112673	46	112673	0.00665217	0.00353533	0.003	0.01	2449.41	2122.65	60	9422	
0.4	5.4	37	947	12	3	110	154661	110	154661	0.003	0	0.003	0.003	1406.01	887.515	60	4395	
0.4	5.4	39	948	20	3	67	80648	67	80648	0.00676119	0.00444866	0.003	0.017	1203.7	1286.07	10	9422	
0.4	5.4	42	949	14	3	168	681184	168	681184	0.003	0	0.003	0.003	4054.67	2640.68	45	9422	
0.4	5.4	23	950	6	3	105	258308	105	258308	0.00773333	0.00329121	0.003	0.01	2460.08	2050.98	60	9422	
0.4	5.4	46	951	13	3	39	72908	39	72908	0.00730769	0.00345005	0.003	0.01	1869.44	2000.66	60	8873	
0.4	5.4	52	952	18	3	160	154113	160	154113	0.0058875	0.00371464	0.003	0.017	963.206	1046.54	19	5664	
0.4	5.4	27	953	12	3	89	177062	89	177062	0.0077191	0.00391671	0.003	0.017	1989.46	1685.24	60	9422	
0.4	5.4	11	954	3	3	21	77031	21	77031	0.00833333	0.00305505	0.003	0.01	3668.14	2888.02	57	9422	
0.4	5.4	14	955	19	3	102	381258	102	381258	0.00368627	0.00209185	0.003	0.01	3737.82	2286.58	60	9422	
0.4	5.4	31	956	5	3	102	262367	101	260592	0.00452475	0.00290377	0.003	0.01	2580.12	1992.3	60	9422	
0.4	5.4	5	958	14	3	170	511391	170	511391	0.00592353	0.0034624	0.003	0.01	3008.18	2323.11	46	9422	
0.4	5.4	33	959	21	3	182	643382	182	643382	0.00380769	0.00224257	0.003	0.01	3535.07	2360.71	45	9422	
0.4	5.4	15	960	2	3	31	111347	31	111347	0.00616129	0.00354116	0.003	0.01	3591.84	2865.97	60	9422	
0.4	5.4	16	962	8	3	126	529086	127	530861	0.00625197	0.00350503	0.003	0.01	4180.01	2805.3	45	9422	
0.4	5.4	12	963	5	3	28	76440	28	76440	0.00925	0.00220479	0.003	0.01	2730	2126.95	60	7099	
0.4	5.4	30	964	12	3	111	351701	111	351701	0.00754054	0.0033569	0.003	0.01	3168.48	2477.5	45	9422	
0.4	5.4	41	965	43	3	98	206225	98	206225	0.005	0.00317854	0.003	0.01	2104.34	1592.77	41	7911	
0.4	5.4	56	966	28	3	26	79402	26	79402	0.00488461	0.00316641	0.003	0.01	3053.92	1842.3	60	6882	
0.4	5.4	31	967	12	3	149	274290	149	274290	0.00797986	0.00432852	0.003	0.024	1840.87	1568.12	60	9422	
0.4	5.4	18	969	15	3	61	202476	61	202476	0.0087377	0.00271356	0.003	0.01	3319.28	2379.49	60	9422	
0.4	5.4	7	970	8	3	1	60	1	60	0.003	0	0.003	0.003	60	0	60	60	
0.4	5.4	34	971	49	3	197	383733	197	383733	0.00605584	0.00348055	0.003	0.01	1947.88	1643.73	19	9422	
0.4	5.4	34	973	56	3	28	72313	28	72313	0.003	0	0.003	0.003	2582.61	2449.37	60	9422	
0.4	5.4	1	974	3	3	34	113714	34	113714	0.003	0	0.003	0.003	3344.53	2727.82	60	9422	
0.4	5.4	46	977	19	3	81	179084	81	179084	0.00706173	0.0036481	0.003	0.017	2210.91	1526.17	60	5861	
0.4	5.4	25	978	21	3	92	300749	92	300749	0.00520652	0.00327004	0.003	0.01	3269.01	2426.08	60	9422	
0.4	5.4	35	981	15	3	189	798984	189	798984	0.003	0	0.003	0.003	4227.43	2365.54	45	9422	
0.4	5.4	51	982	10	3	127	415696	127	415696	0.00900787	0.0024511	0.003	0.01	3273.2	2554.14	60	9422	
0.4	5.4	17	983	14	3	139	441635	138	437494	0.00705797	0.00346783	0.003	0.01	3170.25	2328.85	36	9422	
0.4	5.4	32	984	19	3	1	60	1	60	0.003	0	0.003	0.003	60	0	60	60	
0.4	5.4	31	985	3	3	212	673348	212	673348	0.00521226	0.0032622	0.003	0.01	3176.17	2618.83	45	9422	
0.4	5.4	31	986	23	3	197	633299	198	637440	0.00794949	0.00349147	0.003	0.017	3219.39	2572.41	3	9422	
0.4	5.4	27	987	4	3	2	120	2	120	0.01	0	0.01	0.01	60	0	60	60	
0.4	5.4	41	989	4	3	2	120	2	120	0.0065	0.00494975	0.003	0.01	60	0	60	60	
0.4	5.4	24	990	1	3	95	304845	95	304845	0.00771579	0.00329946	0.003	0.01	3208.89	1756.96	60	8282	
0.4	5.4	34	992	21	3	136	267645	136	267645	0.00305147	0.000600245	0.003	0.01	1967.98	1399.65	60	6507	
0.4	5.4	40	996	14	3	6	360	6	360	0.00766667	0.00361478	0.003	0.01	60	0	60	60	
0.4	5.4	22	997	17	3	132	211449	132	211449	0.00634091	0.00391285	0.003	0.017	1601.89	1697.85	60	9422	
0.4	5.4	11	998	13	3	41	114310	40	113126	0.008775	0.00269365	0.003	0.01	2828.15	1458.25	60	5324	
0.4	5.4	1	1000	8	3	87	249933	87	249933	0.00686207	0.0035014	0.003	0.01	2872.79	2192.47	45	9422	
0.4	5.4	37	1003	14	3	317	285273	317	285273	0.00542902	0.00338353	0.003	0.017	899.915	660.185	43	4904	
0.4	5.4	6	1004	24	3	145	379420	145	379420	0.0072	0.00344117	0.003	0.01	2616.69	2140.76	60	9422	
0.4	5.4	20	1005	6	3	137	469373	137	469373	0.00683212	0.00349699	0.003	0.01	3426.08	2432.09	60	9422	
0.4	5.4	52	1006	49	3	2	120	2	120	0.0065	0.00494975	0.003	0.01	60	0	60	60	
0.4	5.4	12	1007	4	3	107	468431	107	468431	0.003	0	0.003	0.003	4377.86	3018.23	45	9422	
0.4	5.4	41	1008	77	3	159	171940	159	171940	0.00502516	0.00355241	0.003	0.017	1081.38	1139.93	60	8873	
0.4	5.4	38	1010	6	3	64	93087	64	93087	0.00628125	0.00431486	0.003	0.017	1454.48	1558.69	9	6882	
0.4	5.4	31	1011	9	3	138	439986	138	439986	0.00675362	0.00360416	0.003	0.017	3188.3	2370.73	45	9422	
0.4	5.4	55	1012	43	3	97	142211	97	142211	0.00595876	0.00347586	0.003	0.01	1466.09	1174.55	60	7935	
0.4	5.4	7	1013	17	3	130	492123	129	490939	0.0070155	0.00347532	0.003	0.01	3805.73	2419.26	60	9422	
0.4	5.4	52	1015	44	3	288	468686	288	468686	0.00528472	0.00328795	0.003	0.01	1627.38	1488.82	54	8873	
0.4	5.4	30	1016	8	3	87	286505	87	286505	0.00742529	0.00339504	0.003	0.01	3293.16	2207.25	60	9422	
0.4	5.4	35	1017	23	3	120	362231	120	362231	0.00795833	0.00319505	0.003	0.01	3018.59	2146.8	60	9422	
0.4	5.4	2	1021	38	3	175	518720	175	518720	0.00652	0.00374295	0.003	0.017	2964.11	2546.87	45	9422	
0.4	5.4	39	1022	8	3	176	246544	176	246544	0.005625	0.00339853	0.003	0.01	1400.82	1189.19	19	7689	
0.4	5.4	8	1023	26	3	104	135085	104	135085	0.00569231	0.00355833	0.003	0.017	1298.89	870.904	60	5324	
0.4	5.4	22	1024	4	3	10	9701	10	9701	0.0086	0.00295146	0.003	0.01	970.1	681.062	60	1831	
0.4	5.4	20	1025	1	3	67	115538	67	115538	0.00780597	0.00327173	0.003	0.01	1724.45	1169.34	48	4395	
0.4	5.4	40	1026	26	3	75	251232	75	251232	0.00328	0.00138095	0.003	0.01	3349.76	2647.54	45	9422	
0.4	5.4	44	1027	14	3	1	60	1	60	0.01	0	0.01	0.01	60	0	60	60	
0.4	5.4	44	1029	13	3	64	190053	64	190053	0.00365625	0.00205649	0.003	0.01	2969.58	1592.08	60	6507	
0.4	5.4	22	1032	12	3	57	74108	57	74108	0.00692982	0.00374576	0.003	0.017	1300.14	1240.6	60	5324	
0.4	5.4	47	1033	14	3	1	60	1	60	0.01	0	0.01	0.01	60	0	60	60	
0.4	5.4	37	1035	35	3	1	60	1	60	0.01	0	0.01	0.01	60	0	60	60	
0.4	5.4	19	1036	7	3	126	320840	126	320840	0.00683333	0.003498	0.003	0.01	2546.35	1580.47	30	9422	
0.4	5.4	16	1037	15	3	33	100705	33	100705	0.00872727	0.00274172	0.003	0.01	3051.67	2275.47	60	9422	
0.4	5.4	46	1039	23	3	14	31479	14	31479	0.008	0.00427875	0.003	0.017	2248.5	2771.84	60	8873	
0.4	5.4	51	1040	2	3	27	79991	27	79991	0.00818518	0.00312603	0.003	0.01	2962.63	2021.04	60	6507	
0.4	5.4	28	1041	6	3	94	275260	94	275260	0.003	0	0.003	0.003	2928.3	2047.02	60	8873	
0.4	5.4	55	1043	48	3	242	489281	242	489281	0.00600826	0.00375383	0.003	0.017	2021.82	1932.96	4	9422	
0.4	5.4	52	1044	54	3	145	91440	145	91440	0.00507586	0.00341378	0.003	0.017	630.621	434.142	60	1980	
0.4	5.4	36	1045	6	3	106	329088	106	329088	0.00742453	0.00339172	0.003	0.01	3104.6	2105.83	45	9422	
0.4	5.4	40	1046	7	3	42	91856	42	91856	0.007	0.00350609	0.003	0.01	2187.05	1762.89	60	5861	
0.4	5.4	20	1047	5	3	155	458209	155	458209	0.00805806	0.0033405	0.003	0.017	2956.19	2057.84	60	9422	
0.4	5.4	49	1049	10	3	111	231662	111	231662	0.00394594	0.00240393	0.003	0.01	2087.05	2008.51	60	9422	
0.4	5.4	48	1052	16	3	91	351558	91	351558	0.00761538	0.0033359	0.003	0.01	3863.27	2786.39	45	9422	
0.4	5.4	38	1053	12	3	20	43915	20	43915	0.003	0	0.003	0.003	2195.75	2115.89	60	9422	
0.4	5.4	57	1054	5	3	1	60	1	60	0.003	0	0.003	0.003	60	0	60	60	
0.4	5.4	48	1056	13	3	110	406582	110	406582	0.00777273	0.00327532	0.003	0.01	3696.2	2642.67	45	9422	
0.4	5.4	22	1058	25	3	63	91275	63	91275	0.00733333	0.00365001	0.003	0.017	1448.81	1430.68	43	6896	
0.4	5.4	2	1059	36	3	151	284808	151	284808	0.00712583	0.00381454	0.003	0.017	1886.15	1567.74	60	9422	
0.4	5.4	34	1060	33	3	28	56462	28	56462	0.007	0.00352767	0.003	0.01	2016.5	1628.34	60	5324	
0.4	5.4	51	1062	12	3	217	1026323	217	1026323	0.003	0	0.003	0.003	4729.6	2824.5	45	9422	
0.4	5.4	55	1063	21	3	1	60	1	60	0.003	0	0.003	0.003	60	0	60	60	
0.4	5.4	55	1064	23	3	118	122739	118	122739	0.00525424	0.00353054	0.003	0.017	1040.16	841.303	54	5916	
0.4	5.4	41	1065	5	3	1	60	1	60	0.003	0	0.003	0.003	60	0	60	60	
0.4	5.4	32	1066	9	3	8	21415	8	21415	0.009125	0.00247487	0.003	0.01	2676.88	2453.7	60	7099	
0.4	5.4	14	1067	3	3	59	118481	58	112565	0.00746552	0.00339357	0.003	0.01	1940.78	1310.86	6	5324	
0.4	5.4	38	1068	21	3	94	170017	94	170017	0.00612766	0.00392465	0.003	0.017	1808.69	1346.83	60	6882	
0.4	5.4	40	1070	28	3	106	300235	106	300235	0.00550943	0.00337285	0.003	0.01	2832.41	2116.36	6	9422	
0.4	5.4	31	1072	14	3	106	250439	106	250439	0.00801887	0.00358298	0.003	0.017	2362.63	2151.98	34	9422	
0.4	5.4	40	1073	23	3	109	419702	109	419702	0.003	0	0.003	0.003	3850.48	2445.28	60	9422	
0.4	5.4	50	1074	2	3	44	133843	44	133843	0.00777273	0.00329809	0.003	0.01	3041.89	2857.41	45	9422	
0.4	5.4	5	1077	17	3	159	356993	159	356993	0.00801887	0.00362039	0.003	0.017	2245.24	1639.56	28	9422	
0.4	5.4	52	1079	65	3	327	372894	326	372687	0.00725153	0.0051181	0.003	0.024	1143.21	1154.34	21	8481	
0.4	5.4	24	1080	3	3	23	52779	23	52779	0.00878261	0.00271287	0.003	0.01	2294.74	1770.73	60	6507	
0.4	5.4	38	1081	17	3	131	293180	131	293180	0.00599237	0.00347628	0.003	0.01	2238.02	1891.12	36	9422	
0.4	5.4	4	1082	21	3	32	116668	32	116668	0.00803125	0.00319762	0.003	0.01	3645.88	2426.4	60	9422	
0.4	5.4	13	1083	17	3	3	1892	3	1892	0.00533333	0.00404145	0.003	0.01	630.667	562.2	60	1184	
0.4	5.4	34	1084	22	3	79	49387	79	49387	0.00548101	0.00404735	0.003	0.017	625.152	412.022	60	1775	
0.4	5.4	8	1087	24	3	71	216697	71	216697	0.0041831	0.00264202	0.003	0.01	3052.07	2169.1	60	9422	
0.4	5.4	52	1088	21	3	97	61791	97	61791	0.00458763	0.00342708	0.003	0.017	637.021	553.627	49	2958	
0.4	5.4	30	1089	5	3	132	257659	132	257659	0.00787879	0.00366337	0.003	0.017	1951.96	1619.8	45	9422	
0.4	5.4	40	1090	20	3	58	97205	58	97205	0.0065	0.00398792	0.003	0.017	1675.95	1621.88	60	9422	
0.4	5.4	39	1092	25	3	146	156687	146	156687	0.0059726	0.0043374	0.003	0.017	1073.2	878.945	35	4904	
0.4	5.4	7	1093	5	3	37	114909	37	114909	0.003	0	0.003	0.003	3105.65	1854.67	60	7690	
0.4	5.4	20	1094	15	3	241	777382	241	777382	0.00709543	0.00362905	0.003	0.017	3225.65	2436.08	45	9422	
0.4	5.4	51	1095	9	3	1	60	1	60	0.01	0	0.01	0.01	60	0	60	60	
0.4	5.4	52	1097	11	3	2	120	2	120	0.003	0	0.003	0.003	60	0	60	60	
0.4	5.4	27	1099	1	3	116	442083	116	442083	0.003	0	0.003	0.003	3811.06	2308.68	60	9422	
0.4	5.4	6	1101	21	3	1	60	1	60	0.01	0	0.01	0.01	60	0	60	60	
0.4	5.4	49	1103	23	3	116	417838	116	417838	0.00619827	0.0035021	0.003	0.01	3602.05	2471.78	36	9422	
0.4	5.4	3	1104	7	3	191	544877	193	546531	0.00572021	0.00384253	0.003	0.017	2831.77	2242.11	60	9422	
0.4	5.4	2	1107	35	3	24	30895	24	30895	0.005625	0.00346175	0.003	0.01	1287.29	1085.89	60	4904	
0.4	5.4	34	1109	30	3	122	192516	122	192516	0.00604098	0.00370926	0.003	0.017	1578	1260.49	3	7098	
0.4	5.4	34	1111	5	3	135	250009	135	250009	0.00481481	0.00307902	0.003	0.01	1851.92	1614.48	60	9422	
0.4	5.4	37	1112	10	3	1	60	1	60	0.01	0	0.01	0.01	60	0	60	60	
0.4	5.4	21	1114	19	3	137	361101	137	361101	0.00422628	0.00280229	0.003	0.017	2635.77	2515.53	45	9422	
0.4	5.4	8	1115	17	3	1	60	1	60	0.003	0	0.003	0.003	60	0	60	60	
0.4	5.4	43	1116	14	3	122	371240	122	371240	0.00672951	0.00350687	0.003	0.01	3042.95	2410.06	39	9422	
0.4	5.4	17	1118	12	3	25	65907	25	65907	0.00832	0.00305123	0.003	0.01	2636.28	2349.26	60	8282	
0.4	5.4	8	1119	37	3	105	208441	105	208441	0.00733333	0.004047	0.003	0.017	1985.15	1526.56	43	7099	
0.4	5.4	29	1120	5	3	78	133258	77	132666	0.00445454	0.00285871	0.003	0.01	1722.94	2089.67	60	9422	
0.4	5.4	3	1121	19	3	196	490822	196	490822	0.00782143	0.00401072	0.003	0.024	2504.19	2149.77	45	9422	
0.4	5.4	4	1123	19	3	63	199508	63	199508	0.00733333	0.00342665	0.003	0.01	3166.79	2492.71	45	9422	
0.4	5.4	33	1124	12	3	53	164010	53	164010	0.00577358	0.00345655	0.003	0.01	3094.53	2389.77	60	9422	
0.4	5.4	50	1125	11	3	200	723844	199	722660	0.00539196	0.00332835	0.003	0.01	3631.46	2243.96	45	9422	
0.4	5.4	45	1126	10	3	88	251597	88	251597	0.00689773	0.00349726	0.003	0.01	2859.06	1909.62	36	9422	
0.4	5.4	21	1129	5	3	2	116	2	116	0.003	0	0.003	0.003	58	2.82843	56	60	
0.4	5.4	37	1133	3	3	268	318416	268	318416	0.00485448	0.00309483	0.003	0.01	1188.12	812.035	60	4395	
0.4	5.4	28	1134	7	3	84	181800	84	181800	0.00591667	0.00347177	0.003	0.01	2164.29	1857.8	60	9422	
0.4	5.4	2	1137	8	3	192	480841	193	482616	0.00630052	0.0035034	0.003	0.01	2500.6	2372.77	45	9422	
0.4	5.4	21	1140	25	3	176	262424	176	262424	0.00709659	0.0046949	0.003	0.017	1491.05	1282.39	21	9422	
0.4	5.4	29	1141	4	3	117	327553	117	327553	0.00347863	0.00177433	0.003	0.01	2799.6	2176.98	60	9422	
0.4	5.4	35	1142	6	3	3	180	3	180	0.01	0	0.01	0.01	60	0	60	60	
0.4	5.4	57	1143	16	3	106	327450	106	327450	0.00742453	0.00339172	0.003	0.01	3089.15	2568.78	45	9422	
0.4	5.4	25	1144	8	3	47	116224	47	116224	0.00731915	0.00343958	0.003	0.01	2472.85	1783.17	60	9422	
0.4	5.4	52	1147	28	3	1	60	1	60	0.003	0	0.003	0.003	60	0	60	60	
0.4	5.4	34	1148	44	3	60	93661	60	93661	0.00545	0.00336696	0.003	0.01	1561.02	1086.46	57	5861	
0.4	5.4	34	1149	34	3	61	44597	61	44597	0.00506557	0.00346347	0.003	0.017	731.098	748.614	5	4395	
0.4	5.4	39	1150	57	3	209	274025	209	274025	0.00668421	0.00417822	0.003	0.017	1311.12	1586.68	48	9422	
0.4	5.4	5	1151	23	3	82	62940	82	62940	0.0059878	0.00453925	0.003	0.017	767.561	520.442	21	2196	
0.4	5.4	25	1152	3	3	3	1892	3	1892	0.00766667	0.00404145	0.003	0.01	630.667	562.2	60	1184	
0.4	5.4	21	1156	30	3	254	296958	256	300804	0.00611719	0.00385242	0.003	0.017	1175.02	931.626	28	5324	
0.4	5.4	29	1157	2	3	74	196207	74	196207	0.00744594	0.00339275	0.003	0.01	2651.45	1920.88	60	9422	
0.4	5.4	39	1158	10	3	200	254825	200	254825	0.00601	0.00347423	0.003	0.01	1274.13	969.182	43	8282	
0.4	5.4	19	1159	13	3	180	508670	180	508670	0.00751111	0.00367156	0.003	0.017	2825.94	2550.26	5	9422	
0.4	5.4	39	1160	39	3	126	259021	126	259021	0.00488889	0.00311954	0.003	0.01	2055.72	1806.74	45	9422	
0.4	5.4	8	1163	16	3	13	17283	13	17283	0.003	0	0.003	0.003	1329.46	959.167	60	2961	
0.4	5.4	42	1164	11	3	73	227345	73	227345	0.003	0	0.003	0.003	3114.32	2021.32	60	9422	
0.4	5.4	8	1167	7	3	2	120	2	120	0.01	0	0.01	0.01	60	0	60	60	
0.4	5.4	28	1171	1	3	156	568255	156	568255	0.00699359	0.00347618	0.003	0.01	3642.66	2579.34	45	9422	
0.4	5.4	40	1172	27	3	74	178821	74	178821	0.003	0	0.003	0.003	2416.5	1804.4	60	9422	
0.4	5.4	21	1174	13	3	2	708	2	708	0.0065	0.00494975	0.003	0.01	354	415.779	60	648	
0.4	5.4	44	1175	7	3	149	484239	149	484239	0.00591275	0.00346202	0.003	0.01	3249.93	2431.57	45	9422	
0.4	5.4	54	1176	4	3	143	619666	143	619666	0.00833566	0.00299046	0.003	0.01	4333.33	2743.25	45	9422	
0.4	5.4	31	1178	7	3	2	708	2	708	0.0065	0.00494975	0.003	0.01	354	415.779	60	648	
0.4	5.4	41	1179	18	3	231	252413	231	252413	0.00621212	0.00411181	0.003	0.017	1092.7	986.596	8	9422	
0.4	5.4	22	1180	8	3	191	475100	190	472904	0.00631579	0.0035776	0.003	0.017	2488.97	2387.66	45	9422	
0.4	5.4	37	1181	16	3	2	120	2	120	0.0065	0.00494975	0.003	0.01	60	0	60	60	
0.4	5.4	34	1183	61	3	10	5565	10	5565	0.0093	0.00516505	0.003	0.017	556.5	405.742	60	1184	
0.4	5.4	45	1184	13	3	77	164024	77	164024	0.00945454	0.0024791	0.003	0.017	2130.18	2456.87	60	9422	
0.4	5.4	39	1186	23	3	63	116139	63	116139	0.003	0	0.003	0.003	1843.48	1484.69	38	9422	
0.4	5.4	52	1187	50	3	158	263064	158	263064	0.00481645	0.00307825	0.003	0.01	1664.96	1576.71	60	9422	
0.4	5.4	49	1188	3	3	113	323774	112	320224	0.007625	0.00345922	0.003	0.017	2859.14	2324.25	45	9422	
0.4	5.4	50	1190	9	3	113	348633	113	348633	0.0090708	0.00272789	0.003	0.017	3085.25	2056.89	60	9422	
0.4	5.4	55	1191	41	3	28	22628	26	20419	0.00973077	0.0050403	0.003	0.024	785.346	632.67	21	1775	
0.4	5.4	32	1192	3	3	58	126149	58	126149	0.00915517	0.00230028	0.003	0.01	2174.98	2291.93	60	9422	
0.4	5.4	7	1193	20	3	58	181170	58	181170	0.00710345	0.0034777	0.003	0.01	3123.62	2712.56	45	9422	
0.4	5.4	34	1194	60	3	85	130962	85	130962	0.00629412	0.00351468	0.003	0.01	1540.73	1265.26	32	5324	
0.4	5.4	9	1195	3	3	67	208380	67	208380	0.00885075	0.00261264	0.003	0.01	3110.15	2013.66	60	7690	
0.4	5.4	30	1196	4	3	40	108397	40	108397	0.008775	0.00269365	0.003	0.01	2709.93	1873.81	60	6507	
0.4	5.4	52	1197	81	3	19	39173	19	39173	0.00521053	0.00334297	0.003	0.01	2061.74	1220.97	60	3796	
0.4	5.4	8	1199	19	3	104	246541	104	246541	0.00771154	0.00370692	0.003	0.017	2370.59	2121.33	60	9422	
0.4	5.4	34	1200	64	3	227	434693	227	434693	0.00679295	0.00349543	0.003	0.01	1914.95	1570.71	6	9422	
0.4	5.4	39	1201	29	3	102	193782	101	191415	0.00584158	0.00345466	0.003	0.01	1895.2	1526.72	56	8873	
0.4	5.4	35	1202	2	3	70	123807	70	123807	0.0081	0.00313535	0.003	0.01	1768.67	1304.85	60	6507	
0.4	5.4	37	1204	34	3	384	340845	383	339661	0.00671018	0.00487671	0.003	0.024	886.843	925.195	13	9422	
0.4	5.4	53	1205	6	3	2	120	2	120	0.01	0	0.01	0.01	60	0	60	60	
0.4	5.4	31	1206	18	3	218	638035	219	641585	0.00753881	0.00429124	0.003	0.017	2929.61	2498.64	45	9422	
0.4	5.4	44	1207	4	3	103	371201	102	369426	0.00766667	0.00331613	0.003	0.01	3621.82	2424.12	60	9422	
0.4	5.4	22	1210	10	3	113	147547	113	147547	0.00721239	0.0047273	0.003	0.024	1305.73	970.032	60	5324	
0.4	5.4	31	1211	2	3	3	180	3	180	0.00766667	0.00404145	0.003	0.01	60	0	60	60	
0.4	5.4	28	1212	2	3	68	224959	68	224959	0.00464706	0.00299135	0.003	0.01	3308.22	2986.68	60	9422	
0.4	5.4	21	1213	34	3	55	107237	55	107237	0.00669091	0.003527	0.003	0.01	1949.76	1762.95	60	9422	
0.4	5.4	53	1214	2	3	25	75257	25	75257	0.01	0	0.01	0.01	3010.28	2661.45	60	9422	
0.4	5.4	38	1215	7	3	157	244651	157	244651	0.00705732	0.00427761	0.003	0.017	1558.29	1824.12	45	9422	
0.4	5.4	55	1216	12	3	205	248392	205	248392	0.00614146	0.00381875	0.003	0.017	1211.67	1117.02	5	7099	
0.4	5.4	54	1218	8	3	42	135601	42	135601	0.00666667	0.00353841	0.003	0.01	3228.6	2289.58	60	9422	
0.4	5.4	14	1219	17	3	61	149347	61	149347	0.00655738	0.00352857	0.003	0.01	2448.31	1961.56	60	9422	
0.4	5.4	39	1220	13	3	1	60	1	60	0.003	0	0.003	0.003	60	0	60	60	
0.4	5.4	34	1222	57	3	96	156524	96	156524	0.00423958	0.0026862	0.003	0.01	1630.46	1230	56	4733	
0.4	5.4	6	1224	3	3	178	459000	179	461961	0.00702793	0.0037737	0.003	0.017	2580.79	2042.71	36	9422	
0.4	5.4	37	1226	30	3	238	226428	237	224408	0.00551055	0.00348558	0.003	0.017	946.869	973.333	60	9422	
0.4	5.4	16	1229	7	3	68	190061	68	190061	0.00752941	0.00337006	0.003	0.01	2795.01	1556.34	60	6507	
0.4	5.4	6	1230	10	3	89	162313	89	162313	0.00653932	0.00382295	0.003	0.017	1823.74	1584.44	60	9422	
0.4	5.4	21	1232	24	3	175	269636	175	269636	0.00572	0.00342177	0.003	0.01	1540.78	1365.66	11	8873	
0.4	5.4	37	1236	50	3	137	83143	137	83143	0.00575912	0.00418949	0.003	0.017	606.883	436.07	22	2481	
0.4	5.4	52	1237	41	3	1	60	1	60	0.01	0	0.01	0.01	60	0	60	60	
0.4	5.4	6	1240	12	3	36	45696	36	45696	0.00475	0.00307409	0.003	0.01	1269.33	733.312	60	2958	
0.4	5.4	41	1241	8	3	2	120	2	120	0.0065	0.00494975	0.003	0.01	60	0	60	60	
0.4	5.4	52	1242	32	3	2	120	2	120	0.0065	0.00494975	0.003	0.01	60	0	60	60	
0.4	5.4	51	1243	11	3	30	96557	30	96557	0.0093	0.0021359	0.003	0.01	3218.57	2819.51	60	9422	
0.4	5.4	1	1245	5	3	36	107806	35	102482	0.0074	0.00343169	0.003	0.01	2928.06	1784.21	60	7099	
0.4	5.4	39	1247	34	3	13	7821	13	7821	0.00461538	0.0030697	0.003	0.01	601.615	515.302	60	1775	
0.4	5.4	12	1248	15	3	31	101881	31	101881	0.00864516	0.00281127	0.003	0.01	3286.48	2888.03	60	9422	
0.4	5.4	23	1250	13	3	106	358895	106	358895	0.0040566	0.00269684	0.003	0.017	3385.8	2288.42	60	9422	
0.4	5.4	46	1251	5	3	33	38004	32	37412	0.0060625	0.00352811	0.003	0.01	1169.13	1477.13	60	7099	
0.4	5.4	38	1253	1	3	91	180019	91	180019	0.00746154	0.0038364	0.003	0.017	1978.23	1746.81	60	7690	
0.4	5.4	5	1254	12	3	50	135742	50	135742	0.00412	0.0025923	0.003	0.01	2714.84	2207.57	60	9422	
0.4	5.4	23	1255	10	3	92	245902	91	242944	0.00753846	0.00336091	0.003	0.01	2669.71	2299.96	36	9422	
0.4	5.4	48	1256	9	3	105	378402	105	378402	0.0072	0.00344573	0.003	0.01	3603.83	2654.94	45	9422	
0.4	5.4	56	1257	5	3	86	209120	86	209120	0.00666279	0.00367699	0.003	0.017	2431.63	2130.18	60	9422	
0.4	5.4	26	1259	2	3	35	118449	35	118449	0.0064	0.00354965	0.003	0.01	3384.26	2749.38	60	9422	
0.4	5.4	56	1261	10	3	56	152902	56	152902	0.004875	0.00312795	0.003	0.01	2730.39	1766.06	60	7098	
0.4	5.4	34	1262	26	3	197	182240	197	182240	0.00683756	0.00476424	0.003	0.024	925.076	851.763	6	4904	
0.4	5.4	28	1263	4	3	107	233996	106	232812	0.00768868	0.00357868	0.003	0.017	2196.34	1434.58	10	7099	
0.4	5.4	11	1264	9	3	67	174073	67	174073	0.0090597	0.00240505	0.003	0.01	2598.1	1906.07	57	9422	
0.4	5.4	18	1267	4	3	55	133249	55	133249	0.00796364	0.00320857	0.003	0.01	2422.71	2102.29	60	9422	
0.4	5.4	13	1268	15	3	15	38575	15	38575	0.003	0	0.003	0.003	2571.67	1901.2	60	6507	
0.4	5.4	40	1269	16	3	52	93760	52	93760	0.00475	0.00306066	0.003	0.01	1803.08	1526.97	15	5916	
0.4	5.4	57	1270	7	3	31	60481	31	60481	0.00774193	0.00378565	0.003	0.017	1951	1396.32	60	4395	
0.4	5.4	56	1273	30	3	168	647624	168	647624	0.00475	0.00304015	0.003	0.01	3854.9	2693.91	45	9422	
0.4	5.4	41	1277	21	3	3	180	3	180	0.003	0	0.003	0.003	60	0	60	60	
0.4	5.4	29	1278	22	3	45	94209	45	94209	0.003	0	0.003	0.003	2093.53	1268.26	60	4395	
0.4	5.4	27	1279	5	3	36	84153	36	84153	0.00805555	0.00396372	0.003	0.017	2337.58	1678.14	60	7099	
0.4	5.4	39	1281	40	3	47	29772	47	29772	0.0067234	0.00458116	0.003	0.017	633.447	543.443	50	2196	
0.4	5.4	28	1283	10	3	87	152364	87	152364	0.00686207	0.00423763	0.003	0.017	1751.31	1279.77	28	5324	
0.4	5.4	45	1284	14	3	39	134422	38	129689	0.00889474	0.00305614	0.003	0.017	3412.87	2833.64	28	9422	
0.4	5.4	13	1285	2	3	86	251591	86	251591	0.00715116	0.00345906	0.003	0.01	2925.48	2168.72	8	9422	
0.4	5.4	52	1286	76	3	1	60	1	60	0.01	0	0.01	0.01	60	0	60	60	
0.4	5.4	33	1287	6	3	68	195541	67	193766	0.00644776	0.00352602	0.003	0.01	2892.03	2337.84	60	9422	
0.4	5.4	21	1288	11	3	197	395115	198	395880	0.00522727	0.00326866	0.003	0.01	1999.39	1639.94	43	9422	
0.4	5.4	28	1289	22	3	68	166409	69	168184	0.00685507	0.00370721	0.003	0.017	2437.45	2005.27	60	9422	
0.4	5.4	55	1290	10	3	1	60	1	60	0.003	0	0.003	0.003	60	0	60	60	
0.4	5.4	31	1291	11	3	84	219083	84	219083	0.00675	0.00351203	0.003	0.01	2608.13	1868.11	60	8282	
0.4	5.4	8	1293	10	3	1	60	1	60	0.003	0	0.003	0.003	60	0	60	60	
0.4	5.4	40	1294	13	3	17	15459	17	15459	0.00588235	0.0035511	0.003	0.01	909.353	634.026	60	2367	
0.4	5.4	47	1295	5	3	22	43317	22	43317	0.00586364	0.00352265	0.003	0.01	1968.95	1517.8	60	4904	
0.4	5.4	23	1298	9	3	95	274195	95	274195	0.0058	0.00344748	0.003	0.01	2886.26	2154.43	60	9422	
0.4	5.4	5	1300	2	3	187	571860	188	577776	0.00605319	0.00348063	0.003	0.01	3073.28	2050.25	4	9422	
0.4	5.4	1	1302	6	3	83	275246	83	275246	0.00325301	0.00131449	0.003	0.01	3316.22	2155.54	60	9422	
0.4	5.4	52	1304	1	3	4	240	4	240	0.0065	0.00404145	0.003	0.01	60	0	60	60	
0.4	5.4	48	1305	10	3	112	336320	112	336320	0.0075	0.00349775	0.003	0.017	3002.86	1978.01	36	9422	
0.4	5.4	39	1306	12	3	155	150526	155	150526	0.00530322	0.00329969	0.003	0.01	971.135	887.88	59	4736	
0.4	5.4	11	1308	15	3	37	114372	37	114372	0.00886486	0.00309266	0.003	0.017	3091.14	2672.96	60	9422	
0.4	5.4	55	1310	6	3	163	176640	163	176640	0.00600613	0.00411336	0.003	0.017	1083.68	781.162	21	4395	
0.4	5.4	52	1311	24	3	10	5450	10	5450	0.0058	0.00489444	0.003	0.017	545	346.106	24	1184	
0.4	5.4	49	1313	5	3	5	5442	5	5442	0.003	0	0.003	0.003	1088.4	742.216	60	1775	
0.4	5.4	4	1316	3	3	144	503135	144	503135	0.00440972	0.00293618	0.003	0.017	3493.99	2145.49	60	8873	
0.4	5.4	37	1318	44	3	389	501121	389	501121	0.00517738	0.00324465	0.003	0.01	1288.23	1445.98	6	9422	
0.4	5.4	21	1319	23	3	209	296880	209	296880	0.00511005	0.00363243	0.003	0.017	1420.48	1364.23	18	8873	
0.4	5.4	28	1320	8	3	6	5444	6	5444	0.00883333	0.00285774	0.003	0.01	907.333	621.761	60	1775	
0.4	5.4	38	1321	4	3	149	215618	150	216210	0.00710667	0.00430568	0.003	0.017	1441.4	1203.9	60	5324	
0.4	5.4	13	1322	8	3	197	703032	197	703032	0.00733502	0.00355129	0.003	0.017	3568.69	2647.19	45	9422	
0.4	5.4	34	1323	29	3	96	95032	95	92935	0.00535789	0.0036259	0.003	0.017	978.263	726.995	60	4904	
0.4	5.4	39	1324	6	3	313	451408	313	451408	0.00651118	0.00368043	0.003	0.017	1442.2	1371.27	60	9422	
0.4	5.4	39	1326	35	3	3	180	3	180	0.00533333	0.00404145	0.003	0.01	60	0	60	60	
0.4	5.4	29	1332	16	3	27	51009	27	51009	0.003	0	0.003	0.003	1889.22	1067.46	60	4141	
0.4	5.4	38	1334	19	3	53	121554	53	121554	0.0040566	0.00252994	0.003	0.01	2293.47	1685.21	60	9422	
0.4	5.4	49	1337	16	3	24	75851	24	75851	0.00504167	0.00325014	0.003	0.01	3160.46	1976.92	60	7708	
0.4	5.4	1	1338	9	3	56	187790	56	187790	0.00675	0.00352265	0.003	0.01	3353.39	2858.31	45	9422	
0.4	5.4	52	1339	4	3	149	267246	149	267246	0.00610067	0.00367377	0.003	0.017	1793.6	2007.16	34	8873	
0.4	5.4	41	1340	80	3	229	359644	230	360828	0.00567826	0.00340959	0.003	0.01	1568.82	1200.66	47	7099	
0.4	5.4	30	1341	2	3	84	184272	84	184272	0.00808333	0.00314013	0.003	0.01	2193.71	1867.84	28	9422	
0.4	5.4	39	1343	32	3	19	14334	19	14334	0.00594737	0.00484738	0.003	0.017	754.421	536.724	26	1775	
0.4	5.4	22	1344	23	3	123	254271	125	261370	0.005576	0.00338941	0.003	0.01	2090.96	1542.34	60	9422	
0.4	5.4	30	1345	7	3	167	364654	167	364654	0.00782036	0.00325115	0.003	0.01	2183.56	2090.61	45	9422	
0.4	5.4	55	1346	19	3	107	97283	107	97283	0.00496262	0.00330216	0.003	0.017	909.187	707.042	60	3550	
0.4	5.4	10	1348	16	3	41	133241	41	133241	0.00692683	0.00351703	0.003	0.01	3249.78	2602.5	60	9422	
0.4	5.4	25	1349	15	3	199	652889	199	652889	0.00767839	0.00330397	0.003	0.01	3280.85	2987.73	45	9422	
0.4	5.4	52	1350	52	3	285	376375	286	376748	0.00500699	0.00317113	0.003	0.01	1317.3	960.568	32	5324	
0.4	5.4	36	1351	11	3	35	170500	35	170500	0.0074	0.00343169	0.003	0.01	4871.43	3100	45	9422	
0.4	5.4	26	1352	6	3	63	188859	63	188859	0.00566667	0.00342665	0.003	0.01	2997.76	2044.49	60	9422	
0.4	5.4	7	1353	10	3	124	495335	124	495335	0.0065	0.0035142	0.003	0.01	3994.64	2815.26	45	9422	
0.4	5.4	23	1354	14	3	32	87092	32	87092	0.00671875	0.00354905	0.003	0.01	2721.62	2388.51	60	9422	
0.4	5.4	34	1355	12	3	6	5444	6	5444	0.00883333	0.00688234	0.003	0.017	907.333	680.104	60	1775	
0.4	5.4	34	1356	48	3	31	17851	31	17851	0.0066129	0.003556	0.003	0.01	575.839	519.516	11	1775	
0.4	5.4	8	1357	31	3	62	142853	61	141007	0.00322951	0.00125689	0.003	0.01	2311.59	2242.06	60	9422	
0.4	5.4	48	1358	5	3	163	783958	163	783958	0.00385889	0.00230372	0.003	0.01	4809.56	2883.24	45	9422	
0.4	5.4	14	1361	9	3	145	440556	145	440556	0.00758621	0.00333872	0.003	0.01	3038.32	2236.35	36	9422	
0.4	5.4	52	1363	79	3	5	3668	5	3668	0.0072	0.00383406	0.003	0.01	733.6	470.86	60	1184	
0.4	5.4	35	1364	21	3	11	21419	11	21419	0.00745454	0.0047194	0.003	0.017	1947.18	2236.84	13	7099	
0.4	5.4	53	1365	8	3	68	210748	68	210748	0.00948529	0.00184061	0.003	0.01	3099.24	2786.09	45	9422	
0.4	5.4	19	1366	16	3	130	427323	129	425548	0.00620155	0.00350085	0.003	0.01	3298.82	2620.96	45	9422	
0.4	5.4	34	1367	63	3	44	40413	44	40413	0.00538636	0.00368034	0.003	0.017	918.477	1419.87	60	9422	
0.4	5.4	41	1368	41	3	93	129200	93	129200	0.00608602	0.00378686	0.003	0.017	1389.25	1332.84	45	9422	
0.4	5.4	2	1369	33	3	124	170216	124	170216	0.00779839	0.00422147	0.003	0.024	1372.71	1519.42	16	9422	
0.4	5.4	7	1370	7	3	48	150399	49	155723	0.00742857	0.00340955	0.003	0.01	3178.02	1485.89	60	5324	
0.4	5.4	49	1371	2	3	138	513868	138	513868	0.003	0	0.003	0.003	3723.68	2703.85	45	9422	
0.4	5.4	11	1372	14	3	102	492231	102	492231	0.00334314	0.00151883	0.003	0.01	4825.79	2572.64	45	9422	
0.4	5.4	52	1373	77	3	6	4260	6	4260	0.00766667	0.00361478	0.003	0.01	710	554.647	56	1184	
0.4	5.4	43	1374	4	3	150	429347	150	432305	0.00813333	0.00340877	0.003	0.017	2882.03	2041.07	60	9422	
0.4	5.4	22	1375	13	3	92	153858	91	151662	0.00669231	0.00434535	0.003	0.017	1666.62	1533.74	60	7099	
0.4	5.4	8	1376	5	3	227	460681	226	460089	0.00767699	0.00385136	0.003	0.017	2035.79	1697.71	28	9422	
0.4	5.4	22	1378	7	3	188	327585	188	327585	0.00653723	0.00412683	0.003	0.017	1742.47	1568.94	28	9422	
0.4	5.4	56	1379	26	3	130	464714	130	464714	0.0079	0.00322021	0.003	0.01	3574.72	2812.93	45	9422	
0.4	5.4	31	1382	1	3	25	40365	25	40365	0.0044	0.00285774	0.003	0.01	1614.6	1389.15	60	5324	
0.4	5.4	10	1384	15	3	15	49228	15	49228	0.003	0	0.003	0.003	3281.87	3360.27	60	9422	
0.4	5.4	14	1385	16	3	14	29702	14	29702	0.0035	0.00187083	0.003	0.01	2121.57	1646.68	60	5324	
0.4	5.4	43	1386	1	3	89	201320	89	201320	0.00834831	0.00380819	0.003	0.017	2262.02	1694.24	60	7690	
0.4	5.4	48	1387	15	3	108	403023	108	403023	0.0077963	0.00326625	0.003	0.01	3731.69	2854.23	45	9422	
0.4	5.4	56	1388	31	3	13	41535	13	41535	0.00623077	0.00363212	0.003	0.01	3195	2098.19	60	7099	
0.4	5.4	53	1389	5	3	19	59870	19	59870	0.01	0	0.01	0.01	3151.05	2231.64	60	8873	
0.4	5.4	38	1391	10	3	283	528354	283	528354	0.00760071	0.00412133	0.003	0.024	1866.98	1979.34	13	9422	
0.4	5.4	52	1395	62	3	5	300	5	300	0.0086	0.0031305	0.003	0.01	60	0	60	60	
0.4	5.4	52	1396	29	3	106	146963	107	147117	0.00633645	0.00464584	0.003	0.017	1374.93	1599.32	24	9422	
0.4	5.4	5	1397	4	3	118	255913	118	255913	0.00709322	0.00346407	0.003	0.01	2168.75	1806.26	60	9422	
0.4	5.4	31	1401	19	3	59	93766	59	93766	0.00738983	0.00448375	0.003	0.017	1589.25	1497.9	56	9422	
0.4	5.4	46	1402	25	3	156	479420	156	479420	0.00667949	0.00359567	0.003	0.017	3073.21	2291.4	45	9422	
0.4	5.4	15	1406	10	3	151	619198	151	619198	0.00907285	0.00238075	0.003	0.01	4100.65	2928.2	45	9422	
0.4	5.4	21	1407	29	3	80	114991	80	114991	0.0069375	0.00349446	0.003	0.01	1437.39	1405.01	60	9422	
0.4	5.4	25	1408	22	3	42	92537	41	91889	0.00778049	0.00329782	0.003	0.01	2241.2	1825.43	60	9422	
0.4	5.4	43	1409	6	3	182	654796	181	651835	0.003	0	0.003	0.003	3601.3	2234.41	45	9422	
0.4	5.4	50	1411	15	3	90	404800	90	404800	0.003	0	0.003	0.003	4497.78	2486.16	60	9422	
0.4	5.4	4	1414	10	3	32	89468	32	89468	0.00803125	0.00319762	0.003	0.01	2795.88	2528.62	60	9422	
0.4	5.4	8	1416	6	3	3	180	3	180	0.00766667	0.00404145	0.003	0.01	60	0	60	60	
0.4	5.4	7	1417	13	3	1	60	1	60	0.003	0	0.003	0.003	60	0	60	60	
0.4	5.4	25	1418	2	3	22	42725	22	42725	0.00427273	0.0027634	0.003	0.01	1942.05	1208.64	60	4141	
0.4	5.4	9	1421	4	3	88	254553	88	254553	0.0065	0.00352006	0.003	0.01	2892.65	1711.84	36	6507	
0.4	5.4	22	1423	18	3	61	112572	61	112572	0.00713115	0.00347119	0.003	0.01	1845.44	1718.82	60	9422	
0.4	5.4	33	1425	16	3	40	117379	40	117379	0.00615	0.00352682	0.003	0.01	2934.47	2234.99	60	8873	
