% start	end	CellId	IMSI	RNTI	LCID	nTxPDUs	TxBytes	nRxPDUs	RxBytes	delay	stdDev	min	max	PduSize	stdDev	min	max
0.4	5.4	29	1	11	3	66	117332	66	117332	0.00490909	0.00314142	0.003	0.01	1777.76	1951.89	38	9422	
0.4	5.4	20	2	12	3	60	140365	60	140365	0.00778333	0.00352757	0.003	0.017	2339.42	1695.06	60	6507	
0.4	5.4	54	4	16	3	81	156509	81	156509	0.00628395	0.00351509	0.003	0.01	1932.21	1682.87	60	8873	
0.4	5.4	48	6	18	3	45	160459	45	160459	0.00315555	0.0010435	0.003	0.01	3565.76	2324.39	60	9422	
0.4	5.4	39	7	28	3	154	214487	154	214487	0.00636364	0.00359887	0.003	0.017	1392.77	1101.67	60	5828	
0.4	5.4	27	8	15	3	216	585051	216	585051	0.00734259	0.00396182	0.003	0.017	2708.57	2221.55	45	9422	
0.4	5.4	8	9	14	3	1	60	1	60	0.01	0	0.01	0.01	60	0	60	60	
0.4	5.4	44	10	19	3	127	316854	126	315670	0.00666667	0.00350999	0.003	0.01	2505.32	2157.94	7	9422	
0.4	5.4	6	11	3	3	161	529214	160	524481	0.00768125	0.00339695	0.003	0.017	3278.01	2251.83	45	9422	
0.4	5.4	2	12	2	3	186	361857	186	361857	0.00537097	0.00332184	0.003	0.01	1945.47	1713.64	60	9422	
0.4	5.4	18	13	12	3	141	489575	141	489575	0.003	0	0.003	0.003	3472.16	1925.34	60	8873	
0.4	5.4	37	14	38	3	54	136235	54	136235	0.00377778	0.00222054	0.003	0.01	2522.87	2130.21	60	9422	
0.4	5.4	33	15	16	3	165	673051	164	669501	0.003	0	0.003	0.003	4082.32	2765.6	45	9422	
0.4	5.4	42	17	6	3	243	464862	243	464862	0.00746502	0.00387429	0.003	0.017	1913.01	1705.41	45	9422	
0.4	5.4	49	18	10	3	106	465135	106	465135	0.00821698	0.0030644	0.003	0.01	4388.07	2674.82	45	9422	
0.4	5.4	34	20	8	3	275	204231	275	204231	0.00480727	0.00402673	0.003	0.017	742.658	822.601	60	4395	
0.4	5.4	28	22	5	3	49	113140	49	113140	0.00914286	0.00339116	0.003	0.017	2308.98	2544.94	60	9422	
0.4	5.4	39	24	71	3	4	240	4	240	0.0065	0.00404145	0.003	0.01	60	0	60	60	
0.4	5.4	9	25	6	3	198	596092	197	592542	0.00609137	0.00348492	0.003	0.01	3007.83	2252.07	36	9422	
0.4	5.4	16	26	6	3	52	113743	52	113743	0.00717308	0.00346818	0.003	0.01	2187.37	1694.81	60	8223	
0.4	5.4	55	27	10	3	2	120	2	120	0.01	0	0.01	0.01	60	0	60	60	
0.4	5.4	10	29	1	3	33	78817	32	78225	0.00803125	0.00319762	0.003	0.01	2444.53	1836.56	60	7099	
0.4	5.4	25	31	6	3	223	723995	223	723995	0.003	0	0.003	0.003	3246.61	2393.27	45	9422	
0.4	5.4	35	32	21	3	148	557059	148	557059	0.00475	0.00304138	0.003	0.01	3763.91	2815.63	36	9422	
0.4	5.4	21	35	1	3	32	67578	32	67578	0.005625	0.00344309	0.003	0.01	2111.81	1692.45	60	5861	
0.4	5.4	32	37	4	3	140	571763	140	571763	0.0073	0.00341958	0.003	0.01	4084.02	2821.09	45	9422	
0.4	5.4	35	39	15	3	47	127339	47	127339	0.00806383	0.00316506	0.003	0.01	2709.34	1956.87	60	8873	
0.4	5.4	37	40	77	3	19	18472	19	18472	0.00557895	0.00346916	0.003	0.01	972.211	547.406	60	1775	
0.4	5.4	6	42	18	3	125	413762	125	413762	0.008488	0.00315364	0.003	0.017	3310.1	2273.7	45	9422	
0.4	5.4	37	44	48	3	131	228768	131	228768	0.00545801	0.00458804	0.003	0.017	1746.32	1546.95	26	8873	
0.4	5.4	46	45	16	3	32	63970	31	61603	0.00729032	0.00346596	0.003	0.01	1987.19	1172.03	60	4733	
0.4	5.4	34	47	21	3	460	223372	460	223372	0.00456739	0.00320026	0.003	0.017	485.591	560.936	5	7098	
0.4	5.4	55	48	36	3	41	90079	41	90079	0.003	0	0.003	0.003	2197.05	1969.5	60	9422	
0.4	5.4	2	50	40	3	153	361160	153	361160	0.00551634	0.00336996	0.003	0.01	2360.52	1618.44	60	8873	
0.4	5.4	31	51	20	3	90	206669	90	206669	0.00774444	0.00375832	0.003	0.017	2296.32	2191.79	45	9422	
0.4	5.4	44	52	7	3	206	372102	206	372102	0.00734951	0.00427519	0.003	0.024	1806.32	1680.8	26	9422	
0.4	5.4	42	53	34	3	73	158739	73	158739	0.00568493	0.00414621	0.003	0.017	2174.51	1764.39	10	9422	
0.4	5.4	51	54	21	3	77	265772	77	265772	0.00763636	0.0033321	0.003	0.01	3451.58	2363.61	60	9422	
0.4	5.4	11	56	8	3	87	132146	87	132146	0.00847126	0.00505514	0.003	0.024	1518.92	1452.79	6	7690	
0.4	5.4	21	57	8	3	112	433432	112	433432	0.006875	0.00349549	0.003	0.01	3869.93	2423.08	60	9422	
0.4	5.4	5	58	3	3	2	708	1	60	0.01	0	0.01	0.01	60	0	60	60	
0.4	5.4	39	59	52	3	193	232924	193	232924	0.00713471	0.0041861	0.003	0.017	1206.86	1057.65	58	6882	
0.4	5.4	55	60	31	3	149	219268	149	219268	0.00647651	0.00378401	0.003	0.017	1471.6	1417.87	3	8282	
0.4	5.4	44	61	10	3	37	53392	35	48657	0.007	0.00390324	0.003	0.017	1390.2	950.299	60	4141	
0.4	5.4	33	64	8	3	49	122020	48	119653	0.00825	0.00306316	0.003	0.01	2492.77	1504.24	60	6507	
0.4	5.4	23	65	12	3	151	349272	151	349272	0.00745033	0.00408034	0.003	0.017	2313.06	1549.94	60	9422	
0.4	5.4	55	66	48	3	155	235862	154	232904	0.00609091	0.00366642	0.003	0.017	1512.36	1000.88	56	5324	
0.4	5.4	55	67	7	3	118	144725	118	144725	0.00614407	0.00405154	0.003	0.017	1226.48	888.503	60	4140	
0.4	5.4	3	68	17	3	82	282334	82	282334	0.00795122	0.00320456	0.003	0.01	3443.1	1882.66	45	9422	
0.4	5.4	26	69	10	3	152	582315	152	582315	0.00613158	0.00349206	0.003	0.01	3831.02	2194.57	60	9422	
0.4	5.4	41	70	23	3	203	357786	203	357786	0.0052069	0.00326041	0.003	0.01	1762.49	1292.84	53	7708	
0.4	5.4	34	71	28	3	712	553017	712	553017	0.0047205	0.00301599	0.003	0.01	776.709	943.204	6	9422	
0.4	5.4	56	72	2	3	13	41535	13	41535	0.00676923	0.00363212	0.003	0.01	3195	3304.41	60	9422	
0.4	5.4	37	76	62	3	185	233263	185	233263	0.00572432	0.0037914	0.003	0.017	1260.88	1439.26	42	9422	
0.4	5.4	24	77	10	3	60	138102	60	138102	0.00766667	0.00332768	0.003	0.01	2301.7	2347.57	60	9422	
0.4	5.4	39	78	60	3	74	80053	73	79461	0.00558904	0.00340276	0.003	0.01	1088.51	748.633	60	4733	
0.4	5.4	37	80	36	3	4	1894	4	1894	0.00475	0.0035	0.003	0.01	473.5	507.835	60	1184	
0.4	5.4	6	81	11	3	126	429086	126	429086	0.009	0.00303051	0.003	0.017	3405.44	2179.1	45	9422	
0.4	5.4	27	83	20	3	163	420884	163	420884	0.0067362	0.00350278	0.003	0.01	2582.11	2056.52	57	9422	
0.4	5.4	25	84	3	3	155	601253	155	601253	0.00534839	0.00331583	0.003	0.01	3879.05	2394.71	45	9422	
0.4	5.4	13	86	9	3	45	126140	45	126140	0.0072	0.00346804	0.003	0.01	2803.11	2166.26	60	9422	
0.4	5.4	51	87	2	3	18	71701	18	71701	0.00922222	0.00226367	0.003	0.01	3983.39	3066.83	60	9422	
0.4	5.4	30	89	15	3	176	685978	176	685978	0.00642045	0.00350908	0.003	0.01	3897.6	2780.98	45	9422	
0.4	5.4	39	91	73	3	10	10181	10	10181	0.0114	0.00442719	0.003	0.017	1018.1	702.91	60	2367	
0.4	5.4	34	92	47	3	50	39596	46	36974	0.00482609	0.00310773	0.003	0.01	803.783	694.663	60	3182	
0.4	5.4	34	93	42	3	1	60	1	60	0.01	0	0.01	0.01	60	0	60	60	
0.4	5.4	20	96	5	3	1	60	1	60	0.003	0	0.003	0.003	60	0	60	60	
0.4	5.4	25	98	21	3	177	605959	177	605959	0.00655932	0.00381357	0.003	0.017	3423.5	2681.67	45	9422	
0.4	5.4	8	99	22	3	85	187829	85	187829	0.0086	0.00354965	0.003	0.017	2209.75	1648.54	60	9213	
0.4	5.4	55	100	62	3	138	167708	138	167708	0.00553623	0.00377692	0.003	0.017	1215.28	1003.24	60	4768	
0.4	5.4	37	101	11	3	3	180	3	180	0.003	0	0.003	0.003	60	0	60	60	
0.4	5.4	1	102	12	3	3	180	3	180	0.00766667	0.00404145	0.003	0.01	60	0	60	60	
0.4	5.4	40	104	15	3	50	128705	50	128705	0.003	0	0.003	0.003	2574.1	1752.91	60	5664	
0.4	5.4	12	105	10	3	99	246413	99	246413	0.00816162	0.00325359	0.003	0.017	2489.02	1937.14	24	9422	
0.4	5.4	27	106	2	3	15	21423	14	20831	0.008	0.00328165	0.003	0.01	1487.93	1436.88	5	5324	
0.4	5.4	9	108	20	3	208	711523	209	715918	0.00708612	0.00345886	0.003	0.01	3425.44	2140.01	60	9422	
0.4	5.4	15	109	2	3	124	407803	124	407803	0.00525806	0.00328552	0.003	0.01	3288.73	2057.63	60	9422	
0.4	5.4	25	110	20	3	122	257578	122	257578	0.00787705	0.00391137	0.003	0.017	2111.3	1495.22	60	9422	
0.4	5.4	25	111	10	3	17	40360	17	40360	0.00670588	0.00360147	0.003	0.01	2374.12	1460.88	60	5324	
0.4	5.4	34	112	30	3	625	243812	623	243445	0.00477528	0.00322384	0.003	0.017	390.762	435.925	19	3550	
0.4	5.4	52	113	40	3	209	236036	209	236036	0.0057799	0.00350129	0.003	0.017	1129.36	1026.69	31	9422	
0.4	5.4	56	115	3	3	114	508328	114	508328	0.00662281	0.00351329	0.003	0.01	4459.02	2769.5	45	9422	
0.4	5.4	25	117	15	3	43	77058	43	77058	0.00886046	0.00339174	0.003	0.017	1792.05	1122.13	60	4733	
0.4	5.4	41	118	47	3	16	7238	16	7238	0.005625	0.00503157	0.003	0.017	452.375	310.351	60	1184	
0.4	5.4	39	119	27	3	34	32160	34	32160	0.0052647	0.0041217	0.003	0.017	945.882	621.866	60	2481	
0.4	5.4	34	120	73	3	131	61880	131	61880	0.00481679	0.00364122	0.003	0.017	472.366	559.37	14	3265	
0.4	5.4	37	123	74	3	203	347130	203	347130	0.0052069	0.00326041	0.003	0.01	1710	1245.86	53	9422	
0.4	5.4	18	124	17	3	66	182374	66	182374	0.00756061	0.00378307	0.003	0.017	2763.24	2350.28	32	9422	
0.4	5.4	15	125	11	3	1	60	1	60	0.003	0	0.003	0.003	60	0	60	60	
0.4	5.4	29	126	17	3	121	110472	121	110472	0.00450413	0.00328411	0.003	0.017	912.992	759.714	8	3550	
0.4	5.4	8	128	21	3	79	172329	79	172329	0.00920253	0.00316787	0.003	0.017	2181.38	1762.92	60	7099	
0.4	5.4	11	129	13	3	163	332844	163	332844	0.00768098	0.00348313	0.003	0.017	2041.99	2059.67	45	9422	
0.4	5.4	39	132	76	3	4	240	4	240	0.0065	0.00404145	0.003	0.01	60	0	60	60	
0.4	5.4	48	134	4	3	2	708	2	708	0.003	0	0.003	0.003	354	415.779	60	648	
0.4	5.4	38	135	4	3	142	483667	142	483667	0.00472535	0.0030274	0.003	0.01	3406.11	2434.21	45	9422	
0.4	5.4	40	137	2	3	95	281768	95	281768	0.00852631	0.00337021	0.003	0.017	2965.98	1865.44	60	7099	
0.4	5.4	36	138	10	3	117	352193	117	352193	0.003	0	0.003	0.003	3010.2	1929.56	60	9422	
0.4	5.4	55	139	26	3	66	85972	66	85972	0.00671212	0.00479026	0.003	0.017	1302.61	1138.99	60	6882	
0.4	5.4	10	140	5	3	170	697088	168	692353	0.003	0	0.003	0.003	4121.15	1954.22	60	9422	
0.4	5.4	27	142	7	3	211	609176	210	606809	0.00753333	0.00438258	0.003	0.017	2889.57	2532.25	36	9422	
0.4	5.4	26	144	14	3	28	64137	28	64137	0.00875	0.00332916	0.003	0.017	2290.61	2348.69	60	9422	
0.4	5.4	18	145	3	3	65	168168	65	168168	0.00784615	0.00325591	0.003	0.01	2587.2	1831.66	60	9422	
0.4	5.4	32	147	2	3	52	180567	52	180567	0.00623077	0.00352368	0.003	0.01	3472.44	2620.63	60	9422	
0.4	5.4	52	150	31	3	43	27387	43	27387	0.0047907	0.00377055	0.003	0.017	636.907	533.702	43	1775	
0.4	5.4	48	151	3	3	182	795304	182	795304	0.003	0	0.003	0.003	4369.8	2682.9	45	9422	
0.4	5.4	15	152	8	3	4	240	4	240	0.003	0	0.003	0.003	60	0	60	60	
0.4	5.4	54	153	8	3	54	127473	54	127473	0.00507407	0.00322638	0.003	0.01	2360.61	1769.36	60	7099	
0.4	5.4	52	155	20	3	105	107306	105	107306	0.00633333	0.00377152	0.003	0.017	1021.96	686.643	60	3182	
0.4	5.4	12	156	11	3	112	367559	112	367559	0.007875	0.00323306	0.003	0.01	3281.78	2148.84	60	9422	
0.4	5.4	16	157	20	3	108	319038	107	317263	0.00797196	0.00319037	0.003	0.01	2965.07	2255.87	36	9422	
0.4	5.4	47	159	12	3	25	78225	25	78225	0.00692	0.00354636	0.003	0.01	3129	2529.68	60	9422	
0.4	5.4	30	160	24	3	182	586401	183	586993	0.00602186	0.0034767	0.003	0.01	3207.61	2099.32	45	9422	
0.4	5.4	41	161	15	3	6	360	6	360	0.0065	0.00383406	0.003	0.01	60	0	60	60	
0.4	5.4	32	163	14	3	20	63424	20	63424	0.00685	0.00357292	0.003	0.01	3171.2	2728.56	60	9422	
0.4	5.4	43	164	19	3	181	819077	180	816119	0.003	0	0.003	0.003	4533.99	2782.2	45	9422	
0.4	5.4	37	165	59	3	299	362820	299	362820	0.00569231	0.00390564	0.003	0.017	1213.44	1056.03	60	8168	
0.4	5.4	20	166	19	3	40	107864	41	109048	0.00778049	0.00329782	0.003	0.01	2659.71	2171.95	45	9422	
0.4	5.4	41	167	53	3	10	4972	10	4972	0.0072	0.00489444	0.003	0.017	497.2	326.578	60	1184	
0.4	5.4	32	169	13	3	2	120	2	120	0.01	0	0.01	0.01	60	0	60	60	
0.4	5.4	41	171	60	3	128	126292	128	126292	0.00633594	0.00392504	0.003	0.017	986.656	957.544	60	7098	
0.4	5.4	12	173	18	3	189	685380	187	675913	0.00708021	0.00346084	0.003	0.01	3614.51	2300.23	45	9422	
0.4	5.4	48	176	12	3	114	361053	115	362237	0.00525217	0.00353639	0.003	0.017	3149.89	2107.38	45	9422	
0.4	5.4	42	177	31	3	76	181209	76	181209	0.00530263	0.00331067	0.003	0.01	2384.33	1848.94	60	9422	
0.4	5.4	35	178	9	3	125	411559	124	409784	0.00802419	0.00316347	0.003	0.01	3304.71	2166.86	36	9422	
0.4	5.4	23	179	8	3	40	107209	40	107209	0.005975	0.00350448	0.003	0.01	2680.23	2061.32	60	9422	
0.4	5.4	32	180	12	3	119	400784	119	400784	0.003	0	0.003	0.003	3367.93	2307.39	45	9422	
0.4	5.4	16	181	8	3	116	439716	116	439716	0.00656034	0.00351466	0.003	0.01	3790.66	2644.98	45	9422	
0.4	5.4	28	182	14	3	102	245805	102	245805	0.00835294	0.00314232	0.003	0.017	2409.85	2424.67	36	9422	
0.4	5.4	15	183	24	3	134	394915	133	391955	0.00742105	0.00389874	0.003	0.017	2947.03	2433.74	45	9422	
0.4	5.4	2	184	22	3	98	187980	99	192121	0.00589899	0.00346556	0.003	0.01	1940.62	1910.68	60	9422	
0.4	5.4	30	185	3	3	13	41535	13	41535	0.003	0	0.003	0.003	3195	3180.25	60	9422	
0.4	5.4	55	189	54	3	87	138049	87	138049	0.00678161	0.00424381	0.003	0.017	1586.77	1392.74	43	9422	
0.4	5.4	14	190	6	3	170	570612	169	565288	0.00660355	0.00350886	0.003	0.01	3344.9	2256.67	45	9422	
0.4	5.4	13	191	18	3	128	440909	128	440909	0.003	0	0.003	0.003	3444.6	2370.07	45	9422	
0.4	5.4	22	194	10	3	35	75855	35	75855	0.0086	0.00284088	0.003	0.01	2167.29	2121.02	60	9422	
0.4	5.4	5	195	13	3	95	281288	96	281880	0.00708333	0.00346916	0.003	0.01	2936.25	2236.04	57	9422	
0.4	5.4	34	196	56	3	1	60	1	60	0.01	0	0.01	0.01	60	0	60	60	
0.4	5.4	37	199	5	3	216	312226	216	312226	0.00568981	0.00341285	0.003	0.01	1445.49	1138.18	60	9422	
0.4	5.4	2	200	36	3	185	471323	185	471323	0.0054973	0.00336239	0.003	0.01	2547.69	2036.99	36	9422	
0.4	5.4	6	201	1	3	91	293224	90	289674	0.003	0	0.003	0.003	3218.6	2452.96	45	9422	
0.4	5.4	21	202	4	3	2	120	2	120	0.01	0	0.01	0.01	60	0	60	60	
0.4	5.4	36	203	5	3	105	264753	105	264753	0.00753333	0.00336002	0.003	0.01	2521.46	2028.05	45	9422	
0.4	5.4	39	204	77	3	124	147189	123	146005	0.00704065	0.00410797	0.003	0.017	1187.03	879.374	60	4395	
0.4	5.4	37	205	60	3	1	60	1	60	0.003	0	0.003	0.003	60	0	60	60	
0.4	5.4	15	206	7	3	138	405504	138	405504	0.00533333	0.00352123	0.003	0.017	2938.43	1988.12	60	9422	
0.4	5.4	55	208	25	3	108	170778	108	170778	0.00714815	0.0044926	0.003	0.017	1581.28	1654.14	60	9422	
0.4	5.4	34	210	32	3	418	180096	417	179935	0.00417506	0.00261937	0.003	0.01	431.499	643.288	13	9422	
0.4	5.4	42	212	15	3	162	569581	162	569581	0.003	0	0.003	0.003	3515.93	2652.31	45	9422	
0.4	5.4	36	213	7	3	130	375871	130	375871	0.00682308	0.00349854	0.003	0.01	2891.32	1956.25	60	9422	
0.4	5.4	15	214	9	3	106	365879	106	363290	0.0080849	0.00342016	0.003	0.017	3427.26	2782.37	45	9422	
0.4	5.4	9	215	10	3	44	76467	44	76467	0.00681818	0.0035258	0.003	0.01	1737.89	1632.67	60	7099	
0.4	5.4	11	217	19	3	45	99603	45	99603	0.00797778	0.00320857	0.003	0.01	2213.4	1722.79	36	7099	
0.4	5.4	2	218	39	3	47	88901	47	88901	0.00746808	0.00397739	0.003	0.017	1891.51	1646.12	60	6507	
0.4	5.4	52	219	39	3	173	225382	172	223425	0.00564535	0.00409204	0.003	0.017	1298.98	1479.74	29	9422	
0.4	5.4	52	221	12	3	220	477249	220	477249	0.00414545	0.00259552	0.003	0.01	2169.31	1935.07	60	9422	
0.4	5.4	9	222	11	3	175	732482	175	729524	0.00492	0.00313204	0.003	0.01	4168.71	2481.33	45	9422	
0.4	5.4	34	224	64	3	349	222676	349	222676	0.00452435	0.00289324	0.003	0.01	638.04	732.711	5	5861	
0.4	5.4	26	225	5	3	122	329850	122	329850	0.00816393	0.00357762	0.003	0.017	2703.69	2144.09	13	9422	
0.4	5.4	18	226	20	3	174	489596	174	489596	0.00662069	0.00350801	0.003	0.01	2813.77	1945.33	45	9422	
0.4	5.4	54	227	3	3	209	344048	211	350617	0.00787678	0.00449486	0.003	0.024	1661.69	1452.76	60	9422	
0.4	5.4	2	228	12	3	112	211435	112	211435	0.00675	0.00375008	0.003	0.017	1887.81	1583.48	6	6882	
0.4	5.4	41	230	48	3	275	425397	276	425770	0.00677898	0.00431636	0.003	0.017	1542.64	1434.72	43	9422	
0.4	5.4	17	232	9	3	93	182857	92	181826	0.00870652	0.00400971	0.003	0.024	1976.37	1644.63	60	8294	
0.4	5.4	23	233	21	3	83	273473	83	273473	0.003	0	0.003	0.003	3294.86	2189.34	60	9422	
0.4	5.4	39	237	9	3	2	120	2	120	0.01	0	0.01	0.01	60	0	60	60	
0.4	5.4	35	240	11	3	110	484077	110	484077	0.00656364	0.00351544	0.003	0.01	4400.7	2533.35	45	9422	
0.4	5.4	37	241	13	3	301	367294	301	367294	0.00593023	0.00394442	0.003	0.017	1220.25	1021.47	39	7099	
0.4	5.4	42	243	36	3	85	304817	85	304817	0.003	0	0.003	0.003	3586.08	2344.48	45	9422	
0.4	5.4	52	244	37	3	220	265411	220	265411	0.00602273	0.00401304	0.003	0.017	1206.41	963.657	23	4395	
0.4	5.4	41	246	58	3	5	1418	5	1418	0.0058	0.00383406	0.003	0.01	283.6	263.477	60	648	
0.4	5.4	41	248	41	3	226	409211	226	409211	0.00510619	0.00321763	0.003	0.01	1810.67	1387.44	53	6507	
0.4	5.4	9	249	3	3	98	268738	99	271105	0.00625252	0.00350901	0.003	0.01	2738.43	1861.03	60	9422	
0.4	5.4	33	251	9	3	153	685325	153	685325	0.00409804	0.00255406	0.003	0.01	4479.25	2823.7	45	9422	
0.4	5.4	11	253	1	3	4	240	4	240	0.01175	0.0035	0.01	0.017	60	0	60	60	
0.4	5.4	55	255	37	3	113	134582	113	134582	0.00547788	0.00406882	0.003	0.024	1190.99	1506.9	36	9422	
0.4	5.4	9	256	17	3	119	292440	119	292440	0.00635294	0.0035117	0.003	0.01	2457.48	1842.25	36	9422	
0.4	5.4	37	258	12	3	1	60	1	60	0.01	0	0.01	0.01	60	0	60	60	
0.4	5.4	23	259	17	3	2	120	2	120	0.0065	0.00494975	0.003	0.01	60	0	60	60	
0.4	5.4	34	260	49	3	527	303287	524	302548	0.0049771	0.00318389	0.003	0.017	577.382	594.864	5	6882	
0.4	5.4	23	262	6	3	254	712828	254	712828	0.0075748	0.00366916	0.003	0.017	2806.41	2346.34	45	9422	
0.4	5.4	9	265	19	3	165	534466	165	534466	0.00605454	0.00348211	0.003	0.01	3239.19	2313.36	45	9422	
0.4	5.4	42	267	42	3	152	563401	152	563401	0.00470395	0.00301396	0.003	0.01	3706.59	2482.08	45	9422	
0.4	5.4	45	268	19	3	109	346349	109	346349	0.00306422	0.000670478	0.003	0.01	3177.51	2206.12	45	9422	
0.4	5.4	47	269	2	3	130	296711	130	296711	0.00795385	0.00342553	0.003	0.017	2282.39	2031.95	26	9422	
0.4	5.4	14	271	2	3	46	149813	46	149813	0.00923913	0.00220287	0.003	0.01	3256.8	2376.87	60	9422	
0.4	5.4	30	273	8	3	46	178318	46	178318	0.00330435	0.00144329	0.003	0.01	3876.48	3058.2	45	9422	
0.4	5.4	34	275	4	3	3	180	3	180	0.003	0	0.003	0.003	60	0	60	60	
0.4	5.4	41	279	68	3	25	23217	25	23217	0.00692	0.00455448	0.003	0.017	928.68	741.034	60	2958	
0.4	5.4	29	280	18	3	163	215704	163	215704	0.00656442	0.00383943	0.003	0.017	1323.34	1308.13	60	9422	
0.4	5.4	47	281	14	3	253	711423	253	711423	0.00767589	0.0036392	0.003	0.017	2811.95	2088	26	9422	
0.4	5.4	52	282	14	3	3	180	3	180	0.003	0	0.003	0.003	60	0	60	60	
0.4	5.4	52	284	48	3	86	87418	86	87418	0.00527907	0.0034697	0.003	0.017	1016.49	912.185	50	5685	
0.4	5.4	8	285	20	3	71	184265	71	184265	0.00674648	0.00351616	0.003	0.01	2595.28	1805.65	60	9422	
0.4	5.4	41	286	37	3	90	86610	90	86610	0.0065	0.00435825	0.003	0.017	962.333	773.681	58	4395	
0.4	5.4	50	287	24	3	72	171724	72	171724	0.00805555	0.00315732	0.003	0.01	2385.06	1877.22	60	9422	
0.4	5.4	4	288	15	3	78	235025	78	235025	0.003	0	0.003	0.003	3013.14	1901.27	60	7690	
0.4	5.4	23	289	10	3	33	88870	33	88870	0.00639394	0.00355263	0.003	0.01	2693.03	2502.26	60	9422	
0.4	5.4	47	291	17	3	119	391199	119	391199	0.003	0	0.003	0.003	3287.39	2470.2	45	9422	
0.4	5.4	47	293	13	3	133	442684	133	442684	0.003	0	0.003	0.003	3328.45	2269.8	60	9422	
0.4	5.4	17	296	11	3	58	120059	57	118487	0.00766667	0.00381881	0.003	0.017	2078.72	1576.2	60	7099	
0.4	5.4	19	297	14	3	165	394959	165	394959	0.00783636	0.00333549	0.003	0.017	2393.69	2144.52	60	9422	
0.4	5.4	55	299	27	3	62	82420	62	82420	0.00525806	0.00329896	0.003	0.01	1329.35	1433.9	60	9422	
0.4	5.4	37	300	16	3	3	180	3	180	0.00533333	0.00404145	0.003	0.01	60	0	60	60	
0.4	5.4	42	302	40	3	53	164724	53	164724	0.00537736	0.00334679	0.003	0.01	3108	2138.06	60	9422	
0.4	5.4	24	303	2	3	141	474641	141	474641	0.0078156	0.00325489	0.003	0.01	3366.25	2377.91	36	9422	
0.4	5.4	1	304	7	3	4	3667	4	3667	0.0065	0.00404145	0.003	0.01	916.75	733.545	60	1775	
0.4	5.4	26	305	16	3	140	444366	140	444366	0.00725	0.00363065	0.003	0.017	3174.04	2674.71	45	9422	
0.4	5.4	30	306	20	3	37	64641	37	64641	0.00791892	0.00363913	0.003	0.017	1747.05	1767.17	26	9422	
0.4	5.4	5	307	1	3	33	111942	33	111942	0.003	0	0.003	0.003	3392.18	2817.26	60	9422	
0.4	5.4	34	309	26	3	654	318509	654	318509	0.00470183	0.00338107	0.003	0.017	487.017	763.686	5	8873	
0.4	5.4	21	311	3	3	2	120	2	120	0.0065	0.00494975	0.003	0.01	60	0	60	60	
0.4	5.4	57	313	10	3	24	69934	24	69934	0.00795833	0.00325014	0.003	0.01	2913.92	2541.71	60	9422	
0.4	5.4	37	316	31	3	63	77689	63	77689	0.00466667	0.00300537	0.003	0.01	1233.16	837.29	60	3822	
0.4	5.4	48	318	22	3	145	489198	145	489198	0.00406207	0.00251998	0.003	0.01	3373.78	2587.67	45	9422	
0.4	5.4	48	321	13	3	17	35026	16	31476	0.00825	0.0031305	0.003	0.01	1967.25	1262.67	60	4141	
0.4	5.4	56	323	13	3	28	99513	28	99513	0.003	0	0.003	0.003	3554.04	2782.56	60	9422	
0.4	5.4	55	324	1	3	2	120	2	120	0.01	0	0.01	0.01	60	0	60	60	
0.4	5.4	29	327	9	3	216	371910	216	371910	0.00750463	0.00392369	0.003	0.017	1721.81	1822.97	20	9422	
0.4	5.4	25	328	16	3	42	80011	42	80011	0.00766667	0.00399186	0.003	0.017	1905.02	2115.13	60	9422	
0.4	5.4	47	329	15	3	50	142312	50	142312	0.003	0	0.003	0.003	2846.24	2486.78	60	9422	
0.4	5.4	11	330	14	3	150	636236	150	636236	0.003	0	0.003	0.003	4241.57	2796.94	45	9422	
0.4	5.4	8	331	1	3	2	120	2	120	0.0065	0.00494975	0.003	0.01	60	0	60	60	
0.4	5.4	51	332	11	3	8	14909	8	14909	0.009125	0.00247487	0.003	0.01	1863.62	1262.06	60	3550	
0.4	5.4	42	334	28	3	109	253512	109	253512	0.00466972	0.00299708	0.003	0.01	2325.8	1794.62	60	9422	
0.4	5.4	29	335	12	3	108	159375	108	159375	0.00656481	0.00376723	0.003	0.017	1475.69	1660.97	60	9422	
0.4	5.4	12	336	2	3	151	497737	150	493596	0.00780667	0.00325782	0.003	0.01	3290.64	2524.81	45	9422	
0.4	5.4	14	338	3	3	135	402479	135	402479	0.00844444	0.00292102	0.003	0.01	2981.33	2258.54	28	9422	
0.4	5.4	39	339	47	3	154	244257	154	244257	0.00595454	0.00398419	0.003	0.017	1586.08	1488.83	10	9422	
0.4	5.4	21	340	17	3	141	581696	141	581696	0.00429078	0.00272433	0.003	0.01	4125.5	2483.96	45	9422	
0.4	5.4	13	341	15	3	77	319006	77	319006	0.003	0	0.003	0.003	4142.94	2259.62	60	9422	
0.4	5.4	29	342	4	3	42	102486	41	100711	0.00692683	0.00351703	0.003	0.01	2456.37	1894.7	60	9422	
0.4	5.4	17	344	13	3	122	282503	122	282503	0.00839344	0.00308973	0.003	0.017	2315.6	2459.78	45	9422	
0.4	5.4	43	345	10	3	74	213848	74	213848	0.00782432	0.00326189	0.003	0.01	2889.84	2123.85	45	9422	
0.4	5.4	19	348	13	3	117	248676	118	249551	0.00863559	0.00380208	0.003	0.017	2114.84	1778.97	48	9422	
0.4	5.4	34	349	22	3	4	1894	4	1894	0.003	0	0.003	0.003	473.5	304.776	60	749	
0.4	5.4	39	350	68	3	59	144521	59	144521	0.00477966	0.0033377	0.003	0.017	2449.51	2152.01	15	9422	
0.4	5.4	22	351	16	3	64	225538	64	225538	0.003	0	0.003	0.003	3524.03	3059.56	45	9422	
0.4	5.4	50	353	15	3	78	257026	78	257026	0.00623077	0.00351222	0.003	0.01	3295.21	2518.38	60	9422	
0.4	5.4	39	354	40	3	94	152466	92	147730	0.00543478	0.00335223	0.003	0.01	1605.76	1202.4	21	4904	
0.4	5.4	34	356	33	3	436	264400	433	262881	0.00569977	0.0045259	0.003	0.024	607.115	723.302	3	5963	
0.4	5.4	5	357	11	3	46	101307	46	101307	0.00802174	0.00351182	0.003	0.017	2202.33	1574.9	60	8873	
0.4	5.4	46	358	17	3	8	21415	8	21415	0.00825	0.00324037	0.003	0.01	2676.88	2453.7	60	7099	
0.4	5.4	39	359	7	3	177	187806	177	187806	0.00667797	0.00388225	0.003	0.017	1061.05	871.01	43	6400	
0.4	5.4	4	360	13	3	56	141011	56	141011	0.00725	0.00344964	0.003	0.01	2518.05	2085.53	45	9422	
0.4	5.4	37	361	27	3	123	242337	123	242337	0.003	0	0.003	0.003	1970.22	1179.97	32	5324	
0.4	5.4	19	362	2	3	3	1892	3	1892	0.00766667	0.00404145	0.003	0.01	630.667	562.2	60	1184	
0.4	5.4	39	363	72	3	116	148097	116	148097	0.00680172	0.00384983	0.003	0.017	1276.7	883.427	60	4395	
0.4	5.4	42	364	38	3	109	233292	109	233292	0.00621101	0.00350416	0.003	0.01	2140.29	1730.8	53	9422	
0.4	5.4	24	365	4	3	2	120	2	120	0.0065	0.00494975	0.003	0.01	60	0	60	60	
0.4	5.4	34	367	62	3	368	188844	368	188844	0.00505435	0.00331495	0.003	0.017	513.163	608.031	6	5040	
0.4	5.4	11	368	5	3	58	151009	58	151009	0.00324138	0.00128841	0.003	0.01	2603.6	2091.01	60	9422	
0.4	5.4	42	371	9	3	3	1892	3	1892	0.003	0	0.003	0.003	630.667	562.2	60	1184	
0.4	5.4	35	372	23	3	12	14327	12	14327	0.01	0.00298481	0.003	0.017	1193.92	1163.65	60	3550	
0.4	5.4	10	373	11	3	171	680731	170	680139	0.003	0	0.003	0.003	4000.82	2742.24	45	9422	
0.4	5.4	52	374	23	3	187	240029	187	240029	0.00520856	0.00326176	0.003	0.01	1283.58	965.229	60	7708	
0.4	5.4	4	377	17	3	71	146413	71	146413	0.00832394	0.0041774	0.003	0.017	2062.15	1783.27	60	9422	
0.4	5.4	41	378	74	3	181	236386	181	236386	0.00644199	0.00380689	0.003	0.017	1306	940.955	15	6136	
0.4	5.4	36	379	2	3	69	175333	69	175333	0.00523188	0.00328609	0.003	0.01	2541.06	2239.51	60	9422	
0.4	5.4	56	380	1	3	79	336747	79	336747	0.00796202	0.00320033	0.003	0.01	4262.62	2395.51	45	9422	
0.4	5.4	22	382	2	3	143	589918	143	589918	0.00897203	0.00248643	0.003	0.01	4125.3	2825.31	45	9422	
0.4	5.4	54	383	20	3	181	328065	179	325106	0.00753631	0.00374054	0.003	0.017	1816.23	1814.58	36	9422	
0.4	5.4	41	384	64	3	163	341741	163	341741	0.00553374	0.00337434	0.003	0.01	2096.57	1504.95	52	7690	
0.4	5.4	36	385	19	3	32	64029	32	64029	0.00803125	0.00319762	0.003	0.01	2000.91	1491.16	60	5916	
0.4	5.4	8	386	19	3	102	219071	100	215520	0.00839	0.00370338	0.003	0.017	2155.2	1390.82	60	6507	
0.4	5.4	37	387	72	3	163	200975	163	200975	0.00557669	0.00364454	0.003	0.017	1232.98	979.296	60	8531	
0.4	5.4	41	388	17	3	37	29267	37	29267	0.0047027	0.00304471	0.003	0.01	791	561.811	60	2073	
0.4	5.4	35	390	17	3	89	292431	89	292431	0.00858427	0.00319733	0.003	0.017	3285.74	2221.25	60	9422	
0.4	5.4	22	391	5	3	43	124961	43	124961	0.00886046	0.00261481	0.003	0.01	2906.07	2748.21	60	9422	
0.4	5.4	13	392	1	3	144	735479	144	735479	0.003	0	0.003	0.003	5107.49	2581.77	45	9422	
0.4	5.4	39	393	14	3	229	486072	229	486072	0.003	0	0.003	0.003	2122.59	1666.87	60	9422	
0.4	5.4	3	395	4	3	112	376525	111	370609	0.003	0	0.003	0.003	3338.82	2096.53	60	9422	
0.4	5.4	55	397	13	3	1	60	1	60	0.003	0	0.003	0.003	60	0	60	60	
0.4	5.4	41	398	26	3	153	241793	153	241793	0.00597386	0.00347159	0.003	0.01	1580.35	1475.99	60	9422	
0.4	5.4	45	399	6	3	50	107813	50	107813	0.00608	0.00350999	0.003	0.01	2156.26	2527.27	60	9422	
0.4	5.4	18	401	10	3	196	748219	196	748219	0.00482143	0.00307909	0.003	0.01	3817.44	2713.43	36	9422	
0.4	5.4	20	402	23	3	94	248044	95	252777	0.00778947	0.00371854	0.003	0.017	2660.81	2271.36	45	9422	
0.4	5.4	55	403	50	3	93	139247	92	139014	0.00672826	0.00351169	0.003	0.01	1511.02	1231.07	60	6882	
0.4	5.4	44	405	14	3	93	222607	92	219057	0.00657609	0.00351835	0.003	0.01	2381.05	2021.31	60	9422	
0.4	5.4	34	406	6	3	195	149480	195	149480	0.00511795	0.00322385	0.003	0.01	766.564	594.494	21	3550	
0.4	5.4	17	408	4	3	152	541580	152	541580	0.00640789	0.00351035	0.003	0.01	3563.03	2364.88	45	9422	
0.4	5.4	4	409	22	3	141	401424	141	401424	0.00766667	0.0033116	0.003	0.01	2846.98	2240.32	45	9422	
0.4	5.4	48	413	19	3	34	65322	34	65322	0.00423529	0.00270867	0.003	0.01	1921.24	1335.74	60	4733	
0.4	5.4	8	414	7	3	62	185423	61	181282	0.00827869	0.00303936	0.003	0.01	2971.84	2178.1	60	9422	
0.4	5.4	47	416	5	3	94	167666	93	167074	0.00819355	0.00398437	0.003	0.017	1796.49	1421.84	60	9422	
0.4	5.4	55	417	51	3	42	69387	42	69387	0.00516667	0.00327531	0.003	0.01	1652.07	1423.87	23	6882	
0.4	5.4	17	418	8	3	1	60	1	60	0.003	0	0.003	0.003	60	0	60	60	
0.4	5.4	33	421	15	3	172	633305	172	633305	0.00800581	0.00316874	0.003	0.01	3682.01	2571.84	45	9422	
0.4	5.4	37	423	34	3	261	356179	261	356179	0.00597701	0.00357441	0.003	0.017	1364.67	1394.86	27	9422	
0.4	5.4	39	425	15	3	1	60	1	60	0.01	0	0.01	0.01	60	0	60	60	
0.4	5.4	31	427	4	3	88	197299	88	197299	0.00848864	0.00326245	0.003	0.017	2242.03	1673.74	60	9422	
0.4	5.4	50	428	4	3	5	5442	5	5442	0.0086	0.0031305	0.003	0.01	1088.4	742.216	60	1775	
0.4	5.4	30	429	7	3	53	111969	53	111969	0.00722641	0.00345655	0.003	0.01	2112.62	1886.87	53	8079	
0.4	5.4	5	430	4	3	130	407426	128	397367	0.00420312	0.00265128	0.003	0.01	3104.43	2351.34	45	9422	
0.4	5.4	41	431	54	3	146	208663	146	208663	0.00506164	0.00320177	0.003	0.01	1429.2	1103.7	23	7690	
0.4	5.4	2	434	16	3	48	86537	48	86537	0.00635417	0.00353397	0.003	0.01	1802.85	1236.52	60	5324	
0.4	5.4	53	435	3	3	72	265168	72	265168	0.003	0	0.003	0.003	3682.89	1698.26	60	8873	
0.4	5.4	42	436	41	3	165	281905	166	283077	0.00645783	0.00420332	0.003	0.017	1705.28	1168.27	9	8276	
0.4	5.4	37	437	79	3	43	71151	43	71151	0.00381395	0.00227047	0.003	0.01	1654.67	1299.02	60	7099	
0.4	5.4	47	438	6	3	80	149269	80	149269	0.0071125	0.00364221	0.003	0.017	1865.86	1346.64	60	7099	
0.4	5.4	44	442	24	3	150	290278	150	290278	0.00645333	0.00395204	0.003	0.017	1935.19	1678.95	24	9422	
0.4	5.4	28	443	15	3	77	240567	77	240567	0.00718182	0.00345546	0.003	0.01	3124.25	2115.65	36	8873	
0.4	5.4	48	445	9	3	87	265196	87	265196	0.00662069	0.0035182	0.003	0.01	3048.23	2020.92	60	9422	
0.4	5.4	28	446	2	3	28	117258	28	117258	0.00775	0.00332916	0.003	0.01	4187.79	2363.54	60	8282	
0.4	5.4	9	447	4	3	67	140955	67	140955	0.003	0	0.003	0.003	2103.81	2469.3	60	9422	
0.4	5.4	39	449	10	3	2	120	2	120	0.0065	0.00494975	0.003	0.01	60	0	60	60	
0.4	5.4	10	450	3	3	79	162970	79	162970	0.00663291	0.00351982	0.003	0.01	2062.91	2052.09	60	9422	
0.4	5.4	39	452	41	3	77	100338	75	97378	0.00608	0.00349811	0.003	0.01	1298.37	711.575	60	3550	
0.4	5.4	30	453	11	3	195	629105	196	630289	0.00735714	0.00340211	0.003	0.01	3215.76	2032.01	36	9422	
0.4	5.4	10	454	2	3	84	139789	83	138605	0.00907229	0.00304752	0.003	0.017	1669.94	1115.83	60	6507	
0.4	5.4	17	455	3	3	134	541459	134	541459	0.00618657	0.00349902	0.003	0.01	4040.74	2301.35	60	9422	
0.4	5.4	6	456	13	3	53	88892	53	88892	0.00854717	0.00317784	0.003	0.017	1677.21	1399.12	60	5324	
0.4	5.4	31	457	14	3	175	486312	175	486312	0.00712	0.00345453	0.003	0.01	2778.93	2192.15	60	9422	
0.4	5.4	16	458	7	3	32	70529	31	66979	0.00796774	0.0032299	0.003	0.01	2160.61	1452.55	60	5324	
0.4	5.4	21	460	9	3	132	351237	132	351237	0.00708333	0.00346419	0.003	0.01	2660.89	2163.89	45	9422	
0.4	5.4	33	462	14	3	12	36915	12	36915	0.003	0	0.003	0.003	3076.25	3477.23	60	9422	
0.4	5.4	53	465	12	3	115	330286	115	330286	0.00780869	0.0033896	0.003	0.017	2872.05	2019.03	60	9422	
0.4	5.4	3	466	16	3	83	218465	83	218465	0.00839759	0.00315432	0.003	0.017	2632.11	1861.5	60	9422	
0.4	5.4	34	467	29	3	133	100553	130	99146	0.00531538	0.00330617	0.003	0.01	762.662	581.66	10	2961	
0.4	5.4	37	468	15	3	86	152952	86	152952	0.00519767	0.00326774	0.003	0.01	1778.51	1167.48	16	6507	
0.4	5.4	52	470	47	3	1	60	1	60	0.01	0	0.01	0.01	60	0	60	60	
0.4	5.4	2	471	41	3	67	138614	67	138614	0.00508955	0.0032274	0.003	0.01	2068.87	1584.68	60	8873	
0.4	5.4	41	472	39	3	9	5510	9	5510	0.00377778	0.00233333	0.003	0.01	612.222	378.935	60	1184	
0.4	5.4	34	473	74	3	539	414964	539	414964	0.00488312	0.0031362	0.003	0.017	769.878	1116.3	8	9422	
0.4	5.4	39	474	46	3	1	60	1	60	0.003	0	0.003	0.003	60	0	60	60	
0.4	5.4	34	475	13	3	630	357858	630	357858	0.00487778	0.00332203	0.003	0.017	568.029	868.722	12	9422	
0.4	5.4	37	476	28	3	2	120	2	120	0.01	0	0.01	0.01	60	0	60	60	
0.4	5.4	37	478	67	3	1	60	1	60	0.01	0	0.01	0.01	60	0	60	60	
0.4	5.4	34	479	24	3	706	396101	704	395339	0.00464062	0.00319363	0.003	0.017	561.561	833.56	10	9422	
0.4	5.4	5	480	20	3	35	100760	35	100760	0.0046	0.0029823	0.003	0.01	2878.86	2297.67	60	9422	
0.4	5.4	25	481	11	3	152	293680	152	293680	0.0083421	0.00357901	0.003	0.017	1932.11	1585.7	48	9422	
0.4	5.4	8	482	4	3	1	60	1	60	0.01	0	0.01	0.01	60	0	60	60	
0.4	5.4	41	483	25	3	62	70701	62	70701	0.00503226	0.00344497	0.003	0.017	1140.34	770.81	60	4141	
0.4	5.4	42	485	8	3	42	102497	42	102497	0.003	0	0.003	0.003	2440.4	1371.67	60	5916	
0.4	5.4	31	486	19	3	4	240	4	240	0.00825	0.0035	0.003	0.01	60	0	60	60	
0.4	5.4	19	487	7	3	83	150466	83	150466	0.00831325	0.00338551	0.003	0.017	1812.84	1711.39	60	8282	
0.4	5.4	49	488	13	3	40	85328	41	87694	0.00931707	0.00343103	0.003	0.017	2138.88	1347.49	60	5072	
0.4	5.4	34	490	20	3	501	214681	502	217627	0.00456175	0.00291722	0.003	0.01	433.52	394.724	25	2946	
0.4	5.4	20	492	18	3	128	494399	128	494399	0.00485937	0.00310381	0.003	0.01	3862.49	3286.45	45	9422	
0.4	5.4	30	495	26	3	128	396080	127	390756	0.0042126	0.0026596	0.003	0.01	3076.82	2074.39	60	9422	
0.4	5.4	2	496	11	3	88	236929	88	236929	0.003	0	0.003	0.003	2692.37	2192.37	60	9422	
0.4	5.4	37	498	53	3	1	60	1	60	0.003	0	0.003	0.003	60	0	60	60	
0.4	5.4	55	500	38	3	93	140428	93	140428	0.0066129	0.00380798	0.003	0.017	1509.98	1070.65	43	4395	
0.4	5.4	3	501	19	3	54	207779	54	207779	0.00883333	0.00263324	0.003	0.01	3847.76	2650.33	60	9422	
0.4	5.4	54	502	17	3	54	114350	54	114350	0.003	0	0.003	0.003	2117.59	1909.64	60	9422	
0.4	5.4	20	506	15	3	30	68175	30	68175	0.00836667	0.00301128	0.003	0.01	2272.5	1359.92	60	4904	
0.4	5.4	11	508	9	3	27	59879	27	59879	0.00844444	0.00296561	0.003	0.01	2217.74	1385.21	60	4733	
0.4	5.4	39	510	64	3	204	390879	204	390879	0.00475	0.00303855	0.003	0.01	1916.07	1510.51	22	8873	
0.4	5.4	18	511	13	3	192	434177	192	434177	0.00733854	0.00376467	0.003	0.017	2261.34	1598.24	60	6507	
0.4	5.4	15	512	22	3	183	454383	181	444269	0.00798895	0.0040097	0.003	0.024	2454.52	2162.04	60	9422	
0.4	5.4	37	513	52	3	173	184910	174	185502	0.00674138	0.0043004	0.003	0.017	1066.1	942.732	46	5381	
0.4	5.4	46	514	18	3	91	376982	91	376982	0.003	0	0.003	0.003	4142.66	2693.86	45	9422	
0.4	5.4	41	517	57	3	36	68190	36	68190	0.00533333	0.00334664	0.003	0.01	1894.17	1939.61	14	9422	
0.4	5.4	46	520	19	3	130	406132	130	406132	0.00730769	0.0034187	0.003	0.01	3124.09	2333.48	60	9422	
0.4	5.4	16	521	11	3	108	337393	108	337393	0.00578704	0.00344259	0.003	0.01	3124.01	2633.46	45	9422	
0.4	5.4	57	523	2	3	2	708	1	60	0.01	0	0.01	0.01	60	0	60	60	
0.4	5.4	8	524	3	3	5	3669	5	3669	0.0086	0.0031305	0.003	0.01	733.8	617.915	60	1527	
0.4	5.4	52	525	18	3	358	620784	358	620784	0.00497486	0.00315464	0.003	0.01	1734.03	1499.41	43	9422	
0.4	5.4	45	526	20	3	96	271236	96	271236	0.00642708	0.00351761	0.003	0.01	2825.38	2200.16	55	9422	
0.4	5.4	5	527	14	3	48	139884	48	139884	0.00591667	0.00348757	0.003	0.01	2914.25	2185.52	60	9422	
0.4	5.4	39	528	56	3	108	201077	108	201077	0.00669444	0.00399873	0.003	0.017	1861.82	1662.41	35	7099	
0.4	5.4	19	529	10	3	78	183701	78	183701	0.00766667	0.00385337	0.003	0.017	2355.14	2089.35	42	9422	
0.4	5.4	5	531	24	3	87	243433	87	243433	0.00718391	0.0036137	0.003	0.017	2798.08	1961.9	36	9422	
0.4	5.4	31	532	9	3	1	60	1	60	0.003	0	0.003	0.003	60	0	60	60	
0.4	5.4	20	533	22	3	132	326868	132	326868	0.00856818	0.00283434	0.003	0.01	2476.27	2108.06	57	9422	
0.4	5.4	7	534	13	3	102	356874	102	356874	0.00746078	0.00338217	0.003	0.01	3498.76	2287.04	60	9422	
0.4	5.4	42	537	16	3	105	303794	105	303794	0.003	0	0.003	0.003	2893.28	2150.7	45	9422	
0.4	5.4	43	538	3	3	5	5442	5	5442	0.01	0	0.01	0.01	1088.4	742.216	60	1775	
0.4	5.4	45	539	12	3	175	445215	175	445215	0.00852	0.00323565	0.003	0.017	2544.09	2129.41	13	9422	
0.4	5.4	10	540	6	3	6	8992	6	8992	0.0065	0.00383406	0.003	0.01	1498.67	1204.42	60	3550	
0.4	5.4	37	541	68	3	152	180116	152	180116	0.00544079	0.0033469	0.003	0.01	1184.97	839.547	18	4107	
0.4	5.4	40	545	10	3	65	158815	65	158815	0.00806154	0.0033906	0.003	0.017	2443.31	1901.97	60	9422	
0.4	5.4	8	550	18	3	1	60	1	60	0.003	0	0.003	0.003	60	0	60	60	
0.4	5.4	41	551	46	3	149	192570	149	192570	0.00577181	0.00371287	0.003	0.017	1292.42	1015.48	14	7690	
0.4	5.4	43	552	21	3	97	257517	97	257517	0.00740206	0.00339933	0.003	0.01	2654.81	1958.67	60	9422	
0.4	5.4	48	553	21	3	11	36798	11	36798	0.003	0	0.003	0.003	3345.27	3064.24	60	9422	
0.4	5.4	34	554	71	3	286	99476	286	99476	0.00483566	0.00345257	0.003	0.017	347.818	475.698	32	3822	
0.4	5.4	17	555	7	3	59	121065	58	120258	0.0077069	0.00379755	0.003	0.017	2073.41	1852.65	60	8873	
0.4	5.4	51	556	3	3	34	87806	34	87806	0.00855882	0.00287298	0.003	0.01	2582.53	2006.78	60	8814	
0.4	5.4	18	557	21	3	116	362237	116	362237	0.00625862	0.00350681	0.003	0.01	3122.73	2205.61	60	9422	
0.4	5.4	14	558	4	3	116	357606	116	357606	0.00589655	0.00346254	0.003	0.01	3082.81	2571.73	45	9422	
0.4	5.4	18	559	14	3	57	130902	57	130902	0.00594737	0.00348682	0.003	0.01	2296.53	1876.67	60	9422	
0.4	5.4	20	561	2	3	56	178210	56	178210	0.003625	0.00201415	0.003	0.01	3182.32	1867.38	60	9422	
0.4	5.4	4	562	8	3	75	202483	76	206624	0.00898684	0.00317277	0.003	0.017	2718.74	1901.54	60	8873	
0.4	5.4	27	563	6	3	109	280033	110	282994	0.00465454	0.00340921	0.003	0.017	2572.67	1854.74	60	9422	
0.4	5.4	37	564	26	3	222	242365	222	242365	0.00675225	0.00487554	0.003	0.024	1091.73	1280.48	21	7708	
0.4	5.4	4	565	14	3	18	54556	18	54556	0.00805555	0.00402159	0.003	0.017	3030.89	1909.93	60	7099	
0.4	5.4	24	566	9	3	162	596746	161	588464	0.00834783	0.00308274	0.003	0.017	3655.06	2492.15	45	9422	
0.4	5.4	54	568	14	3	12	14321	11	11954	0.01	0	0.01	0.01	1086.73	499.561	60	1775	
0.4	5.4	15	570	4	3	63	187704	63	187704	0.003	0	0.003	0.003	2979.43	1814.07	60	7690	
0.4	5.4	54	571	7	3	235	347079	236	348854	0.00712288	0.00401033	0.003	0.017	1478.19	1169.42	18	5324	
0.4	5.4	28	572	12	3	40	133836	40	133836	0.0079	0.00324867	0.003	0.01	3345.9	2053.23	60	7099	
0.4	5.4	16	574	14	3	133	506081	132	503714	0.00581061	0.00344451	0.003	0.01	3816.02	2684.65	60	9422	
0.4	5.4	51	575	10	3	57	198318	57	198318	0.00349123	0.00180399	0.003	0.01	3479.26	2311.18	60	9422	
0.4	5.4	42	576	26	3	1	60	1	60	0.01	0	0.01	0.01	60	0	60	60	
0.4	5.4	47	577	3	3	161	495509	161	495509	0.00778261	0.00344909	0.003	0.017	3077.7	2539.43	45	9422	
0.4	5.4	39	580	20	3	2	120	2	120	0.0065	0.00494975	0.003	0.01	60	0	60	60	
0.4	5.4	6	581	16	3	3	180	3	180	0.01	0	0.01	0.01	60	0	60	60	
0.4	5.4	37	582	9	3	130	205063	130	205063	0.00493846	0.00314446	0.003	0.01	1577.41	1749.77	60	9422	
0.4	5.4	12	583	6	3	122	364785	122	364785	0.00741803	0.00350876	0.003	0.017	2990.04	2531.39	45	9422	
0.4	5.4	55	584	9	3	186	213976	185	212140	0.00701081	0.00465201	0.003	0.024	1146.7	1048.48	6	6693	
0.4	5.4	3	585	1	3	68	247422	68	247422	0.003	0	0.003	0.003	3638.56	2228.72	60	9422	
0.4	5.4	2	587	15	3	3	180	3	180	0.00766667	0.00404145	0.003	0.01	60	0	60	60	
0.4	5.4	13	588	7	3	108	256449	108	256449	0.00792592	0.00321126	0.003	0.01	2374.53	2085.04	36	9422	
0.4	5.4	52	589	53	3	1	60	1	60	0.01	0	0.01	0.01	60	0	60	60	
0.4	5.4	51	590	22	3	80	209768	80	209768	0.0072	0.00345092	0.003	0.01	2622.1	2181.27	60	9422	
0.4	5.4	48	592	10	3	59	136319	58	134544	0.00891379	0.00255662	0.003	0.01	2319.72	1766.43	60	8873	
0.4	5.4	31	593	21	3	44	65395	44	65395	0.003	0	0.003	0.003	1486.25	908.155	60	2961	
0.4	5.4	43	596	2	3	179	727372	179	727372	0.00824022	0.00304523	0.003	0.01	4063.53	2903.26	36	9422	
0.4	5.4	30	597	13	3	69	171718	68	169943	0.00835294	0.00365188	0.003	0.017	2499.16	1875.4	60	9422	
0.4	5.4	50	598	19	3	129	530828	129	530828	0.00750387	0.00336602	0.003	0.01	4114.95	2985.26	45	9422	
0.4	5.4	19	599	16	3	88	210196	88	210196	0.00753409	0.00352642	0.003	0.017	2388.59	1835.97	60	9422	
0.4	5.4	29	600	10	3	130	261138	130	261138	0.00666154	0.0036164	0.003	0.017	2008.75	1541	60	7099	
0.4	5.4	40	603	18	3	5	5442	5	5442	0.0086	0.0031305	0.003	0.01	1088.4	742.216	60	1775	
0.4	5.4	25	604	23	3	157	632487	157	632487	0.003	0	0.003	0.003	4028.58	2349.01	45	9422	
0.4	5.4	42	605	39	3	68	157535	68	157535	0.00711765	0.00386924	0.003	0.017	2316.69	1620.84	60	7099	
0.4	5.4	4	606	11	3	1	60	1	60	0.003	0	0.003	0.003	60	0	60	60	
0.4	5.4	45	607	7	3	78	277018	78	277018	0.003	0	0.003	0.003	3551.51	2167.66	60	9422	
0.4	5.4	17	608	12	3	201	646967	200	646401	0.008145	0.00374488	0.003	0.024	3232	2483.94	45	9422	
0.4	5.4	2	609	29	3	159	411069	159	411069	0.00454088	0.00290948	0.003	0.01	2585.34	2122.59	60	9422	
0.4	5.4	27	610	16	3	187	598980	187	598980	0.00644385	0.00365602	0.003	0.017	3203.1	2361.08	45	9422	
0.4	5.4	32	611	9	3	50	144014	50	144014	0.00776	0.00358887	0.003	0.017	2880.28	2121.93	60	7099	
0.4	5.4	3	613	20	3	30	51007	30	51007	0.0079	0.00326264	0.003	0.01	1700.23	998.018	60	4141	
0.4	5.4	20	615	6	3	99	358782	99	358782	0.003	0	0.003	0.003	3624.06	2382.61	45	9422	
0.4	5.4	34	617	55	3	167	87941	167	87941	0.0042994	0.00272983	0.003	0.01	526.593	570.039	24	4733	
0.4	5.4	52	618	58	3	239	302380	239	302380	0.00531381	0.00387378	0.003	0.017	1265.19	1485.69	31	9422	
0.4	5.4	16	619	16	3	27	65921	27	65921	0.00792592	0.00325725	0.003	0.01	2441.52	2463.7	60	9422	
0.4	5.4	41	621	70	3	158	195633	158	195633	0.00614557	0.00383385	0.003	0.017	1238.18	975.01	60	4733	
0.4	5.4	29	622	16	3	121	142929	121	142929	0.00664463	0.00384461	0.003	0.017	1181.23	1072.35	13	5324	
0.4	5.4	40	623	17	3	121	449178	121	449178	0.003	0	0.003	0.003	3712.21	2583.71	45	9422	
0.4	5.4	20	625	8	3	30	72316	30	72316	0.0051	0.00326264	0.003	0.01	2410.53	1404.16	60	5916	
0.4	5.4	41	626	67	3	121	247080	121	247080	0.00357851	0.00193542	0.003	0.01	2041.98	1777.47	60	9422	
0.4	5.4	22	627	3	3	42	123182	42	123182	0.0075	0.00339476	0.003	0.01	2932.9	1356.38	60	5324	
0.4	5.4	50	631	13	3	66	230333	66	230333	0.00575757	0.00344656	0.003	0.01	3489.89	2120.56	60	9422	
0.4	5.4	26	633	8	3	158	567044	158	567044	0.00556962	0.00338481	0.003	0.01	3588.89	2454.51	36	9422	
0.4	5.4	53	636	9	3	174	577717	175	582450	0.00808	0.00313204	0.003	0.01	3328.29	2325.12	45	9422	
0.4	5.4	2	639	34	3	137	281249	137	281249	0.00519708	0.00326037	0.003	0.01	2052.91	1624.48	23	9422	
0.4	5.4	4	640	23	3	85	308007	85	308007	0.003	0	0.003	0.003	3623.61	3116.24	45	9422	
0.4	5.4	23	641	3	3	1	60	1	60	0.01	0	0.01	0.01	60	0	60	60	
0.4	5.4	34	643	66	3	137	156479	137	156479	0.00330657	0.00143774	0.003	0.01	1142.18	1304.71	60	9422	
0.4	5.4	34	644	68	3	247	168064	247	168064	0.00523887	0.00339111	0.003	0.017	680.421	781.013	32	5915	
0.4	5.4	34	647	54	3	122	84897	122	84897	0.0052377	0.00327791	0.003	0.01	695.877	575.777	7	3550	
0.4	5.4	34	648	65	3	289	263760	286	263253	0.00571678	0.00422692	0.003	0.024	920.465	1129.74	11	6882	
0.4	5.4	36	649	6	3	94	216831	94	216831	0.00806383	0.00428252	0.003	0.017	2306.71	1874.53	60	9422	
0.4	5.4	9	651	7	3	178	541252	178	541252	0.0065	0.00350987	0.003	0.01	3040.74	2690.63	45	9422	
0.4	5.4	5	653	21	3	120	452847	120	452847	0.00819167	0.00307687	0.003	0.01	3773.72	2618.06	45	9422	
0.4	5.4	38	654	9	3	98	241654	98	241654	0.003	0	0.003	0.003	2465.86	2430.45	60	9422	
0.4	5.4	25	655	1	3	117	344728	117	344728	0.00838461	0.00296196	0.003	0.01	2946.39	2264.04	60	9422	
0.4	5.4	41	656	27	3	30	25590	30	25590	0.0051	0.00326264	0.003	0.01	853	546.122	60	2025	
0.4	5.4	31	658	15	3	202	714584	202	714584	0.00504455	0.00319094	0.003	0.01	3537.54	2764.39	43	9422	
0.4	5.4	2	660	35	3	52	135036	52	135036	0.00434615	0.00278571	0.003	0.01	2596.85	2210.61	60	9422	
0.4	5.4	31	661	13	3	82	201429	82	201429	0.00556097	0.00356629	0.003	0.017	2456.45	1881.04	60	9422	
0.4	5.4	35	663	18	3	143	441639	143	441639	0.00838461	0.00295964	0.003	0.01	3088.38	2339.77	36	9422	
0.4	5.4	15	666	15	3	54	158701	54	158701	0.00753704	0.00337423	0.003	0.01	2938.91	2225.35	14	9422	
0.4	5.4	32	667	16	3	43	119059	43	119059	0.00804651	0.00317695	0.003	0.01	2768.81	2089.33	60	8282	
0.4	5.4	14	672	5	3	45	114314	45	114314	0.00828889	0.00304229	0.003	0.01	2540.31	1666.12	60	7099	
0.4	5.4	36	675	15	3	101	284165	101	284165	0.00528713	0.0032995	0.003	0.01	2813.51	1953.05	60	9422	
0.4	5.4	10	676	13	3	101	240969	101	240969	0.00826733	0.00334332	0.003	0.017	2385.83	1723.81	60	9422	
0.4	5.4	46	678	8	3	43	109111	43	109111	0.0082093	0.00309037	0.003	0.01	2537.47	2152.38	60	9422	
0.4	5.4	1	679	13	3	135	432160	135	432160	0.0086	0.00281043	0.003	0.01	3201.19	2241.23	45	9422	
0.4	5.4	19	680	11	3	59	153598	59	153598	0.003	0	0.003	0.003	2603.36	2125.28	60	9422	
0.4	5.4	39	683	13	3	5	300	5	300	0.0086	0.0031305	0.003	0.01	60	0	60	60	
0.4	5.4	39	684	48	3	1	60	1	60	0.017	0	0.017	0.017	60	0	60	60	
0.4	5.4	38	685	10	3	171	555265	172	558034	0.00706977	0.0037033	0.003	0.017	3244.38	2566.59	45	9422	
0.4	5.4	10	688	12	3	2	120	2	120	0.01	0.00989949	0.003	0.017	60	0	60	60	
0.4	5.4	49	689	2	3	6	8992	6	8992	0.01	0	0.01	0.01	1498.67	1204.42	60	3550	
0.4	5.4	17	692	10	3	74	135778	74	135778	0.00801351	0.00426034	0.003	0.017	1834.84	1387.15	60	5664	
0.4	5.4	39	693	57	3	202	240694	200	239291	0.005975	0.00367586	0.003	0.017	1196.45	1154.94	60	9422	
0.4	5.4	34	695	50	3	551	347178	550	346083	0.00587636	0.00448263	0.003	0.024	629.242	778.65	5	7099	
0.4	5.4	52	696	3	3	78	142179	78	142179	0.00452564	0.00290867	0.003	0.01	1822.81	1161.76	60	5324	
0.4	5.4	41	697	19	3	63	55205	63	55205	0.00522222	0.00328459	0.003	0.01	876.27	781.055	37	4141	
0.4	5.4	54	698	22	3	86	106143	86	106143	0.00560465	0.00387838	0.003	0.017	1234.22	1135.64	54	5916	
0.4	5.4	36	700	22	3	72	177650	72	177650	0.00825	0.00347526	0.003	0.017	2467.36	2210.53	23	9422	
0.4	5.4	3	701	10	3	12	41533	12	41533	0.01	0	0.01	0.01	3461.08	3491.29	60	9422	
0.4	5.4	5	702	25	3	97	345062	97	345062	0.003	0	0.003	0.003	3557.34	2315.83	60	9422	
0.4	5.4	29	703	15	3	55	105486	55	105486	0.00643636	0.00353167	0.003	0.01	1917.93	1949.32	52	8873	
0.4	5.4	34	705	3	3	1	60	1	60	0.003	0	0.003	0.003	60	0	60	60	
0.4	5.4	36	706	1	3	4	3667	4	3667	0.003	0	0.003	0.003	916.75	733.545	60	1775	
0.4	5.4	34	707	57	3	288	117981	288	117981	0.00475	0.00314681	0.003	0.017	409.656	660.685	5	5664	
0.4	5.4	41	708	29	3	171	351713	171	351713	0.003	0	0.003	0.003	2056.8	1661.17	60	9422	
0.4	5.4	3	715	22	3	196	778233	196	778233	0.003	0	0.003	0.003	3970.58	2159.6	45	9422	
0.4	5.4	41	717	22	3	1	60	1	60	0.01	0	0.01	0.01	60	0	60	60	
0.4	5.4	13	718	16	3	62	198443	62	198443	0.00469355	0.00302226	0.003	0.01	3200.69	2217.16	57	7690	
0.4	5.4	27	719	4	3	215	644770	215	644770	0.00505116	0.00319348	0.003	0.01	2998.93	2032.92	26	9422	
0.4	5.4	44	722	3	3	54	173724	54	173724	0.00714815	0.00347176	0.003	0.01	3217.11	2389.25	60	9422	
0.4	5.4	57	723	5	3	30	76443	29	75851	0.00903448	0.00245652	0.003	0.01	2615.55	2576.32	60	9422	
0.4	5.4	9	726	16	3	71	146296	71	146296	0.0076338	0.00391422	0.003	0.017	2060.51	1502.84	60	6882	
0.4	5.4	22	729	4	3	38	118449	38	118449	0.003	0	0.003	0.003	3117.08	2517.34	60	9422	
0.4	5.4	10	734	7	3	57	145687	57	145687	0.00607017	0.00374576	0.003	0.017	2555.91	1542.9	60	7099	
0.4	5.4	41	735	30	3	235	289016	235	289016	0.00606808	0.00408923	0.003	0.017	1229.86	1276.79	20	9422	
0.4	5.4	49	736	8	3	90	340302	90	340302	0.01	0.00104934	0.003	0.017	3781.13	2142.21	60	9422	
0.4	5.4	37	737	65	3	180	263123	180	263123	0.00545	0.0033481	0.003	0.01	1461.79	1184.54	20	5324	
0.4	5.4	54	738	19	3	125	208613	124	206246	0.00683871	0.00392695	0.003	0.017	1663.27	1876.91	60	9422	
0.4	5.4	50	739	1	3	209	642161	209	642161	0.00732057	0.003479	0.003	0.017	3072.54	2460.05	45	9422	
0.4	5.4	46	744	9	3	2	120	2	120	0.01	0	0.01	0.01	60	0	60	60	
0.4	5.4	2	749	33	3	84	122711	84	122711	0.00558333	0.00339812	0.003	0.01	1460.85	876.073	60	4733	
0.4	5.4	4	751	29	3	147	465900	145	460575	0.00802069	0.00316331	0.003	0.01	3176.38	2260.9	36	9422	
0.4	5.4	19	752	1	3	172	581852	172	581852	0.00454651	0.00291259	0.003	0.01	3382.86	2980.72	45	9422	
0.4	5.4	37	753	71	3	4	2484	4	2484	0.01	0.00571548	0.003	0.017	621	459.442	60	1184	
0.4	5.4	26	756	13	3	61	153382	60	152790	0.00626667	0.00352168	0.003	0.01	2546.5	1887.45	36	8873	
0.4	5.4	40	757	14	3	183	718512	183	718512	0.00651912	0.00350955	0.003	0.01	3926.3	2739.06	45	9422	
0.4	5.4	45	758	15	3	80	231491	80	231491	0.0062375	0.00351216	0.003	0.01	2893.64	2067.56	60	9422	
0.4	5.4	28	759	11	3	2	120	2	120	0.01	0	0.01	0.01	60	0	60	60	
0.4	5.4	39	761	26	3	1	60	1	60	0.003	0	0.003	0.003	60	0	60	60	
0.4	5.4	7	762	3	3	82	329652	82	329652	0.003	0	0.003	0.003	4020.15	2147.69	60	9422	
0.4	5.4	4	764	19	3	13	13140	13	13140	0.00784615	0.00441298	0.003	0.017	1010.77	523.441	60	1775	
0.4	5.4	30	765	23	3	151	498024	151	498024	0.00480795	0.00307401	0.003	0.01	3298.17	2746.61	45	9422	
0.4	5.4	35	767	5	3	1	60	1	60	0.003	0	0.003	0.003	60	0	60	60	
0.4	5.4	47	768	10	3	2	120	2	120	0.0065	0.00494975	0.003	0.01	60	0	60	60	
0.4	5.4	45	774	1	3	40	158687	40	158687	0.003	0	0.003	0.003	3967.18	2434.98	60	9422	
0.4	5.4	52	775	7	3	1	60	1	60	0.003	0	0.003	0.003	60	0	60	60	
0.4	5.4	53	776	15	3	30	84137	30	84137	0.00766667	0.00335624	0.003	0.01	2804.57	2133.36	60	8282	
0.4	5.4	4	777	7	3	156	585391	156	585391	0.00685897	0.00349276	0.003	0.01	3752.51	2721.84	45	9422	
0.4	5.4	41	779	69	3	297	305890	296	304054	0.00690203	0.00440884	0.003	0.017	1027.21	810.661	15	6278	
0.4	5.4	41	780	31	3	164	188579	162	186211	0.00585185	0.00394405	0.003	0.017	1149.45	1039.26	54	9422	
0.4	5.4	15	781	20	3	128	397145	128	397145	0.00655469	0.00372649	0.003	0.017	3102.7	2481.86	36	9422	
0.4	5.4	36	782	11	3	46	65250	46	65250	0.0065	0.00436527	0.003	0.017	1418.48	889.557	13	4123	
0.4	5.4	54	783	2	3	167	380717	168	383084	0.00691667	0.0034855	0.003	0.01	2280.26	1605.69	15	7099	
0.4	5.4	39	784	29	3	35	37411	35	37411	0.0058	0.00347935	0.003	0.01	1068.89	437.87	60	1775	
0.4	5.4	34	785	2	3	4	240	4	240	0.00475	0.0035	0.003	0.01	60	0	60	60	
0.4	5.4	52	786	11	3	1	60	1	60	0.003	0	0.003	0.003	60	0	60	60	
0.4	5.4	41	787	72	3	225	259483	225	259483	0.00573778	0.0035491	0.003	0.017	1153.26	883.436	13	7690	
0.4	5.4	6	788	5	3	27	83548	27	83548	0.003	0	0.003	0.003	3094.37	1711.25	60	7098	
0.4	5.4	18	790	1	3	91	206764	91	206764	0.00723077	0.00402513	0.003	0.024	2272.13	1724.93	13	9422	
0.4	5.4	31	791	1	3	135	409834	133	404951	0.00736842	0.00361494	0.003	0.017	3044.74	2386.53	15	9422	
0.4	5.4	4	792	2	3	99	261076	99	261076	0.00681818	0.00350325	0.003	0.01	2637.13	1785.23	45	9422	
0.4	5.4	13	793	14	3	172	562859	172	562859	0.00727325	0.00342348	0.003	0.01	3272.44	2321.54	36	9422	
0.4	5.4	39	794	62	3	21	18473	21	18473	0.00766667	0.00404145	0.003	0.017	879.667	417.821	60	1775	
0.4	5.4	41	795	8	3	177	241426	177	241426	0.00612429	0.00348965	0.003	0.01	1363.99	1152.46	45	9422	
0.4	5.4	51	796	13	3	56	157523	56	157523	0.004625	0.00352942	0.003	0.017	2812.91	2398.14	45	9422	
0.4	5.4	51	797	20	3	25	90640	25	90640	0.003	0	0.003	0.003	3625.6	2704.1	60	9422	
0.4	5.4	55	798	58	3	64	117290	64	117290	0.00639062	0.00374003	0.003	0.017	1832.66	1685.55	60	9422	
0.4	5.4	46	799	7	3	175	546949	175	546949	0.00784	0.0032426	0.003	0.01	3125.42	2616.76	45	9422	
0.4	5.4	56	800	12	3	33	77036	33	77036	0.00512121	0.00326686	0.003	0.01	2334.42	2152.18	60	9422	
0.4	5.4	21	801	16	3	74	256899	74	256899	0.00498649	0.00317737	0.003	0.01	3471.61	2239.65	60	9422	
0.4	5.4	34	802	44	3	304	188799	301	187608	0.00548837	0.00349915	0.003	0.017	623.282	657.102	19	5324	
0.4	5.4	53	804	16	3	89	275250	89	275250	0.00866292	0.00276728	0.003	0.01	3092.7	2595.76	36	9422	
0.4	5.4	39	806	21	3	288	364573	288	364573	0.00647569	0.00391985	0.003	0.017	1265.88	1151.82	13	9422	
0.4	5.4	44	807	4	3	93	243916	93	243916	0.00337634	0.00158741	0.003	0.01	2622.75	2080.99	12	9422	
0.4	5.4	52	810	25	3	210	251283	210	251283	0.00566667	0.00340747	0.003	0.01	1196.59	1007.24	43	5861	
0.4	5.4	2	811	21	3	16	26755	16	26755	0.0051875	0.00335099	0.003	0.01	1672.19	1131.72	60	4395	
0.4	5.4	48	813	20	3	66	110204	66	110204	0.00756061	0.00357826	0.003	0.017	1669.76	954.999	60	4141	
0.4	5.4	38	814	18	3	232	541095	230	539034	0.00771739	0.00353932	0.003	0.017	2343.63	1968.25	13	9422	
0.4	5.4	52	815	17	3	1	60	1	60	0.01	0	0.01	0.01	60	0	60	60	
0.4	5.4	38	816	17	3	149	466013	148	463055	0.00631081	0.00350675	0.003	0.01	3128.75	2075.65	60	9422	
0.4	5.4	16	818	1	3	137	471331	136	468373	0.00825	0.00304229	0.003	0.01	3443.92	2813.09	45	9422	
0.4	5.4	45	819	18	3	108	390135	108	390135	0.00591667	0.00346714	0.003	0.01	3612.36	2177.71	60	9422	
0.4	5.4	44	822	1	3	2	120	2	120	0.0065	0.00494975	0.003	0.01	60	0	60	60	
0.4	5.4	44	823	21	3	1	60	1	60	0.01	0	0.01	0.01	60	0	60	60	
0.4	5.4	21	825	22	3	3	1892	3	1892	0.01	0	0.01	0.01	630.667	562.2	60	1184	
0.4	5.4	21	826	12	3	2	120	2	120	0.0065	0.00494975	0.003	0.01	60	0	60	60	
0.4	5.4	37	828	50	3	93	92534	93	92534	0.00646236	0.00445401	0.003	0.017	994.989	989.128	45	7099	
0.4	5.4	56	829	8	3	11	39756	11	39756	0.00618182	0.00365563	0.003	0.01	3614.18	3369.8	60	9422	
0.4	5.4	6	830	15	3	55	128547	55	128547	0.00758182	0.00361935	0.003	0.017	2337.22	1801.91	60	7099	
0.4	5.4	39	833	58	3	198	241222	198	241222	0.00572222	0.00342114	0.003	0.01	1218.29	896.199	9	4395	
0.4	5.4	2	834	5	3	144	383584	144	383584	0.0043125	0.00286398	0.003	0.017	2663.78	1838.16	50	8282	
0.4	5.4	46	835	20	3	47	78824	47	78824	0.00761702	0.00335283	0.003	0.01	1677.11	995.426	60	5324	
0.4	5.4	44	837	11	3	163	457059	163	457059	0.0071227	0.00386784	0.003	0.017	2804.04	2179.49	12	9422	
0.4	5.4	20	838	14	3	2	120	2	120	0.0065	0.00494975	0.003	0.01	60	0	60	60	
0.4	5.4	55	839	52	3	260	483934	260	483934	0.00682308	0.00349178	0.003	0.01	1861.28	1582.9	45	9422	
0.4	5.4	11	840	4	3	111	172396	111	172396	0.00798198	0.00537161	0.003	0.024	1553.12	1248.42	60	8873	
0.4	5.4	12	841	17	3	149	615538	149	615538	0.003	0	0.003	0.003	4131.13	2573.78	45	9422	
0.4	5.4	46	842	11	3	2	120	2	120	0.01	0	0.01	0.01	60	0	60	60	
0.4	5.4	2	844	32	3	57	112684	57	112684	0.003	0	0.003	0.003	1976.91	1623.87	60	5916	
0.4	5.4	52	847	30	3	143	295598	143	295598	0.003	0	0.003	0.003	2067.12	1610.42	45	9422	
0.4	5.4	25	849	9	3	2	120	2	120	0.003	0	0.003	0.003	60	0	60	60	
0.4	5.4	34	850	45	3	367	291334	367	291334	0.00462125	0.00295705	0.003	0.01	793.826	715.459	12	3550	
0.4	5.4	26	852	1	3	83	320208	83	320208	0.00544578	0.00335775	0.003	0.01	3857.93	2595.31	45	9422	
0.4	5.4	1	853	10	3	169	504350	169	504350	0.00768047	0.00330471	0.003	0.01	2984.32	1927.47	60	9422	
0.4	5.4	3	855	9	3	26	107201	26	107201	0.003	0	0.003	0.003	4123.12	2456.48	60	8873	
0.4	5.4	31	856	11	3	103	321999	103	321999	0.00782524	0.00339962	0.003	0.017	3126.2	2258.52	60	9422	
0.4	5.4	32	858	7	3	84	200710	84	200710	0.003	0	0.003	0.003	2389.4	2070.67	60	9422	
0.4	5.4	2	860	43	3	105	216822	105	216822	0.003	0	0.003	0.003	2064.97	2410.03	60	9422	
0.4	5.4	40	862	5	3	22	61064	22	61064	0.003	0	0.003	0.003	2775.64	1571.85	60	7098	
0.4	5.4	15	864	5	3	23	42728	23	42728	0.00908696	0.00320388	0.003	0.017	1857.74	1419	60	5324	
0.4	5.4	47	866	18	3	3	180	3	180	0.01	0	0.01	0.01	60	0	60	60	
0.4	5.4	1	867	5	3	61	198327	61	198327	0.00655738	0.00352857	0.003	0.01	3251.26	2550.32	45	9422	
0.4	5.4	29	868	13	3	3	180	3	180	0.00766667	0.00404145	0.003	0.01	60	0	60	60	
0.4	5.4	19	872	8	3	180	594789	180	594789	0.00723889	0.00343066	0.003	0.01	3304.38	2010.61	36	9422	
0.4	5.4	22	873	12	3	160	594133	160	594133	0.0076375	0.00332039	0.003	0.01	3713.33	2757.1	45	9422	
0.4	5.4	52	874	4	3	114	181848	114	181848	0.00422807	0.00267415	0.003	0.01	1595.16	1017.6	60	4733	
0.4	5.4	8	875	10	3	47	88892	46	86525	0.00832609	0.00301886	0.003	0.01	1880.98	1096.91	60	5916	
0.4	5.4	24	878	7	3	34	91829	34	91829	0.00752941	0.0033955	0.003	0.01	2700.85	2242.44	36	9422	
0.4	5.4	39	880	24	3	181	251316	181	251316	0.00578453	0.0034356	0.003	0.01	1388.49	1327.31	60	9422	
0.4	5.4	43	881	4	3	123	408007	123	408007	0.00459349	0.00294718	0.003	0.01	3317.13	2163.13	60	9422	
0.4	5.4	52	882	36	3	134	181279	134	181279	0.00608209	0.00379166	0.003	0.017	1352.83	1284.24	60	7673	
0.4	5.4	12	883	7	3	42	103676	42	103676	0.0095	0.00239155	0.003	0.017	2468.48	1772.92	60	7099	
0.4	5.4	55	885	30	3	137	202017	137	202017	0.00575912	0.00410259	0.003	0.017	1474.58	1313.77	60	8873	
0.4	5.4	32	886	6	3	124	519668	124	519668	0.003	0	0.003	0.003	4190.87	2169.26	60	9422	
0.4	5.4	27	887	8	3	152	215643	152	215643	0.00645395	0.00426263	0.003	0.017	1418.7	1088.07	18	6507	
0.4	5.4	31	889	10	3	115	332315	115	332315	0.0044	0.00281225	0.003	0.01	2889.7	2122.89	60	9422	
0.4	5.4	38	893	3	3	109	355244	109	355244	0.00775229	0.00328339	0.003	0.01	3259.12	2668.14	60	9422	
0.4	5.4	56	896	9	3	102	466901	102	466901	0.0049902	0.0031732	0.003	0.01	4577.46	2832.65	36	9422	
0.4	5.4	23	898	4	3	97	276569	97	276569	0.00718557	0.00359493	0.003	0.017	2851.23	1721.81	60	9422	
0.4	5.4	55	899	53	3	39	60497	39	60497	0.00641026	0.00389141	0.003	0.017	1551.21	938.062	60	4395	
0.4	5.4	39	900	1	3	3	180	3	180	0.003	0	0.003	0.003	60	0	60	60	
0.4	5.4	6	901	6	3	98	313242	98	313242	0.003	0	0.003	0.003	3196.35	2376.44	60	9422	
0.4	5.4	41	902	71	3	7	5448	7	5448	0.007	0.00374166	0.003	0.01	778.286	381.17	60	1184	
0.4	5.4	34	903	48	3	86	28656	86	28656	0.00430232	0.00313264	0.003	0.017	333.209	372.05	21	1775	
0.4	5.4	17	904	6	3	168	637934	168	639708	0.00741667	0.00347345	0.003	0.017	3807.79	2581.35	36	9422	
0.4	5.4	1	906	18	3	1	60	1	60	0.003	0	0.003	0.003	60	0	60	60	
0.4	5.4	23	908	5	3	50	169460	50	169460	0.0037	0.00212132	0.003	0.01	3389.2	2639.33	45	9422	
0.4	5.4	11	911	16	3	77	154699	77	154699	0.00772727	0.00366935	0.003	0.017	2009.08	1816.57	60	9422	
0.4	5.4	6	912	20	3	163	555138	163	551928	0.00802454	0.00325453	0.003	0.017	3386.06	2288.94	45	9422	
0.4	5.4	48	913	1	3	193	679289	193	679289	0.00713471	0.00359579	0.003	0.017	3519.63	2417.69	45	9422	
0.4	5.4	27	915	17	3	101	254702	101	254702	0.00646535	0.00351728	0.003	0.01	2521.8	1921.68	60	9422	
0.4	5.4	52	916	52	3	50	58147	50	58147	0.00566	0.00421663	0.003	0.017	1162.94	967.073	60	4141	
0.4	5.4	8	917	6	3	1	60	1	60	0.003	0	0.003	0.003	60	0	60	60	
0.4	5.4	23	918	1	3	85	262361	85	262361	0.0073647	0.00341163	0.003	0.01	3086.6	2380.3	57	9422	
0.4	5.4	1	919	15	3	80	266962	80	266962	0.00685	0.00350443	0.003	0.01	3337.03	2424.54	36	9422	
0.4	5.4	30	923	19	3	1	60	1	60	0.003	0	0.003	0.003	60	0	60	60	
0.4	5.4	43	925	20	3	51	159873	51	159873	0.00615686	0.0035178	0.003	0.01	3134.76	2485.1	60	9422	
0.4	5.4	45	927	10	3	75	199046	75	199046	0.0044	0.00281886	0.003	0.01	2653.95	2624.96	60	9422	
0.4	5.4	35	928	8	3	15	36802	15	36802	0.00673333	0.00361478	0.003	0.01	2453.47	2092.46	60	7099	
0.4	5.4	41	930	43	3	138	126905	138	126905	0.00655072	0.00502123	0.003	0.024	919.601	1193.01	21	9422	
0.4	5.4	6	931	7	3	113	297166	113	297166	0.0078938	0.00335773	0.003	0.017	2629.79	1744	60	9422	
0.4	5.4	27	932	1	3	106	217938	105	214388	0.00533333	0.00358862	0.003	0.017	2041.79	1767.89	60	9422	
0.4	5.4	10	933	8	3	95	295493	95	295493	0.0076421	0.00347917	0.003	0.017	3110.45	2746.97	45	9422	
0.4	5.4	46	936	14	3	106	369802	106	369802	0.00524528	0.00328289	0.003	0.01	3488.7	2451.54	45	9422	
0.4	5.4	54	938	18	3	176	321652	176	321652	0.00602273	0.00378562	0.003	0.017	1827.57	2016.63	44	9422	
0.4	5.4	38	941	15	3	160	381446	160	381446	0.00794375	0.00338559	0.003	0.017	2384.04	2001.96	60	9422	
0.4	5.4	46	942	3	3	2	120	2	120	0.0065	0.00494975	0.003	0.01	60	0	60	60	
0.4	5.4	52	943	6	3	75	88946	75	88946	0.00570667	0.00396871	0.003	0.017	1185.95	813.605	36	4141	
0.4	5.4	33	944	18	3	75	217869	75	217869	0.00822667	0.00306494	0.003	0.01	2904.92	2458.67	45	9422	
0.4	5.4	31	946	6	3	71	137436	71	137436	0.00812676	0.00373374	0.003	0.017	1935.72	1329.62	60	5324	
0.4	5.4	18	947	5	3	93	273000	94	281282	0.00590425	0.00346742	0.003	0.01	2992.36	2720.48	57	9422	
0.4	5.4	57	950	7	3	107	460394	107	460394	0.00856075	0.00284233	0.003	0.01	4302.75	2461.77	45	9422	
0.4	5.4	43	951	11	3	157	515117	157	515117	0.00683439	0.00349514	0.003	0.01	3281	2328.51	45	9422	
0.4	5.4	17	952	17	3	103	247496	103	247496	0.00728155	0.00440903	0.003	0.024	2402.87	1898.99	60	8079	
0.4	5.4	39	954	31	3	2	120	2	120	0.0065	0.00494975	0.003	0.01	60	0	60	60	
0.4	5.4	38	955	5	3	30	84851	30	84851	0.00813333	0.00314844	0.003	0.01	2828.37	2439.51	60	9422	
0.4	5.4	54	956	4	3	224	473607	224	473607	0.00725	0.00390584	0.003	0.017	2114.32	2094.51	34	9422	
0.4	5.4	50	959	5	3	3	180	3	180	0.00766667	0.00404145	0.003	0.01	60	0	60	60	
0.4	5.4	39	960	51	3	1	60	1	60	0.01	0	0.01	0.01	60	0	60	60	
0.4	5.4	49	962	1	3	37	100713	37	100713	0.00962162	0.00366933	0.003	0.017	2721.97	2232.62	60	9422	
0.4	5.4	35	965	6	3	15	43905	15	43905	0.003	0	0.003	0.003	2927	3199.07	60	9422	
0.4	5.4	9	966	13	3	7	420	7	420	0.006	0.00374166	0.003	0.01	60	0	60	60	
0.4	5.4	42	967	30	3	70	168797	70	168797	0.0059	0.00347308	0.003	0.01	2411.39	1935.57	60	8873	
0.4	5.4	51	968	14	3	39	97159	39	97159	0.00892308	0.00255862	0.003	0.01	2491.26	2383.43	60	9422	
0.4	5.4	15	970	14	3	70	186646	70	186646	0.0075	0.00358236	0.003	0.017	2666.37	1761.73	60	7838	
0.4	5.4	40	973	12	3	120	427292	120	427292	0.003	0	0.003	0.003	3560.77	2526.37	45	9422	
0.4	5.4	44	974	23	3	85	235054	84	232687	0.00816667	0.00345656	0.003	0.017	2770.08	2221.06	60	9422	
0.4	5.4	9	976	22	3	79	298423	79	298423	0.003	0	0.003	0.003	3777.51	2462	60	9422	
0.4	5.4	20	977	17	3	113	278252	113	278252	0.00869911	0.00344312	0.003	0.017	2462.41	1975.79	45	9422	
0.4	5.4	39	978	38	3	44	40987	44	40987	0.00618182	0.0035258	0.003	0.01	931.523	490.602	60	1775	
0.4	5.4	46	979	2	3	3	1892	3	1892	0.00533333	0.00404145	0.003	0.01	630.667	562.2	60	1184	
0.4	5.4	52	980	8	3	107	119727	107	119727	0.00600934	0.00373786	0.003	0.017	1118.94	759.598	7	3721	
0.4	5.4	57	981	8	3	36	96676	36	96676	0.003	0	0.003	0.003	2685.44	2528.9	60	9422	
0.4	5.4	39	982	63	3	58	129142	58	129142	0.003	0	0.003	0.003	2226.59	2018.42	17	9422	
0.4	5.4	55	983	35	3	161	177234	161	177234	0.00721739	0.00451483	0.003	0.017	1100.83	1076.99	60	9422	
0.4	5.4	10	985	15	3	104	281531	104	281531	0.00865385	0.00309641	0.003	0.017	2707.03	2121.79	60	9422	
0.4	5.4	1	986	3	3	52	149825	52	149825	0.00757692	0.00336269	0.003	0.01	2881.25	1949.35	60	8873	
0.4	5.4	38	987	1	3	78	183567	78	183567	0.0065	0.00386711	0.003	0.017	2353.42	1556.3	60	7099	
0.4	5.4	52	989	15	3	2	120	2	120	0.01	0	0.01	0.01	60	0	60	60	
0.4	5.4	43	994	5	3	78	268263	78	268263	0.00596154	0.00348072	0.003	0.01	3439.27	2589.52	60	9422	
0.4	5.4	25	995	22	3	1	60	1	60	0.01	0	0.01	0.01	60	0	60	60	
0.4	5.4	57	996	6	3	93	380766	93	380766	0.00578495	0.00344475	0.003	0.01	4094.26	2841.89	45	9422	
0.4	5.4	41	997	3	3	2	120	2	120	0.0065	0.00494975	0.003	0.01	60	0	60	60	
0.4	5.4	39	1000	18	3	5	300	5	300	0.01	0	0.01	0.01	60	0	60	60	
0.4	5.4	5	1002	7	3	64	132116	64	132116	0.00759375	0.00453459	0.003	0.017	2064.31	2312.48	45	9422	
0.4	5.4	19	1003	6	3	65	172427	65	172427	0.00806154	0.00315672	0.003	0.01	2652.72	2389.57	60	9422	
0.4	5.4	45	1004	9	3	37	84149	37	84149	0.00848649	0.00335511	0.003	0.017	2274.3	1544.94	60	6236	
0.4	5.4	55	1005	59	3	49	96618	49	96618	0.00642857	0.00353553	0.003	0.01	1971.8	1727.85	26	9422	
0.4	5.4	52	1008	26	3	2	120	2	120	0.01	0	0.01	0.01	60	0	60	60	
0.4	5.4	52	1010	22	3	155	174975	155	174975	0.00503226	0.00328598	0.003	0.017	1128.87	914.356	60	5324	
0.4	5.4	20	1011	9	3	9	14320	9	14320	0.00688889	0.00368932	0.003	0.01	1591.11	1452.22	60	4904	
0.4	5.4	48	1012	2	3	137	395388	137	395388	0.00770073	0.0034071	0.003	0.017	2886.04	2622.53	45	9422	
0.4	5.4	31	1013	8	3	52	136335	52	136335	0.00744231	0.00340365	0.003	0.01	2621.83	1982.24	60	9422	
0.4	5.4	54	1016	13	3	4	240	4	240	0.003	0	0.003	0.003	60	0	60	60	
0.4	5.4	29	1017	8	3	88	233870	88	233870	0.00626136	0.00351187	0.003	0.01	2657.61	2139.7	60	9422	
0.4	5.4	21	1019	2	3	6	8992	6	8992	0.00883333	0.00285774	0.003	0.01	1498.67	1204.42	60	3550	
0.4	5.4	12	1021	14	3	88	124413	87	123821	0.00758621	0.00351261	0.003	0.017	1423.23	1289.87	60	5861	
0.4	5.4	52	1022	9	3	1	60	1	60	0.01	0	0.01	0.01	60	0	60	60	
0.4	5.4	45	1023	4	3	119	280138	119	280138	0.00811765	0.00349376	0.003	0.017	2354.1	2099.76	60	9422	
0.4	5.4	50	1024	23	3	53	88300	52	87116	0.00851923	0.00288669	0.003	0.01	1675.31	1943.4	60	9422	
0.4	5.4	52	1026	45	3	86	161234	86	161234	0.003	0	0.003	0.003	1874.81	1257.46	60	4395	
0.4	5.4	55	1028	14	3	2	120	2	120	0.01	0	0.01	0.01	60	0	60	60	
0.4	5.4	33	1029	2	3	34	52787	34	52787	0.00773529	0.00332401	0.003	0.01	1552.56	881.483	60	3550	
0.4	5.4	34	1030	53	3	46	9659	45	9391	0.00486667	0.00377552	0.003	0.017	208.689	221.085	5	1095	
0.4	5.4	36	1031	16	3	1	60	1	60	0.01	0	0.01	0.01	60	0	60	60	
0.4	5.4	14	1035	1	3	161	735639	161	735639	0.00769565	0.0032997	0.003	0.01	4569.19	3114.64	45	9422	
0.4	5.4	28	1036	16	3	94	332380	94	332380	0.00627659	0.00351159	0.003	0.01	3535.96	2595.22	45	9422	
0.4	5.4	34	1038	70	3	125	51822	125	51822	0.004344	0.00340802	0.003	0.017	414.576	462.862	8	3083	
0.4	5.4	31	1040	3	3	61	173491	61	173491	0.00793443	0.00321905	0.003	0.01	2844.11	2358.64	60	9422	
0.4	5.4	41	1041	12	3	266	291206	266	291206	0.0058421	0.00389744	0.003	0.017	1094.76	914.519	26	9422	
0.4	5.4	46	1043	4	3	90	292399	90	292399	0.00727778	0.0034316	0.003	0.01	3248.88	2195.89	60	8873	
0.4	5.4	43	1044	8	3	48	121420	48	121420	0.00897917	0.00249672	0.003	0.01	2529.58	1907.84	60	9422	
0.4	5.4	15	1045	21	3	82	263173	82	263173	0.00351219	0.00183413	0.003	0.01	3209.43	2386.68	60	9422	
0.4	5.4	34	1046	5	3	319	301221	317	300235	0.00489905	0.00311731	0.003	0.01	947.114	795.141	22	4395	
0.4	5.4	33	1047	3	3	146	508496	146	508496	0.00304794	0.000579324	0.003	0.01	3482.85	3030.48	45	9422	
0.4	5.4	35	1048	14	3	173	662403	173	662403	0.0070867	0.00346049	0.003	0.01	3828.92	2491.86	45	9422	
0.4	5.4	47	1049	4	3	77	191256	77	191256	0.00654545	0.00352265	0.003	0.01	2483.84	1804.95	60	9422	
0.4	5.4	4	1050	12	3	38	96570	36	93610	0.00747222	0.00340995	0.003	0.01	2600.28	2312.83	60	9422	
0.4	5.4	7	1054	10	3	118	500696	118	500696	0.003	0	0.003	0.003	4243.19	2414.11	45	9422	
0.4	5.4	41	1055	11	3	58	101350	58	101350	0.00348276	0.00178926	0.003	0.01	1747.41	1842.19	57	9422	
0.4	5.4	41	1056	36	3	48	32241	48	32241	0.0065	0.0045663	0.003	0.017	671.688	545.061	30	2422	
0.4	5.4	11	1057	3	3	62	100157	62	100157	0.00954839	0.00436708	0.003	0.017	1615.44	1456.97	16	9422	
0.4	5.4	7	1058	2	3	107	370481	107	370481	0.003	0	0.003	0.003	3462.44	1998.16	60	9422	
0.4	5.4	32	1059	11	3	97	397224	97	397224	0.00473196	0.00303629	0.003	0.01	4095.09	2958.2	45	9422	
0.4	5.4	34	1060	1	3	3	180	3	180	0.00533333	0.00404145	0.003	0.01	60	0	60	60	
0.4	5.4	52	1061	55	3	167	248750	167	248750	0.00681437	0.0042577	0.003	0.017	1489.52	1574.31	60	9422	
0.4	5.4	51	1062	15	3	6	8992	6	8992	0.003	0	0.003	0.003	1498.67	1204.42	60	3550	
0.4	5.4	12	1063	8	3	107	275493	106	268394	0.00848113	0.00289903	0.003	0.01	2532.02	2173.89	45	9422	
0.4	5.4	37	1064	24	3	127	193138	127	193138	0.00476378	0.00305104	0.003	0.01	1520.77	1066.32	7	5324	
0.4	5.4	41	1065	52	3	142	183819	141	182044	0.00553191	0.00347759	0.003	0.017	1291.09	1124.2	60	7690	
0.4	5.4	52	1066	33	3	2	120	2	120	0.01	0	0.01	0.01	60	0	60	60	
0.4	5.4	36	1068	20	3	257	562923	258	564272	0.00774806	0.00432917	0.003	0.024	2187.1	2016.42	18	9422	
0.4	5.4	55	1069	5	3	62	120856	62	120856	0.003	0	0.003	0.003	1949.29	1733.38	60	9422	
0.4	5.4	4	1071	3	3	3	1892	3	1892	0.00766667	0.00404145	0.003	0.01	630.667	562.2	60	1184	
0.4	5.4	51	1074	1	3	3	180	3	180	0.01	0	0.01	0.01	60	0	60	60	
0.4	5.4	3	1077	3	3	131	542886	131	542886	0.0069542	0.00348373	0.003	0.01	4144.17	2713.35	45	9422	
0.4	5.4	57	1079	1	3	30	67108	27	58402	0.00637037	0.00356423	0.003	0.01	2163.04	1383.55	60	5324	
0.4	5.4	43	1082	12	3	92	342080	92	342080	0.003	0	0.003	0.003	3718.26	2156.46	60	9422	
0.4	5.4	50	1084	3	3	130	434996	130	434996	0.00321538	0.00121352	0.003	0.01	3346.12	2286.85	45	9422	
0.4	5.4	30	1085	14	3	91	263568	91	263568	0.00715385	0.00345743	0.003	0.01	2896.35	2244.08	45	9422	
0.4	5.4	40	1087	16	3	1	60	1	60	0.01	0	0.01	0.01	60	0	60	60	
0.4	5.4	52	1088	59	3	27	24402	27	24402	0.00455555	0.00296561	0.003	0.01	903.778	536.734	60	1775	
0.4	5.4	19	1090	12	3	204	692632	204	692632	0.00756372	0.00334264	0.003	0.01	3395.25	2650.73	45	9422	
0.4	5.4	4	1091	1	3	35	74103	35	74103	0.007	0.00351468	0.003	0.01	2117.23	1269.32	60	4904	
0.4	5.4	44	1092	8	3	2	120	2	120	0.003	0	0.003	0.003	60	0	60	60	
0.4	5.4	15	1094	10	3	26	106610	26	106610	0.003	0	0.003	0.003	4100.38	2340.42	60	8873	
0.4	5.4	56	1096	4	3	97	393667	96	390961	0.0078125	0.00326162	0.003	0.01	4072.51	2520.07	60	9422	
0.4	5.4	1	1098	4	3	23	49817	22	46859	0.0065	0.00358236	0.003	0.01	2129.95	1751.54	60	7099	
0.4	5.4	34	1099	16	3	133	74253	133	74253	0.00547368	0.00335879	0.003	0.01	558.293	364.225	60	1775	
0.4	5.4	39	1100	16	3	2	120	2	120	0.01	0	0.01	0.01	60	0	60	60	
0.4	5.4	53	1102	6	3	150	491934	150	491934	0.00636	0.00350891	0.003	0.01	3279.56	2166.43	60	9422	
0.4	5.4	25	1103	18	3	11	35614	11	35614	0.00554545	0.00353167	0.003	0.01	3237.64	2997.52	60	8873	
0.4	5.4	31	1104	5	3	61	109026	61	109026	0.00759016	0.00380954	0.003	0.017	1787.31	1900.93	60	9422	
0.4	5.4	55	1105	32	3	74	123233	74	123233	0.0064054	0.00370826	0.003	0.017	1665.31	1866.45	60	9422	
0.4	5.4	29	1107	2	3	181	446336	181	446336	0.00760221	0.00399955	0.003	0.017	2465.94	2215.54	36	9422	
0.4	5.4	2	1108	6	3	2	120	2	120	0.01	0	0.01	0.01	60	0	60	60	
0.4	5.4	54	1111	6	3	207	342990	207	342990	0.00715942	0.00383756	0.003	0.017	1656.96	1304.49	25	5916	
0.4	5.4	36	1112	17	3	133	374694	133	374694	0.0068421	0.00349641	0.003	0.01	2817.25	1767.75	60	9422	
0.4	5.4	9	1114	9	3	5	5442	5	5442	0.01	0	0.01	0.01	1088.4	742.216	60	1775	
0.4	5.4	15	1115	17	3	163	490169	163	490169	0.00600613	0.00347566	0.003	0.01	3007.17	2235.97	45	9422	
0.4	5.4	7	1116	6	3	141	561005	141	561005	0.0061773	0.00349752	0.003	0.01	3978.76	2946.22	45	9422	
0.4	5.4	53	1117	2	3	2	120	2	120	0.01	0	0.01	0.01	60	0	60	60	
0.4	5.4	1	1119	16	3	65	251560	65	251560	0.00892308	0.00283013	0.003	0.017	3870.15	2688.97	60	9422	
0.4	5.4	41	1120	49	3	182	318845	182	318845	0.00565385	0.00348413	0.003	0.017	1751.9	1425.05	15	9422	
0.4	5.4	48	1121	5	3	52	158092	51	153359	0.00862745	0.00313663	0.003	0.017	3007.04	1995.77	60	7690	
0.4	5.4	32	1124	22	3	119	464680	119	464680	0.00635294	0.0035117	0.003	0.01	3904.87	2870.64	45	9422	
0.4	5.4	14	1125	12	3	21	40951	21	40951	0.009	0.00334664	0.003	0.017	1950.05	1648.56	60	5861	
0.4	5.4	24	1126	5	3	35	97156	35	97156	0.0088	0.0026767	0.003	0.01	2775.89	1829.63	60	6507	
0.4	5.4	44	1128	16	3	109	361044	109	361044	0.003	0	0.003	0.003	3312.33	2574.2	45	9422	
0.4	5.4	50	1129	22	3	146	491223	146	491223	0.00688356	0.0034909	0.003	0.01	3364.54	2155.82	45	9422	
0.4	5.4	44	1130	6	3	117	335262	117	335262	0.00575214	0.00343387	0.003	0.01	2865.49	2316.72	45	9422	
0.4	5.4	45	1134	2	3	28	107206	28	107206	0.003	0	0.003	0.003	3828.79	2547.53	45	9422	
0.4	5.4	42	1135	11	3	4	240	4	240	0.0065	0.00404145	0.003	0.01	60	0	60	60	
0.4	5.4	21	1136	14	3	11	14322	11	14322	0.00681818	0.00365563	0.003	0.01	1302	621.467	60	1877	
0.4	5.4	22	1137	8	3	109	421955	109	421955	0.00807339	0.00314085	0.003	0.01	3871.15	2526.18	45	9422	
0.4	5.4	34	1140	46	3	248	146728	248	146728	0.00520161	0.00343471	0.003	0.017	591.645	620.018	22	3550	
0.4	5.4	26	1141	15	3	81	227396	81	227396	0.00662963	0.00351939	0.003	0.01	2807.36	2093.8	60	9422	
0.4	5.4	4	1142	18	3	132	471197	132	471197	0.00321212	0.00120451	0.003	0.01	3569.67	2340.35	60	9422	
0.4	5.4	53	1143	7	3	3	180	3	180	0.01	0	0.01	0.01	60	0	60	60	
0.4	5.4	45	1144	14	3	26	56920	26	56920	0.00434615	0.00281343	0.003	0.01	2189.23	1430.9	60	5324	
0.4	5.4	23	1145	20	3	2	120	2	120	0.0065	0.00494975	0.003	0.01	60	0	60	60	
0.4	5.4	49	1151	4	3	43	92432	42	91840	0.00916667	0.00229439	0.003	0.01	2186.67	1826.41	60	7099	
0.4	5.4	48	1159	14	3	133	307972	133	307972	0.00852631	0.00366097	0.003	0.017	2315.58	2084.08	45	9422	
0.4	5.4	34	1160	67	3	246	157867	246	157867	0.00456504	0.00292244	0.003	0.01	641.736	620.918	17	3550	
0.4	5.4	52	1161	54	3	80	138143	80	138143	0.00335	0.00153524	0.003	0.01	1726.79	1315.04	60	7099	
0.4	5.4	42	1162	25	3	49	114426	48	113242	0.00358333	0.00195517	0.003	0.01	2359.21	1343.01	60	5324	
0.4	5.4	23	1163	13	3	119	238730	119	238730	0.008	0.0035463	0.003	0.017	2006.13	1862.89	60	9422	
0.4	5.4	52	1164	42	3	218	267139	218	267139	0.00595413	0.0041745	0.003	0.017	1225.41	1296.45	42	9422	
0.4	5.4	35	1165	4	3	125	442283	124	435184	0.00565322	0.0034098	0.003	0.01	3509.55	2531.81	45	9422	
0.4	5.4	38	1166	8	3	123	265954	121	264284	0.00722314	0.00366853	0.003	0.017	2184.17	1688.48	45	9422	
0.4	5.4	51	1167	16	3	40	81199	40	81199	0.0079	0.00324867	0.003	0.01	2029.98	2251.14	60	9422	
0.4	5.4	55	1168	15	3	177	282149	177	282149	0.0070339	0.00445291	0.003	0.024	1594.06	1803.27	12	9422	
0.4	5.4	11	1171	10	3	147	228122	147	228122	0.00847619	0.00361946	0.003	0.024	1551.85	1316.02	60	7690	
0.4	5.4	48	1172	11	3	3	180	3	180	0.00533333	0.00404145	0.003	0.01	60	0	60	60	
0.4	5.4	37	1175	47	3	109	82606	109	82606	0.00646789	0.0045309	0.003	0.017	757.853	745.199	60	5730	
0.4	5.4	39	1176	70	3	2	120	2	120	0.0065	0.00494975	0.003	0.01	60	0	60	60	
0.4	5.4	39	1178	19	3	187	203759	187	203759	0.00621925	0.0036456	0.003	0.017	1089.62	790.051	60	4461	
0.4	5.4	27	1179	13	3	88	241543	88	241543	0.003	0	0.003	0.003	2744.81	1537.75	60	7099	
0.4	5.4	52	1180	46	3	78	137452	78	137452	0.00533333	0.00368453	0.003	0.017	1762.21	1349.97	60	5545	
0.4	5.4	3	1181	12	3	67	168181	67	168181	0.0081194	0.00312624	0.003	0.01	2510.16	1819.57	60	9422	
0.4	5.4	32	1182	18	3	36	80826	36	80826	0.00630555	0.00354417	0.003	0.01	2245.17	2002.27	60	9422	
0.4	5.4	2	1185	27	3	226	539393	227	542010	0.00700881	0.00393868	0.003	0.017	2387.71	1872.6	60	9422	
0.4	5.4	29	1186	3	3	205	328851	205	328851	0.00740488	0.00426764	0.003	0.024	1604.15	1592.52	26	9422	
0.4	5.4	39	1187	12	3	1	60	1	60	0.01	0	0.01	0.01	60	0	60	60	
0.4	5.4	57	1188	9	3	79	273231	78	272998	0.00865385	0.00277665	0.003	0.01	3499.97	2562.43	45	9422	
0.4	5.4	2	1192	9	3	185	403175	185	403175	0.00663243	0.00358212	0.003	0.017	2179.32	1934.69	57	9422	
0.4	5.4	33	1194	17	3	1	60	1	60	0.01	0	0.01	0.01	60	0	60	60	
0.4	5.4	43	1195	13	3	41	131584	41	131584	0.00453658	0.00293341	0.003	0.01	3209.37	2646.66	60	9422	
0.4	5.4	54	1196	10	3	114	187190	114	187190	0.00723684	0.00368038	0.003	0.017	1642.02	1544.07	56	9422	
0.4	5.4	24	1197	11	3	101	396039	101	396039	0.00729703	0.00342504	0.003	0.01	3921.18	2698.24	45	9422	
0.4	5.4	37	1200	70	3	244	300255	244	300255	0.00595492	0.00357892	0.003	0.017	1230.55	1193.5	6	9422	
0.4	5.4	30	1202	22	3	131	436205	131	436205	0.00572519	0.00342626	0.003	0.01	3329.81	2382.91	45	9422	
0.4	5.4	45	1210	17	3	43	106152	43	106152	0.00723256	0.00346298	0.003	0.01	2468.65	2241.33	60	9422	
0.4	5.4	48	1211	15	3	39	88290	39	88290	0.00820513	0.00416236	0.003	0.017	2263.85	2151.35	60	9422	
0.4	5.4	37	1212	32	3	100	84833	100	84833	0.00524	0.00328178	0.003	0.01	848.33	518.076	23	2769	
0.4	5.4	12	1213	3	3	47	130878	47	130878	0.00791489	0.00323587	0.003	0.01	2784.64	2796.09	45	9422	
0.4	5.4	20	1216	1	3	3	180	3	180	0.01	0	0.01	0.01	60	0	60	60	
0.4	5.4	14	1217	9	3	47	146372	47	146372	0.00374468	0.00218162	0.003	0.01	3114.3	2856.16	60	9422	
0.4	5.4	37	1220	64	3	161	193908	161	193908	0.00552174	0.00337099	0.003	0.01	1204.4	1350.06	43	9422	
0.4	5.4	50	1221	21	3	102	273606	102	273606	0.00759804	0.00333971	0.003	0.01	2682.41	2016.24	45	9422	
0.4	5.4	23	1224	11	3	133	413739	132	411372	0.00565151	0.00362136	0.003	0.017	3116.45	2011.99	60	9422	
0.4	5.4	4	1225	6	3	82	180244	79	173141	0.00831645	0.00340265	0.003	0.017	2191.66	1599.4	39	7099	
0.4	5.4	55	1226	23	3	73	51693	72	50214	0.00640278	0.00498352	0.003	0.017	697.417	517.734	60	2196	
0.4	5.4	29	1227	6	3	60	151719	60	151719	0.00568333	0.00343211	0.003	0.01	2528.65	1951.17	60	9422	
0.4	5.4	23	1228	18	3	91	177764	91	177764	0.003	0	0.003	0.003	1953.45	2022.09	45	9422	
0.4	5.4	21	1229	11	3	3	180	3	180	0.01	0	0.01	0.01	60	0	60	60	
0.4	5.4	41	1230	2	3	1	60	1	60	0.003	0	0.003	0.003	60	0	60	60	
0.4	5.4	40	1231	8	3	152	564094	151	562910	0.00745033	0.00337972	0.003	0.01	3727.88	2439.77	45	9422	
0.4	5.4	11	1233	2	3	123	303350	123	303350	0.0078374	0.00348621	0.003	0.017	2466.26	1803.43	60	9422	
0.4	5.4	45	1234	13	3	68	239144	68	239144	0.00804412	0.00316432	0.003	0.01	3516.82	2168.67	60	7690	
0.4	5.4	39	1235	59	3	2	708	2	708	0.0065	0.00494975	0.003	0.01	354	415.779	60	648	
0.4	5.4	22	1236	11	3	42	167543	42	167543	0.0045	0.0029071	0.003	0.01	3989.12	2354.31	60	9422	
0.4	5.4	8	1237	15	3	17	36801	17	36801	0.00917647	0.00232474	0.003	0.01	2164.76	2672.05	60	9422	
0.4	5.4	28	1238	4	3	164	599703	163	598484	0.00858282	0.00302829	0.003	0.017	3671.68	2433.38	36	9422	
0.4	5.4	10	1239	10	3	43	84157	43	84157	0.00723256	0.00346298	0.003	0.01	1957.14	1058.31	60	4733	
0.4	5.4	34	1240	52	3	74	33952	74	33952	0.00536486	0.00333341	0.003	0.01	458.811	430.882	22	2367	
0.4	5.4	41	1241	63	3	107	229269	107	229269	0.00437383	0.00279326	0.003	0.01	2142.7	1896.21	6	9422	
0.4	5.4	29	1247	5	3	99	111455	100	112047	0.00713	0.00373532	0.003	0.017	1120.47	1212.36	60	7690	
0.4	5.4	36	1248	12	3	85	228650	86	230846	0.00617442	0.00350526	0.003	0.01	2684.26	2061.31	60	8873	
0.4	5.4	41	1251	59	3	13	14331	13	14331	0.00353846	0.00194145	0.003	0.01	1102.38	723.895	60	2961	
0.4	5.4	2	1252	1	3	200	250127	200	250127	0.007795	0.00489107	0.003	0.024	1250.64	1037.86	60	9422	
0.4	5.4	28	1253	6	3	176	715555	177	719950	0.00699435	0.00347474	0.003	0.01	4067.51	2793.82	36	9422	
0.4	5.4	36	1256	13	3	64	154674	64	154674	0.00660937	0.00352595	0.003	0.01	2416.78	1873.37	60	8282	
0.4	5.4	11	1259	18	3	5	5442	4	3667	0.00825	0.0035	0.003	0.01	916.75	733.545	60	1775	
0.4	5.4	19	1261	18	3	2	708	2	708	0.0065	0.00494975	0.003	0.01	354	415.779	60	648	
0.4	5.4	20	1262	16	3	68	181778	68	181778	0.00845588	0.00292408	0.003	0.01	2673.21	1831.67	60	8873	
0.4	5.4	42	1264	37	3	184	322354	184	322354	0.00688043	0.00392231	0.003	0.017	1751.92	1825.72	60	9422	
0.4	5.4	41	1265	18	3	5	300	5	300	0.0072	0.00383406	0.003	0.01	60	0	60	60	
0.4	5.4	51	1266	5	3	74	264596	74	264596	0.00706757	0.00347725	0.003	0.01	3575.62	3189.67	45	9422	
0.4	5.4	12	1267	16	3	17	43908	17	43908	0.00794118	0.00328768	0.003	0.01	2582.82	2583.15	60	9422	
0.4	5.4	44	1268	2	3	138	356370	138	356370	0.00822464	0.00338959	0.003	0.017	2582.39	2480.6	45	9422	
0.4	5.4	8	1269	8	3	3	1836	2	652	0.01	0	0.01	0.01	326	376.181	60	592	
0.4	5.4	53	1271	14	3	194	545822	193	541089	0.00807772	0.00313235	0.003	0.01	2803.57	2090.19	48	9422	
0.4	5.4	49	1272	3	3	70	167568	70	167568	0.0085	0.00289302	0.003	0.01	2393.83	1790.16	13	9422	
0.4	5.4	34	1273	43	3	472	273046	472	273046	0.00491313	0.00318883	0.003	0.017	578.487	523.731	6	4395	
0.4	5.4	19	1274	5	3	6	4852	6	4852	0.00883333	0.00285774	0.003	0.01	808.667	459.54	60	1184	
0.4	5.4	15	1275	6	3	17	26749	17	26749	0.003	0	0.003	0.003	1573.47	1268.39	60	4395	
0.4	5.4	21	1277	21	3	175	499163	175	499163	0.00776	0.0033596	0.003	0.017	2852.36	2282.28	36	9422	
0.4	5.4	41	1278	56	3	68	69424	67	68240	0.00561194	0.00382161	0.003	0.017	1018.51	1024.27	43	5916	
0.4	5.4	25	1279	7	3	117	265241	117	265241	0.0085641	0.00362316	0.003	0.017	2267.02	1768.76	60	9422	
0.4	5.4	16	1281	17	3	11	21421	11	21421	0.00554545	0.00353167	0.003	0.01	1947.36	2160.85	60	7099	
0.4	5.4	52	1282	27	3	103	232209	103	232209	0.003	0	0.003	0.003	2254.46	1783.92	60	8873	
0.4	5.4	27	1283	9	3	52	93051	52	93051	0.00555769	0.00392785	0.003	0.017	1789.44	1261.99	60	4395	
0.4	5.4	24	1284	12	3	18	38110	18	38110	0.00805555	0.00322622	0.003	0.01	2117.22	1606.73	60	4395	
0.4	5.4	32	1286	10	3	86	243299	85	240932	0.00654118	0.00352053	0.003	0.01	2834.49	2042.2	60	9422	
0.4	5.4	43	1291	6	3	6	8992	6	8992	0.00766667	0.00361478	0.003	0.01	1498.67	1204.42	60	3550	
0.4	5.4	41	1293	20	3	2	120	2	120	0.0065	0.00494975	0.003	0.01	60	0	60	60	
0.4	5.4	37	1294	58	3	204	352957	204	352957	0.00553921	0.00337382	0.003	0.01	1730.18	1222.26	19	6882	
0.4	5.4	44	1295	12	3	28	79996	28	79996	0.00725	0.00348143	0.003	0.01	2857	2341.55	58	8873	
0.4	5.4	52	1297	21	3	89	135768	89	135768	0.00567416	0.00342044	0.003	0.01	1525.48	1510.25	56	9422	
0.4	5.4	3	1299	21	3	165	566943	165	566943	0.00635151	0.00350749	0.003	0.01	3436.02	2527.77	45	9422	
0.4	5.4	37	1300	8	3	199	244837	199	244837	0.00472362	0.00302331	0.003	0.01	1230.34	1099.8	19	9422	
0.4	5.4	11	1301	6	3	111	312082	109	306565	0.00730275	0.00342243	0.003	0.01	2812.52	2399.75	45	9422	
0.4	5.4	27	1303	18	3	132	234001	131	232817	0.00727481	0.00430394	0.003	0.017	1777.23	1583.87	60	9422	
0.4	5.4	40	1304	7	3	107	291475	107	291475	0.00823364	0.00305478	0.003	0.01	2724.07	2237.33	36	9422	
0.4	5.4	37	1305	3	3	279	424664	281	428215	0.00686121	0.00425591	0.003	0.017	1523.9	1355.19	30	9422	
0.4	5.4	50	1306	9	3	68	163449	69	164971	0.00644927	0.00391279	0.003	0.017	2390.88	1996.95	60	9422	
0.4	5.4	8	1307	11	3	166	678263	166	678263	0.00620482	0.00349808	0.003	0.01	4085.92	2593.88	43	9422	
0.4	5.4	42	1310	7	3	184	485965	183	485152	0.00498907	0.00316573	0.003	0.01	2651.1	2038.86	45	9422	
0.4	5.4	26	1313	9	3	196	864509	196	864509	0.00860714	0.00297576	0.003	0.017	4410.76	2855.84	45	9422	
0.4	5.4	17	1314	19	3	3	1892	3	1892	0.00533333	0.00404145	0.003	0.01	630.667	562.2	60	1184	
0.4	5.4	16	1315	12	3	7	14316	7	14316	0.006	0.00374166	0.003	0.01	2045.14	1816.4	60	5324	
0.4	5.4	39	1316	4	3	1	60	1	60	0.003	0	0.003	0.003	60	0	60	60	
0.4	5.4	32	1321	8	3	20	50413	20	50413	0.0065	0.00359092	0.003	0.01	2520.65	2583.75	60	9422	
0.4	5.4	30	1322	16	3	107	254103	108	257055	0.00753704	0.00374522	0.003	0.017	2380.14	1884.33	60	9422	
0.4	5.4	12	1323	9	3	19	43314	19	43314	0.003	0	0.003	0.003	2279.68	1820.52	60	7690	
0.4	5.4	34	1324	10	3	4	1188	4	1188	0.0065	0.00404145	0.003	0.01	297	198.382	170	592	
0.4	5.4	19	1325	9	3	31	62256	31	62256	0.00683871	0.00354116	0.003	0.01	2008.26	1307.26	60	5324	
0.4	5.4	21	1326	7	3	82	152204	82	152204	0.00965854	0.00187392	0.003	0.017	1856.15	1137.21	60	7099	
0.4	5.4	39	1327	50	3	85	120934	85	120934	0.00555294	0.00338943	0.003	0.01	1422.75	952.991	13	5951	
0.4	5.4	47	1330	11	3	1	60	1	60	0.003	0	0.003	0.003	60	0	60	60	
0.4	5.4	12	1331	5	3	74	275347	75	282446	0.00785333	0.00344726	0.003	0.017	3765.95	3090.12	45	9422	
0.4	5.4	30	1332	5	3	118	299017	119	300201	0.00758823	0.00334059	0.003	0.01	2522.7	2074.21	36	9422	
0.4	5.4	11	1333	21	3	1	60	1	60	0.01	0	0.01	0.01	60	0	60	60	
0.4	5.4	2	1335	37	3	7	4853	7	4853	0.004	0.00264575	0.003	0.01	693.286	460.456	60	1404	
0.4	5.4	55	1336	8	3	1	60	1	60	0.003	0	0.003	0.003	60	0	60	60	
0.4	5.4	32	1337	24	3	42	119153	41	115603	0.00402439	0.00250487	0.003	0.01	2819.59	2038.18	60	7690	
0.4	5.4	13	1339	8	3	66	164075	66	164075	0.00819697	0.00308455	0.003	0.01	2485.98	1909.32	60	9422	
0.4	5.4	18	1340	16	3	63	100750	63	100750	0.00566667	0.00406003	0.003	0.017	1599.21	1130.46	60	6388	
0.4	5.4	34	1341	51	3	441	228683	441	228683	0.0048254	0.00332058	0.003	0.017	518.556	563.784	8	7099	
0.4	5.4	34	1344	15	3	440	485406	438	484596	0.00418265	0.00262595	0.003	0.01	1106.38	1476.05	24	9422	
0.4	5.4	39	1346	2	3	3	180	3	180	0.01	0	0.01	0.01	60	0	60	60	
0.4	5.4	16	1347	15	3	135	406617	135	406617	0.0070963	0.00356575	0.003	0.017	3011.98	1969.64	60	9422	
0.4	5.4	18	1348	19	3	74	155865	74	155865	0.00725676	0.00344054	0.003	0.01	2106.28	1998.07	60	9422	
0.4	5.4	21	1349	15	3	81	205574	81	205574	0.00585185	0.00379839	0.003	0.017	2537.95	2335.4	45	9422	
0.4	5.4	7	1350	7	3	107	357493	107	357493	0.00882243	0.00263078	0.003	0.01	3341.06	2180.22	60	9422	
0.4	5.4	7	1352	8	3	182	670599	182	670599	0.00665385	0.00350626	0.003	0.01	3684.61	2460.65	36	9422	
0.4	5.4	37	1353	49	3	4	772	4	772	0.00825	0.00670199	0.003	0.017	193	266	60	592	
0.4	5.4	37	1354	61	3	149	145281	149	145281	0.00652349	0.00464785	0.003	0.024	975.04	853.317	9	5324	
0.4	5.4	2	1356	30	3	121	187897	120	186713	0.007025	0.00412507	0.003	0.017	1555.94	1315.98	60	7438	
0.4	5.4	40	1357	6	3	111	465239	111	465239	0.00596396	0.00347439	0.003	0.01	4191.34	2064.36	60	9422	
0.4	5.4	29	1358	7	3	102	114425	102	114425	0.00595098	0.00374266	0.003	0.017	1121.81	1030.14	60	5608	
0.4	5.4	55	1360	56	3	192	322842	192	322842	0.00682812	0.00390953	0.003	0.017	1681.47	1294.61	42	9422	
0.4	5.4	53	1361	5	3	87	235203	87	235203	0.0079885	0.00318607	0.003	0.01	2703.48	2250.15	60	9422	
0.4	5.4	50	1362	20	3	66	242098	66	242098	0.00618182	0.00351222	0.003	0.01	3668.15	2510.12	60	9422	
0.4	5.4	15	1363	18	3	57	143914	57	143914	0.00840351	0.00397249	0.003	0.017	2524.81	2137.29	60	9422	
0.4	5.4	5	1364	2	3	69	171716	69	171716	0.00857971	0.00283573	0.003	0.01	2488.64	1723.48	60	8873	
0.4	5.4	37	1365	69	3	251	358914	251	358914	0.00601195	0.00347273	0.003	0.01	1429.94	1106.64	45	9422	
0.4	5.4	27	1366	10	3	117	252836	117	252836	0.00605128	0.00348605	0.003	0.01	2160.99	1670.64	60	9422	
0.4	5.4	5	1368	10	3	118	255729	118	255729	0.003	0	0.003	0.003	2167.19	2466.54	60	9422	
0.4	5.4	55	1369	2	3	121	121528	121	121528	0.00647107	0.00362876	0.003	0.017	1004.36	890.442	9	6882	
0.4	5.4	18	1372	2	3	42	65919	41	57046	0.00709756	0.00349145	0.003	0.01	1391.37	1556.03	60	5916	
0.4	5.4	14	1373	15	3	95	271835	95	271835	0.00808421	0.0031375	0.003	0.01	2861.42	2189.41	60	9422	
0.4	5.4	45	1375	11	3	106	326137	106	326137	0.0070283	0.00347634	0.003	0.01	3076.76	2260.08	60	9422	
0.4	5.4	2	1377	28	3	41	63447	40	61080	0.00685	0.00352682	0.003	0.01	1527	913.216	60	4141	
0.4	5.4	49	1378	6	3	53	129820	52	129228	0.00973077	0.00275905	0.003	0.017	2485.15	2555.53	45	9422	
0.4	5.4	38	1380	7	3	43	68189	42	67005	0.008	0.00387613	0.003	0.017	1595.36	1183.6	60	5324	
0.4	5.4	36	1382	21	3	53	140348	53	140348	0.00564151	0.00342555	0.003	0.01	2648.08	1563.56	60	7099	
0.4	5.4	36	1383	18	3	78	187719	78	187719	0.00739743	0.00358692	0.003	0.017	2406.65	2076.23	60	9422	
0.4	5.4	36	1384	4	3	205	570589	205	570589	0.00648293	0.00413687	0.003	0.017	2783.36	2123.41	45	9422	
0.4	5.4	52	1389	56	3	218	164998	218	164998	0.00483027	0.00380439	0.003	0.024	756.872	736.449	60	5916	
0.4	5.4	50	1390	25	3	43	125569	43	125569	0.00690698	0.0035174	0.003	0.01	2920.21	2038.76	60	9422	
0.4	5.4	39	1391	74	3	159	225631	158	224447	0.00667721	0.00368033	0.003	0.017	1420.55	1038.58	36	6507	
0.4	5.4	39	1392	67	3	2	120	2	120	0.01	0	0.01	0.01	60	0	60	60	
0.4	5.4	39	1393	45	3	3	180	3	180	0.003	0	0.003	0.003	60	0	60	60	
0.4	5.4	16	1394	10	3	131	306281	130	305689	0.00865385	0.00290338	0.003	0.017	2351.45	2164.5	36	9422	
0.4	5.4	8	1398	5	3	3	180	3	180	0.00766667	0.00404145	0.003	0.01	60	0	60	60	
0.4	5.4	42	1399	33	3	8	8403	8	8403	0.0065	0.00374166	0.003	0.01	1050.38	607.26	60	1775	
0.4	5.4	52	1400	43	3	1	60	1	60	0.003	0	0.003	0.003	60	0	60	60	
0.4	5.4	30	1401	2	3	110	291857	109	291265	0.00749541	0.00363018	0.003	0.017	2672.16	2452.75	45	9422	
0.4	5.4	8	1403	13	3	13	40409	13	40409	0.003	0	0.003	0.003	3108.38	3552.22	45	9422	
0.4	5.4	27	1405	19	3	13	41535	13	41535	0.003	0	0.003	0.003	3195	2831.27	60	9422	
0.4	5.4	23	1409	2	3	52	119053	52	119053	0.003	0	0.003	0.003	2289.48	1836.13	60	8282	
0.4	5.4	55	1410	33	3	126	252952	126	252952	0.00605555	0.00348553	0.003	0.01	2007.56	1699.13	60	7099	
0.4	5.4	52	1413	44	3	1	60	1	60	0.003	0	0.003	0.003	60	0	60	60	
0.4	5.4	47	1414	1	3	80	156359	79	155175	0.00610126	0.00349943	0.003	0.01	1964.24	1585.77	60	9422	
0.4	5.4	9	1415	1	3	45	112548	45	112548	0.00704444	0.00349646	0.003	0.01	2501.07	2122.64	60	9422	
0.4	5.4	11	1416	7	3	61	183551	60	182619	0.00626667	0.00352168	0.003	0.01	3043.65	2085.83	60	9422	
0.4	5.4	56	1418	5	3	34	87806	34	87806	0.00794118	0.00323748	0.003	0.01	2582.53	2850.8	60	9422	
0.4	5.4	54	1422	9	3	220	338894	221	338916	0.00699095	0.00417241	0.003	0.017	1533.56	1706.64	22	9422	
0.4	5.4	52	1423	1	3	2	120	2	120	0.0065	0.00494975	0.003	0.01	60	0	60	60	
