% start	end	CellId	IMSI	RNTI	LCID	nTxPDUs	TxBytes	nRxPDUs	RxBytes	delay	stdDev	min	max	PduSize	stdDev	min	max
0.4	5.4	18	2	2	3	30	62252	29	61068	0.00758621	0.00338608	0.003	0.01	2105.79	1131.62	60	4141	
0.4	5.4	34	3	43	3	277	341945	277	341945	0.00542599	0.00344193	0.003	0.017	1234.46	1662.47	14	9422	
0.4	5.4	46	4	16	3	103	204312	103	204312	0.00626213	0.00350898	0.003	0.01	1983.61	1934.78	11	9422	
0.4	5.4	36	5	4	3	114	258872	114	258872	0.00674561	0.00362833	0.003	0.017	2270.81	1618.37	34	7099	
0.4	5.4	41	6	8	3	1	60	1	60	0.01	0	0.01	0.01	60	0	60	60	
0.4	5.4	52	8	45	3	238	258356	238	258356	0.00597059	0.00391513	0.003	0.017	1085.53	846.213	60	6917	
0.4	5.4	41	9	50	3	149	197280	150	199055	0.00589333	0.00345857	0.003	0.01	1327.03	1210.79	14	9422	
0.4	5.4	6	10	20	3	72	148067	72	148067	0.00708333	0.00347526	0.003	0.01	2056.49	1412.15	60	7099	
0.4	5.4	43	11	3	3	158	588586	158	588586	0.00787342	0.00350747	0.003	0.017	3725.23	2748.51	45	9422	
0.4	5.4	54	14	14	3	36	94310	35	91352	0.0062	0.00353803	0.003	0.01	2610.06	1959.37	60	7690	
0.4	5.4	39	15	79	3	109	321967	109	321967	0.003	0	0.003	0.003	2953.83	2291.34	88	9422	
0.4	5.4	29	16	9	3	93	305419	93	305419	0.00375269	0.00218023	0.003	0.01	3284.08	2031.49	60	9422	
0.4	5.4	52	18	57	3	1	60	1	60	0.003	0	0.003	0.003	60	0	60	60	
0.4	5.4	23	21	6	3	45	113728	45	114911	0.00673333	0.00353167	0.003	0.01	2553.58	1854.27	60	7099	
0.4	5.4	26	23	10	3	40	156310	40	156310	0.00825	0.0030697	0.003	0.01	3907.75	2560.27	60	9422	
0.4	5.4	16	25	11	3	67	59500	67	59500	0.00540298	0.00395834	0.003	0.017	888.06	719.479	60	3182	
0.4	5.4	53	26	2	3	49	114335	49	114335	0.00585714	0.00347611	0.003	0.01	2333.37	1211.71	60	5324	
0.4	5.4	40	27	22	3	176	308665	173	303337	0.00607514	0.00364406	0.003	0.017	1753.39	1447.51	36	9422	
0.4	5.4	20	28	18	3	173	460507	172	457549	0.00796512	0.003447	0.003	0.017	2660.17	1867.66	48	9422	
0.4	5.4	11	29	20	3	155	502468	155	502468	0.00367742	0.00207626	0.003	0.01	3241.73	2448.01	60	9422	
0.4	5.4	41	31	11	3	1	60	1	60	0.003	0	0.003	0.003	60	0	60	60	
0.4	5.4	25	32	11	3	149	331078	149	331078	0.00727517	0.00379163	0.003	0.017	2222	1772.76	60	9422	
0.4	5.4	37	33	84	3	4	3667	4	3667	0.003	0	0.003	0.003	916.75	733.545	60	1775	
0.4	5.4	37	34	15	3	3	180	3	180	0.0123333	0.00404145	0.01	0.017	60	0	60	60	
0.4	5.4	32	35	16	3	1	60	1	60	0.01	0	0.01	0.01	60	0	60	60	
0.4	5.4	40	38	3	3	15	31486	15	31486	0.003	0	0.003	0.003	2099.07	2330.25	60	9422	
0.4	5.4	16	39	16	3	199	331176	199	331176	0.00679899	0.00402264	0.003	0.017	1664.2	1730.77	13	9422	
0.4	5.4	36	42	16	3	165	307328	165	307328	0.00686061	0.00411999	0.003	0.024	1862.59	1715.8	27	9422	
0.4	5.4	32	44	20	3	131	617647	131	617647	0.00460305	0.00295265	0.003	0.01	4714.86	2767.61	45	9422	
0.4	5.4	4	45	7	3	74	311305	74	311305	0.003	0	0.003	0.003	4206.82	2854.3	45	9422	
0.4	5.4	11	46	6	3	102	165378	102	165378	0.00883333	0.00462897	0.003	0.024	1621.35	1380.36	60	7099	
0.4	5.4	23	47	18	3	91	240945	91	240945	0.003	0	0.003	0.003	2647.75	1689.82	60	7690	
0.4	5.4	49	48	14	3	17	32074	17	32074	0.00711765	0.0035511	0.003	0.01	1886.71	1494.17	60	5324	
0.4	5.4	24	51	23	3	97	416616	97	416616	0.003	0	0.003	0.003	4295.01	2443.53	45	9422	
0.4	5.4	19	52	18	3	49	123901	49	123901	0.00571428	0.00344601	0.003	0.01	2528.59	1574.78	60	7099	
0.4	5.4	39	53	3	3	115	259953	115	259953	0.003	0	0.003	0.003	2260.46	1571.47	60	9422	
0.4	5.4	47	54	10	3	10	14324	10	14324	0.0065	0.00368932	0.003	0.01	1432.4	1189.5	60	4395	
0.4	5.4	52	55	44	3	318	361451	318	361451	0.00559748	0.00347704	0.003	0.017	1136.64	785.58	60	5408	
0.4	5.4	33	56	22	3	167	562383	167	562383	0.00551497	0.00336863	0.003	0.01	3367.56	2256.07	60	9422	
0.4	5.4	48	57	1	3	176	752199	175	746875	0.00664	0.00350723	0.003	0.01	4267.86	2859.46	45	9422	
0.4	5.4	40	58	16	3	24	44565	24	44565	0.003	0	0.003	0.003	1856.88	1575.27	60	5324	
0.4	5.4	34	60	49	3	156	220408	156	220408	0.00434615	0.00276768	0.003	0.01	1412.87	1242.46	42	5324	
0.4	5.4	39	63	61	3	68	85397	68	85397	0.00619118	0.00390659	0.003	0.017	1255.84	1150.73	16	6882	
0.4	5.4	21	65	30	3	46	108999	46	108999	0.003	0	0.003	0.003	2369.54	2010.16	60	9422	
0.4	5.4	34	68	65	3	320	276212	318	274648	0.00676415	0.00479988	0.003	0.024	863.673	1209.07	60	8873	
0.4	5.4	10	71	11	3	115	443955	115	443955	0.00768696	0.003307	0.003	0.01	3860.48	2670.92	45	9422	
0.4	5.4	55	73	39	3	130	240549	132	241378	0.00687121	0.00370147	0.003	0.017	1828.62	1602.36	23	9422	
0.4	5.4	9	74	1	3	78	328593	78	328593	0.00497436	0.00317038	0.003	0.01	4212.73	3215.92	45	9422	
0.4	5.4	4	75	8	3	140	653364	140	653364	0.00385	0.00229458	0.003	0.01	4666.89	2731.9	45	9422	
0.4	5.4	21	76	28	3	126	213825	126	213825	0.0065	0.00383406	0.003	0.017	1697.02	1285.95	60	6877	
0.4	5.4	20	77	10	3	66	142853	65	141669	0.00763077	0.00333808	0.003	0.01	2179.52	1749.06	60	9422	
0.4	5.4	47	78	4	3	106	358777	106	358777	0.00550943	0.00337285	0.003	0.01	3384.69	2609.2	60	9422	
0.4	5.4	47	79	14	3	83	258691	83	258691	0.00316867	0.00107996	0.003	0.01	3116.76	2259.33	45	9422	
0.4	5.4	2	82	42	3	172	430947	172	430947	0.00662209	0.00366781	0.003	0.017	2505.51	1810.77	60	8873	
0.4	5.4	2	86	9	3	197	507997	198	508645	0.00565151	0.0034042	0.003	0.01	2568.91	1820.04	45	9422	
0.4	5.4	13	87	6	3	1	60	1	60	0.01	0	0.01	0.01	60	0	60	60	
0.4	5.4	52	88	32	3	158	140555	158	140555	0.0053038	0.00374286	0.003	0.017	889.589	667.912	8	3749	
0.4	5.4	2	89	3	3	151	334491	151	334491	0.00401987	0.00247782	0.003	0.01	2215.17	1462.58	60	9422	
0.4	5.4	14	90	7	3	31	69348	31	69348	0.00706452	0.00351127	0.003	0.01	2237.03	1288.91	60	4733	
0.4	5.4	50	91	2	3	162	497158	162	497158	0.00541975	0.00333945	0.003	0.01	3068.88	1918.75	60	9422	
0.4	5.4	25	92	18	3	11	23193	11	23193	0.00618182	0.00365563	0.003	0.01	2108.45	2270.78	60	7099	
0.4	5.4	3	94	11	3	75	179538	75	179538	0.00664	0.00352075	0.003	0.01	2393.84	1958.68	36	9422	
0.4	5.4	34	99	53	3	132	136379	132	136379	0.00634091	0.0040073	0.003	0.017	1033.17	965.201	6	4395	
0.4	5.4	34	100	19	3	165	118698	165	118698	0.00452727	0.00289988	0.003	0.01	719.382	690.783	23	4395	
0.4	5.4	48	101	7	3	6	8992	5	5442	0.01	0	0.01	0.01	1088.4	742.216	60	1775	
0.4	5.4	41	103	63	3	97	83093	95	82793	0.00565263	0.00384478	0.003	0.017	871.505	703.017	44	4107	
0.4	5.4	26	104	2	3	109	472818	109	472818	0.00948624	0.00183391	0.003	0.01	4337.78	2700.89	45	9422	
0.4	5.4	28	105	6	3	88	343270	88	343270	0.00729545	0.00358848	0.003	0.017	3900.8	2720.27	45	9422	
0.4	5.4	53	107	7	3	80	194201	80	194201	0.00335	0.00153524	0.003	0.01	2427.51	2119.39	60	9422	
0.4	5.4	1	108	13	3	119	267047	119	267047	0.00911765	0.00250483	0.003	0.017	2244.09	1839.72	13	9422	
0.4	5.4	42	110	26	3	185	282905	186	283808	0.0066129	0.00438063	0.003	0.017	1525.85	1301.1	30	7099	
0.4	5.4	34	111	41	3	13	15512	13	15512	0.003	0	0.003	0.003	1193.23	682.797	60	2196	
0.4	5.4	37	112	57	3	176	257783	176	257783	0.005625	0.00363731	0.003	0.017	1464.68	962.001	18	6882	
0.4	5.4	7	113	4	3	58	114919	59	119314	0.00869491	0.00330754	0.003	0.017	2022.27	1573.5	60	6507	
0.4	5.4	15	114	8	3	44	169322	44	169322	0.00936364	0.00203562	0.003	0.01	3848.23	2599.19	60	9422	
0.4	5.4	18	115	8	3	54	179346	52	176431	0.00596154	0.00349207	0.003	0.01	3392.9	2017.8	60	9422	
0.4	5.4	43	116	6	3	57	178213	57	178213	0.00926316	0.00216734	0.003	0.01	3126.54	2387.9	60	9422	
0.4	5.4	50	119	10	3	127	447993	127	447993	0.00349606	0.00180332	0.003	0.01	3527.5	2771.72	45	9422	
0.4	5.4	35	120	18	3	185	541659	185	541659	0.0068973	0.00363636	0.003	0.017	2927.89	2368.61	60	9422	
0.4	5.4	12	121	21	3	75	262220	75	262220	0.003	0	0.003	0.003	3496.27	2344	45	9422	
0.4	5.4	43	122	9	3	65	128533	65	128533	0.00849231	0.00338712	0.003	0.017	1977.43	1838.44	60	9422	
0.4	5.4	20	124	7	3	81	150436	80	149570	0.0083375	0.00338629	0.003	0.017	1869.63	1347.66	13	7099	
0.4	5.4	8	125	19	3	48	114902	48	114902	0.003	0	0.003	0.003	2393.79	2169.11	60	9422	
0.4	5.4	44	126	24	3	139	223923	139	223923	0.00597122	0.00347234	0.003	0.01	1610.96	1878.71	60	9422	
0.4	5.4	39	127	24	3	87	101425	85	100650	0.00645882	0.0045344	0.003	0.017	1184.12	801.661	12	3550	
0.4	5.4	37	128	27	3	86	119219	86	119219	0.00658139	0.00351958	0.003	0.01	1386.27	1201.63	6	9422	
0.4	5.4	55	129	14	3	109	122236	109	122236	0.00691743	0.00440986	0.003	0.024	1121.43	965.348	48	4733	
0.4	5.4	44	131	13	3	83	201314	83	201314	0.00806024	0.00351078	0.003	0.017	2425.47	1998.34	28	9422	
0.4	5.4	45	132	14	3	176	511503	176	511503	0.00785227	0.00372034	0.003	0.017	2906.27	1971	60	9422	
0.4	5.4	20	133	8	3	130	453933	130	453933	0.00639231	0.00351188	0.003	0.01	3491.79	2366.85	45	9422	
0.4	5.4	27	135	20	3	156	655662	156	655662	0.003	0	0.003	0.003	4202.96	1867.06	60	9422	
0.4	5.4	29	137	3	3	124	326278	124	326278	0.00706452	0.00346819	0.003	0.01	2631.27	1878.06	60	9422	
0.4	5.4	52	139	4	3	121	252884	121	252884	0.003	0	0.003	0.003	2089.95	1665.37	48	8282	
0.4	5.4	49	142	1	3	132	548560	132	548560	0.00793182	0.00320589	0.003	0.01	4155.76	2474.72	36	9422	
0.4	5.4	51	143	29	3	186	497315	186	497315	0.00713978	0.00374481	0.003	0.017	2673.74	2557.96	45	9422	
0.4	5.4	51	144	24	3	160	309918	158	302817	0.0076519	0.0040756	0.003	0.017	1916.56	1679.1	13	9422	
0.4	5.4	8	147	1	3	1	60	1	60	0.01	0	0.01	0.01	60	0	60	60	
0.4	5.4	29	148	17	3	99	393210	99	393210	0.0050505	0.00320196	0.003	0.01	3971.82	3120.44	45	9422	
0.4	5.4	33	149	6	3	171	659362	171	659362	0.00304093	0.000535303	0.003	0.01	3855.92	2613.9	45	9422	
0.4	5.4	15	150	15	3	25	90044	25	90044	0.00804	0.0032078	0.003	0.01	3601.76	2599.38	60	9422	
0.4	5.4	25	151	8	3	192	467129	192	467129	0.00857812	0.00369011	0.003	0.024	2432.96	2000.61	13	9422	
0.4	5.4	57	155	12	3	81	201917	81	201917	0.00723457	0.00361688	0.003	0.017	2492.8	1687.71	60	9422	
0.4	5.4	44	157	19	3	150	450405	150	450405	0.00356	0.00190541	0.003	0.01	3002.7	1957.88	60	9422	
0.4	5.4	5	158	1	3	53	162249	53	162249	0.003	0	0.003	0.003	3061.3	2500.19	60	9422	
0.4	5.4	36	159	19	3	20	23214	18	20256	0.00611111	0.00357917	0.003	0.01	1125.33	1332.43	60	5324	
0.4	5.4	25	160	14	3	143	345366	143	345366	0.00755245	0.00334975	0.003	0.01	2415.15	1854.15	57	9422	
0.4	5.4	40	161	12	3	2	120	2	120	0.01	0	0.01	0.01	60	0	60	60	
0.4	5.4	34	162	52	3	3	180	3	180	0.00766667	0.00404145	0.003	0.01	60	0	60	60	
0.4	5.4	51	165	17	3	122	239201	122	239201	0.00552459	0.0033752	0.003	0.01	1960.66	2247.62	60	9422	
0.4	5.4	23	166	4	3	88	230896	88	230896	0.00634091	0.00351642	0.003	0.01	2623.82	2327.9	60	9422	
0.4	5.4	35	167	17	3	109	390743	109	390743	0.00576147	0.003437	0.003	0.01	3584.8	2198.55	45	9422	
0.4	5.4	12	169	11	3	114	399034	114	399034	0.00877193	0.00267415	0.003	0.01	3500.3	2707.82	45	9422	
0.4	5.4	52	170	40	3	313	395648	313	395648	0.00572843	0.00341936	0.003	0.01	1264.05	1238.55	30	9422	
0.4	5.4	52	172	30	3	265	331195	265	331195	0.00574717	0.00342454	0.003	0.01	1249.79	1335.42	14	9422	
0.4	5.4	54	175	3	3	96	312644	96	312644	0.00832292	0.00332928	0.003	0.017	3256.71	2575.56	45	9422	
0.4	5.4	32	176	9	3	29	87207	29	87207	0.003	0	0.003	0.003	3007.14	2239.74	60	9422	
0.4	5.4	27	177	5	3	204	541702	203	538374	0.00744827	0.00344849	0.003	0.017	2652.09	1694.9	60	9422	
0.4	5.4	54	178	16	3	143	459396	143	459396	0.00867832	0.00287192	0.003	0.017	3212.56	2484.91	45	9422	
0.4	5.4	13	179	11	3	6	360	6	360	0.00766667	0.00361478	0.003	0.01	60	0	60	60	
0.4	5.4	41	180	24	3	88	84842	85	84435	0.00514118	0.00341967	0.003	0.017	993.353	890.802	17	4395	
0.4	5.4	39	181	91	3	403	584536	402	583352	0.00592537	0.00362925	0.003	0.017	1451.12	1222.87	15	9422	
0.4	5.4	53	183	6	3	130	315053	129	312686	0.00804651	0.00338623	0.003	0.017	2423.92	1968.87	35	9422	
0.4	5.4	57	185	16	3	110	315498	111	319048	0.00848649	0.00289471	0.003	0.01	2874.31	2083.61	60	9422	
0.4	5.4	24	189	17	3	129	355959	129	355959	0.003	0	0.003	0.003	2759.37	1875.67	60	9422	
0.4	5.4	45	190	16	3	165	552895	165	552895	0.0070303	0.00363825	0.003	0.017	3350.88	2580.27	45	9422	
0.4	5.4	2	191	10	3	154	407950	154	407950	0.00422727	0.0026704	0.003	0.01	2649.03	1956.41	8	9422	
0.4	5.4	32	192	18	3	1	60	1	60	0.01	0	0.01	0.01	60	0	60	60	
0.4	5.4	10	193	12	3	114	510205	114	510205	0.00809649	0.00312843	0.003	0.01	4475.48	2576.24	45	9422	
0.4	5.4	18	195	14	3	41	116095	41	116095	0.00778049	0.00329782	0.003	0.01	2831.59	2808.34	60	9422	
0.4	5.4	34	198	66	3	244	293317	244	293317	0.00477869	0.00305374	0.003	0.01	1202.12	1071.09	22	7708	
0.4	5.4	13	199	25	3	42	118573	42	118573	0.00816667	0.003115	0.003	0.01	2823.17	2582.42	60	9422	
0.4	5.4	52	200	5	3	162	241210	162	241210	0.00442592	0.002828	0.003	0.01	1488.95	1021.86	43	5861	
0.4	5.4	34	201	12	3	1	60	1	60	0.003	0	0.003	0.003	60	0	60	60	
0.4	5.4	34	202	56	3	183	185686	183	185686	0.00529508	0.00329507	0.003	0.01	1014.68	757.95	15	4395	
0.4	5.4	11	205	22	3	74	178287	74	178287	0.00678378	0.00351229	0.003	0.01	2409.28	2253.29	45	9422	
0.4	5.4	33	206	14	3	39	98347	39	98347	0.00694872	0.00351649	0.003	0.01	2521.72	2102.83	60	9422	
0.4	5.4	50	207	6	3	143	490060	143	490060	0.0077972	0.00366091	0.003	0.017	3426.99	2659.42	45	9422	
0.4	5.4	49	208	7	3	187	541634	187	541634	0.00760428	0.00340834	0.003	0.017	2896.44	2131.65	36	9422	
0.4	5.4	7	209	11	3	101	315613	101	315613	0.00618812	0.00350346	0.003	0.01	3124.88	2524.07	60	9422	
0.4	5.4	31	211	5	3	73	244476	73	244476	0.00693151	0.00349734	0.003	0.01	3348.99	2729.94	45	9422	
0.4	5.4	6	212	13	3	173	291938	173	291938	0.00797688	0.0041874	0.003	0.024	1687.5	1687.16	60	9422	
0.4	5.4	55	213	38	3	141	232917	141	232917	0.00736879	0.00431014	0.003	0.017	1651.89	1616.21	17	9422	
0.4	5.4	16	215	2	3	120	445087	119	445027	0.003	0	0.003	0.003	3739.72	2103.2	60	9422	
0.4	5.4	25	216	13	3	139	366424	139	366424	0.00818705	0.00350893	0.003	0.017	2636.14	2054.62	60	9422	
0.4	5.4	39	217	77	3	1	60	1	60	0.003	0	0.003	0.003	60	0	60	60	
0.4	5.4	52	218	9	3	200	264725	200	264725	0.00447	0.00285831	0.003	0.01	1323.62	1225.35	60	9422	
0.4	5.4	55	220	33	3	245	491054	245	491054	0.006	0.00352857	0.003	0.017	2004.3	1715.58	23	9422	
0.4	5.4	30	221	10	3	58	171111	58	171111	0.00541379	0.00335624	0.003	0.01	2950.19	1394.53	60	5916	
0.4	5.4	52	225	10	3	216	263131	216	263131	0.00484722	0.00309234	0.003	0.01	1218.2	895.492	60	5324	
0.4	5.4	15	227	13	3	2	120	2	120	0.01	0	0.01	0.01	60	0	60	60	
0.4	5.4	37	228	42	3	4	1360	4	1360	0.00475	0.0035	0.003	0.01	340	324.123	60	648	
0.4	5.4	13	230	8	3	29	55753	29	55753	0.00806896	0.00369296	0.003	0.017	1922.52	1404.66	60	5324	
0.4	5.4	13	232	2	3	142	507298	142	507298	0.00590845	0.00346186	0.003	0.01	3572.52	2791.35	36	9422	
0.4	5.4	51	233	9	3	98	168234	98	168234	0.00721428	0.00423352	0.003	0.017	1716.67	1358.47	21	5916	
0.4	5.4	24	234	9	3	121	465150	120	460417	0.00760833	0.0034551	0.003	0.017	3836.81	2727.59	36	9422	
0.4	5.4	28	235	14	3	3	180	3	180	0.00766667	0.00404145	0.003	0.01	60	0	60	60	
0.4	5.4	37	236	62	3	124	270713	124	270713	0.003	0	0.003	0.003	2183.17	1586.75	26	9422	
0.4	5.4	37	237	49	3	82	103773	82	103773	0.00539024	0.00333983	0.003	0.01	1265.52	1441.17	60	9422	
0.4	5.4	51	239	20	3	130	289512	130	289512	0.00838461	0.0041379	0.003	0.017	2227.02	2151.82	45	9422	
0.4	5.4	7	240	21	3	68	208383	68	208383	0.00855882	0.00309734	0.003	0.017	3064.46	2107.01	36	9422	
0.4	5.4	39	241	73	3	1	60	1	60	0.003	0	0.003	0.003	60	0	60	60	
0.4	5.4	2	243	44	3	2	708	1	60	0.01	0	0.01	0.01	60	0	60	60	
0.4	5.4	29	244	4	3	175	480168	176	481943	0.0078125	0.00380887	0.003	0.017	2738.31	2272.79	36	9422	
0.4	5.4	55	246	37	3	109	100477	108	98702	0.0060463	0.00420143	0.003	0.024	913.907	804.412	13	4395	
0.4	5.4	41	247	9	3	2	120	2	120	0.0065	0.00494975	0.003	0.01	60	0	60	60	
0.4	5.4	45	248	3	3	158	490153	158	490153	0.00827215	0.00312917	0.003	0.017	3102.23	2122.77	36	9422	
0.4	5.4	55	249	24	3	162	263078	162	263078	0.00602469	0.0037316	0.003	0.017	1623.94	1341.88	15	8814	
0.4	5.4	53	250	21	3	86	246261	85	242711	0.0087647	0.00289354	0.003	0.017	2855.42	2169.14	45	9422	
0.4	5.4	20	253	13	3	62	130909	61	129134	0.00690164	0.00394421	0.003	0.017	2116.95	1956.3	60	9422	
0.4	5.4	20	254	14	3	105	243379	105	243379	0.0074	0.00379169	0.003	0.017	2317.9	2113.86	26	9422	
0.4	5.4	49	255	13	3	65	215007	65	215007	0.00310769	0.000868243	0.003	0.01	3307.8	2383.19	45	9422	
0.4	5.4	42	256	24	3	161	251741	161	251741	0.00660869	0.00429414	0.003	0.017	1563.61	1349.14	60	9422	
0.4	5.4	40	257	7	3	177	362013	178	363197	0.00689326	0.00348765	0.003	0.01	2040.43	1778.32	45	9422	
0.4	5.4	38	259	18	3	128	471312	128	471312	0.003	0	0.003	0.003	3682.12	2586.64	45	9422	
0.4	5.4	42	261	6	3	256	515201	257	518383	0.00711284	0.00415694	0.003	0.017	2017.05	1675.9	60	9422	
0.4	5.4	26	262	6	3	57	149825	57	149825	0.00840351	0.00296322	0.003	0.01	2628.51	1894.78	60	9422	
0.4	5.4	45	263	1	3	42	174645	42	174645	0.00483333	0.003115	0.003	0.01	4158.21	2835	60	9422	
0.4	5.4	27	266	2	3	125	387789	125	387789	0.004176	0.0026276	0.003	0.01	3102.31	1869.8	60	9422	
0.4	5.4	6	267	2	3	4	240	4	240	0.00825	0.0035	0.003	0.01	60	0	60	60	
0.4	5.4	46	268	15	3	118	257554	118	257554	0.00822034	0.00390296	0.003	0.017	2182.66	1739.28	60	9422	
0.4	5.4	7	270	18	3	23	48053	23	48053	0.01	0.00211058	0.003	0.017	2089.26	2226.68	60	9422	
0.4	5.4	37	271	59	3	97	203140	97	203140	0.003	0	0.003	0.003	2094.23	1577.88	60	7099	
0.4	5.4	51	272	1	3	11	18463	11	18463	0.00745454	0.00353167	0.003	0.01	1678.45	1301.39	60	4395	
0.4	5.4	42	273	12	3	121	244694	121	244694	0.00623967	0.00350482	0.003	0.01	2022.26	1552.86	60	9422	
0.4	5.4	41	274	7	3	259	638967	259	638967	0.003	0	0.003	0.003	2467.05	1944.38	32	9422	
0.4	5.4	9	277	4	3	96	319728	96	319728	0.00613542	0.00349923	0.003	0.01	3330.5	3054.35	45	9422	
0.4	5.4	31	279	17	3	88	209723	88	209723	0.00729545	0.00342794	0.003	0.01	2383.22	1891.04	36	9422	
0.4	5.4	49	280	12	3	36	75263	36	75263	0.00941667	0.00196214	0.003	0.01	2090.64	1901.42	60	7099	
0.4	5.4	40	281	10	3	3	180	3	180	0.003	0	0.003	0.003	60	0	60	60	
0.4	5.4	13	282	10	3	45	133835	45	133835	0.003	0	0.003	0.003	2974.11	2392.14	60	9422	
0.4	5.4	36	283	5	3	129	400713	129	400713	0.00517054	0.0032503	0.003	0.01	3106.3	2341.61	45	9422	
0.4	5.4	55	285	19	3	102	122095	102	122095	0.00677451	0.00350645	0.003	0.01	1197.01	1146.29	60	9422	
0.4	5.4	34	286	20	3	220	161967	220	161967	0.00465454	0.00298072	0.003	0.01	736.214	792.043	17	6507	
0.4	5.4	2	287	11	3	133	249041	134	250225	0.00691791	0.003488	0.003	0.01	1867.35	1479.37	26	8873	
0.4	5.4	39	289	78	3	183	191439	183	191439	0.00533333	0.00361975	0.003	0.017	1046.11	844.346	32	5664	
0.4	5.4	46	290	6	3	155	452339	155	452339	0.00832903	0.00366292	0.003	0.017	2918.32	1935.95	60	9422	
0.4	5.4	15	291	1	3	16	41535	16	41535	0.007375	0.0035	0.003	0.01	2595.94	2122.38	60	7099	
0.4	5.4	23	292	22	3	2	120	2	120	0.01	0.00989949	0.003	0.017	60	0	60	60	
0.4	5.4	40	294	11	3	211	246527	211	246527	0.00671564	0.00428115	0.003	0.024	1168.37	1155.54	7	6882	
0.4	5.4	5	297	5	3	215	715953	214	712995	0.0077757	0.00333655	0.003	0.017	3331.75	2149.66	13	9422	
0.4	5.4	27	298	6	3	156	395487	156	395487	0.00641026	0.00351012	0.003	0.01	2535.17	1752.9	45	9422	
0.4	5.4	46	300	1	3	186	547593	186	547593	0.00593548	0.0034635	0.003	0.01	2944.05	1827.57	36	9422	
0.4	5.4	2	302	7	3	154	297835	154	297835	0.00709091	0.00372829	0.003	0.017	1933.99	1502.15	44	9422	
0.4	5.4	2	303	34	3	54	114939	54	114939	0.00442592	0.00343457	0.003	0.017	2128.5	1301.92	60	4795	
0.4	5.4	37	304	73	3	57	83058	57	83058	0.00729824	0.00453544	0.003	0.017	1457.16	1184.6	60	4395	
0.4	5.4	41	305	84	3	31	17961	31	17961	0.00570968	0.00346596	0.003	0.01	579.387	550.023	60	1775	
0.4	5.4	42	306	8	3	1	60	1	60	0.003	0	0.003	0.003	60	0	60	60	
0.4	5.4	2	307	6	3	145	433507	144	430549	0.00504167	0.00319281	0.003	0.01	2989.92	2611.2	45	9422	
0.4	5.4	41	309	70	3	207	166611	206	166501	0.0051068	0.00343415	0.003	0.017	808.257	681.057	18	4395	
0.4	5.4	40	310	4	3	183	313832	183	313832	0.00701639	0.00404436	0.003	0.017	1714.93	1781.89	54	9422	
0.4	5.4	40	311	8	3	27	77636	27	77636	0.00351852	0.00186816	0.003	0.01	2875.41	2220.16	60	9422	
0.4	5.4	19	312	2	3	147	486045	147	486045	0.00728571	0.00361314	0.003	0.017	3306.43	2297.41	45	9422	
0.4	5.4	25	314	3	3	151	453509	151	453509	0.00745033	0.00337972	0.003	0.01	3003.37	2276.4	57	9422	
0.4	5.4	44	315	15	3	76	197773	76	197773	0.00742105	0.00376391	0.003	0.017	2602.28	2422.5	45	9422	
0.4	5.4	11	316	8	3	94	245700	94	245700	0.00784042	0.00340873	0.003	0.017	2613.83	2051.16	60	9422	
0.4	5.4	19	317	15	3	115	353251	115	353251	0.003	0	0.003	0.003	3071.75	2383.58	60	9422	
0.4	5.4	51	318	27	3	15	14330	15	14330	0.0072	0.00442719	0.003	0.017	955.333	653.349	23	1958	
0.4	5.4	41	319	73	3	120	132921	120	132921	0.00539167	0.00400692	0.003	0.017	1107.68	1103.94	60	5916	
0.4	5.4	49	320	16	3	3	180	3	180	0.00766667	0.00404145	0.003	0.01	60	0	60	60	
0.4	5.4	11	321	16	3	63	183565	63	183565	0.00311111	0.000881917	0.003	0.01	2913.73	1855.45	60	7099	
0.4	5.4	39	322	74	3	240	236570	237	231116	0.00524472	0.00327407	0.003	0.01	975.173	840.689	6	9422	
0.4	5.4	35	324	2	3	96	370608	96	370608	0.00496875	0.00316379	0.003	0.01	3860.5	2551.21	45	9422	
0.4	5.4	17	325	3	3	43	116694	43	116694	0.00902325	0.00245423	0.003	0.01	2713.81	2011.7	60	9422	
0.4	5.4	39	328	1	3	238	392568	238	392568	0.00541176	0.00333353	0.003	0.01	1649.45	1097.55	60	7097	
0.4	5.4	6	329	19	3	231	676580	230	674213	0.00768696	0.00366826	0.003	0.017	2931.36	2218.78	60	9422	
0.4	5.4	40	331	5	3	120	311620	120	311620	0.003	0	0.003	0.003	2596.83	1922.55	45	9422	
0.4	5.4	52	332	52	3	164	136998	164	136998	0.00483536	0.00308823	0.003	0.01	835.354	681.571	60	4733	
0.4	5.4	8	333	24	3	100	439107	100	439107	0.00755	0.00335561	0.003	0.01	4391.07	2992.99	45	9422	
0.4	5.4	14	334	4	3	49	142121	49	142121	0.00857143	0.00285044	0.003	0.01	2900.43	1848.89	60	9422	
0.4	5.4	18	338	4	3	104	348736	104	348736	0.007375	0.00354222	0.003	0.017	3353.23	1923.55	60	8282	
0.4	5.4	49	339	5	3	105	377721	105	377721	0.0078	0.0032652	0.003	0.01	3597.34	2429.22	36	9422	
0.4	5.4	47	340	1	3	144	529168	144	529168	0.00581944	0.00344518	0.003	0.01	3674.78	2785.97	45	9422	
0.4	5.4	42	341	16	3	164	352884	164	352884	0.0059878	0.00347292	0.003	0.01	2151.73	1570.82	60	7690	
0.4	5.4	57	344	9	3	232	1017363	232	1017363	0.003	0	0.003	0.003	4385.19	2918.9	45	9422	
0.4	5.4	52	345	15	3	2	120	2	120	0.0065	0.00494975	0.003	0.01	60	0	60	60	
0.4	5.4	36	346	11	3	124	276505	124	276505	0.00616129	0.00392695	0.003	0.017	2229.88	2023.82	60	9422	
0.4	5.4	49	347	6	3	118	291949	118	291949	0.0083983	0.00309159	0.003	0.017	2474.14	2084.47	36	9422	
0.4	5.4	23	348	10	3	21	44620	21	44620	0.005	0.00324037	0.003	0.01	2124.76	1422.15	60	4395	
0.4	5.4	41	349	13	3	1	60	1	60	0.017	0	0.017	0.017	60	0	60	60	
0.4	5.4	28	350	4	3	106	474183	106	474183	0.00346226	0.00174669	0.003	0.01	4473.42	2578.4	60	9422	
0.4	5.4	36	351	10	3	122	222693	123	225639	0.00647154	0.00394496	0.003	0.017	1834.46	1597.85	39	8873	
0.4	5.4	17	352	2	3	160	427933	160	427933	0.0079	0.00331226	0.003	0.017	2674.58	2020.26	45	9422	
0.4	5.4	24	353	16	3	23	71713	23	71713	0.00543478	0.00340889	0.003	0.01	3117.96	2596.66	60	9422	
0.4	5.4	37	356	9	3	5	300	5	300	0.0044	0.0031305	0.003	0.01	60	0	60	60	
0.4	5.4	27	357	3	3	167	510402	166	506852	0.00751205	0.00344786	0.003	0.017	3053.33	2337.64	45	9422	
0.4	5.4	36	358	18	3	165	341252	165	341252	0.00707273	0.00379275	0.003	0.017	2068.19	1438.33	4	7746	
0.4	5.4	52	359	58	3	182	200379	182	200379	0.0055	0.0034429	0.003	0.017	1100.98	785.227	60	4733	
0.4	5.4	35	360	6	3	1	60	1	60	0.003	0	0.003	0.003	60	0	60	60	
0.4	5.4	47	361	17	3	133	372454	132	365355	0.00734848	0.00340853	0.003	0.01	2767.84	1900.02	51	9422	
0.4	5.4	52	362	48	3	105	153469	105	153469	0.00353333	0.00186603	0.003	0.01	1461.61	1032.98	52	6378	
0.4	5.4	39	363	53	3	2	708	2	708	0.003	0	0.003	0.003	354	415.779	60	648	
0.4	5.4	55	364	35	3	191	335487	191	335487	0.00644503	0.00350877	0.003	0.01	1756.48	1271.13	60	5916	
0.4	5.4	18	365	16	3	33	73488	33	73488	0.00533333	0.00335099	0.003	0.01	2226.91	1889.25	60	7099	
0.4	5.4	39	366	26	3	2	120	2	120	0.01	0	0.01	0.01	60	0	60	60	
0.4	5.4	29	367	7	3	26	64018	26	64018	0.00919231	0.00302019	0.003	0.017	2462.23	1551.38	60	5324	
0.4	5.4	13	368	15	3	8	21415	8	21415	0.007375	0.00362284	0.003	0.01	2676.88	2453.7	60	7099	
0.4	5.4	34	369	46	3	103	119737	103	119737	0.00571845	0.00394923	0.003	0.017	1162.5	851.058	60	4914	
0.4	5.4	55	370	29	3	142	207920	142	207920	0.00625352	0.00378957	0.003	0.017	1464.23	1209.3	60	9422	
0.4	5.4	54	371	23	3	135	447660	135	447660	0.00854815	0.00284872	0.003	0.01	3316	2495.8	57	9422	
0.4	5.4	51	372	13	3	62	165214	62	165214	0.0066129	0.00352674	0.003	0.01	2664.74	1681.79	60	6896	
0.4	5.4	17	373	21	3	8	16206	8	16206	0.009125	0.00247487	0.003	0.01	2025.75	2244.25	60	6507	
0.4	5.4	41	376	28	3	235	311739	234	311470	0.00542308	0.00333734	0.003	0.01	1331.07	1216.56	31	9422	
0.4	5.4	21	377	10	3	38	107811	38	107811	0.00447368	0.00289208	0.003	0.01	2837.13	2681.41	60	9422	
0.4	5.4	33	378	23	3	104	446204	104	446204	0.003	0	0.003	0.003	4290.42	2800.72	45	9422	
0.4	5.4	53	380	10	3	114	292456	114	292456	0.00600877	0.00348066	0.003	0.01	2565.4	1990.31	60	9422	
0.4	5.4	8	383	25	3	62	188985	61	187210	0.003	0	0.003	0.003	3069.02	2282.59	60	9422	
0.4	5.4	14	384	19	3	113	342107	113	342107	0.00721239	0.00356684	0.003	0.017	3027.5	2004.4	60	9422	
0.4	5.4	16	385	1	3	41	107818	41	107818	0.0062439	0.00353398	0.003	0.01	2629.71	1967.95	60	9422	
0.4	5.4	39	386	57	3	68	85373	68	85373	0.00598529	0.00406842	0.003	0.017	1255.49	1265.58	60	6285	
0.4	5.4	54	387	5	3	23	31500	23	31500	0.00756522	0.00542575	0.003	0.024	1369.57	1361.23	60	5324	
0.4	5.4	11	388	4	3	115	226225	115	226225	0.00786956	0.00395262	0.003	0.017	1967.17	1644.41	60	9422	
0.4	5.4	38	390	1	3	27	71122	27	71122	0.00818518	0.00312603	0.003	0.01	2634.15	2577.84	60	9422	
0.4	5.4	37	391	11	3	295	447133	295	447133	0.00539661	0.00332717	0.003	0.01	1515.71	1458.1	60	9422	
0.4	5.4	55	392	13	3	1	60	1	60	0.003	0	0.003	0.003	60	0	60	60	
0.4	5.4	47	393	16	3	49	163412	49	163412	0.003	0	0.003	0.003	3334.94	2226.82	60	9422	
0.4	5.4	37	397	83	3	163	150120	163	150120	0.0058773	0.0040212	0.003	0.017	920.982	653.281	60	3550	
0.4	5.4	7	398	3	3	107	425635	107	425635	0.00712149	0.00346059	0.003	0.01	3977.9	2940.84	45	9422	
0.4	5.4	33	399	8	3	2	120	2	120	0.0065	0.00494975	0.003	0.01	60	0	60	60	
0.4	5.4	31	400	3	3	18	56323	18	56323	0.00922222	0.00226367	0.003	0.01	3129.06	3054.72	60	9422	
0.4	5.4	35	401	14	3	52	77094	52	77094	0.00690385	0.00447327	0.003	0.017	1482.58	1134.47	60	4395	
0.4	5.4	52	402	22	3	178	269486	178	269486	0.00425843	0.00269558	0.003	0.01	1513.97	974.802	60	6507	
0.4	5.4	42	406	4	3	2	120	2	120	0.0065	0.00494975	0.003	0.01	60	0	60	60	
0.4	5.4	1	407	3	3	92	272300	91	269342	0.00730769	0.0034244	0.003	0.01	2959.8	2650.53	45	9422	
0.4	5.4	29	410	2	3	162	452904	162	452904	0.00775309	0.00379451	0.003	0.017	2795.7	1809.45	60	7690	
0.4	5.4	52	411	31	3	2	120	2	120	0.003	0	0.003	0.003	60	0	60	60	
0.4	5.4	5	414	18	3	39	98334	39	98334	0.003	0	0.003	0.003	2521.38	1336.45	60	4733	
0.4	5.4	44	418	6	3	181	619500	182	620684	0.00684615	0.00349245	0.003	0.01	3410.35	2224.44	45	9422	
0.4	5.4	8	419	16	3	1	60	1	60	0.01	0	0.01	0.01	60	0	60	60	
0.4	5.4	54	420	4	3	124	366408	124	366408	0.00322581	0.00124181	0.003	0.01	2954.9	1503.97	60	5324	
0.4	5.4	1	421	9	3	22	64725	22	64725	0.00618182	0.00356753	0.003	0.01	2942.05	2441.54	60	8873	
0.4	5.4	24	423	25	3	44	116684	44	116684	0.00618182	0.0035258	0.003	0.01	2651.91	1975.8	60	7690	
0.4	5.4	47	426	7	3	124	480753	124	480753	0.00384677	0.00229189	0.003	0.01	3877.04	2817.3	45	9422	
0.4	5.4	25	428	15	3	55	106647	55	106647	0.00758182	0.00335929	0.003	0.01	1939.04	1289.95	60	5324	
0.4	5.4	37	429	85	3	147	183703	147	183703	0.00547619	0.00355261	0.003	0.017	1249.68	1041.07	7	6882	
0.4	5.4	43	430	5	3	83	258094	83	258094	0.00763855	0.00350463	0.003	0.017	3109.57	2289.18	60	9422	
0.4	5.4	7	431	14	3	100	304255	100	304255	0.00727	0.00343145	0.003	0.01	3042.55	2353.61	60	9422	
0.4	5.4	38	432	4	3	85	227325	84	223775	0.00875	0.00290772	0.003	0.017	2663.99	1709.69	60	8282	
0.4	5.4	36	433	23	3	8	8994	8	8994	0.007375	0.00362284	0.003	0.01	1124.25	781.719	13	1775	
0.4	5.4	56	436	14	3	145	464115	145	464115	0.00850345	0.00287982	0.003	0.01	3200.79	2380.08	60	9422	
0.4	5.4	31	438	12	3	26	71121	26	71121	0.00811538	0.00316641	0.003	0.01	2735.42	1861.38	60	7099	
0.4	5.4	22	439	6	3	16	31486	16	31486	0.005625	0.0035	0.003	0.01	1967.87	2320.64	60	9422	
0.4	5.4	19	440	21	3	172	623853	172	623853	0.003	0	0.003	0.003	3627.05	2555.83	45	9422	
0.4	5.4	55	441	21	3	264	342262	263	341889	0.00691255	0.00412171	0.003	0.017	1299.96	1193.56	26	9422	
0.4	5.4	50	442	12	3	111	262411	111	262411	0.00873874	0.00355659	0.003	0.024	2364.06	2163.67	26	9422	
0.4	5.4	32	443	17	3	15	42714	15	42714	0.003	0	0.003	0.003	2847.6	2327.38	60	7099	
0.4	5.4	19	444	22	3	2	708	2	708	0.003	0	0.003	0.003	354	415.779	60	648	
0.4	5.4	55	445	4	3	7	5446	7	5446	0.007	0.00550757	0.003	0.017	778	719.251	60	1775	
0.4	5.4	26	447	8	3	100	241676	99	239901	0.00738384	0.0034038	0.003	0.01	2423.24	1666.28	36	8873	
0.4	5.4	43	448	10	3	37	50436	37	50436	0.00678378	0.0035366	0.003	0.01	1363.14	857.526	60	3550	
0.4	5.4	14	451	9	3	120	457448	120	457448	0.00521667	0.00326989	0.003	0.01	3812.07	2168.31	60	9422	
0.4	5.4	6	456	18	3	54	141544	54	141544	0.00598148	0.00349388	0.003	0.01	2621.19	1964.91	60	7690	
0.4	5.4	39	457	35	3	187	169025	187	169025	0.00629412	0.00406058	0.003	0.017	903.877	919.639	21	9422	
0.4	5.4	20	458	11	3	97	359253	97	359253	0.00653608	0.00351799	0.003	0.01	3703.64	2770.51	45	9422	
0.4	5.4	45	459	10	3	35	86505	35	86505	0.0078	0.00329706	0.003	0.01	2471.57	2886.77	60	9422	
0.4	5.4	55	460	11	3	2	120	2	120	0.01	0	0.01	0.01	60	0	60	60	
0.4	5.4	5	461	15	3	76	240939	76	240939	0.00760526	0.00334297	0.003	0.01	3170.25	1970.66	60	8873	
0.4	5.4	28	462	1	3	32	106617	32	106617	0.00671875	0.00354905	0.003	0.01	3331.78	2482.58	60	9422	
0.4	5.4	24	463	4	3	93	300088	92	297130	0.00878261	0.00266778	0.003	0.01	3229.67	1805.96	60	9422	
0.4	5.4	3	464	3	3	56	147450	56	147450	0.0085	0.00289828	0.003	0.01	2633.04	1841.96	60	9422	
0.4	5.4	41	465	51	3	42	23852	40	23652	0.004925	0.00316542	0.003	0.01	591.3	417.871	60	1775	
0.4	5.4	41	466	75	3	4	1894	4	1894	0.0065	0.00404145	0.003	0.01	473.5	506.984	60	1184	
0.4	5.4	22	467	1	3	35	93603	35	93603	0.0054	0.00337116	0.003	0.01	2674.37	2181.73	60	6882	
0.4	5.4	24	468	26	3	66	166808	66	166808	0.00766667	0.00332512	0.003	0.01	2527.39	2255.9	60	9422	
0.4	5.4	45	471	18	3	110	379400	111	383541	0.00697297	0.00348362	0.003	0.01	3455.32	2389.5	45	9422	
0.4	5.4	36	472	7	3	74	132718	74	132718	0.00858108	0.00401028	0.003	0.017	1793.49	1191.29	60	4716	
0.4	5.4	40	473	1	3	221	561101	219	556959	0.00670776	0.00350183	0.003	0.01	2543.19	2159.84	60	9422	
0.4	5.4	57	475	11	3	86	275966	86	275966	0.00381395	0.00225708	0.003	0.01	3208.91	2389.92	60	9422	
0.4	5.4	5	476	16	3	99	134466	99	134466	0.00773737	0.00343923	0.003	0.017	1358.24	1659.46	45	9422	
0.4	5.4	20	478	1	3	121	299197	121	299197	0.00820661	0.0034446	0.003	0.017	2472.7	1966.39	60	9422	
0.4	5.4	43	479	15	3	2	120	2	120	0.01	0	0.01	0.01	60	0	60	60	
0.4	5.4	39	480	54	3	1	60	1	60	0.01	0	0.01	0.01	60	0	60	60	
0.4	5.4	40	481	17	3	203	469557	200	459498	0.00664	0.00371069	0.003	0.017	2297.49	2216.18	23	9422	
0.4	5.4	36	483	17	3	142	444615	142	444615	0.00664789	0.00350925	0.003	0.01	3131.09	2536.79	45	9422	
0.4	5.4	17	484	7	3	94	296554	93	294187	0.00443011	0.00283763	0.003	0.01	3163.3	2383.8	45	9422	
0.4	5.4	54	485	2	3	84	347402	84	347402	0.00708333	0.00347177	0.003	0.01	4135.74	2409.53	45	9422	
0.4	5.4	9	487	7	3	2	120	2	120	0.01	0	0.01	0.01	60	0	60	60	
0.4	5.4	51	490	19	3	15	12557	15	12557	0.00766667	0.00506623	0.003	0.017	837.133	649.061	60	2196	
0.4	5.4	46	491	4	3	19	57619	18	52886	0.00572222	0.00351142	0.003	0.01	2938.11	2466.02	60	8873	
0.4	5.4	21	494	24	3	210	548304	210	548304	0.0072	0.00343748	0.003	0.01	2610.97	2322.31	16	9422	
0.4	5.4	14	496	15	3	115	482283	115	482283	0.00622609	0.00350454	0.003	0.01	4193.77	2659.36	45	9422	
0.4	5.4	57	497	5	3	65	243994	65	243994	0.00655385	0.00352682	0.003	0.01	3753.75	2554.34	60	9422	
0.4	5.4	11	499	5	3	131	323946	131	323946	0.00764885	0.00331877	0.003	0.01	2472.87	1573.47	60	9422	
0.4	5.4	34	503	28	3	248	156723	248	156723	0.00570968	0.00410248	0.003	0.017	631.948	633.54	6	4904	
0.4	5.4	34	506	55	3	16	16695	16	16695	0.003875	0.00239096	0.003	0.01	1043.44	478.881	60	1775	
0.4	5.4	29	507	1	3	3	180	3	180	0.00766667	0.00404145	0.003	0.01	60	0	60	60	
0.4	5.4	22	508	10	3	86	145732	85	144548	0.00728235	0.0037563	0.003	0.017	1700.56	1517.45	25	9422	
0.4	5.4	34	509	29	3	119	149019	119	149019	0.00329412	0.00141033	0.003	0.01	1252.26	1155.03	44	9422	
0.4	5.4	37	510	29	3	78	149995	78	149995	0.0044359	0.00284486	0.003	0.01	1923.01	1767.37	60	9422	
0.4	5.4	20	511	5	3	59	205423	59	205423	0.003	0	0.003	0.003	3481.75	2356.3	60	9422	
0.4	5.4	23	513	8	3	45	91857	45	91857	0.00657778	0.00384051	0.003	0.017	2041.27	2161.86	60	9422	
0.4	5.4	25	514	16	3	47	70073	47	70073	0.00448936	0.00324287	0.003	0.017	1490.91	1121.07	60	5324	
0.4	5.4	39	515	6	3	1	60	1	60	0.003	0	0.003	0.003	60	0	60	60	
0.4	5.4	11	517	1	3	140	526597	140	526597	0.0068	0.00349964	0.003	0.01	3761.41	2604.44	26	9422	
0.4	5.4	37	518	21	3	4	3667	4	3667	0.003	0	0.003	0.003	916.75	733.545	60	1775	
0.4	5.4	35	521	9	3	2	708	2	708	0.003	0	0.003	0.003	354	415.779	60	648	
0.4	5.4	53	523	20	3	40	108407	40	108407	0.00755	0.00338132	0.003	0.01	2710.17	2446.07	60	9422	
0.4	5.4	30	525	15	3	2	708	2	708	0.0065	0.00494975	0.003	0.01	354	415.779	60	648	
0.4	5.4	24	526	18	3	38	126849	38	126849	0.00907895	0.00239799	0.003	0.01	3338.13	2328.71	57	7690	
0.4	5.4	44	529	3	3	225	836389	225	836389	0.003	0	0.003	0.003	3717.28	2488	45	9422	
0.4	5.4	7	531	1	3	114	249836	114	249836	0.00926316	0.00269399	0.003	0.017	2191.54	1905.3	60	9422	
0.4	5.4	54	534	12	3	92	351560	92	351560	0.003	0	0.003	0.003	3821.3	2701.76	45	9422	
0.4	5.4	22	536	9	3	160	596836	160	596836	0.003	0	0.003	0.003	3730.22	2490.86	45	9422	
0.4	5.4	37	537	47	3	3	1892	3	1892	0.00766667	0.00404145	0.003	0.01	630.667	562.2	60	1184	
0.4	5.4	13	538	27	3	12	42714	12	42714	0.003	0	0.003	0.003	3559.5	3315.83	60	9422	
0.4	5.4	4	539	1	3	31	110160	31	110160	0.00841935	0.00297517	0.003	0.01	3553.55	2504.12	60	9422	
0.4	5.4	49	540	21	3	1	60	1	60	0.01	0	0.01	0.01	60	0	60	60	
0.4	5.4	34	541	6	3	326	396945	323	395169	0.00542724	0.00355744	0.003	0.017	1223.43	1364.76	8	9422	
0.4	5.4	14	542	10	3	211	809282	211	809282	0.003	0	0.003	0.003	3835.46	2525.33	45	9422	
0.4	5.4	41	543	5	3	3	180	4	240	0.00475	0.0035	0.003	0.01	60	0	60	60	
0.4	5.4	22	548	5	3	1	60	1	60	0.01	0	0.01	0.01	60	0	60	60	
0.4	5.4	57	550	7	3	1	60	1	60	0.01	0	0.01	0.01	60	0	60	60	
0.4	5.4	34	552	48	3	117	110916	117	110916	0.00587179	0.00442278	0.003	0.017	948	851.562	60	4395	
0.4	5.4	55	553	10	3	3	180	3	180	0.00533333	0.00404145	0.003	0.01	60	0	60	60	
0.4	5.4	19	557	1	3	102	421967	102	421967	0.00354902	0.00189124	0.003	0.01	4136.93	2675.59	45	9422	
0.4	5.4	37	558	43	3	176	298665	176	298665	0.00602273	0.00363468	0.003	0.017	1696.96	1757.89	26	8531	
0.4	5.4	39	559	82	3	228	395031	228	395031	0.00493421	0.00313711	0.003	0.01	1732.59	1274.28	60	9422	
0.4	5.4	33	560	16	3	170	627884	171	633208	0.00557895	0.00338655	0.003	0.01	3702.97	2922.38	45	9422	
0.4	5.4	56	562	1	3	68	229084	68	229084	0.0052647	0.00329911	0.003	0.01	3368.88	2137.68	36	9422	
0.4	5.4	37	563	23	3	2	120	2	120	0.0065	0.00494975	0.003	0.01	60	0	60	60	
0.4	5.4	37	564	16	3	4	240	4	240	0.01175	0.0035	0.01	0.017	60	0	60	60	
0.4	5.4	46	565	7	3	95	281296	95	281296	0.003	0	0.003	0.003	2961.01	1977.62	60	9422	
0.4	5.4	25	566	12	3	102	194848	102	194848	0.00766667	0.00359684	0.003	0.017	1910.27	1712.6	60	9422	
0.4	5.4	39	567	88	3	128	127456	128	127456	0.00567969	0.00352702	0.003	0.017	995.75	999.11	43	7690	
0.4	5.4	2	568	33	3	148	507270	148	507270	0.00446622	0.00285813	0.003	0.01	3427.5	2609.88	45	9422	
0.4	5.4	32	569	10	3	88	319133	88	319133	0.00594318	0.00347523	0.003	0.01	3626.51	2663.28	45	9422	
0.4	5.4	37	570	12	3	1	60	1	60	0.003	0	0.003	0.003	60	0	60	60	
0.4	5.4	42	571	19	3	104	304933	104	304933	0.003	0	0.003	0.003	2932.05	2027.26	60	9422	
0.4	5.4	2	572	41	3	44	87132	43	84984	0.00658139	0.00385593	0.003	0.017	1976.37	1879.45	60	9422	
0.4	5.4	35	573	15	3	105	215661	105	215661	0.008	0.00346132	0.003	0.017	2053.91	1666.21	60	9422	
0.4	5.4	31	575	13	3	11	13727	11	13727	0.00936364	0.00211058	0.003	0.01	1247.91	600.218	60	1775	
0.4	5.4	27	576	8	3	2	120	2	120	0.003	0	0.003	0.003	60	0	60	60	
0.4	5.4	50	578	18	3	10	21419	10	21419	0.003	0	0.003	0.003	2141.9	1802.27	60	5324	
0.4	5.4	51	580	12	3	87	186549	88	187141	0.00522727	0.00327908	0.003	0.01	2126.6	1515.55	60	7708	
0.4	5.4	37	581	19	3	316	545551	316	545551	0.00543671	0.00333987	0.003	0.01	1726.43	1149.06	60	8337	
0.4	5.4	37	582	64	3	90	123841	89	121474	0.00614607	0.00350179	0.003	0.01	1364.88	1169.71	43	9422	
0.4	5.4	38	584	11	3	101	299622	101	299622	0.00847525	0.00322364	0.003	0.017	2966.55	2103.92	45	9422	
0.4	5.4	55	585	18	3	2	120	2	120	0.003	0	0.003	0.003	60	0	60	60	
0.4	5.4	42	586	15	3	114	104951	114	104951	0.00785088	0.0042805	0.003	0.024	920.623	504.419	60	2526	
0.4	5.4	19	587	9	3	156	449471	157	452429	0.00643312	0.00351056	0.003	0.01	2881.71	1848.03	60	9422	
0.4	5.4	29	588	11	3	73	220839	73	220839	0.00683562	0.00350798	0.003	0.01	3025.19	1957.52	57	9422	
0.4	5.4	37	589	13	3	245	337144	245	337144	0.00488571	0.00311185	0.003	0.01	1376.1	788.741	43	5861	
0.4	5.4	38	590	9	3	2	120	2	120	0.003	0	0.003	0.003	60	0	60	60	
0.4	5.4	22	594	2	3	159	616977	159	616977	0.00603773	0.0034803	0.003	0.01	3880.36	2730.55	45	9422	
0.4	5.4	25	597	10	3	145	456558	145	456558	0.00464138	0.00297601	0.003	0.01	3148.68	2613.34	45	9422	
0.4	5.4	37	599	80	3	93	104362	93	104362	0.00691398	0.00431291	0.003	0.017	1122.17	1265.52	7	8889	
0.4	5.4	1	600	2	3	8	14319	6	8992	0.01	0	0.01	0.01	1498.67	1204.42	60	3550	
0.4	5.4	16	601	12	3	33	45816	32	44632	0.0060625	0.00352811	0.003	0.01	1394.75	1700.36	60	8873	
0.4	5.4	35	603	11	3	103	283130	103	283130	0.003	0	0.003	0.003	2748.83	2357	45	9422	
0.4	5.4	7	605	17	3	68	230267	68	230267	0.003	0	0.003	0.003	3386.28	2278.57	45	9422	
0.4	5.4	41	608	66	3	190	309284	191	310468	0.00468586	0.00300101	0.003	0.01	1625.49	1294.87	60	7690	
0.4	5.4	33	609	3	3	46	104394	46	104394	0.00315217	0.00103209	0.003	0.01	2269.43	1299.17	60	4395	
0.4	5.4	41	610	76	3	75	175296	75	175296	0.00533333	0.00332205	0.003	0.01	2337.28	1861.88	60	8338	
0.4	5.4	46	611	12	3	93	201342	93	201342	0.00744086	0.00410054	0.003	0.017	2164.97	1696.81	60	8282	
0.4	5.4	37	613	81	3	4	2484	4	2484	0.00825	0.0035	0.003	0.01	621	459.442	60	1184	
0.4	5.4	53	614	15	3	5	5442	5	5442	0.0086	0.0031305	0.003	0.01	1088.4	742.216	60	1775	
0.4	5.4	37	615	40	3	57	59348	57	59348	0.00619298	0.00375803	0.003	0.017	1041.19	666.617	60	2875	
0.4	5.4	3	616	8	3	75	274165	75	274165	0.00701333	0.00348547	0.003	0.01	3655.53	2595.71	60	9422	
0.4	5.4	18	617	19	3	48	98351	48	98351	0.01	0.00322886	0.003	0.017	2048.98	2228.13	60	9422	
0.4	5.4	20	618	2	3	58	119661	58	119661	0.00794827	0.00321413	0.003	0.01	2063.12	1399.1	60	7099	
0.4	5.4	39	619	72	3	215	258978	215	258978	0.00622325	0.00392886	0.003	0.017	1204.55	1022.42	8	8873	
0.4	5.4	46	620	9	3	121	423887	121	423887	0.0053719	0.00332699	0.003	0.01	3503.2	2410.5	43	9422	
0.4	5.4	45	621	12	3	6	8992	6	8992	0.003	0	0.003	0.003	1498.67	1204.42	60	3550	
0.4	5.4	3	622	9	3	97	269330	97	269330	0.003	0	0.003	0.003	2776.6	1935.09	60	9422	
0.4	5.4	20	623	3	3	2	120	2	120	0.0065	0.00494975	0.003	0.01	60	0	60	60	
0.4	5.4	2	624	22	3	79	176639	79	176639	0.00583544	0.00345829	0.003	0.01	2235.94	2098.19	60	9422	
0.4	5.4	52	626	56	3	1	60	1	60	0.003	0	0.003	0.003	60	0	60	60	
0.4	5.4	34	627	59	3	223	139539	223	139539	0.0049148	0.00399514	0.003	0.024	625.735	838.326	60	9422	
0.4	5.4	7	628	12	3	4	240	4	240	0.01	0.00571548	0.003	0.017	60	0	60	60	
0.4	5.4	5	630	11	3	46	141524	46	141524	0.00619565	0.00352527	0.003	0.01	3076.61	1739.77	60	7099	
0.4	5.4	22	632	7	3	91	242851	89	235159	0.00858427	0.00282766	0.003	0.01	2642.24	1841.71	60	9422	
0.4	5.4	57	634	17	3	155	582786	155	582786	0.00792258	0.00320822	0.003	0.01	3759.91	2359.7	45	9422	
0.4	5.4	41	635	4	3	312	390718	309	390810	0.00551456	0.00336386	0.003	0.01	1264.76	937.132	22	5324	
0.4	5.4	16	637	6	3	2	120	2	120	0.0065	0.00494975	0.003	0.01	60	0	60	60	
0.4	5.4	34	640	27	3	60	54415	59	54042	0.00466102	0.0030035	0.003	0.01	915.966	576.292	42	3182	
0.4	5.4	56	641	15	3	11	23193	11	23193	0.00872727	0.00283164	0.003	0.01	2108.45	1755.02	60	5324	
0.4	5.4	22	644	14	3	14	52292	14	52292	0.009	0.00254196	0.003	0.01	3735.14	3178.97	60	8873	
0.4	5.4	7	645	15	3	5	3727	5	3727	0.0044	0.0031305	0.003	0.01	745.4	741.869	60	1775	
0.4	5.4	37	646	54	3	125	163178	125	163178	0.006024	0.00390918	0.003	0.017	1305.42	985.339	34	4395	
0.4	5.4	1	647	11	3	110	349807	109	348623	0.00833027	0.00299708	0.003	0.01	3198.38	2256.49	60	9422	
0.4	5.4	41	648	31	3	53	48820	53	48820	0.00616981	0.00401792	0.003	0.017	921.132	1018.69	13	5664	
0.4	5.4	21	649	13	3	1	60	1	60	0.003	0	0.003	0.003	60	0	60	60	
0.4	5.4	8	650	22	3	117	387309	116	382576	0.00728448	0.00342575	0.003	0.01	3298.07	2610.2	45	9422	
0.4	5.4	33	652	19	3	72	164033	72	164033	0.00669444	0.00351912	0.003	0.01	2278.24	1261.69	60	4733	
0.4	5.4	13	653	24	3	111	219830	111	219830	0.00728829	0.00379566	0.003	0.017	1980.45	1454.88	26	7690	
0.4	5.4	45	654	13	3	71	143342	71	143342	0.00901408	0.00296885	0.003	0.017	2018.9	1391.08	60	7099	
0.4	5.4	2	655	29	3	115	346280	115	346280	0.003	0	0.003	0.003	3011.13	2421.27	32	9422	
0.4	5.4	34	657	3	3	195	170766	194	169582	0.00606701	0.00362499	0.003	0.017	874.134	736.395	29	4395	
0.4	5.4	30	658	6	3	32	108983	32	108983	0.0065	0.003556	0.003	0.01	3405.72	2528.21	23	9422	
0.4	5.4	2	659	27	3	26	30307	26	30307	0.00623077	0.00355874	0.003	0.01	1165.65	686.646	60	2958	
0.4	5.4	53	660	5	3	79	188299	79	188299	0.00548101	0.00355131	0.003	0.017	2383.53	2390.09	45	9422	
0.4	5.4	37	663	75	3	189	259416	189	259416	0.00603704	0.00347846	0.003	0.01	1372.57	1123.7	60	6201	
0.4	5.4	7	667	16	3	14	45086	14	45086	0.007	0.00359487	0.003	0.01	3220.43	2261.81	60	7708	
0.4	5.4	9	668	2	3	1	60	1	60	0.01	0	0.01	0.01	60	0	60	60	
0.4	5.4	2	669	16	3	3	180	3	180	0.003	0	0.003	0.003	60	0	60	60	
0.4	5.4	17	670	9	3	138	371822	138	371822	0.00827536	0.00325502	0.003	0.017	2694.36	2286.67	45	9422	
0.4	5.4	11	671	2	3	1	60	1	60	0.003	0	0.003	0.003	60	0	60	60	
0.4	5.4	35	673	13	3	15	25084	15	25084	0.003	0	0.003	0.003	1672.27	1102.41	60	3550	
0.4	5.4	17	675	8	3	22	78213	22	78213	0.003	0	0.003	0.003	3555.14	3216.36	60	9422	
0.4	5.4	4	677	2	3	98	335227	98	335227	0.00878571	0.0026642	0.003	0.01	3420.68	2824.4	45	9422	
0.4	5.4	41	680	46	3	29	15010	29	15010	0.00444827	0.00288576	0.003	0.01	517.586	391.375	43	1527	
0.4	5.4	21	683	11	3	2	708	1	60	0.01	0	0.01	0.01	60	0	60	60	
0.4	5.4	43	684	7	3	187	562509	187	562509	0.0087647	0.0033726	0.003	0.017	3008.07	2080.2	26	9422	
0.4	5.4	45	685	7	3	102	233860	101	232085	0.00868317	0.00292209	0.003	0.017	2297.87	1719.63	60	8873	
0.4	5.4	44	686	9	3	64	190175	64	190175	0.00934375	0.00205649	0.003	0.01	2971.48	3239.81	45	9422	
0.4	5.4	13	687	1	3	47	166378	47	166378	0.0083617	0.00299583	0.003	0.01	3539.96	2551.68	60	9422	
0.4	5.4	41	689	49	3	86	144737	87	145329	0.00710345	0.00420972	0.003	0.017	1670.45	1899.72	21	9414	
0.4	5.4	1	690	14	3	119	366963	118	365779	0.00827966	0.00329176	0.003	0.017	3099.82	1829.46	60	9422	
0.4	5.4	34	691	61	3	10	10179	9	8995	0.00455555	0.00308671	0.003	0.01	999.444	492.934	60	1775	
0.4	5.4	39	692	4	3	1	60	1	60	0.01	0	0.01	0.01	60	0	60	60	
0.4	5.4	54	694	18	3	3	180	3	180	0.00533333	0.00404145	0.003	0.01	60	0	60	60	
0.4	5.4	46	695	18	3	79	137057	80	139424	0.007025	0.00365602	0.003	0.017	1742.8	1579.9	34	7099	
0.4	5.4	11	698	18	3	58	106070	58	106070	0.00746552	0.00339357	0.003	0.01	1828.79	1630.52	60	7099	
0.4	5.4	34	699	51	3	280	487781	280	487781	0.005675	0.00345863	0.003	0.017	1742.07	1617.64	6	9422	
0.4	5.4	32	700	12	3	40	140925	40	140925	0.00685	0.00352682	0.003	0.01	3523.12	2331.41	60	8282	
0.4	5.4	45	702	15	3	71	274051	70	268727	0.0063	0.00351951	0.003	0.01	3838.96	2887.83	45	9422	
0.4	5.4	19	703	17	3	69	157650	69	157650	0.00715942	0.00366471	0.003	0.017	2284.78	1999.16	60	8873	
0.4	5.4	12	704	24	3	67	170018	67	170018	0.00697015	0.00349446	0.003	0.01	2537.58	2080.37	45	9422	
0.4	5.4	3	705	1	3	102	330279	102	330279	0.003	0	0.003	0.003	3238.03	1918.17	60	7099	
0.4	5.4	41	706	3	3	4	240	4	240	0.01175	0.0035	0.01	0.017	60	0	60	60	
0.4	5.4	56	709	10	3	130	533055	130	533055	0.00558461	0.00339124	0.003	0.01	4100.42	2238.88	45	9422	
0.4	5.4	36	711	13	3	194	798299	194	798299	0.00310825	0.000865956	0.003	0.01	4114.94	2328.11	45	9422	
0.4	5.4	34	712	22	3	266	251904	266	251904	0.00523684	0.00338146	0.003	0.017	947.008	1147.75	29	9422	
0.4	5.4	36	713	9	3	172	406194	172	406194	0.00706977	0.00354517	0.003	0.017	2361.59	1888.66	45	9422	
0.4	5.4	55	714	22	3	194	345430	194	345430	0.00570618	0.00341761	0.003	0.01	1780.57	1524.22	6	8282	
0.4	5.4	34	715	62	3	80	105650	80	105650	0.0048375	0.00309938	0.003	0.01	1320.62	1027.87	51	4412	
0.4	5.4	51	716	28	3	59	133265	59	133265	0.00430508	0.00274963	0.003	0.01	2258.73	1498.49	18	5324	
0.4	5.4	8	718	21	3	164	740398	164	740398	0.003	0	0.003	0.003	4514.62	2684.78	45	9422	
0.4	5.4	7	719	7	3	2	120	2	120	0.0065	0.00494975	0.003	0.01	60	0	60	60	
0.4	5.4	23	720	23	3	92	268181	89	253983	0.0075618	0.003671	0.003	0.017	2853.74	2227.97	13	9422	
0.4	5.4	9	722	6	3	16	49814	15	46856	0.0058	0.00354965	0.003	0.01	3123.73	2363.87	60	8873	
0.4	5.4	55	724	1	3	4	240	4	240	0.0065	0.00404145	0.003	0.01	60	0	60	60	
0.4	5.4	37	725	90	3	268	506169	268	506169	0.00495895	0.00314836	0.003	0.01	1888.69	1523.19	37	9422	
0.4	5.4	34	726	9	3	192	216582	192	216582	0.00555208	0.003378	0.003	0.01	1128.03	1022.21	7	5667	
0.4	5.4	13	727	13	3	120	362811	120	362811	0.00813333	0.0031085	0.003	0.01	3023.43	2455	45	9422	
0.4	5.4	50	731	8	3	72	180138	72	180138	0.0065	0.00352456	0.003	0.01	2501.92	1753.19	60	8873	
0.4	5.4	23	732	12	3	198	622264	198	622264	0.00756061	0.00341746	0.003	0.017	3142.75	2533.97	45	9422	
0.4	5.4	39	733	85	3	5	3669	5	3669	0.01	0.00494975	0.003	0.017	733.8	641.533	60	1572	
0.4	5.4	2	734	24	3	54	73646	54	73646	0.00598148	0.00349388	0.003	0.01	1363.81	1537.78	60	9422	
0.4	5.4	47	736	9	3	90	352261	90	352261	0.003	0	0.003	0.003	3914.01	2594.06	45	9422	
0.4	5.4	31	738	1	3	96	329192	96	329192	0.00701042	0.00348076	0.003	0.01	3429.08	2775.95	45	9422	
0.4	5.4	41	740	87	3	293	225502	293	225502	0.00579522	0.00393514	0.003	0.017	769.631	655.805	5	4395	
0.4	5.4	55	741	9	3	26	52793	26	52793	0.00730769	0.00347297	0.003	0.01	2030.5	1502.5	25	5861	
0.4	5.4	37	742	72	3	2	120	2	120	0.003	0	0.003	0.003	60	0	60	60	
0.4	5.4	53	743	14	3	115	279434	115	279434	0.00732174	0.00377561	0.003	0.017	2429.86	2102.56	36	9422	
0.4	5.4	37	747	86	3	37	40374	37	40374	0.00602703	0.00351573	0.003	0.01	1091.19	415.589	60	1775	
0.4	5.4	2	748	39	3	40	55755	40	55755	0.004225	0.00269365	0.003	0.01	1393.88	689.704	60	2958	
0.4	5.4	32	750	11	3	125	536141	125	536141	0.003728	0.00214542	0.003	0.01	4289.13	2662.11	45	9422	
0.4	5.4	52	751	2	3	4	240	4	240	0.0065	0.00404145	0.003	0.01	60	0	60	60	
0.4	5.4	12	752	25	3	14	32070	14	32070	0.007	0.00359487	0.003	0.01	2290.71	1660.15	60	5324	
0.4	5.4	24	753	5	3	70	243275	70	243275	0.003	0	0.003	0.003	3475.36	2401.56	60	9422	
0.4	5.4	11	754	13	3	36	85341	36	85341	0.00727778	0.00346089	0.003	0.01	2370.58	1374.06	60	4733	
0.4	5.4	6	757	12	3	128	376576	128	376576	0.003	0	0.003	0.003	2942	2068.15	60	9422	
0.4	5.4	22	758	15	3	119	318572	119	318572	0.00847059	0.00290477	0.003	0.01	2677.08	2753.9	36	9422	
0.4	5.4	41	759	22	3	165	145303	164	145070	0.00496341	0.00315429	0.003	0.01	884.573	813.036	27	6507	
0.4	5.4	21	762	19	3	83	202725	83	202725	0.00645783	0.00352102	0.003	0.01	2442.47	1727.21	60	7099	
0.4	5.4	35	763	20	3	43	123780	43	123780	0.00430232	0.00275625	0.003	0.01	2878.6	2724.86	45	9422	
0.4	5.4	21	764	21	3	2	120	2	120	0.01	0	0.01	0.01	60	0	60	60	
0.4	5.4	1	765	8	3	59	145093	59	145093	0.00679661	0.00351734	0.003	0.01	2459.2	2391.44	60	9422	
0.4	5.4	51	766	25	3	25	48048	25	48048	0.00804	0.0032078	0.003	0.01	1921.92	2395.82	60	9422	
0.4	5.4	37	767	76	3	89	75503	89	75503	0.00669663	0.00528593	0.003	0.024	848.348	778.092	21	4395	
0.4	5.4	7	768	6	3	3	180	3	180	0.00533333	0.00404145	0.003	0.01	60	0	60	60	
0.4	5.4	21	769	22	3	76	203791	76	203791	0.00705263	0.00347906	0.003	0.01	2681.46	2109.35	60	9422	
0.4	5.4	33	771	18	3	70	224946	70	224946	0.003	0	0.003	0.003	3213.51	2511.39	45	9422	
0.4	5.4	16	775	14	3	77	101970	77	101970	0.00618182	0.00385844	0.003	0.017	1324.29	1429.45	60	8873	
0.4	5.4	47	779	11	3	46	169324	46	169324	0.003	0	0.003	0.003	3680.96	2158.71	60	9422	
0.4	5.4	29	780	14	3	104	279419	104	279419	0.00811538	0.00326888	0.003	0.017	2686.72	2002.69	57	9422	
0.4	5.4	23	782	16	3	165	469013	165	469013	0.0070303	0.00371947	0.003	0.017	2842.5	1885.29	60	9422	
0.4	5.4	39	784	14	3	97	87891	97	87891	0.00509278	0.00337603	0.003	0.017	906.093	539.782	34	2958	
0.4	5.4	28	785	12	3	70	285274	70	285274	0.0085	0.00289302	0.003	0.01	4075.34	2485.41	60	9422	
0.4	5.4	16	786	9	3	4	240	4	240	0.00825	0.0035	0.003	0.01	60	0	60	60	
0.4	5.4	18	787	9	3	60	170513	59	166963	0.003	0	0.003	0.003	2829.88	1778.4	60	9422	
0.4	5.4	41	788	55	3	89	130977	89	130977	0.00402247	0.00248622	0.003	0.01	1471.65	1297.08	60	6882	
0.4	5.4	14	789	1	3	113	432608	113	432608	0.00609734	0.00349225	0.003	0.01	3828.39	2178.6	45	9422	
0.4	5.4	7	790	8	3	28	73487	28	73487	0.00475	0.00308671	0.003	0.01	2624.54	1559.84	60	5324	
0.4	5.4	41	791	83	3	193	133273	191	132951	0.00490576	0.00328498	0.003	0.017	696.079	609.597	33	4733	
0.4	5.4	19	793	10	3	63	178812	63	178812	0.003	0	0.003	0.003	2838.29	2110.65	45	9422	
0.4	5.4	27	794	18	3	90	142725	90	142725	0.003	0	0.003	0.003	1585.83	2269.4	45	9422	
0.4	5.4	54	795	9	3	15	43312	15	43312	0.003	0	0.003	0.003	2887.47	2750.92	60	9422	
0.4	5.4	10	797	8	3	119	337713	119	337713	0.00829412	0.00301789	0.003	0.01	2837.92	2701.77	60	9422	
0.4	5.4	37	799	25	3	2	120	2	120	0.01	0	0.01	0.01	60	0	60	60	
0.4	5.4	12	800	8	3	145	543956	145	543956	0.00546207	0.00335414	0.003	0.01	3751.42	2242.93	45	9422	
0.4	5.4	35	802	8	3	2	120	2	120	0.01	0	0.01	0.01	60	0	60	60	
0.4	5.4	11	804	3	3	215	455952	216	457709	0.00815278	0.00363443	0.003	0.017	2119.02	1746.7	60	9422	
0.4	5.4	12	805	3	3	12	7819	12	7819	0.0065	0.00558407	0.003	0.017	651.583	489.84	60	1527	
0.4	5.4	25	807	2	3	183	504872	183	504872	0.00812568	0.00380869	0.003	0.017	2758.86	2203.97	26	9422	
0.4	5.4	45	812	8	3	58	157498	58	157498	0.003	0	0.003	0.003	2715.48	2329.33	60	9422	
0.4	5.4	31	814	4	3	90	245781	90	245781	0.00712222	0.00346354	0.003	0.01	2730.9	2032.34	60	9422	
0.4	5.4	8	815	13	3	93	287428	92	283878	0.00604348	0.00348911	0.003	0.01	3085.63	2749.16	45	9422	
0.4	5.4	17	816	17	3	71	161784	71	161784	0.00802817	0.00338472	0.003	0.017	2278.65	2072.09	60	9422	
0.4	5.4	53	817	11	3	86	193127	86	193127	0.00837209	0.00316245	0.003	0.017	2245.66	2297.84	45	9422	
0.4	5.4	52	819	13	3	205	259130	206	260225	0.00575243	0.00342756	0.003	0.01	1263.23	982.759	60	4736	
0.4	5.4	18	821	11	3	25	74669	25	74669	0.00804	0.0032078	0.003	0.01	2986.76	2653.5	60	9422	
0.4	5.4	42	822	1	3	99	239198	99	239198	0.00625252	0.00350901	0.003	0.01	2416.14	1638.73	60	7690	
0.4	5.4	6	823	11	3	158	328585	158	328585	0.0076962	0.00374286	0.003	0.017	2079.65	1769.02	4	9422	
0.4	5.4	8	824	20	3	2	120	2	120	0.0065	0.00494975	0.003	0.01	60	0	60	60	
0.4	5.4	24	825	20	3	105	310168	105	310168	0.00773333	0.00329121	0.003	0.01	2953.98	1949.36	28	9422	
0.4	5.4	28	826	2	3	79	304810	79	304810	0.003	0	0.003	0.003	3858.35	2632.19	60	9422	
0.4	5.4	37	828	51	3	3	768	3	768	0.00766667	0.00404145	0.003	0.01	256	339.482	60	648	
0.4	5.4	49	829	22	3	107	332290	107	332290	0.00908411	0.00255919	0.003	0.017	3105.51	2800.2	45	9422	
0.4	5.4	13	830	16	3	118	366016	118	366016	0.003	0	0.003	0.003	3101.83	2831.81	60	9422	
0.4	5.4	30	831	1	3	77	225725	77	225725	0.003	0	0.003	0.003	2931.49	2309.31	60	9422	
0.4	5.4	23	832	2	3	188	671875	188	671875	0.003	0	0.003	0.003	3573.8	2345.72	60	9422	
0.4	5.4	2	836	35	3	59	91881	59	91881	0.00644068	0.00352954	0.003	0.01	1557.31	1189.02	37	4395	
0.4	5.4	41	837	48	3	1	60	1	60	0.01	0	0.01	0.01	60	0	60	60	
0.4	5.4	41	838	25	3	2	120	2	120	0.0065	0.00494975	0.003	0.01	60	0	60	60	
0.4	5.4	42	840	3	3	162	451032	162	451032	0.00550617	0.00345557	0.003	0.017	2784.15	2182.13	60	9422	
0.4	5.4	41	841	43	3	1	60	1	60	0.003	0	0.003	0.003	60	0	60	60	
0.4	5.4	38	844	5	3	43	140339	43	140339	0.00772093	0.00331896	0.003	0.01	3263.7	1910.88	60	8873	
0.4	5.4	8	846	14	3	5	300	5	300	0.0086	0.0031305	0.003	0.01	60	0	60	60	
0.4	5.4	37	847	91	3	185	256564	185	256564	0.00564865	0.00340409	0.003	0.01	1386.83	879.642	43	5861	
0.4	5.4	50	849	5	3	106	290170	106	290170	0.0080849	0.00313541	0.003	0.01	2737.45	2112.28	60	9422	
0.4	5.4	43	850	11	3	55	140474	54	137516	0.00675926	0.00352316	0.003	0.01	2546.59	1576.19	60	5664	
0.4	5.4	1	851	1	3	85	216215	85	216215	0.00769412	0.00348132	0.003	0.017	2543.71	1856.17	13	7690	
0.4	5.4	21	852	4	3	1	60	1	60	0.01	0	0.01	0.01	60	0	60	60	
0.4	5.4	40	853	6	3	186	359506	186	359506	0.0065	0.00365728	0.003	0.017	1932.83	1884.04	9	8873	
0.4	5.4	51	854	4	3	76	211386	76	211386	0.00622368	0.00351226	0.003	0.01	2781.39	1842.69	60	9422	
0.4	5.4	53	856	1	3	1	60	1	60	0.003	0	0.003	0.003	60	0	60	60	
0.4	5.4	34	857	10	3	3	180	3	180	0.00533333	0.00404145	0.003	0.01	60	0	60	60	
0.4	5.4	30	860	7	3	99	414269	99	414269	0.00434343	0.0027707	0.003	0.01	4184.54	2694.09	45	9422	
0.4	5.4	25	861	4	3	97	204410	97	204410	0.00877319	0.00451964	0.003	0.017	2107.32	1895.42	36	9422	
0.4	5.4	31	865	18	3	94	362193	95	366926	0.00594737	0.00347443	0.003	0.01	3862.38	2213.36	60	9422	
0.4	5.4	41	866	81	3	230	385637	231	390032	0.00512121	0.00322396	0.003	0.01	1688.45	1548.02	8	9422	
0.4	5.4	41	867	44	3	263	340837	261	339586	0.00554789	0.00353806	0.003	0.017	1301.1	1079.32	17	9422	
0.4	5.4	5	870	8	3	49	103666	49	103666	0.00585714	0.00347611	0.003	0.01	2115.63	2570.03	60	9422	
0.4	5.4	41	872	33	3	81	104357	81	104357	0.00541975	0.00458493	0.003	0.017	1288.36	1106.12	60	5324	
0.4	5.4	13	874	21	3	125	509052	125	509052	0.005408	0.00333867	0.003	0.01	4072.42	2741.58	45	9422	
0.4	5.4	37	875	48	3	41	47611	41	47611	0.00556097	0.00341357	0.003	0.01	1161.24	804.871	60	4395	
0.4	5.4	2	876	37	3	34	56359	34	56359	0.00711765	0.00389844	0.003	0.017	1657.62	1261.82	60	5324	
0.4	5.4	14	878	6	3	44	110771	44	110771	0.00872727	0.00273108	0.003	0.01	2517.52	2291.07	60	8873	
0.4	5.4	52	879	33	3	208	230094	206	220627	0.00578641	0.00343483	0.003	0.01	1071	960.147	60	9422	
0.4	5.4	31	882	10	3	109	362222	109	362222	0.003	0	0.003	0.003	3323.14	2131.36	45	9422	
0.4	5.4	41	883	36	3	9	4268	9	4268	0.00533333	0.0035	0.003	0.01	474.222	315.051	60	935	
0.4	5.4	2	885	28	3	230	396254	230	396254	0.00662174	0.00401748	0.003	0.017	1722.84	1837.72	13	9422	
0.4	5.4	43	889	8	3	92	236234	92	236234	0.00802174	0.00316914	0.003	0.01	2567.76	2215.06	60	9422	
0.4	5.4	9	890	5	3	2	120	2	120	0.01	0	0.01	0.01	60	0	60	60	
0.4	5.4	10	891	4	3	55	177613	54	175838	0.00818518	0.0030964	0.003	0.01	3256.26	2367.01	60	9422	
0.4	5.4	32	893	23	3	141	482942	141	482942	0.00647518	0.00351239	0.003	0.01	3425.12	2061.44	45	9422	
0.4	5.4	30	895	13	3	71	255705	71	255705	0.00477465	0.00306686	0.003	0.01	3601.48	2970.24	45	9422	
0.4	5.4	22	896	18	3	142	482323	142	482323	0.00615493	0.00349528	0.003	0.01	3396.64	1686.35	36	9422	
0.4	5.4	51	898	8	3	65	186554	65	186554	0.003	0	0.003	0.003	2870.06	2275.99	60	9422	
0.4	5.4	21	899	14	3	91	316048	91	316048	0.00615385	0.00350214	0.003	0.01	3473.05	2349.14	60	9422	
0.4	5.4	42	900	13	3	300	645470	300	645470	0.00689667	0.00396717	0.003	0.017	2151.57	2124.41	45	9422	
0.4	5.4	41	901	12	3	47	43973	47	43973	0.00448936	0.00289582	0.003	0.01	935.596	741.573	53	4328	
0.4	5.4	16	902	13	3	119	236375	119	236375	0.00735294	0.00364433	0.003	0.017	1986.34	1846.56	21	9422	
0.4	5.4	51	903	23	3	39	69367	39	69367	0.00641026	0.00354459	0.003	0.01	1778.64	1406.48	60	7099	
0.4	5.4	37	904	22	3	138	181405	138	181405	0.00452174	0.00289782	0.003	0.01	1314.53	824.145	60	4395	
0.4	5.4	14	905	5	3	3	180	3	180	0.00533333	0.00404145	0.003	0.01	60	0	60	60	
0.4	5.4	1	906	10	3	59	206599	59	206599	0.003	0	0.003	0.003	3501.68	2465.55	45	9422	
0.4	5.4	49	907	10	3	18	19648	18	19648	0.00766667	0.0033955	0.003	0.01	1091.56	641.451	60	2958	
0.4	5.4	7	908	19	3	70	180590	70	180590	0.0081	0.00313535	0.003	0.01	2579.86	2057.2	60	9422	
0.4	5.4	15	912	14	3	166	671278	166	671278	0.00683735	0.00349424	0.003	0.01	4043.84	2612.68	45	9422	
0.4	5.4	32	913	19	3	65	233838	65	233838	0.00644615	0.00352682	0.003	0.01	3597.51	2726.8	60	9422	
0.4	5.4	22	915	4	3	80	175901	80	175901	0.00755	0.00335985	0.003	0.01	2198.76	1806.63	60	9422	
0.4	5.4	32	916	15	3	169	597405	169	597405	0.00652071	0.00351034	0.003	0.01	3534.94	2444.57	57	9422	
0.4	5.4	5	917	13	3	84	248638	84	248638	0.0085	0.00308709	0.003	0.017	2959.98	2031.4	60	9422	
0.4	5.4	41	918	80	3	363	419089	362	419044	0.00601657	0.00358664	0.003	0.017	1157.58	1213.36	7	9422	
0.4	5.4	21	920	9	3	112	252392	112	252392	0.0081875	0.00335452	0.003	0.017	2253.5	1661.16	60	7099	
0.4	5.4	24	921	11	3	89	416512	89	416512	0.003	0	0.003	0.003	4679.91	3014.25	45	9422	
0.4	5.4	57	922	6	3	101	281899	101	281899	0.00660396	0.00365261	0.003	0.017	2791.08	1914.33	60	8873	
0.4	5.4	32	923	6	3	66	153374	66	153374	0.00734848	0.00363526	0.003	0.017	2323.85	1940.7	45	9422	
0.4	5.4	52	924	27	3	11	5456	11	5456	0.00427273	0.00283164	0.003	0.01	496	389.327	43	1143	
0.4	5.4	42	925	14	3	70	109629	70	109629	0.0077	0.00441457	0.003	0.017	1566.13	1006.15	60	5072	
0.4	5.4	37	926	74	3	158	134291	158	134291	0.0053481	0.00399829	0.003	0.017	849.943	721.968	13	4395	
0.4	5.4	31	927	14	3	103	421963	103	421963	0.003	0	0.003	0.003	4096.73	2252.18	60	9422	
0.4	5.4	39	929	8	3	1	60	1	60	0.003	0	0.003	0.003	60	0	60	60	
0.4	5.4	21	933	8	3	89	152801	87	148067	0.00694253	0.00349204	0.003	0.01	1701.92	1917.14	60	9422	
0.4	5.4	50	935	11	3	180	531022	179	529186	0.00804469	0.0035598	0.003	0.017	2956.35	2316.19	60	9422	
0.4	5.4	56	936	18	3	27	90644	27	90644	0.00766667	0.00336269	0.003	0.01	3357.19	2601.07	57	9422	
0.4	5.4	51	937	15	3	94	221431	94	221431	0.00501064	0.00318428	0.003	0.01	2355.65	2102.74	60	9422	
0.4	5.4	39	938	87	3	71	104890	71	104890	0.00556338	0.00339635	0.003	0.01	1477.32	956.914	60	4140	
0.4	5.4	31	939	15	3	1	60	1	60	0.01	0	0.01	0.01	60	0	60	60	
0.4	5.4	52	940	54	3	77	103735	77	103735	0.00581818	0.00345546	0.003	0.01	1347.21	848.041	60	4141	
0.4	5.4	47	941	19	3	140	489542	141	497824	0.00697163	0.00348044	0.003	0.01	3530.67	2531.67	45	9422	
0.4	5.4	57	942	15	3	2	708	2	708	0.003	0	0.003	0.003	354	415.779	60	648	
0.4	5.4	18	943	12	3	135	339290	135	339290	0.00818518	0.00307902	0.003	0.01	2513.26	2135.62	60	9422	
0.4	5.4	39	944	51	3	53	74144	53	74144	0.00669811	0.00425434	0.003	0.017	1398.94	862.876	60	4904	
0.4	5.4	56	946	7	3	43	104382	43	104382	0.00918605	0.00227047	0.003	0.01	2427.49	2454.03	45	9422	
0.4	5.4	47	948	20	3	73	170566	73	170566	0.00731507	0.00380379	0.003	0.017	2336.52	1872.78	60	9422	
0.4	5.4	5	949	6	3	123	396054	123	396054	0.00311382	0.000888942	0.003	0.01	3219.95	2282.26	45	9422	
0.4	5.4	26	950	5	3	1	60	1	60	0.01	0	0.01	0.01	60	0	60	60	
0.4	5.4	19	953	13	3	1	60	1	60	0.003	0	0.003	0.003	60	0	60	60	
0.4	5.4	44	954	20	3	116	328323	116	328323	0.00825	0.00304424	0.003	0.01	2830.37	2494.57	57	9422	
0.4	5.4	39	955	23	3	111	258857	111	258857	0.00508108	0.00321399	0.003	0.01	2332.05	1996.14	60	9422	
0.4	5.4	34	958	4	3	147	180764	146	179580	0.00496575	0.00315663	0.003	0.01	1230	1054.41	30	7099	
0.4	5.4	39	959	29	3	145	161385	143	157763	0.00603496	0.00367407	0.003	0.017	1103.24	923.428	26	6780	
0.4	5.4	5	960	9	3	117	340355	117	340355	0.00742735	0.00338943	0.003	0.01	2909.02	2204.13	45	9422	
0.4	5.4	41	961	86	3	159	189708	158	189063	0.00490506	0.00312538	0.003	0.01	1196.6	1132.93	13	5915	
0.4	5.4	37	962	38	3	138	201036	138	201036	0.00538406	0.00332941	0.003	0.01	1456.78	1012.78	60	5324	
0.4	5.4	39	963	66	3	130	303194	130	303194	0.00353846	0.0018725	0.003	0.01	2332.26	1448.17	57	5861	
0.4	5.4	37	965	41	3	5	3669	5	3669	0.003	0	0.003	0.003	733.8	682.801	60	1775	
0.4	5.4	34	966	24	3	5	1896	5	1896	0.0072	0.00383406	0.003	0.01	379.2	211.047	60	648	
0.4	5.4	20	968	6	3	156	601121	156	601121	0.00623077	0.00350087	0.003	0.01	3853.34	2835.69	43	9422	
0.4	5.4	34	970	8	3	257	522320	256	521135	0.00423047	0.00266966	0.003	0.01	2035.68	1783.7	7	9422	
0.4	5.4	40	971	20	3	5	3076	5	3076	0.003	0	0.003	0.003	615.2	563.151	56	1184	
0.4	5.4	52	973	3	3	1	60	1	60	0.01	0	0.01	0.01	60	0	60	60	
0.4	5.4	1	974	16	3	61	216183	61	216183	0.00804918	0.00316452	0.003	0.01	3543.98	3208.06	45	9422	
0.4	5.4	53	975	19	3	40	90265	39	90072	0.00748718	0.00340179	0.003	0.01	2309.54	1885.36	60	9422	
0.4	5.4	34	976	7	3	67	55229	67	55229	0.00571642	0.0034369	0.003	0.01	824.313	730.842	60	3550	
0.4	5.4	52	977	26	3	165	213909	166	216276	0.00523494	0.00408088	0.003	0.017	1302.87	1027.04	20	5324	
0.4	5.4	3	978	12	3	114	323800	114	323800	0.00760526	0.00333556	0.003	0.01	2840.35	2235.22	36	9422	
0.4	5.4	52	980	42	3	4	1894	4	1894	0.00475	0.0035	0.003	0.01	473.5	489.863	60	1184	
0.4	5.4	29	983	8	3	73	231585	73	231585	0.00453425	0.00291587	0.003	0.01	3172.4	1848.77	60	9422	
0.4	5.4	38	984	17	3	120	563939	120	563939	0.003	0	0.003	0.003	4699.49	2826.43	45	9422	
0.4	5.4	19	985	7	3	110	233880	111	235064	0.00905405	0.00359251	0.003	0.017	2117.69	1642.51	60	9422	
0.4	5.4	2	990	38	3	40	106624	40	106624	0.003175	0.0011068	0.003	0.01	2665.6	1690.86	60	6507	
0.4	5.4	20	991	19	3	98	212134	98	212134	0.00792857	0.00321161	0.003	0.01	2164.63	2290.99	45	9422	
0.4	5.4	13	992	7	3	3	180	3	180	0.00533333	0.00404145	0.003	0.01	60	0	60	60	
0.4	5.4	52	993	6	3	3	180	3	180	0.00533333	0.00404145	0.003	0.01	60	0	60	60	
0.4	5.4	40	996	19	3	168	528414	168	528414	0.00470833	0.00301564	0.003	0.01	3145.32	2739.43	45	9422	
0.4	5.4	33	997	11	3	136	522082	136	522082	0.00665441	0.00350952	0.003	0.01	3838.84	2449.04	45	9422	
0.4	5.4	31	998	8	3	2	120	2	120	0.01	0	0.01	0.01	60	0	60	60	
0.4	5.4	37	1000	58	3	2	120	2	120	0.0065	0.00494975	0.003	0.01	60	0	60	60	
0.4	5.4	39	1001	76	3	2	120	2	120	0.0065	0.00494975	0.003	0.01	60	0	60	60	
0.4	5.4	41	1002	23	3	282	384164	280	384828	0.005675	0.00375095	0.003	0.017	1374.39	1210.19	60	8873	
0.4	5.4	33	1003	20	3	44	93031	44	93031	0.00777273	0.00392881	0.003	0.017	2114.34	1460.25	60	6507	
0.4	5.4	34	1004	63	3	308	483692	308	483692	0.00456818	0.00292332	0.003	0.01	1570.43	1260.73	60	8282	
0.4	5.4	37	1006	24	3	2	120	2	120	0.0065	0.00494975	0.003	0.01	60	0	60	60	
0.4	5.4	51	1007	26	3	109	187167	109	187167	0.00730275	0.00403114	0.003	0.017	1717.13	1421.37	60	9422	
0.4	5.4	34	1008	38	3	271	207128	269	204601	0.00492565	0.00381597	0.003	0.024	760.599	1040.4	7	8873	
0.4	5.4	25	1010	1	3	179	588390	179	588390	0.00511173	0.00322191	0.003	0.01	3287.09	2221.86	45	9422	
0.4	5.4	41	1011	15	3	1	60	1	60	0.01	0	0.01	0.01	60	0	60	60	
0.4	5.4	4	1012	5	3	2	120	2	120	0.003	0	0.003	0.003	60	0	60	60	
0.4	5.4	45	1013	5	3	49	132664	49	132664	0.00871428	0.00369121	0.003	0.017	2707.43	1939.39	60	7099	
0.4	5.4	39	1015	68	3	319	304227	319	304227	0.00646708	0.00443663	0.003	0.024	953.69	817.228	13	6882	
0.4	5.4	44	1018	7	3	75	216101	75	216101	0.00776	0.00366812	0.003	0.017	2881.35	1605.98	60	6882	
0.4	5.4	41	1019	88	3	111	132922	111	132922	0.00672072	0.00387104	0.003	0.017	1197.5	1406.01	60	9422	
0.4	5.4	54	1021	8	3	1	60	1	60	0.01	0	0.01	0.01	60	0	60	60	
0.4	5.4	52	1022	7	3	1	60	1	60	0.01	0	0.01	0.01	60	0	60	60	
0.4	5.4	50	1023	17	3	166	425610	167	427385	0.00727545	0.004127	0.003	0.017	2559.19	2066.56	60	9422	
0.4	5.4	36	1024	21	3	32	65815	32	65815	0.00759375	0.00421104	0.003	0.017	2056.72	1535.89	60	7099	
0.4	5.4	12	1025	16	3	1	60	1	60	0.01	0	0.01	0.01	60	0	60	60	
0.4	5.4	54	1026	19	3	94	181333	94	181333	0.00918085	0.0024842	0.003	0.017	1929.07	1317.22	60	9422	
0.4	5.4	3	1027	10	3	110	335621	110	335621	0.00783636	0.00324964	0.003	0.01	3051.1	1982.95	28	9422	
0.4	5.4	42	1028	22	3	151	378396	151	378396	0.00508609	0.00321235	0.003	0.01	2505.93	2268.6	45	9422	
0.4	5.4	17	1030	11	3	3	180	3	180	0.00766667	0.00404145	0.003	0.01	60	0	60	60	
0.4	5.4	6	1031	22	3	63	168174	63	168174	0.003	0	0.003	0.003	2669.43	2303.55	60	9422	
0.4	5.4	40	1033	15	3	134	302905	134	302905	0.00524627	0.00328001	0.003	0.01	2260.49	2017.9	60	9422	
0.4	5.4	37	1034	5	3	173	381954	175	387190	0.00336	0.00155053	0.003	0.01	2212.51	1916.13	21	9422	
0.4	5.4	2	1035	40	3	102	248785	102	248785	0.00533333	0.00331613	0.003	0.01	2439.07	1883.16	60	9422	
0.4	5.4	34	1036	39	3	95	99078	95	99078	0.00447368	0.00286892	0.003	0.01	1042.93	880.94	21	4139	
0.4	5.4	27	1039	4	3	154	507970	154	507970	0.003	0	0.003	0.003	3298.51	2495.49	45	9422	
0.4	5.4	30	1041	17	3	118	359858	118	359858	0.00887288	0.0025838	0.003	0.01	3049.64	1515.48	60	7099	
0.4	5.4	34	1042	16	3	92	96060	92	96060	0.00535869	0.00332682	0.003	0.01	1044.13	839.441	39	5324	
0.4	5.4	36	1043	15	3	272	659738	272	659738	0.00709191	0.00370832	0.003	0.017	2425.51	1931.46	13	9422	
0.4	5.4	36	1044	6	3	3	1892	3	1892	0.003	0	0.003	0.003	630.667	562.2	60	1184	
0.4	5.4	35	1045	16	3	127	359291	127	359291	0.00768504	0.00364213	0.003	0.017	2829.06	2503.92	45	9422	
0.4	5.4	3	1046	14	3	105	404206	105	404206	0.003	0	0.003	0.003	3849.58	2113.72	60	9422	
0.4	5.4	49	1051	11	3	1	60	1	60	0.01	0	0.01	0.01	60	0	60	60	
0.4	5.4	37	1053	77	3	177	211041	177	211041	0.00564972	0.00340478	0.003	0.01	1192.32	838.84	60	4733	
0.4	5.4	18	1056	13	3	112	426120	112	426120	0.00875	0.002693	0.003	0.01	3804.64	2476.22	45	9422	
0.4	5.4	33	1058	4	3	123	210781	123	210781	0.00493496	0.0031434	0.003	0.01	1713.67	1833.02	60	9422	
0.4	5.4	6	1063	4	3	84	151039	84	151039	0.00766667	0.00365808	0.003	0.017	1798.08	1751.19	60	9422	
0.4	5.4	2	1066	13	3	3	180	3	180	0.00533333	0.00404145	0.003	0.01	60	0	60	60	
0.4	5.4	30	1067	8	3	116	408106	116	408106	0.00855172	0.00284787	0.003	0.01	3518.16	2645.28	60	9422	
0.4	5.4	12	1068	10	3	100	294784	100	294784	0.00762	0.00333267	0.003	0.01	2947.84	1792.42	60	8873	
0.4	5.4	14	1069	2	3	84	184736	84	184736	0.007	0.00348491	0.003	0.01	2199.24	2441.1	60	9422	
0.4	5.4	34	1071	5	3	1	60	1	60	0.01	0	0.01	0.01	60	0	60	60	
0.4	5.4	14	1072	12	3	3	180	3	180	0.00533333	0.00404145	0.003	0.01	60	0	60	60	
0.4	5.4	47	1074	18	3	129	418792	128	417017	0.00458594	0.00294176	0.003	0.01	3257.95	2583.28	60	9422	
0.4	5.4	52	1075	41	3	339	352750	339	352750	0.00580826	0.00439827	0.003	0.017	1040.56	894.395	5	4953	
0.4	5.4	52	1076	39	3	383	681219	383	681219	0.00462663	0.0029603	0.003	0.01	1778.64	1473.64	60	9422	
0.4	5.4	3	1077	6	3	98	207243	98	207243	0.00821428	0.00322762	0.003	0.017	2114.72	1619.13	26	9422	
0.4	5.4	50	1078	3	3	81	173525	81	173525	0.00723457	0.00361688	0.003	0.017	2142.28	1810.09	60	9422	
0.4	5.4	41	1079	27	3	28	11989	28	11989	0.004	0.00249444	0.003	0.01	428.179	345.113	60	1775	
0.4	5.4	21	1080	23	3	2	120	2	120	0.003	0	0.003	0.003	60	0	60	60	
0.4	5.4	55	1082	30	3	162	276579	162	276579	0.00662963	0.00456409	0.003	0.024	1707.28	2155.82	26	9422	
0.4	5.4	5	1083	17	3	102	378298	102	378298	0.003	0	0.003	0.003	3708.8	2259.09	60	8873	
0.4	5.4	22	1084	11	3	139	326285	139	326285	0.00874101	0.0036002	0.003	0.017	2347.37	2089.94	60	9422	
0.4	5.4	27	1085	7	3	6	6034	6	6034	0.00883333	0.00285774	0.003	0.01	1005.67	694.101	60	1775	
0.4	5.4	48	1086	3	3	66	207327	66	207327	0.00671212	0.00352034	0.003	0.01	3141.32	2155.69	60	9422	
0.4	5.4	29	1088	13	3	99	203809	100	204993	0.00678	0.00377814	0.003	0.017	2049.93	1723.64	60	9422	
0.4	5.4	27	1089	11	3	115	401507	115	401507	0.003	0	0.003	0.003	3491.37	2090.18	60	9422	
0.4	5.4	52	1090	28	3	249	228298	249	228298	0.00597992	0.00399743	0.003	0.017	916.859	942.702	45	5861	
0.4	5.4	26	1091	9	3	43	111947	43	111947	0.00869767	0.00275625	0.003	0.01	2603.42	2447.03	13	9422	
0.4	5.4	37	1092	32	3	1	60	1	60	0.01	0	0.01	0.01	60	0	60	60	
0.4	5.4	52	1096	11	3	188	430517	188	430517	0.003	0	0.003	0.003	2289.98	2102.54	18	9422	
0.4	5.4	24	1101	19	3	29	76454	29	76454	0.00589655	0.00350861	0.003	0.01	2636.34	2160.2	60	9422	
0.4	5.4	6	1102	6	3	102	250530	102	250530	0.00320588	0.00118854	0.003	0.01	2456.18	1978.71	60	9422	
0.4	5.4	12	1103	23	3	106	316094	106	316094	0.00749057	0.00337285	0.003	0.01	2982.02	1999.4	60	9422	
0.4	5.4	17	1108	12	3	76	143325	76	143325	0.00907895	0.00264204	0.003	0.017	1885.86	1849.38	60	9422	
0.4	5.4	8	1109	17	3	8	13725	8	13725	0.007375	0.00362284	0.003	0.01	1715.62	1139.08	60	3550	
0.4	5.4	42	1111	25	3	41	74700	41	74700	0.00573171	0.00345705	0.003	0.01	1821.95	1627.68	60	7099	
0.4	5.4	24	1112	21	3	35	91241	35	91241	0.0066	0.00354965	0.003	0.01	2606.89	2079.93	60	9422	
0.4	5.4	55	1113	17	3	85	90146	85	90146	0.00604706	0.00349117	0.003	0.01	1060.54	853.926	60	4395	
0.4	5.4	41	1114	62	3	199	415769	199	415769	0.00465327	0.00298064	0.003	0.01	2089.29	1817.66	60	9422	
0.4	5.4	13	1115	5	3	55	145315	55	145315	0.00325454	0.00132243	0.003	0.01	2642.09	2054.98	45	9422	
0.4	5.4	35	1116	7	3	124	517858	123	516674	0.003	0	0.003	0.003	4200.6	2760.09	45	9422	
0.4	5.4	2	1117	2	3	46	125564	46	125564	0.00452174	0.0029192	0.003	0.01	2729.65	2020.97	60	8873	
0.4	5.4	11	1120	17	3	121	320267	121	320267	0.00797521	0.00355073	0.003	0.017	2646.83	1857.01	45	9422	
0.4	5.4	39	1121	9	3	2	120	2	120	0.01	0.00989949	0.003	0.017	60	0	60	60	
0.4	5.4	52	1124	61	3	402	481831	402	481831	0.00557711	0.00338034	0.003	0.01	1198.58	1091.27	58	9422	
0.4	5.4	8	1125	8	3	138	535678	138	535678	0.003	0	0.003	0.003	3881.72	2216.58	60	9422	
0.4	5.4	16	1126	7	3	89	209739	89	209739	0.00653932	0.00351961	0.003	0.01	2356.62	2009.82	60	8873	
0.4	5.4	41	1127	10	3	5	300	5	300	0.0086	0.0031305	0.003	0.01	60	0	60	60	
0.4	5.4	44	1129	12	3	61	141557	62	141897	0.00853226	0.00361562	0.003	0.017	2288.66	1849.41	36	7690	
0.4	5.4	30	1131	14	3	111	391899	113	396041	0.00925664	0.00235955	0.003	0.017	3504.79	2243	60	9422	
0.4	5.4	19	1132	11	3	73	127968	73	127968	0.00731507	0.00342733	0.003	0.01	1752.99	1299.53	60	7099	
0.4	5.4	39	1133	65	3	110	248691	110	248691	0.00401818	0.0024792	0.003	0.01	2260.83	1626.52	20	6507	
0.4	5.4	9	1135	9	3	118	446213	118	446213	0.00827966	0.00302662	0.003	0.01	3781.47	2642.95	45	9422	
0.4	5.4	33	1137	12	3	84	236815	84	238589	0.0065	0.00352102	0.003	0.01	2840.35	2120.79	45	9422	
0.4	5.4	31	1138	9	3	1	60	1	60	0.01	0	0.01	0.01	60	0	60	60	
0.4	5.4	35	1141	21	3	161	464751	161	464751	0.00769565	0.00348038	0.003	0.017	2886.65	2245.09	36	9422	
0.4	5.4	45	1143	17	3	69	204253	69	204253	0.00807246	0.00314978	0.003	0.01	2960.19	2439.35	60	9422	
0.4	5.4	35	1147	10	3	87	174820	87	174820	0.00726437	0.00343532	0.003	0.01	2009.43	1693.99	60	9422	
0.4	5.4	41	1148	65	3	199	278507	199	278507	0.00588442	0.00359457	0.003	0.017	1399.53	1411.26	17	9422	
0.4	5.4	35	1149	3	3	108	353351	108	353351	0.00617592	0.00350121	0.003	0.01	3271.77	2264.75	60	9422	
0.4	5.4	39	1151	63	3	268	489751	268	489751	0.00576866	0.00348225	0.003	0.017	1827.43	1752.45	60	9422	
0.4	5.4	39	1153	70	3	5	300	5	300	0.0086	0.0031305	0.003	0.01	60	0	60	60	
0.4	5.4	52	1154	59	3	85	118557	85	118557	0.00497647	0.00334869	0.003	0.017	1394.79	944.205	60	4395	
0.4	5.4	11	1156	12	3	65	95420	65	95420	0.00816923	0.00376899	0.003	0.017	1468	982.305	60	4141	
0.4	5.4	44	1157	11	3	23	45091	23	45091	0.00726087	0.00349308	0.003	0.01	1960.48	1461.91	60	5324	
0.4	5.4	34	1158	15	3	179	245299	179	245299	0.00503352	0.00374301	0.003	0.017	1370.39	1547.94	4	8282	
0.4	5.4	12	1161	13	3	32	46308	32	46308	0.0060625	0.00433245	0.003	0.017	1447.12	1183.02	13	4395	
0.4	5.4	29	1162	16	3	228	624145	228	624145	0.00708333	0.00375776	0.003	0.017	2737.48	2213.03	18	9422	
0.4	5.4	54	1164	11	3	67	193021	67	193021	0.00320895	0.00120022	0.003	0.01	2880.91	1810.71	60	9422	
0.4	5.4	18	1166	15	3	60	161307	60	161307	0.00836667	0.00349802	0.003	0.017	2688.45	2261.27	45	9422	
0.4	5.4	41	1168	1	3	1	60	1	60	0.01	0	0.01	0.01	60	0	60	60	
0.4	5.4	27	1170	12	3	108	307201	108	307201	0.00656481	0.00351571	0.003	0.01	2844.45	2570.61	45	9422	
0.4	5.4	42	1171	10	3	43	58846	43	58846	0.00511628	0.00325291	0.003	0.01	1368.51	946.964	60	3550	
0.4	5.4	18	1172	5	3	78	268722	78	268722	0.00820513	0.00307634	0.003	0.01	3445.15	2557.52	36	9422	
0.4	5.4	51	1173	2	3	44	116919	44	116919	0.00315909	0.00105529	0.003	0.01	2657.25	1799.23	60	7099	
0.4	5.4	47	1174	13	3	102	203812	102	203812	0.00629412	0.00351119	0.003	0.01	1998.16	2204.44	57	9422	
0.4	5.4	34	1175	64	3	256	234278	256	234278	0.00543359	0.00401901	0.003	0.024	915.148	1476.87	3	9422	
0.4	5.4	17	1177	16	3	59	192427	59	192427	0.003	0	0.003	0.003	3261.47	2441.95	60	9422	
0.4	5.4	55	1178	25	3	211	230564	210	229085	0.00733333	0.00452989	0.003	0.024	1090.88	1034.08	36	5861	
0.4	5.4	52	1179	21	3	72	78866	72	78866	0.00630555	0.0040651	0.003	0.017	1095.36	640.113	4	2958	
0.4	5.4	33	1181	9	3	161	508606	161	508606	0.003	0	0.003	0.003	3159.04	2564.62	45	9422	
0.4	5.4	52	1182	24	3	246	294054	246	294054	0.00521951	0.00326399	0.003	0.01	1195.34	1116.62	43	9422	
0.4	5.4	55	1184	2	3	61	82035	61	82035	0.00667213	0.00352478	0.003	0.01	1344.84	1201.31	60	5324	
0.4	5.4	55	1186	34	3	129	123410	129	123410	0.0059845	0.00408309	0.003	0.017	956.667	825.916	60	5861	
0.4	5.4	50	1187	7	3	112	316687	112	316687	0.0083125	0.00328807	0.003	0.017	2827.56	1693.54	37	9422	
0.4	5.4	51	1188	22	3	123	290685	123	290685	0.00834959	0.00370419	0.003	0.017	2363.29	2047.12	26	9422	
0.4	5.4	21	1189	15	3	146	266095	147	267870	0.00752381	0.00382553	0.003	0.017	1822.24	1524.03	60	9422	
0.4	5.4	47	1190	5	3	80	208640	80	208640	0.0051875	0.00326506	0.003	0.01	2608	2009.61	60	9422	
0.4	5.4	17	1192	15	3	33	104253	33	104253	0.003	0	0.003	0.003	3159.18	1831.25	60	7099	
0.4	5.4	39	1193	89	3	122	104367	122	104367	0.00581147	0.00399034	0.003	0.017	855.467	729.566	60	5312	
0.4	5.4	2	1195	36	3	128	152386	128	152386	0.0065	0.00447917	0.003	0.017	1190.52	1013.34	24	5324	
0.4	5.4	29	1197	18	3	83	261664	82	252791	0.003	0	0.003	0.003	3082.82	2471.49	60	9422	
0.4	5.4	48	1198	12	3	68	280542	69	281134	0.00715942	0.0034625	0.003	0.01	4074.41	2546.39	60	9422	
0.4	5.4	17	1201	20	3	54	213695	54	213695	0.003	0	0.003	0.003	3957.31	2431.35	60	9422	
0.4	5.4	6	1202	5	3	2	120	2	120	0.01	0	0.01	0.01	60	0	60	60	
0.4	5.4	13	1204	4	3	46	188257	46	188257	0.003	0	0.003	0.003	4092.54	2351.53	60	9422	
0.4	5.4	39	1205	37	3	11	13729	11	13729	0.003	0	0.003	0.003	1248.09	1027.09	60	3550	
0.4	5.4	11	1206	21	3	147	587539	147	587539	0.003	0	0.003	0.003	3996.86	2400.43	45	9422	
0.4	5.4	30	1208	16	3	41	77044	41	77044	0.00965854	0.00268896	0.003	0.017	1879.12	1193.57	60	4733	
0.4	5.4	57	1209	4	3	4	3667	4	3667	0.003	0	0.003	0.003	916.75	733.545	60	1775	
0.4	5.4	12	1210	14	3	40	126149	40	126149	0.00545	0.00338132	0.003	0.01	3153.72	2547.41	60	9422	
0.4	5.4	51	1213	16	3	104	215519	104	215519	0.00461538	0.00326888	0.003	0.017	2072.3	2047.61	45	9422	
0.4	5.4	48	1214	5	3	79	296649	79	296649	0.00574683	0.00343984	0.003	0.01	3755.05	2615.91	45	9422	
0.4	5.4	12	1215	20	3	85	334974	85	334974	0.00925882	0.00216659	0.003	0.01	3940.87	2389.06	60	9422	
0.4	5.4	27	1216	21	3	45	88356	45	88356	0.00657778	0.00384051	0.003	0.017	1963.47	1971.95	13	9422	
0.4	5.4	23	1217	7	3	68	209581	68	209581	0.00310294	0.000848875	0.003	0.01	3082.07	3242.28	60	9422	
0.4	5.4	39	1219	47	3	3	180	3	180	0.00533333	0.00404145	0.003	0.01	60	0	60	60	
0.4	5.4	51	1221	18	3	25	48645	25	48645	0.0044	0.00285774	0.003	0.01	1945.8	1330.94	60	5324	
0.4	5.4	1	1222	18	3	1	60	1	60	0.003	0	0.003	0.003	60	0	60	60	
0.4	5.4	47	1223	15	3	22	56329	22	56329	0.003	0	0.003	0.003	2560.41	2764.72	45	9422	
0.4	5.4	37	1224	3	3	1	60	1	60	0.01	0	0.01	0.01	60	0	60	60	
0.4	5.4	44	1225	18	3	106	336772	106	336772	0.003	0	0.003	0.003	3177.09	2197.52	60	9422	
0.4	5.4	2	1226	14	3	87	188308	87	188308	0.00565517	0.0035791	0.003	0.017	2164.46	1515.16	60	7099	
0.4	5.4	41	1228	30	3	4	240	4	240	0.003	0	0.003	0.003	60	0	60	60	
0.4	5.4	19	1229	5	3	31	85325	31	80001	0.00841935	0.00348113	0.003	0.017	2580.68	2449.7	60	9422	
0.4	5.4	26	1231	1	3	137	534604	137	534604	0.00816058	0.00309229	0.003	0.01	3902.22	3081.39	45	9422	
0.4	5.4	46	1232	8	3	171	468773	171	468773	0.00754386	0.00351837	0.003	0.017	2741.36	2095.15	8	9422	
0.4	5.4	42	1234	21	3	2	120	2	120	0.0065	0.00494975	0.003	0.01	60	0	60	60	
0.4	5.4	31	1235	2	3	1	60	1	60	0.01	0	0.01	0.01	60	0	60	60	
0.4	5.4	49	1236	8	3	50	136799	50	136799	0.00734	0.0034322	0.003	0.01	2735.98	1608.57	60	5916	
0.4	5.4	46	1237	13	3	122	388752	123	389963	0.00692683	0.00360139	0.003	0.017	3170.43	2591.33	45	9422	
0.4	5.4	46	1239	2	3	78	183568	79	184159	0.0088481	0.00440305	0.003	0.017	2331.13	1852.56	60	9422	
0.4	5.4	6	1240	15	3	51	100743	51	100743	0.00739216	0.00369366	0.003	0.017	1975.35	1799.05	60	7876	
0.4	5.4	50	1242	9	3	149	434580	149	434580	0.0039396	0.00252883	0.003	0.017	2916.64	2121.75	60	9422	
0.4	5.4	37	1244	2	3	84	125145	84	125145	0.0055	0.00337425	0.003	0.01	1489.82	1342.09	60	7690	
0.4	5.4	6	1247	9	3	13	14320	12	12545	0.01	0	0.01	0.01	1045.42	557.547	60	1775	
0.4	5.4	16	1248	3	3	155	549248	156	554572	0.0079359	0.00348579	0.003	0.017	3554.95	2809.83	45	9422	
0.4	5.4	3	1249	13	3	11	14856	11	14856	0.00681818	0.00481286	0.003	0.017	1350.55	693.273	60	2367	
0.4	5.4	56	1250	3	3	27	93003	27	93003	0.00481481	0.00312603	0.003	0.01	3444.56	2557.43	60	9422	
0.4	5.4	29	1251	5	3	107	362366	107	362366	0.00659813	0.00351509	0.003	0.01	3386.6	2464.38	60	9422	
0.4	5.4	41	1254	72	3	81	83705	81	83705	0.00585185	0.00410826	0.003	0.017	1033.4	1205.66	60	7690	
0.4	5.4	34	1256	44	3	118	106781	117	105597	0.00509402	0.0037069	0.003	0.017	902.538	761.972	3	3822	
0.4	5.4	40	1257	14	3	44	77073	44	77073	0.00459091	0.00296741	0.003	0.01	1751.66	1144.5	60	4733	
0.4	5.4	5	1259	14	3	137	554382	137	554382	0.0049927	0.0031704	0.003	0.01	4046.58	2851.43	13	9422	
0.4	5.4	51	1260	5	3	37	84150	37	84150	0.00583784	0.0034842	0.003	0.01	2274.32	2344.44	45	9422	
0.4	5.4	38	1261	8	3	50	117281	50	117281	0.0086	0.00282843	0.003	0.01	2345.62	2254.96	28	9422	
0.4	5.4	38	1262	7	3	122	442320	122	442320	0.00311475	0.000892547	0.003	0.01	3625.57	2534.23	45	9422	
0.4	5.4	42	1263	18	3	85	165382	86	166314	0.00617442	0.00350526	0.003	0.01	1933.88	1473.55	60	7099	
0.4	5.4	41	1264	2	3	47	36515	42	34398	0.005	0.00355445	0.003	0.017	819	593.495	60	2481	
0.4	5.4	43	1266	4	3	79	275245	79	275245	0.00486076	0.00311215	0.003	0.01	3484.11	2404.91	60	9422	
0.4	5.4	13	1268	22	3	41	130289	41	130289	0.00487805	0.00314002	0.003	0.01	3177.78	2487.43	60	9422	
0.4	5.4	26	1269	12	3	98	360431	98	360431	0.00657143	0.00351726	0.003	0.01	3677.87	2348.48	45	9422	
0.4	5.4	5	1270	7	3	128	481232	128	481232	0.00442187	0.00282734	0.003	0.01	3759.62	2357.81	60	9422	
0.4	5.4	45	1271	11	3	2	120	2	120	0.003	0	0.003	0.003	60	0	60	60	
0.4	5.4	52	1272	29	3	110	89762	110	89762	0.00522727	0.00327532	0.003	0.01	816.018	682.604	6	4395	
0.4	5.4	8	1274	2	3	165	666534	165	666534	0.003	0	0.003	0.003	4039.6	2943.14	45	9422	
0.4	5.4	40	1275	2	3	121	242399	120	241215	0.00620833	0.00350245	0.003	0.01	2010.12	1597.79	60	7690	
0.4	5.4	38	1276	3	3	131	493077	131	493077	0.00609924	0.00349033	0.003	0.01	3763.95	2727.02	45	9422	
0.4	5.4	12	1277	7	3	68	181306	68	181306	0.00722059	0.00345048	0.003	0.01	2666.26	2134.8	60	9422	
0.4	5.4	41	1278	21	3	201	260250	201	260250	0.00679602	0.00383056	0.003	0.017	1294.78	1070.57	60	6423	
0.4	5.4	52	1283	18	3	3	180	3	180	0.003	0	0.003	0.003	60	0	60	60	
0.4	5.4	22	1286	16	3	69	260548	69	260548	0.00533333	0.00332401	0.003	0.01	3776.06	2358.26	60	9422	
0.4	5.4	56	1288	12	3	137	418563	137	418563	0.00841606	0.0030598	0.003	0.017	3055.2	2418.55	45	9422	
0.4	5.4	9	1291	8	3	92	401938	92	401938	0.0058913	0.00346555	0.003	0.01	4368.89	2662.81	45	9422	
0.4	5.4	52	1292	8	3	143	288921	143	288921	0.003	0	0.003	0.003	2020.43	1706.09	60	9422	
0.4	5.4	55	1293	12	3	3	180	3	180	0.00766667	0.00404145	0.003	0.01	60	0	60	60	
0.4	5.4	19	1294	19	3	75	172901	75	172901	0.00729333	0.00343186	0.003	0.01	2305.35	1310.93	60	5324	
0.4	5.4	23	1296	17	3	39	72319	39	72319	0.00874359	0.00272143	0.003	0.01	1854.33	1527.06	60	7099	
0.4	5.4	39	1297	5	3	3	180	3	180	0.01	0	0.01	0.01	60	0	60	60	
0.4	5.4	27	1298	1	3	33	51602	33	51602	0.003	0	0.003	0.003	1563.7	762.962	60	2958	
0.4	5.4	21	1299	3	3	42	86518	42	86518	0.00666667	0.00353841	0.003	0.01	2059.95	1506.6	60	6507	
0.4	5.4	54	1300	17	3	73	206737	73	206737	0.00865753	0.00301026	0.003	0.017	2832.01	2495.3	60	9422	
0.4	5.4	28	1301	11	3	99	448688	99	448688	0.00858586	0.00299663	0.003	0.017	4532.2	2566.59	60	9422	
0.4	5.4	52	1303	19	3	16	9234	16	9234	0.005625	0.0035	0.003	0.01	577.125	513.302	60	1775	
0.4	5.4	42	1305	11	3	180	173754	180	173754	0.00669444	0.00414823	0.003	0.024	965.3	855.411	13	6416	
0.4	5.4	48	1306	11	3	48	117397	48	117397	0.0078125	0.00327892	0.003	0.01	2445.77	2216.11	60	9422	
0.4	5.4	34	1307	14	3	2	116	2	116	0.01	0	0.01	0.01	58	2.82843	56	60	
0.4	5.4	46	1309	14	3	205	713813	205	713813	0.00422927	0.00266993	0.003	0.01	3482.01	2530.21	45	9422	
0.4	5.4	2	1311	25	3	15	37507	15	37507	0.0044	0.00289828	0.003	0.01	2500.47	2186.78	56	7099	
0.4	5.4	39	1312	31	3	10	9002	10	9002	0.0051	0.00338132	0.003	0.01	900.2	450.257	60	1775	
0.4	5.4	16	1314	15	3	110	395364	110	395364	0.00586364	0.00345741	0.003	0.01	3594.22	2537.83	34	9422	
0.4	5.4	21	1315	6	3	28	56330	28	56330	0.003	0	0.003	0.003	2011.79	1231.77	60	5324	
0.4	5.4	49	1316	17	3	2	708	2	708	0.01	0	0.01	0.01	354	415.779	60	648	
0.4	5.4	41	1317	34	3	3	180	3	180	0.00766667	0.00404145	0.003	0.01	60	0	60	60	
0.4	5.4	53	1318	12	3	114	397368	114	397368	0.00895614	0.00267201	0.003	0.017	3485.68	2603.54	45	9422	
0.4	5.4	11	1319	7	3	79	212079	79	212079	0.00787342	0.00323984	0.003	0.01	2684.54	2447.15	45	9422	
0.4	5.4	27	1320	13	3	115	481123	115	481123	0.00610435	0.00349278	0.003	0.01	4183.68	2670.49	60	9422	
0.4	5.4	48	1321	9	3	110	410132	109	408357	0.00897248	0.00248871	0.003	0.01	3746.39	2238.91	45	9422	
0.4	5.4	15	1323	12	3	149	700713	149	700713	0.003	0	0.003	0.003	4702.77	2746.52	45	9422	
0.4	5.4	41	1324	68	3	279	274493	276	273490	0.00561232	0.00369349	0.003	0.017	990.906	1049.31	15	9422	
0.4	5.4	50	1325	14	3	72	200714	72	200714	0.00426389	0.00271144	0.003	0.01	2787.69	2268.52	60	9422	
0.4	5.4	32	1326	3	3	11	12545	11	12545	0.00809091	0.0032697	0.003	0.01	1140.45	657.936	60	2367	
0.4	5.4	51	1328	10	3	62	115523	62	115523	0.0066129	0.00352674	0.003	0.01	1863.27	1645.58	60	8030	
0.4	5.4	39	1330	49	3	24	21560	24	21560	0.00679167	0.00545319	0.003	0.017	898.333	664.595	9	2465	
0.4	5.4	8	1332	11	3	105	486903	105	486903	0.004	0.00246124	0.003	0.01	4637.17	2562.78	219	9422	
0.4	5.4	39	1333	59	3	45	43358	45	43358	0.00564444	0.0045485	0.003	0.017	963.511	675.648	60	2961	
0.4	5.4	7	1334	2	3	85	203803	85	203803	0.00761176	0.00350881	0.003	0.017	2397.68	2115.35	45	9422	
0.4	5.4	57	1335	3	3	90	323275	90	323275	0.0072	0.0034485	0.003	0.01	3591.94	2331.14	45	9422	
0.4	5.4	30	1336	3	3	71	210872	71	210872	0.00950704	0.00180375	0.003	0.01	2970.03	2249.43	36	9422	
0.4	5.4	54	1338	6	3	20	51591	20	51591	0.00825	0.00310983	0.003	0.01	2579.55	1221.81	60	4733	
0.4	5.4	49	1339	4	3	16	19055	16	19055	0.003	0	0.003	0.003	1190.94	849.269	60	3550	
0.4	5.4	34	1344	23	3	5	1896	5	1896	0.0044	0.0031305	0.003	0.01	379.2	235.857	60	648	
0.4	5.4	28	1348	10	3	5	5442	5	5442	0.0086	0.0031305	0.003	0.01	1088.4	742.216	60	1775	
0.4	5.4	13	1349	12	3	109	452721	109	452721	0.00569725	0.00342243	0.003	0.01	4153.4	2862.77	45	9422	
0.4	5.4	16	1350	10	3	60	108548	60	108548	0.00755	0.0036052	0.003	0.017	1809.13	1992.43	7	9422	
0.4	5.4	37	1351	8	3	1	60	1	60	0.01	0	0.01	0.01	60	0	60	60	
0.4	5.4	30	1352	12	3	7	14316	7	14316	0.005	0.00341565	0.003	0.01	2045.14	1816.4	60	5324	
0.4	5.4	13	1355	26	3	24	46271	24	46271	0.0065	0.00357528	0.003	0.01	1927.96	1745.93	60	7099	
0.4	5.4	41	1358	69	3	178	123929	176	123219	0.00538636	0.0035711	0.003	0.017	700.108	448.777	24	2367	
0.4	5.4	32	1359	7	3	1	60	1	60	0.01	0	0.01	0.01	60	0	60	60	
0.4	5.4	47	1360	6	3	3	1892	3	1892	0.00766667	0.00404145	0.003	0.01	630.667	562.2	60	1184	
0.4	5.4	49	1362	19	3	2	120	2	120	0.01	0	0.01	0.01	60	0	60	60	
0.4	5.4	3	1363	16	3	89	259397	89	259397	0.003	0	0.003	0.003	2914.57	2462.45	60	9422	
0.4	5.4	39	1365	30	3	1	60	1	60	0.003	0	0.003	0.003	60	0	60	60	
0.4	5.4	37	1367	14	3	3	180	3	180	0.00766667	0.00404145	0.003	0.01	60	0	60	60	
0.4	5.4	7	1368	9	3	13	21424	13	21424	0.00946154	0.00194145	0.003	0.01	1648	730.53	60	2961	
0.4	5.4	34	1369	42	3	109	129021	109	130423	0.00537615	0.00332997	0.003	0.01	1196.54	1098.24	38	5916	
0.4	5.4	52	1370	25	3	1	60	1	60	0.003	0	0.003	0.003	60	0	60	60	
0.4	5.4	28	1371	7	3	2	120	2	120	0.0065	0.00494975	0.003	0.01	60	0	60	60	
0.4	5.4	10	1372	6	3	1	60	1	60	0.01	0	0.01	0.01	60	0	60	60	
0.4	5.4	17	1373	14	3	61	122601	61	122601	0.00598361	0.00349042	0.003	0.01	2009.85	2310.29	60	9422	
0.4	5.4	41	1375	29	3	212	346008	212	346008	0.00441981	0.00282141	0.003	0.01	1632.11	1218.59	26	5861	
0.4	5.4	53	1376	22	3	82	233274	82	237032	0.00632927	0.00351735	0.003	0.01	2890.63	2051.2	60	9422	
0.4	5.4	16	1378	4	3	66	123814	65	120856	0.00709231	0.00347636	0.003	0.01	1859.32	1438.03	10	7690	
0.4	5.4	55	1379	15	3	135	317906	135	317906	0.00626667	0.00350522	0.003	0.01	2354.86	1844.62	7	9422	
0.4	5.4	41	1380	82	3	106	130405	106	130405	0.00557547	0.00352663	0.003	0.017	1230.24	901.246	17	4395	
0.4	5.4	44	1381	2	3	49	90659	49	90659	0.00728571	0.00344601	0.003	0.01	1850.18	1815.72	45	9422	
0.4	5.4	39	1382	2	3	166	246494	165	245902	0.00575757	0.00343076	0.003	0.01	1490.32	968.392	60	4733	
0.4	5.4	31	1384	16	3	104	372504	104	372504	0.00757692	0.00334633	0.003	0.01	3581.77	2767.56	45	9422	
0.4	5.4	52	1385	16	3	49	40395	49	40395	0.00557143	0.00340955	0.003	0.01	824.388	546.739	8	1980	
0.4	5.4	39	1388	15	3	2	120	2	120	0.0065	0.00494975	0.003	0.01	60	0	60	60	
0.4	5.4	42	1392	7	3	49	112556	49	112556	0.007	0.0035	0.003	0.01	2297.06	2117.61	60	9422	
0.4	5.4	12	1394	15	3	89	192139	89	192139	0.00826966	0.00321489	0.003	0.017	2158.87	2088.06	60	9422	
0.4	5.4	17	1397	1	3	39	72910	39	72910	0.00910256	0.00286352	0.003	0.017	1869.49	1385.5	60	5324	
0.4	5.4	3	1398	5	3	57	176438	57	176438	0.00668421	0.00352622	0.003	0.01	3095.4	2419.76	60	9422	
0.4	5.4	23	1399	13	3	120	343321	120	343321	0.00696667	0.00348329	0.003	0.01	2861.01	2096.35	36	9422	
0.4	5.4	44	1401	23	3	1	60	1	60	0.003	0	0.003	0.003	60	0	60	60	
0.4	5.4	19	1402	20	3	151	520811	152	522895	0.00765131	0.00359775	0.003	0.017	3440.1	2819.85	45	9422	
0.4	5.4	6	1403	17	3	118	364834	118	364834	0.003	0	0.003	0.003	3091.81	2450.15	60	9422	
0.4	5.4	23	1405	3	3	166	557118	165	554751	0.00724242	0.00384161	0.003	0.017	3362.13	2808.32	45	9422	
0.4	5.4	23	1406	1	3	61	187211	61	187211	0.00667213	0.00352478	0.003	0.01	3069.03	2747.93	57	9422	
0.4	5.4	6	1409	7	3	107	252337	106	251745	0.00834906	0.00313822	0.003	0.017	2374.95	2158.48	60	9422	
0.4	5.4	1	1410	19	3	52	191823	52	191823	0.00690385	0.00351054	0.003	0.01	3688.9	2766.15	45	9422	
0.4	5.4	21	1412	2	3	2	120	2	120	0.003	0	0.003	0.003	60	0	60	60	
0.4	5.4	5	1413	10	3	36	95375	36	95375	0.00922222	0.00223109	0.003	0.01	2649.31	1270.36	60	5324	
0.4	5.4	10	1416	2	3	2	120	2	120	0.0065	0.00494975	0.003	0.01	60	0	60	60	
0.4	5.4	40	1417	18	3	132	151169	132	151169	0.00559848	0.00371064	0.003	0.017	1145.22	935.419	60	4904	
0.4	5.4	34	1418	47	3	134	193708	134	193708	0.00456716	0.00292885	0.003	0.01	1445.58	1028.23	60	4395	
0.4	5.4	34	1419	1	3	2	120	2	120	0.0065	0.00494975	0.003	0.01	60	0	60	60	
0.4	5.4	35	1420	4	3	20	27930	20	27930	0.00755	0.00342552	0.003	0.01	1396.5	1212.73	60	5324	
0.4	5.4	15	1421	2	3	3	1892	3	1892	0.01	0	0.01	0.01	630.667	562.2	60	1184	
0.4	5.4	57	1422	1	3	93	363504	93	363504	0.00427957	0.00272016	0.003	0.01	3908.65	2589.82	10	9422	
0.4	5.4	34	1424	30	3	148	142888	148	142888	0.00564865	0.0035968	0.003	0.017	965.459	981.229	24	5861	
0.4	5.4	8	1425	5	3	113	394171	113	394171	0.00628318	0.00350884	0.003	0.01	3488.24	2297.36	45	9422	
