% start	end	CellId	IMSI	RNTI	LCID	nTxPDUs	TxBytes	nRxPDUs	RxBytes	delay	stdDev	min	max	PduSize	stdDev	min	max
0.4	5.4	45	2	9	3	1	60	1	60	0.01	0	0.01	0.01	60	0	60	60	
0.4	5.4	37	6	25	3	145	101499	145	101499	0.00536552	0.00352139	0.003	0.017	699.993	585.838	10	5105	
0.4	5.4	53	9	6	3	173	460175	173	460175	0.00732948	0.00402335	0.003	0.017	2659.97	2019.36	45	9422	
0.4	5.4	36	10	2	3	41	135604	41	135604	0.003	0	0.003	0.003	3307.41	2217.02	60	9422	
0.4	5.4	4	11	5	3	124	377729	124	377729	0.00452419	0.00303493	0.003	0.017	3046.2	1748.74	60	9422	
0.4	5.4	39	13	75	3	355	381799	355	381799	0.00574084	0.0034215	0.003	0.01	1075.49	875.246	21	6507	
0.4	5.4	43	14	23	3	42	111962	42	111962	0.003	0	0.003	0.003	2665.76	2031.58	60	9422	
0.4	5.4	41	15	42	3	51	51044	51	51044	0.00656863	0.00405095	0.003	0.017	1000.86	579.087	60	3182	
0.4	5.4	45	17	1	3	177	590816	177	590816	0.003	0	0.003	0.003	3337.94	2983.9	45	9422	
0.4	5.4	57	18	2	3	192	627494	192	627494	0.00423958	0.00267916	0.003	0.01	3268.2	2407.39	43	9422	
0.4	5.4	41	19	6	3	1	60	1	60	0.003	0	0.003	0.003	60	0	60	60	
0.4	5.4	15	20	19	3	40	130876	40	130876	0.005975	0.00350448	0.003	0.01	3271.9	2190.02	60	8282	
0.4	5.4	45	21	15	3	97	105906	97	105906	0.00668041	0.0039252	0.003	0.017	1091.81	1128.93	30	6882	
0.4	5.4	39	22	46	3	333	371789	333	371789	0.00577477	0.00367838	0.003	0.017	1116.48	888.951	43	6164	
0.4	5.4	20	25	13	3	110	407782	109	403049	0.00691743	0.00349107	0.003	0.01	3697.7	2435.08	60	9422	
0.4	5.4	10	26	4	3	40	163407	40	163407	0.00405	0.00253134	0.003	0.01	4085.18	2756.22	60	9422	
0.4	5.4	22	27	3	3	39	107806	39	107806	0.00820513	0.00348817	0.003	0.017	2764.26	2663.53	60	9422	
0.4	5.4	21	28	32	3	271	530508	271	530508	0.00622878	0.00411583	0.003	0.017	1957.59	1649.19	24	9422	
0.4	5.4	50	31	4	3	143	243404	143	243404	0.00765035	0.00371001	0.003	0.017	1702.13	1803.29	60	9422	
0.4	5.4	57	33	15	3	105	191334	105	191334	0.00473333	0.0030359	0.003	0.01	1822.23	1752.46	60	9422	
0.4	5.4	37	34	47	3	37	25602	37	25602	0.00545946	0.00338784	0.003	0.01	691.946	512.696	58	1775	
0.4	5.4	39	35	71	3	3	710	3	710	0.00533333	0.00404145	0.003	0.01	236.667	162.924	60	381	
0.4	5.4	52	36	12	3	193	271856	193	271856	0.00572021	0.0034209	0.003	0.01	1408.58	1579.45	6	9422	
0.4	5.4	27	37	16	3	99	147683	99	147683	0.00625252	0.00403895	0.003	0.017	1491.75	1320.65	14	7099	
0.4	5.4	34	38	5	3	97	216719	95	214350	0.003	0	0.003	0.003	2256.32	1467.21	60	7690	
0.4	5.4	38	39	18	3	144	442340	144	442340	0.003	0	0.003	0.003	3071.81	2317.84	60	9422	
0.4	5.4	19	40	26	3	186	406266	186	406266	0.00725269	0.00365182	0.003	0.017	2184.23	1740.7	17	9422	
0.4	5.4	28	45	28	3	16	40352	16	40352	0.003	0	0.003	0.003	2522	2306.7	60	7708	
0.4	5.4	18	46	9	3	71	229091	71	229091	0.00901408	0.00272288	0.003	0.017	3226.63	2328.33	60	9422	
0.4	5.4	37	49	13	3	194	235379	194	235379	0.00617526	0.00409602	0.003	0.017	1213.29	1173.88	60	7099	
0.4	5.4	52	50	59	3	1	60	1	60	0.003	0	0.003	0.003	60	0	60	60	
0.4	5.4	36	51	4	3	90	196015	90	196015	0.00735555	0.00341283	0.003	0.01	2177.94	1578.6	60	7577	
0.4	5.4	39	52	78	3	352	406633	352	406633	0.00624148	0.00425219	0.003	0.024	1155.21	1093.11	8	6882	
0.4	5.4	19	53	5	3	45	164011	45	164011	0.00688889	0.00351763	0.003	0.01	3644.69	2044.21	60	7099	
0.4	5.4	31	54	15	3	136	497219	136	497219	0.003	0	0.003	0.003	3656.02	2402.8	60	9422	
0.4	5.4	21	55	29	3	3	180	3	180	0.00533333	0.00404145	0.003	0.01	60	0	60	60	
0.4	5.4	35	56	7	3	1	60	1	60	0.003	0	0.003	0.003	60	0	60	60	
0.4	5.4	52	57	35	3	378	463950	378	463950	0.00544444	0.00374496	0.003	0.017	1227.38	1139.08	51	9422	
0.4	5.4	41	58	24	3	168	338912	168	338912	0.0045	0.00288087	0.003	0.01	2017.33	1355.4	57	6507	
0.4	5.4	57	60	25	3	71	61144	70	60733	0.0056	0.00415776	0.003	0.017	867.614	779.255	26	4141	
0.4	5.4	19	61	18	3	1	60	1	60	0.01	0	0.01	0.01	60	0	60	60	
0.4	5.4	30	62	14	3	125	437943	124	433802	0.00706452	0.00346819	0.003	0.01	3498.4	1987.82	60	9422	
0.4	5.4	28	63	31	3	77	223804	77	223804	0.00763636	0.00352028	0.003	0.017	2906.55	2764.3	13	9422	
0.4	5.4	26	65	6	3	25	75847	25	75847	0.00496	0.0032078	0.003	0.01	3033.88	2563.18	60	9422	
0.4	5.4	29	66	8	3	76	261028	75	256295	0.003	0	0.003	0.003	3417.27	1981.83	60	9422	
0.4	5.4	51	67	20	3	164	427392	164	427392	0.00696951	0.00396368	0.003	0.017	2606.05	1663.12	60	9422	
0.4	5.4	55	68	33	3	211	355413	211	355413	0.00674881	0.00422447	0.003	0.017	1684.42	1569.6	60	9422	
0.4	5.4	45	69	13	3	3	180	3	180	0.00766667	0.00404145	0.003	0.01	60	0	60	60	
0.4	5.4	37	72	2	3	401	433057	401	433057	0.00628179	0.00376735	0.003	0.017	1079.94	748.681	17	5324	
0.4	5.4	8	73	8	3	96	281806	96	281806	0.00526042	0.00329032	0.003	0.01	2935.48	2410.02	45	9422	
0.4	5.4	53	75	17	3	103	315626	103	315626	0.003	0	0.003	0.003	3064.33	2573.42	45	9422	
0.4	5.4	34	77	28	3	195	450656	194	450585	0.00577835	0.00343366	0.003	0.01	2322.6	1854.92	23	9422	
0.4	5.4	46	79	24	3	2	120	2	120	0.0065	0.00494975	0.003	0.01	60	0	60	60	
0.4	5.4	8	80	9	3	159	478364	159	478364	0.00489308	0.00331202	0.003	0.017	3008.58	2900.15	45	9422	
0.4	5.4	26	81	12	3	2	120	2	120	0.0065	0.00494975	0.003	0.01	60	0	60	60	
0.4	5.4	37	82	57	3	76	38693	76	38693	0.00594737	0.00431708	0.003	0.017	509.118	484.524	32	1775	
0.4	5.4	3	83	12	3	85	252788	86	254563	0.00926744	0.00356593	0.003	0.017	2960.03	2000.82	13	8873	
0.4	5.4	50	84	14	3	110	188967	112	196067	0.0075625	0.00447774	0.003	0.017	1750.6	1565.67	60	9422	
0.4	5.4	37	85	78	3	175	183273	175	183273	0.00544	0.0033452	0.003	0.01	1047.27	1145.06	26	9422	
0.4	5.4	41	87	8	3	3	180	3	180	0.00766667	0.00404145	0.003	0.01	60	0	60	60	
0.4	5.4	41	88	68	3	78	123817	78	123817	0.00623077	0.00351222	0.003	0.01	1587.4	1254.94	60	9422	
0.4	5.4	21	91	8	3	120	233917	120	233917	0.006675	0.00351028	0.003	0.01	1949.31	1653.13	60	9422	
0.4	5.4	39	92	27	3	156	188997	156	188997	0.00551282	0.00336871	0.003	0.01	1211.52	1179.26	36	9422	
0.4	5.4	50	93	16	3	116	206125	116	206125	0.00716379	0.00422815	0.003	0.017	1776.94	1530.71	36	8873	
0.4	5.4	4	95	3	3	7	14316	6	8992	0.01	0	0.01	0.01	1498.67	1204.42	60	3550	
0.4	5.4	32	97	7	3	10	31474	10	31474	0.003	0	0.003	0.003	3147.4	3155.04	60	9422	
0.4	5.4	48	99	6	3	91	407736	91	407736	0.00353846	0.00187562	0.003	0.01	4480.62	2041.19	60	9422	
0.4	5.4	22	100	15	3	115	402589	115	402589	0.003	0	0.003	0.003	3500.77	2256.65	60	9422	
0.4	5.4	6	101	4	3	141	421565	141	421565	0.00731915	0.00351592	0.003	0.017	2989.82	2007.19	57	9422	
0.4	5.4	26	104	9	3	41	125547	40	120814	0.009825	0.0011068	0.003	0.01	3020.35	2417.51	60	9422	
0.4	5.4	37	105	14	3	98	112648	98	112648	0.00542857	0.0033491	0.003	0.01	1149.47	966.265	39	4395	
0.4	5.4	55	106	4	3	201	562391	201	562391	0.00474129	0.0030336	0.003	0.01	2797.97	2070.81	60	9422	
0.4	5.4	34	107	51	3	6	5445	6	5445	0.00766667	0.00361478	0.003	0.01	907.5	578.937	60	1775	
0.4	5.4	54	108	6	3	15	30292	15	30292	0.00953333	0.00180739	0.003	0.01	2019.47	1435.67	60	5324	
0.4	5.4	34	110	57	3	188	280730	186	279003	0.00665054	0.00406587	0.003	0.017	1500.02	1286.07	60	9422	
0.4	5.4	39	111	45	3	322	280458	322	280458	0.00571739	0.00387712	0.003	0.017	870.988	632.423	3	3177	
0.4	5.4	52	112	81	3	320	407625	320	407625	0.00499062	0.00316276	0.003	0.01	1273.83	919.978	12	5324	
0.4	5.4	25	115	13	3	40	108991	40	108991	0.009125	0.00234452	0.003	0.01	2724.78	2750.48	60	9422	
0.4	5.4	52	116	32	3	97	89000	97	89000	0.00401031	0.00247275	0.003	0.01	917.526	820.105	42	3550	
0.4	5.4	52	117	10	3	161	161854	161	161854	0.00526087	0.00328352	0.003	0.01	1005.3	657.06	60	3549	
0.4	5.4	43	118	16	3	111	213906	111	213906	0.00678378	0.00362919	0.003	0.017	1927.08	1738.31	31	9422	
0.4	5.4	7	119	10	3	29	72898	27	69348	0.00792592	0.00325725	0.003	0.01	2568.44	2347.28	60	9422	
0.4	5.4	52	121	64	3	45	45366	45	45366	0.00315555	0.0010435	0.003	0.01	1008.13	938.362	18	4141	
0.4	5.4	19	122	17	3	205	606894	205	606894	0.00706341	0.003665	0.003	0.017	2960.46	2824.43	45	9422	
0.4	5.4	38	124	12	3	123	370672	123	370672	0.00772358	0.00329257	0.003	0.01	3013.59	2435.79	45	9422	
0.4	5.4	19	125	23	3	28	72419	28	72419	0.003	0	0.003	0.003	2586.39	1457.2	60	5916	
0.4	5.4	15	126	6	3	37	134426	37	134426	0.00867567	0.00277943	0.003	0.01	3633.14	2866.79	60	9422	
0.4	5.4	37	127	5	3	2	120	2	120	0.0065	0.00494975	0.003	0.01	60	0	60	60	
0.4	5.4	22	128	13	3	1	60	1	60	0.003	0	0.003	0.003	60	0	60	60	
0.4	5.4	39	129	29	3	231	167392	231	167392	0.00654545	0.00451629	0.003	0.024	724.641	582.041	11	3553	
0.4	5.4	54	131	11	3	141	462231	141	462231	0.00756737	0.0034482	0.003	0.017	3278.23	2004.05	45	9422	
0.4	5.4	39	132	35	3	7	2548	7	2548	0.004	0.00264575	0.003	0.01	364	416.443	53	1184	
0.4	5.4	37	134	44	3	288	416152	288	416152	0.00584375	0.00420302	0.003	0.017	1444.97	1484.97	60	9422	
0.4	5.4	28	135	3	3	25	71828	25	71828	0.00832	0.00365969	0.003	0.017	2873.12	2250.81	35	8282	
0.4	5.4	2	137	37	3	116	141757	116	141757	0.00716379	0.00402156	0.003	0.017	1222.04	1013.04	60	5574	
0.4	5.4	2	141	28	3	30	65221	30	65221	0.00696667	0.00352805	0.003	0.01	2174.03	1604.17	60	6846	
0.4	5.4	37	144	63	3	384	452867	383	449539	0.00510183	0.0032128	0.003	0.01	1173.73	1103.34	6	7708	
0.4	5.4	14	145	9	3	30	88863	30	88863	0.00953333	0.00177596	0.003	0.01	2962.1	2446.45	60	9422	
0.4	5.4	39	146	44	3	249	251957	249	251957	0.00533333	0.00364743	0.003	0.017	1011.88	1364.45	23	9422	
0.4	5.4	21	149	13	3	3	1892	2	708	0.003	0	0.003	0.003	354	415.779	60	648	
0.4	5.4	54	151	7	3	104	265812	104	265812	0.00811538	0.00311996	0.003	0.01	2555.88	2117.51	45	9422	
0.4	5.4	17	152	17	3	133	472382	133	472382	0.003	0	0.003	0.003	3551.74	1961.14	60	9422	
0.4	5.4	16	154	5	3	159	552969	159	552969	0.00555346	0.00338023	0.003	0.01	3477.79	2559.48	60	9422	
0.4	5.4	2	155	27	3	186	513312	186	513312	0.00676344	0.00357438	0.003	0.017	2759.74	1971.54	60	9422	
0.4	5.4	28	159	1	3	57	187678	57	187678	0.00864912	0.00278703	0.003	0.01	3292.6	2449.8	60	9422	
0.4	5.4	57	160	12	3	122	165348	122	165348	0.00569672	0.00364972	0.003	0.017	1355.31	1567.96	16	9422	
0.4	5.4	52	163	66	3	305	232050	305	232050	0.00538688	0.00360297	0.003	0.017	760.82	733.604	18	5497	
0.4	5.4	37	164	51	3	37	53410	37	53410	0.003	0	0.003	0.003	1443.51	1113.43	60	4395	
0.4	5.4	44	166	24	3	10	10179	9	8995	0.00766667	0.0035	0.003	0.01	999.444	492.934	60	1775	
0.4	5.4	8	170	39	3	112	347569	112	347569	0.003	0	0.003	0.003	3103.29	2066.22	60	9422	
0.4	5.4	22	171	10	3	151	611412	151	611412	0.00675497	0.00350232	0.003	0.01	4049.09	2770.85	45	9422	
0.4	5.4	39	172	63	3	9	6633	9	6633	0.00688889	0.00368932	0.003	0.01	737	548.588	58	1775	
0.4	5.4	21	174	35	3	39	96586	39	96586	0.003	0	0.003	0.003	2476.56	1875.26	60	9422	
0.4	5.4	55	175	32	3	73	125627	73	125627	0.00712329	0.00478698	0.003	0.017	1720.92	1143.67	60	4395	
0.4	5.4	44	177	26	3	219	912075	219	912075	0.003	0	0.003	0.003	4164.73	2763.05	45	9422	
0.4	5.4	23	181	16	3	98	374755	98	374755	0.00421428	0.0026642	0.003	0.01	3824.03	2695.17	45	9422	
0.4	5.4	22	183	20	3	64	140496	64	140496	0.00660937	0.00352595	0.003	0.01	2195.25	1669.79	60	9422	
0.4	5.4	16	184	15	3	171	493859	171	493859	0.00774854	0.00361385	0.003	0.017	2888.06	2501.87	26	9422	
0.4	5.4	30	186	1	3	145	623205	145	623205	0.0056069	0.00339586	0.003	0.01	4297.97	2552.53	45	9422	
0.4	5.4	41	187	19	3	25	42140	25	42140	0.00692	0.00354636	0.003	0.01	1685.6	988.577	60	3550	
0.4	5.4	44	190	14	3	169	616288	169	616288	0.00759763	0.00341969	0.003	0.017	3646.67	2693.97	45	9422	
0.4	5.4	2	191	24	3	114	328555	114	328555	0.00686842	0.00349592	0.003	0.01	2882.06	1971.26	60	8282	
0.4	5.4	39	192	33	3	384	411513	383	410764	0.00610705	0.0041233	0.003	0.017	1072.49	1365.85	21	8873	
0.4	5.4	20	194	11	3	1	60	1	60	0.003	0	0.003	0.003	60	0	60	60	
0.4	5.4	52	195	52	3	260	272576	260	272576	0.00566538	0.00420144	0.003	0.017	1048.37	1494.07	46	9422	
0.4	5.4	13	196	15	3	77	308350	77	308350	0.003	0	0.003	0.003	4004.55	2692.94	45	9422	
0.4	5.4	51	197	24	3	50	109128	50	109128	0.0065	0.00353553	0.003	0.01	2182.56	2004.54	60	8873	
0.4	5.4	34	198	3	3	27	42740	27	42740	0.00507407	0.00325725	0.003	0.01	1582.96	1001.93	60	3550	
0.4	5.4	50	199	13	3	108	391934	108	391934	0.003	0	0.003	0.003	3629.02	2568.93	60	9422	
0.4	5.4	17	201	12	3	36	88516	36	88516	0.00572222	0.00346089	0.003	0.01	2458.78	2059.05	60	7099	
0.4	5.4	53	202	18	3	56	144522	56	144522	0.003	0	0.003	0.003	2580.75	2285.63	45	9422	
0.4	5.4	41	203	73	3	2	120	2	120	0.0065	0.00494975	0.003	0.01	60	0	60	60	
0.4	5.4	35	205	11	3	82	242124	81	237388	0.00732099	0.00342355	0.003	0.01	2930.72	2118.47	60	9422	
0.4	5.4	38	206	6	3	4	3667	4	3667	0.0065	0.00404145	0.003	0.01	916.75	733.545	60	1775	
0.4	5.4	35	207	22	3	113	510799	113	510799	0.0080177	0.00316787	0.003	0.01	4520.35	2723.39	45	9422	
0.4	5.4	17	208	4	3	156	526844	156	526844	0.00798077	0.00346684	0.003	0.017	3377.21	2373.64	60	9422	
0.4	5.4	12	210	18	3	112	381290	112	381290	0.005375	0.00332916	0.003	0.01	3404.38	2490.81	45	9422	
0.4	5.4	39	211	81	3	442	683532	442	683532	0.00532805	0.0033017	0.003	0.01	1546.45	1245.69	26	9422	
0.4	5.4	4	213	13	3	112	436884	112	436884	0.003	0	0.003	0.003	3900.75	2561.94	45	9422	
0.4	5.4	33	215	14	3	114	377722	114	377722	0.00625438	0.00350679	0.003	0.01	3313.35	2269.64	45	9422	
0.4	5.4	28	216	8	3	68	201305	66	195387	0.00607576	0.00350082	0.003	0.01	2960.41	1996.65	28	8282	
0.4	5.4	7	217	5	3	56	194183	57	194820	0.00582456	0.00346473	0.003	0.01	3417.89	2856.51	45	9422	
0.4	5.4	21	220	1	3	165	252901	165	252901	0.00715757	0.00469555	0.003	0.017	1532.73	1352.96	50	6908	
0.4	5.4	50	221	22	3	98	157623	98	157623	0.00578571	0.00358764	0.003	0.017	1608.4	1223	60	5324	
0.4	5.4	49	223	18	3	46	146965	46	146965	0.00604348	0.00350844	0.003	0.01	3194.89	2519.16	60	8873	
0.4	5.4	12	224	8	3	46	109587	46	109587	0.00695652	0.00350844	0.003	0.01	2382.33	2339.95	60	9422	
0.4	5.4	16	226	13	3	113	369916	113	369916	0.00764602	0.00332179	0.003	0.01	3273.59	2371.88	60	9422	
0.4	5.4	21	227	9	3	142	316402	142	316402	0.00472535	0.0030274	0.003	0.01	2228.18	1793.23	60	9422	
0.4	5.4	8	228	21	3	158	412164	159	412756	0.00476101	0.00314715	0.003	0.017	2595.95	2115.34	45	9422	
0.4	5.4	41	229	17	3	2	120	2	120	0.0065	0.00494975	0.003	0.01	60	0	60	60	
0.4	5.4	10	232	10	3	2	120	2	120	0.0065	0.00494975	0.003	0.01	60	0	60	60	
0.4	5.4	50	235	10	3	130	399708	130	399708	0.00596154	0.00347171	0.003	0.01	3074.68	2532.18	17	9422	
0.4	5.4	51	236	15	3	30	56929	30	56929	0.00813333	0.00408305	0.003	0.017	1897.63	1337.88	60	5324	
0.4	5.4	39	237	36	3	213	258467	213	258467	0.00493897	0.00313998	0.003	0.01	1213.46	949.706	34	5861	
0.4	5.4	12	239	2	3	129	443393	129	443393	0.003	0	0.003	0.003	3437.16	2208.6	45	9422	
0.4	5.4	31	240	7	3	32	88282	31	82958	0.00570968	0.00346596	0.003	0.01	2676.06	2022.9	60	9422	
0.4	5.4	5	241	11	3	75	205065	75	205065	0.00710667	0.00347023	0.003	0.01	2734.2	2011.8	60	7099	
0.4	5.4	55	245	9	3	111	251900	111	251900	0.00388288	0.00233448	0.003	0.01	2269.37	1649.57	60	8873	
0.4	5.4	41	247	25	3	3	180	3	180	0.0123333	0.00404145	0.01	0.017	60	0	60	60	
0.4	5.4	43	248	21	3	198	486013	198	486013	0.00635858	0.00350601	0.003	0.01	2454.61	1499.01	60	8282	
0.4	5.4	21	249	3	3	61	76517	61	76517	0.00586885	0.00369899	0.003	0.017	1254.38	924.126	15	3550	
0.4	5.4	50	250	17	3	119	186735	119	186735	0.00670588	0.00384741	0.003	0.017	1569.2	1317.1	57	5916	
0.4	5.4	52	251	23	3	331	335462	331	335462	0.00534743	0.00369153	0.003	0.017	1013.48	962.116	10	7099	
0.4	5.4	30	252	11	3	111	459811	111	459811	0.003	0	0.003	0.003	4142.44	2388.4	45	9422	
0.4	5.4	55	253	21	3	136	320408	136	320408	0.00480147	0.00307154	0.003	0.01	2355.94	2008.04	45	9422	
0.4	5.4	41	254	9	3	5	5442	5	5442	0.0072	0.00383406	0.003	0.01	1088.4	742.216	60	1775	
0.4	5.4	21	255	5	3	1	60	1	60	0.01	0	0.01	0.01	60	0	60	60	
0.4	5.4	9	257	24	3	79	263995	79	263995	0.00689873	0.00349943	0.003	0.01	3341.71	2576.2	60	9422	
0.4	5.4	4	258	22	3	94	195534	94	195534	0.00731915	0.00371632	0.003	0.017	2080.15	1579	48	8282	
0.4	5.4	34	260	9	3	19	26752	19	26752	0.00410526	0.00262244	0.003	0.01	1408	963.065	60	3550	
0.4	5.4	12	262	4	3	106	407777	107	409552	0.00620561	0.00350401	0.003	0.01	3827.59	2567.75	60	9422	
0.4	5.4	40	264	10	3	3	180	3	180	0.00533333	0.00404145	0.003	0.01	60	0	60	60	
0.4	5.4	52	265	21	3	386	611201	386	611201	0.0047772	0.00305059	0.003	0.01	1583.42	1404.9	4	9422	
0.4	5.4	9	267	14	3	75	254543	74	249219	0.003	0	0.003	0.003	3367.82	1856.53	60	8282	
0.4	5.4	48	268	5	3	112	527950	112	527950	0.005125	0.00323306	0.003	0.01	4713.84	3044.84	45	9422	
0.4	5.4	27	271	11	3	150	338664	150	338664	0.00622	0.00350047	0.003	0.01	2257.76	2206.41	25	9422	
0.4	5.4	20	272	10	3	191	719900	191	719900	0.0054555	0.00334929	0.003	0.01	3769.11	2981.67	45	9422	
0.4	5.4	1	274	15	3	5	5442	5	5442	0.0044	0.0031305	0.003	0.01	1088.4	742.216	60	1775	
0.4	5.4	53	277	15	3	137	448154	137	448154	0.00535036	0.00331794	0.003	0.01	3271.2	2065.36	25	9422	
0.4	5.4	40	278	6	3	51	171225	51	171225	0.00560784	0.00341806	0.003	0.01	3357.35	2925.19	45	9422	
0.4	5.4	1	279	11	3	127	631259	127	631259	0.00476378	0.00305104	0.003	0.01	4970.54	2748.14	45	9422	
0.4	5.4	18	280	5	3	95	336284	94	335692	0.0083617	0.00297968	0.003	0.01	3571.19	2350.85	45	9422	
0.4	5.4	1	281	12	3	1	60	1	60	0.003	0	0.003	0.003	60	0	60	60	
0.4	5.4	18	282	7	3	52	138576	52	138576	0.00798077	0.00375469	0.003	0.017	2664.92	1519.1	60	6236	
0.4	5.4	34	284	55	3	33	25004	33	25004	0.00575757	0.0042649	0.003	0.017	757.697	517.473	50	2367	
0.4	5.4	48	285	4	3	62	199519	62	199519	0.00401613	0.00248597	0.003	0.01	3218.05	1695.53	60	7690	
0.4	5.4	42	289	2	3	74	201054	74	201054	0.003	0	0.003	0.003	2716.95	1912.69	60	9422	
0.4	5.4	52	290	80	3	347	528129	348	529313	0.0052931	0.00329006	0.003	0.01	1521.01	1262.19	17	9422	
0.4	5.4	35	292	17	3	56	117293	56	117293	0.007875	0.00324773	0.003	0.01	2094.52	1711.74	13	9422	
0.4	5.4	54	294	4	3	55	146269	56	148636	0.008	0.0031909	0.003	0.01	2654.21	2525.86	45	9422	
0.4	5.4	27	297	12	3	15	18464	15	18464	0.0086	0.00289828	0.003	0.01	1230.93	638.978	60	2367	
0.4	5.4	37	298	19	3	112	138672	112	138672	0.00625	0.00363045	0.003	0.017	1238.14	718.094	60	3550	
0.4	5.4	32	299	1	3	125	578834	125	578834	0.007312	0.00341821	0.003	0.01	4630.67	2642.78	45	9422	
0.4	5.4	43	302	13	3	221	577366	220	576182	0.00646818	0.00350784	0.003	0.01	2619.01	2161.61	21	9422	
0.4	5.4	22	303	14	3	105	238613	105	238613	0.00773333	0.00356604	0.003	0.017	2272.5	1663.54	57	9422	
0.4	5.4	33	304	8	3	152	411478	152	411478	0.00815789	0.00309262	0.003	0.01	2707.09	1925.28	60	9422	
0.4	5.4	52	306	38	3	352	369069	351	368038	0.00605128	0.00423829	0.003	0.017	1048.54	1194.47	91	9422	
0.4	5.4	40	307	17	3	102	401963	102	401963	0.00519608	0.00326408	0.003	0.01	3940.81	2287.54	60	9422	
0.4	5.4	9	308	7	3	101	358785	101	358785	0.00459406	0.00295018	0.003	0.01	3552.33	1977.64	60	9422	
0.4	5.4	33	309	4	3	111	405989	111	405989	0.003	0	0.003	0.003	3657.56	1992.38	60	9422	
0.4	5.4	10	310	14	3	41	136787	41	136787	0.00931707	0.00210284	0.003	0.01	3336.27	2610.08	45	9422	
0.4	5.4	24	311	14	3	13	29702	13	29702	0.003	0	0.003	0.003	2284.77	1137.97	60	3550	
0.4	5.4	6	313	23	3	80	224384	80	224384	0.00755	0.00335985	0.003	0.01	2804.8	2150.01	21	9422	
0.4	5.4	5	316	5	3	5	3669	5	3669	0.0058	0.00383406	0.003	0.01	733.8	711.19	60	1775	
0.4	5.4	25	318	7	3	90	348584	89	343260	0.00858427	0.00282766	0.003	0.01	3856.85	2502.37	45	9422	
0.4	5.4	37	319	61	3	156	254950	156	254950	0.00605128	0.00365936	0.003	0.017	1634.29	1258.16	26	9422	
0.4	5.4	43	321	17	3	140	406168	139	403207	0.00657554	0.00351184	0.003	0.01	2900.77	2317.81	60	9422	
0.4	5.4	52	323	8	3	37	59917	37	59917	0.003	0	0.003	0.003	1619.38	1082.22	60	4395	
0.4	5.4	41	324	82	3	2	120	2	120	0.01	0	0.01	0.01	60	0	60	60	
0.4	5.4	20	325	14	3	53	129124	53	129124	0.0040566	0.00252994	0.003	0.01	2436.3	1641.87	60	9422	
0.4	5.4	12	327	1	3	153	656427	153	656427	0.0043268	0.00275258	0.003	0.01	4290.37	3089.74	45	9422	
0.4	5.4	22	328	5	3	126	377634	126	377634	0.00677778	0.00350289	0.003	0.01	2997.1	2179.31	57	9422	
0.4	5.4	20	330	7	3	35	72334	35	72334	0.0068	0.00353803	0.003	0.01	2066.69	1563.76	60	4904	
0.4	5.4	5	332	1	3	1	60	1	60	0.01	0	0.01	0.01	60	0	60	60	
0.4	5.4	7	333	7	3	83	265309	83	265309	0.00898795	0.00270724	0.003	0.017	3196.49	2095.54	60	9422	
0.4	5.4	19	334	22	3	85	191270	85	191270	0.00687059	0.00350098	0.003	0.01	2250.24	1679.95	18	7099	
0.4	5.4	51	340	12	3	115	455787	115	455787	0.00312174	0.000919075	0.003	0.01	3963.37	2102.88	60	9422	
0.4	5.4	4	341	14	3	100	326110	100	326110	0.003	0	0.003	0.003	3261.1	2789.78	60	9422	
0.4	5.4	43	342	3	3	87	195532	87	195532	0.00589655	0.00346757	0.003	0.01	2247.49	1979.8	60	9422	
0.4	5.4	54	343	2	3	40	121411	40	121411	0.00545	0.00338132	0.003	0.01	3035.28	2170.23	60	9422	
0.4	5.4	34	345	35	3	125	254286	125	254286	0.00496	0.00315564	0.003	0.01	2034.29	1715.49	45	9422	
0.4	5.4	34	348	1	3	1	60	1	60	0.003	0	0.003	0.003	60	0	60	60	
0.4	5.4	32	349	16	3	13	40942	13	40942	0.00569231	0.00354459	0.003	0.01	3149.38	2643.35	60	9422	
0.4	5.4	48	350	12	3	172	609157	172	609157	0.003	0	0.003	0.003	3541.61	2422.53	45	9422	
0.4	5.4	39	351	47	3	1	60	1	60	0.003	0	0.003	0.003	60	0	60	60	
0.4	5.4	37	352	18	3	2	120	2	120	0.0065	0.00494975	0.003	0.01	60	0	60	60	
0.4	5.4	18	353	12	3	90	200833	90	200833	0.00898889	0.00247456	0.003	0.01	2231.48	2189.26	45	9422	
0.4	5.4	16	356	10	3	66	169350	66	169350	0.00840909	0.00295597	0.003	0.01	2565.91	1272.45	60	5324	
0.4	5.4	8	357	26	3	93	255442	94	256626	0.00530851	0.0033086	0.003	0.01	2730.06	2101.42	60	8873	
0.4	5.4	50	358	7	3	149	377663	150	382058	0.00766667	0.00359654	0.003	0.017	2547.05	1834.82	60	9422	
0.4	5.4	37	360	73	3	115	184847	115	184847	0.003	0	0.003	0.003	1607.37	1475.29	60	9422	
0.4	5.4	35	363	2	3	29	94791	29	94791	0.00565517	0.00345663	0.003	0.01	3268.66	2442.86	57	9422	
0.4	5.4	55	367	24	3	6	3670	6	3670	0.00883333	0.00688234	0.003	0.017	611.667	381.024	60	1184	
0.4	5.4	41	368	15	3	99	122264	99	122264	0.00681818	0.00439007	0.003	0.017	1234.99	1041.14	60	5276	
0.4	5.4	3	369	8	3	131	319082	130	318240	0.00816923	0.00332512	0.003	0.017	2448	1596.33	13	9422	
0.4	5.4	22	371	6	3	139	536269	139	536269	0.00773381	0.00328716	0.003	0.01	3858.05	2549.83	36	9422	
0.4	5.4	52	372	18	3	2	120	2	120	0.0065	0.00494975	0.003	0.01	60	0	60	60	
0.4	5.4	52	373	33	3	3	1300	3	1300	0.00766667	0.00404145	0.003	0.01	433.333	324.526	60	648	
0.4	5.4	35	374	14	3	4	240	4	240	0.00475	0.0035	0.003	0.01	60	0	60	60	
0.4	5.4	54	375	13	3	6	8992	6	8992	0.01	0	0.01	0.01	1498.67	1204.42	60	3550	
0.4	5.4	33	377	15	3	82	325512	82	325512	0.00786585	0.00324232	0.003	0.01	3969.66	2446.27	36	9422	
0.4	5.4	37	379	66	3	2	120	2	120	0.0065	0.00494975	0.003	0.01	60	0	60	60	
0.4	5.4	7	382	11	3	115	454380	116	455028	0.00662069	0.00351309	0.003	0.01	3922.66	2703.26	36	9422	
0.4	5.4	2	383	36	3	41	126148	41	126148	0.00521951	0.00329782	0.003	0.01	3076.78	2149.06	45	9422	
0.4	5.4	45	389	3	3	78	131638	78	131638	0.00784615	0.00379363	0.003	0.017	1687.67	1644.28	60	9422	
0.4	5.4	17	390	18	3	46	114325	46	114325	0.00817391	0.00310773	0.003	0.01	2485.33	2498.22	45	9422	
0.4	5.4	12	391	10	3	146	406160	146	406160	0.00779452	0.00336497	0.003	0.017	2781.92	2180.89	45	9422	
0.4	5.4	42	392	1	3	1	60	1	60	0.01	0	0.01	0.01	60	0	60	60	
0.4	5.4	24	394	16	3	103	350967	103	350967	0.00388349	0.002336	0.003	0.01	3407.45	2118.93	60	9422	
0.4	5.4	33	395	12	3	48	136207	48	136207	0.00445833	0.0028729	0.003	0.01	2837.65	1846.8	60	7099	
0.4	5.4	3	397	13	3	168	605506	168	605506	0.00716667	0.00344619	0.003	0.01	3604.2	2687.3	56	9422	
0.4	5.4	31	398	2	3	84	248757	84	248757	0.00641667	0.00352002	0.003	0.01	2961.39	2663.31	45	9422	
0.4	5.4	41	399	39	3	2	120	2	120	0.0065	0.00494975	0.003	0.01	60	0	60	60	
0.4	5.4	57	401	8	3	173	199961	173	199961	0.00563006	0.00401474	0.003	0.017	1155.84	1445.72	8	9422	
0.4	5.4	20	402	18	3	80	198358	81	201214	0.00732099	0.00359801	0.003	0.017	2484.12	1976.41	60	8873	
0.4	5.4	6	404	1	3	69	147483	69	147483	0.00746377	0.00338934	0.003	0.01	2137.43	2408.47	45	9422	
0.4	5.4	37	405	40	3	231	271338	231	271338	0.00560606	0.00339126	0.003	0.01	1174.62	987.369	32	5861	
0.4	5.4	7	406	1	3	2	120	2	120	0.0065	0.00494975	0.003	0.01	60	0	60	60	
0.4	5.4	6	407	22	3	151	387480	152	388664	0.00732895	0.00341166	0.003	0.01	2557	2015.49	60	9422	
0.4	5.4	12	408	7	3	1	60	1	60	0.01	0	0.01	0.01	60	0	60	60	
0.4	5.4	45	409	10	3	149	347039	149	347039	0.00746309	0.00347291	0.003	0.017	2329.12	1938.56	60	9422	
0.4	5.4	34	410	59	3	98	132816	98	132816	0.0055	0.00429397	0.003	0.017	1355.27	1186.84	5	8282	
0.4	5.4	37	411	50	3	197	222303	196	220528	0.00517857	0.00324926	0.003	0.01	1125.14	802.289	29	4736	
0.4	5.4	39	413	11	3	11	9003	11	9003	0.003	0	0.003	0.003	818.455	861.362	60	2961	
0.4	5.4	33	414	3	3	138	607136	138	607136	0.00431884	0.00274722	0.003	0.01	4399.54	2540.17	45	9422	
0.4	5.4	6	417	21	3	124	489531	124	489531	0.00390322	0.00235617	0.003	0.01	3947.83	2914.66	45	9422	
0.4	5.4	54	419	17	3	1	60	1	60	0.003	0	0.003	0.003	60	0	60	60	
0.4	5.4	24	421	8	3	75	204258	75	204258	0.00570667	0.00343186	0.003	0.01	2723.44	2475.79	60	9422	
0.4	5.4	20	422	8	3	57	94891	57	94891	0.00742105	0.00365449	0.003	0.017	1664.75	1146.83	60	5324	
0.4	5.4	41	423	3	3	4	240	4	240	0.0065	0.00404145	0.003	0.01	60	0	60	60	
0.4	5.4	40	424	4	3	99	402433	99	402433	0.00851515	0.00287623	0.003	0.01	4064.98	2470.66	45	9422	
0.4	5.4	8	426	1	3	86	225923	86	225923	0.00682558	0.00350526	0.003	0.01	2627.01	2345.83	45	9422	
0.4	5.4	44	431	16	3	31	85914	31	85914	0.00548387	0.00340461	0.003	0.01	2771.42	2150.68	60	9422	
0.4	5.4	17	432	11	3	102	252316	102	252316	0.00821569	0.00322007	0.003	0.017	2473.69	2193.34	60	9422	
0.4	5.4	11	434	13	3	154	448180	154	448180	0.00813636	0.00330393	0.003	0.017	2910.26	2435.38	28	9422	
0.4	5.4	10	435	12	3	6	8992	6	8992	0.00533333	0.00361478	0.003	0.01	1498.67	1204.42	60	3550	
0.4	5.4	36	436	19	3	122	350432	122	350432	0.00764754	0.00332017	0.003	0.01	2872.39	1969.95	60	9422	
0.4	5.4	39	437	50	3	86	74185	86	74185	0.00519767	0.00405497	0.003	0.017	862.616	1025.08	32	7690	
0.4	5.4	38	438	4	3	80	290626	80	290626	0.0060625	0.00349446	0.003	0.01	3632.82	2293.29	60	9422	
0.4	5.4	24	439	13	3	39	127328	39	127328	0.00658974	0.00354459	0.003	0.01	3264.82	2821.35	60	9422	
0.4	5.4	22	441	2	3	67	200115	67	200115	0.0081194	0.00356975	0.003	0.017	2986.79	2062.88	60	9422	
0.4	5.4	36	442	8	3	171	542716	171	542716	0.00508772	0.00321182	0.003	0.01	3173.78	1787.05	60	9422	
0.4	5.4	55	443	14	3	47	119174	47	119174	0.00538298	0.00335283	0.003	0.01	2535.62	1761.62	60	7099	
0.4	5.4	25	444	8	3	2	120	2	120	0.01	0	0.01	0.01	60	0	60	60	
0.4	5.4	38	445	19	3	131	397384	131	397384	0.00823664	0.00305043	0.003	0.01	3033.47	2251.39	36	9422	
0.4	5.4	55	446	25	3	1	60	1	60	0.003	0	0.003	0.003	60	0	60	60	
0.4	5.4	36	447	15	3	63	152797	63	152797	0.00788889	0.00347392	0.003	0.017	2425.35	1919.58	36	9422	
0.4	5.4	12	448	12	3	149	555114	149	555114	0.00680537	0.00368283	0.003	0.017	3725.6	2681.59	45	9422	
0.4	5.4	19	451	10	3	48	166488	48	166488	0.003	0	0.003	0.003	3468.5	2388.09	60	9422	
0.4	5.4	52	452	73	3	176	328203	176	328203	0.00319886	0.00116629	0.003	0.01	1864.79	1730.23	16	8961	
0.4	5.4	11	453	1	3	106	339377	106	339377	0.00801887	0.00316824	0.003	0.01	3201.67	2651.38	45	9422	
0.4	5.4	44	454	3	3	127	483080	127	483080	0.00316535	0.00106729	0.003	0.01	3803.78	2479.82	45	9422	
0.4	5.4	20	455	22	3	183	289032	183	289032	0.00686339	0.0042553	0.003	0.017	1579.41	1176.95	37	7738	
0.4	5.4	41	457	69	3	273	434606	273	434606	0.00607692	0.00353209	0.003	0.017	1591.96	1472.65	60	9422	
0.4	5.4	16	458	17	3	49	118471	49	118471	0.00557143	0.00340955	0.003	0.01	2417.78	2205.27	60	9422	
0.4	5.4	15	459	10	3	160	550968	160	550968	0.00715625	0.00344872	0.003	0.01	3443.55	2099.98	36	9422	
0.4	5.4	44	460	28	3	37	127320	37	127320	0.003	0	0.003	0.003	3441.08	2584.64	60	9422	
0.4	5.4	55	462	16	3	3	180	3	180	0.00766667	0.00404145	0.003	0.01	60	0	60	60	
0.4	5.4	7	463	4	3	97	325055	96	322097	0.00832292	0.00300349	0.003	0.01	3355.18	2390.26	45	9422	
0.4	5.4	45	465	4	3	1	60	1	60	0.01	0	0.01	0.01	60	0	60	60	
0.4	5.4	41	466	23	3	111	138707	111	138707	0.00646847	0.00387725	0.003	0.017	1249.61	1159.64	60	9422	
0.4	5.4	27	468	3	3	137	344769	137	344769	0.00713869	0.00355665	0.003	0.017	2516.56	2096.21	36	9422	
0.4	5.4	39	469	66	3	139	109198	139	109198	0.00582014	0.00392733	0.003	0.017	785.597	709.777	40	4395	
0.4	5.4	37	470	68	3	3	180	3	180	0.01	0	0.01	0.01	60	0	60	60	
0.4	5.4	4	471	21	3	18	33321	18	33321	0.00455555	0.00383823	0.003	0.017	1851.17	1316.32	60	4395	
0.4	5.4	43	472	8	3	189	520880	189	520880	0.00544444	0.0033459	0.003	0.01	2755.98	2102.15	43	9422	
0.4	5.4	44	474	5	3	136	519700	136	519700	0.005625	0.00340139	0.003	0.01	3821.32	2681.53	45	9422	
0.4	5.4	5	475	12	3	27	73601	27	73601	0.00896296	0.00319232	0.003	0.017	2725.96	2042.76	60	7099	
0.4	5.4	55	476	28	3	125	166131	125	166131	0.00608	0.00348869	0.003	0.01	1329.05	1011.37	55	5861	
0.4	5.4	52	477	61	3	186	169687	186	169687	0.00522043	0.00364948	0.003	0.017	912.296	853.832	60	5861	
0.4	5.4	9	479	6	3	64	178929	64	178929	0.00354687	0.00189343	0.003	0.01	2795.77	2217.17	60	9422	
0.4	5.4	57	480	24	3	49	107837	49	107837	0.00528571	0.00331662	0.003	0.01	2200.76	1654.21	60	7099	
0.4	5.4	41	481	80	3	39	43946	38	38455	0.00668421	0.00422416	0.003	0.017	1011.97	790.135	60	3963	
0.4	5.4	37	483	45	3	30	18717	30	18717	0.00626667	0.00399943	0.003	0.017	623.9	544.016	43	1980	
0.4	5.4	19	484	13	3	123	432170	123	432170	0.00550406	0.00336903	0.003	0.01	3513.58	2433.34	60	9422	
0.4	5.4	41	489	20	3	3	180	3	180	0.00766667	0.00404145	0.003	0.01	60	0	60	60	
0.4	5.4	1	490	17	3	8	14318	7	8994	0.006	0.00374166	0.003	0.01	1284.86	803.431	60	2481	
0.4	5.4	41	491	83	3	3	180	3	180	0.00533333	0.00404145	0.003	0.01	60	0	60	60	
0.4	5.4	9	492	3	3	146	495966	146	495966	0.00693151	0.00402519	0.003	0.017	3397.03	2511.25	57	9422	
0.4	5.4	9	494	12	3	44	131478	44	131478	0.00745454	0.00340625	0.003	0.01	2988.14	2393.6	60	9422	
0.4	5.4	15	495	9	3	81	316646	81	316646	0.00792592	0.00321628	0.003	0.01	3909.21	2543.64	45	9422	
0.4	5.4	27	496	21	3	217	626662	217	626662	0.00658064	0.00369612	0.003	0.017	2887.84	2468.03	45	9422	
0.4	5.4	33	497	7	3	32	61014	31	57464	0.00683871	0.00354116	0.003	0.01	1853.68	1069.86	60	4141	
0.4	5.4	34	498	12	3	2	120	2	120	0.0065	0.00494975	0.003	0.01	60	0	60	60	
0.4	5.4	50	499	19	3	70	165214	70	165214	0.0074	0.00340673	0.003	0.01	2360.2	2065.62	60	9422	
0.4	5.4	37	500	12	3	184	280799	184	280799	0.00452174	0.00289518	0.003	0.01	1526.08	1165.02	8	6882	
0.4	5.4	56	501	14	3	146	541607	146	541607	0.0074589	0.00337767	0.003	0.01	3709.64	2549.65	45	9422	
0.4	5.4	51	504	14	3	26	65214	26	65214	0.00623077	0.00355874	0.003	0.01	2508.23	1596.18	60	7099	
0.4	5.4	52	506	24	3	286	308648	286	308648	0.0055944	0.00338674	0.003	0.01	1079.19	1000.7	19	9422	
0.4	5.4	13	509	6	3	2	120	2	120	0.0065	0.00494975	0.003	0.01	60	0	60	60	
0.4	5.4	41	511	5	3	23	23325	23	23325	0.00573913	0.00349308	0.003	0.01	1014.13	592.355	60	1775	
0.4	5.4	57	514	23	3	212	478452	211	478041	0.00701422	0.00403022	0.003	0.017	2265.6	2093.19	45	9422	
0.4	5.4	39	515	30	3	297	372195	297	372195	0.00578114	0.00400961	0.003	0.017	1253.18	1406.87	58	9422	
0.4	5.4	37	516	77	3	9	7816	9	7816	0.00533333	0.0035	0.003	0.01	868.444	499.796	60	1775	
0.4	5.4	37	521	1	3	1	60	1	60	0.003	0	0.003	0.003	60	0	60	60	
0.4	5.4	29	523	5	3	75	349638	75	349638	0.00636	0.00352075	0.003	0.01	4661.84	2610.36	45	9422	
0.4	5.4	32	524	13	3	106	423239	106	423239	0.00557547	0.00339172	0.003	0.01	3992.82	2037.8	60	9422	
0.4	5.4	49	525	14	3	83	233260	83	233260	0.00687952	0.00350051	0.003	0.01	2810.36	2084.55	60	9422	
0.4	5.4	2	526	2	3	2	708	2	708	0.01	0	0.01	0.01	354	415.779	60	648	
0.4	5.4	26	527	5	3	57	155252	56	151111	0.004625	0.00298214	0.003	0.01	2698.41	2452.86	60	9422	
0.4	5.4	41	529	66	3	2	120	2	120	0.01	0	0.01	0.01	60	0	60	60	
0.4	5.4	52	530	3	3	3	180	3	180	0.003	0	0.003	0.003	60	0	60	60	
0.4	5.4	55	531	6	3	1	60	1	60	0.01	0	0.01	0.01	60	0	60	60	
0.4	5.4	22	533	9	3	75	119090	74	117611	0.00895946	0.00396021	0.003	0.017	1589.34	1089.69	13	4733	
0.4	5.4	34	534	48	3	94	184802	94	184802	0.00568085	0.00342104	0.003	0.01	1965.98	1840.42	60	8873	
0.4	5.4	57	535	18	3	183	446452	184	449413	0.00535869	0.00331772	0.003	0.01	2442.46	2201.38	45	9422	
0.4	5.4	5	537	13	3	206	844040	206	844040	0.003	0	0.003	0.003	4097.28	2770.54	45	9422	
0.4	5.4	38	538	16	3	42	98936	42	98936	0.0045	0.0029071	0.003	0.01	2355.62	1903.84	60	6507	
0.4	5.4	15	541	2	3	8	21415	8	21415	0.003	0	0.003	0.003	2676.88	2453.7	60	7099	
0.4	5.4	34	544	46	3	153	213521	153	213521	0.0057451	0.00403362	0.003	0.017	1395.56	1094.82	5	5858	
0.4	5.4	2	547	15	3	1	60	0	0	0	0	0	0	0	0	0	0	
0.4	5.4	41	548	12	3	1	60	1	60	0.003	0	0.003	0.003	60	0	60	60	
0.4	5.4	41	549	27	3	208	419877	208	419877	0.00508654	0.00320962	0.003	0.01	2018.64	1436.59	9	8282	
0.4	5.4	21	552	39	3	2	120	2	120	0.01	0	0.01	0.01	60	0	60	60	
0.4	5.4	8	555	10	3	117	305085	117	305085	0.00323932	0.00127745	0.003	0.01	2607.56	2335.68	45	9422	
0.4	5.4	50	556	15	3	2	120	2	120	0.01	0	0.01	0.01	60	0	60	60	
0.4	5.4	42	557	21	3	2	120	2	120	0.0065	0.00494975	0.003	0.01	60	0	60	60	
0.4	5.4	57	558	5	3	10	12545	10	12545	0.0072	0.00361478	0.003	0.01	1254.5	786.857	60	2769	
0.4	5.4	20	561	6	3	6	360	6	360	0.00883333	0.00285774	0.003	0.01	60	0	60	60	
0.4	5.4	51	563	18	3	83	258695	84	260470	0.00958333	0.00251362	0.003	0.017	3100.83	1968.93	60	9422	
0.4	5.4	52	564	67	3	363	339244	363	339244	0.00558402	0.00338268	0.003	0.01	934.556	876.948	11	5324	
0.4	5.4	44	565	22	3	41	85925	41	85925	0.00812195	0.00350853	0.003	0.017	2095.73	1227.71	60	5324	
0.4	5.4	41	566	77	3	38	58241	37	56858	0.00621622	0.0035366	0.003	0.01	1536.7	901.393	60	4107	
0.4	5.4	41	567	11	3	144	213181	144	213181	0.00620833	0.0035	0.003	0.01	1480.42	1704.25	9	7099	
0.4	5.4	4	569	1	3	22	53376	21	52784	0.00733333	0.0046833	0.003	0.017	2513.52	3042.83	60	9422	
0.4	5.4	34	570	27	3	5	300	5	300	0.0058	0.00383406	0.003	0.01	60	0	60	60	
0.4	5.4	22	572	11	3	85	252183	85	252183	0.00785882	0.00341967	0.003	0.017	2966.86	2233.23	60	9422	
0.4	5.4	19	574	16	3	1	60	1	60	0.017	0	0.017	0.017	60	0	60	60	
0.4	5.4	43	575	20	3	5	5442	5	5442	0.0044	0.0031305	0.003	0.01	1088.4	742.216	60	1775	
0.4	5.4	4	577	2	3	121	400118	121	400118	0.00490909	0.00325832	0.003	0.017	3306.76	2305.63	45	9422	
0.4	5.4	10	578	13	3	12	29698	12	29698	0.01	0	0.01	0.01	2474.83	2186.13	60	7099	
0.4	5.4	3	579	6	3	170	662658	171	663842	0.00705263	0.00346625	0.003	0.01	3882.12	2911.9	36	9422	
0.4	5.4	55	582	27	3	76	76518	76	76518	0.00631579	0.00387199	0.003	0.017	1006.82	762.831	60	4395	
0.4	5.4	8	587	40	3	85	187720	85	187720	0.00761176	0.0036713	0.003	0.017	2208.47	1967.02	60	9422	
0.4	5.4	52	589	58	3	1	60	1	60	0.01	0	0.01	0.01	60	0	60	60	
0.4	5.4	37	591	24	3	15	13201	15	13201	0.00533333	0.00341565	0.003	0.01	880.067	544.014	60	1775	
0.4	5.4	5	592	8	3	121	480176	121	480176	0.00571901	0.00342594	0.003	0.01	3968.4	2515.19	45	9422	
0.4	5.4	3	594	9	3	93	275955	93	275955	0.00744086	0.00338944	0.003	0.01	2967.26	2072.66	36	9422	
0.4	5.4	41	595	41	3	1	60	1	60	0.01	0	0.01	0.01	60	0	60	60	
0.4	5.4	8	596	38	3	113	329825	113	329825	0.003	0	0.003	0.003	2918.81	2148.47	60	9422	
0.4	5.4	23	597	23	3	167	549782	167	549782	0.00849102	0.00298766	0.003	0.017	3292.11	2362.57	45	9422	
0.4	5.4	14	598	15	3	124	542055	123	535548	0.00817886	0.00308362	0.003	0.01	4354.05	3030.33	45	9422	
0.4	5.4	53	600	11	3	2	120	2	120	0.01	0	0.01	0.01	60	0	60	60	
0.4	5.4	38	601	7	3	52	149346	52	149346	0.00703846	0.00349207	0.003	0.01	2872.04	2186.06	60	9422	
0.4	5.4	8	602	28	3	80	192438	80	192438	0.0032625	0.00133828	0.003	0.01	2405.47	1914.64	60	9422	
0.4	5.4	42	603	14	3	115	332069	115	332069	0.00360869	0.00198103	0.003	0.01	2887.56	2104.67	60	9422	
0.4	5.4	4	604	7	3	2	708	2	708	0.003	0	0.003	0.003	354	415.779	60	648	
0.4	5.4	26	605	13	3	65	251689	65	251689	0.00892308	0.00283013	0.003	0.017	3872.14	3230.85	45	9422	
0.4	5.4	41	607	18	3	111	148810	111	148810	0.00627928	0.00350887	0.003	0.01	1340.63	848.574	60	5664	
0.4	5.4	45	608	12	3	51	87225	51	87225	0.0057451	0.00345163	0.003	0.01	1710.29	2003.48	60	9422	
0.4	5.4	34	609	14	3	144	192082	144	192082	0.00684028	0.00452138	0.003	0.017	1333.9	937.259	28	4395	
0.4	5.4	46	611	23	3	143	301922	143	301922	0.00765035	0.00331717	0.003	0.01	2111.34	1786.34	60	9422	
0.4	5.4	13	612	12	3	6	360	6	360	0.0065	0.00383406	0.003	0.01	60	0	60	60	
0.4	5.4	52	613	9	3	2	120	2	120	0.0065	0.00494975	0.003	0.01	60	0	60	60	
0.4	5.4	1	614	7	3	45	137385	44	130878	0.00968182	0.00147495	0.003	0.01	2974.5	2746.4	45	9422	
0.4	5.4	56	615	4	3	218	942841	218	942841	0.003	0	0.003	0.003	4324.96	2760.96	45	9422	
0.4	5.4	28	616	32	3	159	511949	159	511949	0.00696226	0.00365418	0.003	0.017	3219.81	2460.63	60	9422	
0.4	5.4	37	617	11	3	2	120	2	120	0.0065	0.00494975	0.003	0.01	60	0	60	60	
0.4	5.4	15	618	11	3	138	550927	139	552702	0.00748201	0.00357599	0.003	0.017	3976.27	2549.73	45	9422	
0.4	5.4	30	620	5	3	60	185904	60	185904	0.00743333	0.00340173	0.003	0.01	3098.4	2683.66	45	9422	
0.4	5.4	37	622	75	3	241	194031	241	194031	0.00532365	0.00359905	0.003	0.017	805.108	730.116	24	4733	
0.4	5.4	31	624	11	3	73	224359	73	224359	0.003	0	0.003	0.003	3073.41	1866.26	60	9422	
0.4	5.4	34	625	31	3	2	120	2	120	0.01	0	0.01	0.01	60	0	60	60	
0.4	5.4	2	627	12	3	211	271547	211	271547	0.00595261	0.00402583	0.003	0.017	1286.95	1112.63	35	9422	
0.4	5.4	9	628	11	3	193	731549	193	731549	0.00437824	0.00279079	0.003	0.01	3790.41	2235.26	45	9422	
0.4	5.4	40	629	18	3	77	232655	77	232655	0.00827273	0.00343602	0.003	0.017	3021.49	2428.87	60	9422	
0.4	5.4	39	630	13	3	1	60	1	60	0.003	0	0.003	0.003	60	0	60	60	
0.4	5.4	44	631	9	3	1	60	1	60	0.01	0	0.01	0.01	60	0	60	60	
0.4	5.4	57	633	14	3	137	213380	137	213380	0.0059635	0.00404644	0.003	0.017	1557.52	1343.28	36	6378	
0.4	5.4	49	634	4	3	166	639710	167	642671	0.00668862	0.00350542	0.003	0.01	3848.33	2867.13	36	9422	
0.4	5.4	8	636	4	3	3	180	3	180	0.003	0	0.003	0.003	60	0	60	60	
0.4	5.4	41	637	74	3	2	120	2	120	0.0065	0.00494975	0.003	0.01	60	0	60	60	
0.4	5.4	22	638	17	3	198	797798	198	797798	0.00522727	0.00326866	0.003	0.01	4029.28	2828.04	45	9422	
0.4	5.4	26	639	3	3	32	103659	32	103659	0.00978125	0.00123744	0.003	0.01	3239.34	2303.53	60	9422	
0.4	5.4	45	640	17	3	174	239904	174	239904	0.00746552	0.00412891	0.003	0.017	1378.76	1648.91	60	9422	
0.4	5.4	15	642	1	3	54	164013	54	164013	0.00546296	0.00337423	0.003	0.01	3037.28	2474.51	60	9422	
0.4	5.4	22	644	4	3	37	77645	37	77645	0.00754054	0.00443217	0.003	0.017	2098.51	2319.85	60	9422	
0.4	5.4	51	646	13	3	50	188375	50	188375	0.003	0	0.003	0.003	3767.5	2924.28	45	9422	
0.4	5.4	28	647	7	3	133	451098	133	451098	0.00542105	0.00334213	0.003	0.01	3391.71	2334.66	36	9422	
0.4	5.4	49	649	7	3	36	54558	36	54558	0.003	0	0.003	0.003	1515.5	2262.29	60	9422	
0.4	5.4	34	651	25	3	174	376780	174	376780	0.00481034	0.00307398	0.003	0.01	2165.4	1823.41	39	9422	
0.4	5.4	45	653	14	3	90	216847	90	216847	0.00681111	0.00350568	0.003	0.01	2409.41	1973.45	60	7708	
0.4	5.4	41	654	75	3	133	282078	133	282078	0.0058421	0.00385699	0.003	0.017	2120.89	1978.16	25	9422	
0.4	5.4	23	655	11	3	4	240	4	240	0.00825	0.0035	0.003	0.01	60	0	60	60	
0.4	5.4	24	657	1	3	20	48041	20	48041	0.00685	0.00357292	0.003	0.01	2402.05	1195.21	60	5324	
0.4	5.4	6	658	20	3	91	233300	91	233300	0.00776923	0.00344182	0.003	0.017	2563.74	1624.21	36	8282	
0.4	5.4	24	659	10	3	54	170040	54	170040	0.00844444	0.00323697	0.003	0.017	3148.89	2511.71	60	9422	
0.4	5.4	45	660	7	3	1	60	1	60	0.01	0	0.01	0.01	60	0	60	60	
0.4	5.4	29	661	11	3	17	39759	17	39759	0.0087647	0.00275067	0.003	0.01	2338.76	2659.51	60	9422	
0.4	5.4	41	662	38	3	18	25685	18	25685	0.0065	0.00432843	0.003	0.017	1426.94	1139.7	60	3919	
0.4	5.4	30	663	8	3	42	166957	42	166957	0.00783333	0.00327531	0.003	0.01	3975.17	2698.76	60	9422	
0.4	5.4	46	665	4	3	128	475218	128	475218	0.0060625	0.00359516	0.003	0.017	3712.64	2506.84	45	9422	
0.4	5.4	41	666	29	3	119	140446	119	140446	0.00605882	0.00382741	0.003	0.017	1180.22	749.526	60	5324	
0.4	5.4	41	667	2	3	4	240	4	240	0.0065	0.00404145	0.003	0.01	60	0	60	60	
0.4	5.4	57	669	3	3	41	84160	41	84160	0.003	0	0.003	0.003	2052.68	1615.04	60	5324	
0.4	5.4	4	670	6	3	115	303230	115	303230	0.00774783	0.00365591	0.003	0.017	2636.78	2137.69	45	9422	
0.4	5.4	27	672	20	3	130	283031	130	283031	0.00623077	0.00360993	0.003	0.017	2177.16	1859.65	28	9422	
0.4	5.4	11	673	5	3	104	388354	104	388354	0.00400961	0.00247117	0.003	0.01	3734.17	2243.11	60	9422	
0.4	5.4	51	675	2	3	14	31483	12	21424	0.00591667	0.0036045	0.003	0.01	1785.33	1241.67	60	4395	
0.4	5.4	18	676	1	3	1	60	1	60	0.01	0	0.01	0.01	60	0	60	60	
0.4	5.4	28	677	10	3	1	60	1	60	0.01	0	0.01	0.01	60	0	60	60	
0.4	5.4	50	679	6	3	109	413230	109	413230	0.00544037	0.00335115	0.003	0.01	3791.1	2674.89	45	9422	
0.4	5.4	9	680	8	3	109	342124	109	342124	0.003	0	0.003	0.003	3138.75	2317.52	45	9422	
0.4	5.4	52	681	14	3	222	244167	222	244167	0.00574324	0.00379352	0.003	0.017	1099.85	1071.08	10	9422	
0.4	5.4	48	683	2	3	73	242697	73	242697	0.0039589	0.00242349	0.003	0.01	3324.62	2419.49	60	9422	
0.4	5.4	14	685	8	3	75	245655	75	245655	0.00748	0.00338263	0.003	0.01	3275.4	1939.03	60	9422	
0.4	5.4	52	686	70	3	8	2606	7	1958	0.004	0.00264575	0.003	0.01	279.714	226.184	60	648	
0.4	5.4	2	689	1	3	152	430313	152	430313	0.00691447	0.00348686	0.003	0.01	2831.01	2125.02	45	9422	
0.4	5.4	52	691	57	3	217	154817	217	154817	0.00535484	0.003315	0.003	0.01	713.442	519.522	4	4733	
0.4	5.4	8	692	29	3	186	393798	184	388473	0.00790761	0.00402684	0.003	0.017	2111.27	1489.22	36	7099	
0.4	5.4	41	693	81	3	30	64034	30	64034	0.00743333	0.00430464	0.003	0.017	2134.47	1782.54	60	7690	
0.4	5.4	29	694	15	3	3	1892	2	708	0.01	0	0.01	0.01	354	415.779	60	648	
0.4	5.4	43	695	6	3	147	452664	147	452664	0.005	0.00317309	0.003	0.01	3079.35	2285.85	45	9422	
0.4	5.4	21	696	7	3	100	88972	100	88972	0.00692	0.00547848	0.003	0.017	889.72	598.47	43	3550	
0.4	5.4	19	697	7	3	64	238547	64	238547	0.003	0	0.003	0.003	3727.3	2050.95	60	8873	
0.4	5.4	56	699	9	3	65	148056	66	151606	0.00671212	0.00372833	0.003	0.017	2297.06	1754.42	60	9422	
0.4	5.4	47	700	7	3	103	426680	103	426680	0.003	0	0.003	0.003	4142.52	2271.1	45	9422	
0.4	5.4	40	702	14	3	119	367554	119	367554	0.00735294	0.00340883	0.003	0.01	3088.69	2360.79	45	9422	
0.4	5.4	57	703	10	3	129	422705	129	422705	0.003	0	0.003	0.003	3276.78	2729.57	45	9422	
0.4	5.4	57	704	11	3	229	477252	230	481647	0.00610435	0.00405287	0.003	0.017	2094.12	2002.36	40	9422	
0.4	5.4	24	705	3	3	47	143308	47	143308	0.00776596	0.00329831	0.003	0.01	3049.11	2624.9	45	9422	
0.4	5.4	6	706	15	3	77	152936	77	152936	0.00727273	0.00343602	0.003	0.01	1986.18	1787.21	43	9422	
0.4	5.4	37	707	6	3	1	60	1	60	0.003	0	0.003	0.003	60	0	60	60	
0.4	5.4	17	708	19	3	107	390713	107	390713	0.003	0	0.003	0.003	3651.52	2560.59	60	9422	
0.4	5.4	36	709	10	3	98	426683	98	426683	0.006	0.00348191	0.003	0.01	4353.91	2824.94	45	9422	
0.4	5.4	46	710	16	3	61	159301	61	159301	0.00506557	0.00346347	0.003	0.017	2611.49	2159.3	60	8873	
0.4	5.4	31	713	3	3	173	588943	175	592241	0.00776	0.0033596	0.003	0.017	3384.23	2517.79	45	9422	
0.4	5.4	49	714	1	3	79	200230	79	200230	0.0064557	0.00352208	0.003	0.01	2534.56	2222.54	60	9422	
0.4	5.4	22	715	12	3	1	60	1	60	0.003	0	0.003	0.003	60	0	60	60	
0.4	5.4	4	716	10	3	21	52301	21	52301	0.003	0	0.003	0.003	2490.52	2419.34	60	9422	
0.4	5.4	52	717	46	3	441	396256	441	396256	0.00592063	0.00388067	0.003	0.017	898.54	873.006	14	9422	
0.4	5.4	38	718	17	3	145	582892	145	582892	0.003	0	0.003	0.003	4019.94	3030.94	45	9422	
0.4	5.4	17	719	13	3	113	328626	113	328626	0.00634513	0.00351215	0.003	0.01	2908.19	2301.26	60	9422	
0.4	5.4	26	720	4	3	143	435020	143	435020	0.00799301	0.00328354	0.003	0.017	3042.1	2355.51	13	9422	
0.4	5.4	23	721	25	3	121	510703	121	510703	0.003	0	0.003	0.003	4220.69	2915.46	45	9422	
0.4	5.4	55	723	12	3	35	73032	35	73032	0.008	0.0049705	0.003	0.017	2086.63	1546.11	60	6882	
0.4	5.4	15	724	17	3	159	616027	159	616027	0.00793082	0.00329963	0.003	0.017	3874.38	2622.23	45	9422	
0.4	5.4	39	725	38	3	173	348891	173	348891	0.003	0	0.003	0.003	2016.71	1727.25	45	9422	
0.4	5.4	26	726	7	3	17	49221	17	49221	0.00629412	0.00360147	0.003	0.01	2895.35	1647.09	60	5324	
0.4	5.4	30	728	3	3	6	6626	6	6626	0.00883333	0.00285774	0.003	0.01	1104.33	665.004	60	1775	
0.4	5.4	9	733	22	3	128	407389	128	407389	0.00464062	0.00334319	0.003	0.017	3182.73	2607.87	45	9422	
0.4	5.4	44	734	21	3	58	108406	58	108406	0.00818965	0.00360534	0.003	0.017	1869.07	1802.71	60	7690	
0.4	5.4	37	735	54	3	359	432573	359	432573	0.00539833	0.00340802	0.003	0.017	1204.94	1154.67	24	9422	
0.4	5.4	2	736	7	3	77	132831	77	132831	0.00727273	0.00379278	0.003	0.017	1725.08	1153.52	60	7099	
0.4	5.4	41	737	33	3	4	3667	4	3667	0.0065	0.00404145	0.003	0.01	916.75	733.545	60	1775	
0.4	5.4	43	739	19	3	222	450077	221	448302	0.00727602	0.00390697	0.003	0.017	2028.52	1929.94	5	9422	
0.4	5.4	2	740	6	3	152	381455	152	381455	0.00774342	0.00423248	0.003	0.024	2509.57	2603.71	49	9422	
0.4	5.4	10	741	9	3	4	240	4	240	0.00825	0.0035	0.003	0.01	60	0	60	60	
0.4	5.4	18	744	4	3	51	161638	51	161638	0.00601961	0.00350137	0.003	0.01	3169.37	2257.37	60	9422	
0.4	5.4	1	747	2	3	87	362181	87	362181	0.00388506	0.00233987	0.003	0.01	4163	2092.42	60	9422	
0.4	5.4	19	748	2	3	3	180	3	180	0.00766667	0.0080829	0.003	0.017	60	0	60	60	
0.4	5.4	51	749	7	3	64	156444	64	156444	0.00770312	0.0033127	0.003	0.01	2444.44	2188.32	60	9422	
0.4	5.4	37	750	69	3	41	56365	41	56365	0.00317073	0.00109322	0.003	0.01	1374.76	1081.23	56	4395	
0.4	5.4	39	751	54	3	2	120	2	120	0.0065	0.00494975	0.003	0.01	60	0	60	60	
0.4	5.4	42	752	5	3	76	251592	76	251592	0.003	0	0.003	0.003	3310.42	1855.73	60	7690	
0.4	5.4	27	753	7	3	151	526686	151	526686	0.003	0	0.003	0.003	3487.99	2772.22	45	9422	
0.4	5.4	41	754	76	3	3	180	3	180	0.01	0	0.01	0.01	60	0	60	60	
0.4	5.4	6	755	6	3	1	60	1	60	0.017	0	0.017	0.017	60	0	60	60	
0.4	5.4	52	757	69	3	236	353163	236	353163	0.003	0	0.003	0.003	1496.45	1159.63	7	8873	
0.4	5.4	42	759	17	3	58	140949	58	140949	0.0087931	0.00266727	0.003	0.01	2430.16	1462.86	60	7099	
0.4	5.4	42	760	10	3	53	124972	53	124972	0.00749057	0.00338902	0.003	0.01	2357.96	1682.1	60	5861	
0.4	5.4	41	761	37	3	2	120	2	120	0.01	0	0.01	0.01	60	0	60	60	
0.4	5.4	47	766	13	3	55	116304	55	116304	0.00694545	0.00350353	0.003	0.01	2114.62	2251.05	60	9422	
0.4	5.4	12	768	15	3	1	60	1	60	0.003	0	0.003	0.003	60	0	60	60	
0.4	5.4	9	769	18	3	136	424490	136	424490	0.00567647	0.00351901	0.003	0.017	3121.25	2317.01	10	9422	
0.4	5.4	21	770	33	3	310	541317	310	541317	0.00780968	0.00426386	0.003	0.017	1746.18	1615.25	60	9422	
0.4	5.4	57	771	22	3	81	104933	77	101501	0.00627273	0.00489532	0.003	0.024	1318.19	1528.77	42	8873	
0.4	5.4	50	772	21	3	107	210358	107	210358	0.00594392	0.0034718	0.003	0.01	1965.96	1638.1	60	7098	
0.4	5.4	34	775	49	3	166	250624	166	250624	0.00683735	0.00404565	0.003	0.017	1509.78	1519.27	60	9422	
0.4	5.4	16	776	7	3	96	319728	96	319728	0.00620833	0.00350613	0.003	0.01	3330.5	2239.3	60	8873	
0.4	5.4	21	779	4	3	298	573317	298	573317	0.00548993	0.00335672	0.003	0.01	1923.88	1628.02	57	9422	
0.4	5.4	39	780	49	3	139	90389	139	90389	0.00642446	0.00521978	0.003	0.024	650.281	655.346	42	4395	
0.4	5.4	1	782	18	3	63	177619	63	177619	0.00766667	0.00332634	0.003	0.01	2819.35	1887.49	60	9422	
0.4	5.4	18	783	10	3	69	227314	69	227314	0.00431884	0.0027573	0.003	0.01	3294.41	1898.22	60	9422	
0.4	5.4	43	784	4	3	1	60	1	60	0.01	0	0.01	0.01	60	0	60	60	
0.4	5.4	20	786	1	3	163	323855	163	323855	0.00772393	0.00387981	0.003	0.017	1986.84	1436.9	60	6728	
0.4	5.4	39	789	51	3	80	56604	80	56604	0.0055375	0.00356475	0.003	0.017	707.55	640.73	49	3182	
0.4	5.4	21	790	11	3	60	123816	60	123816	0.00498333	0.00318094	0.003	0.01	2063.6	1898.79	60	9422	
0.4	5.4	53	796	3	3	126	309020	125	306653	0.006472	0.00351397	0.003	0.01	2453.22	1778.9	60	9422	
0.4	5.4	32	798	12	3	1	60	1	60	0.003	0	0.003	0.003	60	0	60	60	
0.4	5.4	56	799	11	3	11	10771	11	10771	0.00618182	0.00365563	0.003	0.01	979.182	462.539	60	1775	
0.4	5.4	52	800	11	3	3	180	3	180	0.00533333	0.00404145	0.003	0.01	60	0	60	60	
0.4	5.4	6	802	19	3	193	605807	193	605807	0.00815026	0.00333279	0.003	0.017	3138.9	2847.51	45	9422	
0.4	5.4	41	803	71	3	163	213238	163	213238	0.00780981	0.00422595	0.003	0.024	1308.21	1032.01	60	7690	
0.4	5.4	46	804	22	3	188	601428	188	601428	0.00482447	0.00332645	0.003	0.017	3199.09	2564.82	45	9422	
0.4	5.4	16	805	14	3	101	292429	101	292429	0.00688119	0.00349653	0.003	0.01	2895.34	2447.28	45	9422	
0.4	5.4	55	806	8	3	12	41477	12	41477	0.00591667	0.0036045	0.003	0.01	3456.42	3513.6	60	9422	
0.4	5.4	55	808	22	3	1	60	0	0	0	0	0	0	0	0	0	0	
0.4	5.4	11	809	14	3	152	371248	152	371248	0.00788158	0.00322641	0.003	0.01	2442.42	2230.96	45	9422	
0.4	5.4	22	810	16	3	18	56921	18	56921	0.00688889	0.00357917	0.003	0.01	3162.28	2125.47	60	7099	
0.4	5.4	17	812	9	3	64	181780	64	181780	0.00551562	0.00338527	0.003	0.01	2840.31	2506.63	45	9422	
0.4	5.4	12	814	11	3	14	15449	13	14265	0.00676923	0.00363212	0.003	0.01	1097.31	521.609	60	1775	
0.4	5.4	23	815	6	3	28	90049	28	90049	0.007	0.00352767	0.003	0.01	3216.04	2213.56	60	7099	
0.4	5.4	37	816	64	3	201	381461	202	382645	0.00376238	0.00218611	0.003	0.01	1894.28	1513.76	11	7708	
0.4	5.4	37	817	56	3	188	325350	188	325350	0.00460106	0.00294793	0.003	0.01	1730.59	1461.62	4	9422	
0.4	5.4	20	819	16	3	112	177098	112	177098	0.008125	0.00351349	0.003	0.017	1581.23	1211.05	60	5324	
0.4	5.4	20	820	20	3	145	465904	145	465904	0.003	0	0.003	0.003	3213.13	2544.93	45	9422	
0.4	5.4	21	823	37	3	245	414655	245	414655	0.0054	0.00332945	0.003	0.01	1692.47	1581.01	16	9422	
0.4	5.4	49	824	11	3	31	91838	31	91838	0.00683871	0.00354116	0.003	0.01	2962.52	2078.08	60	9422	
0.4	5.4	43	825	15	3	142	218661	142	218661	0.00728873	0.00407132	0.003	0.017	1539.87	1335.61	6	9422	
0.4	5.4	44	828	6	3	54	165209	54	165209	0.00325926	0.00133438	0.003	0.01	3059.43	2226.2	60	9422	
0.4	5.4	45	829	2	3	121	223838	121	223838	0.0054876	0.00336431	0.003	0.01	1849.9	1452.89	60	9422	
0.4	5.4	55	830	11	3	141	242226	141	242226	0.00692198	0.00386758	0.003	0.017	1717.91	1694.48	60	9422	
0.4	5.4	34	833	15	3	51	67026	50	66615	0.00524	0.00358887	0.003	0.017	1332.3	983.332	60	4395	
0.4	5.4	28	836	5	3	101	310186	101	310186	0.003	0	0.003	0.003	3071.15	1979.15	60	9422	
0.4	5.4	52	838	62	3	75	100181	75	100181	0.00598667	0.00348547	0.003	0.01	1335.75	1544.56	45	9422	
0.4	5.4	55	839	43	3	24	61067	24	61067	0.003	0	0.003	0.003	2544.46	2404.34	60	9422	
0.4	5.4	39	840	37	3	266	274003	267	274648	0.00606741	0.00378401	0.003	0.017	1028.64	1032.9	6	9422	
0.4	5.4	46	841	6	3	91	251005	91	251005	0.00507692	0.00321535	0.003	0.01	2758.3	1737.04	60	7099	
0.4	5.4	23	844	20	3	1	60	0	0	0	0	0	0	0	0	0	0	
0.4	5.4	57	846	21	3	88	188927	88	188927	0.00594318	0.00347523	0.003	0.01	2146.9	1940.57	60	9422	
0.4	5.4	52	847	4	3	43	35677	43	35677	0.00593023	0.00349418	0.003	0.01	829.698	545.742	60	1980	
0.4	5.4	32	849	9	3	9	12543	9	12543	0.00922222	0.00233333	0.003	0.01	1393.67	1009.41	60	3550	
0.4	5.4	1	851	16	3	110	364636	110	364636	0.00879091	0.00265819	0.003	0.01	3314.87	2443.88	45	9422	
0.4	5.4	45	853	6	3	274	530604	274	530604	0.00790511	0.00405165	0.003	0.017	1936.51	1891.66	13	9422	
0.4	5.4	49	855	2	3	152	347528	152	347528	0.00755921	0.00371454	0.003	0.017	2286.37	1889.38	45	9422	
0.4	5.4	50	856	20	3	113	397007	113	397007	0.00510619	0.0032248	0.003	0.01	3513.34	3172.75	45	9422	
0.4	5.4	51	857	23	3	157	684651	157	684651	0.00621019	0.00349914	0.003	0.01	4360.83	2758.94	45	9422	
0.4	5.4	49	859	16	3	3	1892	3	1892	0.003	0	0.003	0.003	630.667	562.2	60	1184	
0.4	5.4	39	860	86	3	132	100261	131	100010	0.00636641	0.0043716	0.003	0.017	763.435	613.09	34	3211	
0.4	5.4	32	861	3	3	85	366328	85	366328	0.00407059	0.00253447	0.003	0.01	4309.74	2051.96	57	9422	
0.4	5.4	52	862	82	3	3	180	3	180	0.00766667	0.00404145	0.003	0.01	60	0	60	60	
0.4	5.4	43	863	7	3	1	60	1	60	0.01	0	0.01	0.01	60	0	60	60	
0.4	5.4	49	866	15	3	40	108995	40	108995	0.003	0	0.003	0.003	2724.87	2606.85	60	9422	
0.4	5.4	52	869	20	3	193	116799	193	116799	0.00601036	0.00449883	0.003	0.024	605.176	937.458	13	9422	
0.4	5.4	34	870	13	3	1	60	1	60	0.01	0	0.01	0.01	60	0	60	60	
0.4	5.4	29	871	2	3	12	29699	12	29699	0.01	0	0.01	0.01	2474.92	1473.36	60	5324	
0.4	5.4	39	873	6	3	1	60	1	60	0.01	0	0.01	0.01	60	0	60	60	
0.4	5.4	12	875	9	3	78	178945	78	178945	0.00847436	0.00350408	0.003	0.017	2294.17	1811.14	26	8282	
0.4	5.4	35	876	8	3	103	401853	103	401853	0.00857281	0.00283397	0.003	0.01	3901.49	3159.46	45	9422	
0.4	5.4	37	877	22	3	151	132372	151	132372	0.00545695	0.00335208	0.003	0.01	876.636	769.449	43	6882	
0.4	5.4	31	878	16	3	41	108399	41	108399	0.00863415	0.00280852	0.003	0.01	2643.88	1498.61	60	6507	
0.4	5.4	9	879	4	3	1	60	1	60	0.003	0	0.003	0.003	60	0	60	60	
0.4	5.4	52	880	31	3	323	236034	323	236034	0.00568731	0.00435085	0.003	0.017	730.755	717.319	60	7708	
0.4	5.4	55	881	10	3	1	60	1	60	0.003	0	0.003	0.003	60	0	60	60	
0.4	5.4	25	882	5	3	20	44491	20	44491	0.003	0	0.003	0.003	2224.55	2005.94	60	7099	
0.4	5.4	35	883	16	3	44	143310	44	143310	0.00538636	0.00335646	0.003	0.01	3257.05	1800.91	60	7690	
0.4	5.4	53	885	14	3	171	554426	172	556392	0.00686628	0.00349094	0.003	0.01	3234.84	2340.48	45	9422	
0.4	5.4	37	887	38	3	3	180	3	180	0.00766667	0.00404145	0.003	0.01	60	0	60	60	
0.4	5.4	23	888	21	3	1	60	1	60	0.01	0	0.01	0.01	60	0	60	60	
0.4	5.4	37	889	46	3	6	5444	6	5444	0.00883333	0.00285774	0.003	0.01	907.333	706.249	60	1775	
0.4	5.4	8	890	31	3	173	564720	173	564720	0.0042948	0.00272581	0.003	0.01	3264.28	2124.63	45	9422	
0.4	5.4	35	892	1	3	5	3669	5	3669	0.0044	0.0031305	0.003	0.01	733.8	721.046	60	1775	
0.4	5.4	19	893	21	3	99	240516	97	235782	0.00624742	0.00392118	0.003	0.017	2430.74	2044.6	43	9422	
0.4	5.4	9	894	23	3	81	323860	81	323860	0.003	0	0.003	0.003	3998.27	2863.85	45	9422	
0.4	5.4	10	895	1	3	139	664625	139	664625	0.003	0	0.003	0.003	4781.47	3276.1	45	9422	
0.4	5.4	46	896	5	3	77	236318	75	222710	0.00654667	0.00352326	0.003	0.01	2969.47	1978.37	36	8873	
0.4	5.4	23	897	24	3	115	437953	115	437953	0.00433913	0.00276535	0.003	0.01	3808.29	2071.2	60	9422	
0.4	5.4	13	898	1	3	7	14316	7	14316	0.009	0.00264575	0.003	0.01	2045.14	1816.4	60	5324	
0.4	5.4	39	899	26	3	85	136283	85	136283	0.00547059	0.00336505	0.003	0.01	1603.33	1696.85	60	9422	
0.4	5.4	28	900	27	3	31	58110	31	58110	0.00864516	0.00334214	0.003	0.017	1874.52	1601.32	60	7708	
0.4	5.4	43	901	14	3	113	349926	113	349926	0.003	0	0.003	0.003	3096.69	1957.43	45	9422	
0.4	5.4	52	902	1	3	1	60	1	60	0.01	0	0.01	0.01	60	0	60	60	
0.4	5.4	57	904	19	3	253	491947	254	496088	0.00672047	0.00401536	0.003	0.017	1953.1	2045.95	45	9422	
0.4	5.4	46	905	21	3	3	180	3	180	0.01	0	0.01	0.01	60	0	60	60	
0.4	5.4	37	906	28	3	83	58801	83	58801	0.00451807	0.00290232	0.003	0.01	708.446	446.604	60	1775	
0.4	5.4	41	907	26	3	7	3674	7	3674	0.003	0	0.003	0.003	524.857	360.445	60	1031	
0.4	5.4	52	908	50	3	2	120	2	120	0.003	0	0.003	0.003	60	0	60	60	
0.4	5.4	16	909	2	3	60	167085	60	167085	0.00545	0.00336696	0.003	0.01	2784.75	2424.94	60	9422	
0.4	5.4	3	910	5	3	4	3667	3	1892	0.01	0	0.01	0.01	630.667	562.2	60	1184	
0.4	5.4	42	911	19	3	4	240	4	240	0.0065	0.00404145	0.003	0.01	60	0	60	60	
0.4	5.4	41	912	1	3	1	60	1	60	0.003	0	0.003	0.003	60	0	60	60	
0.4	5.4	39	913	10	3	5	300	5	300	0.0072	0.00626099	0.003	0.017	60	0	60	60	
0.4	5.4	34	914	54	3	13	31481	13	31481	0.003	0	0.003	0.003	2421.62	2482.14	60	9422	
0.4	5.4	2	915	34	3	2	120	2	120	0.0065	0.00494975	0.003	0.01	60	0	60	60	
0.4	5.4	25	916	9	3	1	60	1	60	0.003	0	0.003	0.003	60	0	60	60	
0.4	5.4	37	918	37	3	286	338403	286	338403	0.00598601	0.00414557	0.003	0.017	1183.23	1309.21	46	7099	
0.4	5.4	33	919	9	3	88	243908	87	240358	0.00726437	0.00359735	0.003	0.017	2762.74	1581.7	60	6507	
0.4	5.4	18	922	6	3	33	78818	33	78818	0.00893939	0.00355263	0.003	0.017	2388.42	2252.41	60	9422	
0.4	5.4	51	923	19	3	113	299666	114	300258	0.00791228	0.00371689	0.003	0.017	2633.84	2131.56	13	9422	
0.4	5.4	39	924	42	3	2	708	2	708	0.0065	0.00494975	0.003	0.01	354	415.779	60	648	
0.4	5.4	5	927	9	3	123	370142	123	370142	0.00715447	0.00345233	0.003	0.01	3009.28	2596.63	45	9422	
0.4	5.4	29	928	12	3	1	60	1	60	0.01	0	0.01	0.01	60	0	60	60	
0.4	5.4	25	929	2	3	34	96558	34	96558	0.00897059	0.00251643	0.003	0.01	2839.94	2547.07	60	7099	
0.4	5.4	10	931	5	3	2	120	2	120	0.01	0	0.01	0.01	60	0	60	60	
0.4	5.4	55	933	20	3	163	414606	163	414606	0.00493251	0.00313902	0.003	0.01	2543.6	1893.84	60	9422	
0.4	5.4	39	934	34	3	171	98134	171	98134	0.00545614	0.00405145	0.003	0.017	573.883	586.421	30	3550	
0.4	5.4	41	935	60	3	99	154006	99	154006	0.00681818	0.00364318	0.003	0.017	1555.62	1192.76	60	7099	
0.4	5.4	52	939	55	3	356	260039	356	260039	0.00585112	0.00400039	0.003	0.017	730.447	751.639	26	9422	
0.4	5.4	38	940	9	3	133	444464	133	444464	0.00742105	0.00349721	0.003	0.017	3341.83	2044.53	60	9422	
0.4	5.4	2	941	32	3	151	565875	152	567059	0.00488816	0.00311703	0.003	0.01	3730.65	2927.82	45	9422	
0.4	5.4	8	942	13	3	110	366506	110	366506	0.003	0	0.003	0.003	3331.87	1982.96	60	9422	
0.4	5.4	11	944	7	3	20	46380	20	46380	0.0086	0.00287274	0.003	0.01	2319	2184.57	60	7690	
0.4	5.4	51	948	11	3	8	21415	8	21415	0.003875	0.00247487	0.003	0.01	2676.88	2453.7	60	7099	
0.4	5.4	37	950	8	3	113	293644	113	293644	0.003	0	0.003	0.003	2598.62	1942.01	45	9422	
0.4	5.4	37	955	65	3	64	51108	64	51108	0.00584375	0.00388819	0.003	0.017	798.562	599.176	53	2961	
0.4	5.4	37	956	48	3	2	120	2	120	0.0065	0.00494975	0.003	0.01	60	0	60	60	
0.4	5.4	40	958	12	3	25	63427	25	63427	0.0086	0.00285774	0.003	0.01	2537.08	2079.13	36	7690	
0.4	5.4	49	960	13	3	3	180	3	180	0.00766667	0.00404145	0.003	0.01	60	0	60	60	
0.4	5.4	56	962	1	3	102	232773	102	232773	0.003	0	0.003	0.003	2282.09	2538.41	60	9422	
0.4	5.4	39	963	48	3	210	227678	210	227678	0.00523333	0.00327055	0.003	0.01	1084.18	865.881	14	5324	
0.4	5.4	14	965	11	3	1	60	1	60	0.003	0	0.003	0.003	60	0	60	60	
0.4	5.4	17	966	2	3	117	440910	117	440910	0.00838461	0.0031013	0.003	0.017	3768.46	2378	45	9422	
0.4	5.4	4	968	9	3	159	452218	158	448077	0.00712025	0.00379969	0.003	0.017	2835.93	2186.06	45	9422	
0.4	5.4	34	969	16	3	133	295545	133	295545	0.00742105	0.0033894	0.003	0.01	2222.14	1653.33	56	8873	
0.4	5.4	39	972	77	3	104	137496	104	137496	0.00448077	0.00287264	0.003	0.01	1322.08	1006	60	5324	
0.4	5.4	47	973	11	3	96	356983	96	356983	0.00744792	0.00338688	0.003	0.01	3718.57	2318.87	60	9422	
0.4	5.4	13	974	10	3	151	617890	150	613157	0.00813333	0.00310589	0.003	0.01	4087.71	2749.25	45	9422	
0.4	5.4	34	975	53	3	39	26785	38	26412	0.00539474	0.00373833	0.003	0.017	695.053	411.189	56	1527	
0.4	5.4	54	977	10	3	67	268844	67	268844	0.00655224	0.00352602	0.003	0.01	4012.6	2821.61	45	9422	
0.4	5.4	32	978	2	3	83	301971	83	301971	0.003	0	0.003	0.003	3638.2	2356.29	60	9422	
0.4	5.4	39	979	3	3	1	60	1	60	0.003	0	0.003	0.003	60	0	60	60	
0.4	5.4	46	980	12	3	74	133275	74	133275	0.00848649	0.00333205	0.003	0.017	1801.01	1925.94	60	9422	
0.4	5.4	13	982	17	3	2	120	2	120	0.003	0	0.003	0.003	60	0	60	60	
0.4	5.4	12	983	6	3	146	421545	146	421545	0.00736301	0.00340361	0.003	0.01	2887.29	1905.6	45	9422	
0.4	5.4	8	984	36	3	135	329841	135	329841	0.00605926	0.00348507	0.003	0.01	2443.27	2191.8	45	9422	
0.4	5.4	23	986	17	3	162	487693	162	487693	0.00766667	0.00331006	0.003	0.01	3010.45	2200.76	26	8873	
0.4	5.4	24	988	15	3	3	180	3	180	0.00766667	0.00404145	0.003	0.01	60	0	60	60	
0.4	5.4	21	989	12	3	21	32083	21	32083	0.00766667	0.00338132	0.003	0.01	1527.76	1651.23	58	5324	
0.4	5.4	56	990	5	3	162	524891	162	524891	0.00580864	0.00344168	0.003	0.01	3240.07	2809.89	45	9422	
0.4	5.4	19	991	20	3	178	591217	178	589443	0.00532022	0.0033872	0.003	0.017	3311.48	2334.29	45	9422	
0.4	5.4	8	994	42	3	55	128531	55	128531	0.00783636	0.00326465	0.003	0.01	2336.93	1268.23	60	5324	
0.4	5.4	55	995	46	3	52	96596	52	96596	0.00569231	0.00343876	0.003	0.01	1857.62	1529.18	60	7690	
0.4	5.4	10	996	15	3	2	120	2	120	0.003	0	0.003	0.003	60	0	60	60	
0.4	5.4	48	997	7	3	78	262335	78	262335	0.003	0	0.003	0.003	3363.27	2694.24	45	9422	
0.4	5.4	44	998	7	3	5	5442	5	5442	0.003	0	0.003	0.003	1088.4	742.216	60	1775	
0.4	5.4	37	999	41	3	14	4272	14	4272	0.006	0.00359487	0.003	0.01	305.143	244.845	28	648	
0.4	5.4	53	1001	8	3	245	684802	245	684802	0.00688571	0.00402085	0.003	0.017	2795.11	2364.16	36	9422	
0.4	5.4	34	1002	34	3	252	283444	252	283444	0.00711111	0.00490178	0.003	0.024	1124.78	1345.15	6	9422	
0.4	5.4	42	1005	11	3	56	148635	56	148635	0.004125	0.00259414	0.003	0.01	2654.2	1942.28	60	9422	
0.4	5.4	34	1007	7	3	42	38615	42	38615	0.0065	0.00494975	0.003	0.017	919.405	497.626	43	1775	
0.4	5.4	4	1008	16	3	169	645146	169	645146	0.00598225	0.00347178	0.003	0.01	3817.43	2705.64	35	9422	
0.4	5.4	53	1009	1	3	154	491816	154	491816	0.00477273	0.00305403	0.003	0.01	3193.61	1999.3	7	9422	
0.4	5.4	21	1010	15	3	165	212094	165	212094	0.00724242	0.00435211	0.003	0.017	1285.42	1153.47	60	5324	
0.4	5.4	37	1012	52	3	55	39353	55	39353	0.00618182	0.00463118	0.003	0.017	715.509	547.188	44	1775	
0.4	5.4	41	1013	34	3	13	7937	13	7937	0.003	0	0.003	0.003	610.538	437.676	60	1527	
0.4	5.4	14	1015	7	3	26	50527	26	50527	0.003	0	0.003	0.003	1943.35	2302.53	60	9422	
0.4	5.4	9	1017	15	3	22	42078	22	42078	0.00586364	0.00352265	0.003	0.01	1912.64	1035.2	60	4141	
0.4	5.4	39	1018	83	3	285	182862	284	181767	0.00578521	0.00436493	0.003	0.024	640.025	752.726	42	9422	
0.4	5.4	6	1020	9	3	136	437002	136	437002	0.00541912	0.00334122	0.003	0.01	3213.25	2593.81	60	9422	
0.4	5.4	8	1021	3	3	2	708	2	708	0.01	0	0.01	0.01	354	415.779	60	648	
0.4	5.4	27	1022	2	3	43	101299	43	101299	0.003	0	0.003	0.003	2355.79	2660.78	45	9422	
0.4	5.4	36	1024	5	3	71	185336	71	185336	0.0064507	0.00352456	0.003	0.01	2610.37	1912.26	60	9422	
0.4	5.4	25	1025	11	3	41	131459	41	131459	0.00965854	0.00152659	0.003	0.01	3206.32	1576.23	60	8873	
0.4	5.4	56	1027	7	3	18	50414	18	50414	0.00844444	0.00299455	0.003	0.01	2800.78	1590.94	60	6396	
0.4	5.4	34	1028	50	3	72	71236	72	71236	0.00572222	0.0051954	0.003	0.024	989.389	714.197	9	2961	
0.4	5.4	3	1029	1	3	43	109000	43	109000	0.00723256	0.00346298	0.003	0.01	2534.88	1516.72	60	7099	
0.4	5.4	13	1030	3	3	1	60	1	60	0.01	0	0.01	0.01	60	0	60	60	
0.4	5.4	55	1033	35	3	52	64670	52	64670	0.00663461	0.00353153	0.003	0.01	1243.65	751.893	60	2961	
0.4	5.4	22	1035	8	3	82	191854	82	191854	0.00837805	0.00401122	0.003	0.017	2339.68	1730.97	60	9422	
0.4	5.4	2	1036	30	3	78	161088	78	161088	0.0071282	0.00346545	0.003	0.01	2065.23	1520.89	60	5916	
0.4	5.4	43	1037	12	3	30	72314	30	72314	0.003	0	0.003	0.003	2410.47	1386	60	5324	
0.4	5.4	24	1042	5	3	79	255244	79	255244	0.0076962	0.00331026	0.003	0.01	3230.94	2104.55	60	8873	
0.4	5.4	49	1043	20	3	138	402731	138	402731	0.00761594	0.00332941	0.003	0.01	2918.34	2434.53	60	9422	
0.4	5.4	54	1044	16	3	115	420902	115	420902	0.00604348	0.00348529	0.003	0.01	3660.02	2521.55	45	9422	
0.4	5.4	55	1045	44	3	23	27352	23	27352	0.00573913	0.00408119	0.003	0.017	1189.22	1050.32	60	5324	
0.4	5.4	4	1046	20	3	5	5442	5	5442	0.003	0	0.003	0.003	1088.4	742.216	60	1775	
0.4	5.4	35	1047	3	3	248	1094869	248	1094869	0.003	0	0.003	0.003	4414.79	2598.97	45	9422	
0.4	5.4	19	1048	27	3	16	36803	16	36803	0.0060625	0.00358643	0.003	0.01	2300.19	1511.09	60	5324	
0.4	5.4	23	1051	26	3	118	344482	118	344482	0.00448305	0.0028726	0.003	0.01	2919.34	2153.53	60	9422	
0.4	5.4	42	1053	7	3	225	937027	225	937027	0.003	0	0.003	0.003	4164.56	2857.29	45	9422	
0.4	5.4	52	1054	40	3	114	136563	114	136563	0.00404386	0.00250448	0.003	0.01	1197.92	780.619	43	4395	
0.4	5.4	44	1055	1	3	1	60	1	60	0.01	0	0.01	0.01	60	0	60	60	
0.4	5.4	55	1056	39	3	277	472596	277	472596	0.00780144	0.00412138	0.003	0.017	1706.12	1393.92	50	9422	
0.4	5.4	4	1057	12	3	26	77043	26	77043	0.003	0	0.003	0.003	2963.19	2018.28	60	9422	
0.4	5.4	46	1059	9	3	192	596813	192	596813	0.00759375	0.00383448	0.003	0.017	3108.4	2656.18	45	9422	
0.4	5.4	52	1061	53	3	381	410204	381	410204	0.00538845	0.00332317	0.003	0.01	1076.65	858.371	23	5324	
0.4	5.4	14	1062	1	3	45	150512	45	150512	0.00844444	0.00294306	0.003	0.01	3344.71	2821.54	45	9422	
0.4	5.4	44	1063	4	3	123	450372	123	450372	0.00760976	0.00333298	0.003	0.01	3661.56	2715.38	45	9422	
0.4	5.4	53	1065	4	3	107	225232	107	225232	0.00823364	0.00397535	0.003	0.017	2104.97	2048.49	60	9422	
0.4	5.4	9	1067	13	3	11	14325	11	14325	0.00745454	0.00353167	0.003	0.01	1302.27	1003.41	60	3182	
0.4	5.4	42	1068	8	3	140	244516	140	244516	0.00855	0.002847	0.003	0.01	1746.54	1701.5	60	9422	
0.4	5.4	44	1069	12	3	42	104854	42	104854	0.00733333	0.00344055	0.003	0.01	2496.52	2184.42	60	9422	
0.4	5.4	57	1070	6	3	244	471484	244	471484	0.00561065	0.00339208	0.003	0.01	1932.31	1720.98	13	9422	
0.4	5.4	2	1073	5	3	2	120	2	120	0.0065	0.00494975	0.003	0.01	60	0	60	60	
0.4	5.4	38	1074	10	3	114	391917	115	397241	0.00701739	0.0034767	0.003	0.01	3454.27	2223.44	45	9422	
0.4	5.4	35	1076	5	3	55	154553	55	154553	0.00643636	0.00353167	0.003	0.01	2810.05	1405.33	60	5324	
0.4	5.4	40	1078	5	3	44	142823	44	142823	0.00809091	0.00315357	0.003	0.01	3245.98	2458.96	60	9422	
0.4	5.4	38	1079	3	3	147	465188	147	465188	0.00595238	0.00346871	0.003	0.01	3164.54	2415.4	26	9422	
0.4	5.4	23	1081	5	3	1	60	1	60	0.01	0	0.01	0.01	60	0	60	60	
0.4	5.4	27	1082	1	3	142	180112	142	180112	0.00694366	0.00420701	0.003	0.017	1268.39	1261.93	7	9422	
0.4	5.4	40	1083	16	3	62	175965	62	175965	0.00898387	0.00248597	0.003	0.01	2838.15	2579	60	9422	
0.4	5.4	51	1085	22	3	152	567067	152	567067	0.00719079	0.0034425	0.003	0.01	3730.7	2609.01	45	9422	
0.4	5.4	54	1086	5	3	148	604300	147	603708	0.00347619	0.00176857	0.003	0.01	4106.86	3049.25	45	9422	
0.4	5.4	21	1087	10	3	2	120	2	120	0.0065	0.00494975	0.003	0.01	60	0	60	60	
0.4	5.4	19	1088	14	3	169	697779	169	697779	0.003	0	0.003	0.003	4128.87	2796.86	45	9422	
0.4	5.4	3	1089	7	3	88	275385	88	275385	0.00578409	0.00344563	0.003	0.01	3129.37	2063.58	60	9422	
0.4	5.4	11	1092	4	3	86	253588	86	253588	0.003	0	0.003	0.003	2948.7	2366.44	60	9422	
0.4	5.4	28	1093	26	3	121	423455	121	423455	0.00641322	0.00351347	0.003	0.01	3499.63	2373.05	45	9422	
0.4	5.4	56	1094	6	3	128	377742	128	377742	0.00721094	0.00355087	0.003	0.017	2951.11	2453.46	60	9422	
0.4	5.4	37	1095	59	3	376	303714	376	303714	0.00527128	0.00369372	0.003	0.017	807.75	913.805	5	7099	
0.4	5.4	56	1096	13	3	94	216513	94	216513	0.00687234	0.0034988	0.003	0.01	2303.33	2132.95	60	9422	
0.4	5.4	5	1097	7	3	124	497804	124	497804	0.00554032	0.00337952	0.003	0.01	4014.55	2789.28	45	9422	
0.4	5.4	41	1099	63	3	95	106348	95	106348	0.00668421	0.00379883	0.003	0.017	1119.45	767.005	60	4395	
0.4	5.4	52	1103	87	3	2	120	2	120	0.01	0	0.01	0.01	60	0	60	60	
0.4	5.4	50	1104	12	3	85	159463	85	159463	0.00670588	0.00351468	0.003	0.01	1876.04	1563.03	33	9422	
0.4	5.4	16	1107	9	3	43	102486	43	102486	0.00788372	0.00390488	0.003	0.017	2383.4	2026.65	60	9422	
0.4	5.4	57	1109	9	3	140	211535	140	211535	0.0075	0.00497259	0.003	0.024	1510.96	1560.54	26	9422	
0.4	5.4	30	1110	16	3	22	83537	22	83537	0.003	0	0.003	0.003	3797.14	2709.5	60	9422	
0.4	5.4	54	1111	19	3	148	351178	148	351178	0.00763513	0.00342092	0.003	0.017	2372.82	1889.99	13	9422	
0.4	5.4	52	1112	7	3	1	60	1	60	0.01	0	0.01	0.01	60	0	60	60	
0.4	5.4	39	1113	84	3	322	334926	322	334926	0.00552174	0.0036695	0.003	0.017	1040.14	1388.51	3	9422	
0.4	5.4	51	1114	8	3	102	319036	102	319036	0.00670588	0.00351119	0.003	0.01	3127.8	2058.46	36	9422	
0.4	5.4	6	1115	16	3	143	577707	143	577707	0.00569231	0.0034175	0.003	0.01	4039.91	2970.42	45	9422	
0.4	5.4	57	1117	13	3	87	120327	87	120327	0.00589655	0.00346757	0.003	0.01	1383.07	1518.4	7	9422	
0.4	5.4	10	1119	16	3	90	427261	90	427261	0.00548889	0.00336954	0.003	0.01	4747.34	2952.45	45	9422	
0.4	5.4	37	1121	20	3	100	64777	100	64777	0.00461	0.00296067	0.003	0.01	647.77	781.777	60	5664	
0.4	5.4	11	1122	6	3	42	101893	42	101893	0.00766667	0.00333983	0.003	0.01	2426.02	2329.07	45	9422	
0.4	5.4	51	1124	17	3	2	120	2	120	0.01	0	0.01	0.01	60	0	60	60	
0.4	5.4	24	1125	21	3	61	161663	61	161663	0.00759016	0.00358877	0.003	0.017	2650.21	1792.19	57	6507	
0.4	5.4	41	1127	13	3	131	184912	131	184912	0.00561832	0.00340013	0.003	0.01	1411.54	1465.57	60	8873	
0.4	5.4	21	1129	40	3	134	249914	134	249914	0.00629104	0.00350687	0.003	0.01	1865.03	1940.24	43	9422	
0.4	5.4	56	1131	2	3	125	443268	125	443268	0.00552	0.00337352	0.003	0.01	3546.14	2101.4	60	9422	
0.4	5.4	36	1135	6	3	65	172904	65	172904	0.00784615	0.00325591	0.003	0.01	2660.06	2328.14	45	9422	
0.4	5.4	39	1136	5	3	257	246733	257	246733	0.00572373	0.00352967	0.003	0.017	960.051	728.771	60	5380	
0.4	5.4	1	1137	13	3	3	1892	3	1892	0.003	0	0.003	0.003	630.667	562.2	60	1184	
0.4	5.4	33	1138	13	3	80	288256	80	288256	0.00475	0.00305021	0.003	0.01	3603.2	2935.82	45	9422	
0.4	5.4	39	1140	55	3	3	180	3	180	0.00533333	0.00404145	0.003	0.01	60	0	60	60	
0.4	5.4	34	1142	24	3	156	336846	156	336846	0.00654487	0.00393552	0.003	0.017	2159.27	2558.58	34	9422	
0.4	5.4	27	1143	4	3	211	380252	211	380252	0.00701422	0.00420032	0.003	0.017	1802.14	1581.6	60	9422	
0.4	5.4	42	1144	3	3	3	180	3	180	0.00766667	0.00404145	0.003	0.01	60	0	60	60	
0.4	5.4	11	1145	11	3	17	39761	17	39761	0.00711765	0.0035511	0.003	0.01	2338.88	1517.23	60	5324	
0.4	5.4	56	1146	8	3	1	60	1	60	0.003	0	0.003	0.003	60	0	60	60	
0.4	5.4	32	1147	4	3	110	431414	110	431414	0.003	0	0.003	0.003	3921.95	2593.52	45	9422	
0.4	5.4	21	1148	30	3	3	1300	3	1300	0.01	0	0.01	0.01	433.333	324.526	60	648	
0.4	5.4	34	1149	56	3	204	319911	204	319911	0.00643137	0.00436626	0.003	0.017	1568.19	1281.76	13	9422	
0.4	5.4	41	1151	16	3	92	203865	92	203865	0.00307609	0.0007298	0.003	0.01	2215.92	2178.59	60	9422	
0.4	5.4	1	1152	9	3	40	101884	40	101884	0.00615	0.00352682	0.003	0.01	2547.1	2019.86	60	9422	
0.4	5.4	39	1155	67	3	49	30363	49	30363	0.00442857	0.00318852	0.003	0.017	619.653	482.131	53	1775	
0.4	5.4	46	1156	3	3	152	477750	152	477750	0.00622368	0.00359211	0.003	0.017	3143.09	2640.73	10	9422	
0.4	5.4	37	1157	29	3	67	70708	67	70708	0.00550746	0.00379542	0.003	0.017	1055.34	936.638	5	5258	
0.4	5.4	23	1159	1	3	37	88705	37	88705	0.00508108	0.00363913	0.003	0.017	2397.43	2558.08	60	9422	
0.4	5.4	37	1160	16	3	3	180	3	180	0.00766667	0.00404145	0.003	0.01	60	0	60	60	
0.4	5.4	44	1164	25	3	20	48044	20	48044	0.01	0.0022711	0.003	0.017	2402.2	1816.19	60	5324	
0.4	5.4	5	1165	15	3	152	709466	152	709466	0.00336842	0.00156825	0.003	0.01	4667.54	2545.3	45	9422	
0.4	5.4	19	1166	6	3	8	8996	8	8996	0.0065	0.00648074	0.003	0.017	1124.5	905.433	60	2961	
0.4	5.4	57	1168	16	3	106	228096	106	228096	0.003	0	0.003	0.003	2151.85	1927.18	45	9422	
0.4	5.4	2	1169	13	3	70	146292	70	146292	0.0048	0.0030815	0.003	0.01	2089.89	1910.25	60	9422	
0.4	5.4	39	1170	12	3	1	60	1	60	0.01	0	0.01	0.01	60	0	60	60	
0.4	5.4	19	1171	3	3	2	120	2	120	0.003	0	0.003	0.003	60	0	60	60	
0.4	5.4	8	1174	30	3	110	283702	110	283702	0.00669091	0.00351078	0.003	0.01	2579.11	2002.93	60	9422	
0.4	5.4	41	1176	46	3	157	311447	157	311447	0.00612102	0.00349056	0.003	0.01	1983.74	1804.36	60	9422	
0.4	5.4	28	1177	25	3	82	194208	82	194208	0.00504878	0.00320456	0.003	0.01	2368.39	2119.61	60	9422	
0.4	5.4	37	1178	4	3	256	297332	256	297332	0.00392969	0.00238026	0.003	0.01	1161.45	852.124	60	5204	
0.4	5.4	28	1179	9	3	126	497171	125	493621	0.003	0	0.003	0.003	3948.97	2251.82	60	9422	
0.4	5.4	54	1181	18	3	33	88278	33	88278	0.00957576	0.00169614	0.003	0.01	2675.09	2387.79	60	9422	
0.4	5.4	1	1182	4	3	38	119034	38	119034	0.00447368	0.00289208	0.003	0.01	3132.47	2208.92	60	7099	
0.4	5.4	35	1183	20	3	95	332178	95	332178	0.00616842	0.00350274	0.003	0.01	3496.61	2872.08	60	9422	
0.4	5.4	55	1184	3	3	230	360209	230	360209	0.00689565	0.00405287	0.003	0.017	1566.13	1428.28	50	9422	
0.4	5.4	39	1185	85	3	63	105476	62	103109	0.00525806	0.00329896	0.003	0.01	1663.05	1248.48	60	5324	
0.4	5.4	28	1186	23	3	64	227329	64	227329	0.003	0	0.003	0.003	3552.02	2860.27	60	9422	
0.4	5.4	4	1190	4	3	39	104908	39	104908	0.0071282	0.00384009	0.003	0.017	2689.95	2748.88	45	9422	
0.4	5.4	29	1192	13	3	1	60	1	60	0.01	0	0.01	0.01	60	0	60	60	
0.4	5.4	37	1193	49	3	2	120	2	120	0.003	0	0.003	0.003	60	0	60	60	
0.4	5.4	50	1195	9	3	46	58139	46	58139	0.00695652	0.00408225	0.003	0.017	1263.89	780.613	60	3550	
0.4	5.4	21	1199	38	3	59	70000	59	70000	0.0059661	0.00348873	0.003	0.01	1186.44	682.375	60	3448	
0.4	5.4	17	1200	15	3	89	319033	89	319033	0.00708989	0.00346948	0.003	0.01	3584.64	2311.94	60	9422	
0.4	5.4	17	1201	10	3	45	156319	45	156319	0.003	0	0.003	0.003	3473.76	2654.82	60	9422	
0.4	5.4	19	1202	11	3	160	636139	160	636139	0.00313125	0.000952467	0.003	0.01	3975.87	2807.18	45	9422	
0.4	5.4	50	1203	3	3	86	209609	86	209609	0.00454651	0.00329226	0.003	0.017	2437.31	1993.93	60	9422	
0.4	5.4	36	1207	13	3	63	193115	63	193115	0.00788889	0.00323843	0.003	0.01	3065.32	2399.03	60	8282	
0.4	5.4	30	1209	9	3	122	512467	122	512467	0.00764754	0.00332017	0.003	0.01	4200.55	2460.45	45	9422	
0.4	5.4	55	1210	50	3	75	170556	75	170556	0.003	0	0.003	0.003	2274.08	1579.62	60	9422	
0.4	5.4	7	1211	9	3	40	139156	40	139156	0.003	0	0.003	0.003	3478.9	2979.22	60	9422	
0.4	5.4	27	1212	22	3	1	60	1	60	0.003	0	0.003	0.003	60	0	60	60	
0.4	5.4	26	1216	10	3	31	85909	31	85909	0.00954839	0.00174812	0.003	0.01	2771.26	2077.2	60	7099	
0.4	5.4	23	1217	3	3	208	842105	209	842478	0.00564593	0.00340235	0.003	0.01	4031	2868.58	36	9422	
0.4	5.4	12	1218	3	3	19	34439	19	34439	0.00410526	0.00262244	0.003	0.01	1812.58	1455.81	60	5324	
0.4	5.4	34	1219	58	3	62	116728	62	116728	0.00672581	0.00352122	0.003	0.01	1882.71	1311.49	60	5324	
0.4	5.4	39	1220	76	3	152	151191	152	151191	0.00603947	0.00391952	0.003	0.017	994.678	791.583	60	5324	
0.4	5.4	39	1223	69	3	310	333063	309	332314	0.00619417	0.00375567	0.003	0.017	1075.45	1118.98	9	8873	
0.4	5.4	34	1224	23	3	167	258351	167	258351	0.00564072	0.00340308	0.003	0.01	1547.01	1356.36	57	8282	
0.4	5.4	47	1225	12	3	129	541932	129	541932	0.00853488	0.00285878	0.003	0.01	4201.02	2750.1	45	9422	
0.4	5.4	53	1226	12	3	78	131552	78	131552	0.00676923	0.00385761	0.003	0.017	1686.56	1506.23	60	8873	
0.4	5.4	21	1227	28	3	2	708	2	708	0.0065	0.00494975	0.003	0.01	354	415.779	60	648	
0.4	5.4	52	1229	49	3	12	7819	12	7819	0.00533333	0.00344656	0.003	0.01	651.583	525.764	24	1775	
0.4	5.4	43	1230	9	3	143	365344	144	366528	0.0069375	0.00348467	0.003	0.01	2545.33	2202.53	45	9422	
0.4	5.4	51	1235	25	3	36	122004	36	122004	0.00863889	0.00280971	0.003	0.01	3389	2485.71	60	9422	
0.4	5.4	45	1236	19	3	123	247056	123	247056	0.00743902	0.00413332	0.003	0.017	2008.59	1659.54	60	8481	
0.4	5.4	52	1237	2	3	37	26898	37	26898	0.00508108	0.00324361	0.003	0.01	726.973	472.474	60	1775	
0.4	5.4	36	1240	9	3	3	180	3	180	0.00766667	0.00404145	0.003	0.01	60	0	60	60	
0.4	5.4	37	1241	23	3	148	169023	148	169023	0.0064527	0.00360524	0.003	0.017	1142.05	1039.16	13	5861	
0.4	5.4	16	1242	12	3	24	61660	24	61660	0.00825	0.00309628	0.003	0.01	2569.17	2759.94	60	9422	
0.4	5.4	42	1243	18	3	2	120	2	120	0.01	0	0.01	0.01	60	0	60	60	
0.4	5.4	9	1244	1	3	164	362896	164	362896	0.00726829	0.00399247	0.003	0.017	2212.78	1699.54	60	9422	
0.4	5.4	49	1246	21	3	155	522111	155	522111	0.0077871	0.0032653	0.003	0.01	3368.46	2866.52	39	9422	
0.4	5.4	36	1247	1	3	12	42122	12	42122	0.00766667	0.00344656	0.003	0.01	3510.17	3339.51	60	9422	
0.4	5.4	52	1249	19	3	224	146712	222	145174	0.00533333	0.00397693	0.003	0.017	653.937	664.923	4	4462	
0.4	5.4	27	1250	18	3	227	626458	227	626458	0.00685462	0.00390042	0.003	0.017	2759.73	2638.75	45	9422	
0.4	5.4	55	1251	1	3	207	361392	207	361392	0.00668599	0.00370161	0.003	0.017	1745.86	1478.15	60	9422	
0.4	5.4	18	1252	8	3	2	120	2	120	0.0065	0.00494975	0.003	0.01	60	0	60	60	
0.4	5.4	20	1254	9	3	44	101906	44	101906	0.00618182	0.0035258	0.003	0.01	2316.05	1694.53	36	7099	
0.4	5.4	52	1256	17	3	120	108770	119	108157	0.00541176	0.00369473	0.003	0.017	908.882	910.569	13	4395	
0.4	5.4	36	1257	20	3	156	485920	156	485920	0.00739743	0.00357533	0.003	0.017	3114.87	2188.96	60	9422	
0.4	5.4	20	1258	3	3	108	276103	108	276103	0.0069537	0.00348665	0.003	0.01	2556.51	1692.81	60	6507	
0.4	5.4	19	1259	8	3	38	90067	38	90067	0.00778947	0.00329748	0.003	0.01	2370.18	1763.42	60	9422	
0.4	5.4	36	1260	17	3	86	282953	86	282953	0.00698837	0.00348609	0.003	0.01	3290.15	2684.06	45	9422	
0.4	5.4	41	1262	28	3	1	60	1	60	0.01	0	0.01	0.01	60	0	60	60	
0.4	5.4	17	1264	14	3	66	167577	66	167577	0.00490909	0.00314142	0.003	0.01	2539.05	2236.35	60	9422	
0.4	5.4	52	1267	41	3	348	316608	348	316608	0.00561494	0.00343251	0.003	0.017	909.793	897.456	33	6882	
0.4	5.4	57	1268	4	3	35	28623	35	28623	0.0076	0.00447345	0.003	0.017	817.8	840.402	60	4733	
0.4	5.4	15	1269	18	3	37	115608	37	115608	0.003	0	0.003	0.003	3124.54	1736.98	60	6507	
0.4	5.4	45	1270	16	3	206	600642	206	600642	0.00582039	0.00364414	0.003	0.017	2915.74	2977.64	45	9422	
0.4	5.4	39	1271	24	3	1	60	1	60	0.01	0	0.01	0.01	60	0	60	60	
0.4	5.4	41	1272	32	3	5	300	5	300	0.0044	0.0031305	0.003	0.01	60	0	60	60	
0.4	5.4	42	1273	16	3	70	109016	70	109016	0.0092	0.0030484	0.003	0.017	1557.37	1758.79	60	9422	
0.4	5.4	9	1274	25	3	182	445957	183	450352	0.00663388	0.00380173	0.003	0.017	2460.94	2081.2	6	9422	
0.4	5.4	39	1275	9	3	1	60	1	60	0.003	0	0.003	0.003	60	0	60	60	
0.4	5.4	33	1281	6	3	12	12660	12	12660	0.00825	0.00316587	0.003	0.01	1055	650.122	60	1775	
0.4	5.4	16	1282	8	3	149	536760	149	536760	0.00751007	0.00336239	0.003	0.01	3602.42	2395.08	36	9422	
0.4	5.4	16	1285	16	3	3	1892	3	1892	0.00766667	0.00404145	0.003	0.01	630.667	562.2	60	1184	
0.4	5.4	47	1287	4	3	133	566410	133	566410	0.0048421	0.00309409	0.003	0.01	4258.72	2790.09	45	9422	
0.4	5.4	31	1288	14	3	111	319402	111	319402	0.00842342	0.00322645	0.003	0.017	2877.5	2238.72	60	9422	
0.4	5.4	57	1290	26	3	222	457780	222	457780	0.00687838	0.00418125	0.003	0.017	2062.07	1833.04	28	9422	
0.4	5.4	53	1292	13	3	23	39773	23	39773	0.003	0	0.003	0.003	1729.26	1421.09	60	4733	
0.4	5.4	5	1294	4	3	95	330262	95	330262	0.00712631	0.00346177	0.003	0.01	3476.44	2179.28	60	9422	
0.4	5.4	39	1296	25	3	54	88934	54	88934	0.00338889	0.00161849	0.003	0.01	1646.93	1443.76	60	9153	
0.4	5.4	27	1297	8	3	2	120	2	120	0.0065	0.00494975	0.003	0.01	60	0	60	60	
0.4	5.4	23	1299	22	3	147	648658	147	648658	0.00314286	0.000993127	0.003	0.01	4412.64	2637.69	45	9422	
0.4	5.4	31	1300	12	3	46	107453	46	107453	0.00634783	0.00353533	0.003	0.01	2335.93	2330.15	45	9422	
0.4	5.4	8	1301	11	3	38	85924	38	85924	0.00668421	0.00354207	0.003	0.01	2261.16	1640.93	60	6388	
0.4	5.4	37	1303	55	3	204	151271	204	151271	0.0049902	0.00366045	0.003	0.017	741.525	790.238	16	6507	
0.4	5.4	3	1304	11	3	101	229740	101	229740	0.00840594	0.00326551	0.003	0.017	2274.65	1578.94	60	9422	
0.4	5.4	53	1305	5	3	70	182490	69	179532	0.00675362	0.00351637	0.003	0.01	2601.91	2080.74	45	9422	
0.4	5.4	8	1306	16	3	1	60	1	60	0.01	0	0.01	0.01	60	0	60	60	
0.4	5.4	37	1307	3	3	2	120	2	120	0.0065	0.00494975	0.003	0.01	60	0	60	60	
0.4	5.4	39	1308	2	3	2	120	2	120	0.003	0	0.003	0.003	60	0	60	60	
0.4	5.4	46	1309	7	3	107	371099	107	371099	0.00548598	0.00387631	0.003	0.017	3468.21	2580.36	45	9422	
0.4	5.4	53	1311	16	3	47	70557	47	70557	0.00731915	0.00343958	0.003	0.01	1501.21	1139.87	60	5324	
0.4	5.4	39	1312	4	3	1	60	1	60	0.003	0	0.003	0.003	60	0	60	60	
0.4	5.4	55	1313	2	3	1	60	1	60	0.01	0	0.01	0.01	60	0	60	60	
0.4	5.4	46	1315	11	3	1	60	1	60	0.01	0	0.01	0.01	60	0	60	60	
0.4	5.4	38	1316	8	3	148	412677	149	413861	0.00708725	0.00364827	0.003	0.017	2777.59	2328.98	26	9422	
0.4	5.4	41	1317	57	3	132	221020	133	222204	0.00652631	0.00381699	0.003	0.017	1670.71	1409.73	60	9422	
0.4	5.4	47	1319	8	3	40	87691	40	87691	0.008425	0.00296031	0.003	0.01	2192.27	1161.88	56	4395	
0.4	5.4	16	1320	11	3	28	92418	28	92418	0.003	0	0.003	0.003	3300.64	2204.38	60	8873	
0.4	5.4	16	1321	4	3	47	143423	47	143423	0.003	0	0.003	0.003	3051.55	2800.68	45	9422	
0.4	5.4	37	1323	58	3	315	406347	315	406347	0.0046	0.00294406	0.003	0.01	1289.99	1446.2	28	9422	
0.4	5.4	20	1325	4	3	240	546654	240	546654	0.00556667	0.00383495	0.003	0.017	2277.73	2177.85	45	9422	
0.4	5.4	30	1327	13	3	105	373461	105	373461	0.00773333	0.00329121	0.003	0.01	3556.77	2462.51	36	9422	
0.4	5.4	3	1330	2	3	45	98353	45	98353	0.00922222	0.00222475	0.003	0.01	2185.62	2513.87	60	9422	
0.4	5.4	41	1332	21	3	1	60	1	60	0.01	0	0.01	0.01	60	0	60	60	
0.4	5.4	14	1335	13	3	64	165325	64	165325	0.00748437	0.00338527	0.003	0.01	2583.2	2364.9	60	9422	
0.4	5.4	34	1338	26	3	173	278526	173	278526	0.00639884	0.00350869	0.003	0.01	1609.98	1234.5	7	7099	
0.4	5.4	9	1341	19	3	1	60	1	60	0.003	0	0.003	0.003	60	0	60	60	
0.4	5.4	53	1342	9	3	157	569318	157	569318	0.003	0	0.003	0.003	3626.23	2444.36	45	9422	
0.4	5.4	21	1345	36	3	41	31047	41	31047	0.00402439	0.00250487	0.003	0.01	757.244	388.471	60	1775	
0.4	5.4	21	1348	24	3	85	173650	85	173650	0.00637647	0.00351858	0.003	0.01	2042.94	1698.85	60	9422	
0.4	5.4	37	1351	42	3	110	149339	110	149339	0.00446364	0.00315844	0.003	0.017	1357.63	1172.49	32	6087	
0.4	5.4	48	1355	8	3	168	534047	167	529904	0.0071497	0.00344951	0.003	0.01	3173.08	2426.01	60	9422	
0.4	5.4	28	1356	13	3	138	466363	137	464588	0.0049927	0.0031704	0.003	0.01	3391.15	2438.57	45	9422	
0.4	5.4	31	1358	5	3	88	232059	88	232059	0.003	0	0.003	0.003	2637.03	2066.03	60	9422	
0.4	5.4	48	1360	10	3	2	120	2	120	0.0065	0.00494975	0.003	0.01	60	0	60	60	
0.4	5.4	28	1361	11	3	5	5442	4	3667	0.003	0	0.003	0.003	916.75	733.545	60	1775	
0.4	5.4	33	1362	10	3	25	32681	25	32681	0.00692	0.00498264	0.003	0.017	1307.24	1007.44	60	3550	
0.4	5.4	21	1363	27	3	204	635168	205	636352	0.00323902	0.00127435	0.003	0.01	3104.16	2303.51	45	9422	
0.4	5.4	24	1364	4	3	188	537621	186	529339	0.00845699	0.00299924	0.003	0.017	2845.91	1911.12	60	9422	
0.4	5.4	39	1367	68	3	3	710	3	710	0.0123333	0.0080829	0.003	0.017	236.667	160.351	60	373	
0.4	5.4	10	1369	6	3	76	284688	76	284688	0.00686842	0.00350368	0.003	0.01	3745.89	1893.52	60	7690	
0.4	5.4	11	1370	9	3	131	466199	131	466199	0.00684733	0.00349609	0.003	0.01	3558.77	2610.63	45	9422	
0.4	5.4	42	1372	13	3	1	60	1	60	0.01	0	0.01	0.01	60	0	60	60	
0.4	5.4	13	1373	13	3	70	176449	70	176449	0.0031	0.00083666	0.003	0.01	2520.7	2226.14	60	9422	
0.4	5.4	35	1375	15	3	77	251585	77	251585	0.003	0	0.003	0.003	3267.34	1984.02	60	9422	
0.4	5.4	50	1376	11	3	107	277641	107	277641	0.00771028	0.00343679	0.003	0.017	2594.78	2082.66	60	9422	
0.4	5.4	39	1377	14	3	1	60	1	60	0.01	0	0.01	0.01	60	0	60	60	
0.4	5.4	52	1379	45	3	299	269121	299	269121	0.00569231	0.00382051	0.003	0.017	900.07	703.247	43	4141	
0.4	5.4	7	1381	12	3	102	376399	102	376399	0.00629412	0.00351119	0.003	0.01	3690.19	2289.5	60	9422	
0.4	5.4	1	1383	14	3	3	180	3	180	0.01	0	0.01	0.01	60	0	60	60	
0.4	5.4	57	1384	20	3	107	106145	107	106145	0.00685981	0.00528695	0.003	0.024	992.009	755.636	13	3550	
0.4	5.4	11	1385	12	3	60	207797	60	207797	0.00463333	0.00298565	0.003	0.01	3463.28	2724.81	60	9422	
0.4	5.4	52	1386	15	3	106	82596	106	82596	0.00511321	0.0032288	0.003	0.01	779.208	555.883	13	2961	
0.4	5.4	1	1388	20	3	81	294158	81	294158	0.00351852	0.00184466	0.003	0.01	3631.58	2221.52	60	9422	
0.4	5.4	45	1389	5	3	45	77073	45	77073	0.00642222	0.00353868	0.003	0.01	1712.73	1388.25	60	7099	
0.4	5.4	2	1390	4	3	121	318004	121	318004	0.0053719	0.00332699	0.003	0.01	2628.13	2277.84	6	9422	
0.4	5.4	41	1391	59	3	2	120	2	120	0.003	0	0.003	0.003	60	0	60	60	
0.4	5.4	7	1392	3	3	69	251673	69	251673	0.00868116	0.0027573	0.003	0.01	3647.43	2309.65	60	9422	
0.4	5.4	12	1393	13	3	177	615089	177	615089	0.00379096	0.00222239	0.003	0.01	3475.08	2653.33	45	9422	
0.4	5.4	40	1394	2	3	190	568181	191	571731	0.00714136	0.00359618	0.003	0.017	2993.36	2363.39	45	9422	
0.4	5.4	34	1395	30	3	55	93049	55	93049	0.00529091	0.0033148	0.003	0.01	1691.8	1294.13	60	5951	
0.4	5.4	21	1396	42	3	87	173048	87	173048	0.00613793	0.0035014	0.003	0.01	1989.06	1609.79	14	7099	
0.4	5.4	49	1397	3	3	66	168176	67	171137	0.00895522	0.00251319	0.003	0.01	2554.28	2518.55	36	9422	
0.4	5.4	43	1399	5	3	158	453978	158	453978	0.0053924	0.00333068	0.003	0.01	2873.28	2226.87	45	9422	
0.4	5.4	14	1400	10	3	23	52776	23	52776	0.01	0	0.01	0.01	2294.61	1191.79	60	4141	
0.4	5.4	44	1401	27	3	116	335741	116	335741	0.00794827	0.00320012	0.003	0.01	2894.32	1993.34	45	9422	
0.4	5.4	34	1402	47	3	119	145808	118	144624	0.00549152	0.00404409	0.003	0.017	1225.63	1009.33	23	7940	
0.4	5.4	41	1403	40	3	97	147520	97	147520	0.00595876	0.00347586	0.003	0.01	1520.82	1129.89	60	5916	
0.4	5.4	4	1404	11	3	1	60	1	60	0.01	0	0.01	0.01	60	0	60	60	
0.4	5.4	55	1405	5	3	163	345857	163	345857	0.00656442	0.00359533	0.003	0.017	2121.82	1859.05	6	9422	
0.4	5.4	42	1406	12	3	2	120	2	120	0.0065	0.00494975	0.003	0.01	60	0	60	60	
0.4	5.4	43	1407	11	3	158	319390	158	319390	0.0065443	0.00359865	0.003	0.017	2021.46	1696.1	36	9422	
0.4	5.4	24	1408	17	3	153	742889	153	742889	0.00487582	0.00311051	0.003	0.01	4855.48	2735.12	45	9422	
0.4	5.4	17	1409	8	3	37	60490	37	60490	0.00735135	0.00344171	0.003	0.01	1634.86	979.341	60	4395	
0.4	5.4	40	1410	3	3	171	622782	171	622782	0.003	0	0.003	0.003	3642	2276.01	60	9422	
0.4	5.4	10	1412	8	3	19	71702	19	71702	0.01	0	0.01	0.01	3773.79	2831.55	60	9422	
0.4	5.4	41	1413	22	3	3	180	3	180	0.00766667	0.00404145	0.003	0.01	60	0	60	60	
0.4	5.4	45	1414	18	3	244	597179	243	594221	0.00654321	0.00394188	0.003	0.017	2445.35	2081.86	45	9422	
0.4	5.4	26	1415	11	3	101	322574	101	322574	0.00695049	0.0034882	0.003	0.01	3193.8	2092.51	60	9422	
0.4	5.4	30	1418	7	3	38	81180	38	81180	0.00852631	0.00289208	0.003	0.01	2136.32	1466.66	60	5324	
0.4	5.4	39	1419	31	3	101	86155	101	86155	0.00563366	0.00394138	0.003	0.017	853.02	1057.13	26	9422	
0.4	5.4	47	1421	2	3	13	43900	13	43900	0.003	0	0.003	0.003	3376.92	3356.4	60	9422	
0.4	5.4	19	1422	1	3	48	57546	48	57546	0.00722917	0.00515397	0.003	0.017	1198.88	583.284	48	2367	
0.4	5.4	32	1424	14	3	78	308348	78	308348	0.003	0	0.003	0.003	3953.18	2609.16	60	9422	
0.4	5.4	20	1425	25	3	130	345816	130	345816	0.00725385	0.00343107	0.003	0.01	2660.12	2160.4	45	9422	
