% start	end	CellId	IMSI	RNTI	LCID	nTxPDUs	TxBytes	nRxPDUs	RxBytes	delay	stdDev	min	max	PduSize	stdDev	min	max
0.4	5.4	45	1	8	3	102	312527	102	312527	0.00842157	0.00293978	0.003	0.01	3063.99	2318.64	36	9422	
0.4	5.4	7	2	15	3	79	251097	78	244590	0.00497436	0.00317038	0.003	0.01	3135.77	1857.51	60	8873	
0.4	5.4	18	6	1	3	4	3667	3	1892	0.00766667	0.00404145	0.003	0.01	630.667	562.2	60	1184	
0.4	5.4	17	7	16	3	162	542689	160	537955	0.007375	0.0033995	0.003	0.01	3362.22	2126.96	45	9422	
0.4	5.4	46	10	10	3	4	240	4	240	0.00825	0.0035	0.003	0.01	60	0	60	60	
0.4	5.4	46	11	6	3	198	356516	198	356516	0.00773737	0.00403056	0.003	0.017	1800.59	1560.37	5	9422	
0.4	5.4	37	13	16	3	125	151127	125	151127	0.005912	0.00357639	0.003	0.017	1209.02	978.12	35	4395	
0.4	5.4	37	15	87	3	130	100877	130	100877	0.00547692	0.00336008	0.003	0.01	775.977	990.572	6	9422	
0.4	5.4	39	18	58	3	6	360	6	360	0.00766667	0.00361478	0.003	0.01	60	0	60	60	
0.4	5.4	55	20	1	3	230	199285	229	198101	0.00480349	0.00306806	0.003	0.01	865.07	891.305	43	4733	
0.4	5.4	5	21	5	3	75	216098	75	216098	0.00710667	0.00365607	0.003	0.017	2881.31	2056.16	50	8873	
0.4	5.4	37	22	89	3	257	241733	257	241733	0.00613229	0.00348742	0.003	0.01	940.595	1021.71	43	7881	
0.4	5.4	41	23	44	3	13	3684	13	3684	0.00515385	0.00336269	0.003	0.01	283.385	247.881	60	807	
0.4	5.4	16	25	14	3	118	296726	118	296726	0.00768644	0.00343113	0.003	0.017	2514.63	1730.92	57	7099	
0.4	5.4	34	29	45	3	171	180233	170	179468	0.0052647	0.0040008	0.003	0.017	1055.69	1069.19	38	5916	
0.4	5.4	34	30	13	3	357	360139	356	359547	0.00648034	0.00394928	0.003	0.017	1009.96	1061.34	10	9422	
0.4	5.4	37	31	48	3	463	594872	463	594872	0.00602376	0.00367887	0.003	0.017	1284.82	1186.2	43	9422	
0.4	5.4	24	32	1	3	164	773253	164	773253	0.003	0	0.003	0.003	4714.96	2540.23	45	9422	
0.4	5.4	21	33	35	3	340	382829	337	380736	0.00640653	0.00425571	0.003	0.024	1129.78	1151.31	4	7708	
0.4	5.4	27	34	9	3	140	419766	140	419766	0.00505	0.00319695	0.003	0.01	2998.33	1933.73	60	9422	
0.4	5.4	11	35	4	3	108	564495	108	564495	0.003	0	0.003	0.003	5226.81	2357.25	45	9422	
0.4	5.4	32	36	2	3	104	391306	104	391306	0.00663461	0.00351435	0.003	0.01	3762.56	2637.77	60	9422	
0.4	5.4	15	37	7	3	131	330931	131	330931	0.00770229	0.00392564	0.003	0.017	2526.19	2195.09	26	9422	
0.4	5.4	37	38	9	3	242	347149	242	347149	0.00490909	0.00312399	0.003	0.01	1434.5	1357.15	43	9422	
0.4	5.4	26	39	16	3	42	64042	42	64042	0.00816667	0.0041078	0.003	0.017	1524.81	1829.99	60	8873	
0.4	5.4	55	42	51	3	172	180132	172	180132	0.00633721	0.00381934	0.003	0.017	1047.28	1463.39	28	9422	
0.4	5.4	32	44	8	3	85	243963	85	243963	0.00843529	0.00312611	0.003	0.017	2870.15	2121.91	60	9422	
0.4	5.4	55	45	8	3	278	438863	278	438863	0.00481295	0.0030721	0.003	0.01	1578.64	1777.24	30	9422	
0.4	5.4	10	50	10	3	19	54552	19	54552	0.00631579	0.00359092	0.003	0.01	2871.16	2877.25	60	9422	
0.4	5.4	51	51	7	3	78	234443	78	234443	0.00820513	0.00307634	0.003	0.01	3005.68	2620.59	45	9422	
0.4	5.4	23	52	22	3	208	483154	208	483154	0.00761058	0.00403455	0.003	0.017	2322.86	1800.26	60	9422	
0.4	5.4	49	53	16	3	58	252145	58	252145	0.003	0	0.003	0.003	4347.33	2573.91	60	9422	
0.4	5.4	4	54	10	3	3	180	3	180	0.01	0	0.01	0.01	60	0	60	60	
0.4	5.4	32	59	13	3	26	64622	26	64622	0.00730769	0.00347297	0.003	0.01	2485.46	2583	60	9422	
0.4	5.4	37	60	50	3	145	115855	145	115855	0.00478621	0.00317146	0.003	0.017	799	988.708	5	9422	
0.4	5.4	47	61	4	3	64	225085	64	225085	0.003	0	0.003	0.003	3516.95	2424.01	54	9422	
0.4	5.4	34	62	47	3	40	78849	40	78849	0.00335	0.00154505	0.003	0.01	1971.23	1782.88	55	7099	
0.4	5.4	5	64	11	3	117	476382	117	476382	0.0067094	0.00350876	0.003	0.01	4071.64	2325.86	45	9422	
0.4	5.4	29	65	5	3	54	232030	54	232030	0.00896296	0.00251008	0.003	0.01	4296.85	2585.98	57	9422	
0.4	5.4	37	67	17	3	251	474321	252	474969	0.00416667	0.00261394	0.003	0.01	1884.8	1786.9	60	9422	
0.4	5.4	19	68	5	3	217	497360	219	505051	0.0076347	0.0041057	0.003	0.017	2306.17	1664.73	36	9422	
0.4	5.4	41	70	40	3	391	312622	392	313371	0.00553571	0.00368848	0.003	0.017	799.416	710.004	15	4904	
0.4	5.4	47	71	16	3	37	110169	37	110169	0.00716216	0.0034842	0.003	0.01	2977.54	2430.32	60	9422	
0.4	5.4	12	72	22	3	155	635771	155	635771	0.003	0	0.003	0.003	4101.75	2815.34	45	9422	
0.4	5.4	34	73	48	3	303	571731	304	573855	0.00557895	0.0033822	0.003	0.01	1887.68	1794.31	20	9422	
0.4	5.4	33	74	9	3	24	64616	24	64616	0.00854167	0.00290396	0.003	0.01	2692.33	2372.19	60	9422	
0.4	5.4	8	75	21	3	140	429218	140	429218	0.00705	0.00346893	0.003	0.01	3065.84	2398.48	60	9422	
0.4	5.4	39	77	37	3	181	222301	181	222301	0.0059779	0.00418191	0.003	0.017	1228.18	1329.64	47	9422	
0.4	5.4	55	78	32	3	436	367608	436	367608	0.00561697	0.00373829	0.003	0.017	843.138	916.215	26	5861	
0.4	5.4	35	79	7	3	136	552701	134	546783	0.00378358	0.00221533	0.003	0.01	4080.47	1935.41	60	9422	
0.4	5.4	44	80	5	3	23	43906	23	43906	0.00908696	0.00241045	0.003	0.01	1908.96	1388.09	60	6507	
0.4	5.4	34	82	24	3	83	77145	83	77145	0.00477108	0.00306166	0.003	0.01	929.458	638.506	53	2769	
0.4	5.4	52	84	66	3	19	32085	19	32085	0.0048421	0.0031669	0.003	0.01	1688.68	1463.32	60	5861	
0.4	5.4	37	85	42	3	24	9614	24	9614	0.00620833	0.00411761	0.003	0.017	400.583	349.732	60	1184	
0.4	5.4	16	87	21	3	71	156364	71	156364	0.00684507	0.00388642	0.003	0.017	2202.31	1503.04	60	5916	
0.4	5.4	53	89	8	3	128	283011	128	283011	0.00704687	0.00368624	0.003	0.017	2211.02	1794.88	28	8873	
0.4	5.4	34	90	23	3	361	383925	361	383925	0.00555956	0.00357187	0.003	0.017	1063.5	1098.8	25	9422	
0.4	5.4	32	92	14	3	74	242104	75	242696	0.00645333	0.00352326	0.003	0.01	3235.95	2570.92	60	9422	
0.4	5.4	23	94	7	3	4	240	4	240	0.01175	0.0035	0.01	0.017	60	0	60	60	
0.4	5.4	36	97	9	3	48	101322	48	101322	0.0078125	0.0035828	0.003	0.017	2110.88	1706.77	60	9422	
0.4	5.4	29	98	12	3	66	219041	66	219041	0.00745454	0.00339312	0.003	0.01	3318.8	3180.72	45	9422	
0.4	5.4	39	99	59	3	78	164656	79	166852	0.00556962	0.00339564	0.003	0.01	2112.05	1485.98	60	6507	
0.4	5.4	55	100	19	3	147	207963	148	212104	0.00522297	0.00326978	0.003	0.01	1433.14	1268.87	4	5340	
0.4	5.4	51	101	2	3	35	94197	36	94789	0.0065	0.00354965	0.003	0.01	2633.03	2572.72	60	9422	
0.4	5.4	52	102	44	3	231	325401	231	325401	0.00572727	0.00342105	0.003	0.01	1408.66	1061.14	39	4904	
0.4	5.4	54	103	12	3	144	447942	143	439660	0.00716084	0.00373723	0.003	0.017	3074.55	2042.86	35	9422	
0.4	5.4	37	107	66	3	265	245353	265	245353	0.00511321	0.00321962	0.003	0.01	925.86	795.623	43	4395	
0.4	5.4	26	109	13	3	4	240	4	240	0.00825	0.0035	0.003	0.01	60	0	60	60	
0.4	5.4	52	110	47	3	1	60	1	60	0.01	0	0.01	0.01	60	0	60	60	
0.4	5.4	52	111	69	3	38	42161	38	42161	0.00594737	0.00419103	0.003	0.017	1109.5	788.106	60	3550	
0.4	5.4	46	112	14	3	87	143946	87	143946	0.00758621	0.00382328	0.003	0.017	1654.55	1218.2	60	5324	
0.4	5.4	23	113	2	3	168	545783	168	545783	0.00741667	0.00338793	0.003	0.01	3248.71	2231.52	36	9422	
0.4	5.4	39	116	25	3	1	60	1	60	0.003	0	0.003	0.003	60	0	60	60	
0.4	5.4	37	117	27	3	108	80259	108	80259	0.00617592	0.00350121	0.003	0.01	743.139	648.425	4	4107	
0.4	5.4	22	118	2	3	224	752750	224	752750	0.0075	0.0034899	0.003	0.017	3360.49	2481.24	45	9422	
0.4	5.4	41	119	66	3	111	76028	110	74844	0.00497273	0.00316361	0.003	0.01	680.4	516.808	13	2196	
0.4	5.4	21	121	19	3	67	151051	67	151051	0.003	0	0.003	0.003	2254.49	1747.29	4	8873	
0.4	5.4	29	122	6	3	83	265179	83	265179	0.00856626	0.00284216	0.003	0.01	3194.93	1655.54	60	6882	
0.4	5.4	45	124	11	3	25	53384	25	53384	0.00944	0.00400083	0.003	0.017	2135.36	2535.56	60	9422	
0.4	5.4	48	126	4	3	146	560477	148	568227	0.00531757	0.0033054	0.003	0.01	3839.37	2561.6	45	9422	
0.4	5.4	39	127	53	3	77	99289	75	92509	0.00682667	0.00419579	0.003	0.017	1233.45	907.538	52	4395	
0.4	5.4	19	128	8	3	105	332656	105	332656	0.003	0	0.003	0.003	3168.15	1770.05	60	8282	
0.4	5.4	53	129	11	3	160	474222	160	474222	0.0060625	0.00348345	0.003	0.01	2963.89	2089.02	57	9422	
0.4	5.4	19	130	2	3	116	407915	116	407915	0.003	0	0.003	0.003	3516.51	2629.14	45	9422	
0.4	5.4	48	132	9	3	206	800272	206	800272	0.00371359	0.00212316	0.003	0.01	3884.82	2841.16	45	9422	
0.4	5.4	17	133	11	3	90	206757	89	205825	0.00693258	0.00349284	0.003	0.01	2312.64	2135.19	36	9422	
0.4	5.4	49	135	18	3	151	393871	151	393871	0.00592053	0.00346318	0.003	0.01	2608.42	2024.56	60	9422	
0.4	5.4	18	136	6	3	62	160593	63	161185	0.00477778	0.00307143	0.003	0.01	2558.49	2231.93	60	9422	
0.4	5.4	13	137	6	3	190	493211	190	493211	0.00432631	0.00275044	0.003	0.01	2595.85	1859.02	24	9422	
0.4	5.4	15	138	13	3	120	321086	120	321086	0.007025	0.00347491	0.003	0.01	2675.72	2083.67	60	9422	
0.4	5.4	41	139	46	3	357	455717	357	455717	0.00441176	0.00281273	0.003	0.01	1276.52	1447.05	4	9422	
0.4	5.4	1	140	17	3	123	313861	123	313861	0.00812195	0.00324059	0.003	0.017	2551.72	2122.73	60	9422	
0.4	5.4	53	142	5	3	165	334511	165	334511	0.00770909	0.0035562	0.003	0.017	2027.34	1658.58	13	9422	
0.4	5.4	34	143	27	3	245	192772	245	192772	0.00534286	0.00371042	0.003	0.017	786.824	616.341	60	4141	
0.4	5.4	54	144	16	3	158	518379	158	518379	0.003	0	0.003	0.003	3280.88	2577.07	45	9422	
0.4	5.4	37	146	4	3	3	180	3	180	0.00533333	0.00404145	0.003	0.01	60	0	60	60	
0.4	5.4	15	147	19	3	173	329928	173	329928	0.00700578	0.00407702	0.003	0.024	1907.1	1609.64	13	7099	
0.4	5.4	21	148	13	3	160	353474	159	351108	0.00533333	0.00349261	0.003	0.017	2208.23	1748.96	10	9422	
0.4	5.4	55	149	43	3	174	115785	174	115785	0.00573563	0.00374153	0.003	0.017	665.431	723.894	26	3550	
0.4	5.4	16	150	16	3	71	221409	71	221409	0.00497183	0.00317117	0.003	0.01	3118.44	2139.74	60	9422	
0.4	5.4	31	152	25	3	59	155160	59	155160	0.00655932	0.00352954	0.003	0.01	2629.83	2023.57	60	8873	
0.4	5.4	34	156	21	3	105	210250	105	210250	0.003	0	0.003	0.003	2002.38	1600.28	60	7690	
0.4	5.4	5	157	15	3	145	580521	145	580521	0.00613793	0.00349329	0.003	0.01	4003.59	2542.65	45	9422	
0.4	5.4	49	158	19	3	189	827862	189	827862	0.003	0	0.003	0.003	4380.22	2994.29	45	9422	
0.4	5.4	54	160	17	3	188	615963	188	615963	0.003	0	0.003	0.003	3276.4	2303.33	45	9422	
0.4	5.4	46	161	21	3	238	520133	238	520133	0.00614706	0.00393505	0.003	0.017	2185.43	1978.8	44	9422	
0.4	5.4	21	162	15	3	119	335653	120	338020	0.00451667	0.00289591	0.003	0.01	2816.83	2399.95	36	9422	
0.4	5.4	12	163	24	3	103	276461	103	276461	0.003	0	0.003	0.003	2684.09	1551.81	60	5324	
0.4	5.4	32	165	11	3	62	152195	62	152195	0.00706452	0.00348237	0.003	0.01	2454.76	1770.23	60	7099	
0.4	5.4	53	166	20	3	183	508665	183	508665	0.00751366	0.00387987	0.003	0.017	2779.59	2056.77	45	9422	
0.4	5.4	38	167	22	3	51	142120	51	142120	0.0072549	0.00372475	0.003	0.017	2786.67	2254.58	45	9422	
0.4	5.4	13	168	30	3	154	364192	154	364192	0.00486364	0.00310401	0.003	0.01	2364.88	2180.8	60	9422	
0.4	5.4	41	169	55	3	53	80644	53	80644	0.003	0	0.003	0.003	1521.58	914.293	60	3663	
0.4	5.4	8	170	9	3	2	120	2	120	0.01	0	0.01	0.01	60	0	60	60	
0.4	5.4	13	171	13	3	264	476770	264	476770	0.00639394	0.00390721	0.003	0.017	1805.95	1691.58	42	9422	
0.4	5.4	26	172	19	3	47	133851	47	133851	0.00731915	0.00343958	0.003	0.01	2847.89	1933.03	60	9422	
0.4	5.4	21	173	17	3	1	60	1	60	0.003	0	0.003	0.003	60	0	60	60	
0.4	5.4	9	175	18	3	89	327297	89	327297	0.0031573	0.00104337	0.003	0.01	3677.49	2694.71	45	9422	
0.4	5.4	39	176	50	3	120	136880	120	136880	0.00661667	0.00351272	0.003	0.01	1140.67	1027.08	60	9422	
0.4	5.4	19	177	32	3	111	195439	112	197806	0.0071875	0.0038121	0.003	0.017	1766.12	1634	52	9422	
0.4	5.4	1	178	10	3	106	293013	106	293013	0.00729245	0.0034253	0.003	0.01	2764.27	1793.22	60	7690	
0.4	5.4	13	179	4	3	2	120	2	120	0.0065	0.00494975	0.003	0.01	60	0	60	60	
0.4	5.4	7	180	11	3	34	88293	34	88293	0.00629412	0.00354648	0.003	0.01	2596.85	1984.25	60	8873	
0.4	5.4	27	181	12	3	111	344011	112	344182	0.0075625	0.0034791	0.003	0.017	3073.05	2105.3	60	9422	
0.4	5.4	33	182	22	3	7	14316	7	14316	0.004	0.00264575	0.003	0.01	2045.14	1816.4	60	5324	
0.4	5.4	21	186	14	3	17	20376	16	20183	0.0065	0.00361478	0.003	0.01	1261.44	635.906	60	2367	
0.4	5.4	41	188	52	3	334	265138	334	265138	0.00545209	0.00383626	0.003	0.017	793.826	700.584	3	4107	
0.4	5.4	53	190	22	3	142	455360	142	455360	0.00369014	0.00209418	0.003	0.01	3206.76	2343.5	45	9422	
0.4	5.4	24	191	10	3	126	487637	126	487637	0.00527778	0.00329275	0.003	0.01	3870.13	2808.71	45	9422	
0.4	5.4	37	192	94	3	1	60	1	60	0.01	0	0.01	0.01	60	0	60	60	
0.4	5.4	20	193	6	3	44	116330	42	112467	0.008	0.00355445	0.003	0.017	2677.79	1701.84	60	7690	
0.4	5.4	55	195	6	3	208	328979	208	328979	0.00512019	0.0032243	0.003	0.01	1581.63	1395.45	26	8873	
0.4	5.4	37	196	15	3	110	77314	110	77314	0.00522727	0.00327532	0.003	0.01	702.855	510.081	17	2451	
0.4	5.4	13	198	2	3	202	362346	202	362346	0.00691584	0.00388105	0.003	0.017	1793.79	1371.78	60	9422	
0.4	5.4	6	199	10	3	129	576472	129	576472	0.003	0	0.003	0.003	4468.78	2766.78	45	9422	
0.4	5.4	48	200	5	3	46	71147	46	71147	0.00756522	0.00423033	0.003	0.017	1546.67	1160.39	21	4395	
0.4	5.4	12	201	12	3	127	434488	127	434488	0.00393701	0.00239294	0.003	0.01	3421.17	2083.79	60	9422	
0.4	5.4	41	202	64	3	414	345066	414	345066	0.00580676	0.00370084	0.003	0.017	833.493	814.923	23	7099	
0.4	5.4	13	203	10	3	202	303309	202	303309	0.00618812	0.00382766	0.003	0.017	1501.53	1168.17	42	5861	
0.4	5.4	15	204	16	3	180	412765	180	412765	0.00657778	0.00408561	0.003	0.017	2293.14	1911.76	45	9422	
0.4	5.4	49	205	13	3	168	380157	168	380157	0.007625	0.00366025	0.003	0.017	2262.84	1899.46	60	9422	
0.4	5.4	54	206	1	3	27	76977	26	72836	0.00569231	0.00347297	0.003	0.01	2801.38	1569.24	60	5324	
0.4	5.4	21	207	33	3	235	527558	236	528986	0.00590678	0.0035165	0.003	0.017	2241.47	1774.75	36	9422	
0.4	5.4	21	209	5	3	373	399955	373	399955	0.00577748	0.00382849	0.003	0.017	1072.27	755.892	43	4395	
0.4	5.4	23	211	4	3	115	477579	115	477579	0.003	0	0.003	0.003	4152.86	2567.23	45	9422	
0.4	5.4	53	212	2	3	2	708	2	708	0.0065	0.00494975	0.003	0.01	354	415.779	60	648	
0.4	5.4	53	213	23	3	1	60	0	0	0	0	0	0	0	0	0	0	
0.4	5.4	26	214	21	3	134	438564	135	439156	0.00668148	0.00350831	0.003	0.01	3253.01	2288.1	45	9422	
0.4	5.4	4	216	6	3	124	536831	123	530915	0.00726829	0.0034286	0.003	0.01	4316.38	2649.45	45	9422	
0.4	5.4	44	217	11	3	2	708	2	708	0.003	0	0.003	0.003	354	415.779	60	648	
0.4	5.4	1	218	15	3	119	413695	120	417245	0.00795833	0.00332142	0.003	0.017	3477.04	2742.95	45	9422	
0.4	5.4	45	219	13	3	28	88276	28	88276	0.00725	0.00348143	0.003	0.01	3152.71	2478.77	60	8873	
0.4	5.4	21	221	23	3	141	267194	141	267194	0.0035461	0.00188405	0.003	0.01	1894.99	1336.23	46	9422	
0.4	5.4	38	223	6	3	65	186037	65	186037	0.00752308	0.00337318	0.003	0.01	2862.11	2300.58	60	9422	
0.4	5.4	10	224	11	3	131	458679	131	458679	0.00855725	0.00284243	0.003	0.01	3501.37	2519.87	45	9422	
0.4	5.4	33	226	19	3	103	320346	103	320346	0.00612621	0.003497	0.003	0.01	3110.16	1972.43	60	8873	
0.4	5.4	8	228	22	3	139	290236	139	290236	0.00697842	0.00358028	0.003	0.017	2088.03	1894.23	60	9422	
0.4	5.4	16	230	8	3	157	493723	156	486624	0.00528846	0.0032942	0.003	0.01	3119.38	2085.44	57	9422	
0.4	5.4	23	232	16	3	94	249368	94	249368	0.00590425	0.00346742	0.003	0.01	2652.85	2052.74	45	9422	
0.4	5.4	6	233	4	3	70	182369	70	182369	0.0082	0.0030815	0.003	0.01	2605.27	2133.93	60	9422	
0.4	5.4	50	235	15	3	13	43900	13	43900	0.003	0	0.003	0.003	3376.92	3356.4	60	9422	
0.4	5.4	30	236	10	3	176	648028	176	648028	0.00594318	0.00346528	0.003	0.01	3681.98	2537.67	45	9422	
0.4	5.4	52	237	52	3	195	264245	195	264245	0.00597949	0.00394676	0.003	0.017	1355.1	1348.51	40	9422	
0.4	5.4	19	239	7	3	110	289491	109	286533	0.00434862	0.00277347	0.003	0.01	2628.74	2038.95	60	9422	
0.4	5.4	14	240	8	3	51	136801	51	136801	0.00807843	0.00315495	0.003	0.01	2682.37	1338.15	60	5324	
0.4	5.4	25	241	14	3	1	60	1	60	0.01	0	0.01	0.01	60	0	60	60	
0.4	5.4	5	245	8	3	25	78218	25	78218	0.00468	0.00305123	0.003	0.01	3128.72	2738.89	60	9422	
0.4	5.4	55	246	22	3	453	393989	453	393989	0.00493157	0.00316678	0.003	0.017	869.733	802.679	6	4584	
0.4	5.4	39	250	13	3	169	170152	169	170152	0.00552663	0.00362213	0.003	0.017	1006.82	654.498	43	3822	
0.4	5.4	38	252	11	3	119	301912	119	301912	0.00617647	0.00349975	0.003	0.01	2537.08	1781.63	60	9422	
0.4	5.4	18	254	15	3	79	259387	79	259387	0.00831645	0.00301085	0.003	0.01	3283.38	2674.76	36	9422	
0.4	5.4	5	257	16	3	81	226133	81	226133	0.0087037	0.00295146	0.003	0.017	2791.77	2291.63	60	9422	
0.4	5.4	27	258	4	3	96	234581	96	234581	0.0095625	0.00318157	0.003	0.017	2443.55	1741.71	60	8531	
0.4	5.4	21	259	20	3	1	60	1	60	0.01	0	0.01	0.01	60	0	60	60	
0.4	5.4	39	263	60	3	278	481422	279	481545	0.00596057	0.0038039	0.003	0.017	1725.97	1492.79	60	9422	
0.4	5.4	39	265	16	3	2	120	2	120	0.0065	0.00494975	0.003	0.01	60	0	60	60	
0.4	5.4	52	269	12	3	234	264255	234	264255	0.00569231	0.00359294	0.003	0.017	1129.29	840.779	6	6882	
0.4	5.4	19	270	26	3	177	598438	178	599030	0.00583146	0.00344525	0.003	0.01	3365.34	2454.93	45	9422	
0.4	5.4	5	271	10	3	1	60	1	60	0.01	0	0.01	0.01	60	0	60	60	
0.4	5.4	3	273	18	3	43	143411	43	143411	0.00788372	0.00325291	0.003	0.01	3335.14	2416.82	60	9422	
0.4	5.4	34	275	32	3	2	120	2	120	0.0065	0.00494975	0.003	0.01	60	0	60	60	
0.4	5.4	41	276	63	3	338	278118	338	278118	0.00496745	0.00350101	0.003	0.017	822.834	662.955	18	4395	
0.4	5.4	38	278	23	3	86	239279	86	239279	0.003	0	0.003	0.003	2782.31	2244.49	45	9422	
0.4	5.4	39	279	34	3	109	215692	108	212734	0.0052037	0.00326625	0.003	0.01	1969.76	1376.21	53	5861	
0.4	5.4	52	280	2	3	4	240	4	240	0.00475	0.0035	0.003	0.01	60	0	60	60	
0.4	5.4	41	281	28	3	2	708	2	708	0.0065	0.00494975	0.003	0.01	354	415.779	60	648	
0.4	5.4	52	282	74	3	88	118085	89	119860	0.00575281	0.00343869	0.003	0.01	1346.74	1181.73	60	9422	
0.4	5.4	19	283	16	3	77	188870	77	188870	0.00627273	0.00351552	0.003	0.01	2452.86	1605.13	60	7099	
0.4	5.4	39	284	35	3	147	189618	147	189618	0.00561905	0.00359096	0.003	0.017	1289.92	1017.74	60	5861	
0.4	5.4	48	285	12	3	105	341514	105	341514	0.0072	0.00344573	0.003	0.01	3252.51	2158.87	60	9422	
0.4	5.4	31	287	23	3	68	125594	69	126186	0.00766667	0.00353415	0.003	0.017	1828.78	1519.28	60	9422	
0.4	5.4	28	288	14	3	1	60	1	60	0.01	0	0.01	0.01	60	0	60	60	
0.4	5.4	32	289	5	3	3	712	3	712	0.01	0	0.01	0.01	237.333	307.15	60	592	
0.4	5.4	2	291	5	3	105	456839	105	456839	0.0064	0.00351535	0.003	0.01	4350.85	1922.09	60	9422	
0.4	5.4	25	292	24	3	92	284233	92	284233	0.0076413	0.00332682	0.003	0.01	3089.49	2592.18	45	9422	
0.4	5.4	43	293	3	3	150	588919	150	588919	0.00771333	0.00329396	0.003	0.01	3926.13	2567.69	45	9422	
0.4	5.4	40	295	12	3	49	129219	49	129219	0.00957143	0.00169558	0.003	0.01	2637.12	2052.22	60	9422	
0.4	5.4	52	297	24	3	237	413328	237	413328	0.00586498	0.0034492	0.003	0.01	1744	1742.34	60	9422	
0.4	5.4	7	299	20	3	69	198336	69	198336	0.00401449	0.00248225	0.003	0.01	2874.43	1809.47	60	7690	
0.4	5.4	5	300	13	3	3	180	3	180	0.00766667	0.00404145	0.003	0.01	60	0	60	60	
0.4	5.4	10	301	15	3	5	300	5	300	0.0072	0.00383406	0.003	0.01	60	0	60	60	
0.4	5.4	40	302	10	3	165	632603	166	639110	0.0065	0.00351059	0.003	0.01	3850.06	2904.82	45	9422	
0.4	5.4	30	303	8	3	166	467690	166	467690	0.00780723	0.00343408	0.003	0.017	2817.41	2190.45	60	9422	
0.4	5.4	44	304	4	3	20	80578	20	80578	0.00895	0.00256443	0.003	0.01	4028.9	3141.86	60	9422	
0.4	5.4	37	305	26	3	216	232422	216	232422	0.00594907	0.00389779	0.003	0.017	1076.03	1264.29	56	9078	
0.4	5.4	52	306	7	3	1	60	1	60	0.01	0	0.01	0.01	60	0	60	60	
0.4	5.4	45	309	7	3	136	563614	136	563614	0.007375	0.00340139	0.003	0.01	4144.22	2819.73	60	9422	
0.4	5.4	37	311	67	3	259	306353	259	306353	0.00537838	0.00354316	0.003	0.017	1182.83	1479.07	34	9422	
0.4	5.4	37	312	36	3	218	344021	218	344021	0.00582569	0.00344233	0.003	0.01	1578.08	1583.5	59	9422	
0.4	5.4	31	314	4	3	186	656888	186	656888	0.00623656	0.00349949	0.003	0.01	3531.66	2020.57	60	9422	
0.4	5.4	39	315	46	3	170	402577	171	407310	0.0047193	0.003022	0.003	0.01	2381.93	1815.51	45	9422	
0.4	5.4	13	318	23	3	107	280164	108	285488	0.00364815	0.00203848	0.003	0.01	2643.41	2250.66	45	9422	
0.4	5.4	41	320	10	3	535	446562	535	446562	0.00501495	0.00317229	0.003	0.01	834.695	877.09	4	9422	
0.4	5.4	28	321	3	3	100	348851	100	348851	0.003	0	0.003	0.003	3488.51	2504.66	45	9422	
0.4	5.4	28	323	17	3	87	267560	87	267560	0.00589655	0.00346757	0.003	0.01	3075.4	1998.71	36	9422	
0.4	5.4	20	324	19	3	141	549753	141	549753	0.003	0	0.003	0.003	3898.96	2262.51	45	9422	
0.4	5.4	33	325	13	3	24	100103	24	100103	0.00620833	0.00356284	0.003	0.01	4170.96	2889.75	60	9422	
0.4	5.4	37	326	62	3	133	94339	133	94339	0.00621053	0.00370719	0.003	0.017	709.316	493.842	13	2367	
0.4	5.4	22	327	8	3	1	60	1	60	0.003	0	0.003	0.003	60	0	60	60	
0.4	5.4	52	328	54	3	228	274912	229	275397	0.00608734	0.00360449	0.003	0.017	1202.61	860.324	59	4395	
0.4	5.4	33	331	8	3	144	514992	144	514992	0.0069375	0.00348467	0.003	0.01	3576.33	2438.41	45	9422	
0.4	5.4	1	333	13	3	41	126847	41	126847	0.0094878	0.00184556	0.003	0.01	3093.83	2573.09	60	9422	
0.4	5.4	30	334	4	3	168	392587	168	392587	0.00829167	0.00320433	0.003	0.017	2336.83	1721.05	43	9422	
0.4	5.4	14	335	13	3	48	116100	47	113142	0.00910638	0.00375461	0.003	0.017	2407.28	1804.78	60	9422	
0.4	5.4	28	336	8	3	139	366506	139	366506	0.00828777	0.00301985	0.003	0.01	2636.73	2220.05	60	9422	
0.4	5.4	13	339	20	3	69	133524	69	133524	0.003	0	0.003	0.003	1935.13	1344.71	60	4733	
0.4	5.4	55	341	13	3	190	141781	190	141781	0.00513684	0.00353848	0.003	0.017	746.216	644.41	18	3550	
0.4	5.4	42	343	24	3	132	326891	132	326891	0.00729545	0.003735	0.003	0.017	2476.45	2050.46	60	9422	
0.4	5.4	51	346	4	3	169	457059	169	457059	0.00842603	0.00312376	0.003	0.017	2704.49	2105.29	13	9422	
0.4	5.4	14	347	6	3	94	361602	94	361602	0.00843617	0.00293132	0.003	0.01	3846.83	2466	60	9422	
0.4	5.4	10	349	18	3	67	226133	68	229091	0.00794118	0.00321323	0.003	0.01	3368.99	2033.69	60	9422	
0.4	5.4	27	353	8	3	48	110896	48	110896	0.0065	0.00353704	0.003	0.01	2310.33	1959.71	60	9422	
0.4	5.4	38	354	14	3	42	79430	42	79430	0.0065	0.00354243	0.003	0.01	1891.19	1529.42	60	7690	
0.4	5.4	54	355	10	3	6	8992	6	8992	0.003	0	0.003	0.003	1498.67	1204.42	60	3550	
0.4	5.4	39	357	44	3	1	60	1	60	0.003	0	0.003	0.003	60	0	60	60	
0.4	5.4	53	359	1	3	37	108988	37	108988	0.00602703	0.00351573	0.003	0.01	2945.62	2972.85	60	9422	
0.4	5.4	26	360	23	3	32	81771	32	81771	0.007375	0.00344309	0.003	0.01	2555.34	2485.43	60	9422	
0.4	5.4	34	363	44	3	256	294608	254	292240	0.00581102	0.00343829	0.003	0.01	1150.55	919.108	26	4395	
0.4	5.4	17	364	10	3	126	395372	126	395372	0.00633333	0.00350999	0.003	0.01	3137.87	1872.56	60	9422	
0.4	5.4	34	365	7	3	323	533805	323	533805	0.00577399	0.00380768	0.003	0.017	1652.65	1708.8	4	9422	
0.4	5.4	25	367	25	3	30	81885	30	81885	0.00953333	0.00177596	0.003	0.01	2729.5	2402.81	60	9422	
0.4	5.4	19	368	18	3	40	65807	40	65807	0.00475	0.0030697	0.003	0.01	1645.17	1370.72	60	7099	
0.4	5.4	49	369	6	3	89	222027	89	222027	0.00591011	0.00346948	0.003	0.01	2494.69	2185.97	60	9422	
0.4	5.4	55	371	2	3	192	86351	192	86351	0.00489583	0.00392062	0.003	0.017	449.745	496.684	4	3182	
0.4	5.4	2	372	8	3	6	8992	6	8992	0.00766667	0.00361478	0.003	0.01	1498.67	1204.42	60	3550	
0.4	5.4	20	373	4	3	30	81181	30	81181	0.00883333	0.00265334	0.003	0.01	2706.03	2130.81	60	9422	
0.4	5.4	2	374	12	3	31	83667	31	83667	0.00774193	0.00332634	0.003	0.01	2698.94	2666.25	60	9422	
0.4	5.4	46	375	2	3	41	107815	41	107815	0.00419512	0.00266664	0.003	0.01	2629.63	2001.04	60	7690	
0.4	5.4	52	380	15	3	5	300	5	300	0.0058	0.00383406	0.003	0.01	60	0	60	60	
0.4	5.4	30	381	14	3	112	229863	112	229863	0.0074375	0.00338726	0.003	0.01	2052.35	1535.35	60	7099	
0.4	5.4	31	382	19	3	31	48658	31	48658	0.00796774	0.00411893	0.003	0.017	1569.61	1047.03	60	4395	
0.4	5.4	38	383	24	3	60	137984	60	137984	0.003	0	0.003	0.003	2299.73	1428.03	60	5324	
0.4	5.4	35	384	6	3	43	112545	41	109776	0.00709756	0.00349145	0.003	0.01	2677.46	1991.57	60	8223	
0.4	5.4	37	388	63	3	1	60	1	60	0.01	0	0.01	0.01	60	0	60	60	
0.4	5.4	55	391	29	3	178	93422	178	93422	0.00445506	0.00294406	0.003	0.017	524.843	602.154	26	3550	
0.4	5.4	29	392	14	3	101	356294	101	356294	0.00861386	0.00280346	0.003	0.01	3527.66	2411.94	60	9422	
0.4	5.4	3	393	8	3	110	371313	110	371313	0.0072	0.00344498	0.003	0.01	3375.57	2648.16	45	9422	
0.4	5.4	55	395	21	3	180	146638	180	146638	0.00545	0.00421659	0.003	0.017	814.656	771.799	33	4395	
0.4	5.4	15	396	3	3	259	651941	259	651941	0.00781081	0.00374048	0.003	0.017	2517.15	1967.25	17	9422	
0.4	5.4	48	398	1	3	38	67587	38	67587	0.00797368	0.00360545	0.003	0.017	1778.61	1101.52	60	5324	
0.4	5.4	25	400	21	3	11	12551	11	12551	0.00809091	0.0032697	0.003	0.01	1141	707.075	60	2196	
0.4	5.4	48	401	13	3	1	60	1	60	0.01	0	0.01	0.01	60	0	60	60	
0.4	5.4	2	402	31	3	76	153382	76	153382	0.00852631	0.00329636	0.003	0.017	2018.18	1785.89	60	9422	
0.4	5.4	11	404	13	3	28	116074	28	116074	0.01	0	0.01	0.01	4145.5	2814	60	9422	
0.4	5.4	33	405	10	3	154	524476	154	524476	0.00659091	0.00351023	0.003	0.01	3405.69	2507.82	60	9422	
0.4	5.4	7	407	5	3	1	60	1	60	0.01	0	0.01	0.01	60	0	60	60	
0.4	5.4	41	409	22	3	2	120	2	120	0.003	0	0.003	0.003	60	0	60	60	
0.4	5.4	52	410	57	3	59	119188	59	119188	0.003	0	0.003	0.003	2020.14	1769.75	60	7099	
0.4	5.4	33	411	16	3	44	149218	44	149218	0.003	0	0.003	0.003	3391.32	2888.92	60	9422	
0.4	5.4	42	412	23	3	55	141657	55	141657	0.00541818	0.00335929	0.003	0.01	2575.58	2090.35	60	9422	
0.4	5.4	16	413	19	3	131	348665	131	348665	0.00658015	0.00351251	0.003	0.01	2661.56	2012.03	45	9422	
0.4	5.4	44	414	17	3	2	120	1	60	0.01	0	0.01	0.01	60	0	60	60	
0.4	5.4	33	417	20	3	150	553434	149	549884	0.00586577	0.00345367	0.003	0.01	3690.5	2395.99	57	9422	
0.4	5.4	11	419	16	3	1	60	1	60	0.003	0	0.003	0.003	60	0	60	60	
0.4	5.4	17	420	23	3	3	180	3	180	0.00766667	0.00404145	0.003	0.01	60	0	60	60	
0.4	5.4	37	421	90	3	5	300	5	300	0.01	0	0.01	0.01	60	0	60	60	
0.4	5.4	54	423	7	3	152	440948	152	440948	0.00686842	0.00358378	0.003	0.017	2900.97	2085.09	36	9422	
0.4	5.4	52	425	4	3	279	471478	280	471851	0.004575	0.00292831	0.003	0.01	1685.18	1365.88	35	9422	
0.4	5.4	28	427	7	3	121	442688	121	442688	0.00421488	0.00281131	0.003	0.017	3658.58	2312.03	60	9422	
0.4	5.4	47	429	12	3	1	60	1	60	0.01	0	0.01	0.01	60	0	60	60	
0.4	5.4	34	430	34	3	225	172737	225	172737	0.00492889	0.00333733	0.003	0.017	767.72	594.873	14	3822	
0.4	5.4	24	432	5	3	82	244727	83	248868	0.00806024	0.00315204	0.003	0.01	2998.41	2292.28	45	9422	
0.4	5.4	34	433	49	3	81	105543	80	104359	0.005275	0.00365602	0.003	0.017	1304.49	1147.76	39	5324	
0.4	5.4	54	434	2	3	172	557664	172	557664	0.0030407	0.000533745	0.003	0.01	3242.23	2258.49	45	9422	
0.4	5.4	18	437	13	3	1	60	1	60	0.01	0	0.01	0.01	60	0	60	60	
0.4	5.4	31	438	15	3	69	183073	69	183073	0.0032029	0.00118296	0.003	0.01	2653.23	2161.8	60	9422	
0.4	5.4	4	439	15	3	79	223238	78	220871	0.00865385	0.00277665	0.003	0.01	2831.68	2469.63	45	9422	
0.4	5.4	42	441	4	3	246	593222	247	595703	0.00710931	0.00403846	0.003	0.017	2411.75	1731.63	60	9422	
0.4	5.4	53	442	4	3	134	403783	134	403783	0.00764925	0.00342757	0.003	0.017	3013.31	2275.74	60	9422	
0.4	5.4	39	445	14	3	3	180	3	180	0.00766667	0.00404145	0.003	0.01	60	0	60	60	
0.4	5.4	44	446	2	3	44	182924	44	182924	0.00729545	0.00344781	0.003	0.01	4157.36	2376.71	60	9422	
0.4	5.4	15	447	20	3	110	188942	110	188942	0.00777273	0.00412568	0.003	0.017	1717.65	1676.35	60	9422	
0.4	5.4	38	449	15	3	78	257027	78	257027	0.0079359	0.00321256	0.003	0.01	3295.22	2595.6	45	9422	
0.4	5.4	23	451	11	3	94	170690	93	169506	0.00789247	0.00369036	0.003	0.017	1822.65	1326.69	60	7099	
0.4	5.4	37	452	76	3	20	10790	20	10790	0.0044	0.00287274	0.003	0.01	539.5	409.798	60	1184	
0.4	5.4	16	454	11	3	7	10176	7	10176	0.003	0	0.003	0.003	1453.71	1105.89	60	3550	
0.4	5.4	18	456	12	3	99	360082	99	360082	0.00561616	0.0034038	0.003	0.01	3637.19	2478.2	45	9422	
0.4	5.4	46	457	13	3	1	60	1	60	0.01	0	0.01	0.01	60	0	60	60	
0.4	5.4	35	458	15	3	15	53361	15	53361	0.00486667	0.00320416	0.003	0.01	3557.4	2438.13	60	8873	
0.4	5.4	21	459	4	3	4	240	4	240	0.01	0	0.01	0.01	60	0	60	60	
0.4	5.4	44	461	13	3	110	524980	110	524980	0.00306364	0.000667424	0.003	0.01	4772.55	2365.63	45	9422	
0.4	5.4	7	462	13	3	118	481132	118	481132	0.00454237	0.0029137	0.003	0.01	4077.39	2654.29	45	9422	
0.4	5.4	42	463	28	3	6	4853	6	4853	0.00883333	0.00285774	0.003	0.01	808.833	607.554	60	1775	
0.4	5.4	4	464	7	3	8	18711	7	14316	0.008	0.00341565	0.003	0.01	2045.14	1816.4	60	5324	
0.4	5.4	37	465	6	3	1	60	1	60	0.003	0	0.003	0.003	60	0	60	60	
0.4	5.4	28	466	15	3	125	325805	125	325805	0.006472	0.00351397	0.003	0.01	2606.44	2141.7	23	9422	
0.4	5.4	49	467	17	3	23	67569	23	67569	0.00726087	0.00349308	0.003	0.01	2937.78	2726.43	60	9422	
0.4	5.4	31	471	5	3	144	573430	144	573430	0.00304861	0.000583333	0.003	0.01	3982.15	2541.94	45	9422	
0.4	5.4	26	472	5	3	167	507921	167	507921	0.00832335	0.00309346	0.003	0.017	3041.44	2128.81	60	9422	
0.4	5.4	7	473	6	3	168	472602	168	472602	0.00795833	0.003702	0.003	0.017	2813.11	2651.31	45	9422	
0.4	5.4	5	474	2	3	200	723903	199	723311	0.00767839	0.00337805	0.003	0.017	3634.73	2684.06	36	9422	
0.4	5.4	16	476	15	3	126	299571	126	299571	0.00777778	0.00371998	0.003	0.017	2377.55	2198.7	60	9422	
0.4	5.4	1	477	3	3	50	174779	50	174779	0.00622	0.0035242	0.003	0.01	3495.58	2629.01	60	9422	
0.4	5.4	40	478	15	3	39	107804	39	107804	0.0085641	0.00286352	0.003	0.01	2764.21	2375.1	60	9422	
0.4	5.4	53	479	24	3	17	54551	17	54551	0.00711765	0.0035511	0.003	0.01	3208.88	3004.66	60	9422	
0.4	5.4	41	480	1	3	198	141184	198	141184	0.00575757	0.00342902	0.003	0.01	713.051	665.869	60	7099	
0.4	5.4	52	481	64	3	159	192104	159	192104	0.00661006	0.00359661	0.003	0.017	1208.2	975.202	5	5916	
0.4	5.4	10	482	9	3	19	37989	19	37989	0.01	0	0.01	0.01	1999.42	1312.52	60	4141	
0.4	5.4	26	483	9	3	93	386682	93	386682	0.003	0	0.003	0.003	4157.87	2782.36	45	9422	
0.4	5.4	50	484	1	3	88	222602	88	222602	0.00817045	0.00327028	0.003	0.017	2529.57	2053.69	28	9422	
0.4	5.4	13	485	5	3	75	124518	76	126885	0.00493421	0.00315102	0.003	0.01	1669.54	1107.98	60	4395	
0.4	5.4	52	486	32	3	74	139222	74	139222	0.00432432	0.00299364	0.003	0.017	1881.38	1589.9	22	9422	
0.4	5.4	54	488	14	3	25	55736	25	55736	0.00888	0.00261916	0.003	0.01	2229.44	1445.33	60	5324	
0.4	5.4	34	489	3	3	3	180	3	180	0.003	0	0.003	0.003	60	0	60	60	
0.4	5.4	34	490	31	3	182	154994	181	153219	0.00555249	0.00397125	0.003	0.017	846.514	804.761	5	4784	
0.4	5.4	55	491	30	3	362	251593	362	251593	0.00514641	0.00388093	0.003	0.017	695.008	649.837	4	3550	
0.4	5.4	6	493	12	3	69	230380	69	230380	0.00502898	0.00319913	0.003	0.01	3338.84	2480.24	60	9422	
0.4	5.4	13	495	7	3	149	233254	149	233254	0.00600671	0.00392411	0.003	0.017	1565.46	1334.12	77	7099	
0.4	5.4	39	499	54	3	1	60	1	60	0.003	0	0.003	0.003	60	0	60	60	
0.4	5.4	9	500	13	3	117	373483	117	373483	0.00491453	0.00313372	0.003	0.01	3192.16	1999.67	60	9422	
0.4	5.4	28	501	5	3	142	607911	140	601401	0.0053	0.00329966	0.003	0.01	4295.72	2603.69	45	9422	
0.4	5.4	39	505	28	3	46	109658	46	109658	0.003	0	0.003	0.003	2383.87	1673.18	60	7099	
0.4	5.4	56	506	3	3	17	52776	17	52776	0.01	0.0035	0.003	0.017	3104.47	3055.19	60	9422	
0.4	5.4	26	508	12	3	110	527728	110	527728	0.0051	0.00322248	0.003	0.01	4797.53	2697.04	45	9422	
0.4	5.4	24	512	4	3	19	55740	19	55740	0.00852631	0.00293198	0.003	0.01	2933.68	2170.58	60	7099	
0.4	5.4	41	513	12	3	506	406280	506	406280	0.00522727	0.0036296	0.003	0.017	802.925	905.391	4	9422	
0.4	5.4	12	514	1	3	105	482290	105	482290	0.003	0	0.003	0.003	4593.24	3031.88	45	9422	
0.4	5.4	46	515	16	3	37	82970	37	82970	0.0064054	0.00354698	0.003	0.01	2242.43	1754.11	60	9422	
0.4	5.4	41	516	49	3	371	248829	371	248829	0.00479245	0.00314472	0.003	0.017	670.698	601.229	18	4904	
0.4	5.4	27	517	10	3	89	213275	89	213275	0.00944944	0.00437973	0.003	0.024	2396.35	1997.1	9	9422	
0.4	5.4	56	518	13	3	81	136807	81	136807	0.00334568	0.00152611	0.003	0.01	1688.98	2297.29	60	9422	
0.4	5.4	19	519	11	3	139	291860	140	292452	0.00455	0.00291689	0.003	0.01	2088.94	1978.05	60	9422	
0.4	5.4	25	520	1	3	22	62835	22	62835	0.003	0	0.003	0.003	2856.14	2723.61	60	9422	
0.4	5.4	1	521	16	3	1	60	1	60	0.003	0	0.003	0.003	60	0	60	60	
0.4	5.4	23	523	12	3	4	2484	4	2484	0.0065	0.00404145	0.003	0.01	621	459.442	60	1184	
0.4	5.4	48	524	7	3	60	144499	60	144499	0.00801667	0.00343211	0.003	0.017	2408.32	2421.17	36	9422	
0.4	5.4	41	525	59	3	89	95505	89	95505	0.00378652	0.00222318	0.003	0.01	1073.09	890.501	58	4395	
0.4	5.4	45	527	2	3	17	44492	17	44492	0.00464706	0.00306066	0.003	0.01	2617.18	2846.14	60	9422	
0.4	5.4	26	528	15	3	90	252173	90	252173	0.0086	0.00281569	0.003	0.01	2801.92	2058.52	60	9422	
0.4	5.4	46	529	22	3	142	411368	142	411368	0.00373944	0.00215919	0.003	0.01	2896.96	2260.33	45	9422	
0.4	5.4	34	530	2	3	1	60	1	60	0.01	0	0.01	0.01	60	0	60	60	
0.4	5.4	5	531	1	3	64	167589	64	167589	0.0078125	0.00327024	0.003	0.01	2618.58	1977.23	60	8873	
0.4	5.4	21	532	24	3	266	366606	264	362995	0.00679167	0.00384962	0.003	0.024	1374.98	1887.11	3	9422	
0.4	5.4	52	533	72	3	116	279452	116	279452	0.00378448	0.00221774	0.003	0.01	2409.07	2019.12	60	9422	
0.4	5.4	53	534	17	3	82	157676	81	150577	0.00853086	0.00438773	0.003	0.017	1858.98	1627.35	60	8873	
0.4	5.4	13	535	17	3	47	82991	47	82991	0.0067234	0.00353062	0.003	0.01	1765.77	1322.04	36	4395	
0.4	5.4	25	536	4	3	133	412639	133	412639	0.00789474	0.00322223	0.003	0.01	3102.55	2479.33	45	9422	
0.4	5.4	37	537	44	3	128	142239	128	142239	0.00611719	0.00380969	0.003	0.017	1111.24	1239.89	26	9422	
0.4	5.4	26	539	1	3	15	23786	15	23786	0.00813333	0.00320416	0.003	0.01	1585.73	782.498	60	2958	
0.4	5.4	30	541	7	3	77	154565	77	154565	0.00709091	0.00347238	0.003	0.01	2007.34	1763.69	60	9422	
0.4	5.4	51	544	10	3	51	103081	51	103081	0.00821569	0.003081	0.003	0.01	2021.2	1272.36	60	4733	
0.4	5.4	40	545	5	3	60	193706	60	193706	0.003	0	0.003	0.003	3228.43	2534.03	45	9422	
0.4	5.4	1	546	2	3	57	183059	57	183059	0.00926316	0.00216734	0.003	0.01	3211.56	2470.06	60	9422	
0.4	5.4	17	547	14	3	28	53986	28	53986	0.0065	0.00404145	0.003	0.017	1928.07	1592.26	60	5664	
0.4	5.4	34	549	26	3	158	123984	158	123984	0.0053481	0.00340836	0.003	0.017	784.709	560.012	29	3550	
0.4	5.4	41	550	35	3	208	212749	208	212749	0.00599519	0.00453595	0.003	0.024	1022.83	1306.24	21	9422	
0.4	5.4	49	551	1	3	146	640856	147	646180	0.00547619	0.00335835	0.003	0.01	4395.78	2458	45	9422	
0.4	5.4	30	553	6	3	2	120	2	120	0.0065	0.00494975	0.003	0.01	60	0	60	60	
0.4	5.4	52	554	11	3	1	60	1	60	0.003	0	0.003	0.003	60	0	60	60	
0.4	5.4	8	555	5	3	1	60	1	60	0.003	0	0.003	0.003	60	0	60	60	
0.4	5.4	27	556	1	3	29	56928	29	56928	0.003	0	0.003	0.003	1963.03	1971.7	60	8873	
0.4	5.4	21	557	34	3	68	125017	68	125017	0.00495588	0.00316432	0.003	0.01	1838.49	1233.19	60	6378	
0.4	5.4	19	559	31	3	32	26184	32	26184	0.0060625	0.00352811	0.003	0.01	818.25	617.028	60	2958	
0.4	5.4	29	561	15	3	36	105435	36	105435	0.00338889	0.00162617	0.003	0.01	2928.75	2500.9	60	9422	
0.4	5.4	52	562	28	3	85	80661	85	80661	0.00571765	0.00343169	0.003	0.01	948.953	612.01	60	3550	
0.4	5.4	41	563	11	3	433	364775	433	364775	0.00490762	0.00315653	0.003	0.017	842.436	732.984	11	5324	
0.4	5.4	57	564	3	3	174	603648	174	603648	0.00762644	0.00348964	0.003	0.017	3469.24	2058.17	45	9422	
0.4	5.4	6	566	1	3	32	111350	32	111350	0.00846875	0.00294009	0.003	0.01	3479.69	3006.13	60	9422	
0.4	5.4	42	568	22	3	135	456544	135	456544	0.003	0	0.003	0.003	3381.81	2252.55	60	9422	
0.4	5.4	55	569	45	3	481	435118	481	435118	0.00503742	0.00333958	0.003	0.017	904.611	1061.39	7	9422	
0.4	5.4	43	571	11	3	2	120	2	120	0.01	0	0.01	0.01	60	0	60	60	
0.4	5.4	7	572	16	3	60	149822	60	149822	0.00895	0.00252059	0.003	0.01	2497.03	1864.43	60	8282	
0.4	5.4	21	573	36	3	99	172354	99	172354	0.00540404	0.0033409	0.003	0.01	1740.95	1259.79	60	7099	
0.4	5.4	34	574	30	3	122	130457	122	130457	0.00586885	0.00389734	0.003	0.017	1069.32	900.059	60	4905	
0.4	5.4	31	575	14	3	2	120	2	120	0.0065	0.00494975	0.003	0.01	60	0	60	60	
0.4	5.4	15	576	18	3	50	161762	50	161762	0.003	0	0.003	0.003	3235.24	2752.75	60	9422	
0.4	5.4	57	580	6	3	114	389434	114	389434	0.00772807	0.00366588	0.003	0.017	3416.09	2592.28	45	9422	
0.4	5.4	19	581	3	3	31	91839	31	91839	0.00909677	0.00393577	0.003	0.017	2962.55	2375.09	60	9422	
0.4	5.4	43	582	5	3	29	106022	29	106022	0.00975862	0.00129987	0.003	0.01	3655.93	3137.21	60	9422	
0.4	5.4	40	583	2	3	162	662400	163	666541	0.00604908	0.00348153	0.003	0.01	4089.21	2742.73	45	9422	
0.4	5.4	22	585	13	3	84	222122	84	222122	0.00866667	0.00276525	0.003	0.01	2644.31	1896.92	60	9422	
0.4	5.4	52	586	59	3	229	406208	229	406208	0.00584279	0.00344527	0.003	0.01	1773.83	1546.51	15	9422	
0.4	5.4	47	589	10	3	2	120	2	120	0.01	0	0.01	0.01	60	0	60	60	
0.4	5.4	30	591	1	3	6	8992	6	8992	0.003	0	0.003	0.003	1498.67	1204.42	60	3550	
0.4	5.4	44	592	6	3	19	59286	19	59286	0.00742105	0.00346916	0.003	0.01	3120.32	2784.9	60	9422	
0.4	5.4	13	593	1	3	90	124474	90	124474	0.00727778	0.0042875	0.003	0.017	1383.04	1088.49	60	7645	
0.4	5.4	11	595	7	3	91	372258	91	372258	0.00938461	0.00199315	0.003	0.01	4090.75	2288.05	60	9422	
0.4	5.4	49	596	20	3	52	125686	52	125686	0.00784615	0.003806	0.003	0.017	2417.04	2431.01	60	9422	
0.4	5.4	18	597	10	3	38	123192	38	123192	0.00852631	0.00289208	0.003	0.01	3241.89	2254.49	60	9422	
0.4	5.4	13	598	8	3	110	212130	108	202071	0.00688889	0.00349454	0.003	0.01	1871.03	1667.85	60	9422	
0.4	5.4	32	599	9	3	132	494731	132	494731	0.00612879	0.00349352	0.003	0.01	3747.96	2971.58	45	9422	
0.4	5.4	17	600	20	3	97	271719	97	271719	0.00805155	0.00346221	0.003	0.017	2801.23	2235.86	60	9422	
0.4	5.4	33	603	11	3	33	105430	33	105430	0.00490909	0.00316587	0.003	0.01	3194.85	2933.93	45	9422	
0.4	5.4	56	604	11	3	117	430952	117	430952	0.00706838	0.0034684	0.003	0.01	3683.35	2516.51	45	9422	
0.4	5.4	56	605	10	3	221	825143	221	825143	0.00781448	0.00331895	0.003	0.017	3733.68	2856.41	45	9422	
0.4	5.4	23	606	19	3	149	403090	148	401906	0.00772973	0.00384848	0.003	0.017	2715.58	1921.85	60	9422	
0.4	5.4	36	609	7	3	60	181766	59	177625	0.00869491	0.00304141	0.003	0.017	3010.59	2186.01	60	9422	
0.4	5.4	15	610	9	3	213	597185	213	597185	0.00717371	0.00344264	0.003	0.01	2803.69	2399.85	41	9422	
0.4	5.4	3	611	2	3	40	80595	40	80595	0.007375	0.00343203	0.003	0.01	2014.88	1939.2	60	9422	
0.4	5.4	15	612	14	3	102	128609	102	128609	0.00704902	0.00411319	0.003	0.017	1260.87	1079.52	42	5664	
0.4	5.4	27	616	3	3	66	110900	66	110900	0.00809091	0.00358942	0.003	0.017	1680.3	1795.08	60	9422	
0.4	5.4	57	617	12	3	61	169349	61	169349	0.00586885	0.00431074	0.003	0.024	2776.21	1965.25	60	9422	
0.4	5.4	7	619	3	3	2	120	2	120	0.003	0	0.003	0.003	60	0	60	60	
0.4	5.4	28	620	11	3	112	346969	112	346969	0.007125	0.00358456	0.003	0.017	3097.94	2345.87	45	9422	
0.4	5.4	10	624	13	3	74	181894	74	181894	0.00877027	0.00268199	0.003	0.01	2458.03	1882.85	36	9422	
0.4	5.4	2	625	29	3	96	340324	96	340324	0.00664583	0.00351532	0.003	0.01	3545.04	2466.14	45	9422	
0.4	5.4	8	626	3	3	20	64610	20	64610	0.003	0	0.003	0.003	3230.5	2422.9	60	9422	
0.4	5.4	34	627	15	3	1	60	1	60	0.003	0	0.003	0.003	60	0	60	60	
0.4	5.4	26	630	17	3	5	4851	5	4851	0.01	0	0.01	0.01	970.2	646.413	60	1775	
0.4	5.4	56	631	6	3	19	66973	19	66973	0.01	0	0.01	0.01	3524.89	2408.62	60	9422	
0.4	5.4	39	632	51	3	140	301468	140	301468	0.00495	0.00314934	0.003	0.01	2153.34	1464.15	60	9422	
0.4	5.4	41	633	32	3	169	164829	169	164829	0.00594083	0.00346531	0.003	0.01	975.32	716.451	5	3550	
0.4	5.4	54	634	19	3	14	47448	14	47448	0.0085	0.00298071	0.003	0.01	3389.14	2893.21	60	9422	
0.4	5.4	49	637	10	3	2	708	2	708	0.0065	0.00494975	0.003	0.01	354	415.779	60	648	
0.4	5.4	6	638	16	3	146	664505	146	664505	0.003	0	0.003	0.003	4551.4	2699.37	45	9422	
0.4	5.4	34	639	50	3	4	1894	4	1894	0.00475	0.0035	0.003	0.01	473.5	491.428	60	1184	
0.4	5.4	25	640	10	3	102	266511	102	266511	0.00780392	0.00326408	0.003	0.01	2612.85	2262.03	60	9422	
0.4	5.4	8	641	7	3	113	386580	111	377115	0.00306306	0.000664411	0.003	0.01	3397.43	2530.72	60	9422	
0.4	5.4	13	642	3	3	226	466751	227	467814	0.00614537	0.00372993	0.003	0.017	2060.85	1629.54	21	8282	
0.4	5.4	5	643	6	3	102	312762	102	312762	0.00704902	0.00347374	0.003	0.01	3066.29	2202.9	60	9422	
0.4	5.4	52	646	68	3	5	5442	5	5442	0.003	0	0.003	0.003	1088.4	742.216	60	1775	
0.4	5.4	17	647	13	3	74	201302	74	201302	0.00498649	0.00317737	0.003	0.01	2720.3	2314.78	60	9422	
0.4	5.4	30	648	12	3	3	180	3	180	0.00533333	0.00404145	0.003	0.01	60	0	60	60	
0.4	5.4	50	649	5	3	123	494123	123	494123	0.00749593	0.00336903	0.003	0.01	4017.26	2241.29	57	9422	
0.4	5.4	5	650	3	3	11	16097	11	16097	0.00872727	0.00283164	0.003	0.01	1463.36	1249.98	60	4395	
0.4	5.4	26	652	7	3	1	60	1	60	0.01	0	0.01	0.01	60	0	60	60	
0.4	5.4	34	653	56	3	110	38754	110	38754	0.00478182	0.00372539	0.003	0.017	352.309	292.365	7	1775	
0.4	5.4	47	655	15	3	92	232193	92	232193	0.003	0	0.003	0.003	2523.84	2071.43	45	9422	
0.4	5.4	20	657	9	3	1	60	1	60	0.01	0	0.01	0.01	60	0	60	60	
0.4	5.4	50	658	3	3	82	224483	82	224483	0.00428049	0.0027229	0.003	0.01	2737.6	2629.28	60	9422	
0.4	5.4	55	660	47	3	130	46491	130	46491	0.00434615	0.0033865	0.003	0.017	357.623	432.941	12	2196	
0.4	5.4	43	663	6	3	163	538626	163	538626	0.003	0	0.003	0.003	3304.45	2018.3	45	9422	
0.4	5.4	52	664	6	3	268	354196	268	354196	0.00566418	0.00340509	0.003	0.01	1321.63	1103.12	24	9213	
0.4	5.4	34	666	19	3	70	61722	69	61130	0.00655072	0.00352527	0.003	0.01	885.942	608.381	60	2367	
0.4	5.4	49	667	5	3	109	398301	109	398301	0.00544037	0.00335115	0.003	0.01	3654.14	2412.5	45	9422	
0.4	5.4	10	668	14	3	128	507864	127	503131	0.00608661	0.00359899	0.003	0.017	3961.66	2529.16	60	9422	
0.4	5.4	31	671	26	3	86	265903	86	265903	0.00666279	0.00351672	0.003	0.01	3091.9	2501.99	45	9422	
0.4	5.4	21	673	31	3	38	51024	38	51024	0.00613158	0.00352728	0.003	0.01	1342.74	892.081	60	3550	
0.4	5.4	52	674	22	3	214	247091	214	247091	0.00502804	0.00325434	0.003	0.017	1154.63	994.056	15	8282	
0.4	5.4	14	675	2	3	71	279971	71	279971	0.00359155	0.00196089	0.003	0.01	3943.25	2658.87	45	9422	
0.4	5.4	20	676	17	3	100	348602	100	348602	0.00671	0.00351129	0.003	0.01	3486.02	2510.19	45	9422	
0.4	5.4	39	678	45	3	48	42175	48	42175	0.00708333	0.00452808	0.003	0.017	878.646	766.678	60	3182	
0.4	5.4	21	683	25	3	215	260199	215	260199	0.00632093	0.00369444	0.003	0.017	1210.23	941.901	24	5916	
0.4	5.4	39	684	38	3	169	207940	170	212844	0.00600588	0.00363822	0.003	0.017	1252.02	1195.1	18	9422	
0.4	5.4	3	686	5	3	103	401955	103	401955	0.00884466	0.00261128	0.003	0.01	3902.48	2624.68	60	9422	
0.4	5.4	1	688	1	3	1	60	1	60	0.003	0	0.003	0.003	60	0	60	60	
0.4	5.4	41	689	34	3	131	76089	131	76089	0.00529771	0.00402051	0.003	0.024	580.832	724.513	29	4904	
0.4	5.4	22	690	14	3	166	566365	166	566365	0.00738554	0.00372975	0.003	0.017	3411.84	2382.78	45	9422	
0.4	5.4	34	691	36	3	32	38018	32	38018	0.00803125	0.00568804	0.003	0.017	1188.06	821.236	60	2961	
0.4	5.4	42	692	8	3	205	483119	205	483119	0.00661951	0.00350652	0.003	0.01	2356.68	1896.58	57	9422	
0.4	5.4	37	694	2	3	215	210540	215	210540	0.0058	0.00343729	0.003	0.01	979.256	665.379	7	3662	
0.4	5.4	48	695	14	3	114	342822	114	342822	0.003	0	0.003	0.003	3007.21	2703.83	45	9422	
0.4	5.4	35	697	16	3	2	120	2	120	0.01	0	0.01	0.01	60	0	60	60	
0.4	5.4	41	699	26	3	274	277379	274	277379	0.0054781	0.00356127	0.003	0.017	1012.33	1195.02	14	5861	
0.4	5.4	37	700	23	3	51	27976	51	27976	0.00409804	0.00257103	0.003	0.01	548.549	410.295	60	1775	
0.4	5.4	19	701	23	3	122	215558	122	215558	0.00736065	0.00415618	0.003	0.017	1766.87	1826.37	13	9422	
0.4	5.4	48	702	3	3	2	708	2	708	0.01	0	0.01	0.01	354	415.779	60	648	
0.4	5.4	9	703	10	3	192	726249	192	726249	0.00536979	0.00332116	0.003	0.01	3782.55	2900.5	45	9422	
0.4	5.4	48	704	15	3	157	525657	157	525657	0.00438216	0.00279545	0.003	0.01	3348.13	1788.01	60	9422	
0.4	5.4	46	705	1	3	167	426773	167	426773	0.00631138	0.00358864	0.003	0.017	2555.53	1949.7	60	9422	
0.4	5.4	39	707	30	3	75	110213	75	110213	0.00729333	0.00413219	0.003	0.017	1469.51	1310.44	60	9422	
0.4	5.4	34	710	57	3	155	240021	155	240021	0.00430968	0.00273877	0.003	0.01	1548.52	1247.73	60	8282	
0.4	5.4	48	711	23	3	102	332180	102	332180	0.0045098	0.0028933	0.003	0.01	3256.67	2569.24	60	9422	
0.4	5.4	50	712	19	3	116	410128	116	410128	0.00861207	0.00295111	0.003	0.017	3535.59	2029.29	60	9422	
0.4	5.4	19	715	22	3	2	120	2	120	0.01	0	0.01	0.01	60	0	60	60	
0.4	5.4	39	716	23	3	189	297833	188	297460	0.00635106	0.00350617	0.003	0.01	1582.23	1358.12	60	9422	
0.4	5.4	9	717	8	3	118	335130	118	335130	0.003	0	0.003	0.003	2840.08	2120.86	60	9422	
0.4	5.4	41	718	3	3	2	120	2	120	0.003	0	0.003	0.003	60	0	60	60	
0.4	5.4	31	719	27	3	48	105575	47	104391	0.0046383	0.00299583	0.003	0.01	2221.09	1981.41	60	9422	
0.4	5.4	43	722	13	3	106	379381	106	379381	0.003	0	0.003	0.003	3579.07	2175.16	60	9422	
0.4	5.4	49	723	21	3	60	155846	60	155846	0.003	0	0.003	0.003	2597.43	2016.37	60	9422	
0.4	5.4	50	724	13	3	32	82967	32	82967	0.00715625	0.00349294	0.003	0.01	2592.72	2203.96	60	9422	
0.4	5.4	46	725	12	3	137	470033	137	470033	0.003	0	0.003	0.003	3430.9	2345.46	45	9422	
0.4	5.4	17	726	22	3	78	254552	78	254552	0.00730769	0.00394543	0.003	0.017	3263.49	3189.88	45	9422	
0.4	5.4	52	727	49	3	40	64043	40	64043	0.003	0	0.003	0.003	1601.07	1291.18	60	4395	
0.4	5.4	20	728	1	3	84	321969	84	321969	0.003	0	0.003	0.003	3832.96	2314.55	45	9422	
0.4	5.4	50	730	18	3	2	652	2	652	0.01	0	0.01	0.01	326	376.181	60	592	
0.4	5.4	21	731	8	3	128	251667	128	251667	0.00513281	0.00323458	0.003	0.01	1966.15	1477.52	60	9422	
0.4	5.4	10	732	8	3	48	149224	48	149224	0.0086875	0.0027611	0.003	0.01	3108.83	1992.96	60	9422	
0.4	5.4	20	734	22	3	33	94784	33	94784	0.00851515	0.00290604	0.003	0.01	2872.24	2215.61	60	9422	
0.4	5.4	12	739	16	3	16	50410	16	50410	0.0060625	0.00358643	0.003	0.01	3150.62	3098.85	60	9422	
0.4	5.4	13	740	18	3	167	175470	167	175470	0.00605988	0.00445013	0.003	0.024	1050.72	1038.18	29	8981	
0.4	5.4	16	742	18	3	109	268323	109	268323	0.00781651	0.00352548	0.003	0.017	2461.68	1998.45	18	8282	
0.4	5.4	34	743	17	3	162	119244	162	119244	0.00503086	0.0033722	0.003	0.017	736.074	488.045	7	2367	
0.4	5.4	57	745	2	3	80	230291	80	230291	0.0085125	0.00308936	0.003	0.017	2878.64	2194.67	45	9422	
0.4	5.4	38	746	4	3	58	175262	57	174078	0.00840351	0.0032451	0.003	0.017	3054	2562.11	45	9422	
0.4	5.4	8	747	16	3	137	505456	137	505456	0.00724087	0.00343324	0.003	0.01	3689.46	2962.07	45	9422	
0.4	5.4	55	749	4	3	1	60	1	60	0.01	0	0.01	0.01	60	0	60	60	
0.4	5.4	23	750	23	3	228	678496	227	675538	0.00719383	0.00379769	0.003	0.017	2975.94	2502.03	45	9422	
0.4	5.4	18	752	5	3	116	356568	116	356568	0.00716379	0.00345139	0.003	0.01	3073.86	2456.22	36	9422	
0.4	5.4	50	754	16	3	26	69339	26	69339	0.00569231	0.00347297	0.003	0.01	2666.88	2165.14	60	8873	
0.4	5.4	37	755	45	3	245	197413	245	197413	0.00557143	0.00387933	0.003	0.017	805.767	798.827	60	8873	
0.4	5.4	41	756	60	3	1	60	1	60	0.003	0	0.003	0.003	60	0	60	60	
0.4	5.4	40	757	8	3	59	138045	59	138045	0.00715254	0.00346815	0.003	0.01	2339.75	1244.3	60	5324	
0.4	5.4	34	761	38	3	183	144150	180	141782	0.00560555	0.0037751	0.003	0.017	787.678	661.53	8	4395	
0.4	5.4	7	762	14	3	123	528580	123	528580	0.00391057	0.00236438	0.003	0.01	4297.4	3114.48	45	9422	
0.4	5.4	21	763	10	3	1	60	1	60	0.01	0	0.01	0.01	60	0	60	60	
0.4	5.4	41	765	5	3	247	306454	247	306454	0.003	0	0.003	0.003	1240.7	993.507	60	5916	
0.4	5.4	41	767	41	3	215	115354	215	115354	0.00524651	0.00379371	0.003	0.017	536.53	471.167	42	3182	
0.4	5.4	52	768	20	3	155	235865	154	235273	0.00522727	0.00327103	0.003	0.01	1527.75	1039.84	60	4733	
0.4	5.4	53	769	3	3	133	319067	133	319067	0.00678947	0.0035012	0.003	0.01	2399	1764.52	60	7708	
0.4	5.4	8	770	13	3	62	159284	62	159284	0.00796774	0.00320332	0.003	0.01	2569.1	1695.81	60	8873	
0.4	5.4	20	771	18	3	64	250498	64	250498	0.00704687	0.00348434	0.003	0.01	3914.03	2611.62	60	9422	
0.4	5.4	17	772	9	3	83	191840	81	187105	0.00749383	0.00337685	0.003	0.01	2309.94	1727.21	60	9422	
0.4	5.4	50	774	2	3	101	361605	101	361605	0.00785148	0.00324465	0.003	0.01	3580.25	2738.59	45	9422	
0.4	5.4	9	775	3	3	90	369883	90	369883	0.00346667	0.00175589	0.003	0.01	4109.81	2492.09	60	9422	
0.4	5.4	15	778	5	3	87	183560	87	183560	0.00790804	0.00339504	0.003	0.017	2109.89	2160.9	36	9422	
0.4	5.4	26	779	11	3	12	21424	12	21424	0.00416667	0.00272475	0.003	0.01	1785.33	1171.7	60	3822	
0.4	5.4	49	785	4	3	43	157500	43	157500	0.003	0	0.003	0.003	3662.79	2333.56	60	9422	
0.4	5.4	14	786	4	3	73	219751	73	219751	0.00875342	0.00293816	0.003	0.017	3010.29	2478.36	60	9422	
0.4	5.4	5	787	9	3	54	149817	54	149817	0.00818518	0.0030964	0.003	0.01	2774.39	2543.38	60	9422	
0.4	5.4	30	788	13	3	135	437490	135	437490	0.00678518	0.00350135	0.003	0.01	3240.67	2437.1	45	9422	
0.4	5.4	22	791	4	3	79	209049	79	209049	0.00734177	0.00341897	0.003	0.01	2646.19	1739.02	36	6882	
0.4	5.4	35	792	12	3	64	229677	64	229677	0.00770312	0.0033127	0.003	0.01	3588.7	2531.94	57	9422	
0.4	5.4	6	796	15	3	81	269424	81	269424	0.003	0	0.003	0.003	3326.22	1967.66	60	7690	
0.4	5.4	39	798	40	3	203	223525	203	223525	0.00675862	0.00447278	0.003	0.017	1101.11	811.138	60	5916	
0.4	5.4	24	799	2	3	90	255164	90	255164	0.0079	0.00339216	0.003	0.017	2835.16	1774.12	60	7673	
0.4	5.4	57	800	9	3	76	211471	75	209104	0.00701333	0.00348547	0.003	0.01	2788.05	1731.75	60	7690	
0.4	5.4	35	803	3	3	155	619010	155	619010	0.003	0	0.003	0.003	3993.61	2028.76	60	9422	
0.4	5.4	24	806	8	3	26	72310	26	72310	0.00730769	0.00347297	0.003	0.01	2781.15	2779.39	60	9422	
0.4	5.4	52	807	8	3	2	120	2	120	0.003	0	0.003	0.003	60	0	60	60	
0.4	5.4	49	808	9	3	25	59295	25	59295	0.003	0	0.003	0.003	2371.8	1433.32	60	4395	
0.4	5.4	2	810	19	3	32	72895	33	74670	0.00575757	0.00347338	0.003	0.01	2262.73	1087.35	60	4141	
0.4	5.4	3	811	4	3	50	142710	50	142710	0.00734	0.0034322	0.003	0.01	2854.2	2349.2	60	9422	
0.4	5.4	40	813	6	3	117	469878	117	469878	0.00599145	0.00347775	0.003	0.01	4016.05	2495.73	45	9422	
0.4	5.4	55	814	27	3	139	225320	139	225320	0.00486331	0.00310493	0.003	0.01	1621.01	1393.73	51	6507	
0.4	5.4	45	815	16	3	10	21419	10	21419	0.0086	0.00295146	0.003	0.01	2141.9	1690.41	60	4904	
0.4	5.4	37	816	14	3	3	180	3	180	0.003	0	0.003	0.003	60	0	60	60	
0.4	5.4	14	817	9	3	104	418524	104	418524	0.003	0	0.003	0.003	4024.27	2716.57	45	9422	
0.4	5.4	31	821	16	3	27	58228	27	58228	0.00637037	0.00356423	0.003	0.01	2156.59	1851.48	60	9422	
0.4	5.4	41	822	31	3	282	320712	282	320712	0.00471276	0.00301463	0.003	0.01	1137.28	1006.66	28	5951	
0.4	5.4	34	824	52	3	9	7813	9	7813	0.00766667	0.0035	0.003	0.01	868.111	579.739	53	1775	
0.4	5.4	8	828	19	3	45	111952	45	111952	0.00486667	0.0031305	0.003	0.01	2487.82	1579.82	60	6507	
0.4	5.4	39	832	47	3	62	136238	62	136238	0.00491935	0.00314824	0.003	0.01	2197.39	1677.77	60	7099	
0.4	5.4	23	833	18	3	18	27340	18	27340	0.00416667	0.00268438	0.003	0.01	1518.89	1059.82	60	3550	
0.4	5.4	34	834	9	3	269	447694	270	450061	0.00538518	0.00332387	0.003	0.01	1666.89	1476.19	7	9422	
0.4	5.4	47	836	13	3	52	159866	52	159866	0.00865385	0.00278571	0.003	0.01	3074.35	2396.57	60	9422	
0.4	5.4	53	839	14	3	41	143306	41	143306	0.00880488	0.00266664	0.003	0.01	3495.27	2713.58	60	9422	
0.4	5.4	39	840	48	3	30	14957	30	14957	0.0044	0.00338964	0.003	0.017	498.567	370.242	60	1775	
0.4	5.4	17	841	4	3	67	229682	67	229682	0.003	0	0.003	0.003	3428.09	1856.72	60	9422	
0.4	5.4	31	842	11	3	54	140959	54	140959	0.00831481	0.00302083	0.003	0.01	2610.35	2099.86	36	9422	
0.4	5.4	39	843	52	3	85	130481	86	131256	0.0064186	0.00439375	0.003	0.017	1526.23	1321.82	8	5916	
0.4	5.4	26	847	22	3	150	603593	151	607734	0.00550331	0.00336625	0.003	0.01	4024.73	2236.88	45	9422	
0.4	5.4	4	848	1	3	46	118684	46	118684	0.00695652	0.00350844	0.003	0.01	2580.09	1902.77	60	6563	
0.4	5.4	39	851	6	3	82	161098	82	161098	0.003	0	0.003	0.003	1964.61	1233.25	60	5324	
0.4	5.4	36	852	2	3	48	90661	48	90661	0.00722917	0.00345943	0.003	0.01	1888.77	1258.51	60	5324	
0.4	5.4	42	853	1	3	81	147598	82	150556	0.00743902	0.00339243	0.003	0.01	1836.05	1270.54	60	7099	
0.4	5.4	31	854	13	3	133	363438	133	363438	0.003	0	0.003	0.003	2732.62	2414.87	45	9422	
0.4	5.4	24	855	6	3	49	139752	49	139752	0.00885714	0.00261406	0.003	0.01	2852.08	1817.48	36	8873	
0.4	5.4	34	856	46	3	139	210325	139	210325	0.003	0	0.003	0.003	1513.13	1244.08	32	7099	
0.4	5.4	34	858	25	3	172	221809	171	220625	0.00602924	0.00387059	0.003	0.017	1290.2	1141.44	5	5916	
0.4	5.4	22	859	1	3	64	157051	64	157051	0.00825	0.00329983	0.003	0.017	2453.92	1657.55	60	7099	
0.4	5.4	55	860	40	3	166	180193	166	180193	0.0051506	0.00323919	0.003	0.01	1085.5	1159.62	58	9422	
0.4	5.4	41	861	47	3	195	116457	195	116457	0.00529743	0.00337115	0.003	0.017	597.215	595.527	6	4904	
0.4	5.4	38	863	2	3	106	252199	105	251607	0.00913333	0.00302256	0.003	0.017	2396.26	1868	60	9422	
0.4	5.4	55	866	49	3	173	164936	173	164936	0.00554913	0.00337814	0.003	0.01	953.387	1291.2	29	6882	
0.4	5.4	42	867	5	3	127	361093	127	361093	0.00630709	0.00350852	0.003	0.01	2843.25	1812.17	60	8873	
0.4	5.4	9	869	15	3	21	44673	21	44673	0.003	0	0.003	0.003	2127.29	2441.09	60	9422	
0.4	5.4	33	870	12	3	23	77036	23	77036	0.00330435	0.0014596	0.003	0.01	3349.39	2087.92	60	9422	
0.4	5.4	8	872	4	3	89	244608	89	244608	0.00819101	0.00308175	0.003	0.01	2748.4	1853.79	60	8873	
0.4	5.4	22	873	5	3	149	481874	149	481874	0.00887248	0.00282673	0.003	0.017	3234.05	2469.66	45	9422	
0.4	5.4	41	874	24	3	359	372876	359	372876	0.00537883	0.00332019	0.003	0.01	1038.65	936.256	35	9422	
0.4	5.4	25	876	3	3	146	633164	146	633164	0.00697945	0.00347894	0.003	0.01	4336.74	2597.18	45	9422	
0.4	5.4	42	877	3	3	84	222727	84	222727	0.003	0	0.003	0.003	2651.51	1832.31	60	9422	
0.4	5.4	41	879	14	3	424	340919	423	339735	0.00496927	0.00315124	0.003	0.01	803.156	635.567	14	4904	
0.4	5.4	49	881	14	3	104	241574	104	241574	0.00804808	0.00383489	0.003	0.017	2322.83	1644.14	60	9422	
0.4	5.4	34	882	51	3	260	286881	261	287150	0.00560153	0.00338921	0.003	0.01	1100.19	791.341	15	4395	
0.4	5.4	6	883	11	3	17	56915	17	56915	0.00588235	0.0035511	0.003	0.01	3347.94	2955.19	45	9422	
0.4	5.4	11	884	8	3	121	644379	120	636097	0.007375	0.00340307	0.003	0.01	5300.81	3194.68	45	9422	
0.4	5.4	52	885	31	3	44	92433	44	92433	0.003	0	0.003	0.003	2100.75	2133.8	60	9422	
0.4	5.4	17	886	3	3	122	350065	122	350065	0.00661475	0.00351254	0.003	0.01	2869.39	2035.61	23	9422	
0.4	5.4	16	887	5	3	52	95402	52	95402	0.00730769	0.00343876	0.003	0.01	1834.65	1135.1	60	4395	
0.4	5.4	51	888	5	3	157	588879	157	588879	0.00781529	0.00325384	0.003	0.01	3750.82	2633.17	36	9422	
0.4	5.4	28	891	9	3	139	337646	138	335621	0.00710869	0.00345922	0.003	0.01	2432.04	1643.66	60	8873	
0.4	5.4	3	892	14	3	113	533048	114	534232	0.00699123	0.00348066	0.003	0.01	4686.25	2482.3	45	9422	
0.4	5.4	44	893	1	3	1	60	1	60	0.003	0	0.003	0.003	60	0	60	60	
0.4	5.4	52	894	48	3	207	239406	207	239406	0.00536715	0.00339052	0.003	0.017	1156.55	1094.06	15	9422	
0.4	5.4	7	895	9	3	73	116130	73	116130	0.00836986	0.00395989	0.003	0.017	1590.82	1446.23	40	9422	
0.4	5.4	37	896	93	3	2	120	2	120	0.0065	0.00494975	0.003	0.01	60	0	60	60	
0.4	5.4	27	897	11	3	115	429083	116	429675	0.00481034	0.00307843	0.003	0.01	3704.09	2499.48	45	9422	
0.4	5.4	10	898	1	3	132	415012	132	415012	0.00867424	0.0027532	0.003	0.01	3144.03	1944.15	60	9422	
0.4	5.4	3	899	12	3	5	5442	5	5442	0.01	0	0.01	0.01	1088.4	742.216	60	1775	
0.4	5.4	38	900	10	3	145	359439	145	359439	0.00792414	0.00320824	0.003	0.01	2478.89	2168.02	45	9422	
0.4	5.4	42	903	26	3	143	238791	143	238791	0.00755245	0.00425702	0.003	0.024	1669.87	1217.95	21	6563	
0.4	5.4	41	904	43	3	166	105100	166	105100	0.00544578	0.00414072	0.003	0.017	633.133	699.46	11	5861	
0.4	5.4	57	906	4	3	37	115493	37	115493	0.0082973	0.00304471	0.003	0.01	3121.43	2236.47	60	7690	
0.4	5.4	44	907	19	3	48	165781	48	165781	0.00839583	0.00297321	0.003	0.01	3453.77	2450.88	60	9422	
0.4	5.4	39	908	62	3	248	310845	247	305730	0.00645749	0.00422791	0.003	0.024	1237.77	727.612	13	6507	
0.4	5.4	32	909	7	3	69	159885	69	159885	0.00675362	0.00351637	0.003	0.01	2317.17	1857.71	28	9422	
0.4	5.4	40	911	17	3	129	405664	129	405664	0.0059845	0.00347532	0.003	0.01	3144.68	2154.23	60	9422	
0.4	5.4	52	912	13	3	2	120	2	120	0.003	0	0.003	0.003	60	0	60	60	
0.4	5.4	52	914	35	3	290	292918	288	290927	0.00577083	0.00446702	0.003	0.024	1010.16	1229.93	8	9422	
0.4	5.4	2	916	14	3	3	180	3	180	0.00766667	0.00404145	0.003	0.01	60	0	60	60	
0.4	5.4	53	917	13	3	159	408428	159	408428	0.00828302	0.00331497	0.003	0.017	2568.73	1740.57	60	7690	
0.4	5.4	42	918	14	3	1	60	1	60	0.003	0	0.003	0.003	60	0	60	60	
0.4	5.4	41	920	42	3	133	115097	133	115097	0.00494737	0.00314863	0.003	0.01	865.391	885.021	15	6882	
0.4	5.4	48	921	11	3	7	8992	7	8992	0.01	0	0.01	0.01	1284.57	692.459	60	1775	
0.4	5.4	6	922	9	3	74	283505	74	283505	0.0064054	0.0035226	0.003	0.01	3831.15	2405.7	60	9422	
0.4	5.4	52	925	21	3	1	60	1	60	0.003	0	0.003	0.003	60	0	60	60	
0.4	5.4	27	926	16	3	115	410966	115	410966	0.00494783	0.00315073	0.003	0.01	3573.62	2987.81	45	9422	
0.4	5.4	3	928	3	3	137	595311	137	595311	0.00678102	0.0035015	0.003	0.01	4345.34	2928.24	45	9422	
0.4	5.4	36	929	10	3	19	42718	19	42718	0.00705263	0.0035508	0.003	0.01	2248.32	1515.81	60	5324	
0.4	5.4	9	930	4	3	100	278278	100	278278	0.00643	0.00351693	0.003	0.01	2782.78	1734.82	60	9422	
0.4	5.4	8	931	18	3	79	261871	79	261871	0.00521519	0.00327645	0.003	0.01	3314.82	2782.97	45	9422	
0.4	5.4	3	932	6	3	19	27339	19	27339	0.00778947	0.00334297	0.003	0.01	1438.89	736.35	60	2958	
0.4	5.4	37	935	1	3	1	60	1	60	0.01	0	0.01	0.01	60	0	60	60	
0.4	5.4	8	938	14	3	1	60	1	60	0.003	0	0.003	0.003	60	0	60	60	
0.4	5.4	21	939	2	3	147	212231	147	212231	0.00604762	0.00401936	0.003	0.024	1443.75	1445.64	21	8395	
0.4	5.4	34	940	41	3	2	708	2	708	0.0065	0.00494975	0.003	0.01	354	415.779	60	648	
0.4	5.4	16	941	6	3	146	265883	146	265883	0.0079863	0.00393917	0.003	0.017	1821.12	1587.63	60	9422	
0.4	5.4	56	942	7	3	174	623501	174	623501	0.00782759	0.00333386	0.003	0.017	3583.34	2701.99	45	9422	
0.4	5.4	32	943	3	3	42	113254	42	113254	0.00766667	0.00368031	0.003	0.017	2696.52	2320.3	60	9422	
0.4	5.4	37	944	20	3	3	180	3	180	0.00533333	0.00404145	0.003	0.01	60	0	60	60	
0.4	5.4	13	947	12	3	262	532385	262	532385	0.0060458	0.00347705	0.003	0.01	2032	1430.76	50	7690	
0.4	5.4	37	948	74	3	10	3794	10	3794	0.0051	0.00338132	0.003	0.01	379.4	368.718	31	1184	
0.4	5.4	39	949	11	3	2	120	2	120	0.01	0	0.01	0.01	60	0	60	60	
0.4	5.4	11	950	11	3	1	60	1	60	0.003	0	0.003	0.003	60	0	60	60	
0.4	5.4	25	951	7	3	91	275236	91	275236	0.00507692	0.00321535	0.003	0.01	3024.57	2183.17	57	9422	
0.4	5.4	14	954	5	3	1	60	1	60	0.003	0	0.003	0.003	60	0	60	60	
0.4	5.4	15	955	6	3	46	116100	46	116100	0.00695652	0.00350844	0.003	0.01	2523.91	2319.19	36	9422	
0.4	5.4	6	956	6	3	5	5442	5	5442	0.0086	0.0031305	0.003	0.01	1088.4	742.216	60	1775	
0.4	5.4	52	961	30	3	105	118568	105	118568	0.00566667	0.00380704	0.003	0.017	1129.22	780.449	6	4587	
0.4	5.4	37	962	43	3	3	712	3	712	0.00533333	0.00404145	0.003	0.01	237.333	307.15	60	592	
0.4	5.4	9	963	2	3	65	177621	65	177621	0.00763077	0.00333808	0.003	0.01	2732.63	2666.85	60	9422	
0.4	5.4	44	964	14	3	1	60	1	60	0.003	0	0.003	0.003	60	0	60	60	
0.4	5.4	24	967	7	3	133	507884	133	507884	0.00710526	0.0034603	0.003	0.01	3818.68	2619.99	45	9422	
0.4	5.4	41	968	57	3	215	356091	215	356091	0.003	0	0.003	0.003	1656.24	1717.34	37	9422	
0.4	5.4	41	969	4	3	279	281543	279	281543	0.00415412	0.00260214	0.003	0.01	1009.11	794.589	13	5324	
0.4	5.4	55	970	12	3	3	1892	3	1892	0.00533333	0.00404145	0.003	0.01	630.667	562.2	60	1184	
0.4	5.4	52	971	70	3	38	49378	38	49378	0.00723684	0.00446872	0.003	0.017	1299.42	1097.07	60	4395	
0.4	5.4	21	972	9	3	116	203232	117	206193	0.00635043	0.00374469	0.003	0.017	1762.33	1428.51	60	6291	
0.4	5.4	21	976	30	3	298	343946	297	342762	0.00585185	0.00354006	0.003	0.017	1154.08	774.623	31	4904	
0.4	5.4	48	977	2	3	66	183071	64	173604	0.0078125	0.00327024	0.003	0.01	2712.56	2450.27	60	9422	
0.4	5.4	33	978	6	3	22	42724	22	42724	0.00331818	0.00149241	0.003	0.01	1942	1740.79	60	5664	
0.4	5.4	55	979	9	3	164	262988	164	262988	0.00607317	0.00348452	0.003	0.01	1603.59	1793.73	56	9422	
0.4	5.4	19	980	9	3	27	50432	27	50432	0.00740741	0.00344472	0.003	0.01	1867.85	1283.53	60	4395	
0.4	5.4	7	981	1	3	3	180	3	180	0.0123333	0.00404145	0.01	0.017	60	0	60	60	
0.4	5.4	42	982	7	3	48	131595	48	131595	0.00620833	0.00407357	0.003	0.017	2741.56	2646.45	60	9422	
0.4	5.4	39	983	4	3	4	240	4	240	0.0065	0.00404145	0.003	0.01	60	0	60	60	
0.4	5.4	47	984	8	3	39	81784	40	82376	0.004925	0.00316542	0.003	0.01	2059.4	1650.49	60	9422	
0.4	5.4	16	985	7	3	96	255146	96	255146	0.00482292	0.00369636	0.003	0.017	2657.77	1791.16	60	8282	
0.4	5.4	50	986	14	3	93	201300	93	201300	0.00578495	0.00359604	0.003	0.017	2164.52	2139.4	28	9422	
0.4	5.4	1	987	7	3	99	310345	99	310345	0.00794949	0.00320196	0.003	0.01	3134.8	2240.94	60	9422	
0.4	5.4	4	988	3	3	71	306587	71	306587	0.00388732	0.00234551	0.003	0.01	4318.13	2980.94	45	9422	
0.4	5.4	37	989	69	3	72	64678	70	63494	0.0053	0.0033116	0.003	0.01	907.057	642.941	60	3550	
0.4	5.4	52	991	55	3	54	51706	54	51706	0.00572222	0.00344453	0.003	0.01	957.519	884.734	60	5861	
0.4	5.4	57	992	13	3	78	177070	79	177459	0.00813924	0.00349261	0.003	0.017	2246.32	2274.07	45	9422	
0.4	5.4	35	993	19	3	98	350370	98	350370	0.00828571	0.00302566	0.003	0.01	3575.2	2311.69	45	9422	
0.4	5.4	47	995	6	3	8	14316	8	14316	0.01	0	0.01	0.01	1789.5	1565.45	60	5324	
0.4	5.4	55	996	48	3	128	142832	129	144607	0.00620155	0.00350085	0.003	0.01	1120.98	747.364	43	3550	
0.4	5.4	18	997	3	3	39	100108	39	100108	0.00766667	0.00334297	0.003	0.01	2566.87	1613.3	60	5324	
0.4	5.4	43	999	4	3	33	120815	33	120815	0.00809091	0.00316587	0.003	0.01	3661.06	3012.86	60	9422	
0.4	5.4	9	1001	7	3	110	316214	110	316214	0.003	0	0.003	0.003	2874.67	1783.02	60	9422	
0.4	5.4	3	1002	13	3	137	540993	137	540993	0.00708759	0.00346299	0.003	0.01	3948.85	2289.67	60	9422	
0.4	5.4	39	1003	15	3	7	7809	7	7809	0.006	0.00374166	0.003	0.01	1115.57	697.161	60	1775	
0.4	5.4	27	1004	5	3	89	280685	89	280685	0.00402247	0.00248622	0.003	0.01	3153.76	2914.81	45	9422	
0.4	5.4	2	1007	22	3	30	92427	30	92427	0.00743333	0.00389237	0.003	0.017	3080.9	2774.09	60	9422	
0.4	5.4	36	1009	3	3	57	169343	57	169343	0.003	0	0.003	0.003	2970.93	2156.77	60	9422	
0.4	5.4	17	1012	24	3	59	126764	59	126764	0.00905085	0.00420354	0.003	0.017	2148.54	1355.99	60	5324	
0.4	5.4	16	1014	9	3	55	114923	54	113148	0.00766667	0.0040794	0.003	0.017	2095.33	1283.88	60	5324	
0.4	5.4	24	1015	11	3	113	479338	113	479338	0.00312389	0.000927099	0.003	0.01	4241.93	2118.84	57	9422	
0.4	5.4	23	1019	21	3	108	230920	108	230920	0.00714815	0.00358558	0.003	0.017	2138.15	1625.58	36	7099	
0.4	5.4	57	1020	5	3	145	346930	144	346338	0.00718055	0.00344518	0.003	0.01	2405.13	2368.71	36	9422	
0.4	5.4	16	1021	13	3	91	245261	91	245261	0.00469231	0.00301364	0.003	0.01	2695.18	2499.09	60	9422	
0.4	5.4	34	1022	4	3	5	1954	5	1954	0.0044	0.0031305	0.003	0.01	390.8	303.141	60	648	
0.4	5.4	42	1023	19	3	163	294862	163	294862	0.00763804	0.00366637	0.003	0.017	1808.97	1537.49	60	9422	
0.4	5.4	31	1025	2	3	58	137993	58	137993	0.00855172	0.00340882	0.003	0.017	2379.19	1827.63	60	7099	
0.4	5.4	34	1028	37	3	88	89567	88	89567	0.00554545	0.00354903	0.003	0.017	1017.81	911.128	5	4321	
0.4	5.4	37	1029	84	3	50	26810	50	26810	0.00538	0.00363593	0.003	0.017	536.2	342.582	24	1775	
0.4	5.4	47	1034	11	3	69	193013	68	191829	0.00814706	0.0031112	0.003	0.01	2821.01	2537.29	45	9422	
0.4	5.4	34	1036	8	3	111	119939	109	117571	0.00499082	0.0031725	0.003	0.01	1078.63	1111.41	14	8079	
0.4	5.4	23	1037	10	3	30	87687	31	92420	0.00751613	0.00340461	0.003	0.01	2981.29	2126.08	60	7099	
0.4	5.4	33	1038	3	3	75	194186	75	194186	0.003	0	0.003	0.003	2589.15	2474.5	60	9422	
0.4	5.4	19	1040	27	3	79	130326	79	130326	0.00796202	0.00436314	0.003	0.017	1649.7	1151.42	60	5324	
0.4	5.4	39	1041	17	3	22	23151	22	23151	0.00490909	0.0031909	0.003	0.01	1052.32	592.214	60	2124	
0.4	5.4	8	1042	11	3	157	612472	157	615430	0.00545223	0.00335017	0.003	0.01	3919.94	2471.08	45	9422	
0.4	5.4	3	1045	10	3	2	120	2	120	0.003	0	0.003	0.003	60	0	60	60	
0.4	5.4	12	1046	8	3	62	143906	62	143906	0.00570968	0.00366368	0.003	0.017	2321.06	1560.52	60	6507	
0.4	5.4	7	1049	10	3	1	60	1	60	0.01	0	0.01	0.01	60	0	60	60	
0.4	5.4	20	1052	5	3	123	324391	121	322955	0.00843802	0.00306293	0.003	0.017	2669.05	1698.53	36	9422	
0.4	5.4	32	1054	12	3	87	317369	87	317369	0.003	0	0.003	0.003	3647.92	3319.79	45	9422	
0.4	5.4	43	1055	8	3	133	651374	133	651374	0.00368421	0.00208664	0.003	0.01	4897.55	2729.92	45	9422	
0.4	5.4	41	1056	33	3	182	115774	182	115774	0.00592308	0.00376148	0.003	0.017	636.121	592.374	7	4395	
0.4	5.4	31	1057	21	3	136	490836	136	490836	0.00516176	0.00324601	0.003	0.01	3609.09	2545.96	45	9422	
0.4	5.4	55	1058	26	3	70	23897	70	23897	0.0039	0.00264383	0.003	0.017	341.386	332.868	6	1692	
0.4	5.4	32	1059	4	3	12	37389	12	37389	0.003	0	0.003	0.003	3115.75	2632.56	60	8873	
0.4	5.4	34	1061	11	3	66	46335	66	46335	0.00469697	0.00302283	0.003	0.01	702.045	379.065	60	1775	
0.4	5.4	35	1062	5	3	72	213831	72	213831	0.00805555	0.00315732	0.003	0.01	2969.88	2272	60	9422	
0.4	5.4	25	1063	6	3	108	375333	108	375333	0.00909259	0.00236223	0.003	0.01	3475.31	2246.03	60	9422	
0.4	5.4	16	1064	10	3	113	328100	113	328100	0.00721239	0.003442	0.003	0.01	2903.54	2281.66	45	9422	
0.4	5.4	7	1065	19	3	174	393899	174	393899	0.00790804	0.00370481	0.003	0.017	2263.79	1769.01	60	9422	
0.4	5.4	37	1066	12	3	78	68361	78	68361	0.00596154	0.00365898	0.003	0.017	876.423	682.429	60	3822	
0.4	5.4	2	1067	6	3	137	508348	137	508348	0.00616788	0.00349699	0.003	0.01	3710.57	2462.81	45	9422	
0.4	5.4	28	1068	2	3	1	60	1	60	0.003	0	0.003	0.003	60	0	60	60	
0.4	5.4	57	1070	7	3	140	509546	140	509546	0.00715	0.00355213	0.003	0.017	3639.61	2816.53	45	9422	
0.4	5.4	35	1072	20	3	159	542342	159	542342	0.00630189	0.00350543	0.003	0.01	3410.96	2585.75	45	9422	
0.4	5.4	52	1074	3	3	67	148191	67	148191	0.003	0	0.003	0.003	2211.81	2040.21	60	8873	
0.4	5.4	18	1075	7	3	101	248639	101	248639	0.0090297	0.00370798	0.003	0.017	2461.77	2094.63	60	9422	
0.4	5.4	39	1079	42	3	2	120	2	120	0.0065	0.00494975	0.003	0.01	60	0	60	60	
0.4	5.4	31	1080	7	3	173	432366	173	432366	0.00781503	0.00358621	0.003	0.017	2499.23	1998.52	13	9422	
0.4	5.4	52	1082	79	3	69	85393	69	85393	0.00644927	0.00352527	0.003	0.01	1237.58	793.679	16	2961	
0.4	5.4	45	1087	10	3	76	191250	76	191250	0.00806579	0.00315102	0.003	0.01	2516.45	2220.28	45	9422	
0.4	5.4	19	1090	13	3	61	113295	61	113295	0.00609836	0.00350573	0.003	0.01	1857.3	1693.09	60	9422	
0.4	5.4	52	1093	67	3	34	35058	34	35058	0.00485294	0.00313468	0.003	0.01	1031.12	918.459	60	3550	
0.4	5.4	11	1094	3	3	103	390605	103	390605	0.00782524	0.00325524	0.003	0.01	3792.28	2605.39	45	9422	
0.4	5.4	41	1095	15	3	388	297176	388	297176	0.00532732	0.00330196	0.003	0.01	765.918	658.622	13	5347	
0.4	5.4	39	1096	22	3	1	60	1	60	0.01	0	0.01	0.01	60	0	60	60	
0.4	5.4	54	1098	6	3	81	146879	81	146879	0.0087037	0.00385177	0.003	0.017	1813.32	2011.26	60	9422	
0.4	5.4	46	1099	3	3	116	267142	116	267142	0.00643965	0.00351466	0.003	0.01	2302.95	1688.72	60	8873	
0.4	5.4	2	1100	9	3	2	708	2	708	0.003	0	0.003	0.003	354	415.779	60	648	
0.4	5.4	48	1101	6	3	119	449055	118	448463	0.003	0	0.003	0.003	3800.53	2167.21	297	9422	
0.4	5.4	20	1104	20	3	74	244481	73	242114	0.003	0	0.003	0.003	3316.63	2294.05	60	9422	
0.4	5.4	35	1105	4	3	110	422439	110	422439	0.0065	0.00351602	0.003	0.01	3840.35	2805.31	45	9422	
0.4	5.4	51	1108	6	3	91	293709	91	293709	0.00507692	0.00321535	0.003	0.01	3227.57	2168.12	60	9422	
0.4	5.4	30	1109	5	3	162	518675	162	518675	0.00490123	0.00312317	0.003	0.01	3201.7	2081.34	60	9422	
0.4	5.4	4	1110	4	3	112	510679	112	510679	0.0069375	0.00348816	0.003	0.01	4559.63	2561.17	45	9422	
0.4	5.4	39	1111	49	3	6	6034	6	6034	0.0065	0.00383406	0.003	0.01	1005.67	694.101	60	1775	
0.4	5.4	55	1113	39	3	397	264036	398	265811	0.00565578	0.0041822	0.003	0.024	667.867	712.393	56	6951	
0.4	5.4	41	1116	6	3	199	169732	199	169732	0.00574372	0.00408491	0.003	0.017	852.925	655.731	20	3550	
0.4	5.4	5	1117	7	3	14	36799	14	36799	0.006	0.00359487	0.003	0.01	2628.5	2334.18	60	7099	
0.4	5.4	52	1118	25	3	99	77759	99	77759	0.00526263	0.00371864	0.003	0.017	785.444	592.824	43	2961	
0.4	5.4	41	1119	21	3	186	253593	186	253593	0.00375269	0.00217433	0.003	0.01	1363.4	1156.78	60	7099	
0.4	5.4	32	1121	1	3	76	248854	76	248854	0.00502631	0.00319572	0.003	0.01	3274.39	2560.53	60	9422	
0.4	5.4	34	1122	29	3	127	296034	127	296034	0.003	0	0.003	0.003	2330.98	1461.2	32	7690	
0.4	5.4	52	1123	61	3	113	90922	113	90922	0.00572566	0.00433064	0.003	0.017	804.619	898.527	42	5813	
0.4	5.4	31	1125	6	3	128	241841	126	236514	0.00822222	0.00374996	0.003	0.017	1877.1	1732.65	60	9422	
0.4	5.4	39	1126	1	3	3	180	3	180	0.00533333	0.00404145	0.003	0.01	60	0	60	60	
0.4	5.4	7	1127	7	3	76	220832	76	220832	0.00576316	0.0038048	0.003	0.017	2905.68	2102.3	60	9422	
0.4	5.4	37	1128	60	3	95	93696	95	93696	0.00602105	0.00348547	0.003	0.01	986.274	697.769	43	3550	
0.4	5.4	55	1132	7	3	1	60	1	60	0.003	0	0.003	0.003	60	0	60	60	
0.4	5.4	2	1133	24	3	142	495464	142	495464	0.00733803	0.00341022	0.003	0.01	3489.18	2484.73	45	9422	
0.4	5.4	14	1135	1	3	63	206602	63	206602	0.00655555	0.00352767	0.003	0.01	3279.4	2240.49	60	9422	
0.4	5.4	25	1136	15	3	64	153958	64	153958	0.00398437	0.00245268	0.003	0.01	2405.59	2363.18	60	9422	
0.4	5.4	16	1141	23	3	126	474745	126	474745	0.00355555	0.00189971	0.003	0.01	3767.82	2699.48	41	9422	
0.4	5.4	42	1142	18	3	133	403689	133	403689	0.003	0	0.003	0.003	3035.26	2001.48	60	9422	
0.4	5.4	39	1143	27	3	38	48066	39	49250	0.00533333	0.00334297	0.003	0.01	1262.82	720.979	60	2961	
0.4	5.4	8	1144	23	3	1	60	1	60	0.01	0	0.01	0.01	60	0	60	60	
0.4	5.4	52	1146	71	3	147	190913	147	190913	0.0057619	0.00362324	0.003	0.017	1298.73	1288.66	60	8873	
0.4	5.4	15	1147	17	3	159	405115	159	405115	0.00749057	0.00354692	0.003	0.017	2547.89	1842.54	60	8873	
0.4	5.4	41	1150	2	3	2	120	2	120	0.0065	0.00494975	0.003	0.01	60	0	60	60	
0.4	5.4	4	1153	13	3	134	538627	133	537507	0.00852631	0.00286457	0.003	0.01	4041.41	2520.2	45	9422	
0.4	5.4	55	1154	37	3	433	388913	432	388540	0.00633796	0.00452081	0.003	0.024	899.398	1108.91	8	9422	
0.4	5.4	37	1155	80	3	3	180	3	180	0.01	0	0.01	0.01	60	0	60	60	
0.4	5.4	13	1156	21	3	14	14387	14	14387	0.008	0.00508391	0.003	0.017	1027.64	775.385	60	2196	
0.4	5.4	29	1158	9	3	66	210749	66	210749	0.00575757	0.00344656	0.003	0.01	3193.17	2292.95	45	9422	
0.4	5.4	34	1159	18	3	2	120	2	120	0.0135	0.00494975	0.01	0.017	60	0	60	60	
0.4	5.4	46	1160	19	3	100	283555	100	283555	0.00363	0.00201336	0.003	0.01	2835.55	1978.4	60	9422	
0.4	5.4	53	1161	15	3	1	60	1	60	0.01	0	0.01	0.01	60	0	60	60	
0.4	5.4	46	1164	9	3	254	445385	254	445385	0.00754724	0.00461178	0.003	0.024	1753.48	1455.77	13	6507	
0.4	5.4	49	1165	8	3	113	252818	113	252818	0.00770796	0.00412458	0.003	0.024	2237.33	1879.25	26	7690	
0.4	5.4	10	1166	4	3	41	125552	43	130877	0.0104884	0.00281469	0.003	0.017	3043.65	2053.08	60	9422	
0.4	5.4	46	1167	11	3	112	287121	113	288360	0.00448672	0.00287575	0.003	0.01	2551.86	1666.83	23	7099	
0.4	5.4	52	1168	60	3	4	240	4	240	0.00825	0.0035	0.003	0.01	60	0	60	60	
0.4	5.4	48	1169	22	3	118	365439	117	360115	0.00748718	0.00337234	0.003	0.01	3077.91	2293.73	60	9422	
0.4	5.4	47	1173	14	3	98	385401	98	385401	0.00571428	0.0034282	0.003	0.01	3932.66	2981.61	45	9422	
0.4	5.4	37	1174	75	3	278	307147	278	307147	0.0057446	0.00357532	0.003	0.017	1104.85	994.213	14	6507	
0.4	5.4	18	1175	2	3	153	606540	153	606540	0.00318301	0.00112061	0.003	0.01	3964.31	2856.47	45	9422	
0.4	5.4	41	1176	69	3	480	386726	481	387910	0.00521206	0.0032578	0.003	0.01	806.466	638.983	3	4395	
0.4	5.4	54	1178	5	3	53	107342	53	107342	0.00841509	0.00295761	0.003	0.01	2025.32	1871.61	60	9422	
0.4	5.4	6	1179	19	3	120	355732	120	355732	0.00836667	0.00297308	0.003	0.01	2964.43	2086.03	60	9422	
0.4	5.4	49	1181	2	3	91	241546	91	241546	0.00769231	0.00377033	0.003	0.017	2654.35	1886.62	60	7099	
0.4	5.4	10	1187	6	3	28	87685	28	87685	0.0075	0.00341565	0.003	0.01	3131.61	2472.91	60	9422	
0.4	5.4	41	1189	62	3	393	284790	393	284790	0.0051374	0.00322798	0.003	0.01	724.656	508.213	7	3550	
0.4	5.4	29	1190	8	3	66	207804	66	207804	0.00840909	0.00295597	0.003	0.01	3148.55	3120.28	60	9422	
0.4	5.4	39	1191	24	3	130	238761	130	238761	0.00569231	0.0034187	0.003	0.01	1836.62	1359.71	60	6882	
0.4	5.4	13	1192	26	3	149	318438	149	318438	0.00530201	0.00339854	0.003	0.017	2137.17	1814.11	67	9422	
0.4	5.4	37	1195	29	3	1	60	1	60	0.003	0	0.003	0.003	60	0	60	60	
0.4	5.4	46	1196	17	3	110	208433	112	212575	0.0063125	0.00351068	0.003	0.01	1897.99	1744	60	9422	
0.4	5.4	17	1198	6	3	33	72304	33	72304	0.003	0	0.003	0.003	2191.03	1153.83	60	4141	
0.4	5.4	54	1202	3	3	117	388502	117	388502	0.00760684	0.00333466	0.003	0.01	3320.53	2361.82	60	9422	
0.4	5.4	55	1203	36	3	94	131594	94	131594	0.00411702	0.00257722	0.003	0.01	1399.94	1547.6	55	8873	
0.4	5.4	17	1207	1	3	116	365969	116	365969	0.00716379	0.00345139	0.003	0.01	3154.91	2317.73	45	9422	
0.4	5.4	25	1208	12	3	65	174670	65	174670	0.00407692	0.00254526	0.003	0.01	2687.23	1491.66	60	5324	
0.4	5.4	1	1210	14	3	86	233247	86	233247	0.00804651	0.00315821	0.003	0.01	2712.17	2491.47	60	9422	
0.4	5.4	47	1213	2	3	155	637014	155	637014	0.00670322	0.00350542	0.003	0.01	4109.77	2812.12	57	9422	
0.4	5.4	22	1214	12	3	182	701441	182	701441	0.00369231	0.00209547	0.003	0.01	3854.07	2372.85	60	9422	
0.4	5.4	26	1216	14	3	2	120	2	120	0.0065	0.00494975	0.003	0.01	60	0	60	60	
0.4	5.4	37	1217	35	3	67	81950	67	81950	0.00561194	0.00382161	0.003	0.017	1223.13	1020.19	60	4395	
0.4	5.4	41	1218	56	3	192	196227	192	196227	0.00515104	0.00401608	0.003	0.017	1022.02	1231.08	47	8873	
0.4	5.4	51	1219	11	3	215	792978	215	792978	0.00716744	0.0037002	0.003	0.017	3688.27	2887	45	9422	
0.4	5.4	33	1221	7	3	166	545266	166	545266	0.00308434	0.000766018	0.003	0.01	3284.73	2535.13	45	9422	
0.4	5.4	12	1222	11	3	117	420194	117	420194	0.0085641	0.00283872	0.003	0.01	3591.4	2596.47	45	9422	
0.4	5.4	13	1223	9	3	30	53381	30	53381	0.0051	0.00326264	0.003	0.01	1779.37	1286.69	60	4395	
0.4	5.4	35	1224	11	3	47	136216	47	136216	0.003	0	0.003	0.003	2898.21	1882.22	60	9422	
0.4	5.4	41	1225	48	3	286	181566	286	181566	0.00534965	0.00341361	0.003	0.017	634.846	731.417	17	4395	
0.4	5.4	53	1226	12	3	2	708	2	708	0.01	0	0.01	0.01	354	415.779	60	648	
0.4	5.4	55	1227	23	3	135	147974	135	147974	0.00528148	0.00361104	0.003	0.017	1096.1	1233.3	53	8873	
0.4	5.4	45	1228	3	3	124	315025	124	315025	0.00943548	0.00261715	0.003	0.017	2540.52	1840.98	36	9422	
0.4	5.4	42	1230	2	3	68	124989	68	124989	0.00372059	0.00214299	0.003	0.01	1838.07	1943.37	60	9422	
0.4	5.4	39	1232	61	3	95	260493	95	260493	0.00358947	0.00195424	0.003	0.01	2742.03	2293.07	60	9422	
0.4	5.4	37	1235	92	3	327	394061	327	394061	0.00608257	0.00360758	0.003	0.017	1205.08	1035.79	60	9422	
0.4	5.4	12	1236	14	3	6	8992	6	8992	0.00883333	0.00285774	0.003	0.01	1498.67	1204.42	60	3550	
0.4	5.4	45	1242	17	3	127	409688	127	409688	0.00702362	0.00347432	0.003	0.01	3225.89	2606.15	45	9422	
0.4	5.4	42	1243	25	3	24	57517	24	57517	0.00708333	0.00352527	0.003	0.01	2396.54	1629.59	60	6882	
0.4	5.4	20	1245	3	3	2	120	2	120	0.0065	0.00494975	0.003	0.01	60	0	60	60	
0.4	5.4	32	1246	17	3	69	224471	69	224471	0.00685507	0.00350745	0.003	0.01	3253.2	2260.22	60	9422	
0.4	5.4	54	1247	8	3	96	250646	95	248871	0.00690526	0.0034949	0.003	0.01	2619.69	2154.25	60	9422	
0.4	5.4	36	1249	5	3	113	382330	113	382330	0.00690265	0.00349225	0.003	0.01	3383.45	2311.99	45	9422	
0.4	5.4	52	1252	75	3	9	10178	9	10178	0.00688889	0.00368932	0.003	0.01	1130.89	611.705	60	1775	
0.4	5.4	52	1253	63	3	215	187500	214	186908	0.00581308	0.00483071	0.003	0.024	873.402	803.495	4	4395	
0.4	5.4	13	1254	22	3	20	26160	20	26160	0.00335	0.00156525	0.003	0.01	1308	646.381	60	2367	
0.4	5.4	44	1255	18	3	56	245754	56	245754	0.0045	0.00289828	0.003	0.01	4388.46	2298.63	60	9422	
0.4	5.4	18	1257	4	3	160	717181	160	717181	0.00645625	0.00351071	0.003	0.01	4482.38	2812.32	45	9422	
0.4	5.4	24	1259	18	3	100	343290	100	343290	0.00832	0.00316509	0.003	0.017	3432.9	2672.07	60	9422	
0.4	5.4	2	1262	4	3	47	148740	47	148740	0.00508511	0.00323587	0.003	0.01	3164.68	2037.35	60	7690	
0.4	5.4	21	1263	26	3	96	90134	96	90134	0.00679167	0.00365028	0.003	0.017	938.896	574.094	24	2958	
0.4	5.4	41	1264	45	3	59	62883	59	62883	0.00655932	0.00376129	0.003	0.017	1065.81	699.184	23	3182	
0.4	5.4	39	1265	5	3	177	213841	177	213841	0.00624294	0.0035791	0.003	0.017	1208.14	692.967	60	5861	
0.4	5.4	19	1267	28	3	94	355182	94	355182	0.003	0	0.003	0.003	3778.53	2017.87	60	9422	
0.4	5.4	49	1268	15	3	49	109130	49	109130	0.003	0	0.003	0.003	2227.14	1439.24	60	4733	
0.4	5.4	19	1272	1	3	326	745393	326	745393	0.00740184	0.00446262	0.003	0.017	2286.48	1842.47	45	9422	
0.4	5.4	21	1273	11	3	4	240	4	240	0.00825	0.00670199	0.003	0.017	60	0	60	60	
0.4	5.4	38	1275	5	3	85	200234	84	199050	0.00858333	0.00282931	0.003	0.01	2369.64	2014.34	60	9422	
0.4	5.4	2	1276	27	3	63	237965	63	237965	0.003	0	0.003	0.003	3777.22	2813.02	45	9422	
0.4	5.4	39	1278	55	3	74	155174	74	155174	0.00309459	0.000813733	0.003	0.01	2096.95	1989.27	60	9422	
0.4	5.4	15	1279	11	3	67	125623	67	125623	0.00676119	0.00461253	0.003	0.017	1874.97	1121.07	60	4395	
0.4	5.4	23	1280	6	3	83	247455	83	247455	0.00831325	0.00372181	0.003	0.017	2981.39	2295.82	42	9422	
0.4	5.4	21	1281	22	3	38	41586	38	41586	0.0065	0.00453068	0.003	0.017	1094.37	944.571	60	3884	
0.4	5.4	48	1282	18	3	141	510639	141	510639	0.00766667	0.0033116	0.003	0.01	3621.55	2667.26	45	9422	
0.4	5.4	20	1283	11	3	11	31476	11	31476	0.00681818	0.00365563	0.003	0.01	2861.45	2518.08	60	7099	
0.4	5.4	12	1286	18	3	93	336282	93	336282	0.003	0	0.003	0.003	3615.94	2678.64	45	9422	
0.4	5.4	37	1287	37	3	224	389335	224	389335	0.00528125	0.00354553	0.003	0.017	1738.1	1897.99	44	9422	
0.4	5.4	28	1288	13	3	9	7335	9	7335	0.00533333	0.0035	0.003	0.01	815	581.822	60	1831	
0.4	5.4	37	1289	24	3	5	300	5	300	0.0044	0.0031305	0.003	0.01	60	0	60	60	
0.4	5.4	18	1291	8	3	50	109009	50	109009	0.00888	0.00455192	0.003	0.017	2180.18	1821.14	60	9422	
0.4	5.4	13	1292	27	3	98	173567	98	173567	0.00571428	0.00384493	0.003	0.017	1771.09	1283.6	60	7099	
0.4	5.4	14	1293	11	3	54	153376	54	153376	0.00727778	0.00344453	0.003	0.01	2840.3	2786.94	13	9422	
0.4	5.4	42	1294	27	3	52	131586	52	131586	0.003	0	0.003	0.003	2530.5	2166.93	60	9422	
0.4	5.4	52	1295	45	3	200	198543	200	198543	0.0065	0.00409191	0.003	0.017	992.715	957.248	50	6127	
0.4	5.4	30	1296	3	3	163	481889	163	481889	0.00823926	0.00314434	0.003	0.017	2956.37	2017.64	36	9422	
0.4	5.4	13	1298	19	3	138	227488	139	228237	0.00622302	0.00369889	0.003	0.017	1641.99	1287.21	60	6255	
0.4	5.4	34	1299	43	3	198	283138	198	283138	0.00600505	0.00368217	0.003	0.017	1429.99	1348.6	43	9422	
0.4	5.4	24	1300	16	3	1	60	1	60	0.003	0	0.003	0.003	60	0	60	60	
0.4	5.4	26	1301	20	3	76	312511	76	312511	0.00705263	0.00347906	0.003	0.01	4111.99	2992.74	45	9422	
0.4	5.4	35	1303	1	3	2	708	2	708	0.01	0	0.01	0.01	354	415.779	60	648	
0.4	5.4	15	1304	15	3	94	117938	94	117938	0.00784042	0.00533663	0.003	0.024	1254.66	1125.25	13	7099	
0.4	5.4	53	1305	7	3	114	292425	115	293017	0.0065913	0.00351412	0.003	0.01	2547.97	1509.67	60	7690	
0.4	5.4	44	1308	15	3	1	60	1	60	0.01	0	0.01	0.01	60	0	60	60	
0.4	5.4	28	1310	12	3	134	344848	132	340706	0.00809091	0.00312941	0.003	0.01	2581.11	1965.68	45	9422	
0.4	5.4	25	1311	22	3	8	21415	8	21415	0.003	0	0.003	0.003	2676.88	2453.7	60	7099	
0.4	5.4	37	1312	58	3	221	139725	221	139725	0.00629412	0.00464948	0.003	0.024	632.24	578.719	31	4107	
0.4	5.4	39	1313	56	3	82	125010	83	127206	0.00527711	0.00329935	0.003	0.01	1532.6	1033.33	60	5324	
0.4	5.4	12	1314	13	3	96	355814	96	355814	0.00307292	0.000714435	0.003	0.01	3706.4	2791.37	45	9422	
0.4	5.4	10	1319	17	3	113	395364	113	395364	0.00820354	0.00347224	0.003	0.017	3498.8	2817.28	45	9422	
0.4	5.4	50	1321	4	3	25	46269	25	46269	0.00692	0.00354636	0.003	0.01	1850.76	720.945	60	3550	
0.4	5.4	36	1323	1	3	95	326128	95	326128	0.00889474	0.00256604	0.003	0.01	3432.93	2360.79	36	9422	
0.4	5.4	31	1324	24	3	114	354686	113	352319	0.003	0	0.003	0.003	3117.87	2004.78	60	9422	
0.4	5.4	34	1326	42	3	44	36430	43	36370	0.0047907	0.00309037	0.003	0.01	845.814	689.811	58	3822	
0.4	5.4	37	1329	7	3	2	120	2	120	0.0065	0.00494975	0.003	0.01	60	0	60	60	
0.4	5.4	41	1330	70	3	283	305224	284	306128	0.00452817	0.0028968	0.003	0.01	1077.92	975.301	36	4733	
0.4	5.4	17	1331	19	3	2	708	2	708	0.01	0	0.01	0.01	354	415.779	60	648	
0.4	5.4	41	1333	61	3	473	442997	473	442997	0.00505708	0.0031921	0.003	0.01	936.569	1081.91	24	9422	
0.4	5.4	52	1335	33	3	49	54608	49	54608	0.006	0.0035	0.003	0.01	1114.45	750.542	60	3116	
0.4	5.4	1	1336	12	3	92	297729	92	297729	0.00825	0.0030477	0.003	0.01	3236.18	1995.28	60	9422	
0.4	5.4	55	1337	28	3	55	73055	55	73055	0.00643636	0.00353167	0.003	0.01	1328.27	777.412	45	2961	
0.4	5.4	12	1339	5	3	89	318442	89	318442	0.00748315	0.00337811	0.003	0.01	3578	2937.8	45	9422	
0.4	5.4	40	1340	9	3	43	130878	43	130878	0.00755814	0.0033757	0.003	0.01	3043.67	2249.86	60	9422	
0.4	5.4	29	1341	7	3	3	180	3	180	0.01	0	0.01	0.01	60	0	60	60	
0.4	5.4	32	1342	6	3	40	169915	40	169915	0.003	0	0.003	0.003	4247.88	2441.26	60	8873	
0.4	5.4	57	1343	8	3	125	442093	125	442093	0.006416	0.00351307	0.003	0.01	3536.74	2338.29	45	9422	
0.4	5.4	1	1344	5	3	36	134417	36	134417	0.00883333	0.00264575	0.003	0.01	3733.81	2898.03	60	9422	
0.4	5.4	45	1346	6	3	128	426930	127	426338	0.003	0	0.003	0.003	3356.99	2204.23	45	9422	
0.4	5.4	9	1348	12	3	109	350455	109	350455	0.00711009	0.00346234	0.003	0.01	3215.18	2408.55	60	9422	
0.4	5.4	25	1349	5	3	44	120831	44	120831	0.00522727	0.00329809	0.003	0.01	2746.16	1493.16	60	5916	
0.4	5.4	41	1350	30	3	316	338973	316	338973	0.00448418	0.00286574	0.003	0.01	1072.7	1182.38	6	9422	
0.4	5.4	12	1351	15	3	1	60	1	60	0.01	0	0.01	0.01	60	0	60	60	
0.4	5.4	20	1352	25	3	92	272303	92	272303	0.00695652	0.00348911	0.003	0.01	2959.82	2266.75	60	9422	
0.4	5.4	37	1353	61	3	155	167734	155	167734	0.00557419	0.00365732	0.003	0.017	1082.15	860.76	36	4395	
0.4	5.4	37	1355	77	3	24	9675	24	9675	0.00445833	0.00290396	0.003	0.01	403.125	339.313	6	1143	
0.4	5.4	31	1356	3	3	94	270539	94	270539	0.00798936	0.0034996	0.003	0.017	2878.07	1845.48	60	8873	
0.4	5.4	19	1357	10	3	80	174679	80	174679	0.003	0	0.003	0.003	2183.49	2080.16	60	9422	
0.4	5.4	17	1358	12	3	6	5445	6	5445	0.00766667	0.00361478	0.003	0.01	907.5	569.126	60	1775	
0.4	5.4	30	1361	2	3	180	630550	181	637057	0.00535912	0.00331801	0.003	0.01	3519.65	2726.19	60	9422	
0.4	5.4	21	1362	28	3	50	45728	51	47161	0.00643137	0.00405095	0.003	0.017	924.725	674.804	5	2958	
0.4	5.4	40	1365	11	3	86	271102	86	271102	0.00788372	0.00323371	0.003	0.01	3152.35	2373.64	60	9422	
0.4	5.4	56	1366	2	3	51	131476	51	131476	0.00698039	0.00350137	0.003	0.01	2577.96	1417.67	60	5324	
0.4	5.4	16	1367	12	3	56	76491	56	76491	0.007125	0.00395457	0.003	0.017	1365.91	917.332	60	3182	
0.4	5.4	36	1368	11	3	81	276421	81	276421	0.00766667	0.00332039	0.003	0.01	3412.6	2362.11	60	9422	
0.4	5.4	54	1369	13	3	142	481867	142	481867	0.00723944	0.00343311	0.003	0.01	3393.43	2815.44	45	9422	
0.4	5.4	4	1370	2	3	5	3668	5	3668	0.0072	0.00383406	0.003	0.01	733.6	470.86	60	1184	
0.4	5.4	46	1371	5	3	139	306904	139	306904	0.00627338	0.00379703	0.003	0.017	2207.94	1721.96	60	7690	
0.4	5.4	36	1372	15	3	48	116698	48	116698	0.00679167	0.00380905	0.003	0.017	2431.21	2123.91	60	9422	
0.4	5.4	35	1375	8	3	75	187813	75	187813	0.00804	0.00316416	0.003	0.01	2504.17	1859.38	36	9422	
0.4	5.4	42	1376	17	3	77	151641	77	151641	0.00681818	0.00350836	0.003	0.01	1969.36	1482.9	60	7045	
0.4	5.4	37	1377	5	3	254	305346	254	305346	0.00501181	0.00317411	0.003	0.01	1202.15	913.165	57	7935	
0.4	5.4	48	1378	10	3	25	45688	25	45688	0.003	0	0.003	0.003	1827.52	1392.65	60	4904	
0.4	5.4	57	1381	15	3	59	164612	59	164612	0.003	0	0.003	0.003	2790.03	2599.43	45	9422	
0.4	5.4	13	1382	24	3	34	54040	34	54040	0.00752941	0.0048382	0.003	0.017	1589.41	1455.25	60	5324	
0.4	5.4	55	1384	25	3	291	217109	291	217109	0.00523711	0.00356643	0.003	0.017	746.079	986.669	14	4977	
0.4	5.4	45	1385	9	3	5	300	5	300	0.0072	0.00383406	0.003	0.01	60	0	60	60	
0.4	5.4	39	1386	10	3	156	349983	156	349983	0.00425641	0.00351012	0.003	0.017	2243.48	1994.37	45	9422	
0.4	5.4	9	1388	17	3	47	136200	47	136200	0.00329787	0.00142821	0.003	0.01	2897.87	2302.31	45	9422	
0.4	5.4	27	1389	14	3	85	216081	85	216081	0.003	0	0.003	0.003	2542.13	2788.05	45	9422	
0.4	5.4	38	1390	16	3	111	439707	111	439707	0.003	0	0.003	0.003	3961.32	2694.04	45	9422	
0.4	5.4	52	1391	29	3	148	305662	148	305662	0.003	0	0.003	0.003	2065.28	1568.15	60	9422	
0.4	5.4	36	1392	4	3	99	257518	100	259293	0.00811	0.00327801	0.003	0.017	2592.93	2020	45	9422	
0.4	5.4	37	1393	91	3	49	43352	49	43352	0.00585714	0.00347611	0.003	0.01	884.735	490.386	53	2367	
0.4	5.4	55	1394	50	3	172	124743	172	124743	0.0047907	0.00306314	0.003	0.01	725.25	614.053	54	3347	
0.4	5.4	41	1395	23	3	43	28578	43	28578	0.0064186	0.00354046	0.003	0.01	664.605	662.378	60	2610	
0.4	5.4	42	1396	10	3	35	90647	35	90647	0.0052	0.00329706	0.003	0.01	2589.91	1617.64	60	5916	
0.4	5.4	34	1398	20	3	112	132790	112	132790	0.0054375	0.00334982	0.003	0.01	1185.63	934.262	35	5324	
0.4	5.4	20	1399	10	3	1	60	1	60	0.01	0	0.01	0.01	60	0	60	60	
0.4	5.4	52	1400	27	3	165	162422	165	162422	0.00618182	0.00426596	0.003	0.017	984.376	998.759	60	9422	
0.4	5.4	20	1401	8	3	71	155757	71	155757	0.0076338	0.0037311	0.003	0.017	2193.76	1497.95	60	7099	
0.4	5.4	22	1402	7	3	55	159867	54	156909	0.00818518	0.00338183	0.003	0.017	2905.72	1796.17	60	7099	
0.4	5.4	38	1403	12	3	3	180	3	180	0.003	0	0.003	0.003	60	0	60	60	
0.4	5.4	13	1404	28	3	274	400611	273	396216	0.00641026	0.00389478	0.003	0.017	1451.34	1370.66	20	9422	
0.4	5.4	48	1405	8	3	84	227329	84	227329	0.00458333	0.00294614	0.003	0.01	2706.3	2215.72	60	9422	
0.4	5.4	43	1406	2	3	102	357553	101	356961	0.003	0	0.003	0.003	3534.27	2768.06	45	9422	
0.4	5.4	2	1407	28	3	77	239760	77	239760	0.00727273	0.00343602	0.003	0.01	3113.77	2141.97	60	9422	
0.4	5.4	2	1413	25	3	32	83549	32	83549	0.009125	0.00235208	0.003	0.01	2610.91	2136.24	60	9422	
0.4	5.4	47	1414	7	3	130	584766	130	584766	0.003	0	0.003	0.003	4498.2	2542.37	45	9422	
0.4	5.4	9	1415	1	3	45	95391	45	95391	0.0086	0.00320085	0.003	0.017	2119.8	1626.95	60	6507	
0.4	5.4	23	1417	3	3	79	253360	79	253360	0.00743038	0.00339564	0.003	0.01	3207.09	2497.36	60	8873	
0.4	5.4	1	1418	11	3	11	13728	11	13728	0.00936364	0.00211058	0.003	0.01	1248	755.097	60	2958	
0.4	5.4	20	1419	2	3	162	578772	162	578772	0.00788272	0.00340877	0.003	0.017	3572.67	2508.81	45	9422	
0.4	5.4	55	1421	24	3	328	361142	328	361142	0.00543293	0.00333846	0.003	0.01	1101.04	938.72	8	4733	
0.4	5.4	9	1422	5	3	27	81291	26	79516	0.00596154	0.00352682	0.003	0.01	3058.31	2689.5	60	9422	
0.4	5.4	36	1423	8	3	105	319055	104	313139	0.00697115	0.00361887	0.003	0.017	3010.95	2413.21	60	9422	
