% start	end	CellId	IMSI	RNTI	LCID	nTxPDUs	TxBytes	nRxPDUs	RxBytes	delay	stdDev	min	max	PduSize	stdDev	min	max
0.4	5.4	47	1	4	3	116	229784	116	229784	0.00613793	0.00361614	0.003	0.017	1980.9	1557.46	10	6882	
0.4	5.4	43	2	13	3	113	319762	113	319762	0.00869911	0.00273498	0.003	0.01	2829.75	2075.33	60	9422	
0.4	5.4	41	5	13	3	5	300	5	300	0.003	0	0.003	0.003	60	0	60	60	
0.4	5.4	30	7	15	3	6	8992	6	8992	0.00883333	0.00285774	0.003	0.01	1498.67	1204.42	60	3550	
0.4	5.4	48	9	23	3	167	664661	167	664661	0.00388024	0.00232794	0.003	0.01	3980.01	2849.71	45	9422	
0.4	5.4	5	11	13	3	28	75270	28	75270	0.00825	0.00451848	0.003	0.017	2688.21	1826.88	60	7099	
0.4	5.4	55	13	13	3	1	60	1	60	0.003	0	0.003	0.003	60	0	60	60	
0.4	5.4	21	14	8	3	2	120	2	120	0.0065	0.00494975	0.003	0.01	60	0	60	60	
0.4	5.4	42	15	6	3	3	180	3	180	0.01	0	0.01	0.01	60	0	60	60	
0.4	5.4	37	17	35	3	151	185507	151	185507	0.00633775	0.00463161	0.003	0.017	1228.52	1058.25	23	5574	
0.4	5.4	56	18	12	3	5	300	5	300	0.0044	0.0031305	0.003	0.01	60	0	60	60	
0.4	5.4	32	20	10	3	10	20292	10	20292	0.0065	0.00368932	0.003	0.01	2029.2	2016.5	60	5324	
0.4	5.4	46	21	16	3	17	27338	17	27338	0.003	0	0.003	0.003	1608.12	1807.16	60	7099	
0.4	5.4	26	23	1	3	104	231502	105	236270	0.00873333	0.00318731	0.003	0.017	2250.19	1610.19	60	9422	
0.4	5.4	51	25	18	3	123	461601	123	461601	0.0073252	0.00341524	0.003	0.01	3752.85	2412.41	36	9422	
0.4	5.4	31	26	1	3	26	72301	26	72301	0.0065	0.00356931	0.003	0.01	2780.81	2019.03	60	7690	
0.4	5.4	55	27	56	3	234	293404	234	293404	0.00661966	0.00416358	0.003	0.017	1253.86	1104.12	53	5916	
0.4	5.4	15	28	11	3	5	4851	5	4851	0.003	0	0.003	0.003	970.2	646.413	60	1775	
0.4	5.4	46	29	14	3	18	37990	18	37990	0.00766667	0.00415862	0.003	0.017	2110.56	1808.62	60	5324	
0.4	5.4	44	32	5	3	47	137979	47	137979	0.00731915	0.00343958	0.003	0.01	2935.72	1568.1	60	6882	
0.4	5.4	52	33	2	3	2	120	2	120	0.0065	0.00494975	0.003	0.01	60	0	60	60	
0.4	5.4	40	34	13	3	95	384083	95	384083	0.00705263	0.00347443	0.003	0.01	4042.98	2051.07	60	9422	
0.4	5.4	41	37	9	3	33	21467	33	21467	0.00490909	0.00316587	0.003	0.01	650.515	438.574	5	1775	
0.4	5.4	15	38	18	3	104	200754	104	200754	0.00744231	0.00365722	0.003	0.017	1930.33	1721.34	26	9422	
0.4	5.4	50	39	3	3	203	531021	204	532796	0.00663725	0.00350591	0.003	0.01	2611.75	1889.82	36	9422	
0.4	5.4	27	40	12	3	181	442325	182	443509	0.00788461	0.0041094	0.003	0.017	2436.86	1703.21	10	8686	
0.4	5.4	39	43	4	3	60	93658	60	93658	0.00428333	0.00273143	0.003	0.01	1560.97	1061.06	60	4395	
0.4	5.4	41	45	59	3	259	177947	258	177355	0.00633721	0.00428628	0.003	0.024	687.422	790.611	5	9422	
0.4	5.4	28	46	14	3	138	568793	138	568793	0.00756522	0.00334611	0.003	0.01	4121.69	2667.69	45	9422	
0.4	5.4	56	47	15	3	3	1892	2	708	0.01	0	0.01	0.01	354	415.779	60	648	
0.4	5.4	18	49	8	3	139	218545	139	218545	0.00702878	0.00357313	0.003	0.017	1572.27	1585.4	60	9422	
0.4	5.4	54	50	16	3	202	496034	202	496034	0.00726238	0.00356398	0.003	0.017	2455.61	2179.04	45	9422	
0.4	5.4	42	52	17	3	145	599479	145	599479	0.003	0	0.003	0.003	4134.34	2823.35	45	9422	
0.4	5.4	15	53	5	3	224	407363	224	407363	0.0075625	0.00400063	0.003	0.024	1818.58	1728.78	26	9422	
0.4	5.4	8	54	14	3	96	314901	96	314901	0.00766667	0.00346916	0.003	0.017	3280.22	2154.02	50	9422	
0.4	5.4	50	55	22	3	19	48643	19	48643	0.00963158	0.00283256	0.003	0.017	2560.16	1617.29	60	5290	
0.4	5.4	22	57	13	3	19	33904	19	33904	0.00521053	0.00334297	0.003	0.01	1784.42	1047.48	60	3550	
0.4	5.4	46	59	18	3	135	568746	135	568746	0.00471111	0.00301951	0.003	0.01	4212.93	3054.82	45	9422	
0.4	5.4	51	60	16	3	76	166989	76	166989	0.00778947	0.00365264	0.003	0.017	2197.22	1781.51	60	9422	
0.4	5.4	20	61	7	3	71	277604	71	277604	0.003	0	0.003	0.003	3909.92	2591.73	45	9422	
0.4	5.4	51	62	6	3	61	144498	61	144498	0.00632787	0.00352478	0.003	0.01	2368.82	1464.66	60	5916	
0.4	5.4	46	63	11	3	41	95407	41	95407	0.00743902	0.00341357	0.003	0.01	2327	2646.98	60	9422	
0.4	5.4	21	64	24	3	175	457801	175	457801	0.00568	0.00341235	0.003	0.01	2616.01	1925.54	57	8873	
0.4	5.4	37	65	87	3	111	146921	111	146921	0.00602703	0.00348362	0.003	0.01	1323.61	1019.82	60	5072	
0.4	5.4	19	66	12	3	85	258219	84	256444	0.00841667	0.00366096	0.003	0.017	3052.9	1958.35	60	9422	
0.4	5.4	3	67	21	3	73	159923	73	159923	0.00587671	0.00346789	0.003	0.01	2190.73	1561.83	60	7099	
0.4	5.4	34	69	65	3	211	238288	209	235919	0.00423923	0.00267829	0.003	0.01	1128.8	1216.39	9	9422	
0.4	5.4	29	70	5	3	159	515712	158	511571	0.00694304	0.00348289	0.003	0.01	3237.79	2458.1	57	9422	
0.4	5.4	5	71	1	3	2	120	2	120	0.0065	0.00494975	0.003	0.01	60	0	60	60	
0.4	5.4	30	72	3	3	137	478303	137	478303	0.00775182	0.00349323	0.003	0.017	3491.26	2707.19	45	9422	
0.4	5.4	49	73	14	3	98	297854	98	297854	0.0055	0.00337135	0.003	0.01	3039.33	2005.49	60	8873	
0.4	5.4	39	74	61	3	166	237530	166	237530	0.00616265	0.00374053	0.003	0.017	1430.9	1337.85	37	9422	
0.4	5.4	52	76	22	3	170	229857	170	229857	0.00695294	0.00430056	0.003	0.024	1352.1	1500.41	42	8873	
0.4	5.4	39	80	1	3	2	120	2	120	0.01	0	0.01	0.01	60	0	60	60	
0.4	5.4	16	81	2	3	41	98341	41	98341	0.00556097	0.00341357	0.003	0.01	2398.56	1783.42	60	7099	
0.4	5.4	38	83	20	3	29	67695	29	67695	0.00348276	0.00180517	0.003	0.01	2334.31	2454.07	45	9422	
0.4	5.4	41	84	76	3	87	70651	87	70651	0.0042069	0.00265951	0.003	0.01	812.08	651.293	5	2769	
0.4	5.4	25	85	10	3	18	36808	18	36808	0.00727778	0.00425379	0.003	0.017	2044.89	1343.47	60	4395	
0.4	5.4	28	87	21	3	76	258085	76	258085	0.00723684	0.00344429	0.003	0.01	3395.86	2389.62	60	9422	
0.4	5.4	54	88	3	3	141	433233	141	433233	0.00746808	0.00337544	0.003	0.01	3072.57	2493.98	28	9422	
0.4	5.4	52	89	55	3	256	417502	257	419869	0.00643191	0.00376925	0.003	0.017	1633.73	1436.08	23	9422	
0.4	5.4	9	90	2	3	69	226834	69	226834	0.00746377	0.00338934	0.003	0.01	3287.45	2268.21	60	9422	
0.4	5.4	49	92	19	3	67	164608	67	164608	0.0048806	0.00312624	0.003	0.01	2456.84	1364.73	60	5916	
0.4	5.4	43	93	6	3	82	265794	82	265794	0.00837805	0.00297164	0.003	0.01	3241.39	2255.11	36	9422	
0.4	5.4	37	95	64	3	105	198539	105	198539	0.00406667	0.00252779	0.003	0.01	1890.85	1185.03	60	5324	
0.4	5.4	34	96	67	3	465	298566	465	298566	0.00589032	0.00417076	0.003	0.017	642.077	680.599	15	5664	
0.4	5.4	43	97	14	3	67	235600	68	239995	0.00835294	0.00299135	0.003	0.01	3529.34	2479.34	45	9422	
0.4	5.4	39	100	66	3	350	552852	350	552852	0.0059	0.00380149	0.003	0.017	1579.58	1271.69	7	9422	
0.4	5.4	42	102	4	3	129	248211	129	248211	0.00712403	0.00345735	0.003	0.01	1924.12	1862.34	45	9422	
0.4	5.4	25	103	32	3	19	49827	19	49827	0.00336842	0.00160591	0.003	0.01	2622.47	2061.57	60	8282	
0.4	5.4	54	104	5	3	220	521014	220	521014	0.00850454	0.00330973	0.003	0.017	2368.25	1627.09	45	9422	
0.4	5.4	38	106	15	3	139	393196	137	387274	0.00785401	0.00345462	0.003	0.017	2826.82	1853.13	60	7690	
0.4	5.4	46	108	2	3	26	83542	26	83542	0.003	0	0.003	0.003	3213.15	2555.7	60	9422	
0.4	5.4	2	109	23	3	184	300235	185	300614	0.00738919	0.00429483	0.003	0.024	1624.94	1547.39	60	9422	
0.4	5.4	39	111	15	3	4	2484	4	2484	0.0065	0.00404145	0.003	0.01	621	459.442	60	1184	
0.4	5.4	35	112	4	3	1	60	1	60	0.003	0	0.003	0.003	60	0	60	60	
0.4	5.4	34	114	44	3	299	131396	299	131396	0.00482609	0.00313187	0.003	0.017	439.452	350.425	47	3550	
0.4	5.4	29	115	7	3	114	372997	115	377138	0.0065913	0.00351412	0.003	0.01	3279.46	2376.09	45	9422	
0.4	5.4	20	116	13	3	203	659392	202	655251	0.00719307	0.00350938	0.003	0.017	3243.82	2346.36	36	9422	
0.4	5.4	24	118	7	3	111	320230	111	320230	0.00823423	0.00305392	0.003	0.01	2884.95	1943.09	45	9422	
0.4	5.4	34	123	10	3	4	240	4	240	0.01175	0.00670199	0.003	0.017	60	0	60	60	
0.4	5.4	35	124	7	3	99	356539	99	356539	0.003	0	0.003	0.003	3601.4	2775.3	45	9422	
0.4	5.4	20	125	14	3	26	51009	26	51009	0.003	0	0.003	0.003	1961.88	1389.01	60	4733	
0.4	5.4	9	126	7	3	91	300675	91	300675	0.00746154	0.00338397	0.003	0.01	3304.12	1713.74	60	7099	
0.4	5.4	39	127	19	3	77	99011	77	99011	0.00418182	0.00263941	0.003	0.01	1285.86	951.564	43	5324	
0.4	5.4	28	128	10	3	1	60	1	60	0.01	0	0.01	0.01	60	0	60	60	
0.4	5.4	12	130	12	3	118	278296	118	278296	0.0070339	0.00392653	0.003	0.017	2358.44	2061.76	60	9422	
0.4	5.4	34	131	72	3	148	223965	148	223965	0.003	0	0.003	0.003	1513.28	1395.2	4	9422	
0.4	5.4	16	133	6	3	126	429670	126	429670	0.00405555	0.00251493	0.003	0.01	3410.08	2027.63	60	9422	
0.4	5.4	12	135	22	3	91	175312	91	175312	0.00661538	0.00351748	0.003	0.01	1926.51	1285.41	60	7099	
0.4	5.4	10	136	1	3	35	90647	35	90647	0.0056	0.00343169	0.003	0.01	2589.91	2569.65	60	9422	
0.4	5.4	16	138	1	3	64	165217	64	165217	0.00529687	0.0033127	0.003	0.01	2581.52	1673.09	23	7099	
0.4	5.4	15	139	7	3	3	180	3	180	0.00766667	0.00404145	0.003	0.01	60	0	60	60	
0.4	5.4	34	140	9	3	264	154579	264	154579	0.00530682	0.00346199	0.003	0.017	585.527	555.226	11	4395	
0.4	5.4	11	142	19	3	102	271694	102	271694	0.00457843	0.00293978	0.003	0.01	2663.67	2183.51	60	9422	
0.4	5.4	56	144	3	3	98	210217	98	210217	0.00728571	0.0034282	0.003	0.01	2145.07	1654.27	25	9422	
0.4	5.4	4	145	13	3	83	240364	83	240364	0.00544578	0.00415332	0.003	0.017	2895.95	1986.46	60	8873	
0.4	5.4	12	146	18	3	32	94790	32	94790	0.0078125	0.00414602	0.003	0.017	2962.19	2361.24	60	9422	
0.4	5.4	42	147	18	3	34	67524	34	67524	0.00588235	0.00349688	0.003	0.01	1986	1232.38	60	4395	
0.4	5.4	39	148	3	3	2	120	2	120	0.01	0	0.01	0.01	60	0	60	60	
0.4	5.4	27	150	30	3	145	355223	145	355223	0.00628276	0.00378539	0.003	0.017	2449.81	2373.38	36	9422	
0.4	5.4	4	151	9	3	104	339142	104	339142	0.00757692	0.00334633	0.003	0.01	3260.98	2310.29	60	9422	
0.4	5.4	52	153	24	3	1	60	1	60	0.01	0	0.01	0.01	60	0	60	60	
0.4	5.4	13	156	9	3	77	150558	77	150558	0.00772727	0.00384104	0.003	0.017	1955.3	1799.89	60	9422	
0.4	5.4	8	158	22	3	93	342194	93	342194	0.0066129	0.00351714	0.003	0.01	3679.51	2257.74	60	8873	
0.4	5.4	25	159	15	3	68	130470	68	130470	0.00680882	0.00371466	0.003	0.017	1918.68	1430.53	60	7099	
0.4	5.4	50	161	8	3	34	98930	34	98930	0.003	0	0.003	0.003	2909.71	2500.65	60	9422	
0.4	5.4	24	163	1	3	1	60	1	60	0.003	0	0.003	0.003	60	0	60	60	
0.4	5.4	3	167	15	3	157	211027	157	211027	0.00678981	0.00423058	0.003	0.017	1344.12	1066.06	60	5861	
0.4	5.4	7	170	7	3	125	417362	125	417362	0.008656	0.00290745	0.003	0.017	3338.9	2289.1	60	9422	
0.4	5.4	30	171	19	3	175	552182	175	552182	0.00716	0.00368401	0.003	0.017	3155.33	2272.63	32	9422	
0.4	5.4	18	172	17	3	174	243509	174	243509	0.00613793	0.00401924	0.003	0.017	1399.48	1301.08	36	7099	
0.4	5.4	2	174	14	3	22	14343	22	14343	0.00586364	0.00413228	0.003	0.017	651.955	670.44	30	1775	
0.4	5.4	26	177	11	3	20	50417	20	50417	0.003	0	0.003	0.003	2520.85	1910.65	60	7099	
0.4	5.4	12	178	21	3	146	431475	146	431475	0.00587671	0.00345591	0.003	0.01	2955.31	2244.97	60	9422	
0.4	5.4	45	179	1	3	104	252197	104	252197	0.00899038	0.00247117	0.003	0.01	2424.97	2603.45	45	9422	
0.4	5.4	36	184	13	3	121	603086	121	603086	0.0077438	0.00328514	0.003	0.01	4984.18	3150.9	45	9422	
0.4	5.4	25	185	12	3	39	118462	39	118462	0.00317949	0.0011209	0.003	0.01	3037.49	2776.93	60	9422	
0.4	5.4	35	186	15	3	149	441225	149	441225	0.00816778	0.0031929	0.003	0.017	2961.24	2127.49	60	9422	
0.4	5.4	41	187	7	3	1	60	1	60	0.01	0	0.01	0.01	60	0	60	60	
0.4	5.4	38	188	16	3	2	120	2	120	0.01	0	0.01	0.01	60	0	60	60	
0.4	5.4	3	191	11	3	105	186001	105	186001	0.00666667	0.0035128	0.003	0.01	1771.44	1780.13	23	9422	
0.4	5.4	37	193	4	3	4	240	4	240	0.00475	0.0035	0.003	0.01	60	0	60	60	
0.4	5.4	40	194	3	3	81	332159	81	332159	0.003	0	0.003	0.003	4100.73	2592.64	45	9422	
0.4	5.4	17	195	3	3	100	314909	100	314909	0.00622	0.00350636	0.003	0.01	3149.09	2279.54	45	9422	
0.4	5.4	13	196	13	3	124	529630	124	529630	0.003	0	0.003	0.003	4271.21	2564.85	45	9422	
0.4	5.4	37	198	31	3	49	65960	49	65960	0.00571428	0.00344601	0.003	0.01	1346.12	1590.77	26	9422	
0.4	5.4	37	199	61	3	140	135174	140	135174	0.00625	0.00369936	0.003	0.017	965.529	657.477	60	3550	
0.4	5.4	25	200	33	3	69	200347	69	200347	0.00695652	0.00349552	0.003	0.01	2903.58	2136.24	60	8282	
0.4	5.4	6	201	12	3	30	64019	30	64019	0.0072	0.00348791	0.003	0.01	2133.97	1193.22	60	4733	
0.4	5.4	46	205	9	3	105	451519	105	451519	0.00533333	0.00331566	0.003	0.01	4300.18	2172.8	60	9422	
0.4	5.4	37	207	58	3	53	59941	53	59941	0.00603773	0.00445042	0.003	0.017	1130.96	1390.65	60	7690	
0.4	5.4	21	208	31	3	137	216327	134	208038	0.00602985	0.00348129	0.003	0.01	1552.52	1598.47	60	9422	
0.4	5.4	25	209	4	3	105	193656	105	193656	0.00806667	0.00406028	0.003	0.017	1844.34	1553.69	60	9422	
0.4	5.4	53	211	11	3	61	187141	61	187141	0.00931147	0.00210191	0.003	0.01	3067.89	2238.39	60	9422	
0.4	5.4	52	214	11	3	2	120	2	120	0.003	0	0.003	0.003	60	0	60	60	
0.4	5.4	53	216	4	3	125	379644	125	379644	0.007256	0.00343113	0.003	0.01	3037.15	2541.28	36	9422	
0.4	5.4	21	217	34	3	18	28532	18	28532	0.0103889	0.00447396	0.003	0.017	1585.11	1164.18	60	3822	
0.4	5.4	37	220	1	3	3	180	3	180	0.003	0	0.003	0.003	60	0	60	60	
0.4	5.4	18	221	9	3	71	156958	71	156958	0.00723944	0.00344535	0.003	0.01	2210.68	1934.24	60	9422	
0.4	5.4	13	223	22	3	77	201924	77	201924	0.00736364	0.00377286	0.003	0.017	2622.39	2324.59	60	9422	
0.4	5.4	16	224	11	3	93	241650	93	241650	0.00330107	0.00142787	0.003	0.01	2598.39	1842.26	60	9422	
0.4	5.4	17	226	21	3	2	120	2	120	0.003	0	0.003	0.003	60	0	60	60	
0.4	5.4	52	227	52	3	1	60	1	60	0.01	0	0.01	0.01	60	0	60	60	
0.4	5.4	36	230	4	3	6	8992	6	8992	0.01	0	0.01	0.01	1498.67	1204.42	60	3550	
0.4	5.4	14	231	5	3	1	60	1	60	0.01	0	0.01	0.01	60	0	60	60	
0.4	5.4	42	232	5	3	42	144481	42	144481	0.00766667	0.00333983	0.003	0.01	3440.02	2461.45	60	9422	
0.4	5.4	47	233	1	3	71	176473	71	176473	0.00625352	0.00351616	0.003	0.01	2485.54	1648.05	60	7099	
0.4	5.4	34	236	60	3	290	174535	290	174535	0.00505172	0.00359172	0.003	0.017	601.845	485.292	26	3550	
0.4	5.4	39	237	75	3	105	145927	105	145927	0.0062	0.00400577	0.003	0.017	1389.78	1260.82	60	9422	
0.4	5.4	34	238	3	3	2	120	2	120	0.01	0	0.01	0.01	60	0	60	60	
0.4	5.4	25	240	1	3	1	60	1	60	0.003	0	0.003	0.003	60	0	60	60	
0.4	5.4	9	241	13	3	15	52770	15	52770	0.00486667	0.00320416	0.003	0.01	3518	2359.69	60	8873	
0.4	5.4	39	242	32	3	167	204651	167	204651	0.00576647	0.00360045	0.003	0.017	1225.46	991.957	20	5057	
0.4	5.4	29	243	15	3	118	414294	118	414294	0.00460169	0.00295302	0.003	0.01	3510.97	2391.94	45	9422	
0.4	5.4	55	244	2	3	45	104281	45	104281	0.003	0	0.003	0.003	2317.36	1475.23	60	7099	
0.4	5.4	52	247	32	3	76	151625	76	151625	0.00622368	0.00351226	0.003	0.01	1995.07	1419.24	60	8873	
0.4	5.4	14	249	7	3	54	141657	53	141065	0.00643396	0.00353286	0.003	0.01	2661.6	1968.84	60	9422	
0.4	5.4	43	250	5	3	21	53963	21	53963	0.003	0	0.003	0.003	2569.67	2281.71	60	9422	
0.4	5.4	39	252	67	3	272	273898	272	273898	0.0061397	0.00401781	0.003	0.017	1006.98	978.878	6	9422	
0.4	5.4	37	253	63	3	1	60	1	60	0.003	0	0.003	0.003	60	0	60	60	
0.4	5.4	57	255	6	3	41	110173	41	110173	0.00709756	0.00349145	0.003	0.01	2687.15	2050.62	60	9422	
0.4	5.4	33	256	14	3	207	609840	208	613981	0.00660096	0.00350698	0.003	0.01	2951.83	2155.45	45	9422	
0.4	5.4	34	257	29	3	319	281306	319	281306	0.00506269	0.00319628	0.003	0.01	881.837	865.485	6	4395	
0.4	5.4	39	258	26	3	3	710	3	710	0.003	0	0.003	0.003	236.667	245.504	60	517	
0.4	5.4	37	259	23	3	2	120	2	120	0.003	0	0.003	0.003	60	0	60	60	
0.4	5.4	57	261	2	3	136	340010	135	337643	0.00792592	0.0035337	0.003	0.017	2501.06	2093.5	45	9422	
0.4	5.4	52	262	20	3	148	218545	148	218545	0.00475	0.00304138	0.003	0.01	1476.66	976.825	60	7099	
0.4	5.4	33	264	2	3	116	295995	116	295995	0.00662069	0.00351309	0.003	0.01	2551.68	2095.05	45	9422	
0.4	5.4	41	266	45	3	74	136927	74	136927	0.003	0	0.003	0.003	1850.36	1989.05	60	9422	
0.4	5.4	41	267	1	3	2	120	2	120	0.003	0	0.003	0.003	60	0	60	60	
0.4	5.4	39	269	68	3	226	476266	226	476266	0.003	0	0.003	0.003	2107.37	1641.15	60	9422	
0.4	5.4	18	271	16	3	118	142383	118	142383	0.00602542	0.00382627	0.003	0.017	1206.64	1025.67	60	4395	
0.4	5.4	44	272	13	3	102	268287	102	268287	0.00608823	0.00376041	0.003	0.017	2630.26	1846.6	60	8282	
0.4	5.4	30	273	13	3	151	506236	151	506236	0.00712583	0.00345505	0.003	0.01	3352.56	2597.32	57	9422	
0.4	5.4	50	276	15	3	116	342825	115	342188	0.003	0	0.003	0.003	2975.55	2594.49	45	9422	
0.4	5.4	34	277	13	3	152	163646	152	163646	0.003	0	0.003	0.003	1076.62	852.617	29	5915	
0.4	5.4	56	278	7	3	107	478158	107	478158	0.00443925	0.00284233	0.003	0.01	4468.77	2814	45	9422	
0.4	5.4	50	280	10	3	128	385366	128	385366	0.00617187	0.00349828	0.003	0.01	3010.67	2452.81	45	9422	
0.4	5.4	37	281	18	3	247	277888	246	276704	0.00584553	0.00361523	0.003	0.017	1124.81	1127.84	19	9422	
0.4	5.4	33	282	9	3	82	192074	81	190890	0.00498765	0.00336338	0.003	0.017	2356.67	1892.95	60	7690	
0.4	5.4	7	283	13	3	138	464283	137	464223	0.00872263	0.00271361	0.003	0.01	3388.49	2402.13	60	9422	
0.4	5.4	39	284	58	3	109	187907	109	187907	0.00659633	0.00410988	0.003	0.017	1723.92	1321.62	5	5861	
0.4	5.4	41	287	26	3	82	95481	82	95481	0.00556097	0.00373207	0.003	0.017	1164.4	914.536	60	4904	
0.4	5.4	57	288	14	3	202	446433	200	443952	0.007375	0.0038716	0.003	0.024	2219.76	1808.08	60	9422	
0.4	5.4	33	289	18	3	28	74674	28	74674	0.003	0	0.003	0.003	2666.93	1684.7	60	5324	
0.4	5.4	27	290	28	3	260	585016	260	585016	0.00639231	0.00391314	0.003	0.017	2250.06	2083.66	28	9422	
0.4	5.4	12	291	8	3	173	454731	173	454731	0.0074104	0.00355346	0.003	0.017	2628.5	1929.3	28	9422	
0.4	5.4	31	293	4	3	90	293002	90	293002	0.003	0	0.003	0.003	3255.58	2015.63	60	9422	
0.4	5.4	6	295	10	3	160	707154	161	707214	0.00369565	0.00210072	0.003	0.01	4392.63	2897.12	45	9422	
0.4	5.4	16	296	5	3	7	8994	7	8994	0.009	0.00264575	0.003	0.01	1284.86	693.56	60	1836	
0.4	5.4	18	297	18	3	129	287158	130	290116	0.00623077	0.00381458	0.003	0.017	2231.66	1655.48	43	9422	
0.4	5.4	33	298	19	3	102	278938	102	278938	0.00601961	0.003484	0.003	0.01	2734.69	2139.72	45	9422	
0.4	5.4	39	299	16	3	2	120	2	120	0.01	0.00989949	0.003	0.017	60	0	60	60	
0.4	5.4	21	301	21	3	81	86879	81	86879	0.00645679	0.00369137	0.003	0.017	1072.58	1012.55	23	4395	
0.4	5.4	35	303	11	3	84	214924	84	213489	0.00725	0.00343923	0.003	0.01	2541.54	1858.03	60	9422	
0.4	5.4	3	305	8	3	131	367245	131	367245	0.0060458	0.00359029	0.003	0.017	2803.4	1954.37	60	9422	
0.4	5.4	29	306	4	3	139	390058	139	390058	0.00753237	0.00335637	0.003	0.01	2806.17	1865.56	36	9422	
0.4	5.4	39	307	44	3	63	80686	63	80686	0.00566667	0.00386047	0.003	0.017	1280.73	1172.78	20	5380	
0.4	5.4	13	308	10	3	101	289464	101	289464	0.00736634	0.003408	0.003	0.01	2865.98	1877.08	5	9422	
0.4	5.4	37	309	20	3	81	103758	81	103758	0.00507407	0.00374425	0.003	0.017	1280.96	1575.78	55	8873	
0.4	5.4	33	310	1	3	58	133257	58	133257	0.00456896	0.00294459	0.003	0.01	2297.53	1797.39	60	8282	
0.4	5.4	37	311	34	3	1	60	1	60	0.01	0	0.01	0.01	60	0	60	60	
0.4	5.4	26	313	12	3	114	315038	115	319771	0.00914783	0.00309568	0.003	0.017	2780.62	2389.5	33	9422	
0.4	5.4	43	314	18	3	37	85923	37	85923	0.00791892	0.00363913	0.003	0.017	2322.24	2063.64	60	9422	
0.4	5.4	27	315	26	3	5	5442	5	5442	0.0114	0.00585662	0.003	0.017	1088.4	742.216	60	1775	
0.4	5.4	50	317	21	3	120	390633	120	390633	0.00743333	0.00362237	0.003	0.017	3255.27	2509.49	45	9422	
0.4	5.4	34	319	52	3	336	229156	335	228847	0.00536119	0.00373096	0.003	0.017	683.125	617.228	8	3550	
0.4	5.4	16	320	24	3	35	97160	35	97160	0.0068	0.00353803	0.003	0.01	2776	1980.64	60	9422	
0.4	5.4	28	321	7	3	140	607255	140	607255	0.0045	0.00288259	0.003	0.01	4337.54	2759.87	45	9422	
0.4	5.4	50	324	14	3	153	580207	153	580207	0.003	0	0.003	0.003	3792.2	2621.97	45	9422	
0.4	5.4	37	325	98	3	2	708	2	708	0.0065	0.00494975	0.003	0.01	354	415.779	60	648	
0.4	5.4	52	326	3	3	2	120	2	120	0.0065	0.00494975	0.003	0.01	60	0	60	60	
0.4	5.4	12	327	6	3	38	113121	38	113121	0.00815789	0.00312381	0.003	0.01	2976.87	1516.56	60	5324	
0.4	5.4	16	328	23	3	77	246245	77	246245	0.00763636	0.0033321	0.003	0.01	3197.99	2851.48	45	9422	
0.4	5.4	44	329	14	3	63	180708	63	180708	0.00744444	0.00339724	0.003	0.01	2868.38	2201.64	60	9422	
0.4	5.4	50	330	6	3	93	337375	94	344474	0.00560638	0.00340214	0.003	0.01	3664.62	2557.74	45	9422	
0.4	5.4	17	331	14	3	82	178374	82	178374	0.00760976	0.00333983	0.003	0.01	2175.29	1773.19	36	9422	
0.4	5.4	47	333	15	3	62	184740	62	184740	0.00593548	0.00348237	0.003	0.01	2979.68	2057.78	60	9422	
0.4	5.4	52	334	42	3	99	199570	99	199570	0.00406061	0.00252262	0.003	0.01	2015.86	1355.38	60	7099	
0.4	5.4	52	336	13	3	77	132094	76	131502	0.00705263	0.00347906	0.003	0.01	1730.29	1193.81	60	6236	
0.4	5.4	16	337	20	3	89	246269	89	246269	0.00748315	0.00337811	0.003	0.01	2767.07	1964.13	60	9422	
0.4	5.4	25	338	3	3	17	37455	17	37455	0.003	0	0.003	0.003	2203.24	2187.61	60	7099	
0.4	5.4	38	339	1	3	54	151596	54	151596	0.00559259	0.00341207	0.003	0.01	2807.33	1571.4	60	9422	
0.4	5.4	41	340	20	3	1	60	1	60	0.01	0	0.01	0.01	60	0	60	60	
0.4	5.4	17	341	7	3	33	52784	33	52784	0.003	0	0.003	0.003	1599.52	970.398	60	4141	
0.4	5.4	27	342	2	3	113	224418	113	224418	0.00615929	0.00349889	0.003	0.01	1986	1476.33	60	8873	
0.4	5.4	41	343	24	3	305	399847	305	399847	0.00520328	0.00325627	0.003	0.01	1310.97	1174.58	6	9422	
0.4	5.4	39	344	23	3	1	60	1	60	0.01	0	0.01	0.01	60	0	60	60	
0.4	5.4	15	345	1	3	167	252491	166	252118	0.00738554	0.00418027	0.003	0.024	1518.78	1575.81	13	8873	
0.4	5.4	55	346	22	3	3	180	3	180	0.00533333	0.00404145	0.003	0.01	60	0	60	60	
0.4	5.4	56	348	9	3	102	235048	102	235048	0.00739216	0.00354087	0.003	0.017	2304.39	2355.28	45	9422	
0.4	5.4	18	350	3	3	87	136262	87	136262	0.00686207	0.00381299	0.003	0.017	1566.23	1518.67	45	9422	
0.4	5.4	25	352	6	3	59	143915	59	143915	0.0070339	0.00348873	0.003	0.01	2439.24	2003.75	60	9422	
0.4	5.4	55	353	6	3	2	120	2	120	0.01	0	0.01	0.01	60	0	60	60	
0.4	5.4	45	355	6	3	56	204346	56	204346	0.008875	0.00259414	0.003	0.01	3649.04	2723.79	45	9422	
0.4	5.4	10	356	3	3	106	309696	106	309696	0.00828302	0.00332023	0.003	0.017	2921.66	2657.57	60	9422	
0.4	5.4	13	357	12	3	120	383656	120	383656	0.00550833	0.00337065	0.003	0.01	3197.13	2761.97	60	9422	
0.4	5.4	17	358	9	3	215	602599	216	603531	0.00763426	0.00388803	0.003	0.017	2794.12	2199.5	45	9422	
0.4	5.4	37	359	24	3	1	60	1	60	0.003	0	0.003	0.003	60	0	60	60	
0.4	5.4	48	360	1	3	50	82507	50	82507	0.00944	0.00420476	0.003	0.017	1650.14	1144.45	60	5324	
0.4	5.4	10	361	14	3	8	16091	8	16091	0.00475	0.00324037	0.003	0.01	2011.38	1684.37	60	5324	
0.4	5.4	19	369	2	3	74	251579	74	251579	0.00498649	0.00317737	0.003	0.01	3399.72	2292.09	60	9422	
0.4	5.4	53	370	7	3	146	531653	146	531653	0.00712329	0.00345591	0.003	0.01	3641.46	2228.33	60	9422	
0.4	5.4	28	371	22	3	57	149931	57	149931	0.00815789	0.00310983	0.003	0.01	2630.37	2336.89	36	9422	
0.4	5.4	31	372	13	3	115	222266	114	216942	0.00797368	0.0035734	0.003	0.017	1903	1737.53	60	8282	
0.4	5.4	9	373	4	3	31	67583	31	67583	0.00796774	0.00370121	0.003	0.017	2180.1	2107.76	48	9422	
0.4	5.4	26	374	16	3	68	204952	68	204952	0.00804412	0.00316432	0.003	0.01	3014	2313.6	10	9422	
0.4	5.4	29	375	17	3	5	5442	5	5442	0.0072	0.00383406	0.003	0.01	1088.4	742.216	60	1775	
0.4	5.4	45	377	4	3	141	580623	141	580623	0.00751773	0.0033607	0.003	0.01	4117.89	2718.29	45	9422	
0.4	5.4	27	378	3	3	179	351320	179	351320	0.00816201	0.003879	0.003	0.017	1962.68	1578.92	43	9422	
0.4	5.4	26	380	18	3	155	541591	155	541591	0.00688387	0.00366796	0.003	0.017	3494.14	2733.31	45	9422	
0.4	5.4	56	381	4	3	161	522099	161	522099	0.00591304	0.0034612	0.003	0.01	3242.85	2452.94	45	9422	
0.4	5.4	47	384	10	3	132	358717	135	365035	0.00745926	0.00337852	0.003	0.01	2703.96	1768.12	60	9422	
0.4	5.4	24	385	6	3	132	435117	132	435117	0.00718939	0.00344451	0.003	0.01	3296.34	2206.39	36	9422	
0.4	5.4	10	386	5	3	2	120	2	120	0.0065	0.00494975	0.003	0.01	60	0	60	60	
0.4	5.4	14	388	18	3	122	422094	122	422094	0.00713115	0.00345682	0.003	0.01	3459.79	2021.47	60	9422	
0.4	5.4	48	389	4	3	107	245720	108	246904	0.00760185	0.00407853	0.003	0.017	2286.15	1827.28	60	9422	
0.4	5.4	1	390	2	3	22	49228	22	49228	0.0065	0.00358236	0.003	0.01	2237.64	2898.54	60	9422	
0.4	5.4	32	391	13	3	165	564168	165	564168	0.00533333	0.00330988	0.003	0.01	3419.2	2253.6	45	9422	
0.4	5.4	17	392	1	3	82	245791	82	245791	0.00760976	0.00333983	0.003	0.01	2997.45	2683.75	45	9422	
0.4	5.4	21	393	1	3	145	151162	143	148794	0.00642657	0.00414268	0.003	0.017	1040.52	942.619	60	6321	
0.4	5.4	47	394	6	3	210	596695	210	596695	0.0055	0.00343114	0.003	0.017	2841.4	2221.07	45	9422	
0.4	5.4	3	397	25	3	38	72490	38	72490	0.00797368	0.00360545	0.003	0.017	1907.63	1470.4	60	5324	
0.4	5.4	2	398	5	3	1	60	1	60	0.01	0	0.01	0.01	60	0	60	60	
0.4	5.4	8	399	17	3	129	457483	129	457483	0.00517054	0.0032503	0.003	0.01	3546.38	2226.07	36	9422	
0.4	5.4	7	401	15	3	146	599578	146	599578	0.00386301	0.00230929	0.003	0.01	4106.7	3101.31	45	9422	
0.4	5.4	4	402	4	3	2	120	2	120	0.0065	0.00494975	0.003	0.01	60	0	60	60	
0.4	5.4	49	403	8	3	41	99642	41	99642	0.00658536	0.00354243	0.003	0.01	2430.29	1935.62	60	9422	
0.4	5.4	9	405	12	3	157	667008	157	667008	0.003	0	0.003	0.003	4248.46	2947.23	45	9422	
0.4	5.4	44	406	17	3	48	118465	48	118465	0.0060625	0.0035093	0.003	0.01	2468.02	2293.52	60	9422	
0.4	5.4	33	407	12	3	49	129717	49	129717	0.003	0	0.003	0.003	2647.29	2036.48	45	9422	
0.4	5.4	27	409	24	3	47	67022	47	67022	0.00538298	0.00335283	0.003	0.01	1426	1298.76	60	7690	
0.4	5.4	11	410	20	3	111	441497	111	441497	0.00741441	0.00339376	0.003	0.01	3977.45	3010.61	36	9422	
0.4	5.4	18	411	15	3	209	394969	209	394969	0.00651675	0.00357488	0.003	0.017	1889.8	1629.11	60	9422	
0.4	5.4	22	412	1	3	129	353593	129	353593	0.00815504	0.00321726	0.003	0.017	2741.03	1971.25	60	9422	
0.4	5.4	37	413	9	3	4	240	4	240	0.00825	0.00670199	0.003	0.017	60	0	60	60	
0.4	5.4	14	414	12	3	114	410866	114	410866	0.003	0	0.003	0.003	3604.09	2237.29	45	9422	
0.4	5.4	5	415	20	3	15	39763	15	39763	0.00626667	0.00361478	0.003	0.01	2650.87	2110.05	60	7099	
0.4	5.4	14	416	1	3	34	88886	34	88886	0.00423529	0.00270867	0.003	0.01	2614.29	1943.1	60	9422	
0.4	5.4	39	418	38	3	220	439940	220	439940	0.00497273	0.00315638	0.003	0.01	1999.73	1350.41	10	8873	
0.4	5.4	41	419	25	3	1	60	1	60	0.003	0	0.003	0.003	60	0	60	60	
0.4	5.4	56	420	8	3	145	545267	145	545267	0.00642759	0.00351138	0.003	0.01	3760.46	2770.67	45	9422	
0.4	5.4	6	421	8	3	74	196574	74	196574	0.00801351	0.00338204	0.003	0.017	2656.41	2152.68	60	9422	
0.4	5.4	30	423	14	3	197	759365	197	759365	0.00751269	0.00335883	0.003	0.01	3854.64	2839.65	45	9422	
0.4	5.4	21	425	23	3	233	476031	233	476031	0.00678541	0.00420861	0.003	0.017	2043.05	2230.82	45	9422	
0.4	5.4	47	426	7	3	21	46271	21	46271	0.00733333	0.00412715	0.003	0.017	2203.38	1989.37	60	8502	
0.4	5.4	55	430	7	3	259	433438	259	433438	0.00691892	0.00403728	0.003	0.017	1673.51	1219.35	60	9422	
0.4	5.4	15	431	14	3	144	248401	145	249928	0.00633103	0.00360373	0.003	0.017	1723.64	1546.62	54	8873	
0.4	5.4	56	433	17	3	122	431076	122	431076	0.00793443	0.0035646	0.003	0.017	3533.41	2097.53	57	9422	
0.4	5.4	8	434	19	3	142	387808	142	387808	0.00738732	0.00339764	0.003	0.01	2731.04	1983.02	45	9422	
0.4	5.4	52	435	57	3	141	167127	141	167127	0.00637589	0.00447459	0.003	0.017	1185.3	865.132	15	5916	
0.4	5.4	5	436	18	3	138	380232	136	374906	0.00794118	0.00320131	0.003	0.01	2756.66	2295.22	60	9422	
0.4	5.4	23	438	11	3	192	736963	192	736963	0.00438542	0.00279629	0.003	0.01	3838.35	2779.33	45	9422	
0.4	5.4	8	439	3	3	3	180	3	180	0.00766667	0.00404145	0.003	0.01	60	0	60	60	
0.4	5.4	37	441	42	3	187	235756	187	235756	0.00584492	0.00359697	0.003	0.017	1260.73	1080.63	32	9422	
0.4	5.4	56	443	14	3	19	40947	19	40947	0.00742105	0.00346916	0.003	0.01	2155.11	1532.02	60	5324	
0.4	5.4	11	444	2	3	15	48156	15	48156	0.00533333	0.00341565	0.003	0.01	3210.4	3536.83	60	9422	
0.4	5.4	35	445	17	3	165	623956	166	629872	0.00548795	0.00336062	0.003	0.01	3794.41	2412.21	45	9422	
0.4	5.4	34	446	28	3	339	183539	339	183539	0.004941	0.00331788	0.003	0.017	541.413	406.628	39	2961	
0.4	5.4	38	447	8	3	1	60	1	60	0.01	0	0.01	0.01	60	0	60	60	
0.4	5.4	49	448	18	3	62	153965	62	153965	0.00729032	0.00343744	0.003	0.01	2483.31	2217.67	45	9422	
0.4	5.4	37	449	91	3	1	60	1	60	0.003	0	0.003	0.003	60	0	60	60	
0.4	5.4	39	450	22	3	177	224534	176	223942	0.00602273	0.00385887	0.003	0.017	1272.4	1315.49	23	9422	
0.4	5.4	38	451	10	3	112	321533	111	320531	0.00653153	0.00351573	0.003	0.01	2887.67	1980.19	45	9422	
0.4	5.4	39	453	2	3	3	180	3	180	0.003	0	0.003	0.003	60	0	60	60	
0.4	5.4	33	454	17	3	75	135779	75	135779	0.00757333	0.00354574	0.003	0.017	1810.39	1248.69	36	4733	
0.4	5.4	42	455	12	3	53	89491	53	89491	0.003	0	0.003	0.003	1688.51	1728.39	60	9422	
0.4	5.4	52	457	25	3	1	60	1	60	0.01	0	0.01	0.01	60	0	60	60	
0.4	5.4	30	461	12	3	51	157085	51	157085	0.00684314	0.0035178	0.003	0.01	3080.1	2281.31	45	9422	
0.4	5.4	44	462	18	3	141	470179	141	470179	0.00513475	0.00323424	0.003	0.01	3334.6	2780.5	45	9422	
0.4	5.4	15	464	6	3	53	63638	53	63638	0.00801887	0.00442237	0.003	0.017	1200.72	844.756	60	4395	
0.4	5.4	41	465	52	3	247	231123	247	231123	0.00577733	0.00360146	0.003	0.017	935.721	736.354	8	4395	
0.4	5.4	21	467	4	3	100	157600	100	157600	0.00517	0.00325376	0.003	0.01	1576	1074.43	60	4395	
0.4	5.4	52	468	53	3	2	120	2	120	0.003	0	0.003	0.003	60	0	60	60	
0.4	5.4	11	470	10	3	117	537420	117	537420	0.00407692	0.00253647	0.003	0.01	4593.33	2660	45	9422	
0.4	5.4	32	472	18	3	131	409228	131	409228	0.00754198	0.00335412	0.003	0.01	3123.88	2384.9	45	9422	
0.4	5.4	4	473	14	3	116	288515	116	288515	0.00698276	0.00348159	0.003	0.01	2487.2	2287.64	60	9422	
0.4	5.4	47	475	8	3	122	292451	123	296001	0.00863415	0.00331234	0.003	0.017	2406.51	1583.46	60	7099	
0.4	5.4	46	476	5	3	103	365173	103	365173	0.00748544	0.00337483	0.003	0.01	3545.37	2159.67	60	9422	
0.4	5.4	33	477	4	3	109	506551	109	506551	0.003	0	0.003	0.003	4647.26	2955.86	45	9422	
0.4	5.4	34	478	71	3	2	708	1	60	0.003	0	0.003	0.003	60	0	60	60	
0.4	5.4	53	479	13	3	86	242112	86	242112	0.00812791	0.00311655	0.003	0.01	2815.26	1803.87	45	9422	
0.4	5.4	21	480	6	3	116	171271	116	171271	0.00571552	0.00342575	0.003	0.01	1476.47	1167.09	9	5324	
0.4	5.4	38	481	23	3	61	182473	61	182473	0.00414754	0.00261302	0.003	0.01	2991.36	2271.3	60	8282	
0.4	5.4	37	482	88	3	210	471353	210	471353	0.00433333	0.00275531	0.003	0.01	2244.54	1799.79	60	9422	
0.4	5.4	38	483	13	3	142	527300	142	527300	0.00339437	0.00161973	0.003	0.01	3713.38	2578.61	45	9422	
0.4	5.4	55	484	43	3	266	551878	266	551878	0.006	0.00347063	0.003	0.01	2074.73	1443.44	36	9422	
0.4	5.4	55	488	12	3	4	240	4	240	0.00825	0.0035	0.003	0.01	60	0	60	60	
0.4	5.4	39	489	46	3	197	203896	197	203896	0.00737056	0.00490416	0.003	0.024	1035.01	1147.43	12	9422	
0.4	5.4	17	492	6	3	125	225038	125	225038	0.008376	0.00418265	0.003	0.024	1800.3	1660.48	60	9422	
0.4	5.4	31	498	27	3	32	76458	32	76458	0.007375	0.00344309	0.003	0.01	2389.31	2050.9	26	9422	
0.4	5.4	31	499	25	3	228	979398	228	979398	0.003	0	0.003	0.003	4295.61	2366.66	60	9422	
0.4	5.4	39	500	39	3	76	123829	76	123829	0.00465789	0.00299579	0.003	0.01	1629.33	1075.99	60	4395	
0.4	5.4	48	502	10	3	118	294340	118	294340	0.00638135	0.00351291	0.003	0.01	2494.41	1624.41	60	7690	
0.4	5.4	28	503	24	3	68	187797	68	187797	0.003	0	0.003	0.003	2761.72	2649.99	45	9422	
0.4	5.4	49	504	3	3	147	428047	147	428047	0.00828571	0.00333721	0.003	0.017	2911.88	1978.03	57	9422	
0.4	5.4	41	506	6	3	2	120	2	120	0.0065	0.00494975	0.003	0.01	60	0	60	60	
0.4	5.4	10	508	4	3	121	410849	121	410849	0.00797521	0.00318712	0.003	0.01	3395.45	2230.09	60	9422	
0.4	5.4	23	509	7	3	66	143898	66	143898	0.00777273	0.00328538	0.003	0.01	2180.27	2343.72	60	9422	
0.4	5.4	36	511	7	3	13	43900	13	43900	0.00892308	0.00262874	0.003	0.01	3376.92	3356.4	60	9422	
0.4	5.4	34	512	68	3	305	415872	305	418831	0.00467541	0.00299169	0.003	0.01	1373.22	1464.66	29	9422	
0.4	5.4	55	514	50	3	163	201552	163	201552	0.00643558	0.00406891	0.003	0.017	1236.52	1401.05	45	9422	
0.4	5.4	27	515	22	3	171	462409	171	462409	0.00619298	0.00349675	0.003	0.01	2704.15	1927.66	57	9422	
0.4	5.4	51	516	8	3	95	248072	95	248072	0.00734737	0.00341389	0.003	0.01	2611.28	1882.6	60	9422	
0.4	5.4	22	517	8	3	2	120	2	120	0.01	0	0.01	0.01	60	0	60	60	
0.4	5.4	12	519	4	3	19	58690	19	58690	0.003	0	0.003	0.003	3088.95	2693.2	60	9422	
0.4	5.4	9	521	8	3	47	174059	47	174059	0.0067234	0.00353062	0.003	0.01	3703.38	2522.25	60	9422	
0.4	5.4	55	523	46	3	42	48681	43	49374	0.00576744	0.00378491	0.003	0.017	1148.23	1083.18	32	5324	
0.4	5.4	36	525	1	3	66	169351	66	169351	0.00957576	0.00168304	0.003	0.01	2565.92	1978.94	60	9422	
0.4	5.4	41	526	19	3	255	380355	256	381104	0.00477734	0.00305268	0.003	0.01	1488.69	1303.85	25	9422	
0.4	5.4	16	527	21	3	2	120	2	120	0.003	0	0.003	0.003	60	0	60	60	
0.4	5.4	27	529	11	3	125	231571	125	231571	0.008096	0.00481835	0.003	0.017	1852.57	1677.11	60	8282	
0.4	5.4	41	532	44	3	1	60	1	60	0.017	0	0.017	0.017	60	0	60	60	
0.4	5.4	29	533	9	3	127	330552	126	328185	0.00722222	0.00343835	0.003	0.01	2604.64	2218.7	45	9422	
0.4	5.4	49	534	9	3	2	120	2	120	0.0065	0.00494975	0.003	0.01	60	0	60	60	
0.4	5.4	41	535	63	3	299	306722	299	306722	0.00545819	0.00362977	0.003	0.017	1025.83	880.828	26	9422	
0.4	5.4	48	536	5	3	93	240958	93	240958	0.00691398	0.00349427	0.003	0.01	2590.95	2168.76	60	9422	
0.4	5.4	29	537	2	3	45	94224	45	94224	0.00704444	0.00380165	0.003	0.017	2093.87	1769.62	36	9422	
0.4	5.4	7	538	10	3	49	131594	49	131594	0.00585714	0.00347611	0.003	0.01	2685.59	2130.22	60	9422	
0.4	5.4	53	539	14	3	152	517822	152	517822	0.00765131	0.0034126	0.003	0.017	3406.72	2500.46	45	9422	
0.4	5.4	48	540	14	3	51	109120	50	102021	0.00734	0.0034322	0.003	0.01	2040.42	1835.36	60	7577	
0.4	5.4	30	541	2	3	5	5442	5	5442	0.01	0	0.01	0.01	1088.4	742.216	60	1775	
0.4	5.4	34	542	41	3	162	191443	162	191443	0.00472839	0.00302787	0.003	0.01	1181.75	1033.63	20	5324	
0.4	5.4	41	544	12	3	2	120	2	120	0.01	0	0.01	0.01	60	0	60	60	
0.4	5.4	37	546	82	3	62	56981	61	56389	0.00483606	0.00310473	0.003	0.01	924.41	553.621	29	2958	
0.4	5.4	39	547	8	3	1	60	1	60	0.01	0	0.01	0.01	60	0	60	60	
0.4	5.4	14	548	10	3	54	132658	54	132658	0.00338889	0.00161849	0.003	0.01	2456.63	2481.42	60	9422	
0.4	5.4	55	549	3	3	156	204936	156	204936	0.00609615	0.00357731	0.003	0.017	1313.69	1079.94	60	5324	
0.4	5.4	28	552	3	3	16	46267	16	46267	0.007375	0.0035	0.003	0.01	2891.69	2126.19	60	7099	
0.4	5.4	15	554	12	3	54	65264	54	65264	0.00559259	0.00391667	0.003	0.017	1208.59	1073.54	60	7099	
0.4	5.4	41	555	69	3	52	59333	52	59333	0.00448077	0.00288669	0.003	0.01	1141.02	766.34	16	3550	
0.4	5.4	6	558	3	3	90	234554	90	234554	0.00875555	0.0030733	0.003	0.017	2606.16	2097.31	36	9422	
0.4	5.4	5	559	9	3	21	34439	21	34439	0.00633333	0.00358236	0.003	0.01	1639.95	921.642	60	3550	
0.4	5.4	27	562	19	3	19	30298	18	26748	0.00766667	0.0033955	0.003	0.01	1486	870.15	60	2958	
0.4	5.4	2	563	1	3	4	240	4	240	0.00825	0.0035	0.003	0.01	60	0	60	60	
0.4	5.4	35	564	10	3	51	133367	51	133367	0.0072549	0.00345163	0.003	0.01	2615.04	2072.65	60	9422	
0.4	5.4	26	566	4	3	1	60	1	60	0.01	0	0.01	0.01	60	0	60	60	
0.4	5.4	37	568	33	3	78	145148	78	145148	0.0044359	0.00284486	0.003	0.01	1860.87	1525.34	45	9422	
0.4	5.4	51	569	15	3	4	240	4	240	0.0065	0.00404145	0.003	0.01	60	0	60	60	
0.4	5.4	40	570	11	3	80	297836	80	297836	0.0071125	0.00346773	0.003	0.01	3722.95	3211.97	45	9422	
0.4	5.4	57	572	8	3	61	162852	60	162319	0.00358333	0.00195102	0.003	0.01	2705.32	2396.25	45	9422	
0.4	5.4	38	573	9	3	139	388387	138	385426	0.00710869	0.00403214	0.003	0.017	2792.94	2181.95	39	9422	
0.4	5.4	4	575	1	3	74	195981	74	195981	0.00801351	0.00456458	0.003	0.017	2648.39	2371.18	60	9422	
0.4	5.4	15	576	10	3	42	59924	42	59924	0.00616667	0.00385035	0.003	0.017	1426.76	1107.07	60	4904	
0.4	5.4	14	577	17	3	68	180578	68	180578	0.00814706	0.0031112	0.003	0.01	2655.56	1318.43	60	8282	
0.4	5.4	31	578	21	3	73	180113	73	180113	0.00769863	0.00331111	0.003	0.01	2467.3	1931.12	56	7690	
0.4	5.4	21	580	29	3	207	318198	207	318198	0.00570531	0.00355335	0.003	0.017	1537.19	1363.73	60	9422	
0.4	5.4	13	581	8	3	83	226865	83	226865	0.00738554	0.00340671	0.003	0.01	2733.31	2048.7	6	9422	
0.4	5.4	31	582	15	3	158	587293	158	587293	0.00317721	0.00110309	0.003	0.01	3717.04	2600.35	45	9422	
0.4	5.4	44	584	19	3	116	319288	116	319288	0.00668103	0.00351048	0.003	0.01	2752.48	2154.39	45	9422	
0.4	5.4	39	589	57	3	110	109207	110	109207	0.0058	0.00369676	0.003	0.017	992.791	956.54	25	9422	
0.4	5.4	10	591	17	3	71	185319	71	185319	0.00822535	0.00306686	0.003	0.01	2610.13	2294.93	36	9422	
0.4	5.4	39	592	40	3	104	139857	104	139857	0.00616346	0.00400754	0.003	0.017	1344.78	892.087	60	4395	
0.4	5.4	31	593	8	3	176	544133	176	544133	0.0069375	0.00348246	0.003	0.01	3091.66	2197.47	36	9422	
0.4	5.4	4	594	12	3	147	423794	147	423794	0.007	0.0038428	0.003	0.017	2882.95	2127.58	45	9422	
0.4	5.4	12	598	20	3	5	4204	5	4204	0.0086	0.0031305	0.003	0.01	840.8	506.189	60	1184	
0.4	5.4	34	601	53	3	470	250213	470	250213	0.00507021	0.00385026	0.003	0.024	532.368	553.282	29	4395	
0.4	5.4	41	603	50	3	123	177736	123	177736	0.00487805	0.00311418	0.003	0.01	1445.01	1318.33	60	9422	
0.4	5.4	18	604	4	3	153	385403	153	385403	0.00556209	0.00338307	0.003	0.01	2518.97	1764.35	60	9422	
0.4	5.4	21	605	17	3	38	60496	36	55761	0.00475	0.00307409	0.003	0.01	1548.92	940.574	60	4395	
0.4	5.4	40	606	14	3	43	161753	43	161753	0.00869767	0.00275625	0.003	0.01	3761.7	2293.57	60	9422	
0.4	5.4	41	608	18	3	200	221088	200	221088	0.005415	0.00375276	0.003	0.017	1105.44	810.623	29	4904	
0.4	5.4	31	611	18	3	6	360	6	360	0.0065	0.00383406	0.003	0.01	60	0	60	60	
0.4	5.4	39	612	43	3	1	60	1	60	0.01	0	0.01	0.01	60	0	60	60	
0.4	5.4	34	613	45	3	435	242587	435	242587	0.00478621	0.00337144	0.003	0.017	557.671	531.122	8	3550	
0.4	5.4	50	615	17	3	74	234542	74	234542	0.00754054	0.00336456	0.003	0.01	3169.49	2538.14	60	9422	
0.4	5.4	38	617	6	3	5	5442	5	5442	0.0072	0.00626099	0.003	0.017	1088.4	742.216	60	1775	
0.4	5.4	20	618	2	3	178	472113	178	472113	0.00594944	0.00377214	0.003	0.017	2652.32	2255.01	28	9422	
0.4	5.4	39	619	18	3	1	60	1	60	0.01	0	0.01	0.01	60	0	60	60	
0.4	5.4	49	620	5	3	137	401060	137	401060	0.00841606	0.00317537	0.003	0.017	2927.45	2232.47	10	9422	
0.4	5.4	22	621	9	3	62	246842	62	246842	0.00672581	0.00352122	0.003	0.01	3981.32	3269.44	45	9422	
0.4	5.4	25	622	8	3	28	65213	28	65213	0.007	0.00400925	0.003	0.017	2329.04	2661.86	60	9422	
0.4	5.4	18	623	13	3	140	216212	141	218579	0.00712057	0.0039306	0.003	0.017	1550.21	1222.45	13	5324	
0.4	5.4	12	624	17	3	98	283698	98	283698	0.00792857	0.00336523	0.003	0.017	2894.88	2775.24	60	9422	
0.4	5.4	37	625	40	3	1	60	1	60	0.01	0	0.01	0.01	60	0	60	60	
0.4	5.4	55	626	52	3	141	256500	141	256500	0.00637589	0.00379763	0.003	0.017	1819.15	1984.78	21	9422	
0.4	5.4	6	628	6	3	192	751978	191	750794	0.00816754	0.00308531	0.003	0.01	3930.86	2857.11	45	9422	
0.4	5.4	47	630	9	3	30	71712	30	71712	0.003	0	0.003	0.003	2390.4	1299.12	60	4733	
0.4	5.4	38	631	4	3	150	348909	149	347725	0.00793288	0.00368464	0.003	0.017	2333.72	1816.84	13	9422	
0.4	5.4	52	634	4	3	1	60	1	60	0.01	0	0.01	0.01	60	0	60	60	
0.4	5.4	52	636	44	3	148	144669	147	143920	0.00628571	0.00465671	0.003	0.024	979.048	934.178	21	8294	
0.4	5.4	38	637	22	3	202	689687	202	689687	0.00812871	0.00361358	0.003	0.017	3414.29	2724.57	36	9422	
0.4	5.4	55	638	49	3	160	280339	160	280339	0.0062375	0.0035011	0.003	0.01	1752.12	1390.53	14	9422	
0.4	5.4	9	641	19	3	132	589392	132	589392	0.00459091	0.00294467	0.003	0.01	4465.09	2908.74	45	9422	
0.4	5.4	37	642	65	3	198	519749	198	519749	0.003	0	0.003	0.003	2624.99	1862.66	25	9422	
0.4	5.4	51	643	3	3	124	432658	124	432658	0.00791129	0.00333743	0.003	0.017	3489.18	2559.15	36	9422	
0.4	5.4	54	645	17	3	102	288282	102	288282	0.00471569	0.00302589	0.003	0.01	2826.29	2010.07	60	9422	
0.4	5.4	14	648	16	3	117	397842	117	397842	0.00682906	0.00349948	0.003	0.01	3400.36	2255.54	45	9422	
0.4	5.4	35	649	2	3	76	229096	76	229096	0.00594737	0.00347906	0.003	0.01	3014.42	1754.86	60	7099	
0.4	5.4	3	650	26	3	206	434071	206	434071	0.00704369	0.00373161	0.003	0.017	2107.14	1665.75	34	9422	
0.4	5.4	6	651	2	3	65	220330	64	215006	0.00923437	0.00220204	0.003	0.01	3359.47	2759.64	60	9422	
0.4	5.4	48	652	8	3	163	571578	163	571578	0.00630675	0.00350543	0.003	0.01	3506.61	2478.17	36	9422	
0.4	5.4	8	653	5	3	62	232646	62	232646	0.00785484	0.00325348	0.003	0.01	3752.35	2435.3	60	8873	
0.4	5.4	37	654	60	3	25	26887	25	26887	0.00692	0.0053768	0.003	0.017	1075.48	697.34	60	2961	
0.4	5.4	17	655	11	3	98	316186	98	316186	0.00721428	0.00344395	0.003	0.01	3226.39	1736.06	60	9422	
0.4	5.4	5	658	17	3	43	164598	43	164598	0.00332558	0.00149158	0.003	0.01	3827.86	2281.46	60	7690	
0.4	5.4	33	659	15	3	43	72345	43	72345	0.00690698	0.0035174	0.003	0.01	1682.44	1129.33	60	4395	
0.4	5.4	2	660	26	3	138	535694	138	535694	0.003	0	0.003	0.003	3881.84	2787.7	45	9422	
0.4	5.4	44	661	15	3	83	222608	83	222608	0.00746988	0.00338338	0.003	0.01	2682.02	1867	60	6882	
0.4	5.4	21	662	7	3	185	456982	186	458045	0.00559677	0.00339057	0.003	0.01	2462.61	1939.72	60	9422	
0.4	5.4	55	663	24	3	2	120	2	120	0.003	0	0.003	0.003	60	0	60	60	
0.4	5.4	55	664	44	3	108	150541	108	150541	0.0052037	0.00340357	0.003	0.017	1393.9	1338.33	60	7099	
0.4	5.4	56	666	10	3	76	220936	76	220936	0.00742105	0.00339907	0.003	0.01	2907.05	2408.35	60	9422	
0.4	5.4	46	667	4	3	63	172425	63	172425	0.00677778	0.00351698	0.003	0.01	2736.9	2234.97	45	9422	
0.4	5.4	56	669	18	3	1	60	1	60	0.003	0	0.003	0.003	60	0	60	60	
0.4	5.4	41	670	58	3	255	398111	255	398111	0.00563529	0.00367106	0.003	0.017	1561.22	1383.46	58	9422	
0.4	5.4	9	671	15	3	108	309683	107	309091	0.00483177	0.00309133	0.003	0.01	2888.7	2151.52	60	9422	
0.4	5.4	3	672	2	3	153	322181	153	322181	0.00624837	0.00359327	0.003	0.017	2105.76	1774.26	43	9422	
0.4	5.4	47	673	3	3	151	490756	151	490756	0.00624503	0.00350232	0.003	0.01	3250.04	2796.85	45	9422	
0.4	5.4	55	675	1	3	122	128181	122	128181	0.00604098	0.0041229	0.003	0.017	1050.66	1082.85	23	9422	
0.4	5.4	21	677	37	3	105	264646	105	264646	0.00473333	0.0030359	0.003	0.01	2520.44	2012.39	60	9422	
0.4	5.4	18	678	21	3	175	363563	175	363563	0.0066	0.00358797	0.003	0.017	2077.5	1974.98	45	9422	
0.4	5.4	11	680	16	3	82	274898	82	274898	0.00837805	0.00335416	0.003	0.017	3352.41	2608.29	60	9422	
0.4	5.4	52	681	51	3	1	60	1	60	0.01	0	0.01	0.01	60	0	60	60	
0.4	5.4	37	683	97	3	81	85420	81	85420	0.00507407	0.00374425	0.003	0.017	1054.57	831.958	7	4579	
0.4	5.4	32	684	12	3	210	828483	210	828483	0.00426667	0.00270129	0.003	0.01	3945.16	2868.24	45	9422	
0.4	5.4	18	685	20	3	142	221653	141	218474	0.00582979	0.00373967	0.003	0.017	1549.46	1776.98	60	9422	
0.4	5.4	30	688	20	3	67	225542	67	225542	0.0081194	0.00312624	0.003	0.01	3366.3	3183.54	45	9422	
0.4	5.4	54	689	4	3	82	233860	82	233860	0.00667073	0.00351735	0.003	0.01	2851.95	2389.7	60	9422	
0.4	5.4	45	691	8	3	69	305999	69	305999	0.00807246	0.00314978	0.003	0.01	4434.77	2689.02	60	9422	
0.4	5.4	42	693	11	3	2	120	2	120	0.0065	0.00494975	0.003	0.01	60	0	60	60	
0.4	5.4	33	694	13	3	63	172418	63	172418	0.00511111	0.00323843	0.003	0.01	2736.79	2257.11	60	9422	
0.4	5.4	42	695	20	3	84	176497	84	176497	0.007	0.004107	0.003	0.017	2101.15	1751.26	42	9422	
0.4	5.4	38	698	25	3	26	62252	26	62252	0.00757692	0.00339615	0.003	0.01	2394.31	2013.68	60	8873	
0.4	5.4	41	701	47	3	201	232415	201	232415	0.00540298	0.00368128	0.003	0.017	1156.29	1082.86	5	7690	
0.4	5.4	45	702	2	3	85	307892	85	307892	0.00678823	0.00350881	0.003	0.01	3622.26	2391.99	45	9422	
0.4	5.4	25	703	25	3	9	9702	9	9702	0.00455555	0.00308671	0.003	0.01	1078	742.202	60	1836	
0.4	5.4	41	704	43	3	1	60	1	60	0.01	0	0.01	0.01	60	0	60	60	
0.4	5.4	49	705	15	3	91	235876	91	235876	0.003	0	0.003	0.003	2592.04	2046.4	60	9422	
0.4	5.4	9	708	20	3	99	332748	98	329198	0.00507143	0.00321161	0.003	0.01	3359.16	2367	45	9422	
0.4	5.4	41	710	31	3	2	120	2	120	0.01	0	0.01	0.01	60	0	60	60	
0.4	5.4	21	711	38	3	103	165298	103	165298	0.00680582	0.00401482	0.003	0.024	1604.83	1578.04	60	9422	
0.4	5.4	21	712	30	3	197	212742	196	212150	0.00671428	0.0042184	0.003	0.024	1082.4	1083.95	21	9422	
0.4	5.4	8	719	11	3	96	303661	96	303661	0.0078125	0.00326162	0.003	0.01	3163.14	2462.39	36	9422	
0.4	5.4	2	721	16	3	56	114936	56	114936	0.0065	0.00377552	0.003	0.017	2052.43	1316.73	60	6052	
0.4	5.4	25	722	28	3	82	310144	82	310144	0.00684146	0.00350474	0.003	0.01	3782.24	2597.92	60	9422	
0.4	5.4	41	723	68	3	57	64089	57	64089	0.00594737	0.00372933	0.003	0.017	1124.37	1019.24	42	4395	
0.4	5.4	36	724	5	3	56	93728	56	93728	0.009375	0.00201415	0.003	0.01	1673.71	956.221	60	4141	
0.4	5.4	34	726	32	3	423	412117	423	412117	0.00450591	0.00287979	0.003	0.01	974.272	1268.75	33	9422	
0.4	5.4	47	728	5	3	133	336835	133	336244	0.00810526	0.00376842	0.003	0.017	2528.15	1608.52	60	8282	
0.4	5.4	34	730	61	3	386	246468	386	246468	0.0060285	0.00414124	0.003	0.017	638.518	659.836	18	5324	
0.4	5.4	12	733	1	3	35	74085	35	74085	0.0048	0.00310408	0.003	0.01	2116.71	1793.67	60	8873	
0.4	5.4	37	734	95	3	2	120	2	120	0.0065	0.00494975	0.003	0.01	60	0	60	60	
0.4	5.4	52	735	37	3	165	415714	163	411245	0.00583435	0.00344671	0.003	0.01	2522.98	2190.29	60	9422	
0.4	5.4	23	736	12	3	7	9584	7	9584	0.007	0.00374166	0.003	0.01	1369.14	1151.64	60	3550	
0.4	5.4	52	737	26	3	144	206215	143	204440	0.00588811	0.00345821	0.003	0.01	1429.65	1374.67	60	9422	
0.4	5.4	41	738	60	3	76	66010	76	66010	0.00585526	0.00445333	0.003	0.017	868.553	918.477	38	4395	
0.4	5.4	34	739	5	3	1	60	1	60	0.01	0	0.01	0.01	60	0	60	60	
0.4	5.4	19	740	9	3	71	221987	71	221987	0.00891549	0.00255089	0.003	0.01	3126.58	1616.07	60	7099	
0.4	5.4	15	741	15	3	162	634853	162	634853	0.00619753	0.00349772	0.003	0.01	3918.85	2850.82	45	9422	
0.4	5.4	47	742	16	3	3	1836	2	652	0.003	0	0.003	0.003	326	376.181	60	592	
0.4	5.4	7	743	5	3	1	60	1	60	0.01	0	0.01	0.01	60	0	60	60	
0.4	5.4	9	744	18	3	132	443285	132	443285	0.00766667	0.00342346	0.003	0.017	3358.22	2201.83	60	9422	
0.4	5.4	1	746	5	3	1	60	1	60	0.01	0	0.01	0.01	60	0	60	60	
0.4	5.4	5	747	4	3	134	506559	134	506559	0.003	0	0.003	0.003	3780.29	1997.46	60	9422	
0.4	5.4	47	748	13	3	95	294325	95	294325	0.003	0	0.003	0.003	3098.16	1991.01	60	9422	
0.4	5.4	30	749	8	3	56	154562	56	154562	0.003	0	0.003	0.003	2760.04	2598.15	60	9422	
0.4	5.4	33	750	16	3	188	453685	188	453685	0.0066117	0.00350756	0.003	0.01	2413.22	1788.62	6	9422	
0.4	5.4	26	752	13	3	148	530016	148	530016	0.00716216	0.00344846	0.003	0.01	3581.19	2783.37	60	9422	
0.4	5.4	25	753	5	3	129	433345	129	433345	0.00739535	0.00339673	0.003	0.01	3359.26	2755.01	45	9422	
0.4	5.4	10	754	2	3	27	90046	27	90046	0.003	0	0.003	0.003	3335.04	2450.35	60	9422	
0.4	5.4	34	755	64	3	213	158427	213	158427	0.00487324	0.00310628	0.003	0.01	743.789	651.176	9	3550	
0.4	5.4	17	758	24	3	107	235665	107	235665	0.00771028	0.00369602	0.003	0.017	2202.48	2182.51	60	9422	
0.4	5.4	52	759	15	3	1	60	1	60	0.01	0	0.01	0.01	60	0	60	60	
0.4	5.4	9	760	16	3	39	135014	39	135014	0.00515385	0.003273	0.003	0.01	3461.9	2664.42	60	9422	
0.4	5.4	14	762	15	3	135	442805	135	442805	0.00766667	0.00362825	0.003	0.017	3280.04	2445.21	45	9422	
0.4	5.4	37	763	51	3	44	40466	44	40466	0.00618182	0.00464194	0.003	0.017	919.682	707.012	13	3158	
0.4	5.4	19	764	11	3	16	36213	16	36213	0.00825	0.00404145	0.003	0.017	2263.31	1935.68	60	7099	
0.4	5.4	16	766	10	3	110	321072	110	321072	0.00560909	0.0034002	0.003	0.01	2918.84	2562.44	60	9422	
0.4	5.4	37	767	19	3	95	119951	95	119951	0.00550526	0.00337347	0.003	0.01	1262.64	769.665	43	3550	
0.4	5.4	34	771	59	3	208	250745	208	250745	0.003	0	0.003	0.003	1205.5	1067.76	4	6507	
0.4	5.4	2	772	27	3	225	500795	226	508143	0.00773894	0.0038318	0.003	0.017	2248.42	1756.59	60	9422	
0.4	5.4	9	773	10	3	41	146252	41	146252	0.00590244	0.00349145	0.003	0.01	3567.12	2142.14	60	8873	
0.4	5.4	48	774	20	3	124	403778	124	403778	0.00762903	0.00332634	0.003	0.01	3256.27	2494.79	45	9422	
0.4	5.4	10	775	9	3	1	60	1	60	0.003	0	0.003	0.003	60	0	60	60	
0.4	5.4	4	780	8	3	115	415005	115	415005	0.00525217	0.00328432	0.003	0.01	3608.74	2732.64	45	9422	
0.4	5.4	30	787	1	3	115	310272	114	307905	0.00527193	0.00329195	0.003	0.01	2700.92	2520.95	60	9422	
0.4	5.4	39	788	42	3	64	72352	64	72352	0.0051875	0.00327024	0.003	0.01	1130.5	659.871	60	2958	
0.4	5.4	34	789	47	3	122	86214	122	86214	0.00460656	0.00321812	0.003	0.017	706.672	739.063	31	4904	
0.4	5.4	39	790	30	3	1	60	1	60	0.003	0	0.003	0.003	60	0	60	60	
0.4	5.4	28	791	16	3	27	77040	26	76502	0.00811538	0.00316641	0.003	0.01	2942.38	2293.88	60	9422	
0.4	5.4	23	793	10	3	91	274059	91	274059	0.00646154	0.00351918	0.003	0.01	3011.64	2358.16	45	9422	
0.4	5.4	37	795	2	3	4	240	4	240	0.0065	0.00404145	0.003	0.01	60	0	60	60	
0.4	5.4	24	796	13	3	153	456084	154	460479	0.00818182	0.00307946	0.003	0.01	2990.12	2130.52	45	9422	
0.4	5.4	21	798	22	3	141	296073	142	299034	0.00664789	0.00350925	0.003	0.01	2105.87	2083.73	15	9422	
0.4	5.4	50	799	11	3	42	134423	42	134423	0.003	0	0.003	0.003	3200.55	2720.81	60	9422	
0.4	5.4	56	800	6	3	170	705589	170	705589	0.00382353	0.00226199	0.003	0.01	4150.52	2758.2	45	9422	
0.4	5.4	53	801	8	3	3	1892	3	1892	0.01	0	0.01	0.01	630.667	562.2	60	1184	
0.4	5.4	41	802	4	3	2	120	2	120	0.003	0	0.003	0.003	60	0	60	60	
0.4	5.4	41	803	11	3	2	1184	2	1184	0.01	0	0.01	0.01	592	0	592	592	
0.4	5.4	32	805	15	3	2	120	2	120	0.003	0	0.003	0.003	60	0	60	60	
0.4	5.4	55	806	32	3	4	1894	4	1894	0.00475	0.0035	0.003	0.01	473.5	530.064	60	1184	
0.4	5.4	14	808	3	3	106	405513	106	405513	0.00762264	0.00333082	0.003	0.01	3825.59	2299.96	60	9422	
0.4	5.4	19	810	15	3	57	171232	57	171232	0.003	0	0.003	0.003	3004.07	2716.41	60	9422	
0.4	5.4	25	811	30	3	41	76485	41	76485	0.00709756	0.00442043	0.003	0.017	1865.49	1241.69	60	4395	
0.4	5.4	48	812	21	3	223	646507	222	645323	0.00757207	0.00371639	0.003	0.017	2906.86	2339.73	36	9422	
0.4	5.4	52	815	23	3	49	78246	49	78246	0.00628571	0.00380789	0.003	0.017	1596.86	1501.51	60	8282	
0.4	5.4	17	816	4	3	2	652	2	652	0.0065	0.00494975	0.003	0.01	326	376.181	60	592	
0.4	5.4	45	817	9	3	13	43900	13	43900	0.003	0	0.003	0.003	3376.92	3356.4	60	9422	
0.4	5.4	13	818	15	3	14	21429	14	21429	0.0035	0.00187083	0.003	0.01	1530.64	1203.11	60	4140	
0.4	5.4	3	820	24	3	122	249889	122	249889	0.00730328	0.00375904	0.003	0.017	2048.27	2017.15	60	9422	
0.4	5.4	20	821	1	3	164	595231	164	595231	0.00620122	0.0034979	0.003	0.01	3629.46	2836.48	45	9422	
0.4	5.4	43	822	20	3	104	400180	104	400180	0.00872115	0.002718	0.003	0.01	3847.88	2612.65	60	9422	
0.4	5.4	15	826	3	3	97	184306	97	184306	0.00595876	0.0037581	0.003	0.017	1900.06	1312.18	60	5916	
0.4	5.4	32	827	3	3	104	369787	104	369787	0.00623077	0.00350653	0.003	0.01	3555.64	2624.73	60	9422	
0.4	5.4	37	829	38	3	61	72949	61	72949	0.00563934	0.00427018	0.003	0.017	1195.89	688.366	60	3182	
0.4	5.4	11	830	11	3	89	274774	89	274774	0.003	0	0.003	0.003	3087.35	2408.4	45	9422	
0.4	5.4	37	832	15	3	3	180	3	180	0.00766667	0.00404145	0.003	0.01	60	0	60	60	
0.4	5.4	52	833	7	3	200	335242	200	335242	0.004925	0.00313344	0.003	0.01	1676.21	1284.29	16	9422	
0.4	5.4	10	835	6	3	8	9586	8	9586	0.005625	0.00362284	0.003	0.01	1198.25	695.109	60	1980	
0.4	5.4	44	836	3	3	14	35615	14	35615	0.003	0	0.003	0.003	2543.93	1585.41	60	5324	
0.4	5.4	37	838	56	3	1	60	1	60	0.01	0	0.01	0.01	60	0	60	60	
0.4	5.4	26	839	17	3	51	136210	51	136210	0.00862745	0.00313663	0.003	0.017	2670.78	2057.28	60	9422	
0.4	5.4	2	840	25	3	78	151047	78	151047	0.00685897	0.00350408	0.003	0.01	1936.5	1612.83	60	9422	
0.4	5.4	39	841	62	3	250	386850	250	386850	0.005884	0.00377884	0.003	0.017	1547.4	1518.6	6	9422	
0.4	5.4	52	842	33	3	99	148100	99	148100	0.0070303	0.00361814	0.003	0.017	1495.96	1332.99	60	9422	
0.4	5.4	41	844	17	3	30	19687	30	19687	0.0051	0.00326264	0.003	0.01	656.233	491.281	60	1775	
0.4	5.4	20	845	11	3	88	213740	88	213740	0.003	0	0.003	0.003	2428.86	1999.53	45	9422	
0.4	5.4	10	847	16	3	68	180831	68	180831	0.00577941	0.00345048	0.003	0.01	2659.28	2033.17	60	9422	
0.4	5.4	45	848	5	3	86	200831	86	200831	0.003	0	0.003	0.003	2335.24	2695.23	60	9422	
0.4	5.4	41	849	73	3	91	81308	91	81308	0.00438461	0.00299173	0.003	0.017	893.495	561.928	60	3422	
0.4	5.4	37	850	78	3	46	107832	46	107832	0.003	0	0.003	0.003	2344.17	1737.77	60	9422	
0.4	5.4	15	851	2	3	3	180	3	180	0.00766667	0.00404145	0.003	0.01	60	0	60	60	
0.4	5.4	5	852	7	3	137	364042	137	364042	0.00810949	0.00311939	0.003	0.01	2657.24	2203.42	45	9422	
0.4	5.4	47	853	14	3	23	69338	22	65788	0.00777273	0.00333712	0.003	0.01	2990.36	1863.71	60	7690	
0.4	5.4	49	854	6	3	167	584812	167	584812	0.00815569	0.0031869	0.003	0.017	3501.87	2840	45	9422	
0.4	5.4	40	855	1	3	129	465870	129	465870	0.00853488	0.00285878	0.003	0.01	3611.4	2411.93	60	9422	
0.4	5.4	21	857	26	3	180	454031	180	454031	0.00716111	0.00382313	0.003	0.017	2522.39	2390.6	45	9422	
0.4	5.4	42	858	15	3	41	117282	41	117282	0.00590244	0.00349145	0.003	0.01	2860.54	2535.33	60	9422	
0.4	5.4	50	859	18	3	2	120	2	120	0.0065	0.00494975	0.003	0.01	60	0	60	60	
0.4	5.4	52	860	54	3	115	239241	115	239241	0.00506956	0.00320833	0.003	0.01	2080.36	1159.43	60	5914	
0.4	5.4	25	861	24	3	12	43897	12	43897	0.00825	0.00316587	0.003	0.01	3658.08	2961.52	60	9422	
0.4	5.4	55	864	35	3	137	315080	136	312713	0.0061397	0.00349428	0.003	0.01	2299.36	1579.78	60	7099	
0.4	5.4	42	866	8	3	86	143335	86	143335	0.00804651	0.00350431	0.003	0.017	1666.69	1331.53	60	7690	
0.4	5.4	7	868	16	3	110	408337	110	408337	0.00828182	0.00302628	0.003	0.01	3712.15	2262.82	60	9422	
0.4	5.4	2	869	12	3	2	120	2	120	0.01	0	0.01	0.01	60	0	60	60	
0.4	5.4	23	870	19	3	95	219671	95	219671	0.00727368	0.00399319	0.003	0.017	2312.33	2605.62	45	9422	
0.4	5.4	52	871	14	3	2	120	2	120	0.003	0	0.003	0.003	60	0	60	60	
0.4	5.4	27	875	15	3	165	532065	166	535615	0.00569879	0.00341737	0.003	0.01	3226.6	2271.27	45	9422	
0.4	5.4	2	877	21	3	83	174712	83	174712	0.00671084	0.00351488	0.003	0.01	2104.96	1682.7	60	7708	
0.4	5.4	52	878	60	3	319	608034	318	607442	0.0061478	0.00366071	0.003	0.017	1910.19	1887.1	60	9422	
0.4	5.4	32	879	17	3	165	476553	165	476553	0.00775151	0.00336844	0.003	0.017	2888.2	2289.52	60	9422	
0.4	5.4	3	880	1	3	38	106624	38	106624	0.003	0	0.003	0.003	2805.89	2448.61	60	9422	
0.4	5.4	14	881	4	3	7	10767	7	10767	0.008	0.00341565	0.003	0.01	1538.14	1104.43	60	3550	
0.4	5.4	34	882	30	3	1	60	1	60	0.01	0	0.01	0.01	60	0	60	60	
0.4	5.4	29	883	8	3	2	708	2	708	0.003	0	0.003	0.003	354	415.779	60	648	
0.4	5.4	10	884	12	3	55	142130	55	142130	0.00732727	0.00343217	0.003	0.01	2584.18	1970.74	60	9422	
0.4	5.4	2	885	30	3	144	579835	145	582202	0.00468965	0.00300582	0.003	0.01	4015.19	2791.4	45	9422	
0.4	5.4	8	886	8	3	77	194219	77	194219	0.00736364	0.00359791	0.003	0.017	2522.32	1789.7	60	9422	
0.4	5.4	22	887	6	3	97	320200	97	320200	0.00812371	0.00311668	0.003	0.01	3301.03	1781.18	60	9422	
0.4	5.4	49	888	11	3	16	24970	16	24970	0.003	0	0.003	0.003	1560.62	1023.87	60	3550	
0.4	5.4	34	889	4	3	2	120	2	120	0.003	0	0.003	0.003	60	0	60	60	
0.4	5.4	31	890	22	3	37	95978	37	95978	0.003	0	0.003	0.003	2594	1688.25	60	5664	
0.4	5.4	13	891	1	3	110	361760	110	361760	0.00497273	0.00330265	0.003	0.017	3288.73	2759.25	45	9422	
0.4	5.4	39	892	45	3	235	474845	235	474845	0.0044	0.00280598	0.003	0.01	2020.62	1416.83	58	8282	
0.4	5.4	29	893	1	3	108	297999	108	296227	0.00656481	0.00351571	0.003	0.01	2742.84	2306.59	45	9422	
0.4	5.4	2	894	4	3	1	60	1	60	0.003	0	0.003	0.003	60	0	60	60	
0.4	5.4	51	896	2	3	132	406124	132	406124	0.00570454	0.00342139	0.003	0.01	3076.7	2307.72	36	9422	
0.4	5.4	17	898	16	3	10	21420	10	21420	0.0086	0.00295146	0.003	0.01	2142	2238.87	60	7099	
0.4	5.4	34	899	50	3	298	166255	298	166255	0.00499664	0.00326856	0.003	0.017	557.903	462.541	15	3550	
0.4	5.4	2	900	31	3	1	60	1	60	0.01	0	0.01	0.01	60	0	60	60	
0.4	5.4	20	901	5	3	92	254550	92	254550	0.00482609	0.00309061	0.003	0.01	2766.85	2095.55	45	9422	
0.4	5.4	33	902	3	3	42	78827	42	78827	0.003	0	0.003	0.003	1876.83	2106.27	60	9422	
0.4	5.4	41	903	15	3	138	119788	138	119788	0.00614493	0.00448119	0.003	0.017	868.029	770.671	14	4395	
0.4	5.4	31	906	3	3	145	427351	145	427351	0.00729655	0.00397234	0.003	0.017	2947.25	2041.1	60	9422	
0.4	5.4	1	907	6	3	108	416627	108	416627	0.00332407	0.00147774	0.003	0.01	3857.66	2787.91	45	9422	
0.4	5.4	12	908	15	3	2	120	2	120	0.01	0	0.01	0.01	60	0	60	60	
0.4	5.4	26	909	3	3	177	600203	177	600203	0.00742938	0.00377294	0.003	0.017	3390.98	2553.65	45	9422	
0.4	5.4	43	910	17	3	33	75799	33	75799	0.00766667	0.00335099	0.003	0.01	2296.94	1429.34	60	5324	
0.4	5.4	17	911	18	3	8	19640	7	14316	0.007	0.00550757	0.003	0.017	2045.14	1816.4	60	5324	
0.4	5.4	20	913	16	3	241	679910	241	679910	0.00724066	0.00382211	0.003	0.017	2821.2	2106.55	60	9422	
0.4	5.4	20	915	22	3	40	98356	40	98356	0.006325	0.00387885	0.003	0.017	2458.9	2186.41	60	9422	
0.4	5.4	52	916	9	3	1	60	1	60	0.003	0	0.003	0.003	60	0	60	60	
0.4	5.4	35	917	9	3	102	253396	103	257370	0.00836893	0.00313109	0.003	0.017	2498.74	1418.1	60	5861	
0.4	5.4	41	919	70	3	260	304720	260	304720	0.00598846	0.00397724	0.003	0.017	1172	964.176	55	7126	
0.4	5.4	48	923	13	3	40	84155	41	84747	0.00846341	0.0036749	0.003	0.017	2067	1707.24	60	7099	
0.4	5.4	41	924	27	3	93	138633	93	138633	0.003	0	0.003	0.003	1490.68	1445.49	60	9422	
0.4	5.4	55	925	48	3	103	114407	103	114407	0.00619417	0.00424739	0.003	0.017	1110.75	917.81	50	4107	
0.4	5.4	33	926	7	3	110	211044	110	211044	0.00739091	0.00389329	0.003	0.017	1918.58	1650.85	60	8079	
0.4	5.4	29	927	6	3	95	206198	94	205858	0.00761702	0.00363704	0.003	0.017	2189.98	1888.96	60	9422	
0.4	5.4	39	928	25	3	50	87718	50	87718	0.003	0	0.003	0.003	1754.36	1838.74	60	9422	
0.4	5.4	31	929	7	3	94	217290	94	217290	0.00843617	0.00310587	0.003	0.017	2311.6	1978.23	60	9422	
0.4	5.4	37	931	79	3	255	351218	255	351218	0.00665098	0.00371734	0.003	0.017	1377.33	1433.21	15	9422	
0.4	5.4	44	933	4	3	119	378198	120	378571	0.0058	0.00344366	0.003	0.01	3154.76	2699.85	45	9422	
0.4	5.4	41	934	51	3	159	163610	159	163610	0.00665409	0.00422917	0.003	0.017	1028.99	965.001	60	4395	
0.4	5.4	35	935	16	3	2	708	2	708	0.01	0	0.01	0.01	354	415.779	60	648	
0.4	5.4	19	936	3	3	159	406049	159	406049	0.00828302	0.00331497	0.003	0.017	2553.77	2244.98	45	9422	
0.4	5.4	54	937	7	3	98	202049	98	202049	0.00742857	0.00367774	0.003	0.017	2061.72	1859.73	60	9213	
0.4	5.4	9	938	11	3	19	63422	19	63422	0.00889474	0.00262244	0.003	0.01	3338	2487.16	60	9422	
0.4	5.4	48	939	18	3	113	345205	113	345205	0.003	0	0.003	0.003	3054.91	2537.95	45	9422	
0.4	5.4	52	940	49	3	62	80157	62	80157	0.00582258	0.0038984	0.003	0.017	1292.85	1291.59	60	9422	
0.4	5.4	12	941	7	3	100	336196	100	336196	0.00839	0.00296067	0.003	0.01	3361.96	2101.6	60	9422	
0.4	5.4	42	942	2	3	135	263360	133	260992	0.00778947	0.00369285	0.003	0.017	1962.35	1641.25	166	9422	
0.4	5.4	35	943	6	3	202	678848	202	678848	0.00750495	0.00357193	0.003	0.017	3360.63	2431.77	12	9422	
0.4	5.4	1	944	3	3	6	360	6	360	0.00766667	0.00361478	0.003	0.01	60	0	60	60	
0.4	5.4	24	947	5	3	145	530952	145	530952	0.00353103	0.00185987	0.003	0.01	3661.74	2484.49	45	9422	
0.4	5.4	38	950	26	3	36	58127	36	58127	0.0065	0.00392428	0.003	0.017	1614.64	1105.39	60	4904	
0.4	5.4	31	952	9	3	136	399524	136	399524	0.00763235	0.00353566	0.003	0.017	2937.68	2282.46	36	9422	
0.4	5.4	37	953	54	3	265	436737	265	436737	0.00513962	0.00323091	0.003	0.01	1648.06	1347.64	37	9422	
0.4	5.4	55	954	28	3	113	326172	113	326172	0.00535398	0.00332179	0.003	0.01	2886.48	2045.02	45	9422	
0.4	5.4	35	955	8	3	199	735700	199	735700	0.003	0	0.003	0.003	3696.98	2793.93	45	9422	
0.4	5.4	37	956	55	3	159	221693	160	222183	0.00615	0.00349339	0.003	0.01	1388.64	937.133	60	5861	
0.4	5.4	51	958	12	3	47	142113	47	142113	0.00895745	0.00251912	0.003	0.01	3023.68	2246.28	60	8873	
0.4	5.4	9	959	6	3	79	371659	79	371659	0.003	0	0.003	0.003	4704.54	3065.38	45	9422	
0.4	5.4	39	960	69	3	91	73029	91	73029	0.00561538	0.00485517	0.003	0.024	802.516	1312.7	13	8873	
0.4	5.4	23	963	2	3	79	187107	79	187107	0.00751899	0.00336978	0.003	0.01	2368.44	2029.14	45	9422	
0.4	5.4	41	964	66	3	305	262754	305	262754	0.0057541	0.00426374	0.003	0.017	861.489	890.799	13	8481	
0.4	5.4	3	965	13	3	3	180	3	180	0.01	0	0.01	0.01	60	0	60	60	
0.4	5.4	30	967	7	3	56	114329	56	114329	0.00875	0.00329876	0.003	0.017	2041.59	1954.65	28	9422	
0.4	5.4	3	968	32	3	92	155767	92	155767	0.00353261	0.00186613	0.003	0.01	1693.12	1557.28	60	9422	
0.4	5.4	46	969	12	3	50	199494	50	199494	0.00636	0.0035327	0.003	0.01	3989.88	2905.73	45	9422	
0.4	5.4	50	970	12	3	12	41533	12	41533	0.00825	0.00316587	0.003	0.01	3461.08	3491.29	60	9422	
0.4	5.4	41	972	46	3	2	120	2	120	0.0065	0.00494975	0.003	0.01	60	0	60	60	
0.4	5.4	24	973	4	3	1	60	1	60	0.01	0	0.01	0.01	60	0	60	60	
0.4	5.4	8	975	16	3	108	352394	108	352394	0.00416667	0.00262091	0.003	0.01	3262.91	2512.49	60	9422	
0.4	5.4	3	976	23	3	226	459589	226	459589	0.00612832	0.00384435	0.003	0.024	2033.58	1803.18	60	9422	
0.4	5.4	25	977	13	3	2	120	2	120	0.0135	0.00494975	0.01	0.017	60	0	60	60	
0.4	5.4	37	978	96	3	229	194446	229	194446	0.00529258	0.00354383	0.003	0.017	849.109	581.851	24	3822	
0.4	5.4	53	979	6	3	136	611853	136	611853	0.003	0	0.003	0.003	4498.92	2663.88	45	9422	
0.4	5.4	25	980	27	3	108	442908	108	442908	0.0034537	0.00173143	0.003	0.01	4101	2598.96	45	9422	
0.4	5.4	18	982	19	3	190	324050	191	326417	0.00721466	0.00418028	0.003	0.024	1708.99	1619.37	13	9422	
0.4	5.4	37	983	62	3	69	122644	69	122644	0.00624638	0.00390477	0.003	0.017	1777.45	1573.49	32	7935	
0.4	5.4	37	985	12	3	3	180	3	180	0.00533333	0.00404145	0.003	0.01	60	0	60	60	
0.4	5.4	55	986	5	3	117	116296	117	116296	0.00694872	0.00414988	0.003	0.017	993.983	937.005	60	4904	
0.4	5.4	3	987	14	3	132	378478	132	378478	0.003	0	0.003	0.003	2867.26	2178.73	45	9422	
0.4	5.4	3	988	12	3	28	59290	28	59290	0.00825	0.00308671	0.003	0.01	2117.5	1647.51	60	7099	
0.4	5.4	55	989	14	3	1	60	1	60	0.01	0	0.01	0.01	60	0	60	60	
0.4	5.4	34	990	55	3	5	2600	5	2600	0.0058	0.00383406	0.003	0.01	520	473.515	60	1184	
0.4	5.4	23	992	18	3	68	229085	68	229085	0.00536765	0.00333639	0.003	0.01	3368.9	2151.9	60	9422	
0.4	5.4	4	993	15	3	31	52900	31	52900	0.00616129	0.00354116	0.003	0.01	1706.45	914.359	60	2961	
0.4	5.4	25	995	31	3	78	210184	78	210184	0.00614102	0.00350408	0.003	0.01	2694.67	2088.54	45	9422	
0.4	5.4	21	996	18	3	4	240	4	240	0.00825	0.0035	0.003	0.01	60	0	60	60	
0.4	5.4	34	998	8	3	407	338543	407	338543	0.00502948	0.00318	0.003	0.01	831.801	1002.81	30	9422	
0.4	5.4	32	1000	19	3	2	120	2	120	0.0065	0.00494975	0.003	0.01	60	0	60	60	
0.4	5.4	41	1001	30	3	2	120	2	120	0.0065	0.00494975	0.003	0.01	60	0	60	60	
0.4	5.4	23	1004	3	3	111	362347	110	360572	0.00726364	0.00355991	0.003	0.017	3277.93	1768.88	60	9422	
0.4	5.4	54	1005	9	3	168	504372	168	504372	0.006375	0.00350822	0.003	0.01	3002.21	2052.36	60	9422	
0.4	5.4	34	1007	26	3	1	60	1	60	0.003	0	0.003	0.003	60	0	60	60	
0.4	5.4	19	1008	16	3	107	264733	107	264141	0.0074486	0.00338485	0.003	0.01	2468.61	2029.27	60	9422	
0.4	5.4	8	1010	18	3	84	223367	84	223367	0.00775	0.00328881	0.003	0.01	2659.13	2303.4	45	9422	
0.4	5.4	57	1011	3	3	184	561203	184	561203	0.00661413	0.00350768	0.003	0.01	3050.02	2520.98	36	9422	
0.4	5.4	12	1012	5	3	123	285956	123	285956	0.00806504	0.00338933	0.003	0.017	2324.85	1706.91	60	8873	
0.4	5.4	11	1013	13	3	165	437706	165	437706	0.00809091	0.00331261	0.003	0.017	2652.76	2322.64	45	9422	
0.4	5.4	47	1015	18	3	122	338592	122	338592	0.00598361	0.00347597	0.003	0.01	2775.34	2001.21	36	9422	
0.4	5.4	56	1016	13	3	42	108997	42	108997	0.00733333	0.00344055	0.003	0.01	2595.17	1998.11	60	8873	
0.4	5.4	16	1017	22	3	58	162943	58	162943	0.00505172	0.0034713	0.003	0.017	2809.36	1828.24	60	8873	
0.4	5.4	54	1019	8	3	96	155793	97	158751	0.0073299	0.00341785	0.003	0.01	1636.61	1256.65	60	4733	
0.4	5.4	20	1020	6	3	181	524411	181	524411	0.00698342	0.00362932	0.003	0.017	2897.3	2226.74	45	9422	
0.4	5.4	26	1021	10	3	78	132708	78	132708	0.00667949	0.00386289	0.003	0.017	1701.38	1194.37	60	5324	
0.4	5.4	37	1022	7	3	183	256478	183	256478	0.00525683	0.00328075	0.003	0.01	1401.52	780.423	60	4904	
0.4	5.4	52	1023	40	3	178	293834	178	293834	0.0055955	0.00339065	0.003	0.01	1650.75	1018.86	60	4736	
0.4	5.4	20	1025	19	3	82	257523	82	257523	0.00581707	0.00345385	0.003	0.01	3140.52	2291.7	60	9422	
0.4	5.4	55	1026	47	3	85	177796	85	177796	0.00547059	0.00336505	0.003	0.01	2091.72	1961.98	32	8282	
0.4	5.4	5	1027	19	3	1	60	1	60	0.01	0	0.01	0.01	60	0	60	60	
0.4	5.4	27	1028	21	3	60	113755	60	113755	0.00626667	0.00352168	0.003	0.01	1895.92	1961.04	60	9422	
0.4	5.4	20	1029	24	3	43	88299	43	88299	0.00446512	0.00288138	0.003	0.01	2053.47	1546.86	60	7099	
0.4	5.4	45	1031	3	3	129	507858	129	507858	0.00403101	0.00249041	0.003	0.01	3936.88	2500.25	45	9422	
0.4	5.4	7	1032	14	3	105	318425	105	318425	0.0072	0.00344573	0.003	0.01	3032.62	2190.39	45	9422	
0.4	5.4	18	1033	6	3	212	440596	212	440596	0.00679717	0.00421815	0.003	0.017	2078.28	1914.53	28	9422	
0.4	5.4	55	1036	34	3	262	416640	260	408415	0.00609615	0.00348333	0.003	0.01	1570.83	1385.4	26	9422	
0.4	5.4	39	1037	29	3	191	288878	191	288878	0.00563874	0.00376135	0.003	0.017	1512.45	1618.34	77	7887	
0.4	5.4	39	1038	20	3	4	240	4	240	0.00475	0.0035	0.003	0.01	60	0	60	60	
0.4	5.4	31	1040	28	3	77	161218	77	161218	0.00709091	0.00365334	0.003	0.017	2093.74	1961	60	9422	
0.4	5.4	55	1041	40	3	80	223258	80	223258	0.00545	0.00335985	0.003	0.01	2790.73	2192.18	45	9422	
0.4	5.4	33	1043	21	3	189	700183	189	700831	0.005	0.00317068	0.003	0.01	3708.1	2750.69	23	9422	
0.4	5.4	23	1045	9	3	61	139179	61	139179	0.003	0	0.003	0.003	2281.62	1641.03	60	9422	
0.4	5.4	52	1046	10	3	1	60	1	60	0.003	0	0.003	0.003	60	0	60	60	
0.4	5.4	3	1047	6	3	189	265340	189	265340	0.00707407	0.00408354	0.003	0.017	1403.92	914.297	28	4733	
0.4	5.4	34	1049	70	3	325	205902	322	204340	0.00695652	0.00534463	0.003	0.024	634.596	757.416	13	5324	
0.4	5.4	8	1050	4	3	27	68162	27	68162	0.003	0	0.003	0.003	2524.52	2134.2	60	8873	
0.4	5.4	34	1051	58	3	291	156988	291	156988	0.00523711	0.00375116	0.003	0.017	539.478	587.817	4	4395	
0.4	5.4	31	1053	6	3	3	180	3	180	0.00766667	0.00404145	0.003	0.01	60	0	60	60	
0.4	5.4	41	1054	10	3	31	25003	31	25003	0.00503226	0.00370121	0.003	0.017	806.548	642.232	60	2958	
0.4	5.4	39	1060	5	3	2	120	2	120	0.003	0	0.003	0.003	60	0	60	60	
0.4	5.4	46	1064	3	3	53	120945	53	120945	0.00867924	0.00308703	0.003	0.017	2281.98	2203.52	60	9422	
0.4	5.4	43	1066	2	3	2	120	2	120	0.0065	0.00494975	0.003	0.01	60	0	60	60	
0.4	5.4	3	1068	5	3	107	113222	107	113222	0.00607477	0.00431911	0.003	0.017	1058.15	1111.22	60	7098	
0.4	5.4	39	1071	36	3	75	78429	75	78429	0.00514667	0.00344726	0.003	0.017	1045.72	1308.04	60	9422	
0.4	5.4	42	1072	10	3	2	120	2	120	0.01	0	0.01	0.01	60	0	60	60	
0.4	5.4	46	1074	15	3	72	173490	72	173490	0.00834722	0.0029937	0.003	0.01	2409.58	1547.5	60	5916	
0.4	5.4	27	1077	18	3	1	60	1	60	0.01	0	0.01	0.01	60	0	60	60	
0.4	5.4	52	1078	58	3	133	195463	133	195463	0.00473684	0.00303488	0.003	0.01	1469.65	946.423	60	5324	
0.4	5.4	4	1079	2	3	34	109577	34	109577	0.00629412	0.00354648	0.003	0.01	3222.85	2579.36	60	9422	
0.4	5.4	26	1081	8	3	98	413078	98	413078	0.00328571	0.00139217	0.003	0.01	4215.08	2537.79	60	9422	
0.4	5.4	50	1082	20	3	47	132788	47	132788	0.00791489	0.00410636	0.003	0.017	2825.28	2392.63	60	8873	
0.4	5.4	25	1083	7	3	9	14319	9	14319	0.00844444	0.00308671	0.003	0.01	1591	1216.09	60	4395	
0.4	5.4	32	1086	7	3	190	661843	190	661843	0.00749474	0.00336453	0.003	0.01	3483.38	2665.08	45	9422	
0.4	5.4	44	1087	8	3	2	120	2	120	0.0065	0.00494975	0.003	0.01	60	0	60	60	
0.4	5.4	25	1088	2	3	131	313872	131	313872	0.0071145	0.00345886	0.003	0.01	2395.97	1762.98	60	9422	
0.4	5.4	2	1089	6	3	115	267717	115	267717	0.00689565	0.00349278	0.003	0.01	2327.97	1733.49	36	9422	
0.4	5.4	5	1090	3	3	2	120	2	120	0.0065	0.00494975	0.003	0.01	60	0	60	60	
0.4	5.4	42	1091	14	3	65	153980	65	153980	0.00795385	0.00320854	0.003	0.01	2368.92	1883.02	60	7099	
0.4	5.4	16	1093	19	3	212	614527	212	614527	0.00795283	0.00340304	0.003	0.017	2898.71	2548.52	45	9422	
0.4	5.4	5	1094	15	3	19	25568	19	25568	0.0048421	0.0031669	0.003	0.01	1345.68	1014.22	60	3182	
0.4	5.4	11	1098	5	3	50	130292	50	130292	0.00692	0.00350999	0.003	0.01	2605.84	2108.82	60	9422	
0.4	5.4	17	1099	25	3	82	248821	82	248821	0.003	0	0.003	0.003	3034.4	2059.34	60	9422	
0.4	5.4	34	1100	16	3	64	99571	65	101346	0.00644615	0.00393713	0.003	0.017	1559.17	1309.05	45	7214	
0.4	5.4	31	1103	14	3	57	174075	57	174075	0.00361403	0.00199781	0.003	0.01	3053.95	2177.15	60	9422	
0.4	5.4	50	1105	2	3	3	180	3	180	0.01	0	0.01	0.01	60	0	60	60	
0.4	5.4	22	1110	12	3	106	344325	106	344325	0.003	0	0.003	0.003	3248.35	2240.11	60	9422	
0.4	5.4	23	1111	6	3	157	492530	156	488980	0.003	0	0.003	0.003	3134.49	2069.73	45	9422	
0.4	5.4	57	1113	15	3	159	469348	160	469940	0.00566875	0.00367162	0.003	0.017	2937.13	2204.44	45	9422	
0.4	5.4	39	1114	37	3	16	15510	16	15510	0.005625	0.0035	0.003	0.01	969.375	662.332	60	1775	
0.4	5.4	34	1116	42	3	408	424198	408	424198	0.00536765	0.00379022	0.003	0.017	1039.7	1417.5	24	9422	
0.4	5.4	15	1117	13	3	7	8992	7	8992	0.008	0.00341565	0.003	0.01	1284.57	692.459	60	1775	
0.4	5.4	34	1118	46	3	215	165516	215	165516	0.00544186	0.003344	0.003	0.01	769.842	691.52	60	4395	
0.4	5.4	15	1119	16	3	20	45683	20	45683	0.0072	0.00351837	0.003	0.01	2284.15	2435.13	60	9422	
0.4	5.4	55	1120	10	3	2	120	2	120	0.003	0	0.003	0.003	60	0	60	60	
0.4	5.4	12	1121	14	3	114	315104	114	315104	0.0065	0.00351545	0.003	0.01	2764.07	2297.36	45	9422	
0.4	5.4	41	1124	67	3	334	254452	334	254452	0.00580838	0.00430996	0.003	0.017	761.832	658.592	40	4392	
0.4	5.4	52	1125	38	3	82	78915	82	78915	0.0062439	0.00469189	0.003	0.024	962.378	823.344	13	4395	
0.4	5.4	10	1126	18	3	97	322698	97	322698	0.00646392	0.00351799	0.003	0.01	3326.78	2902.6	45	9422	
0.4	5.4	49	1128	10	3	85	229354	85	229354	0.0073647	0.00341163	0.003	0.01	2698.28	2614.83	36	9422	
0.4	5.4	27	1129	1	3	6	5444	6	5444	0.003	0	0.003	0.003	907.333	655.257	60	1775	
0.4	5.4	2	1131	15	3	39	57062	39	57062	0.00748718	0.00340179	0.003	0.01	1463.13	946.587	58	4395	
0.4	5.4	39	1134	31	3	175	209854	175	209854	0.00608	0.00401068	0.003	0.017	1199.17	1096.06	40	9422	
0.4	5.4	14	1136	13	3	56	131483	55	130299	0.00872727	0.00272475	0.003	0.01	2369.07	2260.41	60	9422	
0.4	5.4	5	1137	6	3	56	114925	56	114925	0.008	0.00345885	0.003	0.017	2052.23	1191.08	60	5324	
0.4	5.4	19	1138	14	3	122	560393	123	563351	0.00795122	0.00344001	0.003	0.017	4580.09	2654.82	45	9422	
0.4	5.4	52	1140	29	3	3	180	3	180	0.00766667	0.00404145	0.003	0.01	60	0	60	60	
0.4	5.4	41	1141	65	3	154	213297	154	213297	0.00509091	0.00321427	0.003	0.01	1385.05	1202.99	15	7708	
0.4	5.4	30	1142	4	3	50	106155	50	106155	0.00944	0.00277128	0.003	0.017	2123.1	2145.43	60	9422	
0.4	5.4	14	1145	14	3	57	100249	57	100249	0.00754386	0.00337041	0.003	0.01	1758.75	1486.17	60	5861	
0.4	5.4	11	1147	12	3	37	100703	37	100703	0.0082973	0.00304471	0.003	0.01	2721.7	2288.54	60	9422	
0.4	5.4	29	1148	10	3	94	249944	95	253494	0.00852631	0.00321182	0.003	0.017	2668.36	1930.62	60	9422	
0.4	5.4	21	1151	15	3	13	12552	13	12552	0.00515385	0.00336269	0.003	0.01	965.538	614.796	60	1775	
0.4	5.4	55	1152	54	3	124	182591	124	182591	0.00723387	0.00470791	0.003	0.017	1472.51	1340.53	50	9422	
0.4	5.4	20	1154	18	3	200	558369	200	558369	0.006535	0.00384352	0.003	0.017	2791.84	2387.03	45	9422	
0.4	5.4	44	1156	12	3	135	369591	135	369591	0.00891111	0.00294595	0.003	0.017	2737.71	2136.43	60	9422	
0.4	5.4	21	1157	12	3	153	324548	153	324548	0.00606536	0.00348431	0.003	0.01	2121.23	1758.67	60	9422	
0.4	5.4	3	1158	22	3	71	142858	71	142858	0.0053662	0.00333484	0.003	0.01	2012.08	1361.6	60	5916	
0.4	5.4	23	1159	16	3	93	368131	91	363396	0.00753846	0.00336091	0.003	0.01	3993.36	2725.77	36	9422	
0.4	5.4	34	1160	12	3	206	175045	206	175045	0.00500485	0.00317228	0.003	0.01	849.733	986.354	12	7099	
0.4	5.4	41	1161	48	3	166	103853	166	103853	0.00527711	0.00363256	0.003	0.017	625.62	619.353	49	4620	
0.4	5.4	57	1162	9	3	73	175386	73	175386	0.00654794	0.00352389	0.003	0.01	2402.55	1688.49	60	7099	
0.4	5.4	2	1165	3	3	80	182976	80	182976	0.0055375	0.00338629	0.003	0.01	2287.2	1691.47	60	9422	
0.4	5.4	13	1168	18	3	88	117288	88	117288	0.00761364	0.00333712	0.003	0.01	1332.82	1650.42	60	9422	
0.4	5.4	24	1169	12	3	2	120	2	120	0.0065	0.00494975	0.003	0.01	60	0	60	60	
0.4	5.4	54	1171	21	3	93	213855	93	213855	0.00563441	0.00340966	0.003	0.01	2299.52	1479.02	60	8282	
0.4	5.4	54	1172	2	3	2	120	2	120	0.003	0	0.003	0.003	60	0	60	60	
0.4	5.4	41	1173	56	3	279	460231	279	460231	0.004681	0.00322234	0.003	0.017	1649.57	1496.24	60	9422	
0.4	5.4	37	1174	13	3	1	60	1	60	0.003	0	0.003	0.003	60	0	60	60	
0.4	5.4	55	1176	41	3	1	60	1	60	0.003	0	0.003	0.003	60	0	60	60	
0.4	5.4	9	1178	14	3	9	14911	9	14911	0.003	0	0.003	0.003	1656.78	1438.75	60	4395	
0.4	5.4	19	1179	5	3	2	116	2	116	0.003	0	0.003	0.003	58	2.82843	56	60	
0.4	5.4	40	1181	2	3	44	129101	44	129101	0.003	0	0.003	0.003	2934.11	1534.07	60	6507	
0.4	5.4	18	1182	10	3	73	171845	73	171845	0.00731507	0.00342733	0.003	0.01	2354.04	1669.12	60	7690	
0.4	5.4	39	1185	74	3	46	35848	46	35848	0.00558696	0.00426654	0.003	0.017	779.304	662.605	42	2958	
0.4	5.4	52	1187	43	3	111	170638	111	170638	0.00627928	0.00450892	0.003	0.017	1537.28	1045.91	60	4395	
0.4	5.4	20	1190	12	3	67	242095	67	242095	0.00676119	0.00351658	0.003	0.01	3613.36	2350.08	60	8873	
0.4	5.4	41	1193	29	3	36	26777	36	26777	0.00572222	0.00346089	0.003	0.01	743.806	557.957	28	1775	
0.4	5.4	7	1194	4	3	64	261733	64	261733	0.00595312	0.00348434	0.003	0.01	4089.58	2246.6	45	9422	
0.4	5.4	34	1195	15	3	234	213020	234	213020	0.00572222	0.0034198	0.003	0.01	910.342	719.955	52	4395	
0.4	5.4	49	1196	17	3	158	543866	158	543866	0.00574683	0.00342887	0.003	0.01	3442.19	2101.76	57	9422	
0.4	5.4	34	1197	33	3	67	58796	67	58796	0.00571642	0.00471235	0.003	0.017	877.552	976.23	60	6088	
0.4	5.4	42	1198	1	3	82	120275	82	120275	0.00778049	0.00394726	0.003	0.017	1466.77	1479.4	22	7099	
0.4	5.4	29	1200	13	3	142	369008	142	369008	0.00551408	0.00347174	0.003	0.017	2598.65	2358.05	45	9422	
0.4	5.4	20	1201	10	3	44	64258	44	64258	0.003	0	0.003	0.003	1460.41	1930.53	60	8873	
0.4	5.4	51	1204	10	3	73	233251	73	233251	0.00405479	0.00252152	0.003	0.01	3195.22	2424.23	60	9422	
0.4	5.4	3	1205	35	3	165	412072	165	412072	0.00465454	0.00298299	0.003	0.01	2497.41	1825.42	60	9422	
0.4	5.4	16	1206	3	3	178	515709	178	515709	0.003	0	0.003	0.003	2897.24	2856.88	60	9422	
0.4	5.4	25	1207	20	3	64	151010	65	154560	0.00773846	0.00373445	0.003	0.017	2377.85	1778.06	60	7690	
0.4	5.4	26	1208	9	3	22	54555	22	54555	0.003	0	0.003	0.003	2479.77	2059.08	60	8282	
0.4	5.4	6	1209	9	3	49	112670	49	112670	0.00857143	0.00318852	0.003	0.017	2299.39	2152.07	60	9422	
0.4	5.4	52	1211	28	3	105	139441	105	139441	0.00533333	0.0037176	0.003	0.017	1328.01	1068.75	10	6507	
0.4	5.4	10	1212	8	3	95	241063	94	238696	0.00717021	0.00345365	0.003	0.01	2539.32	1579.18	60	7690	
0.4	5.4	32	1215	9	3	31	69349	31	69349	0.0066129	0.003556	0.003	0.01	2237.06	1430.89	36	4904	
0.4	5.4	53	1216	12	3	1	60	1	60	0.01	0	0.01	0.01	60	0	60	60	
0.4	5.4	23	1217	17	3	144	511580	143	507185	0.00618182	0.00349776	0.003	0.01	3546.75	2394.36	36	9422	
0.4	5.4	43	1218	12	3	76	217871	76	217871	0.00530263	0.00331067	0.003	0.01	2866.72	2121.64	28	9422	
0.4	5.4	19	1220	6	3	55	155843	55	155843	0.00834545	0.00300135	0.003	0.01	2833.51	1826.63	60	8282	
0.4	5.4	27	1221	14	3	111	303633	113	304033	0.00597345	0.00371882	0.003	0.017	2690.56	2597.05	45	9422	
0.4	5.4	41	1222	41	3	241	168492	242	169084	0.00540083	0.00378692	0.003	0.017	698.694	551.642	12	3112	
0.4	5.4	54	1223	6	3	5	4851	5	4851	0.01	0	0.01	0.01	970.2	646.413	60	1775	
0.4	5.4	57	1226	18	3	38	110878	38	110878	0.00723684	0.00346749	0.003	0.01	2917.84	2642.09	45	9422	
0.4	5.4	41	1227	72	3	95	125662	95	125662	0.00506316	0.0032084	0.003	0.01	1322.76	972.674	28	6378	
0.4	5.4	34	1228	69	3	23	19668	21	17146	0.00533333	0.00460796	0.003	0.017	816.476	424.487	60	1775	
0.4	5.4	51	1230	9	3	49	113143	49	113143	0.00885714	0.00261406	0.003	0.01	2309.04	1999.92	60	9422	
0.4	5.4	33	1233	6	3	122	234049	122	234049	0.00512295	0.00323099	0.003	0.01	1918.43	1394.19	60	8282	
0.4	5.4	5	1235	12	3	62	181883	61	172461	0.00403279	0.00250311	0.003	0.01	2827.23	1961.29	60	9422	
0.4	5.4	42	1237	9	3	46	129715	46	129715	0.00315217	0.00103209	0.003	0.01	2819.89	2706.38	60	9422	
0.4	5.4	33	1239	10	3	165	630355	165	630355	0.00427273	0.00270808	0.003	0.01	3820.33	2903.92	45	9422	
0.4	5.4	13	1240	14	3	113	336911	113	336911	0.00702655	0.00347558	0.003	0.01	2981.51	2250.44	60	9422	
0.4	5.4	13	1241	19	3	154	594257	154	594257	0.003	0	0.003	0.003	3858.81	2504.47	45	9422	
0.4	5.4	57	1242	1	3	129	442678	129	442678	0.00739535	0.00339673	0.003	0.01	3431.61	2185.3	45	9422	
0.4	5.4	22	1243	10	3	120	437949	120	437949	0.00585833	0.0034551	0.003	0.01	3649.58	2541.95	36	9422	
0.4	5.4	27	1244	25	3	177	568273	177	568273	0.00474011	0.00303394	0.003	0.01	3210.58	1818.97	60	9422	
0.4	5.4	3	1246	9	3	24	28530	24	28530	0.00504167	0.00325014	0.003	0.01	1188.75	773.947	60	2958	
0.4	5.4	50	1247	5	3	44	92446	44	92446	0.00809091	0.00315357	0.003	0.01	2101.05	1544.08	13	5664	
0.4	5.4	56	1248	2	3	77	250522	77	250522	0.00518182	0.00326354	0.003	0.01	3253.53	2508.17	60	9422	
0.4	5.4	32	1249	16	3	80	330951	80	330951	0.003	0	0.003	0.003	4136.89	2454.63	60	9422	
0.4	5.4	55	1251	25	3	201	277883	199	276907	0.00623618	0.00349885	0.003	0.01	1391.49	1358.66	60	9422	
0.4	5.4	5	1252	2	3	177	660066	178	660658	0.00701123	0.00355106	0.003	0.017	3711.56	2699.1	26	9422	
0.4	5.4	2	1257	13	3	78	155878	78	155878	0.00703846	0.00348072	0.003	0.01	1998.44	1465.79	60	7690	
0.4	5.4	37	1258	80	3	166	253484	166	253484	0.00523494	0.00327325	0.003	0.01	1527.01	1262.01	13	9422	
0.4	5.4	34	1259	74	3	405	384972	405	384972	0.00514321	0.00361983	0.003	0.017	950.548	1188.46	16	9422	
0.4	5.4	47	1260	17	3	212	573061	212	573061	0.00706132	0.00402139	0.003	0.024	2703.12	2271.36	13	9422	
0.4	5.4	48	1263	17	3	190	602025	190	602025	0.00653684	0.00350905	0.003	0.01	3168.55	2258.33	45	9422	
0.4	5.4	23	1264	4	3	145	467764	145	467764	0.00396552	0.00242216	0.003	0.01	3225.96	2499.84	45	9422	
0.4	5.4	20	1265	20	3	50	140944	50	140944	0.003	0	0.003	0.003	2818.88	1838.79	60	7099	
0.4	5.4	2	1266	32	3	156	440592	156	440592	0.003	0	0.003	0.003	2824.31	2448.55	45	9422	
0.4	5.4	16	1267	8	3	112	413099	112	413099	0.00625	0.00350675	0.003	0.01	3688.38	2281.9	60	8873	
0.4	5.4	18	1268	7	3	107	321420	107	321420	0.00385047	0.00229768	0.003	0.01	3003.93	2242.4	60	9422	
0.4	5.4	48	1269	16	3	14	17871	14	17871	0.007	0.00359487	0.003	0.01	1276.5	674.665	60	2367	
0.4	5.4	4	1271	5	3	105	243347	105	243347	0.00833333	0.00382468	0.003	0.017	2317.59	1571.69	60	5916	
0.4	5.4	18	1273	14	3	126	229201	126	229201	0.00622222	0.00371998	0.003	0.017	1819.06	1557.8	42	9422	
0.4	5.4	27	1274	29	3	7	8995	7	8995	0.006	0.00374166	0.003	0.01	1285	1136.09	60	3550	
0.4	5.4	39	1275	24	3	16	17290	16	17290	0.0043125	0.00282179	0.003	0.01	1080.63	738.092	60	2961	
0.4	5.4	11	1276	7	3	6	8992	6	8992	0.01	0	0.01	0.01	1498.67	1204.42	60	3550	
0.4	5.4	37	1278	32	3	2	120	2	120	0.003	0	0.003	0.003	60	0	60	60	
0.4	5.4	25	1279	23	3	48	90676	48	90676	0.0078125	0.00386284	0.003	0.017	1889.08	1760.64	60	8873	
0.4	5.4	34	1280	49	3	208	194580	208	194580	0.0051875	0.0033244	0.003	0.017	935.481	853.658	7	5324	
0.4	5.4	49	1281	20	3	1	60	1	60	0.01	0	0.01	0.01	60	0	60	60	
0.4	5.4	38	1282	5	3	124	425417	124	425417	0.00475	0.00304339	0.003	0.01	3430.78	2463.21	45	9422	
0.4	5.4	37	1283	52	3	119	120342	119	120342	0.00594118	0.00346971	0.003	0.01	1011.28	564.968	24	3550	
0.4	5.4	39	1284	9	3	255	406856	256	408040	0.0060625	0.00394521	0.003	0.017	1593.91	1422.37	60	9422	
0.4	5.4	36	1285	12	3	125	580612	125	580612	0.00636	0.00351127	0.003	0.01	4644.9	3042.1	45	9422	
0.4	5.4	17	1287	12	3	101	279415	101	279415	0.00625742	0.003509	0.003	0.01	2766.49	1708.94	60	7690	
0.4	5.4	28	1288	12	3	7	7810	7	7810	0.003	0	0.003	0.003	1115.71	607.809	60	1775	
0.4	5.4	35	1290	3	3	184	595595	185	597962	0.00863784	0.00313876	0.003	0.017	3232.23	2635.67	45	9422	
0.4	5.4	5	1291	8	3	234	791200	234	791200	0.00829487	0.00314776	0.003	0.017	3381.2	2968.45	36	9422	
0.4	5.4	44	1292	2	3	65	124989	65	124989	0.00752308	0.00337318	0.003	0.01	1922.91	1705.99	60	9422	
0.4	5.4	15	1293	4	3	106	267579	106	267579	0.00815094	0.00310082	0.003	0.01	2524.33	1892.19	60	8873	
0.4	5.4	40	1294	10	3	2	120	2	120	0.0065	0.00494975	0.003	0.01	60	0	60	60	
0.4	5.4	13	1295	6	3	76	253351	76	253351	0.00778947	0.00327543	0.003	0.01	3333.57	2294.55	60	9422	
0.4	5.4	8	1296	2	3	1	60	1	60	0.01	0	0.01	0.01	60	0	60	60	
0.4	5.4	15	1297	9	3	121	146646	121	146646	0.00647107	0.00495996	0.003	0.024	1211.95	1294.13	26	8282	
0.4	5.4	37	1299	27	3	62	59937	62	59937	0.00548387	0.00360665	0.003	0.017	966.726	633.39	60	3550	
0.4	5.4	53	1300	2	3	113	466323	113	466323	0.00578761	0.003442	0.003	0.01	4126.75	2478.99	45	9422	
0.4	5.4	15	1303	19	3	126	220895	126	220895	0.00716667	0.00387763	0.003	0.017	1753.13	1647.28	60	9422	
0.4	5.4	57	1304	19	3	159	465986	159	467344	0.00696226	0.0035683	0.003	0.017	2939.27	2145.37	36	9422	
0.4	5.4	4	1305	6	3	98	283189	95	274905	0.00653684	0.00351837	0.003	0.01	2893.74	2244.12	60	9422	
0.4	5.4	29	1307	11	3	107	299058	107	299058	0.00561682	0.00340268	0.003	0.01	2794.93	2186.47	60	9422	
0.4	5.4	43	1308	10	3	54	181288	54	181288	0.003	0	0.003	0.003	3357.19	2767.12	60	9422	
0.4	5.4	49	1310	2	3	101	279402	101	279402	0.00431683	0.00274929	0.003	0.01	2766.36	2506.97	60	9422	
0.4	5.4	13	1311	5	3	24	41542	24	41542	0.0065	0.00357528	0.003	0.01	1730.92	1347.75	60	4395	
0.4	5.4	24	1314	9	3	93	276550	93	276550	0.0075914	0.00334351	0.003	0.01	2973.66	1974.9	57	9422	
0.4	5.4	39	1315	13	3	296	449049	296	449049	0.00586149	0.00385646	0.003	0.017	1517.06	1303.37	19	9422	
0.4	5.4	7	1316	9	3	3	180	3	180	0.01	0.007	0.003	0.017	60	0	60	60	
0.4	5.4	27	1317	5	3	11	33249	11	33249	0.003	0	0.003	0.003	3022.64	3021.6	60	9422	
0.4	5.4	41	1319	42	3	39	32218	39	32218	0.00551282	0.0037618	0.003	0.017	826.103	530.958	60	1775	
0.4	5.4	16	1321	25	3	49	136206	49	136206	0.00757143	0.0033665	0.003	0.01	2779.71	2172.16	60	7690	
0.4	5.4	37	1322	85	3	322	365519	320	363838	0.00717812	0.00420287	0.003	0.024	1136.99	1105.94	24	9422	
0.4	5.4	26	1324	6	3	5	4851	5	4851	0.01	0	0.01	0.01	970.2	646.413	60	1775	
0.4	5.4	55	1325	53	3	93	104371	93	104371	0.00668817	0.00456827	0.003	0.017	1122.27	1388.51	60	9422	
0.4	5.4	48	1327	12	3	105	417822	105	417822	0.003	0	0.003	0.003	3979.26	2429.32	60	9422	
0.4	5.4	57	1328	16	3	98	291841	96	289253	0.00475	0.003047	0.003	0.01	3013.05	1905.95	36	9422	
0.4	5.4	28	1331	5	3	16	48045	15	46209	0.00673333	0.00361478	0.003	0.01	3080.6	2617.34	60	8873	
0.4	5.4	35	1335	12	3	16	53958	16	53958	0.003	0	0.003	0.003	3372.38	3004.67	60	9422	
0.4	5.4	52	1337	56	3	1	60	1	60	0.01	0	0.01	0.01	60	0	60	60	
0.4	5.4	19	1339	13	3	95	268278	95	268278	0.00837895	0.00313925	0.003	0.017	2823.98	2521.56	45	9422	
0.4	5.4	25	1340	11	3	53	103328	53	103328	0.00709434	0.00348218	0.003	0.01	1949.58	1557.9	60	9422	
0.4	5.4	44	1343	7	3	156	599491	156	599491	0.00479487	0.0030664	0.003	0.01	3842.89	2498.16	45	9422	
0.4	5.4	46	1346	1	3	2	120	2	120	0.01	0	0.01	0.01	60	0	60	60	
0.4	5.4	25	1349	34	3	23	42136	23	42136	0.003	0	0.003	0.003	1832	796.307	60	3550	
0.4	5.4	52	1350	12	3	1	60	1	60	0.003	0	0.003	0.003	60	0	60	60	
0.4	5.4	27	1351	8	3	81	208104	81	208104	0.00611111	0.0035	0.003	0.01	2569.19	2281.59	60	9422	
0.4	5.4	10	1352	15	3	160	466514	160	466514	0.00759375	0.0035151	0.003	0.017	2915.71	2524.69	45	9422	
0.4	5.4	55	1353	8	3	2	120	2	120	0.0065	0.00494975	0.003	0.01	60	0	60	60	
0.4	5.4	52	1354	31	3	158	224135	157	222909	0.00670064	0.00350543	0.003	0.01	1419.8	1326.3	45	9422	
0.4	5.4	34	1355	51	3	311	136748	311	136748	0.00482315	0.00332404	0.003	0.017	439.704	450.512	4	3395	
0.4	5.4	51	1356	1	3	15	47450	15	47450	0.00813333	0.00320416	0.003	0.01	3163.33	3205.27	60	9422	
0.4	5.4	25	1357	14	3	48	62284	48	62284	0.00708333	0.00348757	0.003	0.01	1297.58	1100.77	5	4405	
0.4	5.4	1	1358	4	3	139	516249	139	516249	0.00516547	0.00324729	0.003	0.01	3714.02	2350.22	60	9422	
0.4	5.4	34	1359	1	3	491	474691	490	474099	0.0053	0.00374682	0.003	0.017	967.549	919.39	13	9422	
0.4	5.4	56	1363	1	3	42	161052	42	161052	0.00766667	0.00333983	0.003	0.01	3834.57	2912.03	45	9422	
0.4	5.4	38	1365	17	3	15	43904	15	43904	0.00813333	0.00320416	0.003	0.01	2926.93	1846.78	60	5664	
0.4	5.4	52	1366	50	3	2	120	2	120	0.01	0	0.01	0.01	60	0	60	60	
0.4	5.4	34	1368	43	3	151	79072	150	78699	0.00528667	0.00384662	0.003	0.017	524.66	869.299	37	9422	
0.4	5.4	27	1369	17	3	110	265354	110	265354	0.003	0	0.003	0.003	2412.31	1791.44	60	9422	
0.4	5.4	54	1370	18	3	2	120	2	120	0.0065	0.00494975	0.003	0.01	60	0	60	60	
0.4	5.4	52	1371	35	3	45	67598	45	67598	0.00611111	0.00351763	0.003	0.01	1502.18	1160.48	60	6507	
0.4	5.4	42	1372	13	3	2	120	2	120	0.01	0	0.01	0.01	60	0	60	60	
0.4	5.4	37	1375	29	3	148	386098	148	386098	0.00337838	0.00158825	0.003	0.01	2608.77	2003.57	32	9422	
0.4	5.4	55	1378	9	3	11	11953	11	11953	0.0106364	0.00490454	0.003	0.017	1086.64	565.258	60	1775	
0.4	5.4	28	1380	15	3	85	299605	85	299605	0.00703529	0.00347935	0.003	0.01	3524.76	2288.78	60	9422	
0.4	5.4	13	1381	4	3	38	95498	38	95498	0.00594737	0.00350249	0.003	0.01	2513.11	2257.78	60	9422	
0.4	5.4	37	1382	28	3	10	6152	10	6152	0.0051	0.00472464	0.003	0.017	615.2	375.332	60	1184	
0.4	5.4	1	1383	1	3	61	156325	60	155733	0.00965	0.00153849	0.003	0.01	2595.55	2466.14	45	9422	
0.4	5.4	34	1384	62	3	280	134426	280	134426	0.0051	0.00376705	0.003	0.017	480.093	467.386	3	3286	
0.4	5.4	41	1386	57	3	206	234064	206	234064	0.00575243	0.00376011	0.003	0.017	1136.23	1164.68	36	5324	
0.4	5.4	10	1387	13	3	38	106028	38	106028	0.00373684	0.00217708	0.003	0.01	2790.21	2381.32	60	9422	
0.4	5.4	22	1388	11	3	102	280926	102	280926	0.00670588	0.00351119	0.003	0.01	2754.18	2384.48	60	9422	
0.4	5.4	50	1391	19	3	237	677432	238	678616	0.00532353	0.00342619	0.003	0.017	2851.33	2456.5	45	9422	
0.4	5.4	37	1392	83	3	145	141896	145	141896	0.00565517	0.0035067	0.003	0.017	978.593	718.22	17	4733	
0.4	5.4	42	1393	19	3	156	222913	155	221434	0.00828387	0.00312459	0.003	0.017	1428.61	1287.47	60	8079	
0.4	5.4	28	1395	8	3	80	281863	80	281863	0.0058	0.00345092	0.003	0.01	3523.29	2670.51	45	9422	
0.4	5.4	3	1397	31	3	245	324172	243	322808	0.00674485	0.00450994	0.003	0.024	1328.43	1286.97	4	7458	
0.4	5.4	34	1398	23	3	301	215386	301	215386	0.00451163	0.00288514	0.003	0.01	715.568	771.187	7	8282	
0.4	5.4	17	1399	22	3	37	78831	37	78831	0.003	0	0.003	0.003	2130.57	1264.56	60	5324	
0.4	5.4	4	1400	16	3	101	340447	101	340447	0.003	0	0.003	0.003	3370.76	2134.82	60	9422	
0.4	5.4	52	1401	45	3	145	215581	145	215581	0.00657241	0.00351138	0.003	0.01	1486.77	1224.08	60	9422	
0.4	5.4	52	1402	34	3	39	70542	39	70542	0.003	0	0.003	0.003	1808.77	1705.8	60	7099	
0.4	5.4	21	1403	14	3	183	256077	183	256077	0.00697814	0.00417996	0.003	0.017	1399.33	1390.05	8	9422	
0.4	5.4	11	1404	18	3	104	332044	104	332044	0.00764423	0.00346387	0.003	0.017	3192.73	2173.01	28	9422	
0.4	5.4	37	1405	14	3	5	2486	5	2486	0.0072	0.00383406	0.003	0.01	497.2	288.452	60	807	
0.4	5.4	37	1406	89	3	14	14331	14	14331	0.009	0.0053923	0.003	0.017	1023.64	713.436	60	2481	
0.4	5.4	37	1409	3	3	243	238177	243	238177	0.00524691	0.00339615	0.003	0.017	980.152	714.673	38	5916	
0.4	5.4	32	1410	5	3	135	578216	135	578216	0.00460741	0.00295513	0.003	0.01	4283.08	2814.8	45	9422	
0.4	5.4	39	1411	63	3	86	100787	86	100787	0.00609302	0.00381214	0.003	0.017	1171.94	979.556	60	5664	
0.4	5.4	31	1413	17	3	1	60	1	60	0.003	0	0.003	0.003	60	0	60	60	
0.4	5.4	47	1414	11	3	134	365223	135	367590	0.00735555	0.00340646	0.003	0.01	2722.89	2097.01	6	9422	
0.4	5.4	38	1416	14	3	114	344125	114	344125	0.00711403	0.00346093	0.003	0.01	3018.64	2077.75	60	9422	
0.4	5.4	4	1417	10	3	8	8995	8	8995	0.007375	0.00362284	0.003	0.01	1124.38	627.645	60	1775	
0.4	5.4	13	1419	7	3	59	123796	59	123796	0.0070339	0.00348873	0.003	0.01	2098.24	1394.98	60	5916	
0.4	5.4	3	1421	27	3	16	32078	16	32078	0.0051875	0.00335099	0.003	0.01	2004.88	1917.54	60	7099	
0.4	5.4	51	1422	7	3	32	73013	32	73013	0.0078125	0.0032965	0.003	0.01	2281.66	2025.59	60	9422	
0.4	5.4	54	1423	15	3	39	88986	39	88986	0.00623077	0.00353525	0.003	0.01	2281.69	1258.67	60	4395	
0.4	5.4	17	1425	20	3	63	121434	63	121434	0.003	0	0.003	0.003	1927.52	1814.87	60	9422	
