% start	end	CellId	IMSI	RNTI	LCID	nTxPDUs	TxBytes	nRxPDUs	RxBytes	delay	stdDev	min	max	PduSize	stdDev	min	max
0.4	5.4	39	4	42	3	122	159510	122	159510	0.00621311	0.00372667	0.003	0.017	1307.46	1061.06	60	5664	
0.4	5.4	53	5	7	3	140	481284	140	481284	0.00405	0.00250847	0.003	0.01	3437.74	2646.23	45	9422	
0.4	5.4	25	6	8	3	182	704207	183	708348	0.00663388	0.00358298	0.003	0.017	3870.75	2636.22	45	9422	
0.4	5.4	35	7	3	3	2	120	2	120	0.01	0	0.01	0.01	60	0	60	60	
0.4	5.4	52	8	6	3	4	240	4	240	0.0065	0.007	0.003	0.017	60	0	60	60	
0.4	5.4	52	12	43	3	7	718	7	718	0.005	0.00341565	0.003	0.01	102.571	51.4583	5	153	
0.4	5.4	52	13	26	3	105	66552	105	66552	0.0052	0.00392085	0.003	0.017	633.829	655.555	6	4395	
0.4	5.4	13	14	11	3	95	348608	95	348608	0.00469474	0.00301441	0.003	0.01	3669.56	1949.36	60	8873	
0.4	5.4	9	15	22	3	43	142719	43	142719	0.00772093	0.00331896	0.003	0.01	3319.05	2488.5	60	8873	
0.4	5.4	54	18	9	3	22	73481	21	68157	0.003	0	0.003	0.003	3245.57	2428.46	60	9422	
0.4	5.4	46	20	9	3	71	253364	71	253364	0.003	0	0.003	0.003	3568.51	1922.97	60	7690	
0.4	5.4	29	21	5	3	137	239666	137	239666	0.00729197	0.00372425	0.003	0.017	1749.39	1701.04	60	9422	
0.4	5.4	43	22	6	3	172	342463	173	343654	0.00834104	0.00417835	0.003	0.024	1986.44	1671.58	21	9422	
0.4	5.4	44	23	5	3	127	388402	127	388402	0.00801575	0.00316725	0.003	0.01	3058.28	2324.72	45	9422	
0.4	5.4	18	24	3	3	52	179393	52	179393	0.003	0	0.003	0.003	3449.87	2551.31	45	9422	
0.4	5.4	21	25	21	3	153	522692	152	519734	0.00465789	0.00298585	0.003	0.01	3419.3	2203.44	45	9422	
0.4	5.4	1	26	1	3	36	77058	36	77058	0.00786111	0.00327024	0.003	0.01	2140.5	1677.74	44	7099	
0.4	5.4	10	27	7	3	4	240	4	240	0.0065	0.00404145	0.003	0.01	60	0	60	60	
0.4	5.4	2	28	14	3	2	120	2	120	0.01	0	0.01	0.01	60	0	60	60	
0.4	5.4	5	30	7	3	9	21418	9	21418	0.00844444	0.00308671	0.003	0.01	2379.78	2245.54	60	7099	
0.4	5.4	26	31	6	3	40	116098	39	114914	0.00694872	0.00351649	0.003	0.01	2946.51	2058.15	60	8873	
0.4	5.4	42	32	14	3	179	600144	179	600144	0.003	0	0.003	0.003	3352.76	2461.71	45	9422	
0.4	5.4	28	35	9	3	59	215582	59	215582	0.00952542	0.00177488	0.003	0.01	3653.93	2347.71	60	9422	
0.4	5.4	31	37	15	3	160	605505	159	603730	0.00643396	0.00359769	0.003	0.017	3797.04	2646.17	45	9422	
0.4	5.4	16	38	14	3	179	562840	178	558699	0.00764045	0.00331832	0.003	0.01	3138.76	2172.35	36	9422	
0.4	5.4	44	39	21	3	4	3667	4	3667	0.00825	0.00670199	0.003	0.017	916.75	733.545	60	1775	
0.4	5.4	39	42	11	3	1	60	1	60	0.003	0	0.003	0.003	60	0	60	60	
0.4	5.4	41	43	12	3	147	238788	147	238788	0.00657143	0.00404428	0.003	0.017	1624.41	1326.43	42	7708	
0.4	5.4	52	44	22	3	373	246916	371	245730	0.00554717	0.00377972	0.003	0.017	662.345	611.152	15	5569	
0.4	5.4	23	51	9	3	41	139749	41	139749	0.00914634	0.00231906	0.003	0.01	3408.51	2706.66	45	9422	
0.4	5.4	36	52	11	3	79	287760	79	287760	0.00672152	0.0035153	0.003	0.01	3642.53	2151.82	60	9422	
0.4	5.4	34	53	49	3	131	144085	131	144085	0.00561832	0.00437028	0.003	0.024	1099.89	809.777	48	4733	
0.4	5.4	24	54	10	3	106	310309	106	310309	0.00550943	0.00350848	0.003	0.017	2927.44	2025.38	60	7690	
0.4	5.4	36	55	7	3	93	279994	93	279994	0.00924731	0.00317482	0.003	0.024	3010.69	1966.71	60	9422	
0.4	5.4	53	56	2	3	97	130521	97	130521	0.00603093	0.00450799	0.003	0.024	1345.58	1207.63	60	7099	
0.4	5.4	39	57	68	3	74	100776	74	100776	0.00574324	0.00363039	0.003	0.017	1361.84	927.992	60	4395	
0.4	5.4	39	59	62	3	85	146916	85	146916	0.00514118	0.0032446	0.003	0.01	1728.42	1242.67	60	7099	
0.4	5.4	24	60	25	3	2	708	2	708	0.0065	0.00494975	0.003	0.01	354	415.779	60	648	
0.4	5.4	22	61	7	3	130	385921	130	385921	0.00639231	0.00351188	0.003	0.01	2968.62	1734.63	60	7690	
0.4	5.4	39	63	80	3	266	275430	266	275430	0.00663158	0.0039035	0.003	0.017	1035.45	629.936	43	4107	
0.4	5.4	41	64	4	3	1	60	1	60	0.003	0	0.003	0.003	60	0	60	60	
0.4	5.4	57	65	4	3	41	116681	41	116681	0.00692683	0.00351703	0.003	0.01	2845.88	2164.14	60	9422	
0.4	5.4	41	66	58	3	7	5444	7	5444	0.009	0.00483046	0.003	0.017	777.714	427.419	60	1184	
0.4	5.4	3	69	7	3	112	322584	112	322584	0.0053125	0.00330719	0.003	0.01	2880.21	2326.15	45	9422	
0.4	5.4	29	70	8	3	171	218638	172	220413	0.00723256	0.00470081	0.003	0.017	1281.47	1021.04	13	5121	
0.4	5.4	34	72	7	3	5	300	5	300	0.0086	0.0031305	0.003	0.01	60	0	60	60	
0.4	5.4	51	73	16	3	143	523867	143	523867	0.00515385	0.00334687	0.003	0.017	3663.41	2705.46	45	9422	
0.4	5.4	41	75	5	3	1	60	1	60	0.003	0	0.003	0.003	60	0	60	60	
0.4	5.4	2	76	26	3	111	255202	111	255202	0.00501802	0.00318514	0.003	0.01	2299.12	1916.54	23	9422	
0.4	5.4	52	78	7	3	1	60	1	60	0.01	0	0.01	0.01	60	0	60	60	
0.4	5.4	3	80	4	3	78	285883	78	285883	0.003	0	0.003	0.003	3665.17	2527.54	45	9422	
0.4	5.4	29	81	28	3	108	351821	108	351821	0.00332407	0.00147774	0.003	0.01	3257.6	2785.63	45	9422	
0.4	5.4	21	82	26	3	125	219204	125	219204	0.006584	0.00351307	0.003	0.01	1753.63	1187.23	60	8282	
0.4	5.4	34	83	16	3	2	120	2	120	0.0065	0.00494975	0.003	0.01	60	0	60	60	
0.4	5.4	40	84	17	3	42	87706	42	87706	0.007	0.00350609	0.003	0.01	2088.24	1584.65	36	7099	
0.4	5.4	19	85	21	3	44	127923	44	127923	0.003	0	0.003	0.003	2907.34	2723.82	45	9422	
0.4	5.4	34	86	60	3	21	62254	21	62254	0.00766667	0.00338132	0.003	0.01	2964.48	2410.24	45	9422	
0.4	5.4	5	87	19	3	146	546926	146	546926	0.00899315	0.0025984	0.003	0.017	3746.07	2705.93	45	9422	
0.4	5.4	55	88	30	3	174	122847	174	122847	0.00444827	0.00294166	0.003	0.017	706.017	619.021	21	2961	
0.4	5.4	49	89	5	3	44	77064	44	77064	0.00729545	0.00376384	0.003	0.017	1751.45	1259.65	60	5324	
0.4	5.4	28	90	3	3	76	238553	76	238553	0.00760526	0.00334297	0.003	0.01	3138.86	2025.77	60	9422	
0.4	5.4	24	91	22	3	81	136262	82	136545	0.00726829	0.00463494	0.003	0.017	1665.18	1378.84	60	6882	
0.4	5.4	2	92	13	3	87	187734	86	186550	0.00706977	0.00347357	0.003	0.01	2169.19	1294.43	60	9422	
0.4	5.4	56	95	6	3	32	105432	32	105432	0.0069375	0.00352811	0.003	0.01	3294.75	2950.21	60	9422	
0.4	5.4	14	98	7	3	98	297206	97	292473	0.00906185	0.00239711	0.003	0.01	3015.19	1986.14	60	9422	
0.4	5.4	8	100	26	3	109	235192	109	235192	0.0036422	0.00202997	0.003	0.01	2157.72	1558.45	60	7099	
0.4	5.4	39	102	13	3	78	120411	78	120411	0.00667949	0.00369448	0.003	0.017	1543.73	1032.51	6	4395	
0.4	5.4	5	107	6	3	34	86033	34	86033	0.00794118	0.00323748	0.003	0.01	2530.38	2403.57	60	9422	
0.4	5.4	5	110	15	3	94	398862	94	398862	0.00538298	0.00333475	0.003	0.01	4243.21	2482.25	60	9422	
0.4	5.4	14	112	10	3	29	59878	29	59878	0.00831034	0.00304846	0.003	0.01	2064.76	1255.26	60	4733	
0.4	5.4	42	113	9	3	318	324918	317	323734	0.00677602	0.00467186	0.003	0.024	1021.24	1197.47	22	9422	
0.4	5.4	51	114	8	3	89	211386	89	211386	0.00811236	0.00377021	0.003	0.017	2375.12	1917.37	48	9422	
0.4	5.4	44	115	10	3	28	66399	28	66399	0.00775	0.00332916	0.003	0.01	2371.39	1482.04	60	5861	
0.4	5.4	1	117	19	3	119	359998	119	359998	0.00423529	0.00267982	0.003	0.01	3025.19	1967.73	45	9422	
0.4	5.4	41	118	49	3	4	240	4	240	0.0065	0.00404145	0.003	0.01	60	0	60	60	
0.4	5.4	2	120	36	3	81	146911	82	148095	0.00658536	0.00352049	0.003	0.01	1806.04	1289.93	60	7099	
0.4	5.4	18	121	14	3	85	205554	84	204370	0.00866667	0.00276525	0.003	0.01	2432.98	2855.37	60	9422	
0.4	5.4	38	122	16	3	97	317957	97	317957	0.00487629	0.00311668	0.003	0.01	3277.91	2414.18	23	9422	
0.4	5.4	49	123	12	3	85	311765	84	309569	0.003	0	0.003	0.003	3685.35	2375	45	9422	
0.4	5.4	35	124	5	3	25	90634	25	90634	0.01	0	0.01	0.01	3625.36	2790.82	60	9422	
0.4	5.4	45	127	3	3	79	174319	79	174319	0.00760759	0.00334134	0.003	0.01	2206.57	2368.79	60	9422	
0.4	5.4	8	130	18	3	1	60	1	60	0.01	0	0.01	0.01	60	0	60	60	
0.4	5.4	35	131	9	3	82	259970	81	253463	0.00844444	0.00292831	0.003	0.01	3129.17	2245.78	60	9422	
0.4	5.4	19	133	10	3	2	120	2	120	0.0065	0.00494975	0.003	0.01	60	0	60	60	
0.4	5.4	25	134	20	3	113	337404	113	337404	0.00752212	0.00336234	0.003	0.01	2985.88	2035.81	7	9422	
0.4	5.4	41	135	7	3	1	60	1	60	0.01	0	0.01	0.01	60	0	60	60	
0.4	5.4	10	137	16	3	141	475245	141	475245	0.00578014	0.00343738	0.003	0.01	3370.53	2217.68	60	9422	
0.4	5.4	51	138	11	3	174	618649	175	620764	0.0076	0.00357674	0.003	0.017	3547.22	2442.65	45	9422	
0.4	5.4	9	139	24	3	68	206613	68	206613	0.00444118	0.00285146	0.003	0.01	3038.43	2513.93	60	9422	
0.4	5.4	33	140	7	3	122	474746	122	474746	0.003	0	0.003	0.003	3891.36	2700.41	45	9422	
0.4	5.4	28	142	7	3	68	271077	68	271077	0.00320588	0.0011915	0.003	0.01	3986.43	2395.01	60	9422	
0.4	5.4	39	143	41	3	150	274773	149	271812	0.00586577	0.00345367	0.003	0.01	1824.24	1512.74	44	9422	
0.4	5.4	43	149	16	3	156	566458	156	565866	0.00676923	0.00350087	0.003	0.01	3627.35	2546.57	45	9422	
0.4	5.4	31	151	12	3	245	930670	245	930670	0.003	0	0.003	0.003	3798.65	2834.43	45	9422	
0.4	5.4	57	153	21	3	55	171233	54	170049	0.0077963	0.00328162	0.003	0.01	3149.06	2138.53	60	8621	
0.4	5.4	40	155	14	3	107	377598	107	377598	0.00306542	0.000676716	0.003	0.01	3528.95	2266.13	60	9422	
0.4	5.4	8	156	13	3	1	60	1	60	0.003	0	0.003	0.003	60	0	60	60	
0.4	5.4	7	157	13	3	25	91237	24	90053	0.00708333	0.00352527	0.003	0.01	3752.21	2607.06	60	9422	
0.4	5.4	24	158	19	3	210	694312	210	694312	0.00446667	0.00285559	0.003	0.01	3306.25	2488.85	45	9422	
0.4	5.4	55	159	20	3	407	385463	407	385463	0.00523587	0.00326775	0.003	0.01	947.084	872.29	60	9422	
0.4	5.4	15	160	10	3	39	65890	39	65890	0.00641026	0.00420975	0.003	0.017	1689.49	1106.23	15	3550	
0.4	5.4	42	161	34	3	181	517438	181	517438	0.00466298	0.00298742	0.003	0.01	2858.77	2402.32	9	9422	
0.4	5.4	32	164	8	3	163	701791	164	702439	0.00453658	0.00290629	0.003	0.01	4283.16	2703.74	45	9422	
0.4	5.4	19	166	2	3	88	236811	88	236811	0.00825	0.00371468	0.003	0.017	2691.03	2104.63	45	9422	
0.4	5.4	2	167	20	3	303	610726	300	605401	0.00692	0.00379583	0.003	0.017	2018	1872	13	9422	
0.4	5.4	34	169	2	3	125	175951	125	175951	0.006752	0.00372363	0.003	0.017	1407.61	882.94	43	4904	
0.4	5.4	27	170	20	3	4	3667	4	3667	0.00475	0.0035	0.003	0.01	916.75	733.545	60	1775	
0.4	5.4	41	171	13	3	88	223224	88	223224	0.00578409	0.00344563	0.003	0.01	2536.64	1728.45	60	7099	
0.4	5.4	27	172	11	3	157	500697	157	500106	0.00464968	0.00298042	0.003	0.01	3185.39	1970.53	39	8873	
0.4	5.4	22	174	9	3	63	136229	63	136229	0.00733333	0.00342665	0.003	0.01	2162.37	1838.74	60	9422	
0.4	5.4	55	175	24	3	304	279224	304	279224	0.00580921	0.00396142	0.003	0.017	918.5	814.351	26	4733	
0.4	5.4	29	176	25	3	260	471316	261	475895	0.00707663	0.00458361	0.003	0.024	1823.35	1819.81	13	9422	
0.4	5.4	55	177	36	3	461	390902	461	390902	0.00615835	0.00450059	0.003	0.024	847.944	887.171	13	9422	
0.4	5.4	26	178	9	3	95	301994	95	301994	0.00675789	0.003509	0.003	0.01	3178.88	2454.18	60	9422	
0.4	5.4	48	179	3	3	185	599016	184	597832	0.00543478	0.00334306	0.003	0.01	3249.09	2042.34	45	9422	
0.4	5.4	49	183	17	3	67	140381	67	140381	0.00749254	0.00338165	0.003	0.01	2095.24	1672.19	60	8079	
0.4	5.4	49	184	7	3	138	283022	137	278289	0.00775182	0.00369376	0.003	0.017	2031.31	1728.69	60	9422	
0.4	5.4	35	186	2	3	46	174058	46	174058	0.00908696	0.00238352	0.003	0.01	3783.87	2903.4	60	9422	
0.4	5.4	52	187	45	3	328	212996	328	212996	0.00526219	0.00374797	0.003	0.017	649.378	564.64	33	3662	
0.4	5.4	22	188	16	3	120	370041	120	370041	0.003	0	0.003	0.003	3083.67	1916.55	60	9422	
0.4	5.4	7	189	12	3	110	382919	110	382919	0.003	0	0.003	0.003	3481.08	2232.54	60	9422	
0.4	5.4	46	190	6	3	74	201910	75	206305	0.00748	0.00375377	0.003	0.017	2750.73	2137.49	60	9422	
0.4	5.4	21	191	5	3	64	147588	65	148520	0.00623077	0.00351679	0.003	0.01	2284.92	2010.73	60	9422	
0.4	5.4	42	193	1	3	4	240	4	240	0.00475	0.0035	0.003	0.01	60	0	60	60	
0.4	5.4	48	194	11	3	58	154625	58	154625	0.00867241	0.00333187	0.003	0.017	2665.95	2622.08	60	9422	
0.4	5.4	38	195	5	3	88	242727	87	242135	0.00605747	0.00349204	0.003	0.01	2783.16	2197.9	45	9422	
0.4	5.4	50	197	11	3	74	259965	74	259965	0.00735135	0.00341805	0.003	0.01	3513.04	2076.26	60	8873	
0.4	5.4	22	198	12	3	60	127957	62	133673	0.00819355	0.00419148	0.003	0.017	2156.02	1334.3	60	5324	
0.4	5.4	37	200	63	3	117	272104	118	272405	0.00566949	0.00341454	0.003	0.01	2308.52	1565.03	60	8873	
0.4	5.4	36	203	9	3	79	146901	79	146901	0.00831645	0.00321273	0.003	0.017	1859.51	1743.94	60	9422	
0.4	5.4	11	205	19	3	144	486825	144	486825	0.00718055	0.00344518	0.003	0.01	3380.73	2531.95	45	9422	
0.4	5.4	37	206	60	3	13	12665	13	12665	0.00623077	0.00363212	0.003	0.01	974.231	907.2	60	2958	
0.4	5.4	18	207	12	3	129	415584	129	415584	0.00777519	0.00327214	0.003	0.01	3221.58	2473.95	45	9422	
0.4	5.4	14	211	14	3	50	188261	49	184120	0.00771428	0.00331662	0.003	0.01	3757.55	2403.35	60	9422	
0.4	5.4	46	212	4	3	58	126170	58	126170	0.00710345	0.00371667	0.003	0.017	2175.34	1817.69	60	9422	
0.4	5.4	6	214	10	3	32	74080	32	74080	0.0078125	0.0032965	0.003	0.01	2315	2092.57	60	8873	
0.4	5.4	8	216	2	3	225	320432	225	320432	0.00748	0.00407308	0.003	0.017	1424.14	1135.85	36	7099	
0.4	5.4	16	217	1	3	39	111957	39	111957	0.003	0	0.003	0.003	2870.69	2088.96	60	9422	
0.4	5.4	6	219	5	3	41	92430	41	92430	0.00897561	0.00250487	0.003	0.01	2254.39	2226.31	60	9422	
0.4	5.4	52	220	13	3	2	120	2	120	0.0065	0.00494975	0.003	0.01	60	0	60	60	
0.4	5.4	20	224	5	3	152	572370	152	572370	0.003	0	0.003	0.003	3765.59	2348.09	60	9422	
0.4	5.4	41	225	3	3	1	60	1	60	0.01	0	0.01	0.01	60	0	60	60	
0.4	5.4	53	227	22	3	198	472988	198	472988	0.00724242	0.00377432	0.003	0.017	2388.83	2049.14	36	9422	
0.4	5.4	41	228	40	3	62	72363	63	74138	0.00644444	0.00468277	0.003	0.024	1176.79	836.564	60	3182	
0.4	5.4	48	230	8	3	116	488216	116	488216	0.00396552	0.00242427	0.003	0.01	4208.76	2815.07	45	9422	
0.4	5.4	48	231	13	3	97	329732	97	329732	0.003	0	0.003	0.003	3399.3	2318.82	45	9422	
0.4	5.4	12	232	7	3	93	287913	93	287913	0.00397849	0.0024405	0.003	0.01	3095.84	2494.87	45	9422	
0.4	5.4	40	233	3	3	3	1892	3	1892	0.00766667	0.00404145	0.003	0.01	630.667	562.2	60	1184	
0.4	5.4	22	235	15	3	106	324488	107	329018	0.00692523	0.00349042	0.003	0.01	3074.93	2161.27	60	9422	
0.4	5.4	3	236	15	3	1	60	1	60	0.01	0	0.01	0.01	60	0	60	60	
0.4	5.4	25	241	5	3	40	106627	40	106627	0.008425	0.00296031	0.003	0.01	2665.67	2190.99	60	9422	
0.4	5.4	56	243	2	3	87	311907	87	311907	0.00742529	0.00339504	0.003	0.01	3585.14	2409.86	45	9422	
0.4	5.4	17	246	8	3	63	191230	63	191230	0.00888889	0.00257852	0.003	0.01	3035.4	2542.24	60	9422	
0.4	5.4	50	248	13	3	45	143886	45	143886	0.00906667	0.00240643	0.003	0.01	3197.47	2385.45	60	9422	
0.4	5.4	1	249	7	3	104	269493	103	267719	0.0054466	0.00375925	0.003	0.017	2599.21	1867.03	57	9422	
0.4	5.4	12	250	21	3	15	27338	14	24971	0.005	0.00328165	0.003	0.01	1783.64	1217.64	60	3550	
0.4	5.4	57	252	16	3	21	54556	21	54556	0.009	0.00250998	0.003	0.01	2597.9	2154.48	60	9422	
0.4	5.4	16	253	3	3	102	336460	102	339755	0.00389216	0.00234587	0.003	0.01	3330.93	1990.02	60	9422	
0.4	5.4	22	254	6	3	149	536759	148	535575	0.00328378	0.00138525	0.003	0.01	3618.75	2281.63	45	9422	
0.4	5.4	23	255	4	3	21	82945	21	82945	0.00733333	0.00348329	0.003	0.01	3949.76	2637.26	60	9422	
0.4	5.4	49	257	1	3	209	642671	208	640475	0.00646635	0.00350828	0.003	0.01	3079.21	2332.32	36	9422	
0.4	5.4	29	259	10	3	79	103742	79	103742	0.00681013	0.00445512	0.003	0.017	1313.19	1313.73	60	7099	
0.4	5.4	8	260	37	3	186	565363	186	565363	0.00616129	0.00349297	0.003	0.01	3039.59	2275.7	45	9422	
0.4	5.4	54	261	2	3	2	120	2	120	0.003	0	0.003	0.003	60	0	60	60	
0.4	5.4	51	262	14	3	4	240	4	240	0.01	0	0.01	0.01	60	0	60	60	
0.4	5.4	52	263	16	3	284	286308	284	286308	0.00509507	0.00321131	0.003	0.01	1008.13	868.171	6	4736	
0.4	5.4	11	265	4	3	110	325671	110	325671	0.00700909	0.00347863	0.003	0.01	2960.65	2315.04	60	9422	
0.4	5.4	52	268	21	3	2	708	2	708	0.003	0	0.003	0.003	354	415.779	60	648	
0.4	5.4	39	269	6	3	201	382653	201	382653	0.00606468	0.00348149	0.003	0.01	1903.75	1700.33	60	9422	
0.4	5.4	49	270	3	3	35	62697	34	61077	0.00773529	0.0041217	0.003	0.017	1796.38	1551.84	60	7098	
0.4	5.4	40	273	18	3	138	389006	138	389006	0.00599275	0.00347566	0.003	0.01	2818.88	1957.3	36	9422	
0.4	5.4	34	275	23	3	167	546428	167	546428	0.003	0	0.003	0.003	3272.02	2663.4	45	9422	
0.4	5.4	52	276	71	3	164	56632	164	56632	0.00445122	0.00295011	0.003	0.017	345.317	296.697	60	1775	
0.4	5.4	4	277	10	3	2	120	2	120	0.01	0	0.01	0.01	60	0	60	60	
0.4	5.4	44	281	7	3	95	162377	95	162377	0.00521053	0.00327107	0.003	0.01	1709.23	2056.5	60	9422	
0.4	5.4	34	285	32	3	24	51611	24	51611	0.00620833	0.00356284	0.003	0.01	2150.46	1481.84	60	5324	
0.4	5.4	33	287	5	3	97	305078	97	305078	0.00530928	0.00330833	0.003	0.01	3145.13	2539.76	45	9422	
0.4	5.4	20	289	6	3	59	189461	59	189461	0.00833898	0.0030035	0.003	0.01	3211.2	2690.29	45	9422	
0.4	5.4	8	290	3	3	145	366441	145	366441	0.00493103	0.00313948	0.003	0.01	2527.18	1851.26	60	9422	
0.4	5.4	37	292	4	3	6	360	6	360	0.0065	0.00383406	0.003	0.01	60	0	60	60	
0.4	5.4	11	293	2	3	69	221588	69	221588	0.003	0	0.003	0.003	3211.42	2831.72	45	9422	
0.4	5.4	3	294	18	3	79	271097	79	271097	0.003	0	0.003	0.003	3431.61	2338.16	60	9422	
0.4	5.4	16	296	13	3	110	301349	110	301349	0.003	0	0.003	0.003	2739.54	1432.24	60	5664	
0.4	5.4	11	297	18	3	132	421526	132	421526	0.00660606	0.00351172	0.003	0.01	3193.38	2618.12	36	9422	
0.4	5.4	41	299	60	3	1	592	1	592	0.01	0	0.01	0.01	592	0	592	592	
0.4	5.4	8	300	41	3	179	456010	178	454235	0.00626404	0.00350189	0.003	0.01	2551.88	2068.24	60	9422	
0.4	5.4	46	301	1	3	110	256365	110	256365	0.00694545	0.00348743	0.003	0.01	2330.59	1387.68	60	6507	
0.4	5.4	2	303	10	3	134	378945	135	383086	0.00460741	0.00295513	0.003	0.01	2837.67	1912.88	60	9422	
0.4	5.4	8	306	20	3	72	149971	72	149971	0.00397222	0.0024378	0.003	0.01	2082.93	1706.14	51	8873	
0.4	5.4	32	307	14	3	126	442691	126	442691	0.003	0	0.003	0.003	3513.42	2638.38	45	9422	
0.4	5.4	17	308	18	3	92	266961	92	266961	0.00703261	0.00347819	0.003	0.01	2901.75	1851.53	60	9422	
0.4	5.4	16	309	16	3	98	284150	98	284150	0.00607143	0.00349152	0.003	0.01	2899.49	2030.98	45	9422	
0.4	5.4	11	310	14	3	3	1892	3	1892	0.01	0	0.01	0.01	630.667	562.2	60	1184	
0.4	5.4	49	312	6	3	63	166035	63	166035	0.003	0	0.003	0.003	2635.48	2536.77	60	9422	
0.4	5.4	40	313	5	3	83	284119	82	279386	0.003	0	0.003	0.003	3407.15	1742.95	60	9422	
0.4	5.4	21	314	3	3	74	189006	74	189006	0.00621622	0.00351229	0.003	0.01	2554.14	2050.86	60	9422	
0.4	5.4	55	315	23	3	111	42919	111	42919	0.00527027	0.00367534	0.003	0.017	386.658	415.741	28	1775	
0.4	5.4	34	317	69	3	134	153631	134	153631	0.00576866	0.00364375	0.003	0.017	1146.5	960.584	60	4395	
0.4	5.4	31	319	2	3	153	576383	153	576383	0.00661438	0.00350962	0.003	0.01	3767.21	2494.08	45	9422	
0.4	5.4	9	322	10	3	15	40946	14	40354	0.004	0.00254196	0.003	0.01	2882.43	2244.31	60	7099	
0.4	5.4	30	323	12	3	1	60	1	60	0.01	0	0.01	0.01	60	0	60	60	
0.4	5.4	40	326	6	3	150	525743	151	532250	0.00721854	0.00343685	0.003	0.01	3524.83	2796.14	45	9422	
0.4	5.4	11	335	7	3	115	237431	114	236247	0.00883333	0.00371535	0.003	0.024	2072.34	1908.3	45	9422	
0.4	5.4	42	336	25	3	100	215546	100	215546	0.00594	0.00347231	0.003	0.01	2155.46	1700.98	60	9422	
0.4	5.4	19	337	19	3	156	677074	156	677074	0.00475	0.00304085	0.003	0.01	4340.22	2950.86	45	9422	
0.4	5.4	40	338	12	3	127	303944	128	305719	0.00671875	0.00350688	0.003	0.01	2388.43	1974.54	60	9422	
0.4	5.4	21	340	15	3	159	481436	159	481436	0.00550943	0.0036333	0.003	0.017	3027.9	2375.23	60	9422	
0.4	5.4	42	341	30	3	102	75985	102	75985	0.00615686	0.00401666	0.003	0.017	744.951	559.955	60	3550	
0.4	5.4	22	344	3	3	144	529061	144	529061	0.00766667	0.00341326	0.003	0.017	3674.03	2766.2	13	9422	
0.4	5.4	29	345	24	3	172	600101	172	600101	0.00352907	0.00185569	0.003	0.01	3488.96	2452.88	45	9422	
0.4	5.4	34	347	53	3	147	346346	147	346346	0.00323809	0.00127319	0.003	0.01	2356.1	1782.76	60	9422	
0.4	5.4	29	349	6	3	2	120	2	120	0.01	0	0.01	0.01	60	0	60	60	
0.4	5.4	40	350	4	3	142	369588	142	369588	0.00694366	0.00386248	0.003	0.017	2602.73	2266.94	45	9422	
0.4	5.4	46	352	21	3	22	75258	21	71117	0.00833333	0.00305505	0.003	0.01	3386.52	2686.03	60	9422	
0.4	5.4	12	353	1	3	81	252281	81	252281	0.00619753	0.00350863	0.003	0.01	3114.58	2299.89	60	9422	
0.4	5.4	34	355	29	3	44	84823	44	84823	0.003	0	0.003	0.003	1927.8	2131.66	60	9422	
0.4	5.4	44	356	2	3	146	412801	146	412801	0.00659589	0.00351073	0.003	0.01	2827.4	2137.56	60	9422	
0.4	5.4	28	360	10	3	1	60	1	60	0.003	0	0.003	0.003	60	0	60	60	
0.4	5.4	21	361	11	3	1	60	1	60	0.003	0	0.003	0.003	60	0	60	60	
0.4	5.4	34	362	56	3	112	187303	112	187303	0.0055625	0.00420163	0.003	0.017	1672.35	1706.48	60	9422	
0.4	5.4	53	363	10	3	153	379327	153	379327	0.0044183	0.00282287	0.003	0.01	2479.26	2077.77	45	9422	
0.4	5.4	26	364	5	3	93	277620	93	277620	0.00729032	0.00342808	0.003	0.01	2985.16	2200.54	45	9422	
0.4	5.4	32	365	15	3	119	415477	118	414293	0.00608474	0.0034901	0.003	0.01	3510.96	2658.13	45	9422	
0.4	5.4	52	366	55	3	156	102169	156	102169	0.00510897	0.00322205	0.003	0.01	654.929	686.988	44	6753	
0.4	5.4	9	367	16	3	134	432749	133	427425	0.00752631	0.00335879	0.003	0.01	3213.72	2030.77	60	9422	
0.4	5.4	39	369	50	3	32	44522	31	42747	0.00548387	0.00385462	0.003	0.017	1378.94	1183.61	51	4141	
0.4	5.4	7	372	14	3	27	91939	27	91939	0.00818518	0.00312603	0.003	0.01	3405.15	3026.25	60	9422	
0.4	5.4	34	373	30	3	2	708	2	708	0.003	0	0.003	0.003	354	415.779	60	648	
0.4	5.4	53	374	23	3	2	120	2	120	0.0065	0.00494975	0.003	0.01	60	0	60	60	
0.4	5.4	20	378	4	3	2	120	2	120	0.01	0	0.01	0.01	60	0	60	60	
0.4	5.4	4	379	7	3	4	240	4	240	0.00825	0.0035	0.003	0.01	60	0	60	60	
0.4	5.4	44	384	13	3	89	231013	89	231013	0.00850562	0.00307158	0.003	0.017	2595.65	1915.41	60	9422	
0.4	5.4	45	385	8	3	225	738696	226	748118	0.00761504	0.003516	0.003	0.017	3310.26	2488.04	45	9422	
0.4	5.4	34	386	55	3	32	30327	32	30327	0.00475	0.003556	0.003	0.017	947.719	566.895	40	2025	
0.4	5.4	13	390	13	3	60	189456	60	189456	0.003	0	0.003	0.003	3157.6	2169.57	60	9422	
0.4	5.4	31	392	3	3	85	325056	85	325056	0.00612941	0.00350098	0.003	0.01	3824.19	2340.42	60	9422	
0.4	5.4	44	393	1	3	164	434563	166	442845	0.00683735	0.00349424	0.003	0.01	2667.74	1951.32	57	9422	
0.4	5.4	37	394	43	3	1	60	1	60	0.017	0	0.017	0.017	60	0	60	60	
0.4	5.4	39	395	63	3	13	13902	13	13902	0.00730769	0.00455311	0.003	0.017	1069.38	743.869	60	1775	
0.4	5.4	16	396	11	3	44	118461	44	118461	0.00793182	0.00323065	0.003	0.01	2692.3	1833.42	60	7690	
0.4	5.4	25	400	10	3	53	140360	53	140360	0.00867924	0.00276498	0.003	0.01	2648.3	2222.25	60	9422	
0.4	5.4	37	401	23	3	126	259304	126	259304	0.00644444	0.00351353	0.003	0.01	2057.97	1550.32	60	7656	
0.4	5.4	43	402	7	3	125	196156	126	197340	0.00688889	0.00391555	0.003	0.017	1566.19	1323.76	25	9422	
0.4	5.4	16	403	5	3	120	419132	119	416174	0.00517647	0.0032538	0.003	0.01	3497.26	2289.13	45	9422	
0.4	5.4	55	406	47	3	266	305399	266	305399	0.00568421	0.00346381	0.003	0.017	1148.12	907.977	52	5477	
0.4	5.4	12	407	13	3	71	208992	71	208992	0.00684507	0.00370192	0.003	0.017	2943.55	1907.17	36	8873	
0.4	5.4	57	408	1	3	3	180	3	180	0.00533333	0.00404145	0.003	0.01	60	0	60	60	
0.4	5.4	8	410	32	3	14	41538	14	41538	0.0065	0.00455311	0.003	0.017	2967	2653.75	60	9422	
0.4	5.4	5	411	17	3	133	432266	131	427532	0.00839695	0.00295265	0.003	0.01	3263.6	2653.21	45	9422	
0.4	5.4	24	412	8	3	29	76561	29	76561	0.003	0	0.003	0.003	2640.03	2866.26	45	9422	
0.4	5.4	10	413	10	3	173	453090	173	453090	0.00761272	0.00365444	0.003	0.017	2619.02	2036.88	60	9422	
0.4	5.4	32	416	20	3	178	618320	178	618320	0.00555618	0.00337985	0.003	0.01	3473.71	2038.63	36	9422	
0.4	5.4	42	417	11	3	86	119181	86	119181	0.00698837	0.0036477	0.003	0.017	1385.83	1065.67	60	6503	
0.4	5.4	41	418	33	3	158	270846	157	270254	0.00701274	0.00373478	0.003	0.017	1721.36	1582.45	36	9422	
0.4	5.4	27	419	7	3	153	326981	153	326981	0.00698039	0.00356974	0.003	0.017	2137.13	1807.72	60	9422	
0.4	5.4	51	420	6	3	149	575218	149	575218	0.00455033	0.00291649	0.003	0.01	3860.52	2179.28	45	9422	
0.4	5.4	37	421	29	3	4	240	4	240	0.0065	0.00404145	0.003	0.01	60	0	60	60	
0.4	5.4	50	422	10	3	25	68160	24	64019	0.00825	0.00309628	0.003	0.01	2667.46	1905.43	60	7099	
0.4	5.4	43	423	13	3	96	325068	96	325068	0.00402083	0.00248354	0.003	0.01	3386.13	2325.23	60	9422	
0.4	5.4	46	424	2	3	104	358673	104	358673	0.00374038	0.00216322	0.003	0.01	3448.78	2252.4	60	9422	
0.4	5.4	57	425	5	3	2	120	2	120	0.0065	0.00494975	0.003	0.01	60	0	60	60	
0.4	5.4	19	426	9	3	2	708	2	708	0.003	0	0.003	0.003	354	415.779	60	648	
0.4	5.4	36	429	4	3	27	81772	27	81772	0.00351852	0.00186816	0.003	0.01	3028.59	2301.64	60	9422	
0.4	5.4	34	431	13	3	2	652	2	652	0.01	0	0.01	0.01	326	376.181	60	592	
0.4	5.4	19	432	12	3	79	224361	79	224361	0.0088481	0.00261205	0.003	0.01	2840.01	2228.05	60	9422	
0.4	5.4	16	434	6	3	2	120	2	120	0.0065	0.00494975	0.003	0.01	60	0	60	60	
0.4	5.4	38	435	15	3	58	140361	58	140361	0.00698276	0.00349682	0.003	0.01	2420.02	2156.12	60	9422	
0.4	5.4	9	437	1	3	50	164727	50	164727	0.00818	0.00310161	0.003	0.01	3294.54	2325.24	57	9422	
0.4	5.4	55	438	13	3	1	60	1	60	0.003	0	0.003	0.003	60	0	60	60	
0.4	5.4	41	443	31	3	1	60	1	60	0.003	0	0.003	0.003	60	0	60	60	
0.4	5.4	42	444	15	3	61	122639	61	122639	0.003	0	0.003	0.003	2010.48	2027.37	35	9422	
0.4	5.4	9	448	18	3	173	623829	173	623829	0.003	0	0.003	0.003	3605.95	2513.92	45	9422	
0.4	5.4	55	449	49	3	280	237246	280	237246	0.005775	0.00381791	0.003	0.017	847.307	741.337	28	3550	
0.4	5.4	55	450	12	3	6	360	6	360	0.0065	0.00383406	0.003	0.01	60	0	60	60	
0.4	5.4	34	452	62	3	6	5444	6	5444	0.0065	0.00383406	0.003	0.01	907.333	718.348	60	1775	
0.4	5.4	45	453	11	3	178	548687	178	548687	0.00685393	0.00349188	0.003	0.01	3082.51	2187.64	45	9422	
0.4	5.4	44	454	8	3	53	178327	53	178327	0.00630189	0.00352783	0.003	0.01	3364.66	2859.89	60	9422	
0.4	5.4	43	455	3	3	99	221425	99	221425	0.00752525	0.0033635	0.003	0.01	2236.62	2234.92	45	9422	
0.4	5.4	45	456	2	3	79	218470	79	218470	0.00610126	0.00349943	0.003	0.01	2765.44	2231.32	60	9422	
0.4	5.4	2	457	6	3	173	469477	175	479363	0.00612	0.00348929	0.003	0.01	2739.22	1857.2	60	9422	
0.4	5.4	42	460	27	3	111	297805	111	297805	0.003	0	0.003	0.003	2682.93	2003.64	60	9422	
0.4	5.4	17	461	15	3	61	147566	60	142833	0.00405	0.00252059	0.003	0.01	2380.55	2520.43	45	9422	
0.4	5.4	54	462	1	3	149	476560	149	476560	0.00666443	0.00350793	0.003	0.01	3198.39	2117.29	45	9422	
0.4	5.4	24	463	23	3	71	153409	72	155776	0.00620833	0.0035123	0.003	0.01	2163.56	1687.76	57	9422	
0.4	5.4	41	464	39	3	104	130717	103	128236	0.00762136	0.0044438	0.003	0.024	1245.01	1199.76	60	9422	
0.4	5.4	33	465	8	3	109	372341	110	376736	0.00707273	0.00346863	0.003	0.01	3424.87	2219.26	45	9422	
0.4	5.4	37	466	30	3	1	60	1	60	0.003	0	0.003	0.003	60	0	60	60	
0.4	5.4	34	467	10	3	232	398723	232	398723	0.00601724	0.00387797	0.003	0.017	1718.63	1805.04	60	9422	
0.4	5.4	39	470	43	3	90	144663	90	144663	0.00572222	0.0034316	0.003	0.01	1607.37	1659.01	60	9422	
0.4	5.4	55	471	3	3	6	360	6	360	0.0065	0.00383406	0.003	0.01	60	0	60	60	
0.4	5.4	45	473	14	3	95	268304	95	268304	0.00749474	0.00337347	0.003	0.01	2824.25	2170.79	45	9422	
0.4	5.4	33	474	9	3	20	25566	20	25566	0.003	0	0.003	0.003	1278.3	574.449	60	2367	
0.4	5.4	15	480	17	3	107	271988	107	271988	0.00607477	0.00349042	0.003	0.01	2541.94	1998.02	60	9422	
0.4	5.4	40	482	9	3	77	180735	78	181327	0.00614102	0.0038502	0.003	0.017	2324.71	2073.95	34	9422	
0.4	5.4	11	484	1	3	2	708	2	708	0.0065	0.00494975	0.003	0.01	354	415.779	60	648	
0.4	5.4	48	485	7	3	28	82358	28	82358	0.00675	0.00355512	0.003	0.01	2941.36	2508.74	60	9422	
0.4	5.4	57	486	11	3	77	207927	77	207927	0.00827273	0.00324295	0.003	0.017	2700.35	2004.22	27	9422	
0.4	5.4	42	487	33	3	180	508041	178	500068	0.00594944	0.00346618	0.003	0.01	2809.37	2352.75	45	9422	
0.4	5.4	41	488	32	3	1	60	1	60	0.017	0	0.017	0.017	60	0	60	60	
0.4	5.4	43	489	12	3	35	91833	35	91833	0.0046	0.0029823	0.003	0.01	2623.8	2434.17	60	9422	
0.4	5.4	53	490	1	3	42	74705	42	74705	0.00566667	0.00344055	0.003	0.01	1778.69	1794.64	60	9422	
0.4	5.4	57	492	9	3	46	148625	46	148625	0.00680435	0.00352527	0.003	0.01	3230.98	2498.26	60	8873	
0.4	5.4	53	493	13	3	155	224629	154	223534	0.00786364	0.00447954	0.003	0.017	1451.52	1154.28	60	5324	
0.4	5.4	21	494	23	3	75	171834	75	171834	0.00458667	0.00295046	0.003	0.01	2291.12	2323.97	60	9422	
0.4	5.4	6	495	1	3	66	192425	66	192425	0.00830303	0.00302283	0.003	0.01	2915.53	2937.75	45	9422	
0.4	5.4	17	498	5	3	228	901951	228	901951	0.00732895	0.00347066	0.003	0.017	3955.93	2904.9	45	9422	
0.4	5.4	33	500	14	3	90	327304	90	327304	0.00533333	0.00331832	0.003	0.01	3636.71	1932.68	60	7690	
0.4	5.4	39	503	8	3	3	180	3	180	0.00533333	0.00404145	0.003	0.01	60	0	60	60	
0.4	5.4	52	504	52	3	291	552601	291	552601	0.003	0	0.003	0.003	1898.97	1806.36	21	9422	
0.4	5.4	55	505	9	3	177	144700	177	144700	0.00541243	0.00333618	0.003	0.01	817.514	657.47	14	5916	
0.4	5.4	8	506	42	3	20	56327	20	56327	0.003	0	0.003	0.003	2816.35	2681.54	60	9422	
0.4	5.4	3	508	2	3	183	680035	183	680035	0.003	0	0.003	0.003	3716.04	2761.46	45	9422	
0.4	5.4	15	509	13	3	169	511975	169	511975	0.00652071	0.00375133	0.003	0.017	3029.44	2472.56	45	9422	
0.4	5.4	54	510	8	3	140	563256	139	557932	0.00702878	0.00347234	0.003	0.01	4013.9	2575.45	45	9422	
0.4	5.4	15	511	3	3	23	28771	22	20234	0.00745454	0.00460566	0.003	0.017	919.727	648.555	60	2331	
0.4	5.4	11	512	15	3	3	768	3	768	0.00766667	0.00404145	0.003	0.01	256	339.482	60	648	
0.4	5.4	21	514	19	3	1	60	1	60	0.003	0	0.003	0.003	60	0	60	60	
0.4	5.4	53	515	11	3	171	489616	172	492577	0.00662209	0.00350808	0.003	0.01	2863.82	2594.87	45	9422	
0.4	5.4	4	519	14	3	4	240	4	240	0.0065	0.00404145	0.003	0.01	60	0	60	60	
0.4	5.4	27	522	5	3	42	68782	42	68782	0.00866667	0.00353841	0.003	0.017	1637.67	1176.58	60	5324	
0.4	5.4	57	524	18	3	161	636841	161	636841	0.00721739	0.00343638	0.003	0.01	3955.53	2759.71	36	9422	
0.4	5.4	49	525	14	3	193	403875	193	403875	0.00807772	0.00358805	0.003	0.017	2092.62	1788.45	5	9422	
0.4	5.4	44	527	14	3	1	60	1	60	0.01	0	0.01	0.01	60	0	60	60	
0.4	5.4	2	529	15	3	2	120	2	120	0.01	0	0.01	0.01	60	0	60	60	
0.4	5.4	50	530	1	3	107	380073	106	378889	0.0080849	0.00313541	0.003	0.01	3574.42	2531.74	45	9422	
0.4	5.4	55	533	40	3	498	524645	498	524645	0.00593775	0.00415714	0.003	0.017	1053.5	1589.5	3	9422	
0.4	5.4	41	534	45	3	31	55755	31	55755	0.00435484	0.00281127	0.003	0.01	1798.55	1605.66	60	5861	
0.4	5.4	48	535	20	3	121	319681	121	319681	0.00733884	0.00386125	0.003	0.017	2641.99	1764.33	36	9422	
0.4	5.4	43	536	1	3	175	441235	175	441235	0.00816	0.00335241	0.003	0.017	2521.34	2012.94	5	9422	
0.4	5.4	8	537	27	3	83	203103	83	203103	0.003	0	0.003	0.003	2447.02	2163.33	26	9422	
0.4	5.4	16	538	9	3	24	63431	24	63431	0.00620833	0.00356284	0.003	0.01	2642.96	2141	60	8282	
0.4	5.4	42	539	2	3	2	120	2	120	0.0065	0.00494975	0.003	0.01	60	0	60	60	
0.4	5.4	20	540	14	3	49	125554	49	125554	0.00342857	0.00169558	0.003	0.01	2562.33	1880.13	60	9422	
0.4	5.4	24	541	2	3	178	556915	178	556915	0.00689326	0.00356614	0.003	0.017	3128.74	2414.69	36	9422	
0.4	5.4	21	542	16	3	123	249959	126	256467	0.00533333	0.003313	0.003	0.01	2035.45	1749.68	45	9422	
0.4	5.4	55	545	39	3	325	193604	325	193604	0.00560615	0.00388793	0.003	0.017	595.705	601.808	6	5809	
0.4	5.4	13	547	15	3	143	584766	142	582399	0.00699296	0.00347738	0.003	0.01	4101.4	2767.43	45	9422	
0.4	5.4	34	553	63	3	94	256930	94	256930	0.003	0	0.003	0.003	2733.3	2214.04	60	9422	
0.4	5.4	41	554	48	3	88	211375	89	212559	0.00646067	0.00351961	0.003	0.01	2388.3	1775.22	60	9422	
0.4	5.4	15	555	11	3	197	692412	197	692412	0.00470558	0.00301266	0.003	0.01	3514.78	2276.01	28	9422	
0.4	5.4	46	557	27	3	34	101411	34	101411	0.00855882	0.00287298	0.003	0.01	2982.68	2645.96	60	9422	
0.4	5.4	8	558	14	3	156	571108	156	571108	0.003	0	0.003	0.003	3660.95	2582.57	45	9422	
0.4	5.4	34	560	37	3	130	196273	130	196273	0.00655385	0.00382376	0.003	0.017	1509.79	1083.01	12	5324	
0.4	5.4	49	562	10	3	148	435740	147	432190	0.00714286	0.00364147	0.003	0.017	2940.07	1861.62	47	8873	
0.4	5.4	22	564	5	3	135	382014	135	382014	0.00517778	0.00325271	0.003	0.01	2829.73	1839.74	60	8873	
0.4	5.4	34	565	64	3	150	222117	150	222117	0.00594	0.00346648	0.003	0.01	1480.78	1204.75	60	6389	
0.4	5.4	6	566	11	3	176	703095	176	703095	0.003	0	0.003	0.003	3994.86	2606.16	45	9422	
0.4	5.4	41	570	28	3	1	60	1	60	0.01	0	0.01	0.01	60	0	60	60	
0.4	5.4	29	571	4	3	51	144492	51	144492	0.00698039	0.00350137	0.003	0.01	2833.18	1987.53	60	9422	
0.4	5.4	37	573	5	3	2	120	2	120	0.0065	0.00494975	0.003	0.01	60	0	60	60	
0.4	5.4	15	575	6	3	86	190192	86	190192	0.00788372	0.00323371	0.003	0.01	2211.53	1842.46	60	9422	
0.4	5.4	48	576	19	3	19	49824	19	49824	0.00889474	0.00421498	0.003	0.017	2622.32	2549.61	60	9422	
0.4	5.4	3	577	12	3	161	461037	161	461037	0.00826087	0.00332325	0.003	0.017	2863.58	2291.18	45	9422	
0.4	5.4	29	578	15	3	126	180698	126	180698	0.00738889	0.00393339	0.003	0.017	1434.11	1033.16	60	4733	
0.4	5.4	27	579	15	3	1	60	1	60	0.003	0	0.003	0.003	60	0	60	60	
0.4	5.4	37	580	21	3	178	292516	178	292516	0.00532022	0.00330446	0.003	0.01	1643.35	1041.04	60	5916	
0.4	5.4	8	581	36	3	68	81231	68	81231	0.00691176	0.00370452	0.003	0.017	1194.57	666.125	60	3550	
0.4	5.4	41	583	38	3	8	8996	8	8996	0.00475	0.00324037	0.003	0.01	1124.5	1193.03	60	3550	
0.4	5.4	52	584	34	3	3	180	3	180	0.00533333	0.00404145	0.003	0.01	60	0	60	60	
0.4	5.4	39	585	79	3	205	380300	205	380300	0.0058	0.00343768	0.003	0.01	1855.12	1249.48	55	9422	
0.4	5.4	22	586	2	3	43	116095	43	116095	0.00804651	0.00317695	0.003	0.01	2699.88	2153.72	45	9422	
0.4	5.4	37	587	34	3	175	378300	175	378300	0.00412	0.00257361	0.003	0.01	2161.71	1537.03	43	7690	
0.4	5.4	41	589	51	3	83	119214	83	119214	0.00654217	0.00352102	0.003	0.01	1436.31	1079.37	60	6507	
0.4	5.4	17	590	7	3	55	102501	55	102501	0.00618182	0.00351763	0.003	0.01	1863.65	2039.89	60	9422	
0.4	5.4	32	591	12	3	43	90068	43	90068	0.00967442	0.00262516	0.003	0.017	2094.6	1336.6	60	4733	
0.4	5.4	7	593	10	3	53	237953	53	237953	0.00828302	0.00304061	0.003	0.01	4489.68	3260.37	45	9422	
0.4	5.4	6	594	9	3	126	418043	126	418043	0.003	0	0.003	0.003	3317.8	1995.91	60	9422	
0.4	5.4	41	596	16	3	193	292057	193	292057	0.00695337	0.00347954	0.003	0.01	1513.25	1201.19	19	8079	
0.4	5.4	25	598	19	3	181	469519	181	469519	0.00783425	0.00364008	0.003	0.017	2594.03	2113.76	13	9422	
0.4	5.4	23	599	1	3	17	44492	17	44492	0.0087647	0.00275067	0.003	0.01	2617.18	2846.14	60	9422	
0.4	5.4	42	601	28	3	209	160702	210	161219	0.00586667	0.0037123	0.003	0.017	767.71	512.788	60	3597	
0.4	5.4	32	602	3	3	185	606001	185	606001	0.00424865	0.00268709	0.003	0.01	3275.68	2165.24	45	9422	
0.4	5.4	52	603	69	3	602	562423	599	561120	0.00506845	0.00332222	0.003	0.017	936.761	970.486	7	9422	
0.4	5.4	24	606	27	3	14	17880	14	17880	0.0075	0.00348072	0.003	0.01	1277.14	1002.17	60	3550	
0.4	5.4	4	610	9	3	104	161084	104	161084	0.00872115	0.002718	0.003	0.01	1548.88	1839.93	60	9422	
0.4	5.4	47	611	5	3	1	60	1	60	0.01	0	0.01	0.01	60	0	60	60	
0.4	5.4	54	612	16	3	49	149812	49	149812	0.00671428	0.00352964	0.003	0.01	3057.39	2731.59	60	9422	
0.4	5.4	55	613	48	3	224	155480	224	155480	0.00534375	0.00331089	0.003	0.01	694.107	706.862	31	6882	
0.4	5.4	48	614	18	3	124	220300	124	220300	0.00802419	0.00384552	0.003	0.017	1776.61	1190.25	26	5324	
0.4	5.4	21	617	33	3	198	416173	198	416173	0.0080202	0.00393211	0.003	0.024	2101.88	1594.25	60	9422	
0.4	5.4	14	618	12	3	154	676461	154	676461	0.00468182	0.00300045	0.003	0.01	4392.6	2909.82	45	9422	
0.4	5.4	43	619	19	3	4	240	4	240	0.0065	0.00404145	0.003	0.01	60	0	60	60	
0.4	5.4	49	620	8	3	107	339751	107	339751	0.00378505	0.00221925	0.003	0.01	3175.24	1918.42	60	9422	
0.4	5.4	19	621	5	3	87	285422	85	277729	0.00818823	0.00308411	0.003	0.01	3267.4	2558.35	60	9422	
0.4	5.4	25	624	9	3	2	120	2	120	0.0065	0.00494975	0.003	0.01	60	0	60	60	
0.4	5.4	55	625	50	3	177	227766	177	227766	0.003	0	0.003	0.003	1286.81	1161.1	54	9422	
0.4	5.4	29	627	16	3	251	638165	251	638165	0.00701594	0.00389458	0.003	0.017	2542.49	2373.75	40	9422	
0.4	5.4	24	628	6	3	44	71166	44	71166	0.00665909	0.00384552	0.003	0.017	1617.41	1308.23	19	5211	
0.4	5.4	44	629	3	3	160	575822	160	575822	0.003	0	0.003	0.003	3598.89	2428.31	45	9422	
0.4	5.4	54	630	4	3	176	577033	175	574075	0.00756	0.0033452	0.003	0.01	3280.43	1894.36	36	9422	
0.4	5.4	40	631	11	3	8	14318	8	14318	0.003875	0.00247487	0.003	0.01	1789.75	1688.73	60	5324	
0.4	5.4	27	633	26	3	60	201411	60	201411	0.00486667	0.00337723	0.003	0.017	3356.85	2279.98	60	9422	
0.4	5.4	21	634	9	3	3	180	3	180	0.00533333	0.00404145	0.003	0.01	60	0	60	60	
0.4	5.4	26	635	2	3	65	198926	65	198926	0.00784615	0.00325591	0.003	0.01	3060.4	2197.41	60	9422	
0.4	5.4	37	636	32	3	160	511952	161	512600	0.003	0	0.003	0.003	3183.85	2450.11	45	9422	
0.4	5.4	13	638	1	3	29	68762	29	68762	0.00806896	0.00318401	0.003	0.01	2371.1	1490.84	60	5664	
0.4	5.4	37	641	49	3	87	115614	87	115614	0.00710345	0.00483936	0.003	0.017	1328.9	1078.76	60	5916	
0.4	5.4	39	642	30	3	133	189786	134	190970	0.00629104	0.00350687	0.003	0.01	1425.15	882.358	60	4511	
0.4	5.4	53	643	6	3	174	429778	174	429778	0.00577586	0.00374957	0.003	0.017	2469.99	2287.41	45	9422	
0.4	5.4	8	644	29	3	1	60	1	60	0.01	0	0.01	0.01	60	0	60	60	
0.4	5.4	18	646	4	3	68	178809	68	178809	0.00783823	0.0032581	0.003	0.01	2629.54	2275.96	60	9422	
0.4	5.4	5	647	9	3	164	652119	162	649751	0.00835802	0.0029753	0.003	0.01	4010.81	2488.13	36	9422	
0.4	5.4	1	649	5	3	124	204332	124	204332	0.00712097	0.00389202	0.003	0.017	1647.84	1167.96	60	5324	
0.4	5.4	46	650	28	3	35	87691	35	87691	0.0078	0.0037085	0.003	0.017	2505.46	2255.53	60	9422	
0.4	5.4	32	652	2	3	53	122726	53	122726	0.00854717	0.00317784	0.003	0.017	2315.58	1959.91	25	8282	
0.4	5.4	32	654	19	3	162	620775	160	610716	0.0051	0.00321787	0.003	0.01	3816.97	2617.79	45	9422	
0.4	5.4	37	657	14	3	105	175312	105	175312	0.00626667	0.00350896	0.003	0.01	1669.64	1136.55	60	7099	
0.4	5.4	33	658	3	3	96	303057	96	303057	0.00701042	0.00348076	0.003	0.01	3156.84	1950.76	11	8873	
0.4	5.4	34	659	66	3	39	32124	39	32124	0.00497436	0.00391681	0.003	0.017	823.692	917.509	60	4392	
0.4	5.4	16	661	15	3	44	133837	44	133837	0.00681818	0.0035258	0.003	0.01	3041.75	1792.77	57	7099	
0.4	5.4	30	662	1	3	60	193595	60	193595	0.00883333	0.00263076	0.003	0.01	3226.58	2462.77	45	9422	
0.4	5.4	52	668	32	3	522	338916	521	337821	0.00533781	0.00380802	0.003	0.017	648.409	669.681	5	4765	
0.4	5.4	1	669	23	3	149	452261	149	452261	0.00746309	0.00337624	0.003	0.01	3035.31	2267.25	45	9422	
0.4	5.4	2	671	18	3	3	180	3	180	0.00766667	0.00404145	0.003	0.01	60	0	60	60	
0.4	5.4	38	672	1	3	100	299042	99	297858	0.00738384	0.0034038	0.003	0.01	3008.67	2266.29	60	9422	
0.4	5.4	23	674	2	3	26	81765	26	81765	0.00757692	0.00339615	0.003	0.01	3144.81	2552.51	60	8873	
0.4	5.4	19	675	17	3	92	223811	92	223811	0.00459783	0.00295408	0.003	0.01	2432.73	1507.74	60	9422	
0.4	5.4	33	676	10	3	85	177745	84	173604	0.00533333	0.00331965	0.003	0.01	2066.71	1808.8	45	9422	
0.4	5.4	11	677	21	3	90	265189	90	265189	0.003	0	0.003	0.003	2946.54	1755.2	60	9422	
0.4	5.4	42	678	5	3	175	168984	175	168984	0.00544	0.00358887	0.003	0.017	965.623	783.608	48	4395	
0.4	5.4	8	679	43	3	122	277223	123	278998	0.00601626	0.00348059	0.003	0.01	2268.28	1872.64	55	9422	
0.4	5.4	34	680	45	3	75	101438	75	101438	0.00729333	0.0045878	0.003	0.017	1352.51	1570.96	43	9422	
0.4	5.4	2	682	3	3	127	242298	127	242298	0.00691338	0.00359899	0.003	0.017	1907.86	1531.01	60	9422	
0.4	5.4	52	685	11	3	2	120	2	120	0.01	0	0.01	0.01	60	0	60	60	
0.4	5.4	34	686	54	3	5	2544	5	2544	0.0072	0.00383406	0.003	0.01	508.8	470.382	60	1184	
0.4	5.4	29	687	26	3	135	171243	135	171243	0.00678518	0.00408014	0.003	0.017	1268.47	1417.48	14	9422	
0.4	5.4	55	690	28	3	13	10129	13	10129	0.00676923	0.00363212	0.003	0.01	779.154	554.15	60	1775	
0.4	5.4	33	691	17	3	74	274648	74	274648	0.00441892	0.0028333	0.003	0.01	3711.46	2337.64	60	9422	
0.4	5.4	43	692	9	3	93	202508	93	202508	0.00736559	0.00340966	0.003	0.01	2177.51	1295.55	28	5324	
0.4	5.4	11	693	10	3	112	320830	112	320830	0.007875	0.00336684	0.003	0.017	2864.55	2474.9	45	9422	
0.4	5.4	56	694	13	3	6	8992	5	5442	0.0086	0.0031305	0.003	0.01	1088.4	742.216	60	1775	
0.4	5.4	21	698	20	3	43	99010	43	99010	0.00511628	0.00325291	0.003	0.01	2302.56	1589.36	60	5664	
0.4	5.4	6	700	2	3	152	517346	152	517346	0.00723684	0.00343287	0.003	0.01	3403.59	3010.68	45	9422	
0.4	5.4	34	701	58	3	143	175383	143	175383	0.00618182	0.0036898	0.003	0.017	1226.45	1076.19	60	8223	
0.4	5.4	46	702	29	3	102	336793	102	336793	0.00643137	0.00351661	0.003	0.01	3301.89	2303.08	36	9422	
0.4	5.4	52	703	67	3	386	491113	387	495508	0.00489922	0.00311651	0.003	0.01	1280.38	1132.46	4	9422	
0.4	5.4	38	706	6	3	2	120	2	120	0.01	0	0.01	0.01	60	0	60	60	
0.4	5.4	32	707	16	3	14	47449	14	47449	0.007	0.00359487	0.003	0.01	3389.21	2758.07	60	9422	
0.4	5.4	4	708	15	3	64	140465	64	140465	0.003	0	0.003	0.003	2194.77	2760.62	60	9422	
0.4	5.4	37	710	56	3	1	60	0	0	0	0	0	0	0	0	0	0	
0.4	5.4	49	713	13	3	27	74196	27	74196	0.00688889	0.00354459	0.003	0.01	2748	2420.04	60	9422	
0.4	5.4	2	714	11	3	111	228015	111	228015	0.00463964	0.00297808	0.003	0.01	2054.19	1448.43	60	7690	
0.4	5.4	29	715	23	3	94	156971	95	158155	0.00550526	0.00337347	0.003	0.01	1664.79	1293.56	60	7099	
0.4	5.4	52	716	24	3	367	198462	365	196437	0.0051863	0.00371266	0.003	0.017	538.184	543.367	21	5669	
0.4	5.4	2	717	34	3	72	141573	73	144534	0.00539726	0.00334473	0.003	0.01	1979.92	1812.48	60	9422	
0.4	5.4	36	718	16	3	2	120	2	120	0.0065	0.00494975	0.003	0.01	60	0	60	60	
0.4	5.4	52	720	1	3	1	60	1	60	0.01	0	0.01	0.01	60	0	60	60	
0.4	5.4	39	721	32	3	1	60	1	60	0.01	0	0.01	0.01	60	0	60	60	
0.4	5.4	24	724	14	3	176	650499	176	650499	0.00570454	0.00341813	0.003	0.01	3696.02	2491.6	45	9422	
0.4	5.4	5	725	1	3	5	5442	5	5442	0.01	0	0.01	0.01	1088.4	742.216	60	1775	
0.4	5.4	55	726	4	3	205	251969	205	251969	0.00576585	0.00343052	0.003	0.01	1229.12	1145.78	15	6882	
0.4	5.4	41	728	8	3	3	180	3	180	0.00533333	0.00404145	0.003	0.01	60	0	60	60	
0.4	5.4	10	730	8	3	129	313291	129	313291	0.00826356	0.00327757	0.003	0.017	2428.61	2488.23	26	9422	
0.4	5.4	25	731	12	3	182	592038	182	592038	0.003	0	0.003	0.003	3252.96	2566.33	45	9422	
0.4	5.4	41	732	54	3	44	79433	44	79433	0.00761364	0.00451466	0.003	0.017	1805.3	1284.35	60	6882	
0.4	5.4	42	734	12	3	211	600886	211	600886	0.003	0	0.003	0.003	2847.8	2472.71	36	9422	
0.4	5.4	39	735	36	3	100	291256	100	291256	0.00342	0.00167078	0.003	0.01	2912.56	2309.96	45	9422	
0.4	5.4	41	738	55	3	106	141708	104	137625	0.00730769	0.00342202	0.003	0.01	1323.32	787.41	60	3550	
0.4	5.4	54	741	11	3	60	91873	60	91873	0.0079	0.00433238	0.003	0.017	1531.22	1040.76	60	5324	
0.4	5.4	34	742	65	3	106	146435	105	144660	0.00593333	0.00347039	0.003	0.01	1377.71	1341.79	7	9422	
0.4	5.4	15	744	15	3	48	94229	48	94229	0.0069375	0.0035093	0.003	0.01	1963.1	1525.07	60	7099	
0.4	5.4	5	746	18	3	98	355232	98	355232	0.00557143	0.00339192	0.003	0.01	3624.82	2413.32	10	9422	
0.4	5.4	38	747	3	3	3	180	3	180	0.00766667	0.00404145	0.003	0.01	60	0	60	60	
0.4	5.4	9	750	13	3	58	192398	58	192398	0.00637931	0.00352847	0.003	0.01	3317.21	3078.45	60	9422	
0.4	5.4	12	751	19	3	186	695463	186	695463	0.00653763	0.00350924	0.003	0.01	3739.05	2883.47	45	9422	
0.4	5.4	16	752	4	3	146	604806	145	601256	0.003	0	0.003	0.003	4146.59	2792.09	45	9422	
0.4	5.4	45	754	4	3	49	85460	49	85460	0.007	0.00378043	0.003	0.017	1744.08	1229.55	60	5324	
0.4	5.4	4	759	12	3	125	515540	125	515540	0.007928	0.0032083	0.003	0.01	4124.32	2845.21	45	9422	
0.4	5.4	33	761	12	3	1	60	1	60	0.003	0	0.003	0.003	60	0	60	60	
0.4	5.4	30	762	5	3	138	562178	139	564545	0.00879137	0.00265525	0.003	0.01	4061.47	2556.96	36	9422	
0.4	5.4	19	764	1	3	146	465409	145	463042	0.0044	0.00280971	0.003	0.01	3193.39	2536.29	45	9422	
0.4	5.4	43	766	15	3	21	44021	21	44021	0.00666667	0.00358236	0.003	0.01	2096.24	2443.8	60	9422	
0.4	5.4	20	767	2	3	110	300840	110	300840	0.00840909	0.00309571	0.003	0.017	2734.91	2286.29	60	9422	
0.4	5.4	10	772	15	3	141	383080	141	383080	0.00761702	0.00353282	0.003	0.017	2716.88	1879.76	51	9422	
0.4	5.4	30	773	13	3	139	544088	139	544088	0.00823741	0.00316361	0.003	0.017	3914.3	2827.12	45	9422	
0.4	5.4	29	774	27	3	189	379750	189	378900	0.00644444	0.00379436	0.003	0.017	2004.76	1884.05	36	9422	
0.4	5.4	10	776	1	3	52	142716	52	142716	0.00542308	0.00336269	0.003	0.01	2744.54	2284.71	60	9422	
0.4	5.4	1	777	2	3	3	1300	3	1300	0.003	0	0.003	0.003	433.333	324.526	60	648	
0.4	5.4	18	778	9	3	3	180	3	180	0.00533333	0.00404145	0.003	0.01	60	0	60	60	
0.4	5.4	5	779	3	3	67	143454	67	143454	0.00843283	0.00361907	0.003	0.017	2141.1	1849.71	60	9422	
0.4	5.4	48	781	2	3	7	4856	7	4856	0.003	0	0.003	0.003	693.714	474.05	60	1184	
0.4	5.4	9	782	6	3	128	402822	127	398427	0.00862205	0.00279435	0.003	0.01	3137.22	2384.62	60	9422	
0.4	5.4	24	783	17	3	199	560637	199	560637	0.00757286	0.00395089	0.003	0.024	2817.27	2461.77	45	9422	
0.4	5.4	3	785	13	3	43	90063	43	90063	0.00853488	0.00326124	0.003	0.017	2094.49	1772.42	60	7099	
0.4	5.4	50	786	3	3	1	60	1	60	0.003	0	0.003	0.003	60	0	60	60	
0.4	5.4	52	788	58	3	387	156954	384	155984	0.00558854	0.00446015	0.003	0.024	406.208	444.611	13	4733	
0.4	5.4	33	789	18	3	80	229214	80	229214	0.0078125	0.0034498	0.003	0.017	2865.18	2319.17	45	9422	
0.4	5.4	11	790	3	3	53	93147	53	93147	0.00801887	0.00346682	0.003	0.017	1757.49	1217.31	60	4733	
0.4	5.4	30	792	2	3	94	291813	94	291813	0.00709574	0.00346742	0.003	0.01	3104.39	1910.25	45	9422	
0.4	5.4	55	794	46	3	308	221278	308	221278	0.00545454	0.00362059	0.003	0.017	718.435	680.673	42	5488	
0.4	5.4	2	795	22	3	30	40437	30	40437	0.00813333	0.00447779	0.003	0.024	1347.9	1018.34	60	4395	
0.4	5.4	12	797	17	3	57	103224	57	103224	0.00729824	0.00368377	0.003	0.017	1810.95	1489.03	13	5928	
0.4	5.4	39	798	26	3	98	136896	98	136896	0.00535714	0.00332516	0.003	0.01	1396.9	1181.57	26	8282	
0.4	5.4	41	799	2	3	1	60	1	60	0.01	0	0.01	0.01	60	0	60	60	
0.4	5.4	17	800	11	3	4	240	4	240	0.00825	0.0035	0.003	0.01	60	0	60	60	
0.4	5.4	21	801	25	3	199	435203	200	438164	0.007095	0.00345771	0.003	0.01	2190.82	1754.79	60	9422	
0.4	5.4	10	803	13	3	148	510982	148	510982	0.00569594	0.00341796	0.003	0.01	3452.58	2791.3	45	9422	
0.4	5.4	52	804	2	3	223	294342	223	294342	0.00513453	0.0032299	0.003	0.01	1319.92	1253.57	49	9422	
0.4	5.4	50	805	8	3	21	56915	21	56915	0.00666667	0.00358236	0.003	0.01	2710.24	1251.79	60	5324	
0.4	5.4	41	806	41	3	33	62254	33	62254	0.00554545	0.00341953	0.003	0.01	1886.48	1169.43	60	5664	
0.4	5.4	42	807	6	3	159	177430	159	177430	0.00665409	0.00437338	0.003	0.017	1115.91	827.59	56	3550	
0.4	5.4	30	809	11	3	45	155139	45	155139	0.01	0.00149241	0.003	0.017	3447.53	2231.55	60	9422	
0.4	5.4	41	810	11	3	2	120	2	120	0.0065	0.00494975	0.003	0.01	60	0	60	60	
0.4	5.4	39	812	58	3	163	292050	163	292050	0.00604908	0.00348153	0.003	0.01	1791.72	1213.17	43	8873	
0.4	5.4	4	813	5	3	30	90761	30	90761	0.00766667	0.00335624	0.003	0.01	3025.37	2146.7	60	8873	
0.4	5.4	10	814	6	3	151	470626	152	471810	0.00797368	0.00318512	0.003	0.01	3104.01	2312.69	45	9422	
0.4	5.4	27	817	24	3	3	1892	3	1892	0.01	0	0.01	0.01	630.667	562.2	60	1184	
0.4	5.4	55	818	44	3	449	458136	449	458136	0.00513586	0.00332694	0.003	0.017	1020.35	883.906	28	6088	
0.4	5.4	51	819	10	3	9	21475	9	21475	0.00844444	0.00308671	0.003	0.01	2386.11	2455.4	60	7099	
0.4	5.4	1	820	6	3	155	480044	155	480044	0.00656774	0.00351069	0.003	0.01	3097.06	1838.88	36	9422	
0.4	5.4	3	821	3	3	84	350482	84	350482	0.005	0.00318127	0.003	0.01	4172.4	3162.21	45	9422	
0.4	5.4	18	822	13	3	53	169391	53	169391	0.00735849	0.00342555	0.003	0.01	3196.06	2451.19	60	9422	
0.4	5.4	37	823	39	3	16	23792	16	23792	0.0069375	0.00358643	0.003	0.01	1487	873.23	60	3822	
0.4	5.4	37	827	12	3	1	60	1	60	0.017	0	0.017	0.017	60	0	60	60	
0.4	5.4	53	828	15	3	191	353599	191	353599	0.0073979	0.00401822	0.003	0.017	1851.3	1631.55	60	9422	
0.4	5.4	46	829	16	3	103	317267	103	317267	0.00748544	0.00364843	0.003	0.017	3080.26	2771.89	45	9422	
0.4	5.4	45	830	6	3	31	87098	31	87098	0.00548387	0.00340461	0.003	0.01	2809.61	2307.15	60	9422	
0.4	5.4	31	831	13	3	3	180	3	180	0.00533333	0.00404145	0.003	0.01	60	0	60	60	
0.4	5.4	15	833	7	3	78	221418	78	221418	0.00434615	0.00277665	0.003	0.01	2838.69	2009.86	60	9422	
0.4	5.4	2	834	28	3	75	212672	75	212672	0.00328	0.00138095	0.003	0.01	2835.63	2318.61	45	9422	
0.4	5.4	8	835	21	3	14	14917	14	14917	0.003	0	0.003	0.003	1065.5	559.364	60	1775	
0.4	5.4	16	838	8	3	128	362952	128	362952	0.00458594	0.00294176	0.003	0.01	2835.56	2286.74	45	9422	
0.4	5.4	56	839	5	3	98	300919	98	300919	0.00621428	0.00350625	0.003	0.01	3070.6	2335.55	45	9422	
0.4	5.4	5	840	4	3	2	708	1	60	0.01	0	0.01	0.01	60	0	60	60	
0.4	5.4	29	842	14	3	175	475535	176	475595	0.00471023	0.00301636	0.003	0.01	2702.24	2249.82	45	9422	
0.4	5.4	41	846	21	3	104	162334	104	162334	0.00724038	0.00357308	0.003	0.017	1560.9	1516.82	21	9422	
0.4	5.4	23	848	3	3	40	174642	40	174642	0.00475	0.0030697	0.003	0.01	4366.05	2971.58	60	9422	
0.4	5.4	38	850	8	3	67	177625	67	177625	0.00686567	0.00350712	0.003	0.01	2651.12	1967.66	60	9422	
0.4	5.4	52	851	8	3	487	500961	485	500292	0.0056268	0.00409582	0.003	0.017	1031.53	1034.04	23	9422	
0.4	5.4	32	852	11	3	52	101969	53	105519	0.00762264	0.00361741	0.003	0.017	1990.92	1876.48	60	9422	
0.4	5.4	11	853	12	3	76	143316	76	143316	0.00898684	0.00273005	0.003	0.017	1885.74	1819.18	60	9422	
0.4	5.4	39	854	57	3	66	86664	66	86664	0.00756061	0.00467441	0.003	0.017	1313.09	953.614	43	4231	
0.4	5.4	31	855	5	3	65	226707	65	226707	0.00698461	0.00349326	0.003	0.01	3487.8	2815.18	45	9422	
0.4	5.4	52	856	33	3	125	50600	125	50600	0.004904	0.00348597	0.003	0.017	404.8	357.267	60	1775	
0.4	5.4	52	858	41	3	135	149385	135	149385	0.003	0	0.003	0.003	1106.56	885.027	4	4141	
0.4	5.4	5	859	8	3	43	98351	43	98351	0.0082093	0.00344728	0.003	0.017	2287.23	1701.88	60	7099	
0.4	5.4	25	860	2	3	59	123216	59	123216	0.00798305	0.00345159	0.003	0.017	2088.41	1810.66	60	7099	
0.4	5.4	40	861	16	3	153	356469	153	356469	0.00762091	0.00332654	0.003	0.01	2329.86	1985.42	60	9422	
0.4	5.4	7	864	3	3	17	50410	17	50410	0.00794118	0.00328768	0.003	0.01	2965.29	3064.07	60	9422	
0.4	5.4	39	865	49	3	198	468335	198	468335	0.00639394	0.00390969	0.003	0.017	2365.33	2342.3	20	9422	
0.4	5.4	41	867	43	3	82	125120	82	125120	0.00795122	0.00403963	0.003	0.017	1525.85	1247.95	60	9422	
0.4	5.4	52	869	20	3	155	320487	155	320487	0.00476129	0.00304743	0.003	0.01	2067.66	1864.18	60	9422	
0.4	5.4	20	873	13	3	110	307220	112	310769	0.0083125	0.00315095	0.003	0.017	2774.72	1407.7	60	6507	
0.4	5.4	52	874	38	3	555	601442	553	600258	0.005	0.00316514	0.003	0.01	1085.46	1003.81	55	9422	
0.4	5.4	36	875	15	3	93	246892	93	246892	0.00744086	0.00338944	0.003	0.01	2654.75	2243.72	13	9422	
0.4	5.4	53	876	16	3	196	412772	195	411588	0.00676923	0.00415834	0.003	0.017	2110.71	1750.68	60	9422	
0.4	5.4	55	877	21	3	2	120	2	120	0.003	0	0.003	0.003	60	0	60	60	
0.4	5.4	12	882	8	3	81	201438	82	203805	0.00752439	0.00336733	0.003	0.01	2485.43	1755.88	60	8873	
0.4	5.4	37	883	33	3	119	220299	119	220299	0.0047647	0.00305238	0.003	0.01	1851.25	1047.49	36	5324	
0.4	5.4	39	884	45	3	48	51037	48	51037	0.00591667	0.00348757	0.003	0.01	1063.27	603.732	60	2958	
0.4	5.4	3	885	5	3	2	120	2	120	0.01	0	0.01	0.01	60	0	60	60	
0.4	5.4	41	886	26	3	95	212559	95	212559	0.00498947	0.00317401	0.003	0.01	2237.46	1707.2	60	9422	
0.4	5.4	36	888	2	3	86	271868	86	271868	0.00666279	0.00351672	0.003	0.01	3161.26	2584.65	17	9422	
0.4	5.4	50	890	15	3	94	278305	93	273572	0.00774193	0.00328998	0.003	0.01	2941.63	2038.54	45	9422	
0.4	5.4	8	891	40	3	101	159325	101	159325	0.00736634	0.00354887	0.003	0.017	1577.48	1440.97	60	9422	
0.4	5.4	49	892	18	3	146	542426	146	542426	0.003	0	0.003	0.003	3715.25	2528.24	45	9422	
0.4	5.4	41	893	29	3	153	466507	153	466507	0.003	0	0.003	0.003	3049.07	2078.91	45	9422	
0.4	5.4	55	895	41	3	393	233239	392	232892	0.006625	0.00450401	0.003	0.024	594.112	543.471	17	3822	
0.4	5.4	9	896	4	3	5	300	5	300	0.0086	0.0031305	0.003	0.01	60	0	60	60	
0.4	5.4	4	900	2	3	88	319606	88	319606	0.00538636	0.00333712	0.003	0.01	3631.89	1914.43	60	9422	
0.4	5.4	53	901	9	3	157	462788	157	462788	0.00728025	0.00351341	0.003	0.017	2947.69	2257.9	45	9422	
0.4	5.4	53	903	18	3	113	241617	113	241617	0.00622124	0.00350442	0.003	0.01	2138.2	2086.89	57	9422	
0.4	5.4	28	904	12	3	85	341480	85	341480	0.00621176	0.00350881	0.003	0.01	4017.41	2018.97	60	9422	
0.4	5.4	51	905	2	3	65	229084	65	229084	0.00730769	0.00343203	0.003	0.01	3524.37	2652.47	45	9422	
0.4	5.4	22	908	20	3	60	171711	60	171711	0.00708333	0.00348017	0.003	0.01	2861.85	2215.65	60	9422	
0.4	5.4	29	910	13	3	176	419830	176	419830	0.00697727	0.0034772	0.003	0.01	2385.4	2252.55	3	9422	
0.4	5.4	44	911	9	3	132	398407	132	398407	0.00634091	0.0035097	0.003	0.01	3018.23	2221.21	60	9422	
0.4	5.4	16	913	7	3	53	125572	53	125572	0.00669811	0.00352783	0.003	0.01	2369.28	1799.28	45	9422	
0.4	5.4	34	914	6	3	3	180	3	180	0.01	0	0.01	0.01	60	0	60	60	
0.4	5.4	37	915	19	3	83	115680	83	115680	0.00738554	0.00485354	0.003	0.017	1393.73	933.8	60	5211	
0.4	5.4	48	916	23	3	124	487047	124	487047	0.00559677	0.00339516	0.003	0.01	3927.8	2449.83	35	9422	
0.4	5.4	35	917	7	3	3	180	3	180	0.00766667	0.00404145	0.003	0.01	60	0	60	60	
0.4	5.4	56	918	20	3	117	545593	117	545593	0.00599145	0.00347775	0.003	0.01	4663.19	3026.03	45	9422	
0.4	5.4	2	919	35	3	56	183663	56	183663	0.003	0	0.003	0.003	3279.7	2088.81	60	7690	
0.4	5.4	15	920	2	3	141	365345	141	365345	0.00786525	0.00323424	0.003	0.01	2591.1	2231.17	60	9422	
0.4	5.4	33	921	2	3	207	951676	207	951676	0.00394686	0.00239985	0.003	0.01	4597.47	2964.32	45	9422	
0.4	5.4	24	924	12	3	31	44501	31	44501	0.003	0	0.003	0.003	1435.52	784.864	60	3550	
0.4	5.4	13	926	19	3	2	116	2	116	0.01	0	0.01	0.01	58	2.82843	56	60	
0.4	5.4	25	927	11	3	2	120	2	120	0.01	0	0.01	0.01	60	0	60	60	
0.4	5.4	52	928	59	3	261	180351	256	176934	0.00589844	0.00361769	0.003	0.017	691.148	613.695	7	4395	
0.4	5.4	14	929	9	3	99	442643	98	440868	0.00835714	0.0029819	0.003	0.01	4498.65	2425.58	36	9422	
0.4	5.4	26	932	17	3	126	511888	126	511888	0.00394444	0.00240102	0.003	0.01	4062.6	2033.31	60	9422	
0.4	5.4	26	933	14	3	36	66992	36	66992	0.00805555	0.0031798	0.003	0.01	1860.89	1645.69	60	7099	
0.4	5.4	24	934	24	3	186	502650	186	502650	0.00695161	0.0035554	0.003	0.017	2702.42	1949.74	5	9422	
0.4	5.4	41	935	42	3	12	9590	12	9590	0.00825	0.00435107	0.003	0.017	799.167	386.652	60	1184	
0.4	5.4	39	936	20	3	31	51618	31	51618	0.00503226	0.00370121	0.003	0.017	1665.1	1420.52	36	4395	
0.4	5.4	19	939	15	3	31	71128	32	71843	0.00846875	0.00294009	0.003	0.01	2245.09	2193.74	60	9422	
0.4	5.4	19	944	13	3	1	60	1	60	0.01	0	0.01	0.01	60	0	60	60	
0.4	5.4	15	945	9	3	66	165330	66	165330	0.003	0	0.003	0.003	2505	2092.41	60	9422	
0.4	5.4	8	946	44	3	131	232853	132	233948	0.00713636	0.0037656	0.003	0.017	1772.33	1439.47	60	8282	
0.4	5.4	8	948	19	3	125	351242	125	351242	0.005464	0.00335661	0.003	0.01	2809.94	2045.28	7	9422	
0.4	5.4	52	949	47	3	3	180	3	180	0.00533333	0.00404145	0.003	0.01	60	0	60	60	
0.4	5.4	34	950	11	3	3	180	3	180	0.00533333	0.00404145	0.003	0.01	60	0	60	60	
0.4	5.4	38	951	4	3	114	377778	113	376003	0.00665487	0.00351215	0.003	0.01	3327.46	2478.15	45	9422	
0.4	5.4	52	952	30	3	359	385250	359	385250	0.00473538	0.00389666	0.003	0.017	1073.12	1211.03	7	9422	
0.4	5.4	7	955	6	3	46	140571	46	140571	0.00984783	0.00103209	0.003	0.01	3055.89	2104.75	60	9422	
0.4	5.4	49	956	15	3	112	314332	113	316699	0.00634513	0.00351215	0.003	0.01	2802.65	2153.3	60	9422	
0.4	5.4	11	957	11	3	1	60	1	60	0.01	0	0.01	0.01	60	0	60	60	
0.4	5.4	56	958	16	3	70	242110	70	242110	0.0056	0.00340673	0.003	0.01	3458.71	2273.16	60	9422	
0.4	5.4	4	959	11	3	139	599439	139	599439	0.00647482	0.00351257	0.003	0.01	4312.51	2511.64	36	9422	
0.4	5.4	6	962	15	3	10	15562	10	15562	0.0058	0.00361478	0.003	0.01	1556.2	1693.04	60	5324	
0.4	5.4	15	964	18	3	45	103078	45	103078	0.00922222	0.00222475	0.003	0.01	2290.62	1990.23	60	9422	
0.4	5.4	3	966	9	3	32	71715	32	71715	0.0034375	0.00172154	0.003	0.01	2241.09	1427.09	60	4733	
0.4	5.4	13	967	20	3	134	440339	134	440339	0.00754478	0.00366782	0.003	0.017	3286.11	2573.17	45	9422	
0.4	5.4	9	968	5	3	26	56919	26	56919	0.00784615	0.00329475	0.003	0.01	2189.19	1297.55	60	5324	
0.4	5.4	40	969	10	3	111	316310	112	321043	0.00675	0.00350675	0.003	0.01	2866.46	2118.44	60	9422	
0.4	5.4	15	970	5	3	98	270076	97	267115	0.00538144	0.00333368	0.003	0.01	2753.76	1940.93	60	9422	
0.4	5.4	27	973	21	3	126	317330	124	313186	0.00729032	0.00375635	0.003	0.017	2525.69	2129.03	28	9422	
0.4	5.4	37	976	6	3	2	120	2	120	0.01	0	0.01	0.01	60	0	60	60	
0.4	5.4	37	977	38	3	5	300	5	300	0.0058	0.00383406	0.003	0.01	60	0	60	60	
0.4	5.4	24	981	3	3	67	139198	67	139198	0.00738806	0.00382161	0.003	0.017	2077.58	1352.88	60	7099	
0.4	5.4	12	982	9	3	69	157045	69	157045	0.00868116	0.00345344	0.003	0.017	2276.01	2173.05	60	9422	
0.4	5.4	26	983	3	3	189	517975	189	517975	0.00725926	0.00342573	0.003	0.01	2740.61	2044.72	45	9422	
0.4	5.4	42	985	4	3	80	73580	80	73580	0.0065	0.00431365	0.003	0.017	919.75	670.895	60	4141	
0.4	5.4	55	986	8	3	426	306768	426	306826	0.00561268	0.00406971	0.003	0.017	720.249	958.172	10	9422	
0.4	5.4	45	987	13	3	163	603167	163	603167	0.0075092	0.00336167	0.003	0.01	3700.41	2625.62	45	9422	
0.4	5.4	41	989	53	3	1	60	1	60	0.01	0	0.01	0.01	60	0	60	60	
0.4	5.4	55	991	51	3	8	480	8	480	0.00475	0.00324037	0.003	0.01	60	0	60	60	
0.4	5.4	12	992	20	3	101	342714	101	342714	0.00729703	0.00342504	0.003	0.01	3393.21	2374.89	60	9422	
0.4	5.4	42	993	29	3	95	92624	95	92624	0.0076421	0.00390285	0.003	0.017	974.989	882.559	60	4395	
0.4	5.4	34	994	31	3	158	346329	159	350470	0.00713836	0.00362739	0.003	0.017	2204.21	1799.44	60	9422	
0.4	5.4	11	995	8	3	8	10768	8	10768	0.0065	0.00374166	0.003	0.01	1346	1068.22	60	3550	
0.4	5.4	36	996	14	3	151	499551	151	499551	0.00670861	0.0035054	0.003	0.01	3308.28	2301.25	45	9422	
0.4	5.4	45	997	12	3	121	255912	121	255912	0.00728099	0.00387346	0.003	0.017	2114.98	1667.23	28	8282	
0.4	5.4	24	998	9	3	120	335390	120	335390	0.00486667	0.0031085	0.003	0.01	2794.92	1913.73	60	9422	
0.4	5.4	2	999	24	3	33	56999	33	56999	0.00724242	0.00388933	0.003	0.017	1727.24	1286.55	60	6378	
0.4	5.4	15	1000	12	3	27	68874	27	68874	0.00766667	0.00336269	0.003	0.01	2550.89	2606.94	60	9422	
0.4	5.4	46	1002	10	3	163	633425	163	633425	0.00514724	0.00323796	0.003	0.01	3886.04	2631.01	45	9422	
0.4	5.4	7	1004	1	3	118	549730	118	549730	0.003	0	0.003	0.003	4658.73	2613.38	45	9422	
0.4	5.4	1	1007	3	3	172	410947	172	410947	0.00731395	0.00341398	0.003	0.01	2389.23	1536.11	36	8873	
0.4	5.4	36	1009	3	3	180	591222	179	590630	0.00792737	0.00328946	0.003	0.017	3299.61	2201.53	45	9422	
0.4	5.4	29	1010	12	3	35	62268	35	62268	0.004	0.00248525	0.003	0.01	1779.09	1037.22	60	4395	
0.4	5.4	1	1011	16	3	131	462919	131	462919	0.003	0	0.003	0.003	3533.73	2623.43	45	9422	
0.4	5.4	54	1013	17	3	68	220825	68	220825	0.003	0	0.003	0.003	3247.43	2471.52	60	9422	
0.4	5.4	18	1015	11	3	114	460408	113	458041	0.003	0	0.003	0.003	4053.46	2530.81	45	9422	
0.4	5.4	53	1016	19	3	98	284277	98	284277	0.00328571	0.00139217	0.003	0.01	2900.79	2295.2	45	9422	
0.4	5.4	3	1018	14	3	74	175973	74	175973	0.00877027	0.003729	0.003	0.017	2378.01	2160.31	60	9422	
0.4	5.4	3	1021	19	3	1	60	1	60	0.01	0	0.01	0.01	60	0	60	60	
0.4	5.4	41	1022	57	3	65	116588	65	116588	0.00773846	0.00448008	0.003	0.017	1793.66	1545.87	21	9422	
0.4	5.4	31	1023	10	3	40	95999	40	95999	0.0072	0.00413366	0.003	0.017	2399.97	1493.39	60	5664	
0.4	5.4	42	1024	3	3	123	167053	123	167053	0.00618699	0.00350023	0.003	0.01	1358.15	1053.09	36	7099	
0.4	5.4	29	1025	1	3	96	146345	96	146345	0.00635417	0.00351532	0.003	0.01	1524.43	1264	58	9422	
0.4	5.4	29	1026	2	3	2	120	2	120	0.003	0	0.003	0.003	60	0	60	60	
0.4	5.4	38	1027	10	3	12	31478	12	31478	0.003	0	0.003	0.003	2623.17	1972.68	60	5664	
0.4	5.4	47	1028	1	3	129	571031	129	571031	0.00620155	0.00350085	0.003	0.01	4426.6	2349.71	45	9422	
0.4	5.4	52	1029	64	3	489	437999	489	437999	0.00553374	0.00339711	0.003	0.017	895.703	887.15	14	9422	
0.4	5.4	13	1030	3	3	104	417214	104	417214	0.00360577	0.00197763	0.003	0.01	4011.67	2242.42	60	9422	
0.4	5.4	55	1031	7	3	26	21504	25	21444	0.00468	0.00305123	0.003	0.01	857.76	556.401	60	1775	
0.4	5.4	40	1034	7	3	57	223755	57	223755	0.00729824	0.00343805	0.003	0.01	3925.53	3114.95	45	9422	
0.4	5.4	16	1035	17	3	260	845792	260	845792	0.00741538	0.00349469	0.003	0.017	3253.05	2285.28	60	9422	
0.4	5.4	47	1036	14	3	113	433900	113	433900	0.00783186	0.00325111	0.003	0.01	3839.82	2423.21	45	9422	
0.4	5.4	45	1037	7	3	233	930566	233	930566	0.003	0	0.003	0.003	3993.85	2707.61	45	9422	
0.4	5.4	15	1038	20	3	127	447031	127	447031	0.0063622	0.00351114	0.003	0.01	3519.93	2564.58	45	9422	
0.4	5.4	8	1039	30	3	13	8410	13	8410	0.00730769	0.00455311	0.003	0.017	646.923	579.469	60	1775	
0.4	5.4	37	1040	2	3	1	60	1	60	0.003	0	0.003	0.003	60	0	60	60	
0.4	5.4	44	1041	12	3	1	60	1	60	0.01	0	0.01	0.01	60	0	60	60	
0.4	5.4	52	1043	51	3	8	6157	8	6157	0.0065	0.00374166	0.003	0.01	769.625	785.37	60	2367	
0.4	5.4	32	1044	6	3	140	460570	140	460570	0.0053	0.00329966	0.003	0.01	3289.79	2439.87	45	9422	
0.4	5.4	39	1046	75	3	3	180	3	180	0.00533333	0.00404145	0.003	0.01	60	0	60	60	
0.4	5.4	38	1047	11	3	128	416178	128	416178	0.0051875	0.00325734	0.003	0.01	3251.39	2448.17	45	9422	
0.4	5.4	5	1051	12	3	72	252761	72	252761	0.00319444	0.00115842	0.003	0.01	3510.57	2744.79	45	9422	
0.4	5.4	31	1052	6	3	94	219872	94	219872	0.00918085	0.00226218	0.003	0.01	2339.06	2286.05	60	9422	
0.4	5.4	47	1055	8	3	38	142107	38	142107	0.0065	0.00354698	0.003	0.01	3739.66	2626.57	60	9422	
0.4	5.4	8	1058	31	3	61	143928	61	143928	0.00529508	0.00331333	0.003	0.01	2359.48	1937.52	60	9422	
0.4	5.4	14	1059	2	3	1	60	1	60	0.01	0	0.01	0.01	60	0	60	60	
0.4	5.4	54	1062	19	3	160	487687	160	487687	0.0083375	0.00318781	0.003	0.017	3048.04	2079.74	60	9422	
0.4	5.4	12	1064	15	3	143	508830	143	508830	0.00657343	0.00351153	0.003	0.01	3558.25	2362.33	45	9422	
0.4	5.4	23	1068	8	3	36	113123	36	113123	0.00669444	0.00354417	0.003	0.01	3142.31	2643.85	60	9422	
0.4	5.4	34	1069	50	3	9	5451	9	5451	0.00533333	0.0035	0.003	0.01	605.667	555.522	60	1775	
0.4	5.4	50	1070	6	3	150	707694	150	707694	0.003	0	0.003	0.003	4717.96	2797.38	45	9422	
0.4	5.4	34	1071	33	3	3	180	3	180	0.0123333	0.0106927	0.003	0.024	60	0	60	60	
0.4	5.4	38	1073	2	3	168	618947	168	618947	0.00658333	0.00350947	0.003	0.01	3684.21	2642.33	45	9422	
0.4	5.4	1	1075	4	3	101	243333	101	243333	0.00639604	0.0035159	0.003	0.01	2409.24	1614.18	36	7708	
0.4	5.4	46	1076	25	3	26	51018	25	50426	0.00748	0.00342929	0.003	0.01	2017.04	1436.76	60	4904	
0.4	5.4	2	1079	16	3	142	508014	142	508014	0.003	0	0.003	0.003	3577.56	2480.67	60	9422	
0.4	5.4	8	1082	4	3	44	65827	44	65827	0.00634091	0.0035368	0.003	0.01	1496.07	1137.96	60	5324	
0.4	5.4	14	1084	11	3	2	120	2	120	0.0065	0.00494975	0.003	0.01	60	0	60	60	
0.4	5.4	37	1085	10	3	1	60	1	60	0.01	0	0.01	0.01	60	0	60	60	
0.4	5.4	35	1086	15	3	93	263417	93	263417	0.00954839	0.00201363	0.003	0.017	2832.44	1998.21	60	9422	
0.4	5.4	34	1087	1	3	82	111554	80	108594	0.0069375	0.00414406	0.003	0.017	1357.42	1044.35	19	4395	
0.4	5.4	41	1088	18	3	225	383885	225	383885	0.00598667	0.00346987	0.003	0.01	1706.16	1434.11	60	9422	
0.4	5.4	20	1089	1	3	22	55154	21	52196	0.00933333	0.00305505	0.003	0.017	2485.52	1436.09	60	4395	
0.4	5.4	48	1090	16	3	74	173129	73	169579	0.00606849	0.00349734	0.003	0.01	2323	2036.97	57	9422	
0.4	5.4	46	1092	22	3	164	402166	165	403941	0.00618182	0.00374373	0.003	0.017	2448.13	1770.06	60	8929	
0.4	5.4	34	1097	36	3	109	169089	109	169089	0.00653211	0.003999	0.003	0.017	1551.28	1365.02	60	9422	
0.4	5.4	16	1100	10	3	155	575917	155	575917	0.003	0	0.003	0.003	3715.59	2577.03	45	9422	
0.4	5.4	25	1101	4	3	67	159890	67	159890	0.00791045	0.00344978	0.003	0.017	2386.42	1746.84	57	9422	
0.4	5.4	34	1102	5	3	2	120	2	120	0.003	0	0.003	0.003	60	0	60	60	
0.4	5.4	28	1104	5	3	44	174058	44	174058	0.00888636	0.00258993	0.003	0.01	3955.86	2196.56	60	9422	
0.4	5.4	28	1105	6	3	97	343970	97	343970	0.00898969	0.00247275	0.003	0.01	3546.08	2326.18	60	9422	
0.4	5.4	42	1106	36	3	52	114406	52	114406	0.00528846	0.00331566	0.003	0.01	2200.12	1463.27	3	7379	
0.4	5.4	48	1107	25	3	51	119823	53	123852	0.00815094	0.00311569	0.003	0.01	2336.83	1905.84	60	9422	
0.4	5.4	26	1108	13	3	106	347430	106	347430	0.00782075	0.00325663	0.003	0.01	3277.64	2225.22	60	9422	
0.4	5.4	39	1110	19	3	187	411551	187	411551	0.00419786	0.00264339	0.003	0.01	2200.81	1778.15	60	9422	
0.4	5.4	20	1112	10	3	194	568851	194	564882	0.00884536	0.00313542	0.003	0.017	2911.76	2306.36	45	9422	
0.4	5.4	39	1113	46	3	45	59937	44	56976	0.00634091	0.0035368	0.003	0.01	1294.91	918.526	60	4395	
0.4	5.4	39	1117	31	3	39	65215	39	65215	0.00784615	0.00429528	0.003	0.017	1672.18	1497.76	60	9422	
0.4	5.4	46	1120	30	3	37	113132	37	113132	0.003	0	0.003	0.003	3057.62	2705.59	60	9422	
0.4	5.4	2	1121	8	3	151	293775	151	293775	0.00791391	0.00340967	0.003	0.017	1945.53	1708.58	45	9422	
0.4	5.4	55	1122	31	3	254	151407	254	151407	0.00473622	0.00309234	0.003	0.017	596.091	534.336	31	4395	
0.4	5.4	55	1123	38	3	437	279505	437	279505	0.00553089	0.0037462	0.003	0.017	639.6	555.609	14	3550	
0.4	5.4	1	1124	11	3	154	440496	155	445820	0.00701935	0.00356292	0.003	0.017	2876.26	1963.55	10	9422	
0.4	5.4	52	1125	18	3	138	89069	138	89069	0.00523188	0.00327407	0.003	0.01	645.428	492.609	33	2961	
0.4	5.4	41	1126	66	3	78	135199	78	135199	0.00739743	0.00438516	0.003	0.017	1733.32	1238.59	32	5324	
0.4	5.4	54	1127	12	3	173	642790	173	642790	0.00405202	0.00250874	0.003	0.01	3715.55	2688.36	45	9422	
0.4	5.4	41	1128	6	3	2	120	2	120	0.01	0	0.01	0.01	60	0	60	60	
0.4	5.4	51	1129	5	3	168	641006	168	641006	0.00520833	0.00326266	0.003	0.01	3815.51	2285.27	45	9422	
0.4	5.4	55	1130	1	3	109	151818	109	151818	0.003	0	0.003	0.003	1392.83	1104.67	48	5916	
0.4	5.4	48	1132	4	3	61	145689	61	145689	0.00632787	0.00352478	0.003	0.01	2388.34	1779.4	60	7099	
0.4	5.4	25	1133	17	3	87	237990	87	237990	0.00790804	0.00322286	0.003	0.01	2735.52	2221.91	45	9422	
0.4	5.4	17	1134	4	3	122	403153	122	403153	0.00334426	0.00151995	0.003	0.01	3304.53	3042.12	45	9422	
0.4	5.4	55	1136	5	3	2	120	2	120	0.0065	0.00494975	0.003	0.01	60	0	60	60	
0.4	5.4	44	1137	11	3	32	61662	32	61662	0.009125	0.00294848	0.003	0.017	1926.94	1250.08	60	4395	
0.4	5.4	12	1138	12	3	148	638627	148	638627	0.00375676	0.002181	0.003	0.01	4315.05	3055.18	45	9422	
0.4	5.4	26	1139	7	3	120	406761	120	406761	0.003	0	0.003	0.003	3389.68	2344.63	60	9422	
0.4	5.4	13	1140	16	3	1	60	1	60	0.01	0	0.01	0.01	60	0	60	60	
0.4	5.4	52	1148	49	3	1	60	1	60	0.003	0	0.003	0.003	60	0	60	60	
0.4	5.4	33	1149	4	3	1	60	1	60	0.003	0	0.003	0.003	60	0	60	60	
0.4	5.4	57	1150	12	3	69	230290	69	230290	0.00756522	0.00335839	0.003	0.01	3337.54	2730.77	60	9422	
0.4	5.4	46	1151	31	3	59	166977	59	166977	0.00561017	0.00341405	0.003	0.01	2830.12	2103.01	60	9422	
0.4	5.4	56	1153	14	3	50	184123	50	184123	0.00678	0.0035242	0.003	0.01	3682.46	1962.53	60	9422	
0.4	5.4	29	1155	11	3	95	307803	95	307803	0.003	0	0.003	0.003	3240.03	2428.27	45	9422	
0.4	5.4	19	1157	7	3	110	254118	107	248543	0.00797196	0.00372513	0.003	0.017	2322.83	1843.89	60	9422	
0.4	5.4	19	1159	18	3	17	25509	17	25509	0.00752941	0.00344815	0.003	0.01	1500.53	856.683	60	2958	
0.4	5.4	21	1160	2	3	154	419354	154	419354	0.00568182	0.00341413	0.003	0.01	2723.08	2122.81	60	9422	
0.4	5.4	19	1164	16	3	110	363405	109	363032	0.00736697	0.00340659	0.003	0.01	3330.57	2456.23	16	9422	
0.4	5.4	37	1166	36	3	91	136970	90	136128	0.00618889	0.00434701	0.003	0.017	1512.53	1262.59	60	9422	
0.4	5.4	48	1167	17	3	70	191484	70	191484	0.0047	0.00302334	0.003	0.01	2735.49	2350.68	45	9422	
0.4	5.4	52	1169	9	3	78	67042	78	67042	0.00569231	0.00342757	0.003	0.01	859.513	475.213	43	1775	
0.4	5.4	42	1172	20	3	84	176088	84	176088	0.003	0	0.003	0.003	2096.29	2185.95	45	9422	
0.4	5.4	39	1173	59	3	18	21428	18	21428	0.00533333	0.00415862	0.003	0.017	1190.44	928.901	38	3550	
0.4	5.4	27	1177	3	3	2	120	2	120	0.01	0	0.01	0.01	60	0	60	60	
0.4	5.4	29	1178	9	3	3	1892	3	1892	0.00533333	0.00404145	0.003	0.01	630.667	562.2	60	1184	
0.4	5.4	6	1179	6	3	163	658609	162	656834	0.00706173	0.00346534	0.003	0.01	4054.53	2628.33	36	9422	
0.4	5.4	37	1181	40	3	154	382396	154	382396	0.0055	0.00336505	0.003	0.01	2483.09	2077.73	60	9422	
0.4	5.4	52	1182	14	3	19	7246	19	7246	0.00521053	0.00334297	0.003	0.01	381.368	240.023	60	1095	
0.4	5.4	18	1185	7	3	148	662911	148	662911	0.00323649	0.001269	0.003	0.01	4479.13	2793.53	45	9422	
0.4	5.4	2	1186	7	3	24	59296	24	59296	0.003	0	0.003	0.003	2470.67	2232.61	60	9422	
0.4	5.4	43	1187	17	3	5	4204	5	4204	0.003	0	0.003	0.003	840.8	506.189	60	1184	
0.4	5.4	20	1188	8	3	115	324010	115	324010	0.00732174	0.00341706	0.003	0.01	2817.48	2161.85	10	9422	
0.4	5.4	52	1189	28	3	225	260733	225	260733	0.00508444	0.00340653	0.003	0.017	1158.81	1029.16	13	5664	
0.4	5.4	24	1190	18	3	148	486977	149	488161	0.00793288	0.00350032	0.003	0.017	3276.25	2535.41	32	9422	
0.4	5.4	18	1191	8	3	112	392971	112	392971	0.00425	0.002693	0.003	0.01	3508.67	2087.69	60	9422	
0.4	5.4	57	1193	2	3	39	68175	39	68175	0.00766667	0.00334297	0.003	0.01	1748.08	899.885	60	3550	
0.4	5.4	34	1194	67	3	160	170088	161	170680	0.00582609	0.00370231	0.003	0.017	1060.12	826.71	36	4733	
0.4	5.4	54	1196	13	3	3	180	3	180	0.00766667	0.00404145	0.003	0.01	60	0	60	60	
0.4	5.4	37	1197	48	3	152	217360	151	216768	0.00652318	0.0041115	0.003	0.017	1435.55	1132.14	60	9422	
0.4	5.4	39	1198	5	3	4	240	4	240	0.01	0.00571548	0.003	0.017	60	0	60	60	
0.4	5.4	47	1199	4	3	1	60	1	60	0.01	0	0.01	0.01	60	0	60	60	
0.4	5.4	27	1200	13	3	155	598403	155	598403	0.003	0	0.003	0.003	3860.66	2779.92	45	9422	
0.4	5.4	6	1201	4	3	72	281969	72	281969	0.00727778	0.00343643	0.003	0.01	3916.24	2565.12	36	9422	
0.4	5.4	42	1202	26	3	200	432734	201	433918	0.0062388	0.00349896	0.003	0.01	2158.8	1720.73	6	9422	
0.4	5.4	12	1203	5	3	74	238084	74	238084	0.00422973	0.00268199	0.003	0.01	3217.35	2167.54	60	9422	
0.4	5.4	19	1204	3	3	39	108398	39	108398	0.003	0	0.003	0.003	2779.44	2507.64	60	9422	
0.4	5.4	54	1205	3	3	69	224952	69	224952	0.003	0	0.003	0.003	3260.17	2148.84	60	9422	
0.4	5.4	39	1206	15	3	5	300	5	300	0.0072	0.00383406	0.003	0.01	60	0	60	60	
0.4	5.4	6	1207	13	3	60	177085	60	177085	0.00848333	0.00290815	0.003	0.01	2951.42	1949.13	36	7690	
0.4	5.4	13	1210	4	3	15	16158	14	13791	0.0085	0.00298071	0.003	0.01	985.071	546.487	60	1775	
0.4	5.4	17	1211	20	3	97	264595	97	264595	0.00877319	0.00267514	0.003	0.01	2727.78	2629.28	45	9422	
0.4	5.4	48	1212	14	3	51	120246	51	120246	0.00890196	0.00324503	0.003	0.017	2357.76	1825.61	13	7099	
0.4	5.4	52	1214	10	3	1	60	1	60	0.01	0	0.01	0.01	60	0	60	60	
0.4	5.4	48	1216	26	3	132	287387	131	286203	0.00770229	0.00382843	0.003	0.017	2184.76	1879.44	60	9422	
0.4	5.4	56	1217	15	3	93	244514	93	244514	0.00849462	0.00339956	0.003	0.017	2629.18	2038.97	36	9422	
0.4	5.4	37	1218	27	3	1	60	1	60	0.017	0	0.017	0.017	60	0	60	60	
0.4	5.4	8	1220	10	3	1	60	1	60	0.003	0	0.003	0.003	60	0	60	60	
0.4	5.4	22	1223	1	3	103	306631	103	306631	0.00809709	0.00327951	0.003	0.017	2977	2244.73	45	9422	
0.4	5.4	1	1224	9	3	166	395081	166	397447	0.00835542	0.0038471	0.003	0.017	2394.26	1868.93	48	7690	
0.4	5.4	34	1227	47	3	111	279456	112	281231	0.00625	0.00350675	0.003	0.01	2510.99	1880.06	60	8873	
0.4	5.4	54	1229	15	3	69	170546	69	170546	0.00685507	0.00350745	0.003	0.01	2471.68	2172.3	18	9422	
0.4	5.4	13	1230	17	3	170	707242	170	707242	0.00431765	0.00274438	0.003	0.01	4160.25	2630.85	45	9422	
0.4	5.4	27	1232	4	3	102	268768	102	268768	0.00759804	0.00375027	0.003	0.017	2634.98	1890.7	28	9422	
0.4	5.4	28	1233	14	3	2	708	2	708	0.01	0	0.01	0.01	354	415.779	60	648	
0.4	5.4	7	1235	7	3	121	550981	122	551041	0.00672951	0.00350687	0.003	0.01	4516.73	2908.19	45	9422	
0.4	5.4	39	1236	33	3	3	180	3	180	0.00533333	0.00404145	0.003	0.01	60	0	60	60	
0.4	5.4	34	1237	28	3	94	118520	94	118520	0.00530851	0.0033086	0.003	0.01	1260.85	972.9	30	4904	
0.4	5.4	48	1238	1	3	40	93628	40	93628	0.007725	0.00332039	0.003	0.01	2340.7	1844.34	60	9422	
0.4	5.4	38	1239	18	3	38	81181	38	81181	0.00336842	0.00158406	0.003	0.01	2136.34	1285.5	60	5324	
0.4	5.4	21	1240	8	3	31	42140	31	42140	0.00570968	0.00346596	0.003	0.01	1359.35	764.619	60	3550	
0.4	5.4	41	1242	20	3	1	60	1	60	0.01	0	0.01	0.01	60	0	60	60	
0.4	5.4	27	1244	8	3	121	332768	121	332768	0.00728099	0.00342594	0.003	0.01	2750.15	2463.19	45	9422	
0.4	5.4	1	1245	22	3	103	346256	103	346256	0.00673786	0.00350898	0.003	0.01	3361.71	3108.53	45	9422	
0.4	5.4	37	1246	46	3	151	168816	151	168816	0.00689404	0.00348932	0.003	0.01	1117.99	1076.73	60	9422	
0.4	5.4	8	1247	16	3	140	280694	140	280694	0.0061	0.00387261	0.003	0.017	2004.96	1769.47	60	9422	
0.4	5.4	23	1248	5	3	144	694544	144	694544	0.00440972	0.00281706	0.003	0.01	4823.22	2248.79	45	9422	
0.4	5.4	13	1251	18	3	81	249450	81	249450	0.00749383	0.0035536	0.003	0.017	3079.63	2603.24	45	9422	
0.4	5.4	47	1252	2	3	86	417913	86	417913	0.003	0	0.003	0.003	4859.45	3153.88	45	9422	
0.4	5.4	20	1258	11	3	45	149229	45	149229	0.003	0	0.003	0.003	3316.2	2118.68	60	9422	
0.4	5.4	40	1259	2	3	4	240	4	240	0.00825	0.0035	0.003	0.01	60	0	60	60	
0.4	5.4	52	1260	66	3	2	120	2	120	0.003	0	0.003	0.003	60	0	60	60	
0.4	5.4	41	1261	23	3	68	158728	68	158728	0.00670588	0.00351992	0.003	0.01	2334.24	2160.57	60	9422	
0.4	5.4	27	1262	10	3	138	273543	138	273543	0.00721014	0.00364171	0.003	0.017	1982.2	1803.95	45	9422	
0.4	5.4	52	1263	35	3	322	165766	322	165766	0.00515217	0.00395675	0.003	0.024	514.801	804.855	26	9422	
0.4	5.4	10	1265	14	3	52	158874	52	158874	0.00730769	0.00343876	0.003	0.01	3055.27	2023.58	60	8282	
0.4	5.4	51	1266	4	3	85	166429	85	166429	0.00497647	0.00334869	0.003	0.017	1957.99	1478.98	60	9422	
0.4	5.4	11	1267	9	3	63	182484	62	180117	0.00774193	0.00329896	0.003	0.01	2905.11	2101.71	60	7690	
0.4	5.4	57	1268	10	3	5	5442	5	5442	0.0058	0.00383406	0.003	0.01	1088.4	742.216	60	1775	
0.4	5.4	27	1269	1	3	85	184165	85	184165	0.00769412	0.00348132	0.003	0.017	2166.65	1786.88	60	9422	
0.4	5.4	34	1271	27	3	7	5504	7	5504	0.006	0.00550757	0.003	0.017	786.286	722.806	60	1775	
0.4	5.4	15	1272	14	3	157	489110	156	488085	0.00672436	0.00359314	0.003	0.017	3128.75	2542.5	45	9422	
0.4	5.4	31	1275	4	3	40	117980	40	117980	0.00755	0.00338132	0.003	0.01	2949.5	2540.81	10	9422	
0.4	5.4	42	1277	21	3	57	55777	54	52817	0.0087037	0.004725	0.003	0.017	978.093	536.71	43	2073	
0.4	5.4	55	1279	26	3	307	165045	305	162585	0.00616721	0.00449871	0.003	0.024	533.066	857.575	10	9422	
0.4	5.4	26	1280	12	3	117	488333	117	488333	0.00641026	0.0035139	0.003	0.01	4173.79	2863.35	28	9422	
0.4	5.4	2	1282	29	3	20	42730	20	42730	0.00615	0.00423364	0.003	0.017	2136.5	2046.14	60	7099	
0.4	5.4	41	1283	30	3	1	60	1	60	0.003	0	0.003	0.003	60	0	60	60	
0.4	5.4	11	1286	16	3	50	140463	50	140463	0.00846	0.00292916	0.003	0.01	2809.26	2595.18	60	9422	
0.4	5.4	7	1289	11	3	143	632559	143	632559	0.003	0	0.003	0.003	4423.49	2367.28	45	9422	
0.4	5.4	47	1293	16	3	113	502392	113	502392	0.00770796	0.00329957	0.003	0.01	4445.95	2429.72	45	9422	
0.4	5.4	51	1294	13	3	47	136804	47	136804	0.00568085	0.00373646	0.003	0.017	2910.72	2725.39	60	9422	
0.4	5.4	27	1295	23	3	74	183557	74	183557	0.00602703	0.00349157	0.003	0.01	2480.5	1832.84	60	9422	
0.4	5.4	46	1296	14	3	41	78240	41	78240	0.00760976	0.00370728	0.003	0.017	1908.29	1396.49	60	5324	
0.4	5.4	55	1298	6	3	3	180	3	180	0.00766667	0.00404145	0.003	0.01	60	0	60	60	
0.4	5.4	3	1300	6	3	2	120	2	120	0.0065	0.00494975	0.003	0.01	60	0	60	60	
0.4	5.4	37	1301	41	3	146	180279	146	180279	0.00712329	0.00364624	0.003	0.017	1234.79	1017.6	60	5916	
0.4	5.4	2	1302	9	3	2	120	2	120	0.0065	0.00494975	0.003	0.01	60	0	60	60	
0.4	5.4	47	1304	18	3	87	333214	86	330847	0.00772093	0.00329938	0.003	0.01	3847.06	2644.75	45	9422	
0.4	5.4	41	1305	10	3	2	120	2	120	0.0065	0.00494975	0.003	0.01	60	0	60	60	
0.4	5.4	39	1306	14	3	3	180	3	180	0.00766667	0.00404145	0.003	0.01	60	0	60	60	
0.4	5.4	34	1307	44	3	46	47151	46	47151	0.0058913	0.00456668	0.003	0.017	1025.02	650.432	19	2961	
0.4	5.4	40	1308	19	3	4	3667	4	3667	0.00825	0.0035	0.003	0.01	916.75	733.545	60	1775	
0.4	5.4	38	1309	9	3	75	254525	75	254525	0.003	0	0.003	0.003	3393.67	2148.81	60	9422	
0.4	5.4	7	1310	2	3	158	511688	157	503998	0.003	0	0.003	0.003	3210.18	2338.38	45	9422	
0.4	5.4	32	1312	5	3	91	412489	91	412489	0.003	0	0.003	0.003	4532.85	2980.88	45	9422	
0.4	5.4	16	1313	12	3	108	291359	107	288992	0.00646729	0.00351632	0.003	0.01	2700.86	2001.64	60	9422	
0.4	5.4	12	1314	3	3	63	129704	63	129704	0.00811111	0.0031321	0.003	0.01	2058.79	2415.68	10	9422	
0.4	5.4	13	1316	9	3	168	686440	168	686440	0.00679167	0.00349825	0.003	0.01	4085.95	2174.03	45	9422	
0.4	5.4	39	1319	3	3	2	120	2	120	0.01	0	0.01	0.01	60	0	60	60	
0.4	5.4	41	1320	50	3	3	710	3	710	0.00533333	0.00404145	0.003	0.01	236.667	233.204	60	501	
0.4	5.4	52	1321	25	3	273	259019	273	259019	0.00494872	0.0031432	0.003	0.01	948.788	1140.76	26	9422	
0.4	5.4	54	1323	18	3	74	146932	74	146932	0.00574324	0.00344054	0.003	0.01	1985.57	2050.41	60	9422	
0.4	5.4	10	1325	4	3	78	131647	78	131647	0.00658974	0.00369779	0.003	0.017	1687.78	1615.55	58	9422	
0.4	5.4	27	1326	22	3	1	60	1	60	0.003	0	0.003	0.003	60	0	60	60	
0.4	5.4	35	1328	13	3	13	13252	13	13252	0.00353846	0.00194145	0.003	0.01	1019.38	635.552	60	1775	
0.4	5.4	37	1329	31	3	150	481788	151	486521	0.00443709	0.00283684	0.003	0.01	3221.99	2462.84	45	9422	
0.4	5.4	51	1330	9	3	87	302568	87	302568	0.003	0	0.003	0.003	3477.79	2563.18	45	9422	
0.4	5.4	51	1331	3	3	134	374078	133	371711	0.00689474	0.00349082	0.003	0.01	2794.82	1803.65	36	8282	
0.4	5.4	44	1332	6	3	129	284781	130	285373	0.00752308	0.00368364	0.003	0.017	2195.18	1600.44	60	7099	
0.4	5.4	37	1333	8	3	3	180	3	180	0.00533333	0.00404145	0.003	0.01	60	0	60	60	
0.4	5.4	36	1334	1	3	159	639036	159	639036	0.003	0	0.003	0.003	4019.09	2888.45	45	9422	
0.4	5.4	39	1336	72	3	121	125817	122	128133	0.00592623	0.00410838	0.003	0.017	1050.27	793.879	23	4481	
0.4	5.4	27	1337	14	3	14	42717	14	42717	0.0075	0.00348072	0.003	0.01	3051.21	3376.3	60	9422	
0.4	5.4	4	1339	6	3	1	60	1	60	0.01	0	0.01	0.01	60	0	60	60	
0.4	5.4	30	1340	4	3	111	359858	111	359858	0.00842342	0.00293738	0.003	0.01	3241.96	2095.34	60	9422	
0.4	5.4	52	1341	53	3	411	505961	411	505961	0.00543552	0.00333826	0.003	0.01	1231.05	1474.84	23	9422	
0.4	5.4	45	1342	9	3	85	246974	85	246974	0.00374118	0.00216659	0.003	0.01	2905.58	2184.6	60	9422	
0.4	5.4	39	1343	71	3	99	101351	99	101351	0.00731313	0.00476519	0.003	0.024	1023.75	939.376	32	4904	
0.4	5.4	17	1344	1	3	78	157061	78	157061	0.00757692	0.00335176	0.003	0.01	2013.6	1789.55	48	9422	
0.4	5.4	44	1346	18	3	146	531462	146	531462	0.003	0	0.003	0.003	3640.15	2419.53	45	9422	
0.4	5.4	37	1347	28	3	106	209617	106	209617	0.00537736	0.00333082	0.003	0.01	1977.52	1255.43	60	5916	
0.4	5.4	25	1349	7	3	104	367665	104	367665	0.003	0	0.003	0.003	3535.24	2510.9	60	9422	
0.4	5.4	8	1351	33	3	106	292557	106	292557	0.00524528	0.00328289	0.003	0.01	2759.97	2042.55	57	9422	
0.4	5.4	43	1352	10	3	2	120	2	120	0.0065	0.00494975	0.003	0.01	60	0	60	60	
0.4	5.4	55	1353	25	3	247	191845	247	191845	0.00538057	0.00355458	0.003	0.017	776.7	1115.78	60	9422	
0.4	5.4	21	1354	14	3	116	310165	116	310165	0.003	0	0.003	0.003	2673.84	2199.88	60	9422	
0.4	5.4	55	1357	15	3	343	338957	343	338957	0.00457143	0.00292499	0.003	0.01	988.213	719.987	58	5324	
0.4	5.4	46	1358	11	3	172	723216	172	723216	0.003	0	0.003	0.003	4204.74	2612.17	60	9422	
0.4	5.4	44	1359	15	3	124	384739	124	384739	0.00734677	0.00363596	0.003	0.017	3102.73	2164.55	28	9422	
0.4	5.4	23	1360	12	3	3	180	3	180	0.00766667	0.00404145	0.003	0.01	60	0	60	60	
0.4	5.4	56	1362	9	3	94	261054	94	261054	0.00493617	0.00331114	0.003	0.017	2777.17	2264.27	45	9422	
0.4	5.4	47	1364	6	3	7	14316	6	8992	0.0065	0.00383406	0.003	0.01	1498.67	1204.42	60	3550	
0.4	5.4	37	1366	22	3	173	310260	174	311444	0.00464942	0.00297933	0.003	0.01	1789.91	998.33	4	5916	
0.4	5.4	26	1368	11	3	2	120	2	120	0.003	0	0.003	0.003	60	0	60	60	
0.4	5.4	56	1369	18	3	107	360068	107	360068	0.00548598	0.00336565	0.003	0.01	3365.12	2597.73	45	9422	
0.4	5.4	34	1370	15	3	108	135702	108	135702	0.00617592	0.0037537	0.003	0.017	1256.5	1254.21	60	9422	
0.4	5.4	14	1371	6	3	68	214308	67	212533	0.003	0	0.003	0.003	3172.13	3005.99	45	9422	
0.4	5.4	40	1372	13	3	4	3667	4	3667	0.00475	0.0035	0.003	0.01	916.75	733.545	60	1775	
0.4	5.4	52	1373	5	3	3	710	3	710	0.00533333	0.00404145	0.003	0.01	236.667	221.378	60	485	
0.4	5.4	55	1374	43	3	243	244815	243	244815	0.00550617	0.00336286	0.003	0.01	1007.47	852.076	24	4904	
0.4	5.4	10	1375	11	3	11	26151	11	26151	0.00872727	0.00283164	0.003	0.01	2377.36	2454.29	60	8873	
0.4	5.4	43	1376	2	3	10	23193	10	23193	0.01	0	0.01	0.01	2319.3	1766.03	60	5324	
0.4	5.4	32	1377	18	3	11	40346	11	40346	0.00363636	0.00211058	0.003	0.01	3667.82	2845.55	60	8873	
0.4	5.4	38	1378	12	3	116	270069	116	270069	0.00788793	0.00322698	0.003	0.01	2328.18	1650.22	60	8873	
0.4	5.4	36	1380	5	3	63	164613	63	164613	0.00855555	0.00285554	0.003	0.01	2612.9	2004.86	60	7690	
0.4	5.4	21	1382	7	3	92	252299	92	252299	0.00467391	0.00300223	0.003	0.01	2742.38	1888.92	60	9422	
0.4	5.4	34	1384	59	3	121	171841	121	171841	0.00571901	0.00387346	0.003	0.017	1420.17	1017.72	60	5324	
0.4	5.4	55	1385	10	3	211	147124	211	147124	0.00535545	0.00352024	0.003	0.017	697.27	482.233	10	2367	
0.4	5.4	53	1389	5	3	88	155267	88	155267	0.00673864	0.00449647	0.003	0.017	1764.4	1423.91	11	8282	
0.4	5.4	52	1390	44	3	298	169151	298	169151	0.00499664	0.0036501	0.003	0.017	567.621	516.689	25	3822	
0.4	5.4	45	1392	5	3	85	259868	85	259868	0.00629412	0.00351468	0.003	0.01	3057.27	2221.49	60	9422	
0.4	5.4	5	1395	16	3	15	22014	15	22014	0.00766667	0.00341565	0.003	0.01	1467.6	893.019	60	3550	
0.4	5.4	49	1396	20	3	118	259677	117	259085	0.00808547	0.00313372	0.003	0.01	2214.4	1469.51	60	7099	
0.4	5.4	32	1397	4	3	1	60	1	60	0.003	0	0.003	0.003	60	0	60	60	
0.4	5.4	39	1398	24	3	113	175317	113	175317	0.00646903	0.00351545	0.003	0.01	1551.48	1238.95	21	5664	
0.4	5.4	11	1401	17	3	61	146868	61	146868	0.003	0	0.003	0.003	2407.67	1973.56	60	9422	
0.4	5.4	24	1404	16	3	97	264046	97	264046	0.0056701	0.00341785	0.003	0.01	2722.12	1636.68	60	9422	
0.4	5.4	38	1405	14	3	93	258104	93	258104	0.00766667	0.00331772	0.003	0.01	2775.31	2174.88	60	9422	
0.4	5.4	54	1406	5	3	76	161694	75	158144	0.00682667	0.00350819	0.003	0.01	2108.59	1342.35	60	5861	
0.4	5.4	43	1407	11	3	137	479955	137	479955	0.00734306	0.00340941	0.003	0.01	3503.32	2534.05	45	9422	
0.4	5.4	44	1408	19	3	23	51604	23	51604	0.00786956	0.0032933	0.003	0.01	2243.65	2335.43	60	9422	
0.4	5.4	31	1410	1	3	29	78224	29	78224	0.00541379	0.00338608	0.003	0.01	2697.38	1770.62	60	7099	
0.4	5.4	46	1411	15	3	129	466355	129	466355	0.00413953	0.0025943	0.003	0.01	3615.16	2236.09	45	9422	
0.4	5.4	34	1412	24	3	177	223017	177	223017	0.00592655	0.00419012	0.003	0.017	1259.98	1195.36	13	7690	
0.4	5.4	5	1413	5	3	1	60	1	60	0.01	0	0.01	0.01	60	0	60	60	
0.4	5.4	34	1414	35	3	12	7228	12	7228	0.00475	0.00316587	0.003	0.01	602.333	344.917	60	1184	
0.4	5.4	55	1415	17	3	248	314159	248	314159	0.00534274	0.003485	0.003	0.017	1266.77	1755.76	56	9422	
0.4	5.4	1	1416	18	3	64	156350	64	156350	0.007375	0.00363624	0.003	0.017	2442.97	2115.15	60	9422	
0.4	5.4	57	1420	6	3	48	191813	48	191813	0.00897917	0.00249672	0.003	0.01	3996.1	2374.08	60	9422	
0.4	5.4	14	1421	8	3	11	40347	9	30288	0.00844444	0.00308671	0.003	0.01	3365.33	3087.69	60	8873	
0.4	5.4	22	1422	19	3	35	98928	35	98928	0.0032	0.00118322	0.003	0.01	2826.51	1597.44	60	5916	
0.4	5.4	22	1424	17	3	79	203079	79	203079	0.00388607	0.0023424	0.003	0.01	2570.62	1853.31	60	7099	
