% start	end	CellId	IMSI	RNTI	LCID	nTxPDUs	TxBytes	nRxPDUs	RxBytes	delay	stdDev	min	max	PduSize	stdDev	min	max
0.4	5.4	49	1	5	3	78	168781	75	164976	0.00729333	0.00343186	0.003	0.01	2199.68	1331.34	60	4733	
0.4	5.4	34	2	16	3	2	120	2	120	0.003	0	0.003	0.003	60	0	60	60	
0.4	5.4	4	3	19	3	2	120	2	120	0.01	0	0.01	0.01	60	0	60	60	
0.4	5.4	19	4	9	3	4	240	4	240	0.00475	0.0035	0.003	0.01	60	0	60	60	
0.4	5.4	55	5	36	3	225	270872	225	270872	0.00567555	0.00388869	0.003	0.017	1203.88	1167.02	60	9422	
0.4	5.4	14	6	19	3	108	260508	108	260508	0.00902778	0.00363899	0.003	0.017	2412.11	2175.15	26	9422	
0.4	5.4	11	10	10	3	65	217859	65	217859	0.00838461	0.00297223	0.003	0.01	3351.68	2085.06	60	8873	
0.4	5.4	2	11	30	3	92	141113	91	140521	0.00746154	0.00411044	0.003	0.017	1544.19	1326.89	60	9422	
0.4	5.4	15	13	10	3	171	746963	171	746963	0.00561988	0.00339748	0.003	0.01	4368.2	2856.76	45	9422	
0.4	5.4	2	16	16	3	2	120	2	120	0.01	0	0.01	0.01	60	0	60	60	
0.4	5.4	26	17	5	3	144	559326	144	559326	0.003	0	0.003	0.003	3884.21	2046.64	60	9422	
0.4	5.4	36	18	2	3	119	420221	120	424954	0.00848333	0.00289591	0.003	0.01	3541.28	2517.6	36	9422	
0.4	5.4	22	21	23	3	37	69955	37	69955	0.003	0	0.003	0.003	1890.68	1022.89	60	4395	
0.4	5.4	15	22	23	3	6	8992	6	8992	0.01	0	0.01	0.01	1498.67	1204.42	60	3550	
0.4	5.4	11	24	4	3	157	536297	156	532747	0.00753205	0.00344808	0.003	0.017	3415.04	2189.91	60	9422	
0.4	5.4	41	26	5	3	148	95703	148	95703	0.00489189	0.00311925	0.003	0.01	646.642	509.85	43	3422	
0.4	5.4	41	27	33	3	365	457933	366	458315	0.0050082	0.00317049	0.003	0.01	1252.23	953.386	7	4395	
0.4	5.4	37	28	55	3	1	60	1	60	0.003	0	0.003	0.003	60	0	60	60	
0.4	5.4	10	29	4	3	7	14316	7	14316	0.007	0.00374166	0.003	0.01	2045.14	1816.4	60	5324	
0.4	5.4	13	30	16	3	77	156367	77	156367	0.00618182	0.00350836	0.003	0.01	2030.74	1730.3	10	8873	
0.4	5.4	4	32	20	3	26	71233	26	71233	0.00569231	0.00347297	0.003	0.01	2739.73	2855.14	45	9422	
0.4	5.4	23	33	13	3	21	59289	21	59289	0.00766667	0.00338132	0.003	0.01	2823.29	1963.41	60	8282	
0.4	5.4	49	34	19	3	102	156440	102	156440	0.00588235	0.00359949	0.003	0.017	1533.73	1258.01	49	5916	
0.4	5.4	11	37	9	3	112	410785	112	410785	0.003	0	0.003	0.003	3667.72	2074.53	60	9422	
0.4	5.4	41	39	50	3	201	183803	201	183803	0.00505473	0.00348884	0.003	0.017	914.443	817.53	18	4733	
0.4	5.4	22	41	2	3	137	338167	139	344084	0.00622302	0.00350164	0.003	0.01	2475.42	1421.02	60	6882	
0.4	5.4	9	42	2	3	149	482017	149	482017	0.00610067	0.00348887	0.003	0.01	3235.01	2104.24	45	9422	
0.4	5.4	34	43	44	3	351	478009	352	480376	0.00717614	0.00473668	0.003	0.024	1364.7	1403.7	13	9422	
0.4	5.4	6	44	13	3	137	513094	137	513094	0.00764963	0.00331794	0.003	0.01	3745.21	2484.98	45	9422	
0.4	5.4	55	45	6	3	140	164213	140	164213	0.00705	0.00394444	0.003	0.017	1172.95	903.96	48	7520	
0.4	5.4	39	46	12	3	71	137433	71	137433	0.003	0	0.003	0.003	1935.68	1456.88	4	7690	
0.4	5.4	28	47	17	3	124	406623	124	406623	0.00881452	0.00278313	0.003	0.017	3279.22	1994.3	60	9422	
0.4	5.4	41	48	48	3	28	9204	28	9204	0.0045	0.00349073	0.003	0.017	328.714	313.683	5	1184	
0.4	5.4	13	49	29	3	14	21483	14	21483	0.0085	0.00298071	0.003	0.01	1534.5	1814.25	60	5324	
0.4	5.4	21	50	30	3	132	532600	132	532600	0.00618182	0.00349879	0.003	0.01	4034.85	2910.64	45	9422	
0.4	5.4	34	51	28	3	2	120	2	120	0.0065	0.00494975	0.003	0.01	60	0	60	60	
0.4	5.4	45	52	9	3	28	58710	28	58710	0.00875	0.00428283	0.003	0.017	2096.79	1388.24	60	5324	
0.4	5.4	18	53	13	3	229	750381	229	750381	0.00504803	0.0031916	0.003	0.01	3276.77	2858.95	45	9422	
0.4	5.4	47	54	10	3	136	530239	136	530239	0.00716912	0.00355185	0.003	0.017	3898.82	2877.12	45	9422	
0.4	5.4	21	55	28	3	42	100138	42	100138	0.006	0.00350609	0.003	0.01	2384.24	1793.28	60	9422	
0.4	5.4	49	58	6	3	148	292103	147	291322	0.00752381	0.00399715	0.003	0.017	1981.78	1696.61	45	9422	
0.4	5.4	13	59	25	3	159	211275	159	211275	0.00546541	0.00335416	0.003	0.01	1328.77	1220.7	60	8873	
0.4	5.4	39	60	41	3	36	36848	36	36848	0.00455555	0.00295146	0.003	0.01	1023.56	628.941	60	2958	
0.4	5.4	26	61	15	3	75	292977	75	292977	0.003	0	0.003	0.003	3906.36	1866.83	60	7099	
0.4	5.4	45	62	28	3	66	220234	66	220234	0.00766667	0.00332512	0.003	0.01	3336.88	2419.3	60	9422	
0.4	5.4	17	65	13	3	59	76514	59	76514	0.00549152	0.00384785	0.003	0.017	1296.85	1168.28	49	4395	
0.4	5.4	29	67	10	3	132	521949	132	521949	0.003	0	0.003	0.003	3954.16	2418.81	45	9422	
0.4	5.4	41	68	70	3	403	483844	403	483844	0.00513648	0.00365267	0.003	0.017	1200.61	1255.88	38	9422	
0.4	5.4	28	69	11	3	93	264076	93	264076	0.0090215	0.00284368	0.003	0.017	2839.53	2101.5	60	9422	
0.4	5.4	2	71	12	3	189	501943	189	501943	0.00625926	0.00364684	0.003	0.017	2655.78	2196.45	57	9422	
0.4	5.4	22	72	17	3	72	169377	72	169377	0.003	0	0.003	0.003	2352.46	1541.94	60	9422	
0.4	5.4	29	73	15	3	138	360355	137	358828	0.00892701	0.00327566	0.003	0.017	2619.18	2329.78	60	9422	
0.4	5.4	13	74	14	3	166	597853	167	600219	0.00388024	0.00232794	0.003	0.01	3594.13	2739.99	45	9422	
0.4	5.4	39	75	13	3	1	60	1	60	0.003	0	0.003	0.003	60	0	60	60	
0.4	5.4	39	76	22	3	246	299772	246	299772	0.00587398	0.00383491	0.003	0.017	1218.59	879.044	60	4733	
0.4	5.4	55	77	54	3	143	161772	143	161772	0.00730769	0.00431054	0.003	0.017	1131.27	1277.52	53	9422	
0.4	5.4	39	81	38	3	39	59330	39	59330	0.00497436	0.00391681	0.003	0.017	1521.28	1356.92	60	5324	
0.4	5.4	19	82	23	3	182	503256	183	510355	0.00571585	0.00342038	0.003	0.01	2788.83	2150.58	57	9422	
0.4	5.4	32	84	4	3	87	240340	87	240340	0.00903448	0.00242779	0.003	0.01	2762.53	2012.6	60	9422	
0.4	5.4	43	85	5	3	1	60	1	60	0.01	0	0.01	0.01	60	0	60	60	
0.4	5.4	50	88	4	3	105	303784	105	303784	0.00686667	0.00349743	0.003	0.01	2893.18	2311.01	45	9422	
0.4	5.4	41	89	14	3	1	60	1	60	0.01	0	0.01	0.01	60	0	60	60	
0.4	5.4	1	90	16	3	91	367040	91	367040	0.003	0	0.003	0.003	4033.41	2426.25	45	9422	
0.4	5.4	57	93	5	3	32	103125	32	103125	0.00409375	0.00258231	0.003	0.01	3222.66	2642.69	60	9422	
0.4	5.4	7	95	8	3	121	374059	122	378200	0.00730328	0.00342062	0.003	0.01	3100	1700.22	60	8873	
0.4	5.4	9	96	13	3	160	564111	160	564111	0.0030875	0.000780159	0.003	0.01	3525.69	2547.83	45	9422	
0.4	5.4	20	97	7	3	119	436171	119	436171	0.00805882	0.00314695	0.003	0.01	3665.3	2528.59	28	9422	
0.4	5.4	56	98	5	3	93	317345	93	317345	0.003	0	0.003	0.003	3412.31	1703.13	60	7690	
0.4	5.4	23	101	15	3	146	607136	146	607136	0.00731507	0.00341549	0.003	0.01	4158.47	2417.56	45	9422	
0.4	5.4	55	106	13	3	180	252912	180	252912	0.00642222	0.0035089	0.003	0.01	1405.07	1258.81	60	9422	
0.4	5.4	16	107	8	3	150	395054	151	396651	0.00828477	0.00332942	0.003	0.017	2626.83	2037.95	45	9422	
0.4	5.4	42	110	23	3	43	107932	43	107932	0.00625581	0.00353279	0.003	0.01	2510.05	1891.56	60	7690	
0.4	5.4	15	111	15	3	13	31476	13	31476	0.00892308	0.00262874	0.003	0.01	2421.23	1531.85	60	5324	
0.4	5.4	24	113	8	3	134	446485	134	446485	0.00446269	0.00285662	0.003	0.01	3331.98	2752.4	45	9422	
0.4	5.4	13	114	28	3	79	207827	79	207827	0.003	0	0.003	0.003	2630.72	2252.87	45	9422	
0.4	5.4	1	115	24	3	30	71838	30	71838	0.00743333	0.00343093	0.003	0.01	2394.6	2467.71	60	9422	
0.4	5.4	19	119	6	3	147	488995	147	488995	0.00352381	0.00184811	0.003	0.01	3326.5	2194.51	60	9422	
0.4	5.4	2	120	10	3	187	626297	187	626297	0.00532085	0.00330424	0.003	0.01	3349.18	2271.06	45	9422	
0.4	5.4	10	121	20	3	9	21417	9	21417	0.00377778	0.00233333	0.003	0.01	2379.67	1729.89	60	5324	
0.4	5.4	22	123	29	3	143	424050	143	424050	0.00339161	0.00161435	0.003	0.01	2965.38	2093.51	60	9422	
0.4	5.4	52	124	39	3	52	37584	52	37584	0.00528846	0.00359377	0.003	0.017	722.769	514.734	60	2196	
0.4	5.4	43	125	1	3	85	262825	85	262825	0.00687059	0.00350098	0.003	0.01	3092.06	1792.32	60	7099	
0.4	5.4	45	126	3	3	144	341593	144	341593	0.00776389	0.00402611	0.003	0.017	2372.17	1872.66	36	8873	
0.4	5.4	10	127	6	3	92	283540	92	283540	0.00703261	0.00347819	0.003	0.01	3081.96	1874.63	60	9422	
0.4	5.4	10	128	10	3	131	507056	131	507056	0.00348092	0.00177743	0.003	0.01	3870.66	2434.12	45	9422	
0.4	5.4	45	129	10	3	23	46867	23	46867	0.00513043	0.0032933	0.003	0.01	2037.7	1187.15	60	4141	
0.4	5.4	53	130	5	3	51	116689	51	116689	0.0087647	0.00269509	0.003	0.01	2288.02	1799.94	60	9422	
0.4	5.4	57	131	1	3	1	60	1	60	0.01	0	0.01	0.01	60	0	60	60	
0.4	5.4	55	132	28	3	2	120	2	120	0.003	0	0.003	0.003	60	0	60	60	
0.4	5.4	53	134	16	3	121	290793	121	291976	0.00780165	0.00361852	0.003	0.017	2413.02	2178.55	32	9422	
0.4	5.4	30	135	26	3	4	1894	4	1894	0.00475	0.0035	0.003	0.01	473.5	452.283	60	1031	
0.4	5.4	11	136	7	3	74	209117	75	211484	0.00850667	0.00288694	0.003	0.01	2819.79	2018.51	60	9422	
0.4	5.4	4	137	13	3	155	578339	155	578339	0.00417419	0.00262394	0.003	0.01	3731.22	2532.59	45	9422	
0.4	5.4	40	138	3	3	169	653412	169	653412	0.00577515	0.00343429	0.003	0.01	3866.34	2392.11	10	9422	
0.4	5.4	34	140	29	3	3	180	3	180	0.00766667	0.00404145	0.003	0.01	60	0	60	60	
0.4	5.4	50	141	5	3	37	112540	37	112540	0.0082973	0.00304471	0.003	0.01	3041.62	2359.64	60	9422	
0.4	5.4	30	142	15	3	87	147507	87	147507	0.00831034	0.00439691	0.003	0.024	1695.48	1444.44	13	7099	
0.4	5.4	34	143	8	3	115	121768	115	121768	0.00543478	0.00425323	0.003	0.017	1058.85	775.996	43	3822	
0.4	5.4	7	144	14	3	3	1892	3	1892	0.01	0	0.01	0.01	630.667	562.2	60	1184	
0.4	5.4	6	147	14	3	73	222111	73	222111	0.00827397	0.003038	0.003	0.01	3042.62	2946.48	45	9422	
0.4	5.4	49	149	27	3	164	292554	164	292554	0.00701219	0.00395835	0.003	0.017	1783.87	1726.85	60	9422	
0.4	5.4	4	152	7	3	61	187092	61	187092	0.0057541	0.00344797	0.003	0.01	3067.08	2388.8	60	9422	
0.4	5.4	39	153	77	3	1	60	1	60	0.003	0	0.003	0.003	60	0	60	60	
0.4	5.4	8	154	1	3	1	60	1	60	0.01	0	0.01	0.01	60	0	60	60	
0.4	5.4	29	159	6	3	106	261684	105	261092	0.00786667	0.00337999	0.003	0.017	2486.59	2497.32	36	9422	
0.4	5.4	50	161	12	3	2	120	2	120	0.01	0	0.01	0.01	60	0	60	60	
0.4	5.4	19	162	4	3	132	518416	132	518416	0.003	0	0.003	0.003	3927.39	2763.84	45	9422	
0.4	5.4	13	163	12	3	1	60	1	60	0.01	0	0.01	0.01	60	0	60	60	
0.4	5.4	55	165	47	3	157	267060	157	267060	0.00558599	0.00338936	0.003	0.01	1701.02	2091.68	6	8873	
0.4	5.4	23	167	8	3	43	113137	43	113137	0.00723256	0.00346298	0.003	0.01	2631.09	2228.81	36	9422	
0.4	5.4	21	170	15	3	40	98351	40	98351	0.005625	0.00343203	0.003	0.01	2458.78	1962.43	60	9422	
0.4	5.4	20	171	2	3	37	95969	37	95969	0.00772973	0.00332205	0.003	0.01	2593.76	1679.47	60	8282	
0.4	5.4	17	173	9	3	136	401325	136	401325	0.00768382	0.00381557	0.003	0.017	2950.92	2584	44	9422	
0.4	5.4	42	175	29	3	121	310800	121	310800	0.00635537	0.00351155	0.003	0.01	2568.6	2012.13	60	8282	
0.4	5.4	51	177	12	3	109	447517	109	447517	0.00698165	0.00348271	0.003	0.01	4105.66	2469.87	45	9422	
0.4	5.4	14	178	7	3	219	661656	219	661656	0.00789041	0.00355131	0.003	0.017	3021.26	2189.97	38	9422	
0.4	5.4	54	179	15	3	51	161049	51	161049	0.00917647	0.00227777	0.003	0.01	3157.82	2554.66	60	9422	
0.4	5.4	11	180	17	3	175	707844	176	711985	0.00570454	0.00341813	0.003	0.01	4045.37	2362.17	45	9422	
0.4	5.4	50	181	14	3	57	103680	57	103680	0.00705263	0.00348682	0.003	0.01	1818.95	2172.23	60	9422	
0.4	5.4	54	185	11	3	121	317520	121	317520	0.00838016	0.00335225	0.003	0.017	2624.13	2362.96	45	9422	
0.4	5.4	29	189	1	3	82	156360	82	156360	0.00752439	0.00370927	0.003	0.017	1906.83	1939.34	60	9422	
0.4	5.4	19	191	3	3	17	24381	17	24381	0.003	0	0.003	0.003	1434.18	902.273	60	2958	
0.4	5.4	34	193	31	3	215	539812	215	539812	0.0044	0.00280653	0.003	0.01	2510.75	2224.14	45	9422	
0.4	5.4	27	195	8	3	169	472430	169	472430	0.00826035	0.0033969	0.003	0.017	2795.44	2069.14	28	9422	
0.4	5.4	19	197	5	3	283	434769	283	434769	0.00666078	0.00409698	0.003	0.017	1536.29	1143.26	60	7577	
0.4	5.4	27	198	15	3	104	157522	103	156930	0.00823301	0.0030557	0.003	0.01	1523.59	2055.56	60	9422	
0.4	5.4	10	199	3	3	169	481432	168	479657	0.00833333	0.00369279	0.003	0.017	2855.1	2099.74	16	9422	
0.4	5.4	42	202	4	3	76	124413	76	124413	0.00723684	0.0038048	0.003	0.017	1637.01	1522.87	60	9422	
0.4	5.4	39	205	40	3	24	35049	24	35049	0.00475	0.00309628	0.003	0.01	1460.38	1429.18	58	6882	
0.4	5.4	48	207	3	3	145	422723	145	422723	0.00792414	0.00331261	0.003	0.017	2915.33	2231.32	45	9422	
0.4	5.4	49	209	4	3	100	375234	100	375234	0.003	0	0.003	0.003	3752.34	1999.54	60	9422	
0.4	5.4	1	210	9	3	2	120	2	120	0.0065	0.00494975	0.003	0.01	60	0	60	60	
0.4	5.4	41	212	76	3	159	183126	159	183126	0.00537736	0.00367971	0.003	0.017	1151.74	827.526	60	6507	
0.4	5.4	50	214	13	3	119	336229	120	340624	0.008075	0.00351028	0.003	0.017	2838.53	1845	60	7690	
0.4	5.4	43	216	2	3	207	674669	207	674669	0.00658454	0.00350746	0.003	0.01	3259.27	2491.55	45	9422	
0.4	5.4	50	218	11	3	6	8992	6	8992	0.0065	0.00383406	0.003	0.01	1498.67	1204.42	60	3550	
0.4	5.4	9	219	11	3	116	324965	116	324965	0.00456896	0.00293176	0.003	0.01	2801.42	2052.61	60	9422	
0.4	5.4	41	221	34	3	2	120	2	120	0.01	0	0.01	0.01	60	0	60	60	
0.4	5.4	52	222	46	3	54	81825	54	81825	0.00494444	0.00316476	0.003	0.01	1515.28	1054.91	60	4395	
0.4	5.4	22	223	18	3	115	169087	115	169087	0.00573913	0.00400895	0.003	0.017	1470.32	1049.36	4	5324	
0.4	5.4	42	224	35	3	22	61070	22	61070	0.00554545	0.00344656	0.003	0.01	2775.91	1926.72	60	8873	
0.4	5.4	2	226	13	3	67	148651	67	148651	0.00446269	0.00286742	0.003	0.01	2218.67	1778.26	60	7708	
0.4	5.4	22	227	1	3	111	205498	111	205498	0.00564865	0.00341027	0.003	0.01	1851.33	1446.34	24	9422	
0.4	5.4	45	228	32	3	144	294388	143	293451	0.00823776	0.00393782	0.003	0.017	2052.1	1628.93	24	8873	
0.4	5.4	41	233	58	3	80	83058	80	83058	0.00475	0.00305021	0.003	0.01	1038.23	1320.99	60	9422	
0.4	5.4	26	234	4	3	186	693664	186	693664	0.00755376	0.00334661	0.003	0.01	3729.38	2650.99	36	9422	
0.4	5.4	7	235	7	3	40	120231	40	120231	0.007375	0.00343203	0.003	0.01	3005.77	2239.5	57	6882	
0.4	5.4	54	236	16	3	106	337362	106	337362	0.003	0	0.003	0.003	3182.66	2854.58	45	9422	
0.4	5.4	10	237	7	3	2	120	2	120	0.01	0.00989949	0.003	0.017	60	0	60	60	
0.4	5.4	9	239	23	3	167	545857	168	549998	0.00725	0.00367668	0.003	0.017	3273.8	2510.77	28	9422	
0.4	5.4	18	241	26	3	52	115516	52	115516	0.00609615	0.00351054	0.003	0.01	2221.46	2125.89	60	9422	
0.4	5.4	6	242	2	3	135	502087	135	502087	0.0031037	0.000848828	0.003	0.01	3719.16	2574.45	45	9422	
0.4	5.4	3	245	8	3	116	315040	116	315040	0.00740517	0.00351884	0.003	0.017	2715.86	2288.09	60	9422	
0.4	5.4	34	246	7	3	146	501306	146	501306	0.00386301	0.00230929	0.003	0.01	3433.6	2388.95	45	9422	
0.4	5.4	12	248	4	3	91	365744	91	365744	0.007	0.00348329	0.003	0.01	4019.16	2485.76	45	9422	
0.4	5.4	55	250	22	3	299	482195	299	482195	0.0048495	0.00309157	0.003	0.01	1612.69	1263.39	28	9422	
0.4	5.4	16	254	5	3	134	592832	134	592832	0.00529851	0.00329965	0.003	0.01	4424.12	2358.95	23	9422	
0.4	5.4	40	257	17	3	152	439910	152	439910	0.00719079	0.0034425	0.003	0.01	2894.14	2339.74	45	9422	
0.4	5.4	1	259	14	3	55	124388	55	124388	0.00643636	0.00353167	0.003	0.01	2261.6	2097.75	60	9422	
0.4	5.4	52	260	58	3	1	60	1	60	0.017	0	0.017	0.017	60	0	60	60	
0.4	5.4	51	263	3	3	53	171229	53	171229	0.00867924	0.00308703	0.003	0.017	3230.74	2239.68	60	8282	
0.4	5.4	12	264	10	3	83	333209	83	333209	0.003	0	0.003	0.003	4014.57	2715.44	45	9422	
0.4	5.4	22	266	22	3	82	113334	82	113334	0.00547561	0.00336733	0.003	0.01	1382.12	1055.78	3	5324	
0.4	5.4	34	269	35	3	26	35697	26	35697	0.0065	0.00356931	0.003	0.01	1372.96	882.411	60	2961	
0.4	5.4	24	270	2	3	1	60	1	60	0.003	0	0.003	0.003	60	0	60	60	
0.4	5.4	31	271	1	3	124	387088	124	387088	0.00751613	0.00336284	0.003	0.01	3121.68	2293.62	45	9422	
0.4	5.4	9	272	8	3	99	289694	99	289694	0.00307071	0.000703526	0.003	0.01	2926.2	2670.41	60	9422	
0.4	5.4	13	273	26	3	117	213335	118	215749	0.00673729	0.00406029	0.003	0.017	1828.38	1775.61	10	9422	
0.4	5.4	10	275	18	3	146	458867	146	458867	0.00741096	0.00348924	0.003	0.017	3142.92	2272.19	45	9422	
0.4	5.4	15	276	30	3	152	425708	152	425708	0.0074671	0.00356197	0.003	0.017	2800.71	2230.55	53	9422	
0.4	5.4	2	278	33	3	45	105458	45	105458	0.003	0	0.003	0.003	2343.51	1401.54	60	5916	
0.4	5.4	39	280	74	3	83	98420	83	98420	0.00561446	0.00389756	0.003	0.017	1185.78	967.045	30	5861	
0.4	5.4	42	281	31	3	171	568051	171	568051	0.00328655	0.00139106	0.003	0.01	3321.94	1755.1	88	9422	
0.4	5.4	16	282	9	3	109	390027	109	390027	0.00563303	0.00340659	0.003	0.01	3578.23	2028.7	45	9422	
0.4	5.4	13	284	15	3	195	472049	195	472049	0.00644615	0.00350859	0.003	0.01	2420.76	2037.65	45	9422	
0.4	5.4	10	286	22	3	147	556806	149	557937	0.00581879	0.00344465	0.003	0.01	3744.54	2293.03	60	9422	
0.4	5.4	37	287	52	3	2	708	2	708	0.0065	0.00494975	0.003	0.01	354	415.779	60	648	
0.4	5.4	47	288	5	3	158	658131	158	658131	0.00583544	0.00344726	0.003	0.01	4165.39	2416.67	60	9422	
0.4	5.4	51	290	8	3	105	314303	105	314303	0.00773333	0.00329121	0.003	0.01	2993.36	1972.4	36	9422	
0.4	5.4	1	292	19	3	105	309709	105	309709	0.00853333	0.00302256	0.003	0.017	2949.61	2460.1	60	9422	
0.4	5.4	18	293	16	3	77	201315	77	201315	0.00681818	0.00350836	0.003	0.01	2614.48	1841.94	36	9422	
0.4	5.4	33	294	13	3	136	579439	136	579439	0.00325735	0.00132215	0.003	0.01	4260.58	2395.55	45	9422	
0.4	5.4	15	295	9	3	54	156320	54	156320	0.00818518	0.00338183	0.003	0.017	2894.81	2290.81	48	8282	
0.4	5.4	40	298	11	3	186	596174	186	596174	0.00548387	0.00335829	0.003	0.01	3205.24	2985.04	45	9422	
0.4	5.4	40	299	12	3	82	279009	82	279009	0.003	0	0.003	0.003	3402.55	2305.41	60	9422	
0.4	5.4	16	300	17	3	167	487838	166	486654	0.00806024	0.00382448	0.003	0.017	2931.65	2320.42	26	9422	
0.4	5.4	41	301	35	3	215	238133	215	238133	0.00566977	0.00366695	0.003	0.017	1107.6	1428.81	43	7803	
0.4	5.4	50	303	7	3	139	464118	139	464118	0.00627338	0.00350529	0.003	0.01	3338.98	2321.01	60	9422	
0.4	5.4	22	304	3	3	81	153539	81	153539	0.00637037	0.00351939	0.003	0.01	1895.54	1346.62	60	7098	
0.4	5.4	30	305	13	3	115	207293	115	207293	0.0072	0.00422856	0.003	0.017	1802.55	1317.44	60	8261	
0.4	5.4	40	306	13	3	71	224474	71	224474	0.00654929	0.00352456	0.003	0.01	3161.61	2595.93	36	9422	
0.4	5.4	45	309	5	3	55	127937	56	129121	0.006375	0.00352942	0.003	0.01	2305.73	1620.54	45	9422	
0.4	5.4	16	310	3	3	54	165214	54	165214	0.00442592	0.00284573	0.003	0.01	3059.52	2057.81	60	8282	
0.4	5.4	43	311	4	3	114	273633	114	273633	0.00772807	0.00366588	0.003	0.017	2400.29	1655.51	60	9422	
0.4	5.4	54	312	3	3	123	407836	122	403695	0.00460656	0.00295575	0.003	0.01	3308.98	2322.98	45	9422	
0.4	5.4	4	313	17	3	148	648672	148	648672	0.00626351	0.00350386	0.003	0.01	4382.92	2775.48	45	9422	
0.4	5.4	3	316	6	3	2	120	2	120	0.01	0	0.01	0.01	60	0	60	60	
0.4	5.4	3	318	1	3	153	619561	153	619561	0.0058366	0.00344784	0.003	0.01	4049.42	2624.54	45	9422	
0.4	5.4	1	320	7	3	1	60	1	60	0.01	0	0.01	0.01	60	0	60	60	
0.4	5.4	14	323	12	3	50	151000	50	151000	0.00608	0.00378418	0.003	0.017	3020	2936.95	60	9422	
0.4	5.4	39	324	18	3	1	60	1	60	0.01	0	0.01	0.01	60	0	60	60	
0.4	5.4	27	325	12	3	2	120	2	120	0.0065	0.00494975	0.003	0.01	60	0	60	60	
0.4	5.4	26	327	6	3	126	302531	126	302531	0.00788889	0.00322545	0.003	0.01	2401.04	1619.28	60	9422	
0.4	5.4	7	328	17	3	182	483287	182	483287	0.00819231	0.003326	0.003	0.017	2655.42	2271.57	45	9422	
0.4	5.4	3	329	14	3	1	60	1	60	0.003	0	0.003	0.003	60	0	60	60	
0.4	5.4	34	330	6	3	199	221049	199	221049	0.0069397	0.00394743	0.003	0.017	1110.8	1152.51	13	8531	
0.4	5.4	5	331	11	3	10	20350	10	20350	0.0065	0.00368932	0.003	0.01	2035	1607.93	60	4733	
0.4	5.4	34	332	57	3	189	192273	189	192273	0.00544444	0.00378453	0.003	0.017	1017.32	814.897	5	7099	
0.4	5.4	29	334	19	3	60	144493	60	144493	0.00521667	0.00328371	0.003	0.01	2408.22	2074.4	60	7690	
0.4	5.4	22	336	31	3	147	533706	147	533706	0.00390476	0.00235638	0.003	0.01	3630.65	2502.02	8	9422	
0.4	5.4	46	337	6	3	112	422674	112	422674	0.00925	0.00217479	0.003	0.01	3773.87	2833.49	45	9422	
0.4	5.4	34	338	13	3	9	6630	9	6630	0.00611111	0.00368932	0.003	0.01	736.667	468.268	43	1184	
0.4	5.4	7	339	10	3	117	429890	117	429890	0.00569231	0.00342018	0.003	0.01	3674.27	2636.43	60	9422	
0.4	5.4	30	340	1	3	62	153502	62	153502	0.003	0	0.003	0.003	2475.84	1942.2	60	9422	
0.4	5.4	29	342	7	3	161	598393	161	598393	0.003	0	0.003	0.003	3716.73	2541.93	45	9422	
0.4	5.4	41	343	81	3	244	244328	244	244328	0.00586885	0.0037842	0.003	0.017	1001.34	931.558	7	6882	
0.4	5.4	21	344	6	3	163	446627	163	446627	0.00647853	0.00351072	0.003	0.01	2740.04	2000.85	45	9422	
0.4	5.4	17	345	1	3	223	638136	223	638136	0.00604484	0.00347809	0.003	0.01	2861.6	2265.9	23	9422	
0.4	5.4	4	348	6	3	50	127448	50	127448	0.0051	0.00324037	0.003	0.01	2548.96	2125.82	60	9422	
0.4	5.4	31	349	5	3	2	120	2	120	0.01	0	0.01	0.01	60	0	60	60	
0.4	5.4	35	351	6	3	2	120	2	120	0.01	0	0.01	0.01	60	0	60	60	
0.4	5.4	10	352	2	3	217	895762	217	895762	0.00351613	0.00183358	0.003	0.01	4127.94	2596.04	60	9422	
0.4	5.4	52	353	10	3	202	280895	202	280895	0.00556436	0.003381	0.003	0.01	1390.57	968.718	60	5324	
0.4	5.4	51	354	11	3	22	53966	22	53966	0.00522727	0.00333712	0.003	0.01	2453	2183.15	60	9422	
0.4	5.4	37	355	49	3	103	108553	102	107369	0.00560784	0.00354087	0.003	0.017	1052.64	786.717	60	3550	
0.4	5.4	34	356	15	3	182	328692	182	328692	0.00469231	0.00300531	0.003	0.01	1806	1642.34	7	9422	
0.4	5.4	14	358	8	3	140	554850	138	544791	0.003	0	0.003	0.003	3947.76	2440.48	45	9422	
0.4	5.4	52	359	30	3	249	431228	249	431228	0.00471486	0.00301659	0.003	0.01	1731.84	1363.61	32	8030	
0.4	5.4	52	361	5	3	357	623675	357	623675	0.00492157	0.00312825	0.003	0.01	1746.99	1349.33	15	9422	
0.4	5.4	25	362	14	3	2	120	2	120	0.017	0	0.017	0.017	60	0	60	60	
0.4	5.4	2	363	6	3	1	60	1	60	0.01	0	0.01	0.01	60	0	60	60	
0.4	5.4	27	364	2	3	84	360417	84	360417	0.00308333	0.000763763	0.003	0.01	4290.68	2841.75	45	9422	
0.4	5.4	34	365	32	3	59	106673	59	106673	0.00667797	0.00418306	0.003	0.017	1808.02	1350.43	60	6871	
0.4	5.4	17	369	4	3	1	60	1	60	0.017	0	0.017	0.017	60	0	60	60	
0.4	5.4	32	370	5	3	59	95390	59	95390	0.00750847	0.00338033	0.003	0.01	1616.78	1836.24	60	9422	
0.4	5.4	21	371	13	3	54	130880	55	133247	0.00567273	0.00343217	0.003	0.01	2422.67	1028.22	60	4141	
0.4	5.4	41	372	49	3	104	55322	104	55322	0.00549038	0.00401211	0.003	0.017	531.942	478.844	17	2124	
0.4	5.4	37	374	66	3	219	144232	218	143279	0.00579358	0.00409547	0.003	0.017	657.243	704.853	52	4625	
0.4	5.4	3	375	2	3	148	496534	148	496534	0.00673649	0.00368922	0.003	0.017	3354.96	2640.34	36	9422	
0.4	5.4	22	376	27	3	140	207931	140	207931	0.00685	0.0043892	0.003	0.017	1485.22	1364.56	36	9422	
0.4	5.4	39	377	35	3	60	85966	60	85966	0.00615	0.00351184	0.003	0.01	1432.77	1072.41	55	6378	
0.4	5.4	33	378	15	3	2	708	2	708	0.003	0	0.003	0.003	354	415.779	60	648	
0.4	5.4	37	381	24	3	1	60	1	60	0.003	0	0.003	0.003	60	0	60	60	
0.4	5.4	53	383	14	3	21	38580	20	35030	0.0037	0.00215455	0.003	0.01	1751.5	886.469	60	3550	
0.4	5.4	39	385	3	3	47	99551	47	99551	0.003	0	0.003	0.003	2118.11	1788.56	60	9422	
0.4	5.4	21	386	27	3	2	120	2	120	0.01	0	0.01	0.01	60	0	60	60	
0.4	5.4	49	387	23	3	73	217630	73	217630	0.00338356	0.00160408	0.003	0.01	2981.23	2377.68	5	9422	
0.4	5.4	29	388	20	3	1	60	1	60	0.003	0	0.003	0.003	60	0	60	60	
0.4	5.4	18	389	21	3	167	267263	167	267263	0.0061018	0.00396314	0.003	0.017	1600.38	1425.9	60	9422	
0.4	5.4	25	393	1	3	111	454523	111	454523	0.003	0	0.003	0.003	4094.8	2849.99	45	9422	
0.4	5.4	38	394	11	3	52	148633	52	148633	0.00757692	0.00336269	0.003	0.01	2858.33	2119.35	60	8282	
0.4	5.4	26	396	7	3	97	305537	97	305537	0.00675258	0.00350901	0.003	0.01	3149.87	2016.39	60	9422	
0.4	5.4	16	398	14	3	110	219091	110	219091	0.00853636	0.00343131	0.003	0.017	1991.74	1521.85	60	7099	
0.4	5.4	5	399	14	3	125	321200	125	321200	0.007984	0.00330441	0.003	0.017	2569.6	1946.52	26	9422	
0.4	5.4	52	400	36	3	220	367286	220	367286	0.00535454	0.00338162	0.003	0.017	1669.48	1596.81	60	9422	
0.4	5.4	8	401	5	3	179	540958	179	540958	0.00781005	0.00333819	0.003	0.017	3022.11	2323.68	36	9422	
0.4	5.4	52	402	7	3	242	325967	241	316545	0.00543983	0.00334252	0.003	0.01	1313.46	1022.78	6	6882	
0.4	5.4	41	403	20	3	3	180	3	180	0.00533333	0.00404145	0.003	0.01	60	0	60	60	
0.4	5.4	2	405	9	3	1	60	1	60	0.01	0	0.01	0.01	60	0	60	60	
0.4	5.4	38	407	7	3	189	615190	190	615250	0.00793684	0.00386083	0.003	0.017	3238.16	2789.47	20	9422	
0.4	5.4	37	408	28	3	180	216851	180	216851	0.00486667	0.00310415	0.003	0.01	1204.73	1040.05	60	5264	
0.4	5.4	42	409	21	3	72	182957	73	185915	0.00606849	0.00349734	0.003	0.01	2546.78	1483.05	60	7099	
0.4	5.4	22	411	14	3	141	250526	141	250526	0.00612766	0.00349255	0.003	0.01	1776.78	1276.28	60	9422	
0.4	5.4	53	412	19	3	105	311957	105	311957	0.003	0	0.003	0.003	2971.02	1699.3	60	9422	
0.4	5.4	52	413	3	3	2	120	2	120	0.003	0	0.003	0.003	60	0	60	60	
0.4	5.4	18	414	20	3	124	187330	124	187330	0.00712097	0.00389202	0.003	0.017	1510.73	1472.45	60	9422	
0.4	5.4	36	415	4	3	101	297160	101	297160	0.0080594	0.00330097	0.003	0.017	2942.18	2586.58	45	9422	
0.4	5.4	31	416	12	3	31	55762	31	55762	0.00570968	0.00346596	0.003	0.01	1798.77	1474.54	60	8282	
0.4	5.4	37	417	64	3	240	222410	239	221226	0.00510879	0.00321836	0.003	0.01	925.632	871.195	30	6882	
0.4	5.4	40	419	1	3	145	419171	145	419171	0.0045931	0.00294509	0.003	0.01	2890.83	2379.98	45	9422	
0.4	5.4	39	421	70	3	90	84833	90	84833	0.00673333	0.0040911	0.003	0.017	942.589	918.9	21	5664	
0.4	5.4	11	422	5	3	176	594874	176	594874	0.00844886	0.00319065	0.003	0.017	3379.97	2671.07	28	9422	
0.4	5.4	50	423	9	3	185	430091	184	421218	0.00805978	0.00346595	0.003	0.017	2289.23	2233.19	60	9422	
0.4	5.4	47	424	19	3	14	46858	14	46858	0.0035	0.00187083	0.003	0.01	3347	3226.67	60	9422	
0.4	5.4	55	425	5	3	5	300	5	300	0.01	0.00494975	0.003	0.017	60	0	60	60	
0.4	5.4	14	427	11	3	88	214917	88	214917	0.00777273	0.00327908	0.003	0.01	2442.24	1727.16	45	9422	
0.4	5.4	18	428	19	3	14	39171	14	39171	0.009	0.00254196	0.003	0.01	2797.93	2100.15	60	7690	
0.4	5.4	30	429	10	3	90	130470	90	130470	0.00603333	0.00348818	0.003	0.01	1449.67	1166.88	37	5861	
0.4	5.4	9	430	22	3	145	517938	145	517938	0.00531724	0.00350536	0.003	0.017	3571.99	2272.28	45	9422	
0.4	5.4	15	431	6	3	2	120	2	120	0.0065	0.00494975	0.003	0.01	60	0	60	60	
0.4	5.4	41	433	32	3	208	166170	208	166170	0.00542308	0.00367573	0.003	0.017	798.894	866.578	5	6507	
0.4	5.4	17	434	7	3	67	124417	67	124417	0.0048806	0.00312624	0.003	0.01	1856.97	1364.48	60	5916	
0.4	5.4	24	438	19	3	121	399497	121	399497	0.00838016	0.00322815	0.003	0.017	3301.63	2425.82	45	9422	
0.4	5.4	36	439	14	3	139	386728	140	387320	0.0092	0.0022351	0.003	0.01	2766.57	2334.35	45	9422	
0.4	5.4	19	443	15	3	62	125001	62	125001	0.00616129	0.00351201	0.003	0.01	2016.15	1697.95	23	7708	
0.4	5.4	1	444	23	3	45	121061	45	121061	0.003	0	0.003	0.003	2690.24	2635.2	60	9422	
0.4	5.4	20	445	13	3	46	90770	46	90770	0.00558696	0.00341615	0.003	0.01	1973.26	1618.7	60	7099	
0.4	5.4	48	447	9	3	98	258113	98	258113	0.008	0.00317854	0.003	0.01	2633.81	2249.62	57	9422	
0.4	5.4	37	448	7	3	264	285112	264	285112	0.00567803	0.00340857	0.003	0.01	1079.97	1059.34	60	9422	
0.4	5.4	2	452	14	3	3	180	3	180	0.00533333	0.00404145	0.003	0.01	60	0	60	60	
0.4	5.4	39	453	25	3	15	13144	15	13144	0.00673333	0.00361478	0.003	0.01	876.267	560.013	53	1775	
0.4	5.4	29	454	22	3	141	553304	141	553304	0.00717021	0.00344748	0.003	0.01	3924.14	2375.67	45	9422	
0.4	5.4	41	455	67	3	115	184375	115	184375	0.003	0	0.003	0.003	1603.26	1628.86	31	8873	
0.4	5.4	3	456	4	3	140	336955	140	336955	0.00795	0.00361118	0.003	0.017	2406.82	2005	60	9422	
0.4	5.4	46	458	3	3	121	550195	121	550195	0.00392562	0.00238105	0.003	0.01	4547.07	2447.1	45	9422	
0.4	5.4	47	459	7	3	18	69337	18	69337	0.01	0	0.01	0.01	3852.06	3245.42	60	9422	
0.4	5.4	34	461	49	3	83	35160	83	35160	0.0050241	0.00444472	0.003	0.024	423.614	362.89	60	1775	
0.4	5.4	45	464	29	3	85	256445	85	256445	0.00637647	0.00351858	0.003	0.01	3017	1995.31	14	7690	
0.4	5.4	13	465	13	3	73	105070	73	105070	0.00673973	0.00351595	0.003	0.01	1439.32	1305.44	60	5664	
0.4	5.4	13	466	10	3	242	347910	242	347910	0.00728099	0.00416909	0.003	0.017	1437.64	1468.49	43	9422	
0.4	5.4	9	467	19	3	107	300120	107	300120	0.00640187	0.00351509	0.003	0.01	2804.86	2101.73	60	9422	
0.4	5.4	37	468	57	3	7	6150	6	4375	0.00533333	0.00361478	0.003	0.01	729.167	664.738	60	1775	
0.4	5.4	52	469	47	3	140	153061	140	153061	0.00605	0.00348341	0.003	0.01	1093.29	820.514	6	4349	
0.4	5.4	37	472	27	3	381	332529	381	332529	0.0052231	0.00360118	0.003	0.017	872.78	777.334	39	5861	
0.4	5.4	34	473	9	3	2	120	2	120	0.0065	0.00494975	0.003	0.01	60	0	60	60	
0.4	5.4	31	474	4	3	3	180	3	180	0.01	0	0.01	0.01	60	0	60	60	
0.4	5.4	1	475	13	3	26	46276	26	46276	0.00811538	0.00316641	0.003	0.01	1779.85	1207.04	60	4395	
0.4	5.4	13	476	11	3	60	140509	60	140509	0.00381667	0.00226612	0.003	0.01	2341.82	2352.27	45	9422	
0.4	5.4	43	477	11	3	78	152821	78	152821	0.00703846	0.00399169	0.003	0.017	1959.24	1611.13	60	9422	
0.4	5.4	13	480	22	3	30	52794	30	52794	0.003	0	0.003	0.003	1759.8	1312.39	60	5324	
0.4	5.4	17	481	17	3	175	277436	175	277436	0.00728	0.00416422	0.003	0.017	1585.35	1516.84	29	9422	
0.4	5.4	17	483	12	3	87	216716	87	216716	0.00637931	0.0035182	0.003	0.01	2490.99	2193.68	60	9422	
0.4	5.4	39	485	27	3	177	169070	177	169070	0.00517514	0.00341585	0.003	0.017	955.198	628.857	60	3347	
0.4	5.4	53	486	22	3	62	142133	60	140555	0.00941667	0.00233827	0.003	0.017	2342.58	1576.71	5	6507	
0.4	5.4	10	487	21	3	6	8992	6	8992	0.00533333	0.00361478	0.003	0.01	1498.67	1204.42	60	3550	
0.4	5.4	45	489	16	3	23	42719	23	42719	0.003	0	0.003	0.003	1857.35	1258.54	60	5324	
0.4	5.4	54	491	10	3	74	188290	74	188290	0.0082973	0.00323817	0.003	0.017	2544.46	2166.27	60	9422	
0.4	5.4	27	492	16	3	84	311458	84	311458	0.003	0	0.003	0.003	3707.83	3482.83	45	9422	
0.4	5.4	30	493	25	3	121	206237	121	206237	0.00716529	0.0037889	0.003	0.017	1704.44	1455.96	30	7689	
0.4	5.4	30	495	2	3	97	221576	97	221576	0.00689691	0.00349549	0.003	0.01	2284.29	2145.27	45	9422	
0.4	5.4	45	496	13	3	133	310346	133	310346	0.00768421	0.00352345	0.003	0.017	2333.43	1930.69	60	9422	
0.4	5.4	52	499	29	3	62	72942	62	72942	0.00604839	0.00349907	0.003	0.01	1176.48	668.384	60	2961	
0.4	5.4	42	502	5	3	103	287101	104	288876	0.00555769	0.00338709	0.003	0.01	2777.65	2017.06	60	9422	
0.4	5.4	52	504	55	3	241	521824	241	521824	0.003	0	0.003	0.003	2165.24	1526.98	11	8502	
0.4	5.4	37	505	83	3	347	601064	347	601064	0.00410951	0.00256017	0.003	0.01	1732.17	1512.38	14	9422	
0.4	5.4	39	506	1	3	2	120	2	120	0.01	0	0.01	0.01	60	0	60	60	
0.4	5.4	25	507	2	3	182	584241	182	584241	0.00765385	0.00331345	0.003	0.01	3210.12	2483.51	45	9422	
0.4	5.4	22	508	28	3	174	323542	174	323542	0.00666092	0.00366438	0.003	0.017	1859.44	1443.33	60	5916	
0.4	5.4	28	509	12	3	3	180	3	180	0.01	0	0.01	0.01	60	0	60	60	
0.4	5.4	53	510	4	3	149	432243	149	432243	0.00765101	0.00411807	0.003	0.024	2900.96	2475.91	45	9422	
0.4	5.4	53	513	1	3	126	382543	126	382543	0.003	0	0.003	0.003	3036.06	2465.95	45	9422	
0.4	5.4	38	518	29	3	25	66396	25	66396	0.00636	0.00356931	0.003	0.01	2655.84	1694.42	60	5916	
0.4	5.4	4	519	25	3	137	395021	137	395021	0.0060146	0.0034789	0.003	0.01	2883.36	1979.26	60	9422	
0.4	5.4	43	520	10	3	173	503175	173	503175	0.00445665	0.00294812	0.003	0.017	2908.53	2343.39	45	9422	
0.4	5.4	41	523	55	3	289	284060	289	284060	0.00508304	0.00341159	0.003	0.017	982.907	999.597	29	9422	
0.4	5.4	30	524	3	3	214	558289	215	559131	0.0075907	0.00378387	0.003	0.017	2600.61	1875.05	10	9422	
0.4	5.4	31	525	3	3	145	377191	145	377191	0.00782759	0.00345275	0.003	0.017	2601.32	2099.14	60	9422	
0.4	5.4	52	528	31	3	1	60	1	60	0.017	0	0.017	0.017	60	0	60	60	
0.4	5.4	55	529	57	3	191	228708	191	228708	0.00666492	0.0046445	0.003	0.017	1197.42	971.122	20	7099	
0.4	5.4	48	530	11	3	2	120	2	120	0.01	0	0.01	0.01	60	0	60	60	
0.4	5.4	22	532	7	3	2	708	2	708	0.0065	0.00494975	0.003	0.01	354	415.779	60	648	
0.4	5.4	37	533	84	3	68	85388	65	80056	0.00547692	0.003593	0.003	0.017	1231.63	937.033	6	5409	
0.4	5.4	39	534	4	3	1	60	1	60	0.01	0	0.01	0.01	60	0	60	60	
0.4	5.4	41	535	63	3	2	120	2	120	0.003	0	0.003	0.003	60	0	60	60	
0.4	5.4	8	537	3	3	77	288269	77	288269	0.003	0	0.003	0.003	3743.75	2262.68	45	9422	
0.4	5.4	34	540	41	3	113	179474	113	179474	0.00634513	0.00351215	0.003	0.01	1588.27	1566.86	60	9422	
0.4	5.4	42	541	7	3	2	120	2	120	0.003	0	0.003	0.003	60	0	60	60	
0.4	5.4	7	542	5	3	35	74671	35	74671	0.0058	0.00347935	0.003	0.01	2133.46	1222.42	60	4733	
0.4	5.4	17	543	18	3	149	414928	149	414928	0.00685235	0.00349396	0.003	0.01	2784.75	2235.88	45	9422	
0.4	5.4	39	544	59	3	34	23933	34	23933	0.00588235	0.00426234	0.003	0.017	703.912	550.723	60	1775	
0.4	5.4	41	545	73	3	40	35668	39	34381	0.00479487	0.00309651	0.003	0.01	881.564	436.603	60	1775	
0.4	5.4	50	548	3	3	90	361022	90	361022	0.00813333	0.00311286	0.003	0.01	4011.36	2515.62	60	9422	
0.4	5.4	42	549	36	3	3	1892	3	1892	0.00533333	0.00404145	0.003	0.01	630.667	562.2	60	1184	
0.4	5.4	52	551	11	3	5	300	5	300	0.0086	0.00585662	0.003	0.017	60	0	60	60	
0.4	5.4	39	553	14	3	332	391086	332	391086	0.0060994	0.0037681	0.003	0.017	1177.97	1253.87	13	9422	
0.4	5.4	8	554	8	3	108	190678	108	190678	0.00857407	0.00328179	0.003	0.017	1765.54	1480.18	60	8873	
0.4	5.4	48	556	8	3	66	144515	66	144515	0.00851515	0.0037876	0.003	0.017	2189.62	1862.62	41	9422	
0.4	5.4	41	557	56	3	402	348646	399	343344	0.00603509	0.00406156	0.003	0.024	860.511	552.85	21	3550	
0.4	5.4	38	558	15	3	31	101880	31	101880	0.003	0	0.003	0.003	3286.45	2628.57	45	9422	
0.4	5.4	38	559	13	3	120	220528	120	220528	0.007725	0.00446078	0.003	0.024	1837.73	1717.53	48	9422	
0.4	5.4	44	560	8	3	3	180	3	180	0.00766667	0.00404145	0.003	0.01	60	0	60	60	
0.4	5.4	25	563	6	3	28	75378	28	75378	0.008	0.00322031	0.003	0.01	2692.07	2592.59	60	8873	
0.4	5.4	39	564	78	3	226	280771	225	276038	0.00555111	0.00344061	0.003	0.017	1226.84	1165.16	26	9422	
0.4	5.4	38	566	20	3	39	75868	39	75868	0.00730769	0.00380549	0.003	0.017	1945.33	1482.08	60	5916	
0.4	5.4	37	569	89	3	3	180	3	180	0.00533333	0.00404145	0.003	0.01	60	0	60	60	
0.4	5.4	35	572	1	3	84	314278	84	314278	0.00883333	0.00262441	0.003	0.01	3741.4	1946.7	60	8873	
0.4	5.4	37	573	63	3	1	60	0	0	0	0	0	0	0	0	0	0	
0.4	5.4	49	575	16	3	73	135088	73	135088	0.0070274	0.00419316	0.003	0.017	1850.52	1772.04	60	9422	
0.4	5.4	37	576	22	3	400	396416	401	398132	0.00511222	0.00336599	0.003	0.017	992.848	1029.13	4	9422	
0.4	5.4	45	577	25	3	3	1892	3	1892	0.00533333	0.00404145	0.003	0.01	630.667	562.2	60	1184	
0.4	5.4	37	578	36	3	2	120	2	120	0.0065	0.00494975	0.003	0.01	60	0	60	60	
0.4	5.4	52	579	6	3	324	520121	324	520121	0.00559259	0.00372683	0.003	0.017	1605.31	1438.98	18	9422	
0.4	5.4	52	580	48	3	3	180	3	180	0.00533333	0.00404145	0.003	0.01	60	0	60	60	
0.4	5.4	43	583	7	3	199	550679	199	550679	0.00683417	0.00363174	0.003	0.017	2767.23	2215.03	45	9422	
0.4	5.4	44	584	3	3	71	227899	71	227899	0.003	0	0.003	0.003	3209.85	2520.52	60	9422	
0.4	5.4	41	585	16	3	2	120	2	120	0.003	0	0.003	0.003	60	0	60	60	
0.4	5.4	2	586	37	3	205	372547	205	372547	0.00658536	0.00395796	0.003	0.017	1817.3	1371.12	60	9422	
0.4	5.4	18	587	1	3	198	536979	198	536979	0.0074899	0.00384832	0.003	0.017	2712.02	2489.13	45	9422	
0.4	5.4	45	588	27	3	181	500637	181	500637	0.00593923	0.00369258	0.003	0.017	2765.95	2290.2	45	9422	
0.4	5.4	30	589	21	3	149	358278	149	358278	0.00704027	0.00374505	0.003	0.017	2404.55	2123.72	23	9422	
0.4	5.4	39	591	65	3	164	241744	164	241744	0.00620122	0.00358281	0.003	0.017	1474.05	1401.28	28	9422	
0.4	5.4	41	594	42	3	348	446149	348	446149	0.00547414	0.00367277	0.003	0.017	1282.04	1247.28	15	9422	
0.4	5.4	39	596	21	3	1	60	1	60	0.003	0	0.003	0.003	60	0	60	60	
0.4	5.4	48	597	20	3	124	366418	124	366418	0.00830645	0.00349954	0.003	0.017	2954.98	2195.53	45	9422	
0.4	5.4	42	598	13	3	61	170064	61	170064	0.00678688	0.00351717	0.003	0.01	2787.93	2317.4	60	9422	
0.4	5.4	37	599	5	3	137	105711	137	105711	0.00555474	0.00338231	0.003	0.01	771.613	651.277	58	4107	
0.4	5.4	57	601	6	3	121	422082	120	420898	0.00655833	0.00351419	0.003	0.01	3507.48	2161.55	60	9422	
0.4	5.4	43	603	9	3	61	128529	61	128529	0.00839344	0.0032315	0.003	0.017	2107.03	1998.98	60	9422	
0.4	5.4	28	604	8	3	120	501343	120	501343	0.00708333	0.00346552	0.003	0.01	4177.86	2688.94	45	9422	
0.4	5.4	41	606	65	3	173	248472	173	248472	0.003	0	0.003	0.003	1436.25	1136.78	60	9422	
0.4	5.4	34	610	52	3	347	571995	346	570811	0.0065	0.00381549	0.003	0.017	1649.74	1656.26	6	9422	
0.4	5.4	35	611	7	3	153	611936	153	611936	0.00739216	0.0033955	0.003	0.01	3999.58	2840.88	45	9422	
0.4	5.4	52	613	9	3	1	60	1	60	0.01	0	0.01	0.01	60	0	60	60	
0.4	5.4	52	614	8	3	2	120	2	120	0.0065	0.00494975	0.003	0.01	60	0	60	60	
0.4	5.4	43	615	6	3	109	257045	109	257045	0.00666055	0.00351247	0.003	0.01	2358.21	2031.69	60	9422	
0.4	5.4	56	616	11	3	147	527984	147	527984	0.003	0	0.003	0.003	3591.73	2582.6	45	9422	
0.4	5.4	39	617	42	3	220	444873	220	444873	0.00602273	0.00353901	0.003	0.017	2022.15	1647.28	43	9422	
0.4	5.4	37	619	77	3	399	558473	399	558473	0.00535088	0.00362947	0.003	0.017	1399.68	1410.02	18	9422	
0.4	5.4	41	620	4	3	329	418981	329	418981	0.00582979	0.00344046	0.003	0.01	1273.5	980.822	35	5951	
0.4	5.4	2	621	4	3	1	60	1	60	0.01	0	0.01	0.01	60	0	60	60	
0.4	5.4	8	622	19	3	63	149939	63	149939	0.00488889	0.0031321	0.003	0.01	2379.98	1626.53	60	8873	
0.4	5.4	12	623	2	3	47	107334	47	107334	0.0083617	0.00299583	0.003	0.01	2283.7	2161.32	36	9422	
0.4	5.4	54	624	14	3	196	548196	196	548196	0.00814286	0.00348035	0.003	0.017	2796.92	2134.7	26	9422	
0.4	5.4	19	625	13	3	2	120	2	120	0.003	0	0.003	0.003	60	0	60	60	
0.4	5.4	41	626	71	3	293	207872	292	206688	0.00568493	0.00404231	0.003	0.024	707.836	627.327	5	4395	
0.4	5.4	41	627	59	3	196	164298	196	164298	0.00492857	0.00313541	0.003	0.01	838.255	731.444	13	5324	
0.4	5.4	23	628	1	3	134	399637	134	399637	0.00775373	0.00328001	0.003	0.01	2982.37	2445.26	45	9422	
0.4	5.4	39	629	26	3	243	218724	243	218724	0.0056214	0.00384255	0.003	0.017	900.099	692.302	26	5861	
0.4	5.4	10	630	19	3	196	833388	196	833388	0.003	0	0.003	0.003	4251.98	2613.34	45	9422	
0.4	5.4	30	631	22	3	33	81785	33	81785	0.00809091	0.00316587	0.003	0.01	2478.33	1845.18	23	7099	
0.4	5.4	49	632	10	3	147	323401	147	323401	0.00752381	0.00431997	0.003	0.017	2200.01	2245.56	60	9422	
0.4	5.4	47	634	14	3	31	116073	30	113115	0.00883333	0.00265334	0.003	0.01	3770.5	2948.33	60	9422	
0.4	5.4	9	635	25	3	40	111952	40	111952	0.0079	0.00324867	0.003	0.01	2798.8	2410.45	60	9422	
0.4	5.4	37	637	47	3	419	494254	419	494254	0.00478759	0.00309425	0.003	0.017	1179.6	1181.55	38	8889	
0.4	5.4	47	638	16	3	2	120	2	120	0.0065	0.00494975	0.003	0.01	60	0	60	60	
0.4	5.4	13	640	8	3	90	214363	90	214363	0.003	0	0.003	0.003	2381.81	1666.2	60	9422	
0.4	5.4	53	644	7	3	131	315527	131	315527	0.00748855	0.00337038	0.003	0.01	2408.6	1978.88	13	9422	
0.4	5.4	31	645	7	3	73	157051	73	157051	0.0089452	0.00277834	0.003	0.017	2151.38	1538.25	60	6828	
0.4	5.4	37	646	80	3	263	205902	262	204718	0.00503053	0.00318266	0.003	0.01	781.366	595.428	5	3550	
0.4	5.4	16	647	10	3	6	8992	6	8992	0.00766667	0.00361478	0.003	0.01	1498.67	1204.42	60	3550	
0.4	5.4	30	649	23	3	46	95403	46	95403	0.00710869	0.0040619	0.003	0.017	2073.98	1906.43	60	9422	
0.4	5.4	27	652	7	3	99	313104	99	313104	0.00872727	0.0027136	0.003	0.01	3162.67	2128.94	60	8873	
0.4	5.4	39	653	28	3	4	772	4	772	0.003	0	0.003	0.003	193	266	60	592	
0.4	5.4	18	656	22	3	66	107865	66	107865	0.0059697	0.0034861	0.003	0.01	1634.32	1099.13	60	5324	
0.4	5.4	38	657	21	3	164	445352	164	445352	0.00790854	0.0034832	0.003	0.017	2715.56	2091.66	60	9422	
0.4	5.4	25	658	4	3	4	240	4	240	0.00825	0.0035	0.003	0.01	60	0	60	60	
0.4	5.4	9	662	6	3	147	529081	147	529081	0.00533333	0.00331111	0.003	0.01	3599.19	2360.02	13	9422	
0.4	5.4	32	663	11	3	2	120	2	120	0.003	0	0.003	0.003	60	0	60	60	
0.4	5.4	34	664	53	3	77	146321	77	146321	0.00545454	0.00336212	0.003	0.01	1900.27	1361.15	60	5861	
0.4	5.4	30	665	5	3	158	361738	158	361738	0.00614557	0.00366743	0.003	0.017	2289.48	1869.69	20	9422	
0.4	5.4	23	666	14	3	16	41535	16	41535	0.00825	0.0031305	0.003	0.01	2595.94	2938.92	60	9422	
0.4	5.4	25	668	20	3	30	87091	30	87091	0.00673333	0.00355191	0.003	0.01	2903.03	2076.42	60	6507	
0.4	5.4	41	669	24	3	174	316212	174	316212	0.003	0	0.003	0.003	1817.31	1551.51	60	9422	
0.4	5.4	17	670	16	3	47	98366	47	98366	0.00344681	0.00172965	0.003	0.01	2092.89	1797.17	60	9422	
0.4	5.4	37	673	14	3	2	120	2	120	0.003	0	0.003	0.003	60	0	60	60	
0.4	5.4	30	677	20	3	92	259892	92	259892	0.00611956	0.00349833	0.003	0.01	2824.91	2339.96	60	9422	
0.4	5.4	28	678	15	3	27	63551	27	63551	0.00455555	0.00296561	0.003	0.01	2353.74	2109.8	60	9422	
0.4	5.4	36	681	8	3	5	4851	5	4851	0.0072	0.00383406	0.003	0.01	970.2	646.413	60	1775	
0.4	5.4	42	682	30	3	143	411947	142	411355	0.00807746	0.00345195	0.003	0.017	2896.87	2549.76	45	9422	
0.4	5.4	8	683	22	3	177	594278	177	594278	0.003	0	0.003	0.003	3357.5	2694.16	45	9422	
0.4	5.4	27	684	11	3	89	337361	89	337361	0.00685393	0.00350179	0.003	0.01	3790.57	2460.8	60	9422	
0.4	5.4	32	685	9	3	178	593911	177	592727	0.00521469	0.00326469	0.003	0.01	3348.74	2906.46	45	9422	
0.4	5.4	32	686	15	3	51	133838	51	133838	0.0084902	0.00290773	0.003	0.01	2624.27	2117.21	60	9422	
0.4	5.4	1	687	22	3	75	188879	75	188879	0.00794667	0.00340863	0.003	0.017	2518.39	2229.93	60	9422	
0.4	5.4	41	689	27	3	183	263550	183	263550	0.0058306	0.0035221	0.003	0.017	1440.16	1401.7	60	7099	
0.4	5.4	53	690	18	3	92	100925	92	100925	0.00642391	0.00446287	0.003	0.024	1097.01	871.336	13	4395	
0.4	5.4	13	691	27	3	110	167073	110	167073	0.00586364	0.00345741	0.003	0.01	1518.85	1529.36	60	9422	
0.4	5.4	41	692	43	3	91	85512	91	85512	0.00523077	0.00344182	0.003	0.017	939.692	795.81	60	3822	
0.4	5.4	54	695	12	3	94	345655	94	345655	0.003	0	0.003	0.003	3677.18	2831.87	45	9422	
0.4	5.4	10	697	5	3	41	107217	41	107217	0.00863415	0.00280852	0.003	0.01	2615.05	2240.56	60	9422	
0.4	5.4	39	701	64	3	228	301579	228	301579	0.00594737	0.00358618	0.003	0.017	1322.71	1170.41	10	9422	
0.4	5.4	7	705	12	3	141	564533	141	564533	0.00712057	0.00345683	0.003	0.01	4003.78	1981.74	60	9422	
0.4	5.4	22	706	26	3	221	639294	223	641190	0.00441256	0.00281569	0.003	0.01	2875.29	2476.42	45	9422	
0.4	5.4	17	709	8	3	72	230886	72	230886	0.003	0	0.003	0.003	3206.75	2217.79	31	9422	
0.4	5.4	6	710	4	3	129	313993	129	313993	0.00766667	0.0033127	0.003	0.01	2434.05	2070.91	60	9422	
0.4	5.4	34	712	56	3	238	261926	238	261926	0.00705882	0.00498063	0.003	0.024	1100.53	1044.53	60	9422	
0.4	5.4	34	713	10	3	209	208899	207	203976	0.0052657	0.00342491	0.003	0.017	985.391	776.533	60	4904	
0.4	5.4	15	714	25	3	30	88282	29	82958	0.00710345	0.00350861	0.003	0.01	2860.62	2594.9	36	9422	
0.4	5.4	12	715	7	3	17	53367	17	53367	0.00835294	0.00306066	0.003	0.01	3139.24	2915.95	60	9422	
0.4	5.4	51	717	13	3	47	145076	49	151028	0.00771428	0.00331662	0.003	0.01	3082.2	1967.47	60	9422	
0.4	5.4	37	718	90	3	10	21418	10	21418	0.0072	0.00361478	0.003	0.01	2141.8	1517.2	60	5324	
0.4	5.4	22	720	30	3	129	331523	129	331523	0.00652713	0.00382647	0.003	0.017	2569.95	2435.23	28	9422	
0.4	5.4	3	721	5	3	13	20238	13	20238	0.00838461	0.0030697	0.003	0.01	1556.77	1194.24	60	4395	
0.4	5.4	39	722	11	3	88	176712	88	176712	0.003	0	0.003	0.003	2008.09	1666.79	60	9422	
0.4	5.4	49	724	7	3	1	60	0	0	0	0	0	0	0	0	0	0	
0.4	5.4	30	725	9	3	150	420359	150	420359	0.003	0	0.003	0.003	2802.39	1980.5	60	9422	
0.4	5.4	21	727	14	3	72	192679	72	192679	0.00756944	0.003356	0.003	0.01	2676.1	2059.01	60	9422	
0.4	5.4	20	729	5	3	42	103061	42	103061	0.003	0	0.003	0.003	2453.83	1761.87	60	8873	
0.4	5.4	1	730	17	3	88	417803	88	417803	0.003875	0.0023283	0.003	0.01	4747.76	2945.12	45	9422	
0.4	5.4	28	732	5	3	17	50409	17	50409	0.00835294	0.00306066	0.003	0.01	2965.24	2356.25	60	7099	
0.4	5.4	12	733	6	3	39	133354	39	133354	0.00461538	0.00298783	0.003	0.01	3419.33	2842.37	45	9422	
0.4	5.4	31	734	13	3	157	570591	157	570591	0.00785987	0.00323534	0.003	0.01	3634.34	2627.27	45	9422	
0.4	5.4	19	736	28	3	93	209135	93	209135	0.00691398	0.00349427	0.003	0.01	2248.76	1568.58	60	8873	
0.4	5.4	8	737	12	3	49	116086	49	116086	0.003	0	0.003	0.003	2369.1	1925.15	60	9422	
0.4	5.4	44	738	2	3	64	250369	64	250369	0.00989062	0.000875	0.003	0.01	3912.02	2256.28	60	9422	
0.4	5.4	11	739	3	3	104	374633	104	374633	0.00542308	0.00334633	0.003	0.01	3602.24	1915.84	60	9422	
0.4	5.4	23	740	16	3	34	86028	34	86028	0.00917647	0.00228924	0.003	0.01	2530.24	2160.48	60	9422	
0.4	5.4	15	741	26	3	69	252217	69	252217	0.00604348	0.00349552	0.003	0.01	3655.32	2553	36	9422	
0.4	5.4	23	742	4	3	139	540900	139	540900	0.003	0	0.003	0.003	3891.37	1895.13	60	9422	
0.4	5.4	53	744	12	3	80	290740	79	290148	0.00592405	0.00347435	0.003	0.01	3672.76	2517.93	60	9422	
0.4	5.4	13	745	5	3	149	227026	149	227026	0.00751007	0.00423406	0.003	0.017	1523.66	1338.68	20	9422	
0.4	5.4	48	746	6	3	136	357762	137	358946	0.00734306	0.00340941	0.003	0.01	2620.04	2342.05	57	9422	
0.4	5.4	41	750	23	3	1	60	1	60	0.01	0	0.01	0.01	60	0	60	60	
0.4	5.4	48	753	13	3	113	312311	113	312311	0.00721239	0.003442	0.003	0.01	2763.81	2314.64	60	9422	
0.4	5.4	13	755	24	3	156	122937	154	116179	0.00518182	0.004043	0.003	0.017	754.409	812.117	6	4395	
0.4	5.4	27	757	14	3	65	182479	65	182479	0.00483077	0.00310025	0.003	0.01	2807.37	2276.24	45	9422	
0.4	5.4	50	762	10	3	52	174771	51	168855	0.00698039	0.00350137	0.003	0.01	3310.88	2629.01	45	9422	
0.4	5.4	55	763	27	3	3	180	3	180	0.003	0	0.003	0.003	60	0	60	60	
0.4	5.4	21	765	16	3	66	118594	66	118594	0.00809091	0.00314142	0.003	0.01	1796.88	1896.55	60	9422	
0.4	5.4	50	766	8	3	59	86533	59	86533	0.00715254	0.00346815	0.003	0.01	1466.66	1190.32	47	5324	
0.4	5.4	30	770	4	3	91	215529	91	215529	0.00807692	0.00314194	0.003	0.01	2368.45	1501.26	60	7099	
0.4	5.4	23	771	5	3	49	117893	48	116118	0.00679167	0.00352474	0.003	0.01	2419.13	1605.96	60	5916	
0.4	5.4	19	775	22	3	112	271166	112	271166	0.003	0	0.003	0.003	2421.12	1976.47	45	9422	
0.4	5.4	22	777	15	3	134	327623	134	327623	0.003	0	0.003	0.003	2444.95	1946.33	60	9422	
0.4	5.4	37	778	35	3	2	120	2	120	0.01	0.00989949	0.003	0.017	60	0	60	60	
0.4	5.4	15	780	7	3	109	368365	109	368365	0.00736697	0.00340659	0.003	0.01	3379.5	2735.13	45	9422	
0.4	5.4	54	781	13	3	3	1892	3	1892	0.00533333	0.00404145	0.003	0.01	630.667	562.2	60	1184	
0.4	5.4	52	782	14	3	3	180	3	180	0.00766667	0.00404145	0.003	0.01	60	0	60	60	
0.4	5.4	29	783	13	3	114	319046	115	321413	0.00373043	0.00214934	0.003	0.01	2794.9	1825.04	30	9422	
0.4	5.4	57	784	3	3	3	180	3	180	0.01	0	0.01	0.01	60	0	60	60	
0.4	5.4	33	785	12	3	98	337360	98	337360	0.00307143	0.000707107	0.003	0.01	3442.45	2083.66	45	9422	
0.4	5.4	37	786	32	3	3	768	3	768	0.003	0	0.003	0.003	256	339.482	60	648	
0.4	5.4	26	787	13	3	57	146856	57	146856	0.00754386	0.00337041	0.003	0.01	2576.42	2013.19	60	9422	
0.4	5.4	34	788	45	3	154	171981	154	171981	0.00577273	0.00370395	0.003	0.017	1116.76	751.364	49	3550	
0.4	5.4	35	791	4	3	76	208735	76	208735	0.00898684	0.00247921	0.003	0.01	2746.51	2243.45	60	9422	
0.4	5.4	24	792	21	3	58	123345	58	123345	0.00686207	0.00351163	0.003	0.01	2126.64	1753.7	60	8191	
0.4	5.4	47	796	18	3	48	150524	48	150524	0.00591667	0.00429167	0.003	0.017	3135.92	2795.45	60	9422	
0.4	5.4	37	797	71	3	150	93222	150	93222	0.00500667	0.00374613	0.003	0.017	621.48	518.974	11	3550	
0.4	5.4	21	798	12	3	1	60	1	60	0.01	0	0.01	0.01	60	0	60	60	
0.4	5.4	30	799	19	3	119	261682	119	261682	0.008	0.00342721	0.003	0.017	2199.01	1985.73	45	9422	
0.4	5.4	13	801	3	3	243	617300	244	620850	0.0052377	0.00327116	0.003	0.01	2544.47	2225.47	45	9422	
0.4	5.4	33	803	1	3	148	665121	149	666305	0.00619463	0.00349841	0.003	0.01	4471.85	2697.23	45	9422	
0.4	5.4	52	804	52	3	43	21483	43	21483	0.00593023	0.0046414	0.003	0.024	499.605	486.526	3	2408	
0.4	5.4	14	806	13	3	12	41533	12	41533	0.003	0	0.003	0.003	3461.08	3491.29	60	9422	
0.4	5.4	30	807	17	3	1	60	1	60	0.01	0	0.01	0.01	60	0	60	60	
0.4	5.4	37	808	79	3	137	188543	136	186768	0.00397794	0.00243574	0.003	0.01	1373.29	1114.36	7	5324	
0.4	5.4	19	809	11	3	52	77073	52	77073	0.00609615	0.00351054	0.003	0.01	1482.17	1316.99	60	8873	
0.4	5.4	19	810	10	3	131	443406	131	443406	0.00369466	0.00210089	0.003	0.01	3384.78	2684.03	45	9422	
0.4	5.4	55	811	26	3	38	53407	38	53407	0.00594737	0.00350249	0.003	0.01	1405.45	1038.43	60	4904	
0.4	5.4	34	815	39	3	84	101371	84	101371	0.00591667	0.00347177	0.003	0.01	1206.8	803.925	5	3550	
0.4	5.4	46	817	7	3	3	1892	3	1892	0.00533333	0.00404145	0.003	0.01	630.667	562.2	60	1184	
0.4	5.4	4	818	10	3	85	197871	85	197871	0.0073647	0.00341163	0.003	0.01	2327.89	1600.86	60	7099	
0.4	5.4	14	819	18	3	103	200872	103	200872	0.0078932	0.00402179	0.003	0.017	1950.21	1432.56	60	7099	
0.4	5.4	41	821	61	3	163	125193	162	124009	0.00468518	0.00310174	0.003	0.017	765.488	631.652	8	3550	
0.4	5.4	34	825	36	3	13	17871	12	16096	0.00708333	0.0036045	0.003	0.01	1341.33	679.952	60	1836	
0.4	5.4	42	827	26	3	93	296085	93	296085	0.00495699	0.00315854	0.003	0.01	3183.71	2232.61	60	9422	
0.4	5.4	38	828	18	3	155	408065	155	408065	0.0086	0.00351361	0.003	0.017	2632.68	2338.86	13	9422	
0.4	5.4	15	829	2	3	65	185324	65	185324	0.00838461	0.00297223	0.003	0.01	2851.14	1635.08	60	6507	
0.4	5.4	40	830	4	3	9	14321	9	14321	0.00922222	0.00233333	0.003	0.01	1591.22	1313.57	60	4395	
0.4	5.4	29	831	5	3	136	432757	137	433941	0.00759854	0.00383762	0.003	0.017	3167.45	2429	45	9422	
0.4	5.4	35	832	5	3	10	31474	10	31474	0.0093	0.00221359	0.003	0.01	3147.4	3155.04	60	9422	
0.4	5.4	41	835	75	3	505	570737	505	570737	0.00520396	0.00359508	0.003	0.017	1130.17	1369.33	17	9422	
0.4	5.4	39	836	9	3	6	360	6	360	0.0065	0.00383406	0.003	0.01	60	0	60	60	
0.4	5.4	57	837	2	3	50	136201	50	136201	0.00608	0.00350999	0.003	0.01	2724.02	2209.8	60	9422	
0.4	5.4	15	839	4	3	35	94800	35	94800	0.0084	0.0029823	0.003	0.01	2708.57	2480.71	60	9422	
0.4	5.4	41	840	8	3	187	260807	187	260807	0.00386096	0.00230519	0.003	0.01	1394.69	1106.97	60	6490	
0.4	5.4	21	842	24	3	53	227294	53	227294	0.00313207	0.000961524	0.003	0.01	4288.57	2497.16	60	9422	
0.4	5.4	51	843	1	3	142	624275	142	624275	0.003	0	0.003	0.003	4396.3	2412.38	45	9422	
0.4	5.4	39	844	55	3	103	140513	103	140513	0.00639806	0.00402526	0.003	0.017	1364.2	1591.32	45	9422	
0.4	5.4	22	847	32	3	112	176496	113	177088	0.00708849	0.00346554	0.003	0.01	1567.15	1235.65	43	5916	
0.4	5.4	2	848	28	3	38	84739	38	84739	0.00539474	0.00336548	0.003	0.01	2229.97	1631.12	60	7690	
0.4	5.4	27	849	18	3	17	44496	17	44496	0.0087647	0.00275067	0.003	0.01	2617.41	2046.14	60	7099	
0.4	5.4	49	852	3	3	47	90679	46	90556	0.00604348	0.00350844	0.003	0.01	1968.61	1523.57	23	9422	
0.4	5.4	24	854	4	3	71	145708	71	145708	0.00812676	0.00373374	0.003	0.017	2052.23	1291.84	48	5324	
0.4	5.4	28	855	2	3	47	154179	47	154179	0.00419149	0.00265918	0.003	0.01	3280.4	3236.46	45	9422	
0.4	5.4	45	857	6	3	185	440412	185	440412	0.00701081	0.00347192	0.003	0.01	2380.61	1946.05	57	9422	
0.4	5.4	55	858	16	3	81	156966	81	156966	0.00585185	0.00346089	0.003	0.01	1937.85	1521.76	60	8961	
0.4	5.4	41	859	79	3	117	105616	117	105616	0.00539316	0.00380779	0.003	0.017	902.701	742.69	43	4395	
0.4	5.4	44	861	6	3	21	70524	21	70524	0.01	0	0.01	0.01	3358.29	2646.24	60	9422	
0.4	5.4	9	863	4	3	122	481129	122	481129	0.003	0	0.003	0.003	3943.68	2358.73	60	9422	
0.4	5.4	52	864	20	3	221	238867	221	238867	0.00619909	0.00473922	0.003	0.024	1080.85	830.536	6	4733	
0.4	5.4	35	865	2	3	1	60	1	60	0.003	0	0.003	0.003	60	0	60	60	
0.4	5.4	54	869	19	3	56	100722	55	100130	0.00783636	0.00353167	0.003	0.017	1820.55	1443.86	60	7099	
0.4	5.4	49	870	1	3	107	249259	105	246639	0.00666667	0.0035128	0.003	0.01	2348.94	1714.75	60	7099	
0.4	5.4	45	872	26	3	95	154021	95	154021	0.00771579	0.00426431	0.003	0.017	1621.27	983.591	60	5324	
0.4	5.4	1	875	2	3	45	98340	45	98340	0.00844444	0.00362162	0.003	0.017	2185.33	2173.73	60	7099	
0.4	5.4	13	876	4	3	131	447423	130	446831	0.00547692	0.00336008	0.003	0.01	3437.16	2559.48	45	9422	
0.4	5.4	34	877	27	3	218	378543	218	378543	0.00422018	0.00266175	0.003	0.01	1736.44	1327.2	25	8281	
0.4	5.4	24	878	5	3	99	204531	99	204531	0.00837374	0.00343923	0.003	0.017	2065.97	1731.33	13	9422	
0.4	5.4	49	879	20	3	170	441654	169	439879	0.00685207	0.0034926	0.003	0.01	2602.83	2505.69	45	9422	
0.4	5.4	42	880	24	3	87	236216	87	236216	0.003	0	0.003	0.003	2715.13	1802.51	60	9422	
0.4	5.4	1	882	15	3	32	72905	32	72905	0.00846875	0.00386869	0.003	0.017	2278.28	2045.17	60	9422	
0.4	5.4	24	883	12	3	98	310382	98	310382	0.003	0	0.003	0.003	3167.16	2269.79	60	9422	
0.4	5.4	42	884	1	3	6	360	6	360	0.0065	0.00383406	0.003	0.01	60	0	60	60	
0.4	5.4	42	885	2	3	77	304929	77	304929	0.003	0	0.003	0.003	3960.12	2454.73	60	9422	
0.4	5.4	57	887	8	3	141	446348	141	446348	0.00826241	0.00303467	0.003	0.01	3165.59	2273.07	28	9422	
0.4	5.4	40	888	16	3	110	382091	110	382091	0.00465454	0.00298755	0.003	0.01	3473.55	2789.86	45	9422	
0.4	5.4	28	889	1	3	69	223874	69	223874	0.00776811	0.00328609	0.003	0.01	3244.55	2493.51	60	9422	
0.4	5.4	43	890	14	3	76	133270	77	133862	0.00781818	0.00345546	0.003	0.017	1738.47	2094.01	60	9422	
0.4	5.4	51	891	9	3	136	447520	136	447520	0.00855882	0.00284088	0.003	0.01	3290.59	2626.24	60	9422	
0.4	5.4	29	894	4	3	60	161649	60	161649	0.00451667	0.00290815	0.003	0.01	2694.15	2192.27	60	9422	
0.4	5.4	52	895	17	3	2	120	2	120	0.0065	0.00494975	0.003	0.01	60	0	60	60	
0.4	5.4	57	896	4	3	2	120	2	120	0.01	0	0.01	0.01	60	0	60	60	
0.4	5.4	35	902	3	3	95	226857	95	226857	0.00756842	0.00335062	0.003	0.01	2387.97	2448.14	45	9422	
0.4	5.4	30	904	7	3	165	455273	165	455273	0.00669091	0.00398414	0.003	0.017	2759.23	2485.58	45	9422	
0.4	5.4	33	906	16	3	63	235109	63	235109	0.00666667	0.00352411	0.003	0.01	3731.89	2117.82	60	8282	
0.4	5.4	55	908	9	3	65	70582	65	70582	0.00730769	0.00385245	0.003	0.017	1085.88	567.312	60	2958	
0.4	5.4	6	911	12	3	73	215489	73	215489	0.0089452	0.00301335	0.003	0.017	2951.9	2523.32	13	9422	
0.4	5.4	28	913	3	3	1	60	1	60	0.01	0	0.01	0.01	60	0	60	60	
0.4	5.4	47	914	13	3	70	168764	70	168764	0.0093	0.00211516	0.003	0.01	2410.91	1906.45	60	9422	
0.4	5.4	21	918	11	3	81	206860	81	206860	0.00308642	0.000777778	0.003	0.01	2553.83	1877.44	60	9422	
0.4	5.4	49	920	22	3	58	159886	58	159886	0.00722414	0.00345418	0.003	0.01	2756.66	2412.25	60	9422	
0.4	5.4	52	921	4	3	60	58769	60	58769	0.0051	0.00371301	0.003	0.017	979.483	710.055	60	3840	
0.4	5.4	45	924	12	3	74	191274	74	191274	0.003	0	0.003	0.003	2584.78	2472.02	45	9422	
0.4	5.4	55	925	35	3	238	334878	239	336653	0.0066318	0.0038944	0.003	0.017	1408.59	1202.09	17	7099	
0.4	5.4	19	928	14	3	17	28530	17	28530	0.00588235	0.0035511	0.003	0.01	1678.24	1201.63	60	5324	
0.4	5.4	34	929	30	3	222	240594	222	240594	0.00618468	0.00444342	0.003	0.017	1083.76	959.762	45	9422	
0.4	5.4	41	930	46	3	156	82216	154	78320	0.00595454	0.0042937	0.003	0.024	508.571	585.793	6	4395	
0.4	5.4	27	931	1	3	109	417333	109	417333	0.003	0	0.003	0.003	3828.74	2709.96	60	9422	
0.4	5.4	32	933	10	3	60	171761	60	171761	0.003	0	0.003	0.003	2862.68	2442.54	45	9422	
0.4	5.4	19	934	16	3	56	95519	56	95519	0.00675	0.00352265	0.003	0.01	1705.7	1034.76	60	4141	
0.4	5.4	16	935	16	3	51	130403	51	130403	0.00382353	0.00227777	0.003	0.01	2556.92	2227.21	60	8873	
0.4	5.4	5	937	8	3	90	251007	90	251007	0.00883333	0.00262336	0.003	0.01	2788.97	1940.11	45	9422	
0.4	5.4	7	939	19	3	135	401912	135	401912	0.00865185	0.00325604	0.003	0.017	2977.13	2092.32	60	9422	
0.4	5.4	28	940	7	3	36	72313	36	72313	0.00591667	0.0035	0.003	0.01	2008.69	2092.33	60	9422	
0.4	5.4	37	941	13	3	205	209861	205	209861	0.00491219	0.00312675	0.003	0.01	1023.71	659.781	4	3550	
0.4	5.4	22	942	24	3	156	321798	157	323573	0.00634395	0.00350771	0.003	0.01	2060.97	1621.23	26	9422	
0.4	5.4	21	943	1	3	3	180	3	180	0.01	0	0.01	0.01	60	0	60	60	
0.4	5.4	6	946	11	3	65	176558	65	176558	0.00806154	0.00315672	0.003	0.01	2716.28	2161.28	60	9422	
0.4	5.4	22	948	12	3	160	395548	160	395548	0.0064125	0.00350989	0.003	0.01	2472.18	2169.99	45	9422	
0.4	5.4	13	949	20	3	65	58179	65	58179	0.00633846	0.00464784	0.003	0.017	895.062	898.581	60	5324	
0.4	5.4	19	950	27	3	191	221155	190	219971	0.00602105	0.00396407	0.003	0.017	1157.74	854.827	6	4733	
0.4	5.4	37	952	67	3	148	252440	148	252440	0.00356757	0.00191721	0.003	0.01	1705.68	1400.53	60	9422	
0.4	5.4	6	953	7	3	22	53366	22	53366	0.0065	0.00358236	0.003	0.01	2425.73	1331.63	60	5324	
0.4	5.4	37	955	58	3	74	39811	74	39811	0.0047973	0.00328958	0.003	0.017	537.986	462.722	35	1930	
0.4	5.4	1	957	10	3	56	175855	56	175855	0.007875	0.00324773	0.003	0.01	3140.27	2414.67	60	9422	
0.4	5.4	12	958	15	3	89	345104	89	345104	0.00952809	0.00176513	0.003	0.01	3877.57	2343.32	60	9422	
0.4	5.4	21	959	9	3	2	120	2	120	0.0065	0.00494975	0.003	0.01	60	0	60	60	
0.4	5.4	42	960	16	3	1	60	1	60	0.01	0	0.01	0.01	60	0	60	60	
0.4	5.4	13	961	9	3	234	621745	234	621745	0.0067094	0.00373376	0.003	0.017	2657.03	2454.98	5	9422	
0.4	5.4	27	964	6	3	2	120	2	120	0.0065	0.00494975	0.003	0.01	60	0	60	60	
0.4	5.4	55	967	11	3	158	128692	158	128692	0.00641139	0.00400816	0.003	0.017	814.506	670.449	21	3182	
0.4	5.4	26	968	14	3	94	227449	94	227449	0.00858511	0.00282618	0.003	0.01	2419.67	1815.86	36	9422	
0.4	5.4	48	970	19	3	38	114904	38	114904	0.00594737	0.00350249	0.003	0.01	3023.79	1879.19	60	6882	
0.4	5.4	6	974	8	3	119	470467	119	470467	0.00388235	0.00233317	0.003	0.01	3953.5	2470.06	45	9422	
0.4	5.4	18	975	2	3	195	735090	195	735090	0.00325128	0.00130559	0.003	0.01	3769.69	2691.99	45	9422	
0.4	5.4	52	977	53	3	153	147618	153	147618	0.00588235	0.00397681	0.003	0.017	964.824	1024.94	60	9422	
0.4	5.4	28	978	9	3	23	77036	23	77036	0.00513043	0.0032933	0.003	0.01	3349.39	2766.68	60	9422	
0.4	5.4	14	979	16	3	130	464675	130	464675	0.00693077	0.00348683	0.003	0.01	3574.42	2359.92	60	9422	
0.4	5.4	16	980	11	3	44	121416	43	120232	0.00739535	0.00342358	0.003	0.01	2796.09	1648.14	60	5916	
0.4	5.4	3	981	3	3	99	324110	99	324110	0.003	0	0.003	0.003	3273.84	2372.26	60	9422	
0.4	5.4	39	983	45	3	133	189585	133	189585	0.00636842	0.00381479	0.003	0.017	1425.45	1415.44	30	9422	
0.4	5.4	40	984	5	3	107	327905	107	327905	0.00764486	0.00332303	0.003	0.01	3064.53	1999.92	36	9422	
0.4	5.4	17	985	20	3	55	114329	55	114329	0.00541818	0.00335929	0.003	0.01	2078.71	2048.52	60	9422	
0.4	5.4	8	986	7	3	63	124389	63	124389	0.00877778	0.00367399	0.003	0.017	1974.43	1241.63	13	7099	
0.4	5.4	35	989	9	3	69	197154	69	197154	0.00847826	0.00290845	0.003	0.01	2857.3	1963.98	60	9422	
0.4	5.4	41	990	15	3	4	240	4	240	0.0065	0.00404145	0.003	0.01	60	0	60	60	
0.4	5.4	20	991	6	3	67	197267	67	197267	0.0081194	0.00312624	0.003	0.01	2944.28	2477.89	60	9422	
0.4	5.4	32	992	12	3	77	138583	77	138583	0.00409091	0.0025556	0.003	0.01	1799.78	2114.25	60	9422	
0.4	5.4	18	994	6	3	153	470671	153	470671	0.00766667	0.00340665	0.003	0.017	3076.28	2210.21	45	9422	
0.4	5.4	56	995	3	3	74	205445	74	205445	0.00886486	0.00259781	0.003	0.01	2776.28	2653.36	45	9422	
0.4	5.4	39	996	68	3	23	19072	23	19072	0.00665217	0.00415177	0.003	0.017	829.217	557.881	60	1836	
0.4	5.4	37	1001	53	3	98	139847	98	139847	0.00435714	0.00278157	0.003	0.01	1427.01	977.31	60	4733	
0.4	5.4	20	1002	3	3	32	117970	32	117970	0.007375	0.00344309	0.003	0.01	3686.56	2628.6	60	9422	
0.4	5.4	37	1004	59	3	143	81430	143	81430	0.00397902	0.00243643	0.003	0.01	569.441	634.345	43	3822	
0.4	5.4	14	1005	15	3	71	312495	71	312495	0.00398591	0.00245236	0.003	0.01	4401.34	3034.5	45	9422	
0.4	5.4	10	1007	17	3	170	400858	170	400858	0.00637647	0.00350815	0.003	0.01	2357.99	1729.97	60	9422	
0.4	5.4	16	1009	6	3	41	111356	41	111356	0.003	0	0.003	0.003	2716	2002.4	60	8873	
0.4	5.4	56	1010	1	3	147	588437	147	588437	0.00738095	0.0033989	0.003	0.01	4002.97	2395.86	45	9422	
0.4	5.4	52	1012	56	3	490	610390	491	611038	0.00576578	0.00345468	0.003	0.017	1244.48	1063.18	28	9422	
0.4	5.4	41	1013	45	3	11	3680	11	3680	0.00554545	0.00353167	0.003	0.01	334.545	378.403	28	1143	
0.4	5.4	42	1014	9	3	7	14316	7	14316	0.006	0.00374166	0.003	0.01	2045.14	1816.4	60	5324	
0.4	5.4	37	1015	56	3	204	337208	204	337208	0.00437255	0.00278604	0.003	0.01	1652.98	1266.04	60	6882	
0.4	5.4	35	1017	10	3	63	137403	63	137403	0.003	0	0.003	0.003	2181	2106.97	60	9422	
0.4	5.4	11	1019	6	3	160	525545	160	525545	0.00838125	0.00344201	0.003	0.017	3284.66	2278.09	60	9422	
0.4	5.4	17	1020	21	3	138	199041	138	199041	0.00675362	0.00440771	0.003	0.017	1442.33	1154.54	51	7099	
0.4	5.4	47	1021	15	3	88	322696	88	322696	0.0065	0.00352006	0.003	0.01	3667	3061.94	45	9422	
0.4	5.4	54	1023	4	3	47	120823	46	118456	0.00619565	0.00352527	0.003	0.01	2575.13	1983.46	60	7690	
0.4	5.4	41	1024	64	3	152	90288	152	90288	0.00493421	0.00324225	0.003	0.017	594	527.236	60	2958	
0.4	5.4	34	1025	4	3	1	60	1	60	0.01	0	0.01	0.01	60	0	60	60	
0.4	5.4	2	1027	36	3	140	380602	140	380602	0.0056	0.00339445	0.003	0.01	2718.59	2303.08	45	9422	
0.4	5.4	55	1028	14	3	4	1304	4	1304	0.00475	0.0035	0.003	0.01	326	307.15	60	592	
0.4	5.4	15	1029	22	3	84	354049	84	354049	0.00425	0.00269705	0.003	0.01	4214.87	3210.6	45	9422	
0.4	5.4	55	1030	1	3	6	360	6	360	0.00533333	0.00361478	0.003	0.01	60	0	60	60	
0.4	5.4	34	1031	38	3	308	582866	308	582866	0.00577273	0.00342918	0.003	0.01	1892.42	1564.1	6	9422	
0.4	5.4	39	1032	7	3	138	162497	138	162497	0.00614493	0.00359552	0.003	0.017	1177.51	837.615	60	5324	
0.4	5.4	17	1034	11	3	30	72311	30	72311	0.00766667	0.00335624	0.003	0.01	2410.37	1957.4	60	8873	
0.4	5.4	57	1035	7	3	168	763544	168	763544	0.003	0	0.003	0.003	4544.9	2929.82	45	9422	
0.4	5.4	4	1036	21	3	167	549302	167	549302	0.00580838	0.0034413	0.003	0.01	3289.23	2395.53	45	9422	
0.4	5.4	36	1037	13	3	53	162231	53	162231	0.003	0	0.003	0.003	3060.96	2461.7	45	9422	
0.4	5.4	2	1038	34	3	82	77752	82	77752	0.00513415	0.00391818	0.003	0.017	948.195	559.639	60	3822	
0.4	5.4	45	1039	31	3	165	464079	165	464079	0.00630909	0.00375243	0.003	0.017	2812.6	2311.65	45	9422	
0.4	5.4	5	1040	10	3	92	241765	92	241765	0.00505435	0.00320496	0.003	0.01	2627.88	1894.09	60	9422	
0.4	5.4	37	1041	30	3	286	299542	286	299542	0.00495804	0.00314754	0.003	0.01	1047.35	1076.07	45	9422	
0.4	5.4	48	1043	5	3	129	336342	129	336342	0.00739535	0.00339673	0.003	0.01	2607.3	1979.77	45	9422	
0.4	5.4	37	1044	62	3	191	236451	191	236451	0.00549215	0.00405601	0.003	0.017	1237.96	1107.24	45	6180	
0.4	5.4	41	1047	52	3	1	60	1	60	0.003	0	0.003	0.003	60	0	60	60	
0.4	5.4	37	1048	76	3	160	383773	160	383773	0.0037	0.00210659	0.003	0.01	2398.58	1727.45	41	9422	
0.4	5.4	34	1051	37	3	2	708	2	708	0.0065	0.00494975	0.003	0.01	354	415.779	60	648	
0.4	5.4	10	1052	11	3	104	222628	102	212569	0.00752941	0.00336171	0.003	0.01	2084.01	1690.17	60	7673	
0.4	5.4	9	1054	15	3	16	38578	16	38578	0.01	0	0.01	0.01	2411.12	1673.03	60	5916	
0.4	5.4	55	1055	25	3	4	1894	4	1894	0.003	0	0.003	0.003	473.5	452.283	60	1031	
0.4	5.4	41	1056	77	3	21	33269	21	33269	0.003	0	0.003	0.003	1584.24	1128.07	60	4395	
0.4	5.4	21	1057	5	3	85	163445	85	163445	0.00892941	0.00253447	0.003	0.01	1922.88	1480.37	60	9422	
0.4	5.4	43	1058	16	3	126	309594	126	309594	0.00383333	0.00227596	0.003	0.01	2457.1	1683.43	60	7690	
0.4	5.4	34	1059	34	3	7	5981	6	4206	0.0065	0.00383406	0.003	0.01	701	509.187	60	1184	
0.4	5.4	44	1064	9	3	51	149211	51	149211	0.00835294	0.00299882	0.003	0.01	2925.71	1927.83	60	8873	
0.4	5.4	23	1065	19	3	191	568891	189	562382	0.00448148	0.00312776	0.003	0.024	2975.57	2041.51	60	9422	
0.4	5.4	43	1068	13	3	64	149839	64	149839	0.00704687	0.00370084	0.003	0.017	2341.23	2032.59	50	9422	
0.4	5.4	4	1071	11	3	1	60	1	60	0.01	0	0.01	0.01	60	0	60	60	
0.4	5.4	24	1074	10	3	120	399594	120	399594	0.00335	0.00153201	0.003	0.01	3329.95	2211.37	60	9422	
0.4	5.4	53	1076	2	3	131	463410	130	461633	0.00515385	0.00324327	0.003	0.01	3551.02	2475.41	45	9422	
0.4	5.4	47	1079	11	3	72	178820	72	178820	0.00902778	0.00270613	0.003	0.017	2483.61	2342.4	60	9422	
0.4	5.4	11	1082	19	3	88	133918	89	136534	0.00724719	0.00389429	0.003	0.017	1534.09	1346.67	21	9124	
0.4	5.4	8	1084	16	3	153	564764	155	571864	0.00733548	0.00340984	0.003	0.01	3689.45	2464.69	45	9422	
0.4	5.4	55	1086	3	3	207	270713	207	270713	0.00641546	0.00413032	0.003	0.017	1307.79	1061.26	60	7099	
0.4	5.4	38	1087	27	3	64	146888	64	146888	0.00715625	0.0034651	0.003	0.01	2295.12	1411.89	60	5861	
0.4	5.4	16	1088	2	3	203	642222	201	635712	0.00484577	0.00324671	0.003	0.017	3162.75	2159.01	45	9422	
0.4	5.4	43	1089	18	3	1	60	1	60	0.003	0	0.003	0.003	60	0	60	60	
0.4	5.4	8	1090	11	3	30	126724	29	117851	0.003	0	0.003	0.003	4063.83	2796.34	60	9422	
0.4	5.4	28	1091	16	3	2	120	2	120	0.01	0	0.01	0.01	60	0	60	60	
0.4	5.4	37	1092	8	3	2	120	2	120	0.003	0	0.003	0.003	60	0	60	60	
0.4	5.4	24	1093	13	3	64	139307	64	139307	0.00803125	0.00317214	0.003	0.01	2176.67	1521.43	37	7099	
0.4	5.4	39	1097	8	3	1	60	1	60	0.003	0	0.003	0.003	60	0	60	60	
0.4	5.4	27	1098	4	3	52	168737	52	168737	0.003	0	0.003	0.003	3244.94	1891.08	60	7099	
0.4	5.4	52	1099	37	3	276	382014	276	382014	0.0056884	0.00346263	0.003	0.017	1384.11	1290.65	45	9422	
0.4	5.4	9	1101	3	3	166	589538	167	595454	0.00434132	0.0027633	0.003	0.01	3565.59	2799.39	45	9422	
0.4	5.4	29	1102	21	3	43	143421	43	143421	0.003	0	0.003	0.003	3335.37	2885.11	60	9422	
0.4	5.4	4	1103	14	3	96	368829	96	368829	0.003	0	0.003	0.003	3841.97	2583.9	60	9422	
0.4	5.4	52	1104	16	3	1	60	1	60	0.003	0	0.003	0.003	60	0	60	60	
0.4	5.4	2	1108	5	3	8	8994	8	8994	0.005625	0.00362284	0.003	0.01	1124.25	728.462	60	1775	
0.4	5.4	12	1109	9	3	97	409523	97	409523	0.00927835	0.00213962	0.003	0.01	4221.89	2303.48	60	9422	
0.4	5.4	35	1110	11	3	76	213707	76	213707	0.00944737	0.00190014	0.003	0.01	2811.93	1553.57	60	7099	
0.4	5.4	7	1111	9	3	138	437961	138	437961	0.00700725	0.00347566	0.003	0.01	3173.63	2246.2	57	9422	
0.4	5.4	52	1114	15	3	274	456120	275	456712	0.00546909	0.00380093	0.003	0.017	1660.77	1386.82	26	9422	
0.4	5.4	37	1115	34	3	390	449890	390	449890	0.0050641	0.00338733	0.003	0.017	1153.56	1319.26	15	9422	
0.4	5.4	37	1116	9	3	323	185433	320	183874	0.00595312	0.00480083	0.003	0.024	574.606	547.159	5	4395	
0.4	5.4	3	1117	17	3	3	180	3	180	0.00766667	0.00404145	0.003	0.01	60	0	60	60	
0.4	5.4	11	1118	14	3	86	154030	86	154030	0.00658139	0.00412301	0.003	0.024	1791.05	1448.23	13	9422	
0.4	5.4	36	1119	11	3	67	253923	67	253923	0.00937313	0.00201386	0.003	0.01	3789.9	2373.09	60	9422	
0.4	5.4	7	1120	16	3	106	242261	106	242261	0.00900943	0.00245141	0.003	0.01	2285.48	1805.03	60	9422	
0.4	5.4	56	1121	6	3	185	759902	185	759902	0.003	0	0.003	0.003	4107.58	2359.54	45	9422	
0.4	5.4	55	1122	34	3	161	415674	160	412716	0.003	0	0.003	0.003	2579.48	2351.77	36	9422	
0.4	5.4	8	1123	2	3	75	147547	75	147547	0.00841333	0.00408058	0.003	0.024	1967.29	1636.65	13	8873	
0.4	5.4	39	1128	34	3	1	60	1	60	0.01	0	0.01	0.01	60	0	60	60	
0.4	5.4	37	1132	31	3	67	69547	67	69547	0.00435821	0.00278906	0.003	0.01	1038.01	933.242	40	3963	
0.4	5.4	6	1135	15	3	75	226730	75	226730	0.00841333	0.00295046	0.003	0.01	3023.07	1990.13	60	9422	
0.4	5.4	55	1136	55	3	36	53408	36	53408	0.00533333	0.00334664	0.003	0.01	1483.56	1020.62	60	5324	
0.4	5.4	19	1137	18	3	228	459217	227	458269	0.00719383	0.00412604	0.003	0.024	2018.81	2014.34	5	9422	
0.4	5.4	52	1138	43	3	196	260790	196	260790	0.00546428	0.00335181	0.003	0.01	1330.56	1083.27	17	6507	
0.4	5.4	52	1139	45	3	282	311815	282	311815	0.00622695	0.00445997	0.003	0.024	1105.73	1225.89	16	9422	
0.4	5.4	38	1140	10	3	65	149836	65	149836	0.00310769	0.000868243	0.003	0.01	2305.17	1914.73	60	9422	
0.4	5.4	38	1141	5	3	82	270509	82	270509	0.003	0	0.003	0.003	3298.89	2089.35	60	9422	
0.4	5.4	4	1143	1	3	78	206622	79	208397	0.00556962	0.00374742	0.003	0.017	2637.94	2406.75	45	9422	
0.4	5.4	37	1144	2	3	291	263325	291	264508	0.0056701	0.00378214	0.003	0.017	908.962	1091.31	60	9422	
0.4	5.4	22	1145	21	3	122	316266	123	319227	0.00595935	0.00347213	0.003	0.01	2595.34	1785.51	60	8873	
0.4	5.4	23	1146	7	3	2	120	2	120	0.003	0	0.003	0.003	60	0	60	60	
0.4	5.4	41	1147	11	3	249	257145	249	257145	0.00527711	0.00328602	0.003	0.01	1032.71	880.12	6	8486	
0.4	5.4	4	1148	3	3	1	60	1	60	0.01	0	0.01	0.01	60	0	60	60	
0.4	5.4	49	1149	12	3	136	225093	136	225093	0.0070147	0.00396276	0.003	0.017	1655.1	1312.61	36	5664	
0.4	5.4	49	1151	21	3	91	160552	91	156751	0.00623077	0.00380665	0.003	0.017	1722.54	1467.13	60	7690	
0.4	5.4	49	1152	26	3	28	44128	26	40794	0.00569231	0.00488073	0.003	0.024	1569	1374.78	60	4395	
0.4	5.4	4	1154	2	3	6	360	6	360	0.0065	0.00383406	0.003	0.01	60	0	60	60	
0.4	5.4	4	1155	5	3	1	60	1	60	0.003	0	0.003	0.003	60	0	60	60	
0.4	5.4	50	1156	1	3	106	337487	106	337487	0.00801887	0.00316824	0.003	0.01	3183.84	1914.16	60	9422	
0.4	5.4	18	1157	5	3	85	163486	85	163486	0.00752941	0.0042806	0.003	0.017	1923.36	1460.69	60	5916	
0.4	5.4	39	1158	47	3	133	306555	133	306555	0.00642105	0.00361648	0.003	0.017	2304.92	1959.73	40	6882	
0.4	5.4	39	1159	63	3	40	63459	40	63459	0.003	0	0.003	0.003	1586.47	1211.76	60	5324	
0.4	5.4	8	1161	20	3	27	74782	27	74782	0.003	0	0.003	0.003	2769.7	2333.39	60	8873	
0.4	5.4	34	1163	47	3	51	64067	51	64067	0.003	0	0.003	0.003	1256.22	978.357	18	4395	
0.4	5.4	26	1164	12	3	4	3611	4	3611	0.00825	0.0035	0.003	0.01	902.75	740.881	60	1775	
0.4	5.4	38	1166	16	3	78	136821	78	136821	0.00703846	0.00348072	0.003	0.01	1754.12	2156.44	60	9422	
0.4	5.4	4	1167	24	3	147	394782	147	394782	0.00728571	0.00342233	0.003	0.01	2685.59	1778.5	60	9422	
0.4	5.4	56	1168	8	3	2	120	2	120	0.0065	0.00494975	0.003	0.01	60	0	60	60	
0.4	5.4	52	1169	26	3	229	267293	229	267293	0.00565939	0.0044453	0.003	0.024	1167.22	1278.83	14	9422	
0.4	5.4	38	1172	23	3	123	381879	124	386612	0.00768548	0.00330648	0.003	0.01	3117.84	2021.95	60	9422	
0.4	5.4	50	1174	6	3	4	1416	4	1416	0.0065	0.00404145	0.003	0.01	354	339.482	60	648	
0.4	5.4	1	1175	12	3	8	14908	8	14908	0.00825	0.00324037	0.003	0.01	1863.5	1758.39	60	5324	
0.4	5.4	22	1176	10	3	217	443417	217	443417	0.00780645	0.00458554	0.003	0.024	2043.4	1770.44	60	9422	
0.4	5.4	1	1177	6	3	41	64035	40	62851	0.0093	0.00413366	0.003	0.024	1571.28	1077.81	13	4904	
0.4	5.4	38	1178	2	3	131	359530	131	359530	0.00780916	0.00337209	0.003	0.017	2744.5	2452.85	45	9422	
0.4	5.4	39	1180	31	3	164	129249	164	129249	0.00551829	0.00378967	0.003	0.017	788.104	521.469	60	3799	
0.4	5.4	23	1181	17	3	161	409008	161	409008	0.00769565	0.0032997	0.003	0.01	2540.42	1921.49	45	9422	
0.4	5.4	37	1186	4	3	3	180	3	180	0.00533333	0.00404145	0.003	0.01	60	0	60	60	
0.4	5.4	42	1189	25	3	133	474031	134	474623	0.00430597	0.00273718	0.003	0.01	3541.96	2146.92	60	9422	
0.4	5.4	14	1190	10	3	16	27453	16	27453	0.005625	0.0035	0.003	0.01	1715.81	1921.79	60	7099	
0.4	5.4	17	1191	6	3	125	319189	125	318006	0.007256	0.00354443	0.003	0.017	2544.05	1748.27	60	9422	
0.4	5.4	34	1193	14	3	119	199708	119	199708	0.00470588	0.00301789	0.003	0.01	1678.22	1178.56	60	4733	
0.4	5.4	32	1194	6	3	56	172295	56	172295	0.003	0	0.003	0.003	3076.7	2422.3	60	9422	
0.4	5.4	52	1195	34	3	167	166554	167	166554	0.00530539	0.00329971	0.003	0.01	997.329	1298.24	48	9422	
0.4	5.4	5	1196	2	3	148	558026	148	558026	0.00385135	0.00229571	0.003	0.01	3770.45	2266.94	60	9422	
0.4	5.4	3	1197	12	3	179	758592	179	758592	0.00409497	0.00254993	0.003	0.01	4237.94	2448.59	45	9422	
0.4	5.4	17	1199	5	3	108	141129	108	141129	0.00844444	0.00409772	0.003	0.024	1306.75	1013.18	21	5324	
0.4	5.4	2	1200	8	3	67	175265	67	175265	0.00864179	0.00278906	0.003	0.01	2615.9	2072.06	60	8873	
0.4	5.4	49	1201	8	3	153	369398	152	368432	0.00603947	0.00423777	0.003	0.017	2423.89	2089.77	60	9422	
0.4	5.4	5	1202	16	3	66	157515	66	157515	0.00628788	0.00352034	0.003	0.01	2386.59	3180.54	45	9422	
0.4	5.4	23	1203	18	3	66	216190	66	216190	0.00575757	0.00344656	0.003	0.01	3275.61	2750.05	60	9422	
0.4	5.4	7	1204	15	3	128	350067	128	350067	0.00846875	0.00290516	0.003	0.01	2734.9	1883.62	60	9422	
0.4	5.4	55	1206	52	3	263	596553	263	596553	0.00648669	0.00361174	0.003	0.017	2268.26	1666.47	36	8873	
0.4	5.4	37	1207	86	3	214	222808	214	222808	0.00499533	0.00316747	0.003	0.01	1041.16	746.229	60	4568	
0.4	5.4	3	1209	9	3	39	97748	39	97748	0.00551282	0.00340179	0.003	0.01	2506.36	2005.65	60	9422	
0.4	5.4	24	1211	15	3	46	151697	46	151697	0.003	0	0.003	0.003	3297.76	2385.47	45	9422	
0.4	5.4	16	1212	19	3	5	4851	5	4851	0.0072	0.00626099	0.003	0.017	970.2	646.413	60	1775	
0.4	5.4	33	1213	14	3	73	266954	73	266954	0.00616438	0.00350798	0.003	0.01	3656.9	1899.09	60	7690	
0.4	5.4	44	1214	7	3	44	152168	43	147435	0.00983721	0.00106749	0.003	0.01	3428.72	2409.09	60	9422	
0.4	5.4	53	1215	15	3	96	217306	96	217306	0.00810417	0.00372892	0.003	0.017	2263.6	1811.76	60	9422	
0.4	5.4	41	1216	1	3	3	180	3	180	0.00533333	0.00404145	0.003	0.01	60	0	60	60	
0.4	5.4	14	1218	14	3	3	180	3	180	0.00766667	0.00404145	0.003	0.01	60	0	60	60	
0.4	5.4	55	1219	7	3	152	190234	152	190234	0.00631579	0.00418199	0.003	0.017	1251.54	1034.6	28	5910	
0.4	5.4	31	1222	8	3	42	55768	42	55768	0.00866667	0.00386142	0.003	0.017	1327.81	675.529	60	2958	
0.4	5.4	37	1223	69	3	128	76684	128	76684	0.00447656	0.00286704	0.003	0.01	599.094	404.649	5	1980	
0.4	5.4	34	1224	1	3	185	283833	185	283833	0.00572432	0.00349918	0.003	0.017	1534.23	1368.17	60	9422	
0.4	5.4	29	1225	8	3	9	21417	9	21417	0.003	0	0.003	0.003	2379.67	1807.34	60	5324	
0.4	5.4	11	1226	16	3	75	287652	75	287652	0.00804	0.00316416	0.003	0.01	3835.36	2356.71	60	9422	
0.4	5.4	28	1228	13	3	86	242240	86	242240	0.00812791	0.00362928	0.003	0.017	2816.74	2452.73	45	9422	
0.4	5.4	5	1229	5	3	9	16092	9	16092	0.01	0	0.01	0.01	1788	1660.34	60	5324	
0.4	5.4	17	1233	14	3	208	410533	208	410533	0.00713942	0.00441285	0.003	0.024	1973.72	2179.76	19	9422	
0.4	5.4	6	1234	10	3	3	180	3	180	0.01	0	0.01	0.01	60	0	60	60	
0.4	5.4	52	1235	25	3	307	342628	307	342628	0.00548534	0.00340256	0.003	0.017	1116.05	881.824	43	5861	
0.4	5.4	21	1236	26	3	24	76440	23	74073	0.00786956	0.0032933	0.003	0.01	3220.57	2680.12	60	9422	
0.4	5.4	51	1239	14	3	1	60	1	60	0.003	0	0.003	0.003	60	0	60	60	
0.4	5.4	13	1241	21	3	152	197343	152	197343	0.00682237	0.00447377	0.003	0.024	1298.31	1238.46	46	4736	
0.4	5.4	22	1242	9	3	13	14913	13	14913	0.00730769	0.00455311	0.003	0.017	1147.15	770.976	60	2958	
0.4	5.4	6	1244	6	3	98	294794	98	294794	0.00771428	0.00329948	0.003	0.01	3008.1	2365.75	60	9422	
0.4	5.4	32	1247	8	3	14	42127	14	42127	0.003	0	0.003	0.003	3009.07	2001.8	60	5664	
0.4	5.4	34	1248	58	3	82	66557	82	66557	0.00513415	0.00342382	0.003	0.017	811.671	947.53	14	6533	
0.4	5.4	49	1249	25	3	57	103700	57	103700	0.00631579	0.00352622	0.003	0.01	1819.3	1372.85	60	5528	
0.4	5.4	4	1250	23	3	1	60	1	60	0.01	0	0.01	0.01	60	0	60	60	
0.4	5.4	39	1253	66	3	13	9001	13	9001	0.00676923	0.00462158	0.003	0.017	692.385	501.649	60	1775	
0.4	5.4	32	1255	13	3	78	268735	78	268735	0.003	0	0.003	0.003	3445.32	1884	60	7690	
0.4	5.4	30	1257	27	3	24	34448	24	34448	0.00708333	0.00408514	0.003	0.017	1435.33	984.997	60	3550	
0.4	5.4	8	1258	21	3	79	144218	79	144218	0.00583544	0.00345829	0.003	0.01	1825.54	1696.59	60	9422	
0.4	5.4	37	1259	26	3	201	304927	202	309322	0.00580693	0.00384104	0.003	0.017	1531.3	1555.42	24	9422	
0.4	5.4	18	1261	18	3	54	77675	54	77675	0.00701852	0.00374917	0.003	0.017	1438.43	1016.75	60	5324	
0.4	5.4	37	1262	11	3	1	60	1	60	0.01	0	0.01	0.01	60	0	60	60	
0.4	5.4	22	1264	20	3	177	506611	177	506611	0.00651977	0.0038863	0.003	0.017	2862.21	2244.08	36	9422	
0.4	5.4	55	1265	53	3	100	163482	100	163482	0.00699	0.00413288	0.003	0.017	1634.82	1560.44	47	7099	
0.4	5.4	1	1266	8	3	104	267561	104	267561	0.00589423	0.00346387	0.003	0.01	2572.7	2531.15	45	9422	
0.4	5.4	52	1267	19	3	1	60	1	60	0.017	0	0.017	0.017	60	0	60	60	
0.4	5.4	52	1268	18	3	2	120	2	120	0.01	0	0.01	0.01	60	0	60	60	
0.4	5.4	48	1270	17	3	11	13729	11	13729	0.00490909	0.0032697	0.003	0.01	1248.09	604.433	60	1932	
0.4	5.4	45	1271	23	3	93	332515	94	333699	0.00560638	0.00340214	0.003	0.01	3549.99	2582.42	30	9422	
0.4	5.4	40	1272	10	3	111	305553	111	305553	0.00697297	0.00348362	0.003	0.01	2752.73	1989.68	60	9422	
0.4	5.4	25	1273	3	3	115	395940	115	395940	0.00427826	0.00271625	0.003	0.01	3442.96	1930	60	9422	
0.4	5.4	39	1274	5	3	11	14323	11	14323	0.00490909	0.0032697	0.003	0.01	1302.09	1119.95	60	4107	
0.4	5.4	57	1277	13	3	34	101293	34	101293	0.00629412	0.00354648	0.003	0.01	2979.21	2920.28	45	9422	
0.4	5.4	53	1278	6	3	127	366498	127	366498	0.003	0	0.003	0.003	2885.81	2769.44	45	9422	
0.4	5.4	41	1280	51	3	363	376943	363	376943	0.0054876	0.00347393	0.003	0.017	1038.41	1063.25	6	9422	
0.4	5.4	41	1281	29	3	54	56400	54	56400	0.003	0	0.003	0.003	1044.44	1209.76	60	8873	
0.4	5.4	2	1282	7	3	195	372999	195	372999	0.00691282	0.00395954	0.003	0.017	1912.82	1375.11	39	8873	
0.4	5.4	25	1283	12	3	105	288879	105	288879	0.00793333	0.00320836	0.003	0.01	2751.23	2014.65	60	9422	
0.4	5.4	18	1284	7	3	73	182510	73	182510	0.00741096	0.00340276	0.003	0.01	2500.14	2178.12	60	8873	
0.4	5.4	39	1286	32	3	31	25694	31	25694	0.00706452	0.00351127	0.003	0.01	828.839	495.327	60	1775	
0.4	5.4	5	1287	6	3	99	399475	99	399475	0.00745454	0.00338446	0.003	0.01	4035.1	2702.8	36	9422	
0.4	5.4	3	1288	7	3	1	60	1	60	0.01	0	0.01	0.01	60	0	60	60	
0.4	5.4	37	1289	50	3	1	60	1	60	0.01	0	0.01	0.01	60	0	60	60	
0.4	5.4	45	1291	14	3	92	197386	93	199161	0.0063871	0.00351714	0.003	0.01	2141.52	1910.28	45	9422	
0.4	5.4	46	1292	2	3	166	694224	166	694224	0.0071747	0.00344474	0.003	0.01	4182.07	2999.95	45	9422	
0.4	5.4	13	1294	7	3	1	60	1	60	0.01	0	0.01	0.01	60	0	60	60	
0.4	5.4	22	1296	19	3	55	97302	56	97642	0.008	0.00416042	0.003	0.017	1743.61	1651.24	60	9414	
0.4	5.4	34	1298	43	3	157	217419	157	217419	0.00621019	0.00358779	0.003	0.017	1384.83	1452.38	60	8084	
0.4	5.4	16	1299	13	3	144	437984	144	437984	0.00829861	0.00301298	0.003	0.01	3041.56	1820.79	60	9422	
0.4	5.4	54	1300	5	3	40	125551	40	125551	0.0086	0.00283567	0.003	0.01	3138.78	1754.79	60	7099	
0.4	5.4	51	1301	5	3	29	115483	29	115483	0.003	0	0.003	0.003	3982.17	2794.57	60	9422	
0.4	5.4	3	1302	13	3	104	232200	104	232200	0.00757692	0.00348559	0.003	0.017	2232.69	2359.25	60	9422	
0.4	5.4	37	1303	23	3	1	60	1	60	0.01	0	0.01	0.01	60	0	60	60	
0.4	5.4	53	1304	8	3	18	50413	18	50413	0.00844444	0.00299455	0.003	0.01	2800.72	2826.08	60	9422	
0.4	5.4	42	1305	11	3	93	297734	93	297734	0.003	0	0.003	0.003	3201.44	2417.32	60	9422	
0.4	5.4	22	1306	33	3	59	63600	59	63600	0.0070339	0.00472326	0.003	0.017	1077.97	719.054	48	3145	
0.4	5.4	40	1307	7	3	134	409200	134	409200	0.00352239	0.00184642	0.003	0.01	3053.73	2354.21	60	9422	
0.4	5.4	19	1310	8	3	70	159301	69	158117	0.00736232	0.00341696	0.003	0.01	2291.55	1992.07	60	9422	
0.4	5.4	19	1311	21	3	117	129259	117	129259	0.00635043	0.00406905	0.003	0.017	1104.78	925.095	21	6507	
0.4	5.4	27	1313	17	3	161	641116	161	641116	0.007	0.00347491	0.003	0.01	3982.09	2807.19	36	9422	
0.4	5.4	20	1314	4	3	1	60	1	60	0.003	0	0.003	0.003	60	0	60	60	
0.4	5.4	14	1315	2	3	90	320335	88	315010	0.00840909	0.0029503	0.003	0.01	3579.66	2407.69	60	9422	
0.4	5.4	20	1316	8	3	140	549284	140	549284	0.00635	0.00350934	0.003	0.01	3923.46	2912.94	45	9422	
0.4	5.4	56	1317	10	3	15	26745	15	26745	0.01	0	0.01	0.01	1783	1241.63	60	4395	
0.4	5.4	37	1319	73	3	199	197474	197	194515	0.00516751	0.00339528	0.003	0.017	987.386	925.904	6	5861	
0.4	5.4	39	1320	37	3	3	180	3	180	0.00533333	0.00404145	0.003	0.01	60	0	60	60	
0.4	5.4	29	1321	14	3	85	192471	85	192471	0.00670588	0.00351468	0.003	0.01	2264.36	2011.35	45	9422	
0.4	5.4	29	1322	3	3	67	128552	67	128552	0.00864179	0.00389911	0.003	0.017	1918.69	1602.67	60	9422	
0.4	5.4	40	1323	8	3	36	81187	36	81187	0.00766667	0.00374166	0.003	0.017	2255.19	1607.33	60	7099	
0.4	5.4	9	1324	26	3	58	168805	58	168805	0.00348276	0.00178926	0.003	0.01	2910.43	2201.87	60	9422	
0.4	5.4	25	1326	10	3	181	601946	181	601946	0.003	0	0.003	0.003	3325.67	1941.5	60	9422	
0.4	5.4	10	1327	12	3	62	140365	61	139181	0.00713115	0.00369899	0.003	0.017	2281.66	1608.07	60	7690	
0.4	5.4	19	1328	2	3	191	679550	192	686057	0.00445833	0.00285025	0.003	0.01	3573.21	2737.66	45	9422	
0.4	5.4	39	1329	15	3	118	189526	118	189526	0.00555085	0.00338321	0.003	0.01	1606.15	1294.97	60	5765	
0.4	5.4	37	1330	33	3	15	10191	15	10191	0.00533333	0.00341565	0.003	0.01	679.4	315.067	60	1184	
0.4	5.4	24	1331	14	3	84	268255	84	268255	0.00575	0.00343923	0.003	0.01	3193.51	2387.71	60	9422	
0.4	5.4	41	1333	62	3	47	58752	47	58752	0.00478723	0.00308528	0.003	0.01	1250.04	1403.22	60	7099	
0.4	5.4	10	1335	14	3	21	61057	21	61057	0.003	0	0.003	0.003	2907.48	1595.93	60	5324	
0.4	5.4	31	1337	9	3	138	394655	138	394655	0.00837681	0.00296501	0.003	0.01	2859.82	2193.3	60	9422	
0.4	5.4	33	1338	5	3	97	257522	97	257522	0.00819588	0.00323921	0.003	0.017	2654.87	1787.97	60	9422	
0.4	5.4	42	1339	34	3	136	324638	136	324638	0.00758088	0.00334122	0.003	0.01	2387.04	1790.27	60	9422	
0.4	5.4	12	1340	11	3	43	120224	43	120224	0.003	0	0.003	0.003	2795.91	2259.04	60	8873	
0.4	5.4	54	1341	2	3	2	120	2	120	0.01	0	0.01	0.01	60	0	60	60	
0.4	5.4	34	1342	55	3	43	39210	43	39210	0.00593023	0.00438284	0.003	0.017	911.86	607.902	60	2385	
0.4	5.4	55	1343	10	3	2	120	2	120	0.003	0	0.003	0.003	60	0	60	60	
0.4	5.4	6	1344	5	3	92	274080	92	274080	0.00535869	0.00332682	0.003	0.01	2979.13	1827.93	60	9422	
0.4	5.4	41	1345	13	3	1	60	1	60	0.003	0	0.003	0.003	60	0	60	60	
0.4	5.4	53	1346	21	3	121	446240	122	446412	0.00483606	0.00309187	0.003	0.01	3659.11	2320.54	45	9422	
0.4	5.4	13	1347	6	3	37	20869	37	20869	0.00583784	0.00450625	0.003	0.017	564.027	477.794	26	1775	
0.4	5.4	36	1348	3	3	117	435212	117	435212	0.00617094	0.00349948	0.003	0.01	3719.76	2718.34	45	9422	
0.4	5.4	37	1349	51	3	157	82018	157	82018	0.0055414	0.00337694	0.003	0.01	522.408	459.737	3	3550	
0.4	5.4	26	1351	11	3	36	130280	36	130280	0.00708333	0.0035	0.003	0.01	3618.89	2332	60	9422	
0.4	5.4	39	1353	75	3	62	55222	62	55222	0.00559677	0.00385159	0.003	0.017	890.677	692.175	48	3822	
0.4	5.4	19	1354	24	3	169	335245	169	335245	0.00747337	0.00400456	0.003	0.017	1983.7	1550.03	60	9422	
0.4	5.4	41	1355	22	3	219	157892	219	157892	0.00581278	0.00425739	0.003	0.024	720.968	685.811	14	5380	
0.4	5.4	45	1356	30	3	125	321469	125	321469	0.007648	0.00343665	0.003	0.017	2571.75	2061.52	57	9422	
0.4	5.4	26	1357	16	3	144	584656	143	580515	0.00794405	0.00319942	0.003	0.01	4059.55	2346.05	45	9422	
0.4	5.4	13	1358	23	3	28	52210	28	52210	0.003	0	0.003	0.003	1864.64	1319.63	60	4395	
0.4	5.4	53	1359	10	3	93	150627	92	148852	0.00779348	0.00343075	0.003	0.017	1617.96	1136.94	60	5324	
0.4	5.4	49	1360	14	3	178	478289	177	474739	0.00699435	0.00347474	0.003	0.01	2682.14	2300.82	45	9422	
0.4	5.4	39	1362	44	3	98	194266	98	194266	0.00471428	0.00302566	0.003	0.01	1982.31	1429.23	60	7289	
0.4	5.4	37	1366	1	3	292	318805	292	318805	0.00513356	0.00322777	0.003	0.01	1091.8	1127.89	8	9422	
0.4	5.4	10	1367	16	3	143	489442	142	484709	0.0052676	0.00328745	0.003	0.01	3413.44	2191.8	60	9422	
0.4	5.4	48	1369	12	3	153	488382	153	488382	0.00675163	0.00359327	0.003	0.017	3192.04	2358.5	60	9422	
0.4	5.4	43	1371	19	3	150	319827	150	319827	0.00771333	0.00348792	0.003	0.017	2132.18	1907.38	13	9422	
0.4	5.4	34	1373	24	3	1	60	1	60	0.003	0	0.003	0.003	60	0	60	60	
0.4	5.4	5	1374	15	3	175	682826	174	679868	0.00597701	0.00347069	0.003	0.01	3907.29	2654.92	45	9422	
0.4	5.4	13	1375	2	3	188	504327	188	504327	0.00374468	0.00228193	0.003	0.017	2682.59	2006.01	44	9422	
0.4	5.4	30	1376	6	3	133	388984	133	388984	0.00573684	0.0034287	0.003	0.01	2924.69	2086.69	43	9422	
0.4	5.4	41	1377	30	3	140	68368	140	68368	0.00555	0.00386708	0.003	0.017	488.343	422.05	6	1980	
0.4	5.4	6	1378	9	3	12	12546	12	12546	0.003	0	0.003	0.003	1045.5	497.263	60	1775	
0.4	5.4	17	1379	10	3	100	268161	100	268161	0.00727	0.00343145	0.003	0.01	2681.61	2141.91	45	9422	
0.4	5.4	43	1381	15	3	2	120	2	120	0.01	0	0.01	0.01	60	0	60	60	
0.4	5.4	54	1382	1	3	1	60	1	60	0.003	0	0.003	0.003	60	0	60	60	
0.4	5.4	51	1385	4	3	28	86495	28	86495	0.00925	0.00220479	0.003	0.01	3089.11	2506.24	60	9422	
0.4	5.4	18	1387	10	3	202	464267	202	464267	0.00774752	0.00401373	0.003	0.017	2298.35	2231.75	60	9422	
0.4	5.4	55	1389	46	3	114	112249	115	113784	0.00586087	0.00413561	0.003	0.017	989.426	866.973	60	3697	
0.4	5.4	57	1390	16	3	105	400643	105	400643	0.00786667	0.0032376	0.003	0.01	3815.65	2312.04	45	9422	
0.4	5.4	21	1391	3	3	125	294311	125	294311	0.008096	0.00312746	0.003	0.01	2354.49	1965.99	60	8338	
0.4	5.4	12	1393	1	3	2	120	2	120	0.0065	0.00494975	0.003	0.01	60	0	60	60	
0.4	5.4	33	1394	20	3	56	202460	55	196544	0.00809091	0.00314627	0.003	0.01	3573.53	2547.52	60	8873	
0.4	5.4	15	1395	16	3	112	332060	112	332060	0.0086875	0.00274447	0.003	0.01	2964.82	2287.33	60	9422	
0.4	5.4	38	1398	4	3	8	8996	8	8996	0.005625	0.00362284	0.003	0.01	1124.5	571.182	60	1775	
0.4	5.4	25	1402	11	3	82	200830	82	200830	0.00752439	0.00336733	0.003	0.01	2449.15	1488.93	60	7099	
0.4	5.4	44	1403	10	3	12	42711	11	37387	0.00872727	0.00283164	0.003	0.01	3398.82	2619.67	60	8873	
0.4	5.4	12	1404	3	3	110	393673	110	393673	0.00694545	0.00348743	0.003	0.01	3578.85	2796.81	45	9422	
0.4	5.4	8	1406	6	3	73	250390	75	253349	0.00636	0.00352075	0.003	0.01	3377.99	2812.92	45	9422	
0.4	5.4	39	1410	80	3	208	286192	208	286192	0.00646635	0.00383082	0.003	0.017	1375.92	1414.84	43	9422	
0.4	5.4	15	1414	21	3	4	240	4	240	0.0065	0.00404145	0.003	0.01	60	0	60	60	
0.4	5.4	3	1415	15	3	2	120	2	120	0.0065	0.00494975	0.003	0.01	60	0	60	60	
0.4	5.4	20	1416	11	3	2	120	2	120	0.01	0	0.01	0.01	60	0	60	60	
0.4	5.4	50	1417	16	3	120	303252	120	303252	0.00801667	0.00316754	0.003	0.01	2527.1	2150.98	60	9422	
0.4	5.4	17	1418	3	3	2	120	2	120	0.01	0	0.01	0.01	60	0	60	60	
0.4	5.4	29	1420	18	3	74	179405	73	178221	0.00693151	0.00349734	0.003	0.01	2441.38	2128.88	60	9422	
0.4	5.4	25	1421	8	3	37	107216	37	107216	0.00564865	0.00344171	0.003	0.01	2897.73	2577.79	60	9422	
0.4	5.4	33	1422	10	3	82	202619	82	202619	0.00803658	0.00316401	0.003	0.01	2470.96	2107.57	60	9422	
0.4	5.4	47	1424	20	3	93	320313	93	320313	0.00683871	0.00350245	0.003	0.01	3444.23	2125.18	60	8282	
