% start	end	CellId	IMSI	RNTI	LCID	nTxPDUs	TxBytes	nRxPDUs	RxBytes	delay	stdDev	min	max	PduSize	stdDev	min	max
0.4	5.4	29	1	16	3	166	579508	166	579508	0.00472891	0.00339768	0.003	0.017	3491.01	2340.18	45	9422	
0.4	5.4	42	2	30	3	283	457993	283	457993	0.00732862	0.00442688	0.003	0.024	1618.35	1603.17	21	9422	
0.4	5.4	22	3	11	3	1	60	1	60	0.01	0	0.01	0.01	60	0	60	60	
0.4	5.4	6	10	9	3	200	811986	200	811986	0.003	0	0.003	0.003	4059.93	2549.09	45	9422	
0.4	5.4	2	11	11	3	73	171734	73	171734	0.00578082	0.00344902	0.003	0.01	2352.52	1766.31	60	9422	
0.4	5.4	41	13	5	3	3	180	3	180	0.00533333	0.00404145	0.003	0.01	60	0	60	60	
0.4	5.4	55	14	15	3	246	300972	246	300972	0.00590244	0.00345564	0.003	0.01	1223.46	882.883	21	6396	
0.4	5.4	44	17	10	3	96	427995	96	427995	0.003	0	0.003	0.003	4458.28	2851.58	45	9422	
0.4	5.4	5	18	7	3	164	619219	165	624543	0.00749697	0.00336522	0.003	0.01	3785.11	2618.45	45	9422	
0.4	5.4	37	19	51	3	1	60	1	60	0.003	0	0.003	0.003	60	0	60	60	
0.4	5.4	23	21	22	3	162	584810	162	584810	0.00360494	0.00197298	0.003	0.01	3609.94	2411.55	60	9422	
0.4	5.4	13	22	20	3	157	447658	159	454166	0.00718239	0.00361931	0.003	0.017	2856.39	1964.44	60	9422	
0.4	5.4	43	23	17	3	18	42729	15	32722	0.00766667	0.00341565	0.003	0.01	2181.47	1616.08	60	4395	
0.4	5.4	3	25	6	3	63	128059	63	128059	0.00755555	0.00336384	0.003	0.01	2032.68	1830.11	60	8873	
0.4	5.4	1	26	5	3	3	180	3	180	0.003	0	0.003	0.003	60	0	60	60	
0.4	5.4	49	28	12	3	52	165793	52	165793	0.003	0	0.003	0.003	3188.33	2194.41	60	9422	
0.4	5.4	40	29	14	3	121	241600	119	238285	0.00688235	0.00443632	0.003	0.017	2002.39	1920.42	60	9422	
0.4	5.4	52	30	47	3	3	768	3	768	0.00533333	0.00404145	0.003	0.01	256	339.482	60	648	
0.4	5.4	36	33	7	3	79	336161	79	336161	0.0065443	0.00352208	0.003	0.01	4255.2	2522.11	40	9422	
0.4	5.4	2	35	35	3	1	60	1	60	0.01	0	0.01	0.01	60	0	60	60	
0.4	5.4	48	37	5	3	111	466441	111	466441	0.00514414	0.00324134	0.003	0.01	4202.17	3265.12	45	9422	
0.4	5.4	21	38	4	3	22	89398	22	89398	0.00459091	0.00369889	0.003	0.017	4063.55	2788.96	60	9422	
0.4	5.4	19	42	5	3	14	33251	14	33251	0.01	0	0.01	0.01	2375.07	1454.87	60	5324	
0.4	5.4	21	44	8	3	9	21417	9	21417	0.003	0	0.003	0.003	2379.67	1758.81	60	5324	
0.4	5.4	9	46	24	3	38	77068	38	77068	0.00686842	0.00352728	0.003	0.01	2028.11	2087.43	60	9422	
0.4	5.4	37	47	29	3	1	60	1	60	0.01	0	0.01	0.01	60	0	60	60	
0.4	5.4	39	48	30	3	1	60	1	60	0.003	0	0.003	0.003	60	0	60	60	
0.4	5.4	55	49	38	3	211	238840	211	238840	0.00598578	0.00420032	0.003	0.017	1131.94	939.698	39	5324	
0.4	5.4	17	51	25	3	229	588625	229	588625	0.00669869	0.00350201	0.003	0.01	2570.41	2424.88	29	9422	
0.4	5.4	31	53	7	3	167	602206	167	606938	0.0074012	0.00339216	0.003	0.01	3634.36	2527.68	45	9422	
0.4	5.4	42	55	36	3	1	60	1	60	0.017	0	0.017	0.017	60	0	60	60	
0.4	5.4	57	57	6	3	121	549806	121	549806	0.00363636	0.00202073	0.003	0.01	4543.85	2766.93	45	9422	
0.4	5.4	37	60	14	3	2	120	2	120	0.0065	0.00494975	0.003	0.01	60	0	60	60	
0.4	5.4	4	61	9	3	149	387692	149	387692	0.003	0	0.003	0.003	2601.96	2141.11	45	9422	
0.4	5.4	2	63	29	3	51	151004	51	151004	0.00492157	0.00315495	0.003	0.01	2960.86	1800.68	60	6507	
0.4	5.4	20	64	18	3	82	264732	82	264732	0.00521951	0.0032774	0.003	0.01	3228.44	2580.29	57	9422	
0.4	5.4	43	65	4	3	140	652800	140	652800	0.00765	0.00331755	0.003	0.01	4662.86	2907	45	9422	
0.4	5.4	26	70	9	3	139	404391	139	404391	0.00682734	0.00359736	0.003	0.017	2909.29	2377.09	45	9422	
0.4	5.4	37	72	26	3	7	420	7	420	0.008	0.00341565	0.003	0.01	60	0	60	60	
0.4	5.4	14	73	20	3	32	88863	32	88863	0.003	0	0.003	0.003	2776.97	2211.35	60	7690	
0.4	5.4	7	74	6	3	108	322597	108	322597	0.00753704	0.00335842	0.003	0.01	2987.01	1959.57	60	9422	
0.4	5.4	34	76	4	3	47	62262	47	62262	0.00597872	0.00349838	0.003	0.01	1324.72	1391.3	60	5664	
0.4	5.4	52	79	45	3	4	240	4	240	0.0065	0.00404145	0.003	0.01	60	0	60	60	
0.4	5.4	19	81	19	3	115	319296	115	319296	0.003	0	0.003	0.003	2776.49	1983.6	45	9422	
0.4	5.4	12	84	6	3	58	184720	58	184720	0.003	0	0.003	0.003	3184.83	2407.4	60	8873	
0.4	5.4	39	85	16	3	84	90764	84	90764	0.00483333	0.00328132	0.003	0.017	1080.52	948.184	36	4395	
0.4	5.4	1	87	7	3	1	60	1	60	0.003	0	0.003	0.003	60	0	60	60	
0.4	5.4	41	88	86	3	19	7301	19	7301	0.00410526	0.00262244	0.003	0.01	384.263	374.056	55	1239	
0.4	5.4	16	90	9	3	225	697495	225	697495	0.00776	0.00327261	0.003	0.01	3099.98	2526.87	45	9422	
0.4	5.4	5	93	12	3	62	181773	61	178223	0.00919672	0.00224959	0.003	0.01	2921.69	2043.92	60	9422	
0.4	5.4	42	95	10	3	1	60	1	60	0.003	0	0.003	0.003	60	0	60	60	
0.4	5.4	1	96	4	3	250	719573	250	719573	0.008012	0.00340267	0.003	0.017	2878.29	1789.81	19	9422	
0.4	5.4	26	100	16	3	69	174083	69	174083	0.00381159	0.00225751	0.003	0.01	2522.94	1927	54	9422	
0.4	5.4	19	101	17	3	51	162945	51	162945	0.00766667	0.00333267	0.003	0.01	3195	2664.4	45	9422	
0.4	5.4	9	102	18	3	156	346540	156	346540	0.00663461	0.00393346	0.003	0.017	2221.41	1831.35	33	9422	
0.4	5.4	39	104	28	3	195	243107	195	243107	0.00594359	0.0036766	0.003	0.017	1246.7	1074.25	53	7708	
0.4	5.4	52	106	58	3	2	120	2	120	0.0135	0.00494975	0.01	0.017	60	0	60	60	
0.4	5.4	1	107	11	3	9	21417	9	21417	0.01	0	0.01	0.01	2379.67	2446.23	60	7099	
0.4	5.4	50	108	10	3	172	356535	171	350619	0.0064386	0.00359092	0.003	0.017	2050.4	1698.45	60	9422	
0.4	5.4	48	111	7	3	101	322821	101	322821	0.00875247	0.00319188	0.003	0.017	3196.25	2341.91	36	9422	
0.4	5.4	3	112	3	3	1	60	1	60	0.003	0	0.003	0.003	60	0	60	60	
0.4	5.4	33	114	9	3	101	400055	101	400055	0.0060495	0.0034882	0.003	0.01	3960.94	2211.11	36	9422	
0.4	5.4	37	115	16	3	51	64067	51	64067	0.00560784	0.00395008	0.003	0.017	1256.22	985.004	60	5352	
0.4	5.4	8	118	26	3	95	255357	94	252396	0.003	0	0.003	0.003	2685.06	1972.72	60	9422	
0.4	5.4	46	119	13	3	101	336782	101	336782	0.00743564	0.00353105	0.003	0.017	3334.48	2066.4	60	9422	
0.4	5.4	38	120	6	3	138	493104	138	493104	0.00345652	0.00173466	0.003	0.01	3573.22	1721.24	60	9422	
0.4	5.4	33	122	13	3	20	74663	20	74663	0.0072	0.00351837	0.003	0.01	3733.15	2772.97	60	9422	
0.4	5.4	24	124	14	3	133	348174	133	348174	0.00773684	0.00371095	0.003	0.017	2617.85	2298.65	45	9422	
0.4	5.4	27	125	1	3	102	319036	102	319036	0.00835294	0.00298394	0.003	0.01	3127.8	2079.74	60	9422	
0.4	5.4	23	126	1	3	137	509536	137	509536	0.00586131	0.00345386	0.003	0.01	3719.24	2401.55	45	9422	
0.4	5.4	16	127	6	3	48	145668	48	145668	0.00489583	0.00314365	0.003	0.01	3034.75	2139.98	60	9422	
0.4	5.4	8	128	13	3	226	652562	226	652562	0.003	0	0.003	0.003	2887.44	2120.03	60	9422	
0.4	5.4	26	131	12	3	94	209829	94	209829	0.00709574	0.00346742	0.003	0.01	2232.22	2073.19	60	9422	
0.4	5.4	33	133	8	3	48	132656	48	132656	0.007375	0.00342472	0.003	0.01	2763.67	2443.48	60	9422	
0.4	5.4	39	135	11	3	234	286473	235	287657	0.00594894	0.00352366	0.003	0.017	1224.07	813.941	60	4904	
0.4	5.4	19	136	22	3	155	384202	155	384202	0.00828387	0.00368527	0.003	0.017	2478.72	1744.36	45	9422	
0.4	5.4	22	137	5	3	172	709505	172	709505	0.00564535	0.00340396	0.003	0.01	4125.03	2412.78	45	9422	
0.4	5.4	29	138	7	3	171	559534	171	559534	0.00799415	0.00343596	0.003	0.017	3272.13	2305.97	28	9422	
0.4	5.4	49	140	14	3	120	316701	121	319068	0.00647107	0.00351443	0.003	0.01	2636.93	1614.67	60	7690	
0.4	5.4	14	142	14	3	13	41535	13	41535	0.00676923	0.00363212	0.003	0.01	3195	1953.67	60	5664	
0.4	5.4	3	143	25	3	99	265937	99	265937	0.00307071	0.000703526	0.003	0.01	2686.23	2100.91	60	9422	
0.4	5.4	22	144	3	3	127	338102	126	337510	0.00488889	0.00311954	0.003	0.01	2678.65	1983.35	60	9422	
0.4	5.4	9	145	3	3	112	252822	112	252822	0.006875	0.00385579	0.003	0.017	2257.34	1874.54	39	8873	
0.4	5.4	26	146	11	3	125	377746	125	377746	0.004792	0.00306725	0.003	0.01	3021.97	2247.7	45	9422	
0.4	5.4	52	147	37	3	5	300	5	300	0.0072	0.00383406	0.003	0.01	60	0	60	60	
0.4	5.4	50	151	8	3	109	342365	109	342365	0.00422018	0.00266791	0.003	0.01	3140.96	2421.83	45	9422	
0.4	5.4	57	152	8	3	129	520292	129	520292	0.00522481	0.00327214	0.003	0.01	4033.27	2634.64	45	9422	
0.4	5.4	13	153	1	3	212	443495	212	443495	0.00785377	0.00344384	0.003	0.017	2091.96	1281.62	10	7690	
0.4	5.4	2	154	5	3	2	120	2	120	0.0065	0.00494975	0.003	0.01	60	0	60	60	
0.4	5.4	29	155	12	3	35	82429	35	82429	0.0076	0.00337116	0.003	0.01	2355.11	2121.02	60	9422	
0.4	5.4	25	156	3	3	125	465861	125	465861	0.003	0	0.003	0.003	3726.89	2256.94	60	9422	
0.4	5.4	40	157	9	3	164	390820	164	390820	0.00731097	0.00358691	0.003	0.017	2383.05	1703	36	8282	
0.4	5.4	49	160	19	3	116	371358	116	371358	0.00589655	0.00346254	0.003	0.01	3201.36	2283.49	45	9422	
0.4	5.4	51	161	14	3	164	632715	164	632715	0.00667073	0.00350654	0.003	0.01	3858.02	2333.63	45	9422	
0.4	5.4	29	162	13	3	5	5442	5	5442	0.0072	0.00383406	0.003	0.01	1088.4	742.216	60	1775	
0.4	5.4	29	163	4	3	2	120	2	120	0.01	0	0.01	0.01	60	0	60	60	
0.4	5.4	56	164	12	3	150	541262	150	541262	0.00724667	0.00343088	0.003	0.01	3608.41	2324.46	60	9422	
0.4	5.4	54	165	5	3	143	440109	143	440109	0.00755245	0.0035498	0.003	0.017	3077.69	2571.35	45	9422	
0.4	5.4	37	166	69	3	185	428173	184	426694	0.00630978	0.00350436	0.003	0.01	2318.99	1835.33	60	9422	
0.4	5.4	39	167	62	3	3	180	3	180	0.01	0	0.01	0.01	60	0	60	60	
0.4	5.4	52	170	49	3	107	127445	107	127445	0.00666355	0.00433708	0.003	0.017	1191.07	1387.64	28	9422	
0.4	5.4	31	172	1	3	155	517252	155	517252	0.00634193	0.00350776	0.003	0.01	3337.11	2208.51	45	9422	
0.4	5.4	2	174	3	3	102	161697	102	161697	0.00670588	0.00351119	0.003	0.01	1585.26	1487.23	60	9422	
0.4	5.4	52	175	59	3	148	137561	148	137561	0.00550676	0.00346508	0.003	0.017	929.466	865.522	60	7690	
0.4	5.4	27	176	3	3	157	716105	157	716105	0.0036242	0.00200133	0.003	0.01	4561.18	3220.2	45	9422	
0.4	5.4	34	177	9	3	223	540546	223	540546	0.00689238	0.00396006	0.003	0.017	2423.97	2055.45	45	9422	
0.4	5.4	51	178	16	3	94	213151	94	213151	0.00798936	0.00318428	0.003	0.01	2267.56	1828.76	28	9422	
0.4	5.4	22	180	10	3	67	139776	67	139776	0.00822388	0.00306901	0.003	0.01	2086.21	1769.93	60	9422	
0.4	5.4	12	181	3	3	144	490623	143	484116	0.00613287	0.00349293	0.003	0.01	3385.43	2067.61	60	9422	
0.4	5.4	6	182	19	3	32	77646	32	77646	0.0069375	0.00352811	0.003	0.01	2426.44	1915.1	60	8873	
0.4	5.4	6	183	24	3	53	64101	53	64101	0.00498113	0.00372874	0.003	0.017	1209.45	1392.16	60	9422	
0.4	5.4	21	185	31	3	50	147469	50	147469	0.00748	0.00339411	0.003	0.01	2949.38	1908.3	60	9422	
0.4	5.4	19	187	7	3	185	618664	185	618664	0.003	0	0.003	0.003	3344.13	2254.95	60	9422	
0.4	5.4	29	189	3	3	102	392990	101	389440	0.00653465	0.00351728	0.003	0.01	3855.84	2830.32	45	9422	
0.4	5.4	50	190	4	3	148	315188	148	315188	0.00810811	0.00352085	0.003	0.017	2129.65	1575.5	60	7099	
0.4	5.4	37	191	66	3	90	101388	90	101388	0.0065	0.00423004	0.003	0.017	1126.53	868.902	60	4395	
0.4	5.4	36	192	1	3	40	113144	40	113144	0.005275	0.00332039	0.003	0.01	2828.6	2802.15	60	9422	
0.4	5.4	52	193	27	3	2	120	2	120	0.003	0	0.003	0.003	60	0	60	60	
0.4	5.4	50	194	13	3	93	255381	93	255381	0.00315054	0.00102094	0.003	0.01	2746.03	2201.93	60	9422	
0.4	5.4	24	196	6	3	128	270100	128	270100	0.00792187	0.00332873	0.003	0.017	2110.16	1707.38	60	9422	
0.4	5.4	15	198	9	3	4	3667	4	3667	0.01	0	0.01	0.01	916.75	733.545	60	1775	
0.4	5.4	13	199	11	3	163	615095	163	615095	0.003	0	0.003	0.003	3773.59	2716.96	45	9422	
0.4	5.4	37	200	37	3	1	60	0	0	0	0	0	0	0	0	0	0	
0.4	5.4	39	201	14	3	315	401823	315	401823	0.00637778	0.00430303	0.003	0.017	1275.63	983.05	17	4904	
0.4	5.4	17	202	16	3	222	361509	220	356182	0.00672273	0.0043036	0.003	0.017	1619.01	1441.67	60	9422	
0.4	5.4	6	204	20	3	132	225800	132	225800	0.00639394	0.00410131	0.003	0.017	1710.61	1711.79	7	9422	
0.4	5.4	6	206	16	3	33	35667	33	35667	0.00533333	0.00416583	0.003	0.017	1080.82	961.668	51	4395	
0.4	5.4	4	207	15	3	23	56922	23	56922	0.003	0	0.003	0.003	2474.87	1692.15	60	5324	
0.4	5.4	17	208	29	3	233	471467	233	471467	0.00636481	0.00350492	0.003	0.01	2023.46	1663.66	46	9422	
0.4	5.4	19	209	2	3	146	627380	146	627380	0.003	0	0.003	0.003	4297.12	2766.12	45	9422	
0.4	5.4	41	210	56	3	275	348449	275	348449	0.00516364	0.00324073	0.003	0.01	1267.09	1380.14	39	9422	
0.4	5.4	3	211	13	3	129	431464	129	431464	0.003	0	0.003	0.003	3344.68	2278.57	45	9422	
0.4	5.4	36	212	5	3	4	240	4	240	0.0065	0.00404145	0.003	0.01	60	0	60	60	
0.4	5.4	52	214	13	3	1	60	1	60	0.01	0	0.01	0.01	60	0	60	60	
0.4	5.4	13	216	18	3	65	210744	65	210744	0.00429231	0.00273703	0.003	0.01	3242.22	1791.35	60	7099	
0.4	5.4	5	220	5	3	149	559336	148	558152	0.00702027	0.00347287	0.003	0.01	3771.3	3009.51	45	9422	
0.4	5.4	37	221	34	3	30	90061	30	90061	0.00743333	0.00343093	0.003	0.01	3002.03	2326.32	45	9422	
0.4	5.4	4	222	1	3	168	480613	168	480613	0.00745833	0.00346212	0.003	0.017	2860.79	1879.46	60	9422	
0.4	5.4	40	223	25	3	117	350425	117	350425	0.00754701	0.00347775	0.003	0.017	2995.09	2060.31	60	9422	
0.4	5.4	8	225	25	3	224	466706	225	471101	0.00729333	0.00406017	0.003	0.017	2093.78	1476.35	23	7503	
0.4	5.4	17	227	6	3	137	275610	137	275610	0.00366423	0.00205897	0.003	0.01	2011.75	1729.48	60	8873	
0.4	5.4	10	228	13	3	47	129697	47	129697	0.00865957	0.0031435	0.003	0.017	2759.51	2317.03	13	9422	
0.4	5.4	3	229	4	3	10	11953	10	11953	0.003	0	0.003	0.003	1195.3	774.325	60	2958	
0.4	5.4	47	230	10	3	69	134457	70	136824	0.007	0.00348911	0.003	0.01	1954.63	1679.61	43	9422	
0.4	5.4	30	231	2	3	30	67577	30	67577	0.0086	0.00338964	0.003	0.017	2252.57	1675.97	60	7099	
0.4	5.4	55	232	32	3	5	1896	5	1896	0.0044	0.0031305	0.003	0.01	379.2	259.169	60	648	
0.4	5.4	7	233	18	3	140	565842	140	565842	0.00605	0.00348341	0.003	0.01	4041.73	2711.48	45	9422	
0.4	5.4	14	234	3	3	57	182356	57	182356	0.00631579	0.00352622	0.003	0.01	3199.23	2362.31	57	9422	
0.4	5.4	14	236	18	3	64	193013	64	193013	0.00726562	0.00344223	0.003	0.01	3015.83	2609.11	45	9422	
0.4	5.4	38	237	10	3	123	375367	123	375367	0.00760976	0.00333298	0.003	0.01	3051.76	1941.05	45	9422	
0.4	5.4	17	238	32	3	207	347172	207	347172	0.00688889	0.00411276	0.003	0.017	1677.16	1585.34	5	9422	
0.4	5.4	23	239	14	3	2	120	2	120	0.01	0	0.01	0.01	60	0	60	60	
0.4	5.4	17	242	28	3	206	342404	206	342404	0.0065	0.0038959	0.003	0.017	1662.16	1497.84	57	9422	
0.4	5.4	29	243	6	3	3	180	3	180	0.01	0	0.01	0.01	60	0	60	60	
0.4	5.4	19	244	13	3	12	9005	12	9005	0.00708333	0.00555073	0.003	0.017	750.417	373.821	60	1383	
0.4	5.4	37	245	35	3	154	311998	155	312590	0.0063871	0.00359904	0.003	0.017	2016.71	2407.44	60	9422	
0.4	5.4	37	246	39	3	52	107350	52	107350	0.00623077	0.00352368	0.003	0.01	2064.42	2078.44	60	9422	
0.4	5.4	13	247	6	3	1	60	1	60	0.003	0	0.003	0.003	60	0	60	60	
0.4	5.4	34	251	11	3	196	443586	196	443586	0.00675	0.00357107	0.003	0.017	2263.19	1894.13	19	9422	
0.4	5.4	54	252	15	3	137	414291	137	414291	0.00606569	0.00358757	0.003	0.017	3024.02	2181.14	60	9422	
0.4	5.4	55	254	47	3	66	122075	66	122075	0.00406061	0.00252908	0.003	0.01	1849.62	1293.87	60	7099	
0.4	5.4	41	255	11	3	1	60	1	60	0.003	0	0.003	0.003	60	0	60	60	
0.4	5.4	6	256	26	3	62	144046	64	147417	0.00551562	0.00338527	0.003	0.01	2303.39	1914.68	60	9422	
0.4	5.4	38	257	2	3	93	313713	93	313713	0.003	0	0.003	0.003	3373.26	2219.44	60	9422	
0.4	5.4	52	258	15	3	6	360	6	360	0.00416667	0.00285774	0.003	0.01	60	0	60	60	
0.4	5.4	25	260	11	3	36	105608	36	105608	0.00786111	0.00327024	0.003	0.01	2933.56	2579.96	60	9422	
0.4	5.4	45	261	3	3	1	60	1	60	0.003	0	0.003	0.003	60	0	60	60	
0.4	5.4	19	262	9	3	12	32067	12	32067	0.00708333	0.0036045	0.003	0.01	2672.25	2125.96	60	7099	
0.4	5.4	29	263	17	3	140	345719	140	345719	0.0074	0.00339445	0.003	0.01	2469.42	1627.58	60	7099	
0.4	5.4	11	264	6	3	60	203053	60	203053	0.00766667	0.00332768	0.003	0.01	3384.22	1714.08	60	7099	
0.4	5.4	1	265	10	3	77	180620	77	180620	0.00809091	0.00352503	0.003	0.017	2345.71	2455.99	45	9422	
0.4	5.4	37	266	28	3	114	147532	114	147532	0.0064386	0.00448998	0.003	0.017	1294.14	1205.61	60	9422	
0.4	5.4	28	268	18	3	1	60	1	60	0.003	0	0.003	0.003	60	0	60	60	
0.4	5.4	47	269	19	3	154	525666	154	525666	0.00481818	0.00307946	0.003	0.01	3413.42	2641.91	45	9422	
0.4	5.4	52	270	21	3	14	10779	13	10182	0.00676923	0.00363212	0.003	0.01	783.231	637.019	60	1775	
0.4	5.4	23	271	12	3	28	62257	28	62257	0.0075	0.00341565	0.003	0.01	2223.46	2474.94	60	9422	
0.4	5.4	41	272	79	3	205	225780	205	225780	0.00569756	0.00348473	0.003	0.017	1101.37	1023.94	60	7690	
0.4	5.4	48	273	13	3	80	255727	80	255727	0.006675	0.00351768	0.003	0.01	3196.59	2521.35	57	9422	
0.4	5.4	55	274	52	3	170	116868	170	116868	0.00551176	0.0038496	0.003	0.017	687.459	576.447	40	2630	
0.4	5.4	22	278	15	3	146	636460	146	636460	0.00491781	0.00313271	0.003	0.01	4359.32	2611.83	45	9422	
0.4	5.4	6	279	12	3	167	562925	167	562925	0.003	0	0.003	0.003	3370.81	2210.38	45	9422	
0.4	5.4	41	280	19	3	176	206829	176	206829	0.00590341	0.00345862	0.003	0.01	1175.16	921.713	60	5210	
0.4	5.4	42	283	9	3	182	539180	182	539180	0.00534615	0.00331345	0.003	0.01	2962.53	2677.26	45	9422	
0.4	5.4	20	285	16	3	121	491650	121	491650	0.00681818	0.00361478	0.003	0.017	4063.22	2562.47	45	9422	
0.4	5.4	21	286	5	3	99	249962	99	249962	0.00731313	0.00342156	0.003	0.01	2524.87	1610.29	60	7690	
0.4	5.4	6	287	7	3	48	100127	48	100127	0.00752083	0.00338325	0.003	0.01	2085.98	1910.33	60	9422	
0.4	5.4	52	288	24	3	105	97885	105	97885	0.00553333	0.00351663	0.003	0.017	932.238	619.335	60	3182	
0.4	5.4	24	290	4	3	159	399202	159	399202	0.00815094	0.00319451	0.003	0.017	2510.7	1805.8	60	9422	
0.4	5.4	37	291	68	3	3	180	3	180	0.00533333	0.00404145	0.003	0.01	60	0	60	60	
0.4	5.4	48	292	14	3	1	60	0	0	0	0	0	0	0	0	0	0	
0.4	5.4	16	293	11	3	3	1300	3	1300	0.00766667	0.00404145	0.003	0.01	433.333	324.526	60	648	
0.4	5.4	52	294	40	3	190	312713	190	312713	0.00406842	0.00252408	0.003	0.01	1645.86	1097.44	60	7099	
0.4	5.4	39	295	86	3	347	357929	347	357929	0.00548127	0.00359778	0.003	0.017	1031.5	709.425	27	7099	
0.4	5.4	2	297	36	3	104	297775	104	297775	0.00676923	0.00350653	0.003	0.01	2863.22	1755.77	60	8873	
0.4	5.4	55	298	2	3	519	429860	517	428084	0.00536944	0.00382121	0.003	0.017	828.015	698.871	6	9422	
0.4	5.4	55	299	33	3	114	119184	112	118405	0.0053125	0.00343808	0.003	0.017	1057.19	841.568	47	4904	
0.4	5.4	23	300	9	3	62	154681	62	154681	0.00491935	0.00314824	0.003	0.01	2494.85	1790.4	60	7099	
0.4	5.4	57	302	1	3	10	31474	8	21415	0.01	0	0.01	0.01	2676.88	2453.7	60	7099	
0.4	5.4	55	303	30	3	7	5446	7	5446	0.008	0.00341565	0.003	0.01	778	685.65	60	1775	
0.4	5.4	39	304	53	3	129	96884	127	96273	0.00614173	0.00464232	0.003	0.017	758.055	724.922	35	4395	
0.4	5.4	39	307	31	3	4	240	4	240	0.00475	0.0035	0.003	0.01	60	0	60	60	
0.4	5.4	10	308	1	3	39	148620	39	148620	0.00389743	0.00237082	0.003	0.01	3810.77	2364.9	60	9422	
0.4	5.4	24	309	15	3	2	120	2	120	0.003	0	0.003	0.003	60	0	60	60	
0.4	5.4	8	310	24	3	217	551090	217	551090	0.00506452	0.00333826	0.003	0.017	2539.59	2225.91	45	9422	
0.4	5.4	47	313	20	3	153	381340	153	381340	0.00771242	0.00357564	0.003	0.017	2492.42	2149.98	45	9422	
0.4	5.4	55	316	16	3	1	60	1	60	0.01	0	0.01	0.01	60	0	60	60	
0.4	5.4	57	317	9	3	37	108988	37	108988	0.003	0	0.003	0.003	2945.62	2531.26	60	9422	
0.4	5.4	56	319	16	3	118	368384	118	368384	0.00673729	0.00350684	0.003	0.01	3121.9	2013.45	60	9422	
0.4	5.4	39	320	15	3	2	120	2	120	0.003	0	0.003	0.003	60	0	60	60	
0.4	5.4	56	322	2	3	85	257503	85	257503	0.00835294	0.0029869	0.003	0.01	3029.45	2164.62	60	9422	
0.4	5.4	39	323	84	3	240	520048	240	520048	0.0050125	0.00402864	0.003	0.017	2166.87	1782.2	60	9422	
0.4	5.4	48	326	11	3	52	126151	52	126151	0.00582692	0.00346818	0.003	0.01	2425.98	1898.75	60	6882	
0.4	5.4	1	328	9	3	89	203401	86	194321	0.00886046	0.00281242	0.003	0.017	2259.55	1646.66	60	7099	
0.4	5.4	12	329	13	3	77	199528	77	199528	0.00872727	0.0031566	0.003	0.017	2591.27	2323.97	60	9422	
0.4	5.4	46	332	11	3	64	113148	64	113148	0.00464062	0.00298869	0.003	0.01	1767.94	1541.86	60	9422	
0.4	5.4	33	334	4	3	81	259379	81	259379	0.00602469	0.00348918	0.003	0.01	3202.21	2608.26	36	9422	
0.4	5.4	18	335	20	3	34	108455	34	108455	0.003	0	0.003	0.003	3189.85	1799.1	60	6507	
0.4	5.4	35	336	20	3	123	306060	123	306060	0.00766667	0.00376713	0.003	0.017	2488.29	1948.04	60	8873	
0.4	5.4	46	337	12	3	151	639687	151	639687	0.00592053	0.00346318	0.003	0.01	4236.34	2408.06	45	9422	
0.4	5.4	50	338	7	3	39	60485	39	60485	0.00892308	0.00342118	0.003	0.017	1550.9	1279.26	60	5324	
0.4	5.4	40	339	12	3	45	135019	45	135019	0.003	0	0.003	0.003	3000.42	2244.51	60	9422	
0.4	5.4	21	340	9	3	98	201485	98	201485	0.0065	0.00351799	0.003	0.01	2055.97	1300.07	60	7099	
0.4	5.4	27	344	9	3	1	60	1	60	0.003	0	0.003	0.003	60	0	60	60	
0.4	5.4	48	345	16	3	77	227919	77	227919	0.00827273	0.00324295	0.003	0.017	2959.99	2126.48	60	9422	
0.4	5.4	48	346	12	3	5	5442	5	5442	0.003	0	0.003	0.003	1088.4	742.216	60	1775	
0.4	5.4	30	347	13	3	165	383741	165	383741	0.0072	0.00400183	0.003	0.017	2325.7	1725.51	36	9422	
0.4	5.4	52	348	39	3	1	60	1	60	0.01	0	0.01	0.01	60	0	60	60	
0.4	5.4	37	351	64	3	6	8992	6	8992	0.00766667	0.00361478	0.003	0.01	1498.67	1204.42	60	3550	
0.4	5.4	54	353	9	3	33	101944	33	101944	0.003	0	0.003	0.003	3089.21	2756.7	60	9422	
0.4	5.4	55	354	26	3	139	166574	139	166574	0.00506475	0.00320373	0.003	0.01	1198.37	913.973	60	5861	
0.4	5.4	1	355	3	3	112	392631	112	392631	0.0034375	0.00170205	0.003	0.01	3505.63	2511.23	60	9422	
0.4	5.4	30	358	9	3	192	570738	192	570738	0.00551562	0.0033675	0.003	0.01	2972.59	2176.01	29	9422	
0.4	5.4	39	359	85	3	41	41585	41	41585	0.00573171	0.00410502	0.003	0.017	1014.27	806.376	60	3549	
0.4	5.4	49	360	9	3	108	267032	108	267032	0.00701852	0.00373161	0.003	0.017	2472.52	1714.45	60	8873	
0.4	5.4	9	361	21	3	139	446262	139	446262	0.00305036	0.000593732	0.003	0.01	3210.52	2082.34	60	9422	
0.4	5.4	14	363	15	3	174	605999	174	605999	0.00835057	0.00325205	0.003	0.017	3482.75	2739.25	36	9422	
0.4	5.4	16	364	1	3	73	204263	73	204263	0.00415068	0.00261232	0.003	0.01	2798.12	1912.28	60	9422	
0.4	5.4	29	367	18	3	143	508593	142	508001	0.00635211	0.00350925	0.003	0.01	3577.47	2674.01	60	9422	
0.4	5.4	31	368	16	3	56	118458	56	118458	0.008625	0.00310754	0.003	0.017	2115.32	1739.37	60	7099	
0.4	5.4	27	370	5	3	24	48050	24	48050	0.00416667	0.00266485	0.003	0.01	2002.08	1455.23	60	5324	
0.4	5.4	26	371	1	3	37	69964	37	69964	0.00697297	0.00421957	0.003	0.017	1890.92	1567.81	26	7099	
0.4	5.4	52	372	64	3	76	147507	76	147507	0.00640789	0.00352204	0.003	0.01	1940.88	1199.9	60	5861	
0.4	5.4	24	376	18	3	43	106621	43	106621	0.00837209	0.00299224	0.003	0.01	2479.56	1561.69	60	7099	
0.4	5.4	14	379	9	3	125	336208	125	336208	0.006528	0.00351397	0.003	0.01	2689.66	2126.17	60	9422	
0.4	5.4	37	381	13	3	96	174131	96	174131	0.00679167	0.00365028	0.003	0.017	1813.86	1662.29	48	9422	
0.4	5.4	32	385	3	3	67	234407	67	234407	0.00728358	0.0034369	0.003	0.01	3498.61	2406.78	60	9422	
0.4	5.4	7	386	24	3	42	144483	42	144483	0.00433333	0.00278206	0.003	0.01	3440.07	2718.14	60	9422	
0.4	5.4	24	390	5	3	4	240	4	240	0.0065	0.00404145	0.003	0.01	60	0	60	60	
0.4	5.4	41	393	84	3	95	152829	95	152829	0.0044	0.00281485	0.003	0.01	1608.73	1875.24	9	9422	
0.4	5.4	12	395	11	3	61	177032	61	177032	0.00563934	0.00342069	0.003	0.01	2902.16	2090.54	60	9422	
0.4	5.4	56	396	15	3	161	419923	161	419923	0.00734783	0.00398632	0.003	0.017	2608.22	2129.49	60	9422	
0.4	5.4	41	397	21	3	201	201519	201	201519	0.00547264	0.00335418	0.003	0.01	1002.58	932.804	5	5664	
0.4	5.4	2	398	38	3	154	466508	155	467099	0.00652258	0.00351127	0.003	0.01	3013.54	2551.69	36	9422	
0.4	5.4	44	400	6	3	66	195964	66	195964	0.00936364	0.00237057	0.003	0.017	2969.15	2188.49	60	9422	
0.4	5.4	17	404	34	3	114	156437	113	154662	0.00646903	0.00429923	0.003	0.017	1368.69	1054.15	60	4918	
0.4	5.4	50	407	19	3	2	708	2	708	0.0065	0.00494975	0.003	0.01	354	415.779	60	648	
0.4	5.4	25	411	9	3	156	615442	156	615442	0.00690385	0.00348782	0.003	0.01	3945.14	2460.43	45	9422	
0.4	5.4	39	412	74	3	24	17896	24	17896	0.00533333	0.00395262	0.003	0.017	745.667	619.161	23	1836	
0.4	5.4	4	416	16	3	173	321018	173	321018	0.00765318	0.0036418	0.003	0.017	1855.6	1341.17	13	7099	
0.4	5.4	52	418	53	3	116	163528	116	163528	0.00589655	0.00358349	0.003	0.017	1409.72	1471.91	45	9422	
0.4	5.4	37	419	11	3	107	140424	107	140424	0.00561682	0.00366432	0.003	0.017	1312.37	1283.96	60	9422	
0.4	5.4	55	420	9	3	276	405837	276	405837	0.00677898	0.00459625	0.003	0.024	1470.42	1596.17	10	9422	
0.4	5.4	41	421	38	3	218	193884	216	184308	0.00530092	0.00356171	0.003	0.017	853.278	851.346	60	5664	
0.4	5.4	55	422	53	3	13	5572	13	5572	0.00407692	0.00262874	0.003	0.01	428.615	329.918	43	1184	
0.4	5.4	30	423	7	3	4	240	4	240	0.0065	0.00404145	0.003	0.01	60	0	60	60	
0.4	5.4	19	425	11	3	144	626188	144	626188	0.003	0	0.003	0.003	4348.53	2506.5	45	9422	
0.4	5.4	9	428	15	3	12	44375	12	44375	0.00358333	0.00202073	0.003	0.01	3697.92	3354.94	592	9422	
0.4	5.4	38	429	18	3	180	545677	179	543310	0.00698883	0.00370543	0.003	0.017	3035.25	2417.52	45	9422	
0.4	5.4	42	430	15	3	2	120	2	120	0.0065	0.00494975	0.003	0.01	60	0	60	60	
0.4	5.4	2	433	7	3	4	240	4	240	0.0065	0.00404145	0.003	0.01	60	0	60	60	
0.4	5.4	37	434	6	3	221	368403	221	368403	0.00654751	0.00350762	0.003	0.01	1666.98	1416.54	35	9422	
0.4	5.4	41	435	17	3	66	64229	66	64229	0.00607576	0.00390782	0.003	0.017	973.167	749.1	60	3004	
0.4	5.4	3	436	26	3	232	548745	231	547561	0.00684848	0.00430959	0.003	0.024	2370.39	2021.79	34	9422	
0.4	5.4	41	437	61	3	202	139479	202	139479	0.00466337	0.00322236	0.003	0.017	690.49	589.278	13	3550	
0.4	5.4	39	438	54	3	88	78931	88	78931	0.00546591	0.00383256	0.003	0.017	896.943	602.031	5	2278	
0.4	5.4	15	441	6	3	117	275278	116	274686	0.00541379	0.00334162	0.003	0.01	2367.98	2412.86	60	9422	
0.4	5.4	52	442	10	3	2	120	2	120	0.0065	0.00494975	0.003	0.01	60	0	60	60	
0.4	5.4	20	443	4	3	148	438103	149	439287	0.00816778	0.0031929	0.003	0.017	2948.23	1794.9	60	9422	
0.4	5.4	52	445	19	3	250	331109	249	327454	0.00496787	0.00315317	0.003	0.01	1315.08	1189.08	60	9422	
0.4	5.4	8	446	19	3	111	262272	112	263569	0.00475	0.00304471	0.003	0.01	2353.29	1590.04	60	9422	
0.4	5.4	3	447	16	3	29	85910	29	85910	0.00662069	0.00355983	0.003	0.01	2962.41	2567.52	60	9422	
0.4	5.4	46	448	10	3	1	60	1	60	0.01	0	0.01	0.01	60	0	60	60	
0.4	5.4	39	450	42	3	81	93124	81	93124	0.00524691	0.00346962	0.003	0.017	1149.68	867.993	26	4225	
0.4	5.4	36	451	14	3	50	136213	50	136213	0.00482	0.00310161	0.003	0.01	2724.26	2092.89	60	9422	
0.4	5.4	31	454	2	3	51	168756	51	168756	0.00862745	0.00343488	0.003	0.017	3308.94	2858.49	60	9422	
0.4	5.4	21	455	21	3	137	263499	137	263499	0.00688321	0.00378866	0.003	0.017	1923.35	1585.71	60	9422	
0.4	5.4	45	457	20	3	103	233295	101	225011	0.00764356	0.00374055	0.003	0.017	2227.83	1853.56	42	9422	
0.4	5.4	45	458	23	3	1	60	1	60	0.01	0	0.01	0.01	60	0	60	60	
0.4	5.4	41	459	23	3	1	60	1	60	0.003	0	0.003	0.003	60	0	60	60	
0.4	5.4	41	461	59	3	83	57620	81	55252	0.00498765	0.00317606	0.003	0.01	682.123	583.459	36	4107	
0.4	5.4	52	462	26	3	159	207362	159	207362	0.00586163	0.0038754	0.003	0.017	1304.16	1058.11	32	5664	
0.4	5.4	52	464	25	3	2	120	2	120	0.0065	0.00494975	0.003	0.01	60	0	60	60	
0.4	5.4	3	465	20	3	29	77043	29	77043	0.00589655	0.00350861	0.003	0.01	2656.66	2310.33	60	9422	
0.4	5.4	34	466	1	3	148	381832	148	381832	0.00404054	0.00249865	0.003	0.01	2579.95	1831.36	60	9422	
0.4	5.4	5	467	14	3	103	381861	103	381861	0.00857281	0.00283397	0.003	0.01	3707.39	2722.57	45	9422	
0.4	5.4	53	469	7	3	18	54550	18	54550	0.00572222	0.00351142	0.003	0.01	3030.56	2903.53	60	9422	
0.4	5.4	52	471	9	3	92	100801	91	100209	0.00546154	0.00336091	0.003	0.01	1101.2	1138.54	38	9422	
0.4	5.4	39	474	66	3	187	159160	187	159160	0.00580749	0.00400609	0.003	0.017	851.123	693.971	18	4733	
0.4	5.4	52	475	48	3	283	533584	283	533584	0.00606714	0.00347928	0.003	0.01	1885.46	1900.41	60	9422	
0.4	5.4	10	476	3	3	144	541587	143	540403	0.00843357	0.00292767	0.003	0.01	3779.04	2264.86	45	9422	
0.4	5.4	15	477	1	3	2	708	1	60	0.003	0	0.003	0.003	60	0	60	60	
0.4	5.4	13	478	17	3	62	133516	60	127373	0.00731667	0.00366611	0.003	0.017	2122.88	1618.82	16	7099	
0.4	5.4	34	480	25	3	154	429139	154	429139	0.0045	0.00288165	0.003	0.01	2786.62	1949.88	57	9422	
0.4	5.4	35	481	7	3	171	539038	171	534362	0.00758479	0.00333742	0.003	0.01	3124.92	2048.82	16	9422	
0.4	5.4	17	482	5	3	127	206156	127	206156	0.00564567	0.00440333	0.003	0.017	1623.28	1260.21	60	5664	
0.4	5.4	8	484	2	3	8	12259	6	8992	0.00883333	0.00285774	0.003	0.01	1498.67	1204.42	60	3550	
0.4	5.4	41	485	46	3	191	176118	192	177213	0.00675521	0.00446598	0.003	0.017	922.984	1069.36	24	9422	
0.4	5.4	1	487	14	3	169	433991	169	433991	0.00834319	0.00335241	0.003	0.017	2567.99	2167.56	42	9422	
0.4	5.4	39	489	88	3	35	43940	35	43940	0.004	0.00248525	0.003	0.01	1255.43	1150.39	60	5324	
0.4	5.4	1	490	1	3	42	86506	41	85914	0.00726829	0.00345705	0.003	0.01	2095.46	2125.45	57	9422	
0.4	5.4	40	493	27	3	103	219694	103	219694	0.00809709	0.00356044	0.003	0.017	2132.95	1450.19	60	7099	
0.4	5.4	41	494	1	3	1	60	1	60	0.01	0	0.01	0.01	60	0	60	60	
0.4	5.4	6	496	22	3	149	500828	150	504378	0.00524	0.00327627	0.003	0.01	3362.52	2621.09	45	9422	
0.4	5.4	50	497	1	3	1	60	1	60	0.01	0	0.01	0.01	60	0	60	60	
0.4	5.4	27	498	15	3	1	60	1	60	0.01	0	0.01	0.01	60	0	60	60	
0.4	5.4	12	500	7	3	80	206156	80	206156	0.0078125	0.00379238	0.003	0.017	2576.95	1751.33	34	7689	
0.4	5.4	18	501	13	3	35	85334	35	85334	0.0054	0.00337116	0.003	0.01	2438.11	1959.18	60	8223	
0.4	5.4	45	503	18	3	41	51032	41	51032	0.00726829	0.00345705	0.003	0.01	1244.68	883.457	60	3550	
0.4	5.4	39	504	12	3	1	60	1	60	0.003	0	0.003	0.003	60	0	60	60	
0.4	5.4	48	507	17	3	134	413107	134	413107	0.00592537	0.00346546	0.003	0.01	3082.89	2042.55	36	9422	
0.4	5.4	7	509	14	3	1	60	1	60	0.01	0	0.01	0.01	60	0	60	60	
0.4	5.4	20	510	8	3	56	132090	57	132682	0.00791228	0.00323088	0.003	0.01	2327.75	1907.65	60	9422	
0.4	5.4	32	511	14	3	32	104251	32	104251	0.007375	0.00344309	0.003	0.01	3257.84	1756.84	60	6507	
0.4	5.4	2	513	16	3	1	60	1	60	0.01	0	0.01	0.01	60	0	60	60	
0.4	5.4	9	515	11	3	162	431642	162	431642	0.00628395	0.00358996	0.003	0.017	2664.46	1948.14	57	9422	
0.4	5.4	24	516	13	3	78	177048	78	177048	0.00703846	0.00365898	0.003	0.017	2269.85	1815.72	28	7099	
0.4	5.4	55	517	11	3	3	710	3	710	0.00766667	0.0080829	0.003	0.017	236.667	245.504	60	517	
0.4	5.4	37	518	47	3	155	360665	156	363626	0.00708333	0.00420439	0.003	0.017	2330.94	1614.54	60	7099	
0.4	5.4	50	520	12	3	146	422844	146	422844	0.00712329	0.00345591	0.003	0.01	2896.19	2761.67	45	9422	
0.4	5.4	49	521	10	3	177	555811	178	555871	0.0075618	0.00342624	0.003	0.017	3122.87	2336.59	45	9422	
0.4	5.4	19	522	8	3	159	503749	159	503749	0.00436478	0.002782	0.003	0.01	3168.23	2237.5	45	9422	
0.4	5.4	41	524	67	3	135	97391	135	97391	0.00554074	0.00348507	0.003	0.017	721.415	705.963	60	4395	
0.4	5.4	14	526	5	3	118	335012	118	335012	0.00715254	0.0034533	0.003	0.01	2839.08	1817.48	60	9422	
0.4	5.4	47	527	12	3	180	372508	180	372508	0.00743333	0.00411307	0.003	0.024	2069.49	1652.29	13	8873	
0.4	5.4	17	528	27	3	17	24387	17	24387	0.00711765	0.0035511	0.003	0.01	1434.53	1305.14	60	5324	
0.4	5.4	4	529	13	3	4	240	4	240	0.00825	0.0035	0.003	0.01	60	0	60	60	
0.4	5.4	15	531	20	3	133	473570	133	473570	0.00642105	0.00351234	0.003	0.01	3560.68	2283.65	60	9422	
0.4	5.4	39	534	33	3	103	123297	104	123889	0.00542308	0.00334633	0.003	0.01	1191.24	916.476	60	4395	
0.4	5.4	51	536	2	3	127	553890	127	553890	0.0054252	0.00334408	0.003	0.01	4361.34	2531.36	45	9422	
0.4	5.4	45	541	12	3	184	688363	184	688363	0.00600543	0.00347434	0.003	0.01	3741.1	2754.99	45	9422	
0.4	5.4	18	542	1	3	146	386630	145	384855	0.00816552	0.00330196	0.003	0.017	2654.17	2252.36	26	9422	
0.4	5.4	45	545	7	3	81	155867	81	155867	0.00671605	0.00351509	0.003	0.01	1924.28	1749.13	60	9422	
0.4	5.4	30	546	17	3	144	420230	144	420230	0.00684028	0.00349558	0.003	0.01	2918.26	2339.38	60	9422	
0.4	5.4	18	548	9	3	45	148630	45	148630	0.00471111	0.00304229	0.003	0.01	3302.89	2360.48	60	8873	
0.4	5.4	37	549	59	3	1	60	1	60	0.01	0	0.01	0.01	60	0	60	60	
0.4	5.4	55	550	45	3	208	190351	208	190351	0.00565865	0.00373698	0.003	0.017	915.149	729.929	9	4395	
0.4	5.4	3	551	1	3	180	519896	182	528770	0.00676923	0.00365071	0.003	0.017	2905.33	2247.57	36	9422	
0.4	5.4	3	552	9	3	79	165482	79	165482	0.00636709	0.00351982	0.003	0.01	2094.71	1540.49	38	5324	
0.4	5.4	4	553	2	3	144	516057	144	516057	0.00552778	0.00337399	0.003	0.01	3583.73	2456.95	45	9422	
0.4	5.4	11	554	2	3	80	282348	80	282348	0.0079	0.00322804	0.003	0.01	3529.35	2736.3	36	9422	
0.4	5.4	20	555	10	3	28	61661	28	61661	0.0105	0.00264575	0.003	0.017	2202.18	1948.18	60	9422	
0.4	5.4	18	558	4	3	61	176448	61	176448	0.00667213	0.00352478	0.003	0.01	2892.59	2320.63	57	9422	
0.4	5.4	51	559	13	3	63	160469	63	160469	0.00811111	0.0031321	0.003	0.01	2547.13	1751.67	60	8873	
0.4	5.4	18	561	12	3	38	85341	38	85341	0.00686842	0.00352728	0.003	0.01	2245.82	1508.6	60	6877	
0.4	5.4	30	562	16	3	268	634071	268	634071	0.00746642	0.00382907	0.003	0.017	2365.94	1887.16	45	9422	
0.4	5.4	8	563	22	3	147	343354	147	343354	0.00585714	0.00345222	0.003	0.01	2335.74	1618.61	57	9422	
0.4	5.4	26	564	22	3	76	125125	76	125125	0.00723684	0.0038048	0.003	0.017	1646.38	1267.64	14	5324	
0.4	5.4	8	565	12	3	131	343953	132	344750	0.00660606	0.00371865	0.003	0.017	2611.74	1930.59	45	9422	
0.4	5.4	14	566	8	3	220	724351	220	724351	0.00595909	0.00346584	0.003	0.01	3292.5	2074.85	36	9422	
0.4	5.4	21	567	3	3	91	208540	91	208540	0.00746154	0.00338397	0.003	0.01	2291.65	2169.87	60	8961	
0.4	5.4	17	572	3	3	187	213344	186	211569	0.00593548	0.00389541	0.003	0.017	1137.47	1000.46	24	5524	
0.4	5.4	47	573	2	3	133	362246	133	362246	0.00836842	0.00332455	0.003	0.017	2723.65	1719.79	60	7099	
0.4	5.4	17	575	11	3	2	708	2	708	0.01	0	0.01	0.01	354	415.779	60	648	
0.4	5.4	30	576	19	3	79	170092	78	167725	0.00757692	0.0037121	0.003	0.017	2150.32	1855.82	60	9422	
0.4	5.4	55	577	6	3	1	60	1	60	0.003	0	0.003	0.003	60	0	60	60	
0.4	5.4	41	579	7	3	226	435627	227	437402	0.00414097	0.00259125	0.003	0.01	1926.88	1573.01	91	9422	
0.4	5.4	45	580	14	3	68	125582	68	125582	0.0065	0.00352602	0.003	0.01	1846.79	1274.94	60	5324	
0.4	5.4	13	582	2	3	210	559453	209	555903	0.00752153	0.00342513	0.003	0.017	2659.82	2056.97	7	9422	
0.4	5.4	42	583	28	3	178	308661	178	308661	0.0065	0.00373901	0.003	0.017	1734.05	1727.06	7	9422	
0.4	5.4	34	584	38	3	4	1302	3	1297	0.00766667	0.00404145	0.003	0.01	432.333	323.537	60	645	
0.4	5.4	16	585	15	3	136	591118	136	591118	0.00428676	0.00285166	0.003	0.017	4346.46	2885.38	45	9422	
0.4	5.4	27	586	14	3	3	180	3	180	0.01	0	0.01	0.01	60	0	60	60	
0.4	5.4	50	587	27	3	71	184143	71	184143	0.003	0	0.003	0.003	2593.56	1331.88	60	7099	
0.4	5.4	39	588	8	3	1	60	1	60	0.01	0	0.01	0.01	60	0	60	60	
0.4	5.4	42	590	12	3	1	60	1	60	0.003	0	0.003	0.003	60	0	60	60	
0.4	5.4	3	591	23	3	67	166525	67	166525	0.0062388	0.00351658	0.003	0.01	2485.45	2080.03	60	9422	
0.4	5.4	12	592	8	3	19	35623	19	35623	0.00336842	0.00160591	0.003	0.01	1874.89	1539.92	60	4736	
0.4	5.4	37	593	1	3	2	120	2	120	0.0065	0.00494975	0.003	0.01	60	0	60	60	
0.4	5.4	55	595	50	3	208	174412	208	174412	0.00596154	0.00426291	0.003	0.017	838.519	1009.26	21	9422	
0.4	5.4	9	597	7	3	66	130904	66	130904	0.00692424	0.00350082	0.003	0.01	1983.39	2034.32	38	9422	
0.4	5.4	50	598	6	3	5	300	5	300	0.0072	0.00383406	0.003	0.01	60	0	60	60	
0.4	5.4	16	599	4	3	119	491763	118	490579	0.00667797	0.00351038	0.003	0.01	4157.45	2199.45	45	9422	
0.4	5.4	38	601	12	3	44	94793	44	94793	0.00952273	0.0017848	0.003	0.01	2154.39	2407.08	60	9422	
0.4	5.4	31	602	5	3	28	83547	29	87097	0.00903448	0.00245652	0.003	0.01	3003.34	1893.18	60	7438	
0.4	5.4	47	604	6	3	124	405419	124	405419	0.00627419	0.00350688	0.003	0.01	3269.51	2318.56	60	9422	
0.4	5.4	52	605	32	3	109	112681	109	112681	0.00518349	0.00325794	0.003	0.01	1033.77	701.888	6	4216	
0.4	5.4	42	607	19	3	44	59443	44	59443	0.00634091	0.00439843	0.003	0.017	1350.98	1299.51	31	5324	
0.4	5.4	45	608	25	3	149	592729	149	592729	0.00314094	0.000986532	0.003	0.01	3978.05	2996.37	45	9422	
0.4	5.4	3	609	29	3	124	296008	125	297192	0.006024	0.00348143	0.003	0.01	2377.54	1820.18	60	9422	
0.4	5.4	28	612	21	3	93	227923	93	227923	0.00729032	0.00342808	0.003	0.01	2450.78	2162.57	60	9422	
0.4	5.4	37	613	57	3	1	60	1	60	0.01	0	0.01	0.01	60	0	60	60	
0.4	5.4	18	615	8	3	122	366401	122	366401	0.00868033	0.00302951	0.003	0.017	3003.29	1965.76	48	9422	
0.4	5.4	2	619	41	3	168	463578	168	463578	0.00716667	0.00344619	0.003	0.01	2759.39	2007.28	60	9422	
0.4	5.4	39	620	58	3	87	65954	87	65954	0.00565517	0.00388446	0.003	0.017	758.092	485.04	60	1775	
0.4	5.4	11	621	14	3	180	630418	179	630052	0.00827933	0.00302242	0.003	0.01	3519.84	2481.08	45	9422	
0.4	5.4	16	622	12	3	10	14318	10	14318	0.0058	0.00361478	0.003	0.01	1431.8	959.292	60	3550	
0.4	5.4	3	623	21	3	2	116	2	116	0.003	0	0.003	0.003	58	2.82843	56	60	
0.4	5.4	39	626	90	3	11	4384	11	4384	0.00554545	0.00353167	0.003	0.01	398.545	343.224	38	1031	
0.4	5.4	37	628	25	3	89	228648	89	228648	0.00386517	0.00231689	0.003	0.01	2569.08	2159.24	60	9422	
0.4	5.4	38	629	3	3	17	53958	17	53958	0.0087647	0.00275067	0.003	0.01	3174	3265.51	60	9422	
0.4	5.4	41	631	60	3	32	54096	32	54096	0.0043125	0.0027759	0.003	0.01	1690.5	2459.15	60	9422	
0.4	5.4	44	632	2	3	224	747301	224	747301	0.0075625	0.00340741	0.003	0.017	3336.17	2496.66	45	9422	
0.4	5.4	23	633	4	3	77	170557	77	170557	0.00709091	0.00382575	0.003	0.017	2215.03	1545.88	60	7690	
0.4	5.4	40	634	19	3	149	313919	149	313919	0.00769799	0.00410455	0.003	0.017	2106.84	1944.16	45	9422	
0.4	5.4	17	635	30	3	332	574037	332	574037	0.00728012	0.00436788	0.003	0.017	1729.03	1733.36	48	9422	
0.4	5.4	3	636	10	3	134	415030	134	415030	0.0065	0.00400329	0.003	0.017	3097.24	2567.93	45	9422	
0.4	5.4	54	638	18	3	26	61061	26	61061	0.00542308	0.00339615	0.003	0.01	2348.5	1927.58	60	7099	
0.4	5.4	6	639	25	3	84	316078	84	316078	0.003	0	0.003	0.003	3762.83	2306.72	60	9422	
0.4	5.4	35	640	3	3	128	399541	129	400473	0.00826356	0.00327757	0.003	0.017	3104.44	1956.44	60	9422	
0.4	5.4	37	641	56	3	7	5446	7	5446	0.003	0	0.003	0.003	778	613.575	60	1527	
0.4	5.4	43	645	5	3	11	31476	11	31476	0.00936364	0.00211058	0.003	0.01	2861.45	3091.87	60	9422	
0.4	5.4	2	646	43	3	129	378828	129	378828	0.00533333	0.00342631	0.003	0.017	2936.65	2128.72	60	9422	
0.4	5.4	36	648	2	3	58	109586	58	109586	0.00915517	0.00230028	0.003	0.01	1889.41	1986.5	60	9422	
0.4	5.4	14	649	10	3	58	136208	58	136208	0.003	0	0.003	0.003	2348.41	1248.02	60	5324	
0.4	5.4	26	650	14	3	34	65811	34	65811	0.00691176	0.00352796	0.003	0.01	1935.62	2520.44	5	9422	
0.4	5.4	42	651	3	3	158	184395	158	184395	0.00570253	0.00376628	0.003	0.017	1167.06	905.891	45	5324	
0.4	5.4	13	652	15	3	25	69348	25	69348	0.003	0	0.003	0.003	2773.92	2542.92	60	9422	
0.4	5.4	55	653	8	3	131	135916	131	135916	0.00524427	0.00327952	0.003	0.01	1037.53	922.576	60	7099	
0.4	5.4	55	654	34	3	166	162556	166	162556	0.00519277	0.00368439	0.003	0.017	979.253	775.279	6	4395	
0.4	5.4	54	655	3	3	44	87690	44	87690	0.00475	0.00306613	0.003	0.01	1992.95	1990.7	60	9422	
0.4	5.4	19	656	23	3	160	604917	160	604917	0.003	0	0.003	0.003	3780.73	2514.91	45	9422	
0.4	5.4	29	660	23	3	44	130401	44	130401	0.00729545	0.00344781	0.003	0.01	2963.66	2501.42	60	9422	
0.4	5.4	52	661	44	3	239	452391	239	452391	0.00423012	0.00266974	0.003	0.01	1892.85	1429.25	60	9422	
0.4	5.4	25	662	7	3	3	180	3	180	0.01	0	0.01	0.01	60	0	60	60	
0.4	5.4	42	663	2	3	2	120	2	120	0.0065	0.00494975	0.003	0.01	60	0	60	60	
0.4	5.4	39	664	72	3	15	9660	15	9660	0.00486667	0.00320416	0.003	0.01	644	472.319	60	1775	
0.4	5.4	41	665	42	3	65	72966	65	72966	0.00483077	0.00310025	0.003	0.01	1122.55	898.262	60	4395	
0.4	5.4	10	666	10	3	16	29225	16	29225	0.009125	0.00239096	0.003	0.01	1826.56	1937.66	60	7099	
0.4	5.4	30	668	14	3	145	494910	145	494910	0.003	0	0.003	0.003	3413.17	2509.61	60	9422	
0.4	5.4	31	669	13	3	149	410785	149	410785	0.00732215	0.00369307	0.003	0.017	2756.95	1972.11	45	9422	
0.4	5.4	39	670	94	3	292	337281	289	329198	0.006609	0.00448408	0.003	0.017	1139.09	1174.02	15	9422	
0.4	5.4	32	671	7	3	59	212098	59	212098	0.00561017	0.00341405	0.003	0.01	3594.88	2511.77	36	9422	
0.4	5.4	41	672	27	3	13	6048	13	6048	0.00461538	0.0030697	0.003	0.01	465.231	286.739	60	1184	
0.4	5.4	34	673	12	3	210	635969	210	635969	0.003	0	0.003	0.003	3028.42	2431.62	18	9422	
0.4	5.4	4	674	17	3	3	180	3	180	0.00766667	0.00404145	0.003	0.01	60	0	60	60	
0.4	5.4	45	675	8	3	104	277641	104	277641	0.00851923	0.00287264	0.003	0.01	2669.62	1933.45	36	9422	
0.4	5.4	23	676	16	3	118	277182	118	277182	0.0083983	0.00359282	0.003	0.017	2349	1888.66	60	9422	
0.4	5.4	24	677	7	3	67	203069	66	197745	0.00809091	0.00337287	0.003	0.017	2996.14	2268.33	60	9422	
0.4	5.4	6	678	6	3	101	348028	101	348028	0.00563366	0.003408	0.003	0.01	3445.82	2515.84	60	9422	
0.4	5.4	39	679	60	3	131	128109	131	128109	0.00625954	0.00427981	0.003	0.017	977.931	946.141	15	6507	
0.4	5.4	57	681	4	3	131	457226	131	457226	0.00551145	0.00337038	0.003	0.01	3490.27	2597.4	60	9422	
0.4	5.4	52	682	55	3	3	768	3	768	0.0123333	0.00404145	0.01	0.017	256	339.482	60	648	
0.4	5.4	4	685	3	3	59	135046	59	135046	0.0070339	0.00348873	0.003	0.01	2288.92	1296.56	60	5664	
0.4	5.4	57	686	13	3	79	240449	79	240449	0.00610126	0.00349943	0.003	0.01	3043.66	2042.71	57	9422	
0.4	5.4	20	687	7	3	86	215740	86	215740	0.0047093	0.00302486	0.003	0.01	2508.6	1736.4	60	7690	
0.4	5.4	55	688	46	3	65	81247	65	81247	0.00569231	0.00343203	0.003	0.01	1249.95	1343.14	6	9422	
0.4	5.4	16	689	16	3	186	705488	186	705488	0.00397849	0.0024339	0.003	0.01	3792.95	2879.4	45	9422	
0.4	5.4	36	690	8	3	87	261876	87	261876	0.0087931	0.00265951	0.003	0.01	3010.07	2483.78	60	9422	
0.4	5.4	53	691	9	3	109	497672	109	497672	0.003	0	0.003	0.003	4565.8	2983.85	45	9422	
0.4	5.4	40	692	26	3	2	708	2	708	0.0065	0.00494975	0.003	0.01	354	415.779	60	648	
0.4	5.4	15	694	13	3	135	514851	135	514851	0.00704444	0.00347027	0.003	0.01	3813.71	2512.23	36	9422	
0.4	5.4	37	695	30	3	171	253493	172	255087	0.0065	0.00404145	0.003	0.017	1483.06	1394.76	31	9422	
0.4	5.4	38	696	13	3	118	381267	118	381267	0.00750847	0.00336586	0.003	0.01	3231.08	2147.23	36	9422	
0.4	5.4	12	697	5	3	116	334076	116	334076	0.00722414	0.00343913	0.003	0.01	2879.97	1994.41	60	9422	
0.4	5.4	55	698	12	3	2	652	2	652	0.01	0	0.01	0.01	326	376.181	60	592	
0.4	5.4	34	699	7	3	195	612111	195	612111	0.00483077	0.00308423	0.003	0.01	3139.03	2531.16	45	9422	
0.4	5.4	46	702	3	3	159	626078	159	626078	0.00678616	0.0034993	0.003	0.01	3937.6	2448.02	45	9422	
0.4	5.4	17	704	2	3	136	170417	136	170417	0.00680882	0.00433336	0.003	0.017	1253.07	1378.31	33	8873	
0.4	5.4	26	705	2	3	142	484943	142	484943	0.00334507	0.00152076	0.003	0.01	3415.09	2429.89	45	9422	
0.4	5.4	8	706	23	3	53	130426	53	130426	0.00854717	0.00396895	0.003	0.017	2460.87	2027.02	60	9422	
0.4	5.4	6	707	1	3	136	317807	136	317807	0.0065	0.00381032	0.003	0.017	2336.82	1682.86	118	9422	
0.4	5.4	52	708	42	3	67	90702	68	93069	0.00464706	0.00299135	0.003	0.01	1368.66	835.446	39	3550	
0.4	5.4	34	710	21	3	129	252966	129	252966	0.00679845	0.00371311	0.003	0.017	1960.98	1621.84	60	9422	
0.4	5.4	41	712	54	3	183	130786	183	130786	0.00563934	0.003985	0.003	0.017	714.678	628.633	14	4395	
0.4	5.4	25	713	10	3	172	565868	172	564685	0.00792442	0.00320637	0.003	0.01	3283.05	2200	36	9422	
0.4	5.4	51	714	15	3	46	131466	46	131466	0.00802174	0.0031867	0.003	0.01	2857.96	2000.86	60	7099	
0.4	5.4	39	715	80	3	310	299418	310	299418	0.00652258	0.00456643	0.003	0.024	965.865	929.233	4	9422	
0.4	5.4	13	716	8	3	147	331049	146	329865	0.00736301	0.00368946	0.003	0.017	2259.35	1817.98	36	9422	
0.4	5.4	12	717	2	3	11	23193	11	23193	0.00363636	0.00211058	0.003	0.01	2108.45	1690.07	60	5324	
0.4	5.4	55	718	49	3	89	169379	89	169379	0.00716854	0.00361259	0.003	0.017	1903.13	2009.01	60	9422	
0.4	5.4	25	724	5	3	56	156316	56	156316	0.00725	0.00344964	0.003	0.01	2791.36	2038.54	60	9422	
0.4	5.4	54	725	16	3	136	414893	137	417260	0.00836496	0.00320587	0.003	0.017	3045.69	1832.3	60	9422	
0.4	5.4	3	726	24	3	151	471843	152	474039	0.00544079	0.0034425	0.003	0.017	3118.68	2482.63	45	9422	
0.4	5.4	41	727	73	3	137	115768	137	115768	0.00621898	0.00432964	0.003	0.017	845.022	814.137	44	4635	
0.4	5.4	22	728	17	3	114	494715	114	494715	0.003	0	0.003	0.003	4339.61	2648.66	45	9422	
0.4	5.4	35	729	10	3	38	117990	38	117990	0.00557895	0.00342196	0.003	0.01	3105	3026.76	60	9422	
0.4	5.4	36	730	6	3	13	41535	13	41535	0.00676923	0.00363212	0.003	0.01	3195	2377.1	60	7099	
0.4	5.4	8	731	8	3	19	52181	19	52181	0.00373684	0.00220711	0.003	0.01	2746.37	2573.89	60	8873	
0.4	5.4	48	732	2	3	131	563821	131	563821	0.00561832	0.00340013	0.003	0.01	4303.98	2329.45	45	9422	
0.4	5.4	42	733	22	3	193	656564	193	656564	0.00434197	0.00276269	0.003	0.01	3401.89	2835.41	36	9422	
0.4	5.4	31	734	9	3	147	439746	147	440337	0.00823809	0.00304832	0.003	0.01	2995.49	1897.2	60	9422	
0.4	5.4	9	735	2	3	182	539420	182	539420	0.00526923	0.0032855	0.003	0.01	2963.85	1990.9	60	9422	
0.4	5.4	34	736	36	3	275	671356	272	664256	0.00709191	0.00370832	0.003	0.017	2442.12	1864.36	29	9422	
0.4	5.4	39	738	39	3	170	167295	170	167295	0.00551176	0.00377353	0.003	0.017	984.088	670.192	60	4395	
0.4	5.4	52	739	20	3	218	240144	218	240144	0.0058578	0.00363964	0.003	0.017	1101.58	731.677	31	5216	
0.4	5.4	39	740	7	3	64	84198	64	84198	0.00485937	0.0031161	0.003	0.01	1315.59	1106.67	60	5324	
0.4	5.4	39	741	83	3	384	456275	385	458050	0.00632727	0.00428684	0.003	0.024	1189.74	1174.05	43	9422	
0.4	5.4	57	742	14	3	88	262821	88	262821	0.00848864	0.00289667	0.003	0.01	2986.6	1886.28	60	9422	
0.4	5.4	51	743	6	3	19	39765	19	39765	0.00594737	0.0035508	0.003	0.01	2092.89	2494.61	60	9422	
0.4	5.4	4	744	10	3	4	240	4	240	0.00825	0.0035	0.003	0.01	60	0	60	60	
0.4	5.4	42	749	1	3	137	205678	137	205678	0.00570803	0.00342173	0.003	0.01	1501.3	1060.04	5	5324	
0.4	5.4	52	751	3	3	195	282686	196	286236	0.00478571	0.00305924	0.003	0.01	1460.39	1208.22	60	9422	
0.4	5.4	37	753	54	3	88	110837	87	109902	0.00678161	0.00462909	0.003	0.017	1263.24	1369.7	60	9422	
0.4	5.4	54	754	14	3	38	97154	38	97154	0.0083421	0.00301596	0.003	0.01	2556.68	1350.88	60	5324	
0.4	5.4	43	755	8	3	4	3667	4	3667	0.0065	0.00404145	0.003	0.01	916.75	733.545	60	1775	
0.4	5.4	28	757	23	3	99	235170	98	226888	0.00771428	0.00344919	0.003	0.017	2315.18	1854.16	13	8873	
0.4	5.4	17	758	10	3	173	319886	173	319886	0.00587283	0.00345335	0.003	0.01	1849.05	1710.98	60	9422	
0.4	5.4	52	760	63	3	93	132787	93	132787	0.00698925	0.00404995	0.003	0.017	1427.82	1317.49	60	7690	
0.4	5.4	31	762	4	3	39	90649	39	90649	0.0085641	0.00328309	0.003	0.017	2324.33	1190.55	60	4733	
0.4	5.4	29	764	9	3	73	219169	73	219169	0.003	0	0.003	0.003	3002.32	2086.23	60	9422	
0.4	5.4	23	766	20	3	142	512493	142	512493	0.00748591	0.00347174	0.003	0.017	3609.11	2629.65	45	9422	
0.4	5.4	53	768	2	3	50	187074	50	187074	0.01	0	0.01	0.01	3741.48	2494.86	45	9422	
0.4	5.4	49	769	13	3	156	438834	156	438834	0.00694872	0.0034823	0.003	0.01	2813.04	2204.83	10	9422	
0.4	5.4	45	770	4	3	92	190319	92	190319	0.00703261	0.00377514	0.003	0.017	2068.68	1595.53	60	8873	
0.4	5.4	2	771	1	3	84	162292	84	162292	0.00675	0.00351203	0.003	0.01	1932.05	1458.19	60	5861	
0.4	5.4	53	772	12	3	34	90642	34	90642	0.01	0	0.01	0.01	2665.94	2416.16	60	9422	
0.4	5.4	9	773	8	3	85	146318	85	146318	0.00654118	0.00352053	0.003	0.01	1721.39	1344.55	56	5324	
0.4	5.4	23	774	15	3	8	6039	8	6039	0.0065	0.00374166	0.003	0.01	754.875	537.442	60	1775	
0.4	5.4	14	777	13	3	4	240	4	240	0.00825	0.0035	0.003	0.01	60	0	60	60	
0.4	5.4	4	778	8	3	157	594855	157	594855	0.00304458	0.000558661	0.003	0.01	3788.89	2597.81	45	9422	
0.4	5.4	20	779	15	3	23	42728	23	42728	0.0093913	0.00360226	0.003	0.017	1857.74	1638.72	60	6166	
0.4	5.4	3	780	28	3	77	111954	77	111954	0.00709091	0.0045917	0.003	0.017	1453.95	1252.21	60	5916	
0.4	5.4	7	782	2	3	127	358323	127	358323	0.00465354	0.00298509	0.003	0.01	2821.44	2707.54	45	9422	
0.4	5.4	17	784	33	3	48	79435	48	79435	0.005625	0.00342472	0.003	0.01	1654.9	1277.26	60	5324	
0.4	5.4	41	788	15	3	2	120	2	120	0.01	0	0.01	0.01	60	0	60	60	
0.4	5.4	47	790	18	3	120	285591	120	285591	0.00679167	0.00361811	0.003	0.017	2379.93	2132.91	23	9422	
0.4	5.4	21	791	28	3	105	276578	105	276578	0.0032	0.00117178	0.003	0.01	2634.08	2203.89	45	9422	
0.4	5.4	34	792	40	3	79	160062	79	160062	0.00663291	0.00351982	0.003	0.01	2026.1	1793.04	60	8873	
0.4	5.4	40	793	7	3	5	5442	5	5442	0.003	0	0.003	0.003	1088.4	742.216	60	1775	
0.4	5.4	8	795	14	3	104	234850	102	229544	0.00718627	0.00344901	0.003	0.01	2250.43	1624.65	22	7690	
0.4	5.4	18	797	14	3	68	211464	68	211464	0.00629412	0.00351992	0.003	0.01	3109.76	2706.37	45	9422	
0.4	5.4	51	798	12	3	1	60	1	60	0.003	0	0.003	0.003	60	0	60	60	
0.4	5.4	9	802	6	3	150	549216	150	549216	0.00402667	0.00248471	0.003	0.01	3661.44	2607.47	45	9422	
0.4	5.4	25	803	13	3	23	79989	23	79989	0.0093913	0.00201673	0.003	0.01	3477.78	2657.75	60	9422	
0.4	5.4	35	804	5	3	106	255763	106	255763	0.00841509	0.00365114	0.003	0.017	2412.86	1777.44	48	9422	
0.4	5.4	44	805	3	3	98	290333	98	290333	0.00878571	0.0028475	0.003	0.017	2962.58	2263.37	60	9422	
0.4	5.4	45	806	22	3	99	301981	99	301981	0.003	0	0.003	0.003	3050.31	2243.22	60	8873	
0.4	5.4	57	808	12	3	3	1892	2	708	0.003	0	0.003	0.003	354	415.779	60	648	
0.4	5.4	26	810	19	3	34	95386	34	95386	0.003	0	0.003	0.003	2805.47	1580.56	60	5324	
0.4	5.4	30	811	15	3	142	422723	143	424838	0.00652447	0.00351222	0.003	0.01	2970.9	2077.58	60	9422	
0.4	5.4	28	812	4	3	131	335256	131	335256	0.00770229	0.00329964	0.003	0.01	2559.21	2093.29	60	9422	
0.4	5.4	52	813	57	3	9	2074	9	2074	0.00533333	0.0035	0.003	0.01	230.444	205.545	56	648	
0.4	5.4	26	814	5	3	110	424927	110	424927	0.00331818	0.00146477	0.003	0.01	3862.97	2717	45	9422	
0.4	5.4	9	816	1	3	37	78826	37	78826	0.00754054	0.00338784	0.003	0.01	2130.43	1828.4	60	9422	
0.4	5.4	52	818	30	3	200	350557	200	350557	0.00447	0.00285831	0.003	0.01	1752.79	1285.04	5	7690	
0.4	5.4	17	821	22	3	126	312581	125	310806	0.00496	0.00315564	0.003	0.01	2486.45	2052.97	57	9422	
0.4	5.4	57	823	10	3	50	148628	50	148628	0.003	0	0.003	0.003	2972.56	2413.33	45	9422	
0.4	5.4	55	824	27	3	206	359125	206	359125	0.00503883	0.00318816	0.003	0.01	1743.33	1763.46	60	9422	
0.4	5.4	13	826	10	3	86	233379	86	233379	0.00666279	0.00351672	0.003	0.01	2713.71	1915.55	10	9422	
0.4	5.4	57	831	5	3	54	122021	54	122021	0.00753704	0.00363792	0.003	0.017	2259.65	1666.93	44	7571	
0.4	5.4	34	832	47	3	74	117905	74	117905	0.00356757	0.00192376	0.003	0.01	1593.31	959.025	7	4395	
0.4	5.4	32	834	2	3	52	177611	52	177611	0.00744231	0.00340365	0.003	0.01	3415.6	2170.65	60	9422	
0.4	5.4	40	835	13	3	228	876573	228	876573	0.00336842	0.00156652	0.003	0.01	3844.62	2933.23	45	9422	
0.4	5.4	8	836	9	3	46	124488	46	124488	0.00695652	0.00350844	0.003	0.01	2706.26	2425.6	60	9422	
0.4	5.4	8	837	11	3	58	135032	58	135032	0.00360345	0.00198184	0.003	0.01	2328.14	1573.62	60	6507	
0.4	5.4	31	840	14	3	18	31480	18	31480	0.00455555	0.00299455	0.003	0.01	1748.89	930.476	60	3550	
0.4	5.4	50	841	24	3	84	259391	84	259391	0.003	0	0.003	0.003	3087.99	2427.84	45	9422	
0.4	5.4	23	844	19	3	15	41539	15	41539	0.003	0	0.003	0.003	2769.27	2998.02	60	9422	
0.4	5.4	40	845	30	3	88	212074	88	212074	0.00681818	0.00350548	0.003	0.01	2409.93	2049.72	36	9422	
0.4	5.4	42	846	29	3	138	419072	138	419072	0.00472464	0.00302729	0.003	0.01	3036.75	2104.78	23	9422	
0.4	5.4	41	847	10	3	3	180	3	180	0.00766667	0.00404145	0.003	0.01	60	0	60	60	
0.4	5.4	33	849	6	3	24	85906	24	85906	0.009125	0.00236482	0.003	0.01	3579.42	2585.62	60	9422	
0.4	5.4	16	851	5	3	68	198353	66	189563	0.00724242	0.00344656	0.003	0.01	2872.17	2485.81	45	9422	
0.4	5.4	8	852	3	3	49	115523	49	115523	0.00428571	0.00273861	0.003	0.01	2357.61	1446.88	60	5324	
0.4	5.4	7	853	21	3	185	668212	185	668212	0.003	0	0.003	0.003	3611.96	2752.71	45	9422	
0.4	5.4	40	855	2	3	167	449982	167	449982	0.00660479	0.00405528	0.003	0.017	2694.5	2345.02	28	9422	
0.4	5.4	37	856	5	3	1	60	1	60	0.003	0	0.003	0.003	60	0	60	60	
0.4	5.4	55	857	10	3	5	300	5	300	0.0058	0.00383406	0.003	0.01	60	0	60	60	
0.4	5.4	39	858	57	3	1	60	1	60	0.003	0	0.003	0.003	60	0	60	60	
0.4	5.4	51	860	5	3	111	321535	111	321535	0.00741441	0.00352257	0.003	0.017	2896.71	2155.76	36	9422	
0.4	5.4	9	861	14	3	193	588745	193	588745	0.00412435	0.00267416	0.003	0.017	3050.49	2327.91	45	9422	
0.4	5.4	28	863	12	3	55	119652	55	119652	0.00745454	0.00339836	0.003	0.01	2175.49	1533.59	60	7099	
0.4	5.4	37	864	48	3	240	403822	239	402887	0.00648535	0.00362281	0.003	0.017	1685.72	1269.72	24	9422	
0.4	5.4	26	865	20	3	131	444025	131	444025	0.00503053	0.00318878	0.003	0.01	3389.5	2401.1	45	9422	
0.4	5.4	35	866	6	3	1	60	1	60	0.003	0	0.003	0.003	60	0	60	60	
0.4	5.4	49	867	17	3	35	81308	35	81308	0.0086	0.00371958	0.003	0.017	2323.09	1977.63	60	7577	
0.4	5.4	19	868	20	3	26	23328	26	23328	0.0065	0.00408167	0.003	0.017	897.231	629.901	23	2367	
0.4	5.4	40	869	3	3	96	148096	96	148096	0.00788542	0.00455578	0.003	0.017	1542.67	1659.29	60	9422	
0.4	5.4	55	870	20	3	74	103261	74	103261	0.00508108	0.00322132	0.003	0.01	1395.42	1112.61	26	4395	
0.4	5.4	18	872	2	3	41	77646	41	77646	0.0062439	0.00353398	0.003	0.01	1893.8	1876.5	60	9422	
0.4	5.4	49	873	1	3	64	143333	64	143333	0.00726562	0.00366122	0.003	0.017	2239.58	1639.49	60	7690	
0.4	5.4	29	874	22	3	130	459741	131	462699	0.00620611	0.00350103	0.003	0.01	3532.05	2115.57	88	9422	
0.4	5.4	30	876	10	3	9	14321	9	14321	0.003	0	0.003	0.003	1591.22	1028.59	60	3550	
0.4	5.4	41	879	77	3	1	60	1	60	0.003	0	0.003	0.003	60	0	60	60	
0.4	5.4	57	880	7	3	7	6627	7	6627	0.003	0	0.003	0.003	946.714	556.22	60	1775	
0.4	5.4	41	883	25	3	1	60	1	60	0.003	0	0.003	0.003	60	0	60	60	
0.4	5.4	31	885	10	3	73	229100	73	229100	0.00808219	0.00314357	0.003	0.01	3138.36	2051.78	36	9422	
0.4	5.4	16	886	13	3	113	495309	113	495309	0.00721239	0.003442	0.003	0.01	4383.27	2511.93	45	9422	
0.4	5.4	35	887	2	3	152	513969	152	513969	0.00350658	0.00181967	0.003	0.01	3381.38	2242.29	60	9422	
0.4	5.4	54	888	2	3	110	264990	110	264990	0.0079	0.00361686	0.003	0.017	2409	1870.94	60	9422	
0.4	5.4	6	890	4	3	42	64759	42	64759	0.00566667	0.00344055	0.003	0.01	1541.88	1084.75	56	4395	
0.4	5.4	44	892	7	3	76	269432	75	268248	0.00832	0.00300971	0.003	0.01	3576.64	2388.16	60	9422	
0.4	5.4	46	893	5	3	26	71708	26	71708	0.00730769	0.00347297	0.003	0.01	2758	1863.71	60	6507	
0.4	5.4	18	894	10	3	155	486660	154	485476	0.00818182	0.00328087	0.003	0.017	3152.44	2875.56	28	9422	
0.4	5.4	18	895	11	3	10	31474	10	31474	0.003	0	0.003	0.003	3147.4	3155.04	60	9422	
0.4	5.4	21	897	10	3	202	396065	202	396065	0.00719307	0.00384104	0.003	0.017	1960.72	1695.69	60	9422	
0.4	5.4	56	898	5	3	242	578165	242	578165	0.00771488	0.00375125	0.003	0.017	2389.11	2007.29	60	9422	
0.4	5.4	52	900	4	3	2	120	2	120	0.003	0	0.003	0.003	60	0	60	60	
0.4	5.4	41	901	24	3	3	180	3	180	0.003	0	0.003	0.003	60	0	60	60	
0.4	5.4	8	902	28	3	29	91240	29	91240	0.00975862	0.00129987	0.003	0.01	3146.21	1774.03	60	7099	
0.4	5.4	55	904	28	3	164	352630	164	352630	0.003	0	0.003	0.003	2150.18	1985.52	60	9422	
0.4	5.4	38	905	5	3	11	21420	11	21420	0.00745454	0.00353167	0.003	0.01	1947.27	1250.81	60	4107	
0.4	5.4	19	906	12	3	111	264174	111	264174	0.0070991	0.00371228	0.003	0.017	2379.95	1872.11	43	9422	
0.4	5.4	28	907	17	3	157	452187	157	452187	0.00852866	0.00296899	0.003	0.017	2880.17	2309.67	45	9422	
0.4	5.4	30	910	20	3	101	208449	103	210117	0.0075534	0.00362921	0.003	0.017	2039.97	2162.5	60	9422	
0.4	5.4	13	911	13	3	144	403706	144	403706	0.00635417	0.00350917	0.003	0.01	2803.51	1889.73	60	9422	
0.4	5.4	51	913	3	3	80	248679	80	248679	0.0046625	0.00299765	0.003	0.01	3108.49	2078.99	60	9422	
0.4	5.4	41	915	82	3	277	321394	275	320210	0.00518909	0.00325115	0.003	0.01	1164.4	1268.87	3	7273	
0.4	5.4	1	916	12	3	88	220969	87	211547	0.00629885	0.00351447	0.003	0.01	2431.57	2250.22	60	9422	
0.4	5.4	37	918	67	3	6	6034	6	6034	0.00416667	0.00285774	0.003	0.01	1005.67	694.101	60	1775	
0.4	5.4	32	920	10	3	36	108622	36	108622	0.003	0	0.003	0.003	3017.28	2917.91	60	9422	
0.4	5.4	15	921	10	3	144	571050	144	571050	0.00732639	0.00351188	0.003	0.017	3965.63	1971.03	60	9422	
0.4	5.4	21	922	25	3	214	302667	214	302667	0.00699065	0.00402573	0.003	0.017	1414.33	1245.68	27	9422	
0.4	5.4	12	925	9	3	165	638755	165	638755	0.003	0	0.003	0.003	3871.24	2787.94	45	9422	
0.4	5.4	50	929	22	3	219	642969	219	642969	0.00766667	0.00363133	0.003	0.017	2935.93	2345.88	45	9422	
0.4	5.4	36	931	9	3	203	680685	203	680685	0.00813793	0.00310073	0.003	0.01	3353.13	2454.44	57	9422	
0.4	5.4	19	932	21	3	106	188449	106	188449	0.00795283	0.00409502	0.003	0.017	1777.82	1248.51	42	5916	
0.4	5.4	38	935	4	3	118	366120	117	362570	0.00736752	0.00340537	0.003	0.01	3098.89	2072.71	36	9422	
0.4	5.4	37	937	65	3	114	179470	113	178286	0.00634513	0.00351215	0.003	0.01	1577.75	1347.17	41	9422	
0.4	5.4	25	939	8	3	166	505053	166	505053	0.00363253	0.00201296	0.003	0.01	3042.49	2100.46	45	9422	
0.4	5.4	14	940	2	3	70	149254	70	149254	0.0081	0.00355964	0.003	0.017	2132.2	1564.38	60	6882	
0.4	5.4	13	941	16	3	161	388440	161	388440	0.00613043	0.00349129	0.003	0.01	2412.67	2327.15	25	9422	
0.4	5.4	51	942	11	3	74	225547	74	225547	0.00839189	0.00296471	0.003	0.01	3047.93	2312.01	36	9422	
0.4	5.4	35	944	14	3	88	303051	88	303051	0.003	0	0.003	0.003	3443.76	2070.39	60	8873	
0.4	5.4	26	945	21	3	93	297150	92	293009	0.003	0	0.003	0.003	3184.88	2078.19	60	9422	
0.4	5.4	37	949	49	3	24	33862	22	32775	0.0065	0.00470815	0.003	0.017	1489.77	1052.87	60	4107	
0.4	5.4	45	951	2	3	61	86519	61	86519	0.00931147	0.00305255	0.003	0.017	1418.34	1295.99	60	9422	
0.4	5.4	1	953	16	3	45	129695	45	129695	0.00455555	0.00294306	0.003	0.01	2882.11	1588.47	60	6507	
0.4	5.4	42	955	27	3	97	210799	98	211983	0.00557143	0.00339192	0.003	0.01	2163.09	2025.22	45	9422	
0.4	5.4	11	956	13	3	109	383152	109	383152	0.00749541	0.00337096	0.003	0.01	3515.16	2942.19	45	9422	
0.4	5.4	6	957	5	3	197	401955	196	400771	0.00814286	0.0036906	0.003	0.017	2044.75	1923.45	54	9422	
0.4	5.4	15	958	7	3	203	661039	203	661039	0.00727586	0.00375918	0.003	0.017	3256.35	2361.57	36	9422	
0.4	5.4	9	959	4	3	124	374679	124	374679	0.003	0	0.003	0.003	3021.6	2030.26	60	9422	
0.4	5.4	55	960	41	3	256	207553	254	205093	0.00548031	0.00383936	0.003	0.017	807.453	909.697	35	9422	
0.4	5.4	41	961	13	3	2	120	2	120	0.0065	0.00494975	0.003	0.01	60	0	60	60	
0.4	5.4	15	964	17	3	75	236793	75	236793	0.00832	0.00322222	0.003	0.017	3157.24	2033.78	36	7708	
0.4	5.4	27	965	8	3	58	143310	58	143310	0.00396552	0.00243487	0.003	0.01	2470.86	2281.73	60	9422	
0.4	5.4	56	967	1	3	5	4851	5	4851	0.01	0	0.01	0.01	970.2	646.413	60	1775	
0.4	5.4	19	969	16	3	63	165205	63	165205	0.005	0.00318768	0.003	0.01	2622.3	2205.81	60	9422	
0.4	5.4	8	971	5	3	238	483307	238	483307	0.00729412	0.003923	0.003	0.017	2030.7	1879.47	60	9422	
0.4	5.4	6	975	11	3	124	342368	124	342368	0.0066129	0.00351237	0.003	0.01	2761.03	2053.03	60	9422	
0.4	5.4	41	976	44	3	164	185486	164	185486	0.00517683	0.00325017	0.003	0.01	1131.01	1016.53	60	5324	
0.4	5.4	43	977	6	3	24	56923	24	56923	0.00854167	0.00290396	0.003	0.01	2371.79	2691.26	45	9422	
0.4	5.4	34	978	29	3	73	184751	73	184751	0.00558904	0.00340276	0.003	0.01	2530.84	1919.46	24	9422	
0.4	5.4	2	979	45	3	115	270683	115	270683	0.00543478	0.00334855	0.003	0.01	2353.77	1575.91	60	9422	
0.4	5.4	22	980	16	3	2	120	2	120	0.0065	0.00494975	0.003	0.01	60	0	60	60	
0.4	5.4	52	981	5	3	2	120	2	120	0.0065	0.00494975	0.003	0.01	60	0	60	60	
0.4	5.4	26	982	24	3	102	216946	102	216946	0.00780392	0.00393773	0.003	0.024	2126.92	2076.04	13	9422	
0.4	5.4	3	984	27	3	93	151656	93	151656	0.00653763	0.00351877	0.003	0.01	1630.71	1681.06	34	9422	
0.4	5.4	40	986	20	3	97	255411	97	255411	0.00696907	0.00348644	0.003	0.01	2633.1	2109.84	60	9422	
0.4	5.4	37	987	60	3	65	107955	65	107955	0.00547692	0.00337318	0.003	0.01	1660.85	1484.22	60	8282	
0.4	5.4	37	989	10	3	3	180	3	180	0.00766667	0.00404145	0.003	0.01	60	0	60	60	
0.4	5.4	52	991	51	3	33	32083	33	32083	0.00533333	0.00335099	0.003	0.01	972.212	508.091	60	1775	
0.4	5.4	57	995	11	3	4	240	4	240	0.00825	0.0035	0.003	0.01	60	0	60	60	
0.4	5.4	41	996	63	3	72	62908	72	62908	0.005625	0.00360921	0.003	0.017	873.722	532.839	60	2367	
0.4	5.4	48	997	9	3	3	180	3	180	0.01	0	0.01	0.01	60	0	60	60	
0.4	5.4	3	999	5	3	44	75873	43	75281	0.00413953	0.00261481	0.003	0.01	1750.72	2086.92	60	9422	
0.4	5.4	57	1001	2	3	13	33842	13	33842	0.00515385	0.00336269	0.003	0.01	2603.23	2133.12	60	7099	
0.4	5.4	8	1002	30	3	6	8992	6	8992	0.003	0	0.003	0.003	1498.67	1204.42	60	3550	
0.4	5.4	19	1004	10	3	26	48058	26	48058	0.00973077	0.00463515	0.003	0.017	1848.38	1860.5	60	7099	
0.4	5.4	28	1006	11	3	34	113712	34	113712	0.00773529	0.00332401	0.003	0.01	3344.47	2450.08	60	9422	
0.4	5.4	52	1008	18	3	103	90776	102	89592	0.00677451	0.0043689	0.003	0.017	878.353	744.869	60	4395	
0.4	5.4	18	1009	15	3	123	329716	123	329716	0.00789431	0.00357774	0.003	0.017	2680.62	2012.95	36	9422	
0.4	5.4	35	1010	15	3	148	420891	148	420891	0.00763513	0.00332205	0.003	0.01	2843.86	1924.97	36	9422	
0.4	5.4	34	1011	37	3	3	710	3	710	0.003	0	0.003	0.003	236.667	233.204	60	501	
0.4	5.4	49	1012	8	3	114	279566	115	280949	0.00726087	0.00343125	0.003	0.01	2443.03	1669.42	60	7689	
0.4	5.4	27	1013	12	3	71	187092	71	187092	0.00852113	0.00287779	0.003	0.01	2635.1	2184.92	60	9422	
0.4	5.4	5	1015	3	3	80	246245	80	246245	0.0057125	0.00343177	0.003	0.01	3078.06	2189.62	60	9422	
0.4	5.4	52	1016	61	3	118	123294	118	123294	0.00561017	0.00375086	0.003	0.017	1044.86	859.778	34	4395	
0.4	5.4	37	1017	53	3	2	120	2	120	0.003	0	0.003	0.003	60	0	60	60	
0.4	5.4	41	1020	40	3	41	44516	41	44516	0.00607317	0.00351703	0.003	0.01	1085.76	460.138	35	1775	
0.4	5.4	55	1021	1	3	263	398058	264	398291	0.00549242	0.0033582	0.003	0.01	1508.68	1395.71	43	9422	
0.4	5.4	29	1022	19	3	140	442949	140	442949	0.0052	0.00326128	0.003	0.01	3163.92	2378.06	10	9422	
0.4	5.4	15	1023	11	3	77	249819	77	249819	0.00545454	0.00336212	0.003	0.01	3244.4	2016.67	45	9422	
0.4	5.4	45	1024	21	3	3	180	3	180	0.01	0	0.01	0.01	60	0	60	60	
0.4	5.4	2	1028	34	3	4	240	4	240	0.0065	0.00404145	0.003	0.01	60	0	60	60	
0.4	5.4	37	1029	58	3	95	111439	95	111439	0.00653684	0.00466497	0.003	0.017	1173.04	887.271	60	5916	
0.4	5.4	38	1030	7	3	4	240	4	240	0.00825	0.0035	0.003	0.01	60	0	60	60	
0.4	5.4	25	1031	2	3	18	40352	18	40352	0.003	0	0.003	0.003	2241.78	2007.07	60	5664	
0.4	5.4	34	1033	5	3	182	560726	184	568671	0.00623369	0.00349938	0.003	0.01	3090.6	2204.28	60	9422	
0.4	5.4	17	1034	31	3	42	36248	42	36248	0.00633333	0.00443746	0.003	0.017	863.048	607.88	60	2961	
0.4	5.4	43	1041	16	3	52	111380	50	104333	0.00846	0.00292916	0.003	0.01	2086.66	1584.79	13	7099	
0.4	5.4	26	1043	6	3	71	173502	71	173502	0.00654929	0.00371787	0.003	0.017	2443.69	1817.66	60	9422	
0.4	5.4	41	1045	30	3	50	27403	50	27403	0.0044	0.00316228	0.003	0.017	548.06	379.978	60	2367	
0.4	5.4	44	1048	5	3	88	223308	88	223308	0.00825	0.00304846	0.003	0.01	2537.59	1796.95	60	9422	
0.4	5.4	3	1051	30	3	91	159905	91	159905	0.00807692	0.00405032	0.003	0.017	1757.2	1201.66	60	5324	
0.4	5.4	23	1054	5	3	32	84737	32	84737	0.00846875	0.00294009	0.003	0.01	2648.03	2183.97	60	9422	
0.4	5.4	9	1056	17	3	99	244522	99	244522	0.00476768	0.0030567	0.003	0.01	2469.92	1929.08	60	9422	
0.4	5.4	49	1058	3	3	168	517997	168	517997	0.00775	0.00327895	0.003	0.01	3083.32	1795.11	23	9422	
0.4	5.4	36	1059	15	3	29	50419	29	50419	0.00903448	0.00361033	0.003	0.017	1738.59	1249.88	60	5324	
0.4	5.4	8	1060	27	3	58	109663	58	109663	0.003	0	0.003	0.003	1890.74	1528.53	60	6882	
0.4	5.4	5	1061	16	3	109	405404	109	405404	0.0087156	0.00272197	0.003	0.01	3719.3	2677.74	45	9422	
0.4	5.4	17	1062	35	3	89	194254	89	194254	0.00378652	0.00222318	0.003	0.01	2182.63	1741.99	60	7099	
0.4	5.4	39	1063	10	3	190	209763	190	209763	0.0058	0.00343835	0.003	0.01	1104.02	827.953	32	4395	
0.4	5.4	37	1064	2	3	6	360	6	360	0.0065	0.00383406	0.003	0.01	60	0	60	60	
0.4	5.4	17	1065	1	3	7	420	7	420	0.004	0.00264575	0.003	0.01	60	0	60	60	
0.4	5.4	15	1067	19	3	3	180	3	180	0.00766667	0.00404145	0.003	0.01	60	0	60	60	
0.4	5.4	38	1068	17	3	64	152196	64	152196	0.00748437	0.00360772	0.003	0.017	2378.06	1920.68	60	9422	
0.4	5.4	56	1069	13	3	48	126144	48	126144	0.0069375	0.0035093	0.003	0.01	2628	2034.83	60	9422	
0.4	5.4	18	1074	18	3	82	204992	82	204992	0.0059878	0.00397055	0.003	0.017	2499.9	1705.14	28	7099	
0.4	5.4	6	1075	10	3	64	179996	65	181519	0.00795385	0.00343889	0.003	0.017	2792.6	2219.53	60	9422	
0.4	5.4	41	1076	20	3	182	198642	182	198642	0.0055	0.00367123	0.003	0.017	1091.44	1076.74	35	7099	
0.4	5.4	55	1078	48	3	233	445855	231	443891	0.00566667	0.00340673	0.003	0.01	1921.61	1885.07	45	9422	
0.4	5.4	30	1081	6	3	157	379323	157	379323	0.00759236	0.00417249	0.003	0.024	2416.07	2306.77	45	9422	
0.4	5.4	50	1082	3	3	2	120	2	120	0.01	0	0.01	0.01	60	0	60	60	
0.4	5.4	36	1087	18	3	197	778857	195	769983	0.00806154	0.00314041	0.003	0.01	3948.63	2835.6	45	9422	
0.4	5.4	42	1088	16	3	133	364751	133	364751	0.00642105	0.00351234	0.003	0.01	2742.49	2298.28	24	9422	
0.4	5.4	27	1089	7	3	82	191970	82	191970	0.00778049	0.0032774	0.003	0.01	2341.1	1834.24	60	9422	
0.4	5.4	35	1090	13	3	70	230397	70	230397	0.0047	0.00302334	0.003	0.01	3291.39	2203.57	60	9422	
0.4	5.4	39	1091	67	3	239	398421	239	398421	0.00563598	0.00351786	0.003	0.017	1667.03	1561.57	4	9422	
0.4	5.4	10	1094	15	3	141	478996	141	478996	0.0056312	0.00340254	0.003	0.01	3397.13	2796.34	45	9422	
0.4	5.4	40	1096	5	3	90	161825	90	161825	0.0079	0.00398889	0.003	0.017	1798.06	1943.41	60	9422	
0.4	5.4	41	1097	34	3	207	212174	207	212174	0.00529952	0.00336705	0.003	0.017	1025	1155.06	60	6882	
0.4	5.4	21	1098	24	3	3	1892	3	1892	0.00533333	0.00404145	0.003	0.01	630.667	562.2	60	1184	
0.4	5.4	28	1100	7	3	82	320308	82	320308	0.003	0	0.003	0.003	3906.2	2482.14	45	9422	
0.4	5.4	55	1101	31	3	202	183208	199	180838	0.00637688	0.0040319	0.003	0.017	908.734	618.713	43	2958	
0.4	5.4	21	1102	16	3	132	212631	132	212631	0.00692424	0.00369572	0.003	0.017	1610.84	1259.78	60	8873	
0.4	5.4	39	1103	92	3	73	70616	72	68841	0.00640278	0.00512013	0.003	0.024	956.125	885.692	38	4177	
0.4	5.4	56	1106	19	3	7	14316	7	14316	0.008	0.00341565	0.003	0.01	2045.14	1816.4	60	5324	
0.4	5.4	26	1107	23	3	116	402469	116	402469	0.00553448	0.00337879	0.003	0.01	3469.56	2629.26	45	9422	
0.4	5.4	52	1108	12	3	3	180	3	180	0.00533333	0.00404145	0.003	0.01	60	0	60	60	
0.4	5.4	32	1109	11	3	52	172294	52	172294	0.00717308	0.00346818	0.003	0.01	3313.35	2711.68	60	9422	
0.4	5.4	14	1110	6	3	10	21419	10	21419	0.0079	0.00472464	0.003	0.017	2141.9	2426.96	5	7099	
0.4	5.4	41	1114	80	3	263	367908	263	367908	0.00558175	0.00338384	0.003	0.01	1398.89	1389.06	4	9422	
0.4	5.4	47	1115	3	3	87	243424	87	243424	0.003	0	0.003	0.003	2797.98	1990.08	60	9422	
0.4	5.4	34	1118	3	3	99	261907	100	261967	0.00804	0.00423053	0.003	0.017	2619.67	2350.17	45	9422	
0.4	5.4	47	1119	4	3	155	567161	155	567161	0.003	0	0.003	0.003	3659.1	2743.44	45	9422	
0.4	5.4	9	1120	16	3	3	1892	3	1892	0.01	0	0.01	0.01	630.667	562.2	60	1184	
0.4	5.4	35	1122	9	3	121	357632	121	357632	0.00791735	0.00379602	0.003	0.017	2955.64	1966.94	60	9422	
0.4	5.4	34	1124	35	3	1	60	1	60	0.003	0	0.003	0.003	60	0	60	60	
0.4	5.4	14	1125	17	3	162	513820	162	513820	0.00719136	0.00361421	0.003	0.017	3171.73	2212.7	28	9422	
0.4	5.4	33	1126	10	3	36	106028	36	106028	0.00611111	0.00352767	0.003	0.01	2945.22	2698.96	45	9422	
0.4	5.4	31	1129	8	3	96	284114	96	284114	0.003	0	0.003	0.003	2959.52	1386.86	60	5916	
0.4	5.4	2	1130	15	3	78	164040	78	164040	0.00802564	0.00372417	0.003	0.017	2103.08	1595.73	60	7099	
0.4	5.4	2	1131	6	3	185	513872	185	513872	0.00523243	0.00327126	0.003	0.01	2777.69	2169.87	14	9422	
0.4	5.4	33	1132	3	3	8	21415	8	21415	0.003	0	0.003	0.003	2676.88	2453.7	60	7099	
0.4	5.4	41	1133	68	3	140	166623	140	166623	0.0063	0.00370242	0.003	0.017	1190.16	1286.97	36	7690	
0.4	5.4	42	1136	20	3	21	42134	21	42134	0.00566667	0.00348329	0.003	0.01	2006.38	1253.94	60	4395	
0.4	5.4	37	1140	75	3	116	161935	116	161935	0.00710345	0.00413549	0.003	0.017	1395.99	950.889	60	4733	
0.4	5.4	53	1144	6	3	17	58099	16	53958	0.003	0	0.003	0.003	3372.38	3004.67	60	9422	
0.4	5.4	21	1145	23	3	215	469581	215	469581	0.00697209	0.0036684	0.003	0.017	2184.1	1670.52	60	9422	
0.4	5.4	45	1146	11	3	52	103682	52	103682	0.00703846	0.00400471	0.003	0.017	1993.88	2363.1	60	9422	
0.4	5.4	52	1147	62	3	84	131649	84	131649	0.00425	0.00269705	0.003	0.01	1567.25	1045.29	43	6507	
0.4	5.4	2	1148	44	3	6	8992	6	8992	0.0065	0.00383406	0.003	0.01	1498.67	1204.42	60	3550	
0.4	5.4	13	1151	12	3	82	248043	82	248043	0.00385366	0.0023047	0.003	0.01	3024.91	2162.42	60	9422	
0.4	5.4	41	1154	12	3	73	81243	73	81243	0.0050137	0.00319067	0.003	0.01	1112.92	998.037	60	4395	
0.4	5.4	7	1155	10	3	150	607897	150	607897	0.003	0	0.003	0.003	4052.65	2705.11	45	9422	
0.4	5.4	20	1156	13	3	38	111948	38	111948	0.003	0	0.003	0.003	2946	2537	60	9422	
0.4	5.4	11	1158	15	3	30	81771	30	81771	0.003	0	0.003	0.003	2725.7	2503.28	60	9422	
0.4	5.4	1	1159	6	3	34	69470	34	69470	0.00835294	0.00301393	0.003	0.01	2043.24	1418.21	60	5324	
0.4	5.4	28	1160	16	3	26	79408	26	79408	0.003	0	0.003	0.003	3054.15	2078.72	60	9422	
0.4	5.4	43	1161	9	3	59	257703	59	257703	0.003	0	0.003	0.003	4367.85	3005.64	60	9422	
0.4	5.4	33	1162	1	3	35	97159	34	96522	0.0065	0.00355263	0.003	0.01	2838.88	2585.63	60	9422	
0.4	5.4	28	1164	3	3	1	60	1	60	0.01	0	0.01	0.01	60	0	60	60	
0.4	5.4	6	1166	21	3	27	71717	27	71717	0.003	0	0.003	0.003	2656.19	2078.04	60	9422	
0.4	5.4	15	1167	14	3	132	473668	132	473668	0.00374242	0.00216362	0.003	0.01	3588.39	2771.18	45	9422	
0.4	5.4	8	1169	21	3	71	190176	71	190176	0.00664789	0.00352176	0.003	0.01	2678.54	1608.16	60	7099	
0.4	5.4	47	1170	15	3	63	165330	63	165330	0.003	0	0.003	0.003	2624.29	2093.69	60	9422	
0.4	5.4	2	1172	40	3	155	384280	155	384280	0.00561935	0.00339838	0.003	0.01	2479.23	1851.58	47	9422	
0.4	5.4	29	1173	14	3	100	347546	100	347546	0.00349	0.00179503	0.003	0.01	3475.46	2870.12	45	9422	
0.4	5.4	27	1174	10	3	113	454497	113	454497	0.00715044	0.00345435	0.003	0.01	4022.1	2487.47	45	9422	
0.4	5.4	25	1175	12	3	118	451663	118	451663	0.00685593	0.0034967	0.003	0.01	3827.65	2316.86	60	9422	
0.4	5.4	39	1176	59	3	4	3667	4	3667	0.00475	0.0035	0.003	0.01	916.75	733.545	60	1775	
0.4	5.4	42	1179	6	3	106	294230	106	294230	0.00491509	0.00392821	0.003	0.017	2775.75	2056.66	60	9422	
0.4	5.4	9	1180	20	3	116	271860	116	271860	0.00499138	0.00317188	0.003	0.01	2343.62	2086.99	60	9422	
0.4	5.4	32	1183	12	3	5	300	5	300	0.0058	0.00383406	0.003	0.01	60	0	60	60	
0.4	5.4	50	1184	21	3	121	226786	121	226786	0.00745454	0.00338132	0.003	0.01	1874.26	1586.56	6	9422	
0.4	5.4	32	1185	5	3	56	142943	56	142943	0.008	0.0031909	0.003	0.01	2552.55	1536.81	60	5916	
0.4	5.4	52	1186	29	3	290	485615	290	485615	0.00534138	0.00330837	0.003	0.01	1674.53	1612.86	18	9422	
0.4	5.4	34	1187	48	3	106	218748	106	218748	0.00445283	0.00285234	0.003	0.01	2063.66	1602.87	60	9422	
0.4	5.4	7	1188	1	3	13	42125	13	42125	0.00515385	0.00336269	0.003	0.01	3240.38	2452.4	60	7099	
0.4	5.4	39	1189	79	3	1	60	1	60	0.01	0	0.01	0.01	60	0	60	60	
0.4	5.4	49	1191	15	3	186	442910	186	442910	0.00710215	0.00367979	0.003	0.017	2381.24	2068.21	60	9422	
0.4	5.4	45	1192	24	3	68	144639	67	142237	0.00728358	0.00364653	0.003	0.017	2122.94	1506.19	13	5324	
0.4	5.4	35	1194	4	3	175	706588	175	706588	0.003	0	0.003	0.003	4037.65	2804.46	45	9422	
0.4	5.4	28	1196	10	3	5	5442	5	5442	0.003	0	0.003	0.003	1088.4	742.216	60	1775	
0.4	5.4	3	1197	11	3	47	71761	47	71761	0.00523404	0.00329831	0.003	0.01	1526.83	995.322	60	3550	
0.4	5.4	2	1198	12	3	151	314463	151	314463	0.00652318	0.00351157	0.003	0.01	2082.54	1501.91	60	9422	
0.4	5.4	49	1200	5	3	135	414316	137	419895	0.00540146	0.00333533	0.003	0.01	3064.93	2278.46	45	9422	
0.4	5.4	51	1204	8	3	21	42839	21	42839	0.007	0.00354965	0.003	0.01	2039.95	1789.48	60	5916	
0.4	5.4	41	1205	48	3	129	104399	129	104399	0.00571318	0.00353375	0.003	0.017	809.295	623.648	35	2958	
0.4	5.4	40	1206	21	3	50	83573	50	83573	0.0072	0.0034641	0.003	0.01	1671.46	1503.62	60	8873	
0.4	5.4	54	1208	6	3	106	231512	106	231512	0.00795283	0.00347887	0.003	0.017	2184.08	1390.68	28	6507	
0.4	5.4	41	1209	87	3	2	120	2	120	0.0065	0.00494975	0.003	0.01	60	0	60	60	
0.4	5.4	42	1210	26	3	282	594610	283	595202	0.00641343	0.00397002	0.003	0.017	2103.19	2085.21	5	9422	
0.4	5.4	53	1211	1	3	53	196661	53	196661	0.00801887	0.00318343	0.003	0.01	3710.58	2815.92	60	9422	
0.4	5.4	51	1212	4	3	90	346236	90	346236	0.00735555	0.00341283	0.003	0.01	3847.07	2699.03	60	9422	
0.4	5.4	54	1213	7	3	1	60	1	60	0.01	0	0.01	0.01	60	0	60	60	
0.4	5.4	38	1214	14	3	73	269323	73	269323	0.00587671	0.00346789	0.003	0.01	3689.36	2726.43	45	9422	
0.4	5.4	52	1215	31	3	2	120	2	120	0.003	0	0.003	0.003	60	0	60	60	
0.4	5.4	46	1217	8	3	56	185316	56	185316	0.003	0	0.003	0.003	3309.21	2490.79	60	9422	
0.4	5.4	3	1218	7	3	52	103762	52	103762	0.00636538	0.00353153	0.003	0.01	1995.42	2061.2	60	9422	
0.4	5.4	8	1220	4	3	36	68774	36	68774	0.00805555	0.00430245	0.003	0.024	1910.39	2300.09	53	9422	
0.4	5.4	12	1221	10	3	159	523686	158	517770	0.0088481	0.00294142	0.003	0.017	3277.03	2228.61	36	9422	
0.4	5.4	18	1222	17	3	82	204275	82	204275	0.00812195	0.00330876	0.003	0.017	2491.16	2307.92	60	9422	
0.4	5.4	17	1223	23	3	88	200756	88	200756	0.00618182	0.00350548	0.003	0.01	2281.32	1784.99	60	7708	
0.4	5.4	38	1226	11	3	115	342355	114	342310	0.00717544	0.00344937	0.003	0.01	3002.72	2413.75	45	9422	
0.4	5.4	10	1227	5	3	40	126140	40	126140	0.0086	0.00283567	0.003	0.01	3153.5	2459.03	60	9422	
0.4	5.4	52	1229	22	3	146	172726	146	172726	0.00602055	0.00357476	0.003	0.017	1183.05	1092.22	18	9422	
0.4	5.4	39	1230	76	3	264	318673	263	318081	0.00590114	0.00386382	0.003	0.017	1209.43	1329.77	38	9422	
0.4	5.4	23	1231	17	3	138	352928	138	352928	0.00827536	0.00376454	0.003	0.017	2557.45	2514.95	36	9422	
0.4	5.4	20	1234	17	3	104	339801	104	339801	0.00838461	0.00326888	0.003	0.017	3267.32	2073	28	9422	
0.4	5.4	47	1235	1	3	2	120	2	120	0.01	0	0.01	0.01	60	0	60	60	
0.4	5.4	52	1236	43	3	118	74276	118	74276	0.00525424	0.00447249	0.003	0.024	629.458	611.217	21	4107	
0.4	5.4	48	1239	4	3	73	153969	73	153969	0.00510959	0.0032342	0.003	0.01	2109.16	2202.59	60	9422	
0.4	5.4	37	1242	12	3	171	487727	172	492122	0.00446512	0.00285599	0.003	0.01	2861.17	2205.2	60	9422	
0.4	5.4	37	1243	3	3	1	60	1	60	0.003	0	0.003	0.003	60	0	60	60	
0.4	5.4	56	1245	8	3	100	375245	100	375245	0.00825	0.00304636	0.003	0.01	3752.45	2420.06	45	9422	
0.4	5.4	50	1247	23	3	115	381286	115	381286	0.003	0	0.003	0.003	3315.53	2159.66	45	9422	
0.4	5.4	41	1248	81	3	226	398049	226	398049	0.0054469	0.00334522	0.003	0.01	1761.28	1916.64	43	9422	
0.4	5.4	39	1249	29	3	137	309181	137	309181	0.003	0	0.003	0.003	2256.8	1700.41	60	9422	
0.4	5.4	56	1251	6	3	57	162253	57	162253	0.00754386	0.00337041	0.003	0.01	2846.54	2308.72	60	9422	
0.4	5.4	50	1252	15	3	2	120	2	120	0.01	0	0.01	0.01	60	0	60	60	
0.4	5.4	36	1253	12	3	44	84155	44	84155	0.00793182	0.00323065	0.003	0.01	1912.61	1955.9	60	7099	
0.4	5.4	32	1254	1	3	74	298292	74	298292	0.00318919	0.00114288	0.003	0.01	4030.97	2468.56	60	9422	
0.4	5.4	9	1256	10	3	61	135643	61	135643	0.00529508	0.00331333	0.003	0.01	2223.66	2094.73	45	9422	
0.4	5.4	44	1258	8	3	12	42712	12	42712	0.01	0	0.01	0.01	3559.33	2739.03	60	8873	
0.4	5.4	26	1259	4	3	113	271744	114	274111	0.0065614	0.00351491	0.003	0.01	2404.48	1732.71	60	9422	
0.4	5.4	19	1260	18	3	178	583543	178	583543	0.0055955	0.00339065	0.003	0.01	3278.33	2468.53	45	9422	
0.4	5.4	23	1261	21	3	99	257538	99	257538	0.00787879	0.0035291	0.003	0.017	2601.39	2289.85	60	9422	
0.4	5.4	55	1263	13	3	142	190306	142	190306	0.0053662	0.00332299	0.003	0.01	1340.18	1083.38	60	5916	
0.4	5.4	55	1265	57	3	122	178440	122	178440	0.00483606	0.00309187	0.003	0.01	1462.62	1138.63	60	6165	
0.4	5.4	42	1266	31	3	149	413176	149	413176	0.00788591	0.00396186	0.003	0.017	2772.99	2577.22	27	9422	
0.4	5.4	2	1267	28	3	3	180	3	180	0.0123333	0.00404145	0.01	0.017	60	0	60	60	
0.4	5.4	15	1268	18	3	122	494082	122	494082	0.00627049	0.00350687	0.003	0.01	4049.85	2442.5	45	9422	
0.4	5.4	47	1269	5	3	36	46877	37	48061	0.00754054	0.00376825	0.003	0.017	1298.95	839.673	60	3550	
0.4	5.4	3	1270	19	3	177	530263	177	530263	0.00584746	0.00360625	0.003	0.017	2995.84	2350.13	45	9422	
0.4	5.4	55	1271	5	3	3	180	3	180	0.00533333	0.00404145	0.003	0.01	60	0	60	60	
0.4	5.4	30	1274	11	3	80	136840	79	132699	0.00592405	0.00347435	0.003	0.01	1679.73	1195.93	36	5324	
0.4	5.4	2	1275	26	3	8	8994	8	8994	0.007375	0.00362284	0.003	0.01	1124.25	713.138	60	1775	
0.4	5.4	20	1276	1	3	103	272911	103	277051	0.00796116	0.00348364	0.003	0.017	2689.82	1983.63	60	9422	
0.4	5.4	5	1278	1	3	2	120	2	120	0.0065	0.00494975	0.003	0.01	60	0	60	60	
0.4	5.4	25	1279	4	3	133	412171	133	412171	0.00863158	0.00278653	0.003	0.01	3099.03	2381.98	45	9422	
0.4	5.4	55	1280	55	3	3	710	3	710	0.003	0	0.003	0.003	236.667	230.201	60	497	
0.4	5.4	11	1281	4	3	78	272399	78	272399	0.00676923	0.00351222	0.003	0.01	3492.29	2311.07	45	9422	
0.4	5.4	49	1282	11	3	155	408457	155	406091	0.00814839	0.00383218	0.003	0.017	2619.94	2275.44	45	9422	
0.4	5.4	2	1285	14	3	2	120	2	120	0.01	0	0.01	0.01	60	0	60	60	
0.4	5.4	6	1287	3	3	73	128648	73	128648	0.00779452	0.00366651	0.003	0.017	1762.3	1894.07	60	9422	
0.4	5.4	52	1288	56	3	66	133917	66	133917	0.00734848	0.00363526	0.003	0.017	2029.05	1316.7	60	5916	
0.4	5.4	19	1293	15	3	34	80114	34	80114	0.003	0	0.003	0.003	2356.29	1338.39	60	4733	
0.4	5.4	26	1294	3	3	53	174067	53	174067	0.00524528	0.00329863	0.003	0.01	3284.28	2481.62	60	9422	
0.4	5.4	52	1295	28	3	80	66478	78	65294	0.00542308	0.00335176	0.003	0.01	837.103	752.506	6	4395	
0.4	5.4	6	1296	18	3	144	285652	144	285652	0.00708333	0.00383852	0.003	0.017	1983.69	1930.04	20	9422	
0.4	5.4	4	1299	6	3	93	238582	92	234500	0.00802174	0.00333473	0.003	0.017	2548.91	2156.71	12	9422	
0.4	5.4	29	1303	15	3	112	266404	112	266404	0.003	0	0.003	0.003	2378.61	1885.79	60	9422	
0.4	5.4	8	1307	6	3	117	295594	117	295594	0.00419658	0.00264653	0.003	0.01	2526.44	2100.46	18	9422	
0.4	5.4	26	1309	10	3	43	111364	43	111364	0.00788372	0.00325291	0.003	0.01	2589.86	1870.68	60	7099	
0.4	5.4	54	1311	10	3	2	120	2	120	0.0065	0.00494975	0.003	0.01	60	0	60	60	
0.4	5.4	23	1312	23	3	1	60	1	60	0.01	0	0.01	0.01	60	0	60	60	
0.4	5.4	57	1313	3	3	22	51593	22	51593	0.00968182	0.00149241	0.003	0.01	2345.14	2020.85	60	7099	
0.4	5.4	21	1314	29	3	4	240	4	240	0.0065	0.00404145	0.003	0.01	60	0	60	60	
0.4	5.4	7	1316	25	3	66	217847	66	217847	0.00777273	0.00328538	0.003	0.01	3300.71	2283.4	60	9422	
0.4	5.4	37	1317	31	3	80	90730	80	90730	0.0072	0.00425575	0.003	0.017	1134.12	1242.54	60	8079	
0.4	5.4	27	1318	13	3	1	60	1	60	0.003	0	0.003	0.003	60	0	60	60	
0.4	5.4	30	1319	18	3	118	348279	118	348279	0.003	0	0.003	0.003	2951.52	2332.58	60	9422	
0.4	5.4	7	1320	9	3	1	60	1	60	0.01	0	0.01	0.01	60	0	60	60	
0.4	5.4	34	1321	33	3	29	24989	29	24989	0.00734483	0.00345663	0.003	0.01	861.69	543.857	60	1775	
0.4	5.4	13	1323	7	3	112	218017	112	218017	0.007	0.0036043	0.003	0.017	1946.58	1639.13	60	9422	
0.4	5.4	7	1324	15	3	7	6035	7	6035	0.008	0.00341565	0.003	0.01	862.143	646.833	56	1775	
0.4	5.4	2	1325	39	3	83	211368	83	211368	0.003	0	0.003	0.003	2546.6	1729.53	60	9422	
0.4	5.4	7	1326	4	3	82	364687	82	364687	0.003	0	0.003	0.003	4447.4	2834.64	45	9422	
0.4	5.4	54	1327	19	3	132	366096	131	364912	0.00759542	0.00333692	0.003	0.01	2785.59	2059.72	23	9422	
0.4	5.4	55	1328	51	3	119	189532	119	189532	0.00523529	0.00327731	0.003	0.01	1592.71	1347.5	26	7099	
0.4	5.4	9	1329	25	3	157	470062	157	470062	0.00612102	0.00349056	0.003	0.01	2994.03	2312.03	45	9422	
0.4	5.4	55	1330	29	3	134	224632	134	224632	0.00482836	0.00308654	0.003	0.01	1676.36	1377.02	60	7099	
0.4	5.4	48	1331	8	3	72	222591	72	222591	0.00329167	0.0014086	0.003	0.01	3091.54	1890.96	60	9422	
0.4	5.4	35	1334	8	3	59	158227	59	158227	0.00738983	0.00341405	0.003	0.01	2681.81	1843.94	60	9422	
0.4	5.4	55	1335	35	3	2	120	2	120	0.0135	0.00494975	0.01	0.017	60	0	60	60	
0.4	5.4	57	1337	15	3	118	497216	118	497216	0.00750847	0.00336586	0.003	0.01	4213.69	2435.99	26	9422	
0.4	5.4	39	1340	32	3	3	1892	3	1892	0.00533333	0.00404145	0.003	0.01	630.667	562.2	60	1184	
0.4	5.4	35	1341	16	3	33	90061	33	90061	0.00554545	0.00341953	0.003	0.01	2729.12	2231.15	60	9422	
0.4	5.4	41	1343	53	3	374	399426	374	399426	0.00580749	0.00372879	0.003	0.017	1067.98	1181.13	21	9422	
0.4	5.4	39	1344	65	3	302	388827	302	388827	0.00575828	0.00361124	0.003	0.017	1287.51	1161.36	25	9422	
0.4	5.4	50	1346	2	3	118	177089	118	177089	0.00875424	0.00325271	0.003	0.017	1500.75	1076.74	21	5664	
0.4	5.4	43	1348	7	3	57	213233	57	213233	0.00803509	0.00317335	0.003	0.01	3740.93	2603.13	60	9422	
0.4	5.4	6	1349	15	3	2	120	2	120	0.0065	0.00494975	0.003	0.01	60	0	60	60	
0.4	5.4	4	1351	14	3	8	21415	8	21415	0.00475	0.00324037	0.003	0.01	2676.88	2453.7	60	7099	
0.4	5.4	53	1352	8	3	10	31474	10	31474	0.0079	0.00338132	0.003	0.01	3147.4	3155.04	60	9422	
0.4	5.4	4	1354	12	3	168	550507	168	550507	0.005375	0.00332418	0.003	0.01	3276.83	2493.3	45	9422	
0.4	5.4	11	1356	9	3	1	60	1	60	0.01	0	0.01	0.01	60	0	60	60	
0.4	5.4	39	1357	9	3	2	120	2	120	0.003	0	0.003	0.003	60	0	60	60	
0.4	5.4	20	1358	6	3	20	23799	20	23799	0.0086	0.0053744	0.003	0.024	1189.95	1266.15	60	5324	
0.4	5.4	40	1360	18	3	55	123818	55	123818	0.00681818	0.00351763	0.003	0.01	2251.24	1562.17	60	7099	
0.4	5.4	24	1362	3	3	117	201930	117	201930	0.00862393	0.0034684	0.003	0.017	1725.9	1753.93	60	9422	
0.4	5.4	31	1364	20	3	1	60	1	60	0.003	0	0.003	0.003	60	0	60	60	
0.4	5.4	46	1365	2	3	185	743588	185	743588	0.00651892	0.00350945	0.003	0.01	4019.39	2813.76	45	9422	
0.4	5.4	39	1367	40	3	152	157403	153	161798	0.00656863	0.00440658	0.003	0.017	1057.5	936.875	49	5664	
0.4	5.4	34	1369	30	3	166	549821	166	549821	0.003	0	0.003	0.003	3312.17	2243.08	45	9422	
0.4	5.4	24	1370	12	3	178	403835	178	403835	0.0078764	0.00347491	0.003	0.017	2268.74	1774.37	50	9422	
0.4	5.4	37	1371	55	3	14	12556	13	11621	0.00569231	0.00455311	0.003	0.017	893.923	537.696	60	1775	
0.4	5.4	29	1372	20	3	130	406608	129	404241	0.00663566	0.003511	0.003	0.01	3133.65	2244.23	36	9422	
0.4	5.4	39	1373	61	3	78	146449	78	146449	0.003	0	0.003	0.003	1877.55	1345.17	46	5916	
0.4	5.4	2	1374	24	3	15	21423	15	21423	0.00953333	0.00618601	0.003	0.024	1428.2	662.524	5	1980	
0.4	5.4	3	1375	8	3	1	60	1	60	0.003	0	0.003	0.003	60	0	60	60	
0.4	5.4	40	1379	8	3	29	67581	29	67581	0.00710345	0.00439435	0.003	0.017	2330.38	2465.96	60	9422	
0.4	5.4	10	1380	14	3	120	436889	120	436889	0.00690833	0.00349067	0.003	0.01	3640.74	2641.48	45	9422	
0.4	5.4	31	1381	11	3	137	440438	137	440438	0.00724087	0.00343324	0.003	0.01	3214.88	2069.12	60	9422	
0.4	5.4	1	1382	13	3	141	434412	141	434412	0.00533333	0.0033116	0.003	0.01	3080.94	1902.2	60	9422	
0.4	5.4	17	1383	26	3	65	75320	65	75320	0.00601538	0.00349326	0.003	0.01	1158.77	819.808	60	3550	
0.4	5.4	49	1385	16	3	113	268785	112	267601	0.007625	0.00393672	0.003	0.017	2389.29	1729.01	60	8282	
0.4	5.4	10	1386	11	3	10	11952	10	11952	0.0037	0.00221359	0.003	0.01	1195.2	994.28	60	3550	
0.4	5.4	7	1388	3	3	41	129327	40	128143	0.00895	0.00298672	0.003	0.017	3203.57	2513.63	60	9422	
0.4	5.4	56	1390	14	3	49	117874	49	117874	0.00714286	0.00347611	0.003	0.01	2405.59	2357.27	45	9422	
0.4	5.4	41	1391	57	3	179	180507	179	180507	0.00542458	0.00357875	0.003	0.017	1008.42	1096.22	60	9422	
0.4	5.4	9	1392	12	3	143	520186	143	520186	0.00613287	0.00349293	0.003	0.01	3637.66	2449.68	45	9422	
0.4	5.4	46	1394	9	3	43	84749	43	84562	0.00739535	0.00342358	0.003	0.01	1966.56	1636.02	60	7099	
0.4	5.4	9	1395	19	3	33	67004	33	67004	0.00406061	0.00254877	0.003	0.01	2030.42	1226.99	60	4395	
0.4	5.4	30	1396	22	3	23	57512	23	57512	0.00847826	0.00362904	0.003	0.017	2500.52	2491.92	5	8873	
0.4	5.4	25	1398	1	3	120	314334	120	314334	0.00749167	0.00349067	0.003	0.017	2619.45	2026.38	60	9422	
0.4	5.4	13	1399	3	3	4	240	4	240	0.00475	0.0035	0.003	0.01	60	0	60	60	
0.4	5.4	34	1401	13	3	87	172365	87	172365	0.00436782	0.00279166	0.003	0.01	1981.21	1560.58	60	9422	
0.4	5.4	11	1402	8	3	28	62191	28	62191	0.0055	0.00341565	0.003	0.01	2221.11	1137.08	60	4141	
0.4	5.4	3	1403	18	3	91	161331	91	161331	0.003	0	0.003	0.003	1772.87	1941.75	60	9422	
0.4	5.4	31	1404	3	3	121	312087	121	312087	0.00519835	0.00326246	0.003	0.01	2579.23	1980.19	45	9422	
0.4	5.4	41	1405	18	3	4	240	4	240	0.00475	0.0035	0.003	0.01	60	0	60	60	
0.4	5.4	3	1406	12	3	72	219159	72	219159	0.003	0	0.003	0.003	3043.87	2146.86	60	8282	
0.4	5.4	41	1408	45	3	120	144192	120	144192	0.00655833	0.00405797	0.003	0.017	1201.6	1363.08	36	7690	
0.4	5.4	9	1409	5	3	121	331279	121	331279	0.0054876	0.00336431	0.003	0.01	2737.84	2233.84	45	9422	
0.4	5.4	24	1410	19	3	58	118458	58	118458	0.00831034	0.0030216	0.003	0.01	2042.38	2184.93	60	9422	
0.4	5.4	6	1411	13	3	4	1894	4	1894	0.0065	0.00404145	0.003	0.01	473.5	342.065	60	839	
0.4	5.4	48	1412	15	3	141	440441	141	440441	0.00796454	0.00319019	0.003	0.01	3123.7	2375.38	36	9422	
0.4	5.4	56	1414	10	3	118	347573	118	347573	0.00679661	0.00361989	0.003	0.017	2945.53	2274	60	9422	
0.4	5.4	22	1416	9	3	120	411456	119	410272	0.008	0.00317565	0.003	0.01	3447.66	2895.68	36	9422	
0.4	5.4	7	1417	7	3	159	591205	159	591205	0.00819497	0.00317123	0.003	0.017	3718.27	2678.24	45	9422	
0.4	5.4	21	1418	11	3	133	254593	133	254593	0.00747368	0.0037891	0.003	0.017	1914.23	1719.18	12	9422	
0.4	5.4	42	1420	13	3	65	120399	65	120399	0.00386154	0.00231757	0.003	0.01	1852.29	1522.02	60	9422	
0.4	5.4	57	1422	18	3	5	5442	5	5442	0.0072	0.00383406	0.003	0.01	1088.4	742.216	60	1775	
0.4	5.4	39	1423	73	3	204	256123	204	256123	0.00553921	0.00337382	0.003	0.01	1255.5	1035.36	18	6507	
0.4	5.4	41	1425	76	3	2	120	2	120	0.0065	0.00494975	0.003	0.01	60	0	60	60	
