% start	end	CellId	IMSI	RNTI	LCID	nTxPDUs	TxBytes	nRxPDUs	RxBytes	delay	stdDev	min	max	PduSize	stdDev	min	max
0.4	5.4	3	1	11	3	13	43900	13	43900	0.00838461	0.0030697	0.003	0.01	3376.92	3356.4	60	9422	
0.4	5.4	18	2	15	3	25	68171	25	68171	0.00972	0.00427707	0.003	0.017	2726.84	2615.38	60	9422	
0.4	5.4	39	3	68	3	106	170612	105	168837	0.00513333	0.0032376	0.003	0.01	1607.97	1375.87	60	6882	
0.4	5.4	51	4	8	3	38	116806	38	116806	0.00410526	0.00258676	0.003	0.01	3073.84	2703	60	9422	
0.4	5.4	29	7	9	3	192	718935	192	718935	0.00730208	0.00341576	0.003	0.01	3744.45	2299.87	45	9422	
0.4	5.4	36	8	10	3	73	186053	73	186053	0.0070274	0.00367413	0.003	0.017	2548.67	2140.19	60	9422	
0.4	5.4	31	9	14	3	86	210441	86	210441	0.00723256	0.00344255	0.003	0.01	2446.99	2028.77	13	9422	
0.4	5.4	4	10	11	3	63	192422	63	192422	0.00733333	0.00342665	0.003	0.01	3054.32	2256.34	60	9422	
0.4	5.4	37	12	11	3	3	180	3	180	0.01	0.007	0.003	0.017	60	0	60	60	
0.4	5.4	12	13	13	3	172	413228	172	413228	0.00804651	0.00395562	0.003	0.017	2402.49	1979.46	48	9422	
0.4	5.4	32	14	3	3	2	120	2	120	0.0065	0.00494975	0.003	0.01	60	0	60	60	
0.4	5.4	10	16	5	3	41	96585	41	96585	0.00658536	0.00354243	0.003	0.01	2355.73	2876.42	45	9422	
0.4	5.4	52	17	14	3	180	241753	180	241753	0.00393333	0.00238618	0.003	0.01	1343.07	1034.01	60	6507	
0.4	5.4	41	18	39	3	145	354598	145	354598	0.00401379	0.00247203	0.003	0.01	2445.5	1675.87	60	7708	
0.4	5.4	52	19	41	3	62	65274	62	65274	0.00514516	0.00325348	0.003	0.01	1052.81	995.115	6	4904	
0.4	5.4	38	21	25	3	48	127942	48	127942	0.003	0	0.003	0.003	2665.46	1768.46	60	7099	
0.4	5.4	34	22	45	3	308	444048	308	444048	0.006	0.00346974	0.003	0.01	1441.71	1210.12	43	9422	
0.4	5.4	34	23	32	3	156	169505	156	169505	0.00591667	0.00405122	0.003	0.017	1086.57	975.624	60	8873	
0.4	5.4	51	24	4	3	39	83574	39	83574	0.00641026	0.00389141	0.003	0.017	2142.92	1893.15	60	8873	
0.4	5.4	16	25	14	3	7	14316	6	8992	0.00533333	0.00361478	0.003	0.01	1498.67	1204.42	60	3550	
0.4	5.4	23	27	9	3	3	180	3	180	0.00766667	0.00404145	0.003	0.01	60	0	60	60	
0.4	5.4	57	28	10	3	107	191912	107	191912	0.00731776	0.00380317	0.003	0.017	1793.57	1752.02	60	9422	
0.4	5.4	51	31	22	3	210	464264	211	466388	0.00674881	0.0035655	0.003	0.017	2210.37	1840.35	50	9422	
0.4	5.4	13	32	21	3	205	460104	205	460104	0.00617561	0.00375844	0.003	0.017	2244.41	1647.87	45	9422	
0.4	5.4	21	34	26	3	8	5449	7	4606	0.008	0.0052915	0.003	0.017	658	359.043	60	1184	
0.4	5.4	9	35	8	3	105	309035	105	309035	0.003	0	0.003	0.003	2943.19	1767.57	60	8282	
0.4	5.4	26	36	6	3	72	178825	72	178825	0.00747222	0.00338585	0.003	0.01	2483.68	2309.52	60	9422	
0.4	5.4	31	37	11	3	59	179392	59	179392	0.00608474	0.00350511	0.003	0.01	3040.54	2369.88	60	9422	
0.4	5.4	6	39	1	3	69	238562	69	238562	0.00817391	0.00309628	0.003	0.01	3457.42	2289.73	60	9422	
0.4	5.4	2	41	25	3	1	60	1	60	0.003	0	0.003	0.003	60	0	60	60	
0.4	5.4	13	42	16	3	141	266444	141	266444	0.00712057	0.0039306	0.003	0.017	1889.67	1438.47	60	9422	
0.4	5.4	55	43	32	3	158	259396	159	260580	0.00744654	0.00434384	0.003	0.017	1638.87	1182.13	60	7385	
0.4	5.4	40	45	3	3	101	293034	101	293034	0.0089604	0.00250168	0.003	0.01	2901.33	1998.4	60	9422	
0.4	5.4	33	46	4	3	33	74087	33	74087	0.00660606	0.00396027	0.003	0.017	2245.06	2272.92	60	9422	
0.4	5.4	41	47	9	3	4	240	3	180	0.00766667	0.00404145	0.003	0.01	60	0	60	60	
0.4	5.4	53	50	6	3	59	98383	59	98383	0.00418644	0.00264884	0.003	0.01	1667.51	1162.98	60	4733	
0.4	5.4	43	51	8	3	82	308373	82	308373	0.00803658	0.00316401	0.003	0.01	3760.65	2771.18	45	9422	
0.4	5.4	22	53	6	3	173	775745	173	775745	0.00647977	0.0035101	0.003	0.01	4484.08	2823.05	45	9422	
0.4	5.4	53	54	20	3	254	586167	254	586167	0.00608661	0.00385205	0.003	0.017	2307.74	2257.81	45	9422	
0.4	5.4	8	56	13	3	81	151631	81	151631	0.00662963	0.00351939	0.003	0.01	1871.99	1901.59	60	9422	
0.4	5.4	51	57	6	3	64	151627	64	151627	0.00573437	0.00344223	0.003	0.01	2369.17	2331.35	60	9422	
0.4	5.4	34	58	43	3	14	16099	14	16099	0.006	0.00359487	0.003	0.01	1149.93	895.968	60	3550	
0.4	5.4	49	60	10	3	84	255843	84	255843	0.00766667	0.00331965	0.003	0.01	3045.75	2281.39	60	9422	
0.4	5.4	7	61	13	3	96	183708	96	183708	0.00766667	0.00331715	0.003	0.01	1913.63	1303.12	60	5951	
0.4	5.4	37	62	40	3	158	235799	158	235799	0.00623418	0.00350099	0.003	0.01	1492.4	1120.52	4	5664	
0.4	5.4	34	64	40	3	367	538124	368	539960	0.00644293	0.00406849	0.003	0.017	1467.28	1219.31	13	8873	
0.4	5.4	37	66	28	3	237	361568	237	361568	0.00554008	0.00337292	0.003	0.01	1525.6	1146.65	60	9422	
0.4	5.4	13	69	22	3	2	120	2	120	0.0065	0.00494975	0.003	0.01	60	0	60	60	
0.4	5.4	40	70	9	3	128	499003	128	499003	0.00721094	0.0034405	0.003	0.01	3898.46	2768.62	45	9422	
0.4	5.4	52	71	49	3	327	297172	327	297172	0.00511927	0.0032674	0.003	0.017	908.783	772.913	26	4904	
0.4	5.4	19	72	9	3	7	9584	7	9584	0.008	0.00341565	0.003	0.01	1369.14	1151.64	60	3550	
0.4	5.4	45	73	25	3	100	330887	100	330887	0.00853	0.00334379	0.003	0.017	3308.87	2456.29	45	9422	
0.4	5.4	57	75	5	3	157	622564	156	619014	0.00466026	0.00298706	0.003	0.01	3968.04	2724.27	45	9422	
0.4	5.4	24	76	13	3	120	491764	120	491764	0.00463333	0.00297308	0.003	0.01	4098.03	2379.34	45	9422	
0.4	5.4	39	77	82	3	85	73018	85	73018	0.00547059	0.00353415	0.003	0.017	859.035	730.591	49	4395	
0.4	5.4	9	78	15	3	73	195983	73	195983	0.0070274	0.00348398	0.003	0.01	2684.7	1450.6	60	9422	
0.4	5.4	10	79	11	3	34	98343	34	98343	0.00691176	0.00352796	0.003	0.01	2892.44	2676.33	60	9422	
0.4	5.4	16	83	8	3	154	604782	154	604782	0.00745454	0.00337831	0.003	0.01	3927.16	2478.48	45	9422	
0.4	5.4	41	84	67	3	14	14331	14	14331	0.005	0.00328165	0.003	0.01	1023.64	896.537	60	3550	
0.4	5.4	57	85	12	3	220	413962	220	413962	0.0065	0.00404145	0.003	0.017	1881.65	1759.16	33	9422	
0.4	5.4	20	87	15	3	88	278785	88	278785	0.00395454	0.00241599	0.003	0.01	3168.01	2232.27	60	9422	
0.4	5.4	34	88	9	3	71	93084	71	93084	0.00605634	0.00349648	0.003	0.01	1311.04	907.064	52	4395	
0.4	5.4	14	89	9	3	5	300	5	300	0.01	0	0.01	0.01	60	0	60	60	
0.4	5.4	36	96	7	3	164	326214	164	326214	0.00807927	0.00349581	0.003	0.017	1989.11	1653.35	60	9422	
0.4	5.4	18	97	18	3	147	323993	148	327543	0.00711486	0.00382353	0.003	0.017	2213.13	1690.77	36	9422	
0.4	5.4	39	99	23	3	2	120	2	120	0.0065	0.00494975	0.003	0.01	60	0	60	60	
0.4	5.4	45	102	2	3	148	368429	148	368429	0.0082027	0.00337852	0.003	0.017	2489.39	1904.61	8	8873	
0.4	5.4	41	105	1	3	3	180	3	180	0.00766667	0.0080829	0.003	0.017	60	0	60	60	
0.4	5.4	27	107	3	3	123	317989	123	317989	0.00669919	0.00350862	0.003	0.01	2585.28	2163.8	60	9422	
0.4	5.4	27	108	14	3	87	154579	87	154579	0.00855172	0.00304524	0.003	0.017	1776.77	1602.35	60	9422	
0.4	5.4	39	109	50	3	343	372651	343	372651	0.0062449	0.00406433	0.003	0.017	1086.45	802.246	43	5324	
0.4	5.4	2	113	10	3	68	140971	68	140971	0.00773529	0.00409083	0.003	0.017	2073.1	2163.99	60	9422	
0.4	5.4	52	114	10	3	1	60	1	60	0.01	0	0.01	0.01	60	0	60	60	
0.4	5.4	41	115	48	3	2	120	2	120	0.0135	0.0148492	0.003	0.024	60	0	60	60	
0.4	5.4	47	118	4	3	198	767639	198	767639	0.003	0	0.003	0.003	3876.96	2355.38	60	9422	
0.4	5.4	39	120	78	3	215	260643	215	260643	0.00635349	0.00387729	0.003	0.017	1212.29	1234.59	43	9422	
0.4	5.4	34	121	38	3	247	257839	247	257839	0.00549393	0.00353251	0.003	0.017	1043.88	1090.75	11	9422	
0.4	5.4	3	123	15	3	100	260489	100	260489	0.00783	0.00325376	0.003	0.01	2604.89	1658.54	60	7690	
0.4	5.4	4	124	2	3	85	290646	84	287096	0.00525	0.00328881	0.003	0.01	3417.81	2144.36	60	9422	
0.4	5.4	52	125	9	3	313	387565	313	387565	0.0059968	0.0040148	0.003	0.017	1238.23	1321	43	9422	
0.4	5.4	54	126	11	3	166	450668	166	450668	0.00776506	0.00369917	0.003	0.017	2714.87	2265.9	60	9422	
0.4	5.4	51	128	12	3	91	211512	91	211512	0.00553846	0.00338397	0.003	0.01	2324.31	2142.57	45	9422	
0.4	5.4	39	129	65	3	2	120	2	120	0.0065	0.00494975	0.003	0.01	60	0	60	60	
0.4	5.4	53	130	7	3	138	337700	139	340661	0.00420863	0.00265525	0.003	0.01	2450.8	1988.04	60	9422	
0.4	5.4	34	131	20	3	3	180	3	180	0.00766667	0.00404145	0.003	0.01	60	0	60	60	
0.4	5.4	38	132	18	3	2	120	2	120	0.003	0	0.003	0.003	60	0	60	60	
0.4	5.4	27	133	25	3	28	64622	28	64622	0.00775	0.00332916	0.003	0.01	2307.93	1231.56	60	4481	
0.4	5.4	10	135	4	3	104	367194	104	367194	0.00347115	0.00176237	0.003	0.01	3530.71	2632.88	60	9422	
0.4	5.4	37	136	45	3	86	272292	86	272292	0.00552325	0.00354708	0.003	0.017	3166.19	2596.53	60	9422	
0.4	5.4	26	137	1	3	166	637813	166	637813	0.0071747	0.00344474	0.003	0.01	3842.25	2439.14	45	9422	
0.4	5.4	46	138	3	3	188	784761	188	784761	0.00534574	0.00331302	0.003	0.01	4174.26	2752.95	45	9422	
0.4	5.4	23	139	5	3	110	484074	111	488215	0.00836036	0.00312408	0.003	0.017	4398.33	2808.7	45	9422	
0.4	5.4	16	140	16	3	7	14316	7	14316	0.009	0.00264575	0.003	0.01	2045.14	1816.4	60	5324	
0.4	5.4	32	141	10	3	68	208399	68	208399	0.00557353	0.00340025	0.003	0.01	3064.69	2278.03	60	9422	
0.4	5.4	46	144	9	3	62	184132	62	184132	0.0065	0.00352857	0.003	0.01	2969.87	2560.16	45	9422	
0.4	5.4	34	146	10	3	5	300	5	300	0.0086	0.00585662	0.003	0.017	60	0	60	60	
0.4	5.4	55	147	15	3	79	163577	79	163577	0.00441772	0.00283118	0.003	0.01	2070.59	1325.64	35	5324	
0.4	5.4	56	148	2	3	17	46857	17	46857	0.00958823	0.00300123	0.003	0.017	2756.29	2578.34	60	8873	
0.4	5.4	13	149	31	3	82	177317	80	172582	0.00755	0.00335985	0.003	0.01	2157.27	1555.12	60	7099	
0.4	5.4	51	150	15	3	69	148666	69	148666	0.00705797	0.00348055	0.003	0.01	2154.58	1790.78	38	7690	
0.4	5.4	28	152	10	3	102	247463	102	247463	0.0080098	0.0031732	0.003	0.01	2426.11	1638.36	10	8282	
0.4	5.4	42	153	1	3	2	120	2	120	0.01	0	0.01	0.01	60	0	60	60	
0.4	5.4	42	154	19	3	18	52186	18	52186	0.00533333	0.0033955	0.003	0.01	2899.22	2989.91	60	9422	
0.4	5.4	8	155	10	3	119	180773	119	180773	0.00647059	0.00351468	0.003	0.01	1519.1	1486.36	11	9422	
0.4	5.4	50	156	8	3	1	60	1	60	0.01	0	0.01	0.01	60	0	60	60	
0.4	5.4	11	161	17	3	163	378641	163	378641	0.00785276	0.00399109	0.003	0.017	2322.95	1943.54	60	8873	
0.4	5.4	54	164	20	3	21	63427	21	63427	0.008	0.00324037	0.003	0.01	3020.33	1958.15	60	7099	
0.4	5.4	43	166	5	3	6	360	6	360	0.01	0	0.01	0.01	60	0	60	60	
0.4	5.4	3	168	8	3	75	329003	75	329003	0.003	0	0.003	0.003	4386.71	2811.09	45	9422	
0.4	5.4	53	169	10	3	154	235171	154	235171	0.007	0.00399018	0.003	0.024	1527.08	1544.85	59	9422	
0.4	5.4	38	170	5	3	23	44507	23	44507	0.00726087	0.00349308	0.003	0.01	1935.09	2005.07	60	9422	
0.4	5.4	2	173	19	3	132	314599	132	314599	0.00607576	0.00348743	0.003	0.01	2383.33	2105.31	45	9422	
0.4	5.4	50	174	1	3	123	430944	122	426211	0.00609836	0.00349122	0.003	0.01	3493.53	2452.86	60	9422	
0.4	5.4	34	175	37	3	16	17882	16	17882	0.007375	0.0035	0.003	0.01	1117.62	772.921	60	3062	
0.4	5.4	1	176	2	3	1	60	1	60	0.01	0	0.01	0.01	60	0	60	60	
0.4	5.4	41	178	44	3	79	200151	79	200151	0.00397468	0.00243887	0.003	0.01	2533.56	1760.17	60	7099	
0.4	5.4	12	180	23	3	39	75281	39	75281	0.00820513	0.00348817	0.003	0.017	1930.28	2204.57	60	9422	
0.4	5.4	26	183	16	3	1	60	1	60	0.003	0	0.003	0.003	60	0	60	60	
0.4	5.4	4	185	19	3	129	540281	128	537914	0.003	0	0.003	0.003	4202.45	2549.68	45	9422	
0.4	5.4	37	186	60	3	3	1300	3	1300	0.00766667	0.00404145	0.003	0.01	433.333	324.526	60	648	
0.4	5.4	41	187	27	3	116	182440	116	182440	0.00631896	0.00362983	0.003	0.017	1572.76	956.407	60	5664	
0.4	5.4	41	188	14	3	245	428283	246	431241	0.00570325	0.00364179	0.003	0.017	1753.01	1665.86	14	9422	
0.4	5.4	11	192	10	3	44	122602	45	124969	0.0058	0.00346804	0.003	0.01	2777.09	2055.2	60	9422	
0.4	5.4	13	196	41	3	135	448740	135	448740	0.00362222	0.0019995	0.003	0.01	3324	2019.67	60	9422	
0.4	5.4	12	197	16	3	105	207368	105	207368	0.00706667	0.0036036	0.003	0.017	1974.93	1584.21	60	7746	
0.4	5.4	34	201	29	3	43	85346	43	85346	0.00381395	0.00227047	0.003	0.01	1984.79	1632.17	60	7099	
0.4	5.4	25	205	7	3	2	120	2	120	0.0065	0.00494975	0.003	0.01	60	0	60	60	
0.4	5.4	49	206	3	3	109	439713	109	439713	0.003	0	0.003	0.003	4034.06	2662.62	45	9422	
0.4	5.4	14	209	7	3	48	119641	48	119641	0.007375	0.00342472	0.003	0.01	2492.52	1819.96	60	7099	
0.4	5.4	21	211	11	3	1	60	1	60	0.01	0	0.01	0.01	60	0	60	60	
0.4	5.4	10	212	2	3	230	829074	230	829074	0.00844783	0.00305758	0.003	0.017	3604.67	2601.01	45	9422	
0.4	5.4	2	213	31	3	24	51016	24	51016	0.0065	0.00357528	0.003	0.01	2125.67	1234.46	60	4301	
0.4	5.4	52	214	37	3	412	698427	413	699176	0.00488135	0.00310699	0.003	0.01	1692.92	1865.92	10	9422	
0.4	5.4	47	216	2	3	77	205448	78	207223	0.0079359	0.00321256	0.003	0.01	2656.71	2237.4	45	9422	
0.4	5.4	42	217	2	3	158	491438	158	491438	0.00463924	0.00297381	0.003	0.01	3110.37	1998.12	45	9422	
0.4	5.4	30	218	7	3	14	50997	14	50997	0.008	0.00328165	0.003	0.01	3642.64	2847.85	60	9422	
0.4	5.4	27	219	10	3	25	48645	25	48645	0.00636	0.00356931	0.003	0.01	1945.8	1478.08	60	6236	
0.4	5.4	13	220	24	3	2	708	2	708	0.0065	0.00494975	0.003	0.01	354	415.779	60	648	
0.4	5.4	44	221	13	3	42	135025	41	134410	0.00351219	0.00184556	0.003	0.01	3278.29	2856.03	60	9422	
0.4	5.4	55	222	17	3	86	251126	86	251126	0.00511628	0.00323371	0.003	0.01	2920.07	2364.82	60	9422	
0.4	5.4	41	223	19	3	1	60	1	60	0.01	0	0.01	0.01	60	0	60	60	
0.4	5.4	12	226	8	3	134	497955	134	497955	0.003	0	0.003	0.003	3716.08	2600.63	45	9422	
0.4	5.4	37	227	14	3	3	180	3	180	0.01	0	0.01	0.01	60	0	60	60	
0.4	5.4	18	228	11	3	168	400376	168	400376	0.00804167	0.00390049	0.003	0.017	2383.19	1975.44	60	9422	
0.4	5.4	12	229	26	3	38	106034	38	106034	0.00447368	0.00289208	0.003	0.01	2790.37	2682.95	60	9422	
0.4	5.4	21	233	24	3	136	206241	136	206241	0.00655147	0.00380997	0.003	0.017	1516.48	1550.49	13	9422	
0.4	5.4	37	234	65	3	114	231536	114	231536	0.00508772	0.00321655	0.003	0.01	2031.02	1525.86	60	7098	
0.4	5.4	37	235	26	3	2	120	2	120	0.0065	0.00494975	0.003	0.01	60	0	60	60	
0.4	5.4	56	236	13	3	1	60	1	60	0.003	0	0.003	0.003	60	0	60	60	
0.4	5.4	11	237	5	3	57	161052	57	161052	0.00754386	0.00337041	0.003	0.01	2825.47	1700.19	60	7099	
0.4	5.4	28	238	14	3	80	167102	80	167102	0.0079875	0.00318817	0.003	0.01	2088.78	1643.58	60	7690	
0.4	5.4	41	239	43	3	83	205115	83	205115	0.003	0	0.003	0.003	2471.27	2043.35	55	9422	
0.4	5.4	30	240	9	3	106	363393	105	355111	0.0078	0.0032652	0.003	0.01	3382.01	2157.74	60	9422	
0.4	5.4	52	241	6	3	62	61135	62	61135	0.00570968	0.00366368	0.003	0.017	986.048	1033.16	6	4904	
0.4	5.4	52	242	21	3	1	60	1	60	0.003	0	0.003	0.003	60	0	60	60	
0.4	5.4	42	245	22	3	102	270517	102	270517	0.00588235	0.00346208	0.003	0.01	2652.13	1905.71	60	7690	
0.4	5.4	46	249	11	3	130	536735	130	536735	0.003	0	0.003	0.003	4128.73	2204.56	45	9422	
0.4	5.4	8	251	25	3	97	199806	97	199806	0.003	0	0.003	0.003	2059.86	1841.72	60	9422	
0.4	5.4	44	252	12	3	68	174682	68	174682	0.00711765	0.00347068	0.003	0.01	2568.85	2067.98	60	9422	
0.4	5.4	14	253	2	3	64	182360	64	182360	0.0086875	0.00275379	0.003	0.01	2849.37	2040.97	13	9422	
0.4	5.4	13	254	23	3	148	557008	148	557008	0.003	0	0.003	0.003	3763.57	2380.6	45	9422	
0.4	5.4	24	255	18	3	72	202493	72	202493	0.00844444	0.00315732	0.003	0.017	2812.4	1633.27	13	8294	
0.4	5.4	31	256	4	3	1	60	1	60	0.01	0	0.01	0.01	60	0	60	60	
0.4	5.4	33	261	12	3	56	151708	56	151708	0.003	0	0.003	0.003	2709.07	2341.87	60	9422	
0.4	5.4	54	262	4	3	2	120	2	120	0.0065	0.00494975	0.003	0.01	60	0	60	60	
0.4	5.4	10	263	15	3	141	323232	141	323232	0.00766667	0.0033116	0.003	0.01	2292.43	2049.45	48	9422	
0.4	5.4	41	266	66	3	37	67013	37	67013	0.00432432	0.00277943	0.003	0.01	1811.16	1468.01	60	8282	
0.4	5.4	54	267	18	3	78	227924	78	227924	0.00605128	0.00349358	0.003	0.01	2922.1	1676.41	60	7690	
0.4	5.4	48	270	18	3	67	220927	67	220927	0.00759701	0.00334872	0.003	0.01	3297.42	2757.42	45	9422	
0.4	5.4	44	271	11	3	1	60	1	60	0.01	0	0.01	0.01	60	0	60	60	
0.4	5.4	53	272	17	3	144	179671	144	179671	0.00577083	0.003989	0.003	0.017	1247.72	1139.81	7	9422	
0.4	5.4	41	274	64	3	94	167735	94	167735	0.00501064	0.00318428	0.003	0.01	1784.41	1830.09	60	9422	
0.4	5.4	17	276	18	3	51	97897	51	97897	0.00629412	0.00352871	0.003	0.01	1919.55	1535.28	60	9422	
0.4	5.4	50	278	13	3	152	656938	152	656938	0.00682237	0.00349664	0.003	0.01	4321.96	3046.75	45	9422	
0.4	5.4	32	279	1	3	16	39169	16	39169	0.00475	0.0031305	0.003	0.01	2448.06	2694.31	60	9422	
0.4	5.4	55	282	20	3	2	120	2	120	0.0065	0.00494975	0.003	0.01	60	0	60	60	
0.4	5.4	36	283	2	3	2	120	2	120	0.0065	0.00494975	0.003	0.01	60	0	60	60	
0.4	5.4	39	284	71	3	112	175364	112	175364	0.005125	0.00323306	0.003	0.01	1565.75	1236.82	60	6882	
0.4	5.4	42	285	23	3	242	827032	242	827032	0.003	0	0.003	0.003	3417.49	2749.64	45	9422	
0.4	5.4	34	288	8	3	2	120	2	120	0.01	0	0.01	0.01	60	0	60	60	
0.4	5.4	5	289	8	3	116	424926	116	424926	0.00432759	0.0027561	0.003	0.01	3663.16	2258.81	60	9422	
0.4	5.4	37	291	58	3	2	708	2	708	0.0065	0.00494975	0.003	0.01	354	415.779	60	648	
0.4	5.4	2	294	29	3	186	590126	186	590126	0.00510753	0.00321974	0.003	0.01	3172.72	2188.78	60	9422	
0.4	5.4	2	295	21	3	183	393809	183	393809	0.00518033	0.00325057	0.003	0.01	2151.96	1720.9	23	9422	
0.4	5.4	19	297	21	3	200	647465	200	647465	0.00615	0.00349119	0.003	0.01	3237.33	2292.45	45	9422	
0.4	5.4	41	299	25	3	2	1184	2	1184	0.0065	0.00494975	0.003	0.01	592	0	592	592	
0.4	5.4	5	302	17	3	73	213113	73	213113	0.00923288	0.00220177	0.003	0.01	2919.36	2407.02	45	9422	
0.4	5.4	10	303	14	3	3	180	3	180	0.00766667	0.00404145	0.003	0.01	60	0	60	60	
0.4	5.4	23	304	3	3	71	193611	71	193611	0.00585915	0.00366176	0.003	0.017	2726.92	1652.3	60	6882	
0.4	5.4	46	305	7	3	16	15509	15	14506	0.00533333	0.00341565	0.003	0.01	967.067	415.136	60	1775	
0.4	5.4	37	308	33	3	192	324962	192	324962	0.00580729	0.00343974	0.003	0.01	1692.51	1587.41	153	9422	
0.4	5.4	18	309	2	3	196	703077	196	703077	0.00428571	0.00271746	0.003	0.01	3587.13	2543.42	45	9422	
0.4	5.4	2	310	24	3	93	167691	93	167691	0.00570968	0.00386619	0.003	0.017	1803.13	1232.99	60	5916	
0.4	5.4	27	312	20	3	78	253945	78	253945	0.00425641	0.00270371	0.003	0.01	3255.71	1879.83	60	9422	
0.4	5.4	50	314	14	3	34	100700	34	100700	0.00711765	0.00349688	0.003	0.01	2961.76	2659.4	60	9422	
0.4	5.4	8	315	7	3	3	180	3	180	0.00533333	0.00404145	0.003	0.01	60	0	60	60	
0.4	5.4	21	316	17	3	177	393931	176	393339	0.00681818	0.00372803	0.003	0.017	2234.88	1781.51	30	9422	
0.4	5.4	53	317	14	3	189	292620	189	292620	0.00677778	0.0041145	0.003	0.024	1548.25	1372.75	20	6693	
0.4	5.4	2	320	35	3	121	322030	121	322030	0.00687603	0.00349421	0.003	0.01	2661.4	1770.14	36	8282	
0.4	5.4	41	321	50	3	269	433781	269	433781	0.00692937	0.00378215	0.003	0.017	1612.57	1599.38	10	9422	
0.4	5.4	52	322	36	3	193	155304	193	155304	0.00546632	0.00371374	0.003	0.017	804.684	728.747	10	4395	
0.4	5.4	31	323	13	3	80	223789	80	223789	0.0088625	0.00282728	0.003	0.017	2797.36	1827.34	60	9422	
0.4	5.4	51	324	18	3	155	329903	155	329903	0.00715484	0.00388327	0.003	0.017	2128.41	1687.27	60	7099	
0.4	5.4	56	325	10	3	102	412603	103	416998	0.00605825	0.00348899	0.003	0.01	4048.52	2723.52	45	9422	
0.4	5.4	2	326	22	3	68	156360	68	156360	0.00619118	0.00351227	0.003	0.01	2299.41	1956.54	60	9422	
0.4	5.4	7	327	15	3	8	21415	8	21415	0.003	0	0.003	0.003	2676.88	2453.7	60	7099	
0.4	5.4	54	330	7	3	93	313821	93	313821	0.00721505	0.00344475	0.003	0.01	3374.42	2527.89	60	9422	
0.4	5.4	36	332	8	3	251	632320	251	632320	0.00868924	0.00287594	0.003	0.017	2519.2	2090.29	45	9422	
0.4	5.4	39	333	27	3	19	14337	19	14337	0.00521053	0.00334297	0.003	0.01	754.579	653.046	60	1775	
0.4	5.4	17	335	6	3	65	184728	65	184728	0.00547692	0.003593	0.003	0.017	2841.97	2251.62	28	9422	
0.4	5.4	49	337	5	3	56	195364	56	195364	0.0085	0.00289828	0.003	0.01	3488.64	2351.45	60	9422	
0.4	5.4	26	339	7	3	26	58705	26	58705	0.00703846	0.00352682	0.003	0.01	2257.88	2154.15	60	9422	
0.4	5.4	8	341	42	3	141	296172	143	302071	0.00647552	0.0037035	0.003	0.017	2112.38	1513.31	60	7690	
0.4	5.4	47	343	10	3	192	580586	192	580586	0.00653646	0.00350896	0.003	0.01	3023.89	2095.7	45	9422	
0.4	5.4	17	344	2	3	154	418507	155	422057	0.00765161	0.00359219	0.003	0.017	2722.95	2144.42	45	9422	
0.4	5.4	39	345	77	3	101	105580	101	105580	0.00611881	0.00401818	0.003	0.017	1045.35	1151.77	37	8873	
0.4	5.4	9	346	3	3	71	168187	71	168187	0.00822535	0.00328719	0.003	0.017	2368.83	1975.68	60	9422	
0.4	5.4	15	347	1	3	62	107846	62	107846	0.00943548	0.00598529	0.003	0.024	1739.45	1435.61	5	7099	
0.4	5.4	31	349	5	3	66	216193	66	216193	0.00681818	0.00351222	0.003	0.01	3275.65	2377.09	10	9422	
0.4	5.4	9	350	22	3	28	74674	28	74674	0.00625	0.00355512	0.003	0.01	2666.93	2173.99	36	8079	
0.4	5.4	33	351	1	3	13	31482	13	31482	0.003	0	0.003	0.003	2421.69	1887.84	60	7099	
0.4	5.4	3	352	6	3	115	313746	115	313746	0.00811304	0.00385884	0.003	0.024	2728.23	2112.18	60	9422	
0.4	5.4	8	353	6	3	4	240	4	240	0.003	0	0.003	0.003	60	0	60	60	
0.4	5.4	39	355	46	3	322	399885	322	399885	0.00665217	0.00425036	0.003	0.017	1241.88	1243.36	13	9422	
0.4	5.4	1	356	6	3	134	598237	132	589363	0.00782576	0.00325153	0.003	0.01	4464.87	2222.21	45	9422	
0.4	5.4	31	357	7	3	40	146964	40	146964	0.003	0	0.003	0.003	3674.1	1843.54	60	6507	
0.4	5.4	54	358	15	3	2	120	2	120	0.0065	0.00494975	0.003	0.01	60	0	60	60	
0.4	5.4	2	359	41	3	115	313848	115	313848	0.00446087	0.00300376	0.003	0.017	2729.11	2187.42	45	9422	
0.4	5.4	6	360	19	3	131	479967	131	479967	0.0069542	0.00389252	0.003	0.017	3663.87	2392.41	60	9422	
0.4	5.4	20	361	6	3	150	318197	150	318197	0.00818	0.00366568	0.003	0.017	2121.31	1536.51	60	9422	
0.4	5.4	37	365	52	3	97	123885	97	123885	0.00704124	0.00402057	0.003	0.017	1277.16	987.19	60	4780	
0.4	5.4	31	367	12	3	28	81293	27	77152	0.003	0	0.003	0.003	2857.48	2461.85	60	9422	
0.4	5.4	23	368	4	3	116	297269	116	297269	0.00758621	0.00334162	0.003	0.01	2562.66	2096.94	36	9422	
0.4	5.4	2	369	5	3	92	206060	92	206060	0.00505435	0.00320496	0.003	0.01	2239.78	1678.39	60	8873	
0.4	5.4	10	370	6	3	123	394938	123	394938	0.00647154	0.0035142	0.003	0.01	3210.88	2301.82	60	9422	
0.4	5.4	27	373	11	3	164	525199	164	525199	0.00509146	0.00321388	0.003	0.01	3202.43	2406.53	60	9422	
0.4	5.4	45	375	22	3	16	52185	16	52185	0.0069375	0.00358643	0.003	0.01	3261.56	3291.45	60	9422	
0.4	5.4	13	376	13	3	70	151042	70	151042	0.0076	0.00427802	0.003	0.017	2157.74	1786.53	13	8282	
0.4	5.4	4	379	16	3	103	321049	102	315133	0.00416667	0.00262163	0.003	0.01	3089.54	2354.9	60	9422	
0.4	5.4	56	383	19	3	66	258064	66	258064	0.00586364	0.00346804	0.003	0.01	3910.06	2519.07	60	9422	
0.4	5.4	24	384	12	3	126	504217	126	504217	0.00405555	0.00251493	0.003	0.01	4001.72	2871.09	45	9422	
0.4	5.4	21	385	13	3	134	397179	134	397179	0.00639552	0.00351157	0.003	0.01	2964.02	2277.01	45	9422	
0.4	5.4	55	386	45	3	117	284301	117	284301	0.00461538	0.00296196	0.003	0.01	2429.92	1993.45	18	9422	
0.4	5.4	28	388	13	3	44	88298	44	88298	0.00904545	0.00242999	0.003	0.01	2006.77	1376.15	60	4733	
0.4	5.4	32	391	5	3	106	391345	106	391345	0.00768868	0.00370678	0.003	0.017	3691.93	2459.6	60	9422	
0.4	5.4	37	392	5	3	1	60	1	60	0.017	0	0.017	0.017	60	0	60	60	
0.4	5.4	15	394	16	3	114	275395	115	282494	0.00732174	0.00341706	0.003	0.01	2456.47	2475.16	45	9422	
0.4	5.4	55	395	41	3	1	60	1	60	0.01	0	0.01	0.01	60	0	60	60	
0.4	5.4	56	397	14	3	104	249947	104	249947	0.00703846	0.00347508	0.003	0.01	2403.34	2096.14	48	9422	
0.4	5.4	44	398	4	3	102	409522	102	412479	0.00560784	0.0034011	0.003	0.01	4043.91	2100.95	57	9422	
0.4	5.4	53	399	9	3	131	148127	130	147535	0.00655385	0.00382376	0.003	0.017	1134.88	1442.47	36	9422	
0.4	5.4	42	400	18	3	77	230397	77	230397	0.00781818	0.00326354	0.003	0.01	2992.17	2255.85	36	9422	
0.4	5.4	37	402	54	3	31	32095	31	32095	0.00729032	0.00390891	0.003	0.017	1035.32	702.981	6	2958	
0.4	5.4	6	404	6	3	131	529048	131	529048	0.00754198	0.00335412	0.003	0.01	4038.53	3075.87	45	9422	
0.4	5.4	6	406	16	3	49	120841	49	120841	0.00857143	0.00349404	0.003	0.017	2466.14	1932.59	60	9422	
0.4	5.4	2	407	32	3	193	283807	194	287357	0.00682474	0.00415755	0.003	0.017	1481.22	1200.38	26	7099	
0.4	5.4	37	408	36	3	70	74165	70	74165	0.0046	0.00319147	0.003	0.017	1059.5	760.741	60	3484	
0.4	5.4	25	409	17	3	1	60	1	60	0.003	0	0.003	0.003	60	0	60	60	
0.4	5.4	14	410	18	3	8	21198	7	14316	0.01	0	0.01	0.01	2045.14	1816.4	60	5324	
0.4	5.4	41	411	69	3	4	2484	4	2484	0.00825	0.0035	0.003	0.01	621	459.442	60	1184	
0.4	5.4	35	412	3	3	1	60	1	60	0.003	0	0.003	0.003	60	0	60	60	
0.4	5.4	8	413	11	3	2	120	2	120	0.01	0	0.01	0.01	60	0	60	60	
0.4	5.4	52	414	28	3	60	62928	60	62928	0.00685	0.00351184	0.003	0.01	1048.8	1163.7	37	6320	
0.4	5.4	8	415	16	3	3	180	3	180	0.003	0	0.003	0.003	60	0	60	60	
0.4	5.4	32	417	9	3	200	723746	200	723746	0.005555	0.00337847	0.003	0.01	3618.73	2503.06	45	9422	
0.4	5.4	55	419	30	3	96	220854	96	220854	0.00394792	0.00240775	0.003	0.01	2300.56	1863.64	60	9422	
0.4	5.4	23	420	14	3	44	131002	44	131002	0.00793182	0.00323065	0.003	0.01	2977.32	2363.79	60	9422	
0.4	5.4	1	421	3	3	24	72892	24	72892	0.00533333	0.0033708	0.003	0.01	3037.17	1790.48	60	7099	
0.4	5.4	48	426	13	3	99	415501	99	415501	0.0060404	0.00348735	0.003	0.01	4196.98	2605.33	45	9422	
0.4	5.4	17	427	17	3	95	279417	95	279417	0.00697895	0.00348547	0.003	0.01	2941.23	2037.7	57	9422	
0.4	5.4	1	431	5	3	114	429769	114	429769	0.00699123	0.00348066	0.003	0.01	3769.9	2465.26	45	9422	
0.4	5.4	45	435	12	3	72	206035	72	206035	0.00727778	0.00343643	0.003	0.01	2861.6	2283.08	36	9422	
0.4	5.4	34	437	39	3	340	312431	340	312431	0.00625294	0.00441045	0.003	0.017	918.915	607.844	60	4141	
0.4	5.4	57	439	14	3	240	551112	240	551112	0.00670417	0.00383662	0.003	0.017	2296.3	2133.74	4	9422	
0.4	5.4	12	443	15	3	134	351738	136	358334	0.0070147	0.00347475	0.003	0.01	2634.81	1799.82	57	9422	
0.4	5.4	1	445	11	3	2	120	2	120	0.0065	0.00494975	0.003	0.01	60	0	60	60	
0.4	5.4	11	446	15	3	1	60	1	60	0.01	0	0.01	0.01	60	0	60	60	
0.4	5.4	45	448	16	3	6	8992	6	8992	0.00883333	0.00285774	0.003	0.01	1498.67	1204.42	60	3550	
0.4	5.4	41	451	49	3	2	708	2	708	0.003	0	0.003	0.003	354	415.779	60	648	
0.4	5.4	11	452	18	3	161	493632	161	493632	0.00695652	0.00373555	0.003	0.017	3066.04	2321.24	45	9422	
0.4	5.4	19	453	15	3	33	64030	33	64030	0.00575757	0.00347338	0.003	0.01	1940.3	2152.34	60	9422	
0.4	5.4	26	455	2	3	43	85336	43	85336	0.00462791	0.00299224	0.003	0.01	1984.56	1901.3	60	9422	
0.4	5.4	27	456	12	3	2	120	2	120	0.003	0	0.003	0.003	60	0	60	60	
0.4	5.4	25	457	18	3	235	637519	235	641339	0.00645532	0.00350718	0.003	0.01	2729.1	1981.74	57	9422	
0.4	5.4	37	458	2	3	2	120	2	120	0.0065	0.00494975	0.003	0.01	60	0	60	60	
0.4	5.4	39	461	2	3	1	60	1	60	0.003	0	0.003	0.003	60	0	60	60	
0.4	5.4	36	462	15	3	4	240	4	240	0.00475	0.0035	0.003	0.01	60	0	60	60	
0.4	5.4	17	463	3	3	75	181896	75	181896	0.00682667	0.00350819	0.003	0.01	2425.28	2099.81	60	9422	
0.4	5.4	55	465	12	3	29	24462	29	24462	0.00637931	0.00481377	0.003	0.017	843.517	562.629	60	1775	
0.4	5.4	4	466	17	3	140	360002	141	361525	0.00880851	0.00276951	0.003	0.017	2564.01	2142	60	9422	
0.4	5.4	13	467	14	3	16	31487	16	31487	0.0034375	0.00175	0.003	0.01	1967.94	1528.06	60	5324	
0.4	5.4	44	469	6	3	53	143313	53	143313	0.00788679	0.00324429	0.003	0.01	2704.02	1636.47	60	6507	
0.4	5.4	37	470	47	3	104	153572	105	155347	0.00766667	0.00462158	0.003	0.017	1479.5	1206.35	60	7690	
0.4	5.4	16	472	12	3	81	230874	81	230874	0.00740741	0.00340139	0.003	0.01	2850.3	2254.88	28	9422	
0.4	5.4	52	473	15	3	405	663565	405	663565	0.0053679	0.00331595	0.003	0.01	1638.43	1717.09	36	9422	
0.4	5.4	38	474	21	3	39	81316	39	81316	0.003	0	0.003	0.003	2085.03	1933.43	60	8873	
0.4	5.4	52	475	38	3	101	134564	101	134564	0.003	0	0.003	0.003	1332.32	1117.78	51	5664	
0.4	5.4	44	477	3	3	74	187227	75	192891	0.00766667	0.00332205	0.003	0.01	2571.88	1765.06	60	9422	
0.4	5.4	8	478	37	3	105	142218	105	142218	0.0064	0.00389674	0.003	0.017	1354.46	887.644	60	4395	
0.4	5.4	4	479	15	3	29	90644	28	89460	0.00325	0.00132288	0.003	0.01	3195	2467.27	60	9422	
0.4	5.4	42	480	10	3	3	180	3	180	0.01	0	0.01	0.01	60	0	60	60	
0.4	5.4	5	481	16	3	108	457451	108	457451	0.003	0	0.003	0.003	4235.66	2976.39	45	9422	
0.4	5.4	16	482	10	3	100	381137	100	381137	0.00594	0.00347231	0.003	0.01	3811.37	1992.42	60	9422	
0.4	5.4	28	484	17	3	116	437458	116	437458	0.00831034	0.00300843	0.003	0.01	3771.19	2332.26	60	9422	
0.4	5.4	37	485	23	3	1	60	1	60	0.01	0	0.01	0.01	60	0	60	60	
0.4	5.4	18	486	1	3	119	357633	119	357633	0.003	0	0.003	0.003	3005.32	2576.73	60	9422	
0.4	5.4	52	487	65	3	1	60	1	60	0.003	0	0.003	0.003	60	0	60	60	
0.4	5.4	52	488	22	3	421	586074	421	586074	0.00544418	0.00376764	0.003	0.017	1392.1	1641.42	5	9422	
0.4	5.4	7	489	23	3	104	240370	104	240370	0.00818269	0.00364908	0.003	0.017	2311.25	1744.42	21	9422	
0.4	5.4	38	490	19	3	144	247711	144	247711	0.00611111	0.0037735	0.003	0.017	1720.22	1973.27	60	9422	
0.4	5.4	22	492	9	3	46	132174	46	132174	0.003	0	0.003	0.003	2873.35	2877.05	60	9422	
0.4	5.4	33	493	7	3	119	488219	118	485852	0.00774576	0.00328474	0.003	0.01	4117.39	2356.63	60	9422	
0.4	5.4	48	494	14	3	141	472986	141	472986	0.0083617	0.00308979	0.003	0.017	3354.51	2657.87	45	9422	
0.4	5.4	29	497	1	3	141	616025	141	616025	0.00304964	0.000589506	0.003	0.01	4368.97	2654.89	45	9422	
0.4	5.4	52	498	56	3	3	180	3	180	0.003	0	0.003	0.003	60	0	60	60	
0.4	5.4	20	499	14	3	157	370133	156	367175	0.00730769	0.00385146	0.003	0.017	2353.69	2002.66	54	9422	
0.4	5.4	24	500	3	3	198	528090	198	528090	0.00777273	0.00334389	0.003	0.017	2667.12	2109.41	45	9422	
0.4	5.4	34	501	12	3	3	180	3	180	0.00766667	0.00404145	0.003	0.01	60	0	60	60	
0.4	5.4	37	502	31	3	45	68302	45	68302	0.0072	0.00405978	0.003	0.017	1517.82	1089.1	60	4395	
0.4	5.4	34	504	22	3	233	499811	233	499811	0.00303004	0.000458585	0.003	0.01	2145.11	1620.05	32	9422	
0.4	5.4	25	507	19	3	149	326815	149	326815	0.00779195	0.00373673	0.003	0.017	2193.39	1894.39	60	9422	
0.4	5.4	37	508	13	3	45	87706	45	87706	0.00455555	0.00294306	0.003	0.01	1949.02	1488.23	60	5916	
0.4	5.4	7	509	6	3	34	104841	34	104841	0.003	0	0.003	0.003	3083.56	1768.37	60	7099	
0.4	5.4	11	510	11	3	83	200908	83	200908	0.00772289	0.00364362	0.003	0.017	2420.58	2154.23	57	9422	
0.4	5.4	20	511	13	3	77	171748	77	171748	0.00690909	0.00367846	0.003	0.017	2230.49	1567.82	60	6507	
0.4	5.4	55	512	13	3	1	60	1	60	0.01	0	0.01	0.01	60	0	60	60	
0.4	5.4	37	514	41	3	3	768	3	768	0.01	0.007	0.003	0.017	256	339.482	60	648	
0.4	5.4	29	516	5	3	3	180	3	180	0.00766667	0.00404145	0.003	0.01	60	0	60	60	
0.4	5.4	9	517	20	3	80	141606	80	141606	0.00545	0.00335985	0.003	0.01	1770.07	2215.16	60	9422	
0.4	5.4	12	518	21	3	116	292475	116	292475	0.00758621	0.00370445	0.003	0.017	2521.34	2334.58	45	9422	
0.4	5.4	39	521	76	3	3	712	3	712	0.00533333	0.00404145	0.003	0.01	237.333	307.15	60	592	
0.4	5.4	53	522	12	3	155	387964	155	387964	0.00322581	0.0012408	0.003	0.01	2502.99	1967.46	60	9422	
0.4	5.4	53	523	11	3	110	273655	110	273655	0.003	0	0.003	0.003	2487.77	2162.17	60	9422	
0.4	5.4	9	524	1	3	26	43914	26	43914	0.0065	0.00356931	0.003	0.01	1689	1290.39	60	4141	
0.4	5.4	39	525	9	3	2	120	2	120	0.01	0	0.01	0.01	60	0	60	60	
0.4	5.4	11	527	24	3	70	212072	70	212072	0.003	0	0.003	0.003	3029.6	2221.83	60	9422	
0.4	5.4	55	528	46	3	145	185973	145	185973	0.00695862	0.00385299	0.003	0.017	1282.57	1129.91	60	5324	
0.4	5.4	21	529	10	3	3	180	3	180	0.00766667	0.00404145	0.003	0.01	60	0	60	60	
0.4	5.4	1	533	8	3	30	104249	30	104249	0.00813333	0.00314844	0.003	0.01	3474.97	2582.5	60	9422	
0.4	5.4	56	534	4	3	72	237018	72	237018	0.00825	0.00305236	0.003	0.01	3291.92	2932.44	45	9422	
0.4	5.4	22	537	7	3	131	452855	131	452855	0.00460305	0.00295265	0.003	0.01	3456.91	2493.75	45	9422	
0.4	5.4	52	538	39	3	2	120	2	120	0.0065	0.00494975	0.003	0.01	60	0	60	60	
0.4	5.4	9	539	18	3	1	60	1	60	0.003	0	0.003	0.003	60	0	60	60	
0.4	5.4	8	543	23	3	45	45140	45	45140	0.00502222	0.00384051	0.003	0.017	1003.11	736.594	60	3182	
0.4	5.4	15	544	17	3	102	255865	102	255865	0.00636274	0.00351458	0.003	0.01	2508.48	2603.16	60	9422	
0.4	5.4	45	546	6	3	118	476520	118	476520	0.00786441	0.00323685	0.003	0.01	4038.31	3002.18	45	9422	
0.4	5.4	21	547	21	3	111	252223	111	252223	0.00735135	0.00341027	0.003	0.01	2272.28	1532.73	60	8282	
0.4	5.4	31	549	10	3	80	312524	80	312524	0.003	0	0.003	0.003	3906.55	2345.64	60	9422	
0.4	5.4	25	550	10	3	88	225565	88	225565	0.003	0	0.003	0.003	2563.24	1329.44	60	5324	
0.4	5.4	12	552	18	3	38	122593	38	122593	0.00557895	0.00342196	0.003	0.01	3226.13	2305.07	60	7690	
0.4	5.4	49	553	4	3	62	171123	62	171123	0.00559677	0.00340905	0.003	0.01	2760.05	2216.45	60	9422	
0.4	5.4	20	555	11	3	1	60	1	60	0.003	0	0.003	0.003	60	0	60	60	
0.4	5.4	10	559	1	3	106	355231	106	355231	0.003	0	0.003	0.003	3351.24	2201.56	45	9422	
0.4	5.4	41	561	42	3	139	211436	139	211436	0.00597122	0.00357313	0.003	0.017	1521.12	1671.59	4	9092	
0.4	5.4	2	562	33	3	173	463108	174	463699	0.00497126	0.00315757	0.003	0.01	2664.94	2180.13	60	9422	
0.4	5.4	23	565	11	3	38	126257	38	126257	0.00705263	0.00350249	0.003	0.01	3322.55	3019.09	60	9422	
0.4	5.4	37	567	7	3	35	140987	35	140987	0.0056	0.00343169	0.003	0.01	4028.2	2630.2	60	9422	
0.4	5.4	45	568	7	3	1	60	1	60	0.01	0	0.01	0.01	60	0	60	60	
0.4	5.4	55	570	25	3	174	358825	174	358825	0.00686207	0.00448549	0.003	0.017	2062.21	1735.77	60	9422	
0.4	5.4	16	571	5	3	56	164609	56	164609	0.003	0	0.003	0.003	2939.45	2388.1	60	9422	
0.4	5.4	55	573	18	3	27	53386	27	53386	0.00714815	0.00350498	0.003	0.01	1977.26	1856.4	10	9422	
0.4	5.4	8	575	31	3	66	145122	66	145122	0.003	0	0.003	0.003	2198.82	1648.83	60	8030	
0.4	5.4	2	576	23	3	79	193043	80	193383	0.0037	0.00211325	0.003	0.01	2417.29	1814.34	60	9422	
0.4	5.4	26	577	20	3	110	360580	110	360580	0.00548182	0.00336395	0.003	0.01	3278	2348.91	45	9422	
0.4	5.4	6	578	5	3	146	591184	147	596508	0.00671428	0.00350538	0.003	0.01	4057.88	2770.57	45	9422	
0.4	5.4	52	579	57	3	339	313639	339	313639	0.00533333	0.00330471	0.003	0.01	925.189	750.13	43	5154	
0.4	5.4	52	580	19	3	87	101980	87	101980	0.00525287	0.00328923	0.003	0.01	1172.18	903.969	60	4395	
0.4	5.4	35	582	9	3	100	372371	100	372371	0.00538	0.00333267	0.003	0.01	3723.71	2622.11	45	9422	
0.4	5.4	28	583	9	3	5	2486	5	2486	0.003	0	0.003	0.003	497.2	290.7	60	813	
0.4	5.4	53	584	19	3	107	366977	107	366977	0.003	0	0.003	0.003	3429.69	2370.92	45	9422	
0.4	5.4	40	585	1	3	59	161073	59	161073	0.0089322	0.00313415	0.003	0.017	2730.05	2468.68	60	9422	
0.4	5.4	41	586	62	3	48	48109	48	48109	0.0051875	0.0035828	0.003	0.017	1002.27	1401.04	45	9422	
0.4	5.4	57	587	13	3	234	367790	234	367790	0.00688889	0.00419744	0.003	0.017	1571.75	1593.59	31	9422	
0.4	5.4	10	588	17	3	1	60	1	60	0.01	0	0.01	0.01	60	0	60	60	
0.4	5.4	52	589	47	3	1	60	1	60	0.003	0	0.003	0.003	60	0	60	60	
0.4	5.4	8	590	4	3	211	398681	211	398681	0.00651659	0.00370244	0.003	0.017	1889.48	1618.39	60	9422	
0.4	5.4	51	591	5	3	101	157608	101	157608	0.00695049	0.00424824	0.003	0.017	1560.48	1453.73	60	7464	
0.4	5.4	9	592	17	3	290	1029320	290	1029320	0.003	0	0.003	0.003	3549.38	2126.28	45	9422	
0.4	5.4	52	593	29	3	14	7294	14	7294	0.0045	0.00298071	0.003	0.01	521	312.67	60	1184	
0.4	5.4	27	594	6	3	2	120	2	120	0.0065	0.00494975	0.003	0.01	60	0	60	60	
0.4	5.4	33	595	13	3	95	279515	96	281630	0.00635417	0.00351532	0.003	0.01	2933.65	2125.19	60	9422	
0.4	5.4	32	597	14	3	5	300	5	300	0.003	0	0.003	0.003	60	0	60	60	
0.4	5.4	19	599	17	3	16	46859	16	46859	0.003	0	0.003	0.003	2928.69	2735.76	60	9422	
0.4	5.4	33	601	22	3	120	393584	119	392400	0.00517647	0.0032538	0.003	0.01	3297.48	1796	60	9422	
0.4	5.4	41	602	52	3	69	123232	69	123232	0.00756522	0.00429938	0.003	0.017	1785.97	1487.74	60	8873	
0.4	5.4	18	604	10	3	97	343403	97	343403	0.00617526	0.00350301	0.003	0.01	3540.24	2395.37	45	9422	
0.4	5.4	11	605	8	3	240	689037	240	689037	0.00804583	0.00357379	0.003	0.017	2870.99	2250.2	28	9422	
0.4	5.4	34	607	44	3	164	283970	164	283970	0.00308536	0.000770646	0.003	0.01	1731.52	1124.39	60	4733	
0.4	5.4	37	608	21	3	2	708	2	708	0.01	0	0.01	0.01	354	415.779	60	648	
0.4	5.4	52	609	62	3	2	120	2	120	0.003	0	0.003	0.003	60	0	60	60	
0.4	5.4	13	610	11	3	159	359936	159	359936	0.00683019	0.00391396	0.003	0.017	2263.75	1932.05	36	9422	
0.4	5.4	34	612	4	3	3	180	3	180	0.003	0	0.003	0.003	60	0	60	60	
0.4	5.4	25	614	6	3	83	166426	83	166426	0.00586747	0.0034633	0.003	0.01	2005.13	1515.55	60	7099	
0.4	5.4	35	615	6	3	63	178206	63	178206	0.00955555	0.00172063	0.003	0.01	2828.67	1773.77	60	6507	
0.4	5.4	39	616	16	3	341	408120	339	407332	0.00551917	0.00336473	0.003	0.01	1201.57	890.434	26	9422	
0.4	5.4	46	617	8	3	81	207331	80	203190	0.008425	0.00294152	0.003	0.01	2539.88	1855.07	45	9422	
0.4	5.4	18	619	14	3	118	342137	118	342137	0.0065	0.00351493	0.003	0.01	2899.47	1925.3	36	9422	
0.4	5.4	55	620	38	3	50	82996	50	82996	0.0072	0.004	0.003	0.017	1659.92	1639.28	60	9422	
0.4	5.4	36	621	13	3	3	180	3	180	0.00533333	0.00404145	0.003	0.01	60	0	60	60	
0.4	5.4	49	622	12	3	106	241578	106	241578	0.00828302	0.00332023	0.003	0.017	2279.04	1655.26	28	9422	
0.4	5.4	7	623	9	3	112	285967	112	285967	0.0071875	0.003573	0.003	0.017	2553.28	1898.04	60	8873	
0.4	5.4	39	626	30	3	1	60	1	60	0.01	0	0.01	0.01	60	0	60	60	
0.4	5.4	41	627	2	3	91	109205	90	108021	0.00634444	0.00422715	0.003	0.017	1200.23	996.349	13	5432	
0.4	5.4	49	628	2	3	3	180	3	180	0.00766667	0.00404145	0.003	0.01	60	0	60	60	
0.4	5.4	4	631	8	3	1	60	1	60	0.01	0	0.01	0.01	60	0	60	60	
0.4	5.4	39	634	62	3	2	120	2	120	0.003	0	0.003	0.003	60	0	60	60	
0.4	5.4	53	636	22	3	65	133988	65	133988	0.003	0	0.003	0.003	2061.35	2068.55	60	9422	
0.4	5.4	19	638	19	3	182	384897	182	384897	0.0065	0.00387619	0.003	0.017	2114.82	2051.8	29	9422	
0.4	5.4	48	639	10	3	43	117440	43	117440	0.003	0	0.003	0.003	2731.16	2548.61	60	9422	
0.4	5.4	38	640	27	3	224	313991	224	313991	0.005625	0.00382258	0.003	0.017	1401.75	1350.36	60	9422	
0.4	5.4	39	641	53	3	1	60	1	60	0.01	0	0.01	0.01	60	0	60	60	
0.4	5.4	3	644	14	3	62	114339	62	114339	0.00796774	0.00344497	0.003	0.017	1844.18	2027.17	60	9422	
0.4	5.4	39	645	54	3	1	60	1	60	0.003	0	0.003	0.003	60	0	60	60	
0.4	5.4	52	646	58	3	109	148773	109	148773	0.003	0	0.003	0.003	1364.89	1122.96	32	5324	
0.4	5.4	2	650	36	3	43	85339	43	85339	0.00674419	0.00353279	0.003	0.01	1984.63	2105.36	60	9422	
0.4	5.4	46	652	4	3	140	404972	140	404972	0.0066	0.00351113	0.003	0.01	2892.66	2279.75	60	9422	
0.4	5.4	53	654	2	3	124	214654	124	214654	0.00604839	0.00359732	0.003	0.017	1731.08	1353.25	10	7690	
0.4	5.4	24	656	15	3	122	482897	122	482897	0.00322951	0.00125169	0.003	0.01	3958.17	2311.03	60	9422	
0.4	5.4	10	657	3	3	74	165221	73	162854	0.0089452	0.00301335	0.003	0.017	2230.88	1946.77	13	9422	
0.4	5.4	55	658	2	3	145	445817	145	445817	0.0044	0.00346089	0.003	0.017	3074.6	2366.59	60	9422	
0.4	5.4	52	660	48	3	139	164766	139	164766	0.0056187	0.00339948	0.003	0.01	1185.37	1163.05	4	7708	
0.4	5.4	41	661	6	3	1	60	1	60	0.01	0	0.01	0.01	60	0	60	60	
0.4	5.4	13	662	40	3	130	304294	131	306069	0.00663359	0.00401192	0.003	0.017	2336.4	1955.16	28	9422	
0.4	5.4	38	664	23	3	195	457429	195	457429	0.00547692	0.00335575	0.003	0.01	2345.79	2081.97	60	9422	
0.4	5.4	7	665	17	3	19	23207	19	23207	0.00373684	0.00220711	0.003	0.01	1221.42	923.053	60	3550	
0.4	5.4	25	667	14	3	157	474084	157	474084	0.00509554	0.00321611	0.003	0.01	3019.64	2065.08	60	9422	
0.4	5.4	43	668	3	3	141	498526	141	498526	0.00761702	0.00332879	0.003	0.01	3535.65	2493.15	45	9422	
0.4	5.4	15	669	5	3	66	137417	66	137417	0.00618182	0.00351222	0.003	0.01	2082.08	1674.31	36	8873	
0.4	5.4	37	670	51	3	11	7816	11	7816	0.00936364	0.00377552	0.003	0.017	710.545	416.976	60	1184	
0.4	5.4	39	671	69	3	136	118578	134	117984	0.00561194	0.00380722	0.003	0.017	880.478	670.466	60	4395	
0.4	5.4	45	674	10	3	50	89489	50	89489	0.00706	0.00348999	0.003	0.01	1789.78	1496.53	60	7099	
0.4	5.4	54	675	13	3	100	343502	100	343502	0.003	0	0.003	0.003	3435.02	2329.83	60	9422	
0.4	5.4	15	677	11	3	190	455826	190	455826	0.0083421	0.00402029	0.003	0.017	2399.08	1917.03	60	9422	
0.4	5.4	9	678	7	3	146	659240	146	659240	0.003	0	0.003	0.003	4515.34	2826.3	45	9422	
0.4	5.4	48	680	6	3	1	60	1	60	0.01	0	0.01	0.01	60	0	60	60	
0.4	5.4	30	682	8	3	123	484204	123	484204	0.00965854	0.00151403	0.003	0.01	3936.62	2557.82	60	9422	
0.4	5.4	39	685	8	3	3	180	3	180	0.00766667	0.00404145	0.003	0.01	60	0	60	60	
0.4	5.4	41	686	63	3	107	184825	107	184825	0.00542056	0.00334505	0.003	0.01	1727.34	1610.6	16	9422	
0.4	5.4	57	687	1	3	2	120	2	120	0.0065	0.00494975	0.003	0.01	60	0	60	60	
0.4	5.4	47	688	1	3	44	108516	44	108516	0.00729545	0.00376384	0.003	0.017	2466.27	2503.88	60	9422	
0.4	5.4	33	691	19	3	181	538915	181	538915	0.00709945	0.00361187	0.003	0.017	2977.43	2322.93	60	9422	
0.4	5.4	39	694	13	3	3	180	3	180	0.00533333	0.00404145	0.003	0.01	60	0	60	60	
0.4	5.4	25	695	20	3	167	378411	167	378411	0.00681437	0.00349634	0.003	0.01	2265.93	1602.96	36	7708	
0.4	5.4	48	696	8	3	58	139762	58	139762	0.00831034	0.0030216	0.003	0.01	2409.69	2308.88	13	9422	
0.4	5.4	25	697	8	3	50	104381	50	104381	0.00566	0.0034322	0.003	0.01	2087.62	2020.23	60	9422	
0.4	5.4	57	698	19	3	21	59937	21	59937	0.00633333	0.00358236	0.003	0.01	2854.14	2507.53	60	7708	
0.4	5.4	12	699	4	3	89	187144	89	187144	0.00598876	0.00393266	0.003	0.017	2102.74	1830.47	60	8282	
0.4	5.4	13	701	30	3	154	469124	154	469124	0.00640909	0.00360032	0.003	0.017	3046.26	2366.2	60	9422	
0.4	5.4	42	702	16	3	4	240	4	240	0.00825	0.0035	0.003	0.01	60	0	60	60	
0.4	5.4	37	703	63	3	119	254027	119	254027	0.00547059	0.00423429	0.003	0.017	2134.68	1847.98	60	9422	
0.4	5.4	27	704	1	3	29	85912	29	85912	0.00806896	0.00318401	0.003	0.01	2962.48	2487.83	36	9422	
0.4	5.4	32	705	11	3	210	865900	210	865900	0.00356667	0.0019139	0.003	0.01	4123.33	2768.75	45	9422	
0.4	5.4	2	707	15	3	54	48687	54	48687	0.00753704	0.00433378	0.003	0.017	901.611	534.953	21	2686	
0.4	5.4	25	709	9	3	92	126201	92	126201	0.00771739	0.00429241	0.003	0.017	1371.75	1373.22	60	7099	
0.4	5.4	47	710	12	3	159	532651	159	532651	0.00489308	0.00311913	0.003	0.01	3350.01	1958.84	45	9422	
0.4	5.4	11	711	14	3	47	133839	47	133839	0.00627659	0.00353062	0.003	0.01	2847.64	2375.9	60	9422	
0.4	5.4	55	712	11	3	6	360	6	360	0.00533333	0.00361478	0.003	0.01	60	0	60	60	
0.4	5.4	52	713	13	3	1	60	1	60	0.003	0	0.003	0.003	60	0	60	60	
0.4	5.4	57	715	8	3	2	120	2	120	0.0065	0.00494975	0.003	0.01	60	0	60	60	
0.4	5.4	7	717	20	3	64	141015	64	141015	0.00759375	0.00335099	0.003	0.01	2203.36	2320.42	45	9422	
0.4	5.4	37	721	3	3	2	120	2	120	0.0065	0.00494975	0.003	0.01	60	0	60	60	
0.4	5.4	35	722	15	3	16	56323	16	56323	0.01	0	0.01	0.01	3520.19	3005.88	60	9422	
0.4	5.4	17	723	15	3	1	60	1	60	0.01	0	0.01	0.01	60	0	60	60	
0.4	5.4	37	724	10	3	218	453583	216	444118	0.00465278	0.00297974	0.003	0.01	2056.1	1637.28	46	9422	
0.4	5.4	21	725	12	3	9	12544	9	12544	0.00377778	0.00233333	0.003	0.01	1393.78	1055.31	60	3550	
0.4	5.4	21	727	18	3	33	48894	33	48894	0.00554545	0.00422116	0.003	0.017	1481.64	1595.86	60	7099	
0.4	5.4	39	728	15	3	2	120	2	120	0.0065	0.00494975	0.003	0.01	60	0	60	60	
0.4	5.4	46	730	19	3	72	224357	72	224357	0.00523611	0.00328673	0.003	0.01	3116.07	2174.36	36	9422	
0.4	5.4	47	732	9	3	68	173508	68	173508	0.003	0	0.003	0.003	2551.59	1671.71	60	5916	
0.4	5.4	39	733	42	3	304	682698	305	684414	0.00451475	0.00288724	0.003	0.01	2243.98	1699.34	48	9422	
0.4	5.4	3	734	22	3	60	122629	59	121945	0.00750847	0.00384785	0.003	0.017	2066.86	1503.8	60	7099	
0.4	5.4	39	736	51	3	1	60	1	60	0.003	0	0.003	0.003	60	0	60	60	
0.4	5.4	17	737	9	3	152	533818	152	533818	0.00488816	0.00311703	0.003	0.01	3511.96	2521.82	36	9422	
0.4	5.4	57	738	2	3	116	170028	116	170028	0.00806896	0.00457731	0.003	0.024	1465.76	1403.38	30	7099	
0.4	5.4	43	739	21	3	73	273454	73	273454	0.00578082	0.00344902	0.003	0.01	3745.95	2149.63	60	9422	
0.4	5.4	13	740	1	3	94	176467	94	176467	0.00582979	0.00345365	0.003	0.01	1877.31	1513.41	60	7099	
0.4	5.4	8	741	39	3	158	234141	158	234141	0.00667721	0.00415813	0.003	0.017	1481.91	1564.14	51	9422	
0.4	5.4	16	745	7	3	30	88281	30	88281	0.00393333	0.00242022	0.003	0.01	2942.7	2209.37	60	9422	
0.4	5.4	32	746	16	3	70	274650	70	274650	0.0041	0.00256594	0.003	0.01	3923.57	2574.17	60	9422	
0.4	5.4	49	747	15	3	101	327907	100	324357	0.00867	0.00309791	0.003	0.017	3243.57	2118.31	60	9422	
0.4	5.4	34	748	11	3	232	284898	232	284898	0.00577586	0.00361236	0.003	0.017	1228.01	1134.63	52	6624	
0.4	5.4	26	749	18	3	3	180	3	180	0.00766667	0.00404145	0.003	0.01	60	0	60	60	
0.4	5.4	46	751	15	3	3	180	3	180	0.00533333	0.00404145	0.003	0.01	60	0	60	60	
0.4	5.4	44	752	16	3	178	520338	177	519746	0.00651977	0.00350987	0.003	0.01	2936.42	2251.8	36	9422	
0.4	5.4	29	753	4	3	110	492335	110	492335	0.003	0	0.003	0.003	4475.77	2124.82	60	9422	
0.4	5.4	20	754	9	3	25	53971	25	53971	0.00608	0.00354636	0.003	0.01	2158.84	1975.08	60	7099	
0.4	5.4	52	755	60	3	4	3667	4	3667	0.01	0	0.01	0.01	916.75	733.545	60	1775	
0.4	5.4	31	756	9	3	1	60	1	60	0.003	0	0.003	0.003	60	0	60	60	
0.4	5.4	54	759	2	3	58	140360	58	140360	0.00927586	0.00215042	0.003	0.01	2420	2006.77	60	9422	
0.4	5.4	18	760	6	3	90	275843	91	277618	0.00661538	0.00351748	0.003	0.01	3050.75	2393.29	60	9422	
0.4	5.4	52	762	4	3	111	164116	111	164116	0.00482883	0.0030892	0.003	0.01	1478.52	1414.68	18	9422	
0.4	5.4	28	763	5	3	183	415533	183	415533	0.00759016	0.00333501	0.003	0.01	2270.67	1822.34	36	9422	
0.4	5.4	20	764	3	3	87	187833	87	187833	0.00613793	0.0035014	0.003	0.01	2159	1853.86	60	9422	
0.4	5.4	53	765	1	3	195	403767	196	406725	0.00689286	0.00355813	0.003	0.017	2075.13	1617.45	57	9422	
0.4	5.4	37	766	56	3	173	256072	173	256072	0.00652023	0.00366883	0.003	0.017	1480.18	1323.9	60	9422	
0.4	5.4	2	767	27	3	43	51616	43	51616	0.00788372	0.00419302	0.003	0.017	1200.37	927.4	60	4296	
0.4	5.4	18	768	17	3	69	107331	69	107331	0.00837681	0.00467189	0.003	0.017	1555.52	1332.46	13	5324	
0.4	5.4	20	769	17	3	192	659959	193	667058	0.0065544	0.00350868	0.003	0.01	3456.26	2606.9	18	9422	
0.4	5.4	41	771	40	3	45	64642	46	66417	0.00710869	0.00378434	0.003	0.017	1443.85	1087.34	60	5075	
0.4	5.4	22	773	5	3	153	577808	152	570118	0.00774342	0.0032825	0.003	0.01	3750.78	2608.1	36	9422	
0.4	5.4	8	775	8	3	23	33974	23	33974	0.00695652	0.00354809	0.003	0.01	1477.13	1217.19	60	3550	
0.4	5.4	39	776	80	3	1	60	1	60	0.01	0	0.01	0.01	60	0	60	60	
0.4	5.4	32	777	8	3	150	405457	150	405457	0.00659333	0.00360294	0.003	0.017	2703.05	1700.8	60	9422	
0.4	5.4	27	781	4	3	43	82378	43	82378	0.00658139	0.00441983	0.003	0.017	1915.77	1599.92	60	8531	
0.4	5.4	3	785	20	3	47	115516	48	116688	0.00708333	0.00429167	0.003	0.017	2431	1659.34	60	7099	
0.4	5.4	7	786	24	3	25	62256	25	62256	0.003	0	0.003	0.003	2490.24	1822.43	60	7099	
0.4	5.4	53	787	8	3	127	223405	127	223405	0.00691338	0.00400798	0.003	0.017	1759.09	1612.19	60	8873	
0.4	5.4	55	788	43	3	7	8992	7	8992	0.008	0.00665833	0.003	0.017	1284.57	692.459	60	1775	
0.4	5.4	20	789	18	3	48	120822	48	120822	0.003875	0.00233953	0.003	0.01	2517.12	1668.12	60	6507	
0.4	5.4	52	790	59	3	1	60	1	60	0.003	0	0.003	0.003	60	0	60	60	
0.4	5.4	42	791	7	3	88	288544	88	288544	0.00379545	0.00223431	0.003	0.01	3278.91	2578.39	60	9422	
0.4	5.4	41	793	28	3	1	60	1	60	0.01	0	0.01	0.01	60	0	60	60	
0.4	5.4	2	794	12	3	138	297801	138	297801	0.00665217	0.00370766	0.003	0.017	2157.98	1981.15	45	9422	
0.4	5.4	57	795	22	3	4	3667	4	3667	0.003	0	0.003	0.003	916.75	733.545	60	1775	
0.4	5.4	46	797	13	3	1	60	1	60	0.01	0	0.01	0.01	60	0	60	60	
0.4	5.4	44	798	18	3	54	121542	53	120358	0.00643396	0.00353286	0.003	0.01	2270.91	1828.45	60	8873	
0.4	5.4	41	800	30	3	68	132692	68	132692	0.00516176	0.0032581	0.003	0.01	1951.35	1271.3	60	4733	
0.4	5.4	12	804	25	3	173	567072	173	567072	0.00587283	0.00345335	0.003	0.01	3277.87	2222.18	60	9422	
0.4	5.4	42	806	15	3	2	120	2	120	0.01	0	0.01	0.01	60	0	60	60	
0.4	5.4	3	807	7	3	1	60	1	60	0.003	0	0.003	0.003	60	0	60	60	
0.4	5.4	34	808	5	3	238	228725	238	228725	0.00655882	0.00410448	0.003	0.017	961.029	706.005	60	5324	
0.4	5.4	42	809	4	3	50	166368	50	166368	0.003	0	0.003	0.003	3327.36	2578.9	60	9422	
0.4	5.4	24	810	10	3	91	307782	91	307782	0.00715385	0.00345743	0.003	0.01	3382.22	2227.63	60	9422	
0.4	5.4	51	812	19	3	170	399157	170	399157	0.0058	0.00343942	0.003	0.01	2347.98	1878.59	38	9422	
0.4	5.4	11	813	13	3	83	227443	83	227443	0.00443373	0.00284216	0.003	0.01	2740.28	2282.7	60	9422	
0.4	5.4	37	814	59	3	17	16693	17	16693	0.003	0	0.003	0.003	981.941	524.626	60	1775	
0.4	5.4	35	815	16	3	130	528021	130	528021	0.00919231	0.00224505	0.003	0.01	4061.7	2558.17	60	9422	
0.4	5.4	9	817	9	3	125	318124	125	318124	0.005576	0.00361508	0.003	0.017	2544.99	2064.55	45	9422	
0.4	5.4	14	818	14	3	38	105435	38	105435	0.0048421	0.00312381	0.003	0.01	2774.61	2574.01	36	9422	
0.4	5.4	6	819	7	3	213	699156	214	701523	0.00741589	0.00351922	0.003	0.017	3278.14	2327.92	28	9422	
0.4	5.4	21	820	20	3	1	60	1	60	0.01	0	0.01	0.01	60	0	60	60	
0.4	5.4	40	821	4	3	154	645492	154	645492	0.00763636	0.00332119	0.003	0.01	4191.51	2593.24	36	9422	
0.4	5.4	39	822	81	3	4	240	4	240	0.0065	0.00404145	0.003	0.01	60	0	60	60	
0.4	5.4	27	824	21	3	11	21419	11	21419	0.00618182	0.00365563	0.003	0.01	1947.18	1515.34	60	5324	
0.4	5.4	39	826	47	3	2	120	2	120	0.0065	0.00494975	0.003	0.01	60	0	60	60	
0.4	5.4	1	829	7	3	90	333915	90	333915	0.00782222	0.00325879	0.003	0.01	3710.17	2194.43	60	9422	
0.4	5.4	8	830	24	3	38	74096	38	74096	0.00447368	0.00289208	0.003	0.01	1949.89	1425.37	45	7690	
0.4	5.4	52	831	23	3	89	75509	89	75509	0.0055955	0.00356026	0.003	0.017	848.416	622.932	47	2422	
0.4	5.4	36	833	14	3	100	212000	100	212000	0.00678	0.00350636	0.003	0.01	2120	1775.87	60	9422	
0.4	5.4	37	834	57	3	29	62836	29	62836	0.00637931	0.00355983	0.003	0.01	2166.76	2119.22	60	8873	
0.4	5.4	47	836	11	3	1	60	1	60	0.003	0	0.003	0.003	60	0	60	60	
0.4	5.4	6	837	2	3	132	435714	132	435714	0.00310606	0.000858345	0.003	0.01	3300.86	2680.4	45	9422	
0.4	5.4	42	838	17	3	146	411525	145	411465	0.00782759	0.00324967	0.003	0.01	2837.69	2104.98	60	9422	
0.4	5.4	57	839	16	3	198	364876	198	364876	0.00607576	0.0035537	0.003	0.017	1842.81	1837.1	60	9422	
0.4	5.4	38	841	4	3	172	334630	173	335405	0.00813873	0.00344953	0.003	0.017	1938.76	1532.35	28	7690	
0.4	5.4	15	843	19	3	127	365805	127	365805	0.00366142	0.00205566	0.003	0.01	2880.35	1665.54	60	9422	
0.4	5.4	31	845	3	3	73	209583	73	209583	0.003	0	0.003	0.003	2871	1990.35	45	9422	
0.4	5.4	38	846	14	3	247	361977	247	361977	0.00657085	0.00413222	0.003	0.017	1465.49	1326.95	29	9422	
0.4	5.4	12	847	3	3	130	477622	130	477622	0.00633846	0.0035098	0.003	0.01	3674.02	2328.62	60	9422	
0.4	5.4	16	848	4	3	84	265187	83	264255	0.003	0	0.003	0.003	3183.8	1597.15	60	7690	
0.4	5.4	23	849	6	3	40	89468	40	89468	0.004225	0.00269365	0.003	0.01	2236.7	2069.8	60	9422	
0.4	5.4	52	850	17	3	1	60	1	60	0.003	0	0.003	0.003	60	0	60	60	
0.4	5.4	37	852	27	3	89	123856	89	123856	0.00614607	0.00395012	0.003	0.017	1391.64	1431.98	60	9422	
0.4	5.4	25	853	4	3	68	171133	68	171133	0.00608823	0.00350154	0.003	0.01	2516.66	1726.7	60	8282	
0.4	5.4	2	854	1	3	141	529144	141	529144	0.00314894	0.00101374	0.003	0.01	3752.79	2441.54	45	9422	
0.4	5.4	34	855	1	3	200	302606	200	302606	0.006395	0.0035072	0.003	0.01	1513.03	1033.26	28	9422	
0.4	5.4	39	857	72	3	237	272092	237	272092	0.0053038	0.00371103	0.003	0.017	1148.07	981.404	60	4736	
0.4	5.4	45	858	5	3	47	115501	46	114317	0.00330435	0.00144329	0.003	0.01	2485.15	2185.61	60	9422	
0.4	5.4	1	859	9	3	38	64617	38	64617	0.00926316	0.00316812	0.003	0.017	1700.45	2372.5	60	9422	
0.4	5.4	36	862	4	3	77	197273	77	197273	0.00745454	0.00357456	0.003	0.017	2561.99	1829.52	60	8873	
0.4	5.4	46	863	18	3	74	196559	74	196559	0.00886486	0.00259781	0.003	0.01	2656.2	1890.86	60	9422	
0.4	5.4	55	866	9	3	3	180	3	180	0.0123333	0.00404145	0.01	0.017	60	0	60	60	
0.4	5.4	41	869	8	3	1	60	1	60	0.017	0	0.017	0.017	60	0	60	60	
0.4	5.4	46	870	5	3	52	106037	52	106037	0.00717308	0.00346818	0.003	0.01	2039.17	1777.62	36	7897	
0.4	5.4	26	871	3	3	112	307811	112	307811	0.00725	0.00343406	0.003	0.01	2748.31	1846.09	36	9422	
0.4	5.4	41	872	15	3	268	398542	269	399726	0.00609665	0.00388044	0.003	0.017	1485.97	1382.05	8	9422	
0.4	5.4	38	873	11	3	257	356744	257	356744	0.00659533	0.00410883	0.003	0.017	1388.11	1088.42	4	5324	
0.4	5.4	51	874	21	3	43	71163	43	71163	0.00755814	0.0052658	0.003	0.017	1654.95	1127.07	60	5324	
0.4	5.4	30	876	6	3	40	146964	40	146964	0.01	0	0.01	0.01	3674.1	2865.53	60	9422	
0.4	5.4	41	878	41	3	30	27472	30	27472	0.00673333	0.00440167	0.003	0.017	915.733	542.599	43	2367	
0.4	5.4	28	879	12	3	42	75392	41	74800	0.00368293	0.00210284	0.003	0.01	1824.39	1912.87	60	9422	
0.4	5.4	41	880	16	3	2	120	2	120	0.0065	0.00494975	0.003	0.01	60	0	60	60	
0.4	5.4	26	881	10	3	148	331633	148	331633	0.00758784	0.00343636	0.003	0.017	2240.76	2099.46	45	9422	
0.4	5.4	41	882	20	3	126	189671	126	189671	0.00666667	0.00361994	0.003	0.017	1505.33	1128.43	32	6507	
0.4	5.4	39	883	20	3	1	60	1	60	0.01	0	0.01	0.01	60	0	60	60	
0.4	5.4	9	884	11	3	19	39173	19	39173	0.00815789	0.00457363	0.003	0.017	2061.74	2578.05	60	9422	
0.4	5.4	45	886	15	3	137	518630	137	518630	0.003	0	0.003	0.003	3785.62	2931.55	45	9422	
0.4	5.4	19	888	26	3	159	568714	159	568714	0.00427673	0.0027117	0.003	0.01	3576.82	2180.91	60	9422	
0.4	5.4	50	891	4	3	83	294294	83	294294	0.00628916	0.00351488	0.003	0.01	3545.71	3228.03	45	9422	
0.4	5.4	37	892	24	3	135	393865	135	393865	0.003	0	0.003	0.003	2917.52	2259.75	45	9422	
0.4	5.4	40	894	13	3	119	528444	119	528444	0.00623529	0.00350473	0.003	0.01	4440.71	2829.4	45	9422	
0.4	5.4	2	895	30	3	173	555373	173	555373	0.003	0	0.003	0.003	3210.25	2512.87	45	9422	
0.4	5.4	54	896	16	3	141	457610	141	457610	0.00811347	0.00311699	0.003	0.01	3245.46	2502.23	36	9422	
0.4	5.4	26	897	13	3	93	226761	93	226761	0.00811828	0.00359604	0.003	0.017	2438.29	1794.01	60	8873	
0.4	5.4	32	898	20	3	89	263424	89	263424	0.00480899	0.00308175	0.003	0.01	2959.82	1766.83	60	7099	
0.4	5.4	26	899	15	3	129	462336	130	464111	0.00429231	0.0027264	0.003	0.01	3570.08	2360.15	45	9422	
0.4	5.4	46	901	10	3	2	120	2	120	0.01	0	0.01	0.01	60	0	60	60	
0.4	5.4	7	906	7	3	40	71737	40	71737	0.007725	0.00332039	0.003	0.01	1793.42	1206.94	60	5324	
0.4	5.4	37	908	37	3	17	18464	17	18464	0.00588235	0.0035511	0.003	0.01	1086.12	716.293	60	2958	
0.4	5.4	31	909	6	3	163	575430	163	575430	0.00699386	0.00347566	0.003	0.01	3530.25	2604.28	36	9422	
0.4	5.4	33	910	8	3	91	219181	91	219181	0.00676923	0.00350896	0.003	0.01	2408.58	1835.45	36	9422	
0.4	5.4	45	912	3	3	2	120	2	120	0.0065	0.00494975	0.003	0.01	60	0	60	60	
0.4	5.4	54	913	14	3	49	131007	49	131007	0.00685714	0.00351781	0.003	0.01	2673.61	2231.02	60	9422	
0.4	5.4	4	914	21	3	8	9586	8	9586	0.007375	0.00362284	0.003	0.01	1198.25	722.278	60	2196	
0.4	5.4	45	915	19	3	113	341640	113	341640	0.00442478	0.00283097	0.003	0.01	3023.36	2093.54	45	9422	
0.4	5.4	23	916	7	3	80	167588	80	167588	0.0085125	0.003284	0.003	0.017	2094.85	1837.32	60	9422	
0.4	5.4	48	917	16	3	51	103676	50	102492	0.00734	0.0034322	0.003	0.01	2049.84	1137.05	60	5324	
0.4	5.4	39	920	7	3	205	226336	205	226336	0.00586829	0.00345095	0.003	0.01	1104.08	802.152	60	6882	
0.4	5.4	34	922	41	3	98	181839	98	181839	0.00307143	0.000707107	0.003	0.01	1855.5	1502.62	60	9422	
0.4	5.4	37	924	16	3	3	180	3	180	0.01	0	0.01	0.01	60	0	60	60	
0.4	5.4	39	926	64	3	1	60	1	60	0.003	0	0.003	0.003	60	0	60	60	
0.4	5.4	13	927	32	3	1	60	1	60	0.003	0	0.003	0.003	60	0	60	60	
0.4	5.4	37	928	8	3	192	240073	192	240073	0.00598958	0.00347163	0.003	0.01	1250.38	926.476	60	7690	
0.4	5.4	11	929	9	3	24	53959	24	53959	0.00620833	0.00356284	0.003	0.01	2248.29	2714.89	60	9422	
0.4	5.4	53	931	4	3	134	227418	134	227418	0.00681343	0.00425886	0.003	0.017	1697.15	1807.23	58	9422	
0.4	5.4	39	932	10	3	1	60	1	60	0.01	0	0.01	0.01	60	0	60	60	
0.4	5.4	43	936	15	3	147	584180	148	588575	0.00720946	0.00343898	0.003	0.01	3976.86	2789.62	45	9422	
0.4	5.4	45	939	23	3	36	74090	36	74090	0.00844444	0.003783	0.003	0.017	2058.06	1248.84	60	5324	
0.4	5.4	30	941	2	3	11	35024	11	35024	0.003	0	0.003	0.003	3184	2995.59	60	9422	
0.4	5.4	8	943	9	3	87	131506	87	131506	0.00678161	0.00350888	0.003	0.01	1511.56	1374.07	60	8873	
0.4	5.4	26	944	4	3	2	120	2	120	0.01	0	0.01	0.01	60	0	60	60	
0.4	5.4	2	945	6	3	68	122319	67	121727	0.00655224	0.00352602	0.003	0.01	1816.82	1642.12	56	9422	
0.4	5.4	44	946	5	3	22	55853	22	55853	0.00490909	0.0031909	0.003	0.01	2538.77	2329.25	60	9422	
0.4	5.4	39	948	18	3	9	540	9	540	0.00533333	0.0035	0.003	0.01	60	0	60	60	
0.4	5.4	13	950	9	3	130	525981	130	525981	0.003	0	0.003	0.003	4046.01	2519.8	45	9422	
0.4	5.4	13	954	38	3	158	461789	158	461789	0.0053481	0.00331552	0.003	0.01	2922.72	2186.9	45	9422	
0.4	5.4	56	957	21	3	164	594743	163	593559	0.00742331	0.00338642	0.003	0.01	3641.47	2577.48	45	9422	
0.4	5.4	1	958	10	3	40	96027	40	96027	0.009125	0.00234452	0.003	0.01	2400.68	2207.24	60	9422	
0.4	5.4	38	960	13	3	213	268541	213	268541	0.00618779	0.00404601	0.003	0.017	1260.76	1470.75	60	9422	
0.4	5.4	52	962	3	3	115	84430	115	84430	0.00561739	0.0039837	0.003	0.017	734.174	888.207	5	5916	
0.4	5.4	48	965	1	3	107	465739	107	465739	0.00627103	0.00350894	0.003	0.01	4352.7	3205.36	45	9422	
0.4	5.4	38	966	2	3	130	352219	131	353403	0.00540458	0.00333692	0.003	0.01	2697.73	2131.04	4	9422	
0.4	5.4	44	974	1	3	46	103673	46	103673	0.00802174	0.00408514	0.003	0.017	2253.76	2439.24	45	9422	
0.4	5.4	18	975	8	3	266	641875	267	642467	0.00693258	0.00378401	0.003	0.017	2406.24	1578.85	36	7690	
0.4	5.4	16	976	6	3	156	560532	156	560532	0.00587179	0.00345425	0.003	0.01	3593.15	3059.27	45	9422	
0.4	5.4	10	977	18	3	2	120	2	120	0.0065	0.00494975	0.003	0.01	60	0	60	60	
0.4	5.4	39	980	70	3	1	60	1	60	0.003	0	0.003	0.003	60	0	60	60	
0.4	5.4	39	981	12	3	3	768	3	768	0.003	0	0.003	0.003	256	339.482	60	648	
0.4	5.4	39	982	44	3	10	7816	10	7816	0.0058	0.00361478	0.003	0.01	781.6	576.689	60	1775	
0.4	5.4	3	983	1	3	84	256323	84	256323	0.00875	0.00328881	0.003	0.017	3051.46	1843.27	60	7577	
0.4	5.4	17	984	11	3	69	164620	69	164620	0.003	0	0.003	0.003	2385.8	2012.82	60	9422	
0.4	5.4	45	986	18	3	97	326712	97	326712	0.00480412	0.0030776	0.003	0.01	3368.16	2383.06	45	9422	
0.4	5.4	43	987	22	3	50	123190	50	123190	0.003	0	0.003	0.003	2463.8	2377.74	60	9422	
0.4	5.4	51	989	7	3	183	325064	183	325064	0.00770492	0.00403015	0.003	0.017	1776.31	1375.08	60	7099	
0.4	5.4	39	991	84	3	234	227688	231	226862	0.00590909	0.00380908	0.003	0.017	982.087	1062.14	60	9422	
0.4	5.4	2	992	8	3	3	180	3	180	0.00766667	0.00404145	0.003	0.01	60	0	60	60	
0.4	5.4	53	996	13	3	97	149034	97	149034	0.00675258	0.00404926	0.003	0.017	1536.43	1610.36	60	9422	
0.4	5.4	33	998	17	3	125	305217	125	305217	0.007536	0.00335661	0.003	0.01	2441.74	2275.17	60	9422	
0.4	5.4	37	1000	18	3	1	60	1	60	0.01	0	0.01	0.01	60	0	60	60	
0.4	5.4	47	1001	8	3	30	91825	30	91825	0.0079	0.00326264	0.003	0.01	3060.83	2566.6	60	9422	
0.4	5.4	55	1002	40	3	86	145266	87	147462	0.00686207	0.0039596	0.003	0.017	1694.97	1631.46	8	9422	
0.4	5.4	33	1004	5	3	67	172910	67	172910	0.0062388	0.00351658	0.003	0.01	2580.75	2358.46	60	9422	
0.4	5.4	25	1005	5	3	126	233432	126	233432	0.00672222	0.00361694	0.003	0.017	1852.63	1567.19	60	9422	
0.4	5.4	22	1006	8	3	160	649193	160	649193	0.00313125	0.000952467	0.003	0.01	4057.46	2633.33	45	9422	
0.4	5.4	22	1007	3	3	50	130301	50	130301	0.00916	0.00229783	0.003	0.01	2606.02	1613.2	60	5916	
0.4	5.4	17	1010	8	3	38	75870	37	73503	0.00772973	0.00332205	0.003	0.01	1986.57	1587.18	60	7690	
0.4	5.4	2	1014	28	3	68	196095	68	196095	0.003	0	0.003	0.003	2883.75	2601.02	4	9422	
0.4	5.4	2	1015	14	3	72	125215	72	125215	0.00455555	0.0029306	0.003	0.01	1739.1	1506.85	60	7690	
0.4	5.4	37	1016	35	3	1	60	1	60	0.003	0	0.003	0.003	60	0	60	60	
0.4	5.4	37	1017	38	3	149	283150	149	283150	0.00642953	0.00378342	0.003	0.017	1900.34	1458.03	60	7186	
0.4	5.4	57	1018	18	3	61	111380	61	111380	0.003	0	0.003	0.003	1825.9	1479.39	60	9422	
0.4	5.4	56	1019	9	3	115	478760	115	478760	0.003	0	0.003	0.003	4163.13	2326.99	45	9422	
0.4	5.4	10	1020	9	3	67	271091	67	271091	0.00540298	0.00334872	0.003	0.01	4046.13	2739.31	45	9422	
0.4	5.4	11	1021	21	3	118	373425	119	374609	0.00505882	0.003203	0.003	0.01	3147.97	2005.37	60	9422	
0.4	5.4	45	1022	1	3	135	286563	135	284106	0.00818518	0.00362451	0.003	0.017	2104.49	1719.95	50	9422	
0.4	5.4	32	1024	21	3	108	424440	108	424440	0.00643518	0.00351571	0.003	0.01	3930	2481.63	60	9422	
0.4	5.4	12	1027	6	3	160	439485	159	434581	0.00568553	0.00350432	0.003	0.017	2733.21	1646.94	36	7099	
0.4	5.4	4	1028	3	3	1	60	1	60	0.01	0	0.01	0.01	60	0	60	60	
0.4	5.4	29	1029	18	3	122	481234	122	481234	0.003	0	0.003	0.003	3944.54	2274.3	45	9422	
0.4	5.4	13	1030	33	3	16	16100	16	16100	0.00825	0.00404145	0.003	0.017	1006.25	409.528	60	1775	
0.4	5.4	41	1033	23	3	1	60	1	60	0.003	0	0.003	0.003	60	0	60	60	
0.4	5.4	18	1034	4	3	117	406028	117	406028	0.00329914	0.0014219	0.003	0.01	3470.32	2048.12	60	9422	
0.4	5.4	34	1035	47	3	337	304000	337	304000	0.00665579	0.0043219	0.003	0.024	902.077	722.843	14	5121	
0.4	5.4	25	1036	2	3	105	235653	105	235653	0.0066	0.00351535	0.003	0.01	2244.31	1393.12	60	7708	
0.4	5.4	7	1037	3	3	135	325113	136	328071	0.00763235	0.00363687	0.003	0.017	2412.29	2017.94	60	9422	
0.4	5.4	49	1039	9	3	40	120881	40	120881	0.006325	0.00354015	0.003	0.01	3022.03	2192.9	36	9422	
0.4	5.4	37	1044	6	3	2	120	2	120	0.0065	0.00494975	0.003	0.01	60	0	60	60	
0.4	5.4	23	1045	15	3	14	40348	14	40348	0.004	0.00254196	0.003	0.01	2882	2761.85	60	8873	
0.4	5.4	41	1046	10	3	1	60	1	60	0.003	0	0.003	0.003	60	0	60	60	
0.4	5.4	38	1047	15	3	99	320827	99	320827	0.00582828	0.00411329	0.003	0.017	3240.68	2251.69	60	9422	
0.4	5.4	7	1048	18	3	1	60	1	60	0.01	0	0.01	0.01	60	0	60	60	
0.4	5.4	13	1049	2	3	179	566980	179	566980	0.00597207	0.00346966	0.003	0.01	3167.49	2129.18	37	9422	
0.4	5.4	22	1050	10	3	67	137513	67	137513	0.00916418	0.00228697	0.003	0.01	2052.43	2788.84	60	9422	
0.4	5.4	34	1052	3	3	1	60	1	60	0.01	0	0.01	0.01	60	0	60	60	
0.4	5.4	39	1056	4	3	308	350042	306	348264	0.00647712	0.00377061	0.003	0.017	1138.12	896.677	31	5861	
0.4	5.4	39	1057	75	3	393	456399	393	456399	0.0058855	0.0038604	0.003	0.017	1161.32	903.432	13	9422	
0.4	5.4	13	1058	3	3	190	632141	190	632141	0.00417895	0.0026266	0.003	0.01	3327.06	2212.96	23	9422	
0.4	5.4	34	1060	14	3	1	592	1	592	0.003	0	0.003	0.003	592	0	592	592	
0.4	5.4	57	1061	20	3	144	342875	144	342875	0.0051875	0.00325591	0.003	0.01	2381.08	1903.83	43	9422	
0.4	5.4	16	1062	3	3	188	744062	188	744062	0.00329787	0.00141671	0.003	0.01	3957.78	2592.32	45	9422	
0.4	5.4	50	1063	12	3	110	368125	110	368125	0.00809091	0.0031318	0.003	0.01	3346.59	2118.74	45	9422	
0.4	5.4	39	1064	66	3	219	398144	219	398144	0.003	0	0.003	0.003	1818.01	1591.93	60	9422	
0.4	5.4	51	1065	20	3	170	456507	170	456507	0.00501765	0.00317995	0.003	0.01	2685.34	2141.85	45	9422	
0.4	5.4	55	1066	28	3	128	140563	128	140563	0.00677344	0.00447075	0.003	0.017	1098.15	1244.55	18	9422	
0.4	5.4	54	1068	19	3	9	9703	9	9703	0.00611111	0.00368932	0.003	0.01	1078.11	1031.62	60	3182	
0.4	5.4	7	1071	12	3	152	659806	153	661581	0.003	0	0.003	0.003	4324.06	2973.1	45	9422	
0.4	5.4	34	1072	25	3	101	165320	101	165320	0.00424752	0.00269223	0.003	0.01	1636.83	1424.74	60	8079	
0.4	5.4	7	1074	16	3	113	334438	113	334438	0.00597345	0.00394711	0.003	0.017	2959.63	2306.74	60	9422	
0.4	5.4	24	1075	7	3	17	52951	15	47987	0.00766667	0.00341565	0.003	0.01	3199.13	2587.72	60	8873	
0.4	5.4	12	1076	17	3	43	59311	43	59311	0.00755814	0.00455288	0.003	0.024	1379.33	1380.09	13	7099	
0.4	5.4	32	1077	2	3	140	324649	140	324649	0.0076	0.00373357	0.003	0.017	2318.92	1637.59	60	9422	
0.4	5.4	18	1079	5	3	72	96138	72	96138	0.00727778	0.00432556	0.003	0.017	1335.25	1135.64	60	6507	
0.4	5.4	49	1081	13	3	60	122617	60	122617	0.00848333	0.00290815	0.003	0.01	2043.62	1880.13	60	9422	
0.4	5.4	49	1082	1	3	2	120	2	120	0.0065	0.00494975	0.003	0.01	60	0	60	60	
0.4	5.4	28	1084	15	3	3	180	3	180	0.00766667	0.00404145	0.003	0.01	60	0	60	60	
0.4	5.4	42	1085	13	3	72	203071	72	203071	0.00397222	0.0024378	0.003	0.01	2820.43	1880.26	60	9422	
0.4	5.4	48	1088	11	3	151	589047	151	589047	0.00735761	0.00340459	0.003	0.01	3900.97	2545.12	45	9422	
0.4	5.4	15	1089	12	3	157	371395	157	371395	0.00763694	0.00341406	0.003	0.017	2365.57	1712.32	28	9422	
0.4	5.4	4	1090	26	3	70	242810	70	242810	0.0077	0.0033116	0.003	0.01	3468.71	2124.19	36	9422	
0.4	5.4	28	1091	18	3	3	180	3	180	0.01	0	0.01	0.01	60	0	60	60	
0.4	5.4	6	1092	10	3	170	543746	170	543746	0.00324706	0.00129547	0.003	0.01	3198.51	2726.1	45	9422	
0.4	5.4	18	1095	16	3	98	317272	98	317272	0.00378571	0.00222103	0.003	0.01	3237.47	2170.45	60	9422	
0.4	5.4	34	1098	26	3	27	45691	27	45691	0.003	0	0.003	0.003	1692.26	1060.15	60	3550	
0.4	5.4	7	1100	1	3	145	308590	145	308590	0.00691034	0.00394567	0.003	0.017	2128.21	1929.69	17	9422	
0.4	5.4	13	1101	39	3	102	176627	102	176627	0.00684314	0.00425137	0.003	0.017	1731.64	1672.36	42	9422	
0.4	5.4	15	1103	8	3	203	600601	204	603559	0.00783823	0.00391641	0.003	0.017	2958.62	2052.4	36	9422	
0.4	5.4	37	1104	15	3	1	60	1	60	0.003	0	0.003	0.003	60	0	60	60	
0.4	5.4	51	1105	11	3	280	684920	281	686191	0.00716014	0.00391873	0.003	0.017	2441.96	2080.3	45	9422	
0.4	5.4	44	1106	15	3	147	661444	147	661444	0.00580952	0.00344295	0.003	0.01	4499.62	2819.52	45	9422	
0.4	5.4	8	1107	1	3	1	60	1	60	0.01	0	0.01	0.01	60	0	60	60	
0.4	5.4	14	1108	5	3	140	373583	140	373583	0.00905	0.002406	0.003	0.01	2668.45	2206.86	45	9422	
0.4	5.4	7	1110	2	3	34	113718	34	113718	0.00320588	0.00120049	0.003	0.01	3344.65	2868.68	60	9422	
0.4	5.4	17	1111	16	3	121	382447	121	382447	0.003	0	0.003	0.003	3160.72	2073.77	60	9422	
0.4	5.4	53	1112	16	3	81	80813	81	80813	0.00628395	0.00400386	0.003	0.017	997.691	931.611	60	4395	
0.4	5.4	52	1113	64	3	262	302275	262	302275	0.00540458	0.00333052	0.003	0.01	1153.72	985.263	36	5324	
0.4	5.4	57	1115	11	3	149	559139	149	559139	0.003	0	0.003	0.003	3752.61	2572.17	45	9422	
0.4	5.4	37	1116	50	3	193	295557	193	295557	0.00564767	0.00355027	0.003	0.017	1531.38	962.906	43	5861	
0.4	5.4	12	1118	2	3	226	646980	226	646980	0.00721239	0.00367925	0.003	0.017	2862.74	2341.6	36	9422	
0.4	5.4	44	1119	8	3	70	162273	71	166668	0.00723944	0.00344535	0.003	0.01	2347.44	1977.58	18	9422	
0.4	5.4	25	1122	12	3	31	96626	30	93076	0.00673333	0.00355191	0.003	0.01	3102.53	2060.9	60	7690	
0.4	5.4	27	1126	16	3	50	120957	50	120957	0.00538	0.00334963	0.003	0.01	2419.14	1379.71	60	4733	
0.4	5.4	11	1127	26	3	22	43311	22	43311	0.0103182	0.00149241	0.01	0.017	1968.68	1399.89	60	5324	
0.4	5.4	24	1129	6	3	73	203082	73	203082	0.00635616	0.00352124	0.003	0.01	2781.95	2024.73	60	9422	
0.4	5.4	19	1130	11	3	16	40353	16	40353	0.003	0	0.003	0.003	2522.06	2921.14	60	9422	
0.4	5.4	41	1131	5	3	180	451632	180	451632	0.00615	0.00364558	0.003	0.017	2509.07	2203.39	26	9422	
0.4	5.4	57	1133	21	3	88	287106	88	287106	0.003	0	0.003	0.003	3262.57	2651.92	45	9422	
0.4	5.4	37	1135	22	3	59	94818	59	94818	0.00632203	0.00352548	0.003	0.01	1607.08	1097.46	60	4904	
0.4	5.4	20	1137	4	3	78	234782	78	234782	0.00578205	0.00344775	0.003	0.01	3010.03	2742.32	60	9422	
0.4	5.4	39	1138	28	3	18	13743	18	13743	0.00611111	0.00430989	0.003	0.017	763.5	383.866	60	1239	
0.4	5.4	11	1140	6	3	88	273479	88	273479	0.005625	0.00340828	0.003	0.01	3107.72	2030.61	60	9422	
0.4	5.4	54	1142	9	3	56	151583	56	151583	0.003	0	0.003	0.003	2706.84	1836.18	60	7099	
0.4	5.4	4	1143	18	3	80	159912	77	156953	0.00836364	0.00338693	0.003	0.017	2038.35	1476.4	60	9422	
0.4	5.4	23	1145	12	3	41	127327	41	127327	0.00709756	0.00349145	0.003	0.01	3105.54	2431.38	60	9422	
0.4	5.4	5	1146	11	3	20	62239	20	62239	0.01	0	0.01	0.01	3111.95	1845.76	60	7099	
0.4	5.4	5	1148	5	3	2	120	2	120	0.0065	0.00494975	0.003	0.01	60	0	60	60	
0.4	5.4	55	1150	44	3	34	36823	34	36823	0.00773529	0.00374416	0.003	0.017	1083.03	462.778	60	1775	
0.4	5.4	5	1151	9	3	100	432491	100	432491	0.00321	0.00120013	0.003	0.01	4324.91	2611.34	45	9422	
0.4	5.4	5	1152	13	3	54	162237	54	162237	0.003	0	0.003	0.003	3004.39	2051.53	60	9422	
0.4	5.4	5	1153	3	3	84	343265	84	343265	0.00308333	0.000763763	0.003	0.01	4086.49	2504.02	45	9422	
0.4	5.4	24	1155	16	3	69	194783	69	192806	0.00837681	0.00297589	0.003	0.01	2794.29	1785.56	60	7690	
0.4	5.4	29	1156	13	3	75	208981	75	208981	0.00925333	0.00217537	0.003	0.01	2786.41	1694.96	36	7099	
0.4	5.4	53	1157	21	3	296	538316	297	539091	0.00740741	0.00448033	0.003	0.024	1815.12	1657.85	36	9422	
0.4	5.4	13	1158	34	3	1	60	1	60	0.01	0	0.01	0.01	60	0	60	60	
0.4	5.4	15	1159	10	3	71	114605	71	114605	0.00743662	0.00413947	0.003	0.017	1614.15	1680.42	60	9422	
0.4	5.4	8	1160	29	3	185	329214	185	329214	0.00701081	0.00362208	0.003	0.017	1779.54	1602.19	19	9422	
0.4	5.4	28	1161	11	3	83	313221	83	313221	0.00662651	0.00351898	0.003	0.01	3773.75	2199.8	45	9422	
0.4	5.4	19	1164	4	3	107	264624	106	261074	0.00729245	0.00355894	0.003	0.017	2462.96	1727.24	60	9422	
0.4	5.4	30	1165	3	3	112	301305	112	301305	0.0075	0.00336918	0.003	0.01	2690.22	2170.34	45	9422	
0.4	5.4	51	1166	14	3	3	180	3	180	0.01	0.007	0.003	0.017	60	0	60	60	
0.4	5.4	29	1167	14	3	125	491781	125	491781	0.004008	0.00246752	0.003	0.01	3934.25	2266.93	45	9422	
0.4	5.4	53	1168	5	3	100	204409	100	204409	0.00881	0.00398658	0.003	0.024	2044.09	1830.51	4	9422	
0.4	5.4	8	1172	41	3	5	1304	5	1304	0.0086	0.00585662	0.003	0.017	260.8	224.643	60	648	
0.4	5.4	39	1173	63	3	1	60	1	60	0.003	0	0.003	0.003	60	0	60	60	
0.4	5.4	28	1176	6	3	2	120	2	120	0.01	0	0.01	0.01	60	0	60	60	
0.4	5.4	26	1178	14	3	38	78814	38	78814	0.00631579	0.00354207	0.003	0.01	2074.05	2070.16	60	9422	
0.4	5.4	2	1179	39	3	6	8992	6	8992	0.00883333	0.00285774	0.003	0.01	1498.67	1204.42	60	3550	
0.4	5.4	19	1182	8	3	99	250474	99	250474	0.00830303	0.00301511	0.003	0.01	2530.04	2004.53	60	9422	
0.4	5.4	41	1183	60	3	63	78285	63	78285	0.00588889	0.00428844	0.003	0.017	1242.62	793.1	43	4395	
0.4	5.4	41	1184	57	3	89	243919	89	243919	0.003	0	0.003	0.003	2740.66	1834.68	60	9422	
0.4	5.4	34	1185	42	3	77	72986	76	71802	0.0065921	0.00464235	0.003	0.017	944.763	601.567	8	2481	
0.4	5.4	29	1187	3	3	83	359243	83	359243	0.00772289	0.00329935	0.003	0.01	4328.23	2815.18	45	9422	
0.4	5.4	4	1190	9	3	126	370058	126	370058	0.00811111	0.00311954	0.003	0.01	2936.97	2169.77	60	9422	
0.4	5.4	7	1191	14	3	16	24378	16	24378	0.00825	0.0031305	0.003	0.01	1523.62	955.604	60	3550	
0.4	5.4	36	1192	20	3	99	284974	99	284974	0.00717172	0.00345242	0.003	0.01	2878.53	1979.44	36	9422	
0.4	5.4	54	1193	3	3	155	512615	156	519122	0.00721795	0.00343661	0.003	0.01	3327.71	2010.27	60	9422	
0.4	5.4	25	1194	16	3	147	331659	146	330475	0.0074589	0.00337767	0.003	0.01	2263.53	1703.81	60	7708	
0.4	5.4	27	1195	13	3	105	233483	105	233483	0.003	0	0.003	0.003	2223.65	2927.4	45	9422	
0.4	5.4	9	1196	13	3	166	579003	166	579003	0.003	0	0.003	0.003	3487.97	2680.42	45	9422	
0.4	5.4	16	1197	13	3	134	470005	134	470005	0.003	0	0.003	0.003	3507.5	2499.25	45	9422	
0.4	5.4	14	1198	4	3	132	583463	132	583463	0.00607576	0.00348743	0.003	0.01	4420.17	2923.12	45	9422	
0.4	5.4	27	1199	5	3	158	536822	158	536822	0.00627848	0.00350409	0.003	0.01	3397.61	2581.71	36	9422	
0.4	5.4	55	1200	7	3	158	394159	158	394159	0.00729747	0.00350888	0.003	0.017	2494.68	2511.07	45	9422	
0.4	5.4	12	1201	22	3	27	44513	27	44513	0.00844444	0.00354459	0.003	0.017	1648.63	1376.26	60	4733	
0.4	5.4	36	1202	5	3	28	52778	28	52778	0.0095	0.00326031	0.003	0.017	1884.93	1352.15	60	5324	
0.4	5.4	19	1203	6	3	125	371831	125	371831	0.005352	0.00331968	0.003	0.01	2974.65	2273.97	45	9422	
0.4	5.4	50	1205	11	3	138	642594	138	642594	0.003	0	0.003	0.003	4656.48	2331.01	45	9422	
0.4	5.4	55	1207	22	3	145	401316	146	403683	0.00443836	0.0028381	0.003	0.01	2764.95	1664.16	60	7690	
0.4	5.4	15	1210	14	3	155	394388	156	398783	0.00775641	0.00372848	0.003	0.017	2556.3	2240.35	28	9422	
0.4	5.4	52	1212	43	3	296	250816	296	250816	0.0055777	0.00384188	0.003	0.017	847.351	840.849	49	5324	
0.4	5.4	20	1213	1	3	86	314890	86	314890	0.003	0	0.003	0.003	3661.51	2635.2	45	9422	
0.4	5.4	27	1215	27	3	168	511417	167	511357	0.00555689	0.00338068	0.003	0.01	3062.02	2358.56	45	9422	
0.4	5.4	5	1216	7	3	78	284103	77	278187	0.00881818	0.00263941	0.003	0.01	3612.82	2056.3	60	9422	
0.4	5.4	38	1217	7	3	88	154606	88	154606	0.00681818	0.00350548	0.003	0.01	1756.89	1399.67	24	6507	
0.4	5.4	3	1218	12	3	97	410710	97	410710	0.00393814	0.00239711	0.003	0.01	4234.12	2471.16	45	9422	
0.4	5.4	8	1219	26	3	254	382651	254	382651	0.00683071	0.00380956	0.003	0.017	1506.5	1582.01	58	9422	
0.4	5.4	15	1220	2	3	77	190765	76	190173	0.00585526	0.00346296	0.003	0.01	2502.28	1857.18	60	9422	
0.4	5.4	18	1221	13	3	3	180	3	180	0.01	0	0.01	0.01	60	0	60	60	
0.4	5.4	47	1222	5	3	22	62241	22	62241	0.00809091	0.0031909	0.003	0.01	2829.14	1363.01	60	5324	
0.4	5.4	39	1223	74	3	410	574687	410	574687	0.00617561	0.00403086	0.003	0.017	1401.68	1231.53	13	9422	
0.4	5.4	33	1224	2	3	130	361188	130	361188	0.00816923	0.00354624	0.003	0.017	2778.37	2096.12	57	8873	
0.4	5.4	52	1225	16	3	372	623928	372	623928	0.00574731	0.00440174	0.003	0.024	1677.23	1985.56	34	9422	
0.4	5.4	8	1226	15	3	16	41538	16	41538	0.0034375	0.00175	0.003	0.01	2596.12	2091.88	60	7099	
0.4	5.4	28	1227	19	3	67	188410	67	188410	0.00582089	0.0034594	0.003	0.01	2812.09	2319.93	60	9422	
0.4	5.4	39	1228	49	3	88	86729	88	86729	0.005625	0.00387243	0.003	0.017	985.557	1121.83	60	6877	
0.4	5.4	7	1230	11	3	45	91365	45	91365	0.00346667	0.00176584	0.003	0.01	2030.33	1486.9	60	7099	
0.4	5.4	41	1233	29	3	1	60	1	60	0.01	0	0.01	0.01	60	0	60	60	
0.4	5.4	41	1235	53	3	120	157718	120	157718	0.0065	0.00362994	0.003	0.017	1314.32	1198.53	60	9422	
0.4	5.4	52	1237	55	3	223	165523	223	165523	0.00510314	0.00366541	0.003	0.017	742.256	642.08	60	3550	
0.4	5.4	32	1238	4	3	55	125632	55	125632	0.00834545	0.00300135	0.003	0.01	2284.22	1493.43	60	6882	
0.4	5.4	12	1239	9	3	1	60	1	60	0.01	0	0.01	0.01	60	0	60	60	
0.4	5.4	51	1241	17	3	69	141045	69	141045	0.00543478	0.00335839	0.003	0.01	2044.13	1925.62	60	9422	
0.4	5.4	2	1242	3	3	7	9584	7	9584	0.007	0.00374166	0.003	0.01	1369.14	1151.64	60	3550	
0.4	5.4	41	1243	54	3	1	60	1	60	0.01	0	0.01	0.01	60	0	60	60	
0.4	5.4	52	1245	11	3	95	59995	95	59995	0.00498947	0.00317401	0.003	0.01	631.526	397.432	39	1775	
0.4	5.4	19	1246	2	3	100	142149	99	141557	0.0060404	0.00348735	0.003	0.01	1429.87	1787.01	60	9422	
0.4	5.4	39	1247	25	3	1	60	1	60	0.003	0	0.003	0.003	60	0	60	60	
0.4	5.4	41	1250	11	3	3	180	3	180	0.00533333	0.00404145	0.003	0.01	60	0	60	60	
0.4	5.4	20	1251	10	3	115	232117	115	232117	0.00768696	0.00355746	0.003	0.017	2018.41	1525.33	57	6507	
0.4	5.4	41	1253	68	3	5	2486	5	2486	0.0058	0.00383406	0.003	0.01	497.2	246.371	60	648	
0.4	5.4	25	1254	13	3	197	357779	197	357779	0.00694416	0.00419693	0.003	0.024	1816.14	1540.26	36	8873	
0.4	5.4	6	1255	8	3	120	328525	120	328525	0.00755	0.00370294	0.003	0.017	2737.71	1881.66	57	7690	
0.4	5.4	55	1256	6	3	1	60	1	60	0.003	0	0.003	0.003	60	0	60	60	
0.4	5.4	23	1257	2	3	6	360	6	360	0.0065	0.00383406	0.003	0.01	60	0	60	60	
0.4	5.4	17	1259	4	3	92	279400	92	279400	0.0076413	0.00363615	0.003	0.017	3036.96	2186.56	60	9422	
0.4	5.4	19	1260	18	3	108	214389	108	214389	0.0069537	0.00374012	0.003	0.017	1985.08	1570.03	60	6507	
0.4	5.4	47	1261	3	3	190	720263	190	720263	0.003	0	0.003	0.003	3790.86	2195.86	60	9422	
0.4	5.4	21	1262	1	3	45	65229	45	65229	0.00782222	0.00360107	0.003	0.017	1449.53	1138.9	60	5324	
0.4	5.4	36	1263	18	3	33	61076	33	61076	0.00830303	0.00304636	0.003	0.01	1850.79	1321.8	60	4395	
0.4	5.4	9	1264	5	3	147	503761	147	503761	0.00428571	0.00271979	0.003	0.01	3426.95	2212.64	45	9422	
0.4	5.4	51	1265	3	3	170	613883	170	613883	0.00324706	0.00129547	0.003	0.01	3611.08	2556.25	4	9422	
0.4	5.4	41	1266	45	3	5	5442	5	5442	0.0086	0.0031305	0.003	0.01	1088.4	742.216	60	1775	
0.4	5.4	11	1267	16	3	196	578310	197	578401	0.00701523	0.00361188	0.003	0.017	2936.05	2299.88	45	9422	
0.4	5.4	52	1268	5	3	171	253596	171	253596	0.00611111	0.00348854	0.003	0.01	1483.02	1570.29	24	9422	
0.4	5.4	34	1269	34	3	228	202170	228	202170	0.00634649	0.00442939	0.003	0.017	886.711	789.57	24	7098	
0.4	5.4	52	1270	46	3	104	68313	104	68313	0.00575961	0.00357308	0.003	0.017	656.856	514.544	39	2385	
0.4	5.4	9	1271	19	3	147	697001	147	697001	0.003	0	0.003	0.003	4741.5	2712.37	45	9422	
0.4	5.4	48	1272	12	3	71	223183	71	223183	0.00733803	0.00342238	0.003	0.01	3143.42	2481.29	60	9422	
0.4	5.4	47	1273	7	3	83	293210	83	293210	0.00510843	0.00323099	0.003	0.01	3532.65	2724.61	45	9422	
0.4	5.4	20	1275	2	3	168	554562	168	554562	0.007	0.00379726	0.003	0.017	3300.96	2584.49	13	9422	
0.4	5.4	34	1276	2	3	208	398270	208	398270	0.00323558	0.0012654	0.003	0.01	1914.76	1441.43	14	9422	
0.4	5.4	2	1277	11	3	1	60	1	60	0.01	0	0.01	0.01	60	0	60	60	
0.4	5.4	12	1278	24	3	65	143464	65	143464	0.00375385	0.00218683	0.003	0.01	2207.14	1557.05	60	9422	
0.4	5.4	46	1280	6	3	28	53979	28	53979	0.00675	0.00403343	0.003	0.017	1927.82	1433.48	60	5664	
0.4	5.4	55	1282	42	3	123	166471	123	166471	0.00709756	0.00438405	0.003	0.017	1353.42	883.515	60	5324	
0.4	5.4	3	1284	4	3	195	714735	195	714735	0.00676923	0.00349861	0.003	0.01	3665.31	2696.58	36	9422	
0.4	5.4	27	1291	24	3	86	173518	86	173518	0.00763953	0.00381302	0.003	0.017	2017.65	1960.7	60	9422	
0.4	5.4	21	1292	27	3	107	181954	107	181954	0.00797196	0.00333211	0.003	0.017	1700.5	1318.42	60	6507	
0.4	5.4	44	1293	7	3	47	120246	46	118471	0.00710869	0.00348475	0.003	0.01	2575.46	2095.52	36	9422	
0.4	5.4	37	1295	20	3	70	102506	70	102506	0.0064	0.00352383	0.003	0.01	1464.37	1379.74	60	9422	
0.4	5.4	11	1297	19	3	61	91261	61	91261	0.0085082	0.00364062	0.003	0.017	1496.08	1351.64	60	5916	
0.4	5.4	52	1299	25	3	224	208232	224	208232	0.004625	0.00296202	0.003	0.01	929.607	789.179	60	4904	
0.4	5.4	49	1304	7	3	2	120	2	120	0.0065	0.00494975	0.003	0.01	60	0	60	60	
0.4	5.4	39	1305	22	3	106	153094	106	153094	0.00630189	0.00400754	0.003	0.017	1444.28	1252.16	60	6882	
0.4	5.4	55	1306	26	3	176	387176	177	391317	0.00671751	0.00402116	0.003	0.017	2210.83	2108.3	60	9422	
0.4	5.4	3	1308	10	3	46	108411	46	108411	0.00786956	0.00325651	0.003	0.01	2356.76	1304.46	60	5324	
0.4	5.4	39	1309	67	3	261	242956	259	241278	0.0052973	0.00340662	0.003	0.017	931.575	660.718	50	4395	
0.4	5.4	41	1310	65	3	47	68209	47	68209	0.00597872	0.00379066	0.003	0.017	1451.26	1417.39	60	8079	
0.4	5.4	37	1311	9	3	3	180	3	180	0.00533333	0.00404145	0.003	0.01	60	0	60	60	
0.4	5.4	19	1312	7	3	180	607553	180	607553	0.00416667	0.00261602	0.003	0.01	3375.29	2505.14	45	9422	
0.4	5.4	31	1313	2	3	64	143913	64	143913	0.00879687	0.00266178	0.003	0.01	2248.64	2300.71	45	9422	
0.4	5.4	35	1314	14	3	1	60	1	60	0.01	0	0.01	0.01	60	0	60	60	
0.4	5.4	38	1315	24	3	142	226271	142	226271	0.00659859	0.0038868	0.003	0.017	1593.46	1913.46	49	9422	
0.4	5.4	52	1316	18	3	148	140528	147	136616	0.00504762	0.0033989	0.003	0.017	929.361	890.512	60	5861	
0.4	5.4	57	1318	4	3	9	6152	9	6152	0.00688889	0.00368932	0.003	0.01	683.556	439.925	60	1184	
0.4	5.4	52	1319	63	3	4	240	4	240	0.01	0	0.01	0.01	60	0	60	60	
0.4	5.4	34	1320	27	3	110	223976	110	223976	0.003	0	0.003	0.003	2036.15	1499.54	60	7690	
0.4	5.4	43	1321	16	3	91	408328	91	408328	0.00592308	0.00347125	0.003	0.01	4487.12	2388.13	60	9422	
0.4	5.4	34	1322	23	3	175	158341	174	156566	0.00662069	0.00437079	0.003	0.017	899.805	683.51	13	4395	
0.4	5.4	17	1323	20	3	101	301902	102	303738	0.00670588	0.00351119	0.003	0.01	2977.82	2117.92	45	9422	
0.4	5.4	38	1326	22	3	14	33845	14	33845	0.0065	0.00363212	0.003	0.01	2417.5	1793.56	60	5324	
0.4	5.4	25	1328	15	3	92	278812	92	278812	0.003	0	0.003	0.003	3030.57	2460.1	60	9422	
0.4	5.4	37	1330	44	3	225	349570	225	349570	0.00604889	0.00347855	0.003	0.01	1553.64	1405.58	20	9422	
0.4	5.4	11	1332	7	3	1	60	1	60	0.003	0	0.003	0.003	60	0	60	60	
0.4	5.4	57	1333	6	3	92	119816	92	119816	0.00771739	0.00453636	0.003	0.017	1302.35	1113.81	60	5324	
0.4	5.4	4	1334	4	3	8	8996	8	8996	0.003875	0.00247487	0.003	0.01	1124.5	724.051	60	1980	
0.4	5.4	15	1335	4	3	148	444017	148	444017	0.00673649	0.00350386	0.003	0.01	3000.11	2219.75	60	9422	
0.4	5.4	34	1336	15	3	3	180	3	180	0.00533333	0.00404145	0.003	0.01	60	0	60	60	
0.4	5.4	9	1339	10	3	30	62851	30	62851	0.00603333	0.00352805	0.003	0.01	2095.03	1551.08	60	6085	
0.4	5.4	55	1341	23	3	90	105023	90	105023	0.00696667	0.00407086	0.003	0.017	1166.92	767.832	43	3550	
0.4	5.4	52	1342	52	3	120	78972	120	78972	0.0058	0.004295	0.003	0.024	658.1	555.428	60	4141	
0.4	5.4	9	1343	4	3	103	428586	103	428586	0.003	0	0.003	0.003	4161.03	3035.77	45	9422	
0.4	5.4	40	1344	8	3	77	270494	76	265761	0.003	0	0.003	0.003	3496.86	2046.82	60	8873	
0.4	5.4	35	1346	4	3	89	254538	89	254538	0.00834831	0.002989	0.003	0.01	2859.98	2151.02	36	9422	
0.4	5.4	53	1347	23	3	8	6039	8	6039	0.00475	0.00324037	0.003	0.01	754.875	371.077	60	1191	
0.4	5.4	23	1348	17	3	126	484679	126	484679	0.00727778	0.00364777	0.003	0.017	3846.66	2582.4	45	9422	
0.4	5.4	2	1349	9	3	1	60	0	0	0	0	0	0	0	0	0	0	
0.4	5.4	37	1351	1	3	1	60	1	60	0.01	0	0.01	0.01	60	0	60	60	
0.4	5.4	48	1352	4	3	5	5442	5	5442	0.0072	0.00383406	0.003	0.01	1088.4	742.216	60	1775	
0.4	5.4	43	1355	19	3	75	160600	75	160600	0.00794667	0.00340863	0.003	0.017	2141.33	2278.72	60	9422	
0.4	5.4	26	1356	12	3	28	64619	28	64619	0.0065	0.00356423	0.003	0.01	2307.82	1922.32	60	8223	
0.4	5.4	41	1360	22	3	1	60	1	60	0.01	0	0.01	0.01	60	0	60	60	
0.4	5.4	39	1361	73	3	2	120	2	120	0.0065	0.00494975	0.003	0.01	60	0	60	60	
0.4	5.4	43	1362	13	3	66	218444	66	218444	0.00893939	0.00306784	0.003	0.017	3309.76	2665.58	45	9422	
0.4	5.4	6	1363	17	3	103	299518	103	299518	0.0075534	0.00335404	0.003	0.01	2907.94	2009.05	60	9422	
0.4	5.4	53	1364	15	3	88	202098	88	202098	0.003	0	0.003	0.003	2296.57	1965.16	32	9422	
0.4	5.4	52	1365	32	3	1	60	1	60	0.01	0	0.01	0.01	60	0	60	60	
0.4	5.4	17	1366	13	3	45	95455	44	95395	0.00490909	0.00315357	0.003	0.01	2168.07	1910.83	60	9422	
0.4	5.4	7	1367	10	3	32	82365	32	82365	0.003	0	0.003	0.003	2573.91	2551.28	60	9422	
0.4	5.4	41	1368	47	3	124	175462	124	175462	0.00723387	0.00407273	0.003	0.017	1415.02	1576.74	60	9422	
0.4	5.4	52	1369	35	3	10	4268	10	4268	0.0037	0.00221359	0.003	0.01	426.8	341.703	55	1184	
0.4	5.4	45	1370	8	3	34	62252	34	62252	0.00382353	0.00228924	0.003	0.01	1830.94	1159.11	60	4141	
0.4	5.4	26	1371	19	3	15	47450	15	47450	0.00533333	0.00341565	0.003	0.01	3163.33	3173.91	60	9422	
0.4	5.4	39	1372	14	3	1	60	1	60	0.003	0	0.003	0.003	60	0	60	60	
0.4	5.4	34	1374	36	3	272	404133	272	404133	0.00503309	0.00318362	0.003	0.01	1485.78	1040.63	7	7099	
0.4	5.4	14	1375	16	3	57	174185	57	174185	0.00889474	0.00257519	0.003	0.01	3055.88	2074.56	60	9422	
0.4	5.4	26	1376	8	3	94	212193	94	212193	0.00702128	0.00347952	0.003	0.01	2257.37	1502.84	60	6882	
0.4	5.4	19	1378	14	3	164	292610	164	292610	0.00778049	0.00393513	0.003	0.017	1784.21	1666.15	24	9422	
0.4	5.4	23	1380	10	3	93	331450	93	331450	0.00473118	0.00303652	0.003	0.01	3563.98	2411.6	45	9422	
0.4	5.4	27	1381	29	3	111	261333	111	261333	0.00772973	0.0037946	0.003	0.017	2354.35	1783.41	21	9422	
0.4	5.4	6	1382	9	3	50	173493	50	173493	0.00398	0.00245357	0.003	0.01	3469.86	2367.64	45	9422	
0.4	5.4	24	1383	17	3	125	493065	125	493065	0.005128	0.00323284	0.003	0.01	3944.52	2668.91	45	9422	
0.4	5.4	41	1385	58	3	66	105481	66	105481	0.00671212	0.00352034	0.003	0.01	1598.2	1417.83	60	5951	
0.4	5.4	33	1386	6	3	80	198351	80	198351	0.0081625	0.00309938	0.003	0.01	2479.39	1783.49	60	9422	
0.4	5.4	56	1387	7	3	5	4851	5	4851	0.0072	0.00383406	0.003	0.01	970.2	646.413	60	1775	
0.4	5.4	37	1388	32	3	2	708	2	708	0.003	0	0.003	0.003	354	415.779	60	648	
0.4	5.4	1	1391	4	3	38	108402	38	108402	0.0083421	0.00342705	0.003	0.017	2852.68	2241.73	60	9422	
0.4	5.4	8	1392	38	3	215	234747	215	234747	0.00749302	0.00426447	0.003	0.024	1091.85	827.732	42	5971	
0.4	5.4	55	1396	19	3	85	74176	85	74176	0.00588235	0.00422411	0.003	0.017	872.659	1082.85	46	9422	
0.4	5.4	34	1397	35	3	20	23790	20	23790	0.00615	0.00357292	0.003	0.01	1189.5	682.25	60	2367	
0.4	5.4	35	1398	11	3	52	221971	52	221971	0.00838461	0.00297805	0.003	0.01	4268.67	2827.87	60	9422	
0.4	5.4	37	1399	12	3	2	120	2	120	0.0065	0.00494975	0.003	0.01	60	0	60	60	
0.4	5.4	17	1400	1	3	66	189479	66	189479	0.00448485	0.0028836	0.003	0.01	2870.89	1764.43	60	7099	
0.4	5.4	33	1401	16	3	1	60	1	60	0.01	0	0.01	0.01	60	0	60	60	
0.4	5.4	49	1403	14	3	77	185935	77	185935	0.00754545	0.0035487	0.003	0.017	2414.74	2144.84	37	9422	
0.4	5.4	11	1404	3	3	76	134478	76	134478	0.00696053	0.00417434	0.003	0.017	1769.45	1517.53	60	9422	
0.4	5.4	28	1405	7	3	91	333205	91	333205	0.00430769	0.00274345	0.003	0.01	3661.59	2135.42	60	9422	
0.4	5.4	7	1407	21	3	113	372405	113	372405	0.00479646	0.00307106	0.003	0.01	3295.62	2695.53	45	9422	
0.4	5.4	5	1409	10	3	108	489327	108	489327	0.0065	0.00351632	0.003	0.01	4530.81	2663.7	45	9422	
0.4	5.4	33	1410	9	3	75	247441	75	247441	0.00477333	0.00306494	0.003	0.01	3299.21	2165.26	60	9422	
0.4	5.4	56	1411	18	3	156	460789	156	460789	0.00690385	0.00348782	0.003	0.01	2953.78	1912.1	60	9422	
0.4	5.4	35	1412	1	3	17	58093	17	58093	0.0087647	0.00275067	0.003	0.01	3417.24	2461.2	60	8873	
0.4	5.4	7	1414	5	3	53	192406	53	192406	0.003	0	0.003	0.003	3630.3	3052.68	45	9422	
0.4	5.4	52	1416	68	3	51	30367	51	30367	0.00423529	0.00269509	0.003	0.01	595.431	457.359	6	2367	
0.4	5.4	18	1417	12	3	201	854520	201	849788	0.003	0	0.003	0.003	4227.8	2671.15	45	9422	
0.4	5.4	45	1418	17	3	13	20827	13	20827	0.003	0	0.003	0.003	1602.08	1078.95	60	3550	
0.4	5.4	13	1419	37	3	135	379433	135	379433	0.003	0	0.003	0.003	2810.61	1972.99	45	9422	
0.4	5.4	36	1420	12	3	81	145747	81	145747	0.00714815	0.00379839	0.003	0.017	1799.35	1643.52	33	9422	
0.4	5.4	21	1424	25	3	60	166508	60	166508	0.003	0	0.003	0.003	2775.13	2012.43	46	9422	
0.4	5.4	21	1425	3	3	345	802319	345	802319	0.00750435	0.00335767	0.003	0.01	2325.56	1819.13	60	9422	
